1.000000000 0.000000000 -0.000000000 -0.000000000 -0.000000000 1.000000000 -0.000000000 -0.000000000 0.000000000 0.000000000 1.000000000 0.000000000
0.999995251 -0.000750769 0.002989011 0.009724114 0.000750962 0.999999716 -0.000063424 -0.019777400 -0.002988962 0.000065668 0.999995531 0.390616039
0.999989424 -0.000761403 0.004535694 0.011199064 0.000763627 0.999999589 -0.000488706 -0.033423210 -0.004535320 0.000492164 0.999989594 0.600398422
0.999979472 -0.000734273 0.006365211 0.010019869 0.000740619 0.999999231 -0.000994522 -0.046048270 -0.006364475 0.000999216 0.999979247 0.811802121
0.999964630 -0.000686175 0.008382625 0.006936637 0.000696629 0.999998983 -0.001244327 -0.058147619 -0.008381763 0.001250122 0.999964091 1.034565150
0.999934448 -0.000649845 0.011431440 0.010372921 0.000669945 0.999998237 -0.001754535 -0.069085955 -0.011430280 0.001762078 0.999933120 1.487693601
0.999923277 -0.000732828 0.012365441 0.013041715 0.000761677 0.999996999 -0.002328608 -0.079846716 -0.012363698 0.002337848 0.999920833 1.720409504
0.999917800 -0.000730358 0.012800781 0.020507577 0.000765636 0.999995922 -0.002751290 -0.089453301 -0.012798720 0.002760865 0.999914281 1.957983442
0.999914871 -0.000799428 0.013023533 0.031932848 0.000841519 0.999994440 -0.003226824 -0.097477274 -0.013020881 0.003237509 0.999909984 2.202727598
0.999914690 -0.001969071 0.012912676 0.050636981 0.002008575 0.999993340 -0.003047090 -0.104618237 -0.012906589 0.003072767 0.999911985 2.711690230
0.999913175 -0.002788344 0.012878957 0.056814931 0.002823058 0.999992430 -0.002677931 -0.111712616 -0.012871392 0.002714057 0.999913476 2.975167029
0.999908801 -0.003187959 0.013123521 0.057301032 0.003219987 0.999991887 -0.002420099 -0.123181698 -0.013115699 0.002462136 0.999910954 3.245080775
0.999905081 -0.003465320 0.013334952 0.058674926 0.003496156 0.999991267 -0.002289884 -0.130860955 -0.013326900 0.002336287 0.999908464 3.517150398
0.999903648 -0.003721609 0.013373251 0.057015697 0.003760967 0.999988667 -0.002919094 -0.151472455 -0.013362237 0.002969109 0.999906313 4.075599338
0.999910399 -0.003527977 0.012913073 0.059805741 0.003573017 0.999987608 -0.003466556 -0.163342115 -0.012900683 0.003512384 0.999910614 4.356771631
0.999919728 -0.003135979 0.012276120 0.055985713 0.003184777 0.999987098 -0.003957491 -0.175053698 -0.012263551 0.003996270 0.999916814 4.644781867
0.999929854 -0.002345196 0.011609837 0.050373628 0.002400756 0.999985723 -0.004773951 -0.189147474 -0.011598475 0.004801489 0.999921207 4.941446201
0.999944880 -0.002067085 0.010293882 0.047932455 0.002130492 0.999978803 -0.006152602 -0.211400336 -0.010280946 0.006174194 0.999928088 5.544041254
0.999953663 -0.001732458 0.009469370 0.047736581 0.001796810 0.999975324 -0.006791446 -0.224338775 -0.009457371 0.006808146 0.999932101 5.852167353
0.999963428 -0.001721386 0.008377297 0.048749168 0.001780439 0.999973585 -0.007046953 -0.236219633 -0.008364945 0.007061611 0.999940079 6.166609562
0.999974028 -0.001693711 0.007005342 0.049161897 0.001745489 0.999971158 -0.007391693 -0.246236893 -0.006992621 0.007403729 0.999948142 6.485219901
0.999987173 -0.002481932 0.004415206 0.048383913 0.002514173 0.999970109 -0.007311666 -0.273394473 -0.004396927 0.007322673 0.999963522 7.132740679
0.999988426 -0.002990562 0.003768935 0.045725887 0.003017342 0.999970100 -0.007119958 -0.289327819 -0.003747530 0.007131248 0.999967550 7.466626576
0.999989697 -0.003273344 0.003144847 0.039597818 0.003293978 0.999972937 -0.006578431 -0.307560908 -0.003123228 0.006588723 0.999973417 7.800047695
0.999991857 -0.003206735 0.002450230 0.035412043 0.003221531 0.999976455 -0.006059015 -0.319339578 -0.002430743 0.006066860 0.999978642 8.143852932
0.999996935 -0.002445454 0.000388240 0.017304249 0.002447337 0.999984862 -0.004928018 -0.344877560 -0.000376182 0.004928954 0.999987782 8.844727215
0.999997466 -0.002112104 -0.000779622 0.009003775 0.002108526 0.999987377 -0.004560714 -0.359667325 0.000789245 0.004559059 0.999989296 9.193318999
0.999996261 -0.001817815 -0.002043210 0.003650944 0.001808874 0.999988818 -0.004369559 -0.373477846 0.002051130 0.004365846 0.999988366 9.543626754
0.999991269 -0.002032638 -0.003650908 -0.004063388 0.002017101 0.999988916 -0.004254254 -0.390579703 0.003659514 0.004246853 0.999984286 9.901282896
0.999973105 -0.001943655 -0.007071925 -0.014010317 0.001910383 0.999987090 -0.004708568 -0.406094931 0.007080986 0.004694931 0.999963908 10.632728648
0.999960858 -0.002088621 -0.008597738 -0.018017040 0.002036231 0.999979335 -0.006097824 -0.417952962 0.008610296 0.006080078 0.999944446 10.999073294
0.999947492 -0.002561479 -0.009922252 -0.022633925 0.002483240 0.999965794 -0.007889429 -0.423676663 0.009942121 0.007864375 0.999919649 11.367710799
0.999930424 -0.003200545 -0.011353505 -0.027684152 0.003095255 0.999952156 -0.009279246 -0.438212887 0.011382661 0.009243457 0.999892491 11.741598231
0.999888384 -0.003486217 -0.014528075 -0.046602780 0.003336487 0.999941204 -0.010317745 -0.470290942 0.014563190 0.010268121 0.999841227 12.508920681
0.999860843 -0.003767371 -0.016251191 -0.055344796 0.003592749 0.999935643 -0.010761078 -0.487143046 0.016290687 0.010701194 0.999810031 12.896771485
0.999832599 -0.004365525 -0.017768430 -0.066465160 0.004175593 0.999933903 -0.010712356 -0.502956389 0.017814021 0.010636370 0.999784741 13.290280779
0.999800362 -0.004977326 -0.019351014 -0.079559681 0.004775322 0.999933773 -0.010471184 -0.521852060 0.019401850 0.010376686 0.999757918 13.687281837
0.999735290 -0.003947123 -0.022666523 -0.108720702 0.003711565 0.999938770 -0.010425036 -0.557680314 0.022706284 0.010338148 0.999688726 14.497544759
0.999694171 -0.004374862 -0.024339759 -0.126410862 0.004113330 0.999933382 -0.010784740 -0.576412520 0.024385321 0.010681324 0.999645570 14.905644890
0.999658160 -0.004518101 -0.025751682 -0.138607965 0.004229192 0.999927632 -0.011262512 -0.589832748 0.025800704 0.011149754 0.999604926 15.310819522
0.999623671 -0.004837506 -0.027002107 -0.154648718 0.004522013 0.999920942 -0.011732874 -0.605901772 0.027056730 0.011606355 0.999566519 15.723700902
0.999582197 -0.005127836 -0.028445328 -0.193194676 0.004792995 0.999918570 -0.011827123 -0.646209946 0.028503659 0.011685844 0.999525379 16.559088804
0.999571019 -0.006689279 -0.028513696 -0.206630993 0.006374683 0.999917964 -0.011109814 -0.664044234 0.028585673 0.010923282 0.999531661 16.983873066
0.999567665 -0.008042620 -0.028280747 -0.222665328 0.007750630 0.999915680 -0.010419236 -0.685069189 0.028362161 0.010195538 0.999545716 17.412170004
0.999562954 -0.007910804 -0.028483678 -0.251968182 0.007629206 0.999921080 -0.009981415 -0.726008816 0.028560392 0.009759745 0.999544422 18.262061495
0.999554629 -0.007908282 -0.028775025 -0.269350841 0.007623626 0.999921049 -0.009988780 -0.745491943 0.028851748 0.009764961 0.999536003 18.700441729
0.999545659 -0.007379879 -0.029223477 -0.284414973 0.007094861 0.999926369 -0.009844772 -0.764992898 0.029293978 0.009632963 0.999524421 19.132681590
0.999519595 -0.007267226 -0.030129184 -0.299998853 0.006965725 0.999924733 -0.010099858 -0.782959936 0.030200315 0.009885135 0.999494985 19.569821060
0.999460947 -0.008732631 -0.031647362 -0.330224563 0.008416863 0.999913598 -0.010097227 -0.822782583 0.031732803 0.009825412 0.999448093 20.449247690
0.999439865 -0.009367650 -0.032127933 -0.347025498 0.009075850 0.999916341 -0.009216297 -0.849608106 0.032211581 0.008919547 0.999441272 20.899372429
0.999425700 -0.009781318 -0.032443719 -0.366359490 0.009524402 0.999922127 -0.008063913 -0.869476402 0.032520068 0.007750275 0.999441033 21.349128647
0.999411161 -0.010275258 -0.032737598 -0.380934233 0.010028321 0.999920082 -0.007698205 -0.887132141 0.032814083 0.007365369 0.999434334 21.794574577
0.999358615 -0.010373411 -0.034274640 -0.419910736 0.010233379 0.999938570 -0.004258475 -0.924046390 0.034316709 0.003904998 0.999403379 22.698767350
0.999300823 -0.012406309 -0.035269643 -0.440447462 0.012331424 0.999921227 -0.002339956 -0.936944407 0.035295896 0.001903395 0.999375094 23.156045536
0.999247714 -0.013924699 -0.036195420 -0.458384595 0.013851112 0.999901462 -0.002283025 -0.947566351 0.036223644 0.001779961 0.999342123 23.614512492
0.999221879 -0.013954325 -0.036890556 -0.475087620 0.013831535 0.999897925 -0.003581631 -0.963696305 0.036936770 0.003068591 0.999312893 24.070859223
0.999125132 -0.015602263 -0.038801284 -0.519765880 0.015387876 0.999864674 -0.005817821 -1.002954308 0.038886805 0.005215662 0.999230010 24.993977451
0.999071891 -0.016266708 -0.039884226 -0.540573703 0.016012844 0.999849496 -0.006676305 -1.024984489 0.039986825 0.006031449 0.999182003 25.469605862
0.998996838 -0.017884039 -0.041054570 -0.558868836 0.017606061 0.999819631 -0.007122574 -1.041448558 0.041174545 0.006392620 0.999131519 25.933367085
0.998922046 -0.019339221 -0.042198819 -0.580729958 0.019069446 0.999795130 -0.006786220 -1.064479919 0.042321414 0.005974197 0.999086186 26.405712698
0.998782016 -0.021677557 -0.044323447 -0.632385161 0.021511021 0.999759659 -0.004230853 -1.110128639 0.044404509 0.003272258 0.999008274 27.345541155
0.998753473 -0.021108130 -0.045232143 -0.659510369 0.020953577 0.999772888 -0.003888330 -1.129520356 0.045303946 0.002935707 0.998968935 27.820972153
0.998724775 -0.020514102 -0.046130193 -0.688491163 0.020358099 0.999785343 -0.003849125 -1.150476297 0.046199253 0.002905093 0.998928020 28.291648743
0.998700121 -0.019710043 -0.047006188 -0.715636760 0.019534119 0.999800373 -0.004199044 -1.166098007 0.047079568 0.003275362 0.998885773 28.766919306
0.998616762 -0.019237372 -0.048933471 -0.771683164 0.019011460 0.999806370 -0.005077990 -1.206444361 0.049021684 0.004140670 0.998789132 29.709306940
0.998580764 -0.018945510 -0.049774755 -0.799850748 0.018706787 0.999811189 -0.005257607 -1.229401679 0.049864965 0.004319020 0.998746630 30.195674498
0.998558996 -0.018394908 -0.050413872 -0.830291644 0.018166547 0.999822552 -0.004984245 -1.255249700 0.050496612 0.004061216 0.998715975 30.676868997
0.998531430 -0.018159990 -0.051041131 -0.859929984 0.017941991 0.999827860 -0.004726034 -1.273716750 0.051118170 0.003803314 0.998685370 31.154288018
0.998453258 -0.017587672 -0.052742451 -0.917449577 0.017493673 0.999844457 -0.002243385 -1.309237806 0.052773704 0.001317256 0.998605628 32.101458618
0.998386859 -0.017455867 -0.054027504 -0.945689572 0.017414132 0.999847590 -0.001243176 -1.329084357 0.054040970 0.000300329 0.998538674 32.587822450
0.998326938 -0.017906889 -0.054978779 -0.976085357 0.017900768 0.999839586 -0.000603832 -1.348664363 0.054980773 -0.000381341 0.998487341 33.086511588
0.998293607 -0.017205194 -0.055801929 -1.009790366 0.017230695 0.999851541 -0.000024132 -1.368019006 0.055794061 -0.000937415 0.998441858 33.573130194
0.998215530 -0.016608759 -0.057357679 -1.072604665 0.016666848 0.999860956 0.000534467 -1.394238587 0.057340827 -0.001489486 0.998353550 34.540168739
0.998198006 -0.016101999 -0.057805422 -1.106971652 0.016156444 0.999869364 0.000474613 -1.416673553 0.057790229 -0.001407688 0.998327756 35.030251994
0.998181579 -0.015218383 -0.058326102 -1.141831913 0.015290616 0.999882778 0.000792297 -1.433799530 0.058307208 -0.001682699 0.998297270 35.518380854
0.998148667 -0.014917754 -0.058963541 -1.176259168 0.015010643 0.999886692 0.001132729 -1.455086306 0.058939962 -0.002015712 0.998259494 36.014421878
0.998055358 -0.017712138 -0.059764384 -1.241036094 0.017784961 0.999841599 0.000686741 -1.488833407 0.059742754 -0.001748312 0.998212276 36.993859223
0.998019138 -0.018659617 -0.060080096 -1.274035493 0.018703499 0.999825060 0.000168055 -1.508079359 0.060066451 -0.001291430 0.998193546 37.487395183
0.998029383 -0.017341436 -0.060304424 -1.309659010 0.017332743 0.999849554 -0.000667298 -1.522984208 0.060306924 -0.000379258 0.998179809 37.979872648
0.998040780 -0.016011446 -0.060483333 -1.347755837 0.015950472 0.999871672 -0.001490837 -1.543974351 0.060499443 0.000523178 0.998168094 38.475335330
0.998004921 -0.015006153 -0.061326932 -1.419177859 0.014804178 0.999883394 -0.003746491 -1.585917219 0.061376003 0.002831120 0.998110702 39.458796404
0.997957967 -0.015390219 -0.061992232 -1.453231258 0.015187665 0.999877676 -0.003737324 -1.609886142 0.062042168 0.002788175 0.998069635 39.964435122
0.997915410 -0.015868341 -0.062554215 -1.489435917 0.015708203 0.999871964 -0.003050971 -1.629487450 0.062594620 0.002061996 0.998036904 40.468185619
0.997887297 -0.015950291 -0.062980402 -1.525936518 0.015850624 0.999872204 -0.002081867 -1.650283562 0.063005560 0.001079190 0.998012593 40.964468747
0.997858400 -0.015507753 -0.063546221 -1.599129537 0.015497385 0.999879693 -0.000656080 -1.692738387 0.063548751 -0.000330125 0.997978682 41.955594589
0.997850359 -0.015002588 -0.063793288 -1.634882115 0.014972721 0.999887455 -0.000946260 -1.710003093 0.063800306 -0.000010933 0.997962685 42.469022002
0.997827713 -0.015439423 -0.064042792 -1.671100301 0.015370488 0.999880636 -0.001568980 -1.727187896 0.064059373 0.000581203 0.997945920 42.960183325
0.997787544 -0.016042145 -0.064518718 -1.703699462 0.015936321 0.999870687 -0.002154537 -1.750124225 0.064544939 0.001121580 0.997914172 43.454404559
0.997687803 -0.019138837 -0.065213134 -1.773794452 0.019111025 0.999816815 -0.001050326 -1.795215420 0.065221292 -0.000198392 0.997870806 44.452474699
0.997639369 -0.020515811 -0.065534653 -1.810336922 0.020533356 0.999789086 -0.000405893 -1.818035868 0.065529158 -0.000940712 0.997850212 44.959180696
0.997613976 -0.020293869 -0.065988742 -1.846814586 0.020408798 0.999791149 0.001067923 -1.838613045 0.065953289 -0.002412127 0.997819796 45.453405921
0.997600435 -0.019192904 -0.066520705 -1.884584770 0.019392755 0.999809158 0.002359866 -1.853394451 0.066462719 -0.003644223 0.997782255 45.952385360
0.997553318 -0.018421794 -0.067438978 -1.959139970 0.018686025 0.999819991 0.003289331 -1.888923140 0.067366244 -0.004541450 0.997717979 46.928040231
0.997530643 -0.018193215 -0.067835258 -1.996666757 0.018405702 0.999827454 0.002508669 -1.907349394 0.067777913 -0.003751029 0.997693382 47.422305921
0.997513706 -0.018063313 -0.068118441 -2.031924380 0.018191309 0.999833732 0.001259125 -1.928196097 0.068084372 -0.002495158 0.997676447 47.903049650
0.997504049 -0.018305620 -0.068195121 -2.069240182 0.018324240 0.999832035 -0.000352544 -1.952208570 0.068190120 -0.000897960 0.997671941 48.390594725
0.997481764 -0.018436366 -0.068485254 -2.143348306 0.018361988 0.999829933 -0.001715442 -1.996685419 0.068505234 0.000453597 0.997650654 49.347423689
0.997432212 -0.019989372 -0.068770687 -2.179116305 0.019943631 0.999800193 -0.001351720 -2.016940744 0.068783968 -0.000023288 0.997631579 49.838030845
0.997400828 -0.019840179 -0.069267275 -2.214137183 0.019830407 0.999803015 -0.000828772 -2.040431936 0.069270075 -0.000546980 0.997597793 50.327141986
0.997394694 -0.019006976 -0.069588497 -2.255650938 0.019061808 0.999818300 0.000123929 -2.065128401 0.069573498 -0.001450089 0.997575775 50.823415397
0.997377644 -0.018486301 -0.069972073 -2.329967696 0.018706148 0.999821930 0.002487909 -2.093189368 0.069913621 -0.003790292 0.997545848 51.788315285
0.997355178 -0.018504162 -0.070286863 -2.365470910 0.018744040 0.999820520 0.002754754 -2.111558294 0.070223274 -0.004064928 0.997523017 52.274603149
0.997363464 -0.017965709 -0.070308980 -2.404660177 0.018193637 0.999831095 0.002602704 -2.128337922 0.070250345 -0.003875019 0.997521866 52.757715048
0.997382320 -0.017251603 -0.070220293 -2.444179711 0.017446031 0.999845480 0.002156425 -2.144008490 0.070172242 -0.003375846 0.997529178 53.234540360
0.997386713 -0.018433646 -0.069856604 -2.517114017 0.018452757 0.999829665 -0.000371789 -2.182021238 0.069851560 -0.000918229 0.997556974 54.195772114
0.997382341 -0.018779730 -0.069826827 -2.554001730 0.018713056 0.999823601 -0.001608924 -2.203245964 0.069844726 0.000298039 0.997557831 54.680343342
0.997388271 -0.018485280 -0.069820703 -2.588516197 0.018339052 0.999828085 -0.002734818 -2.223936974 0.069859255 0.001447229 0.997555809 55.164574714
0.997390526 -0.018712857 -0.069727812 -2.626416281 0.018499272 0.999821999 -0.003707674 -2.243349783 0.069784781 0.002408085 0.997559164 55.650919515
0.997389714 -0.018988731 -0.069664817 -2.701461039 0.018724916 0.999814824 -0.004438059 -2.285820048 0.069736190 0.003122006 0.997560583 56.622056786
0.997374039 -0.019376794 -0.069782273 -2.738863768 0.019084875 0.999806115 -0.004847632 -2.308937790 0.069862676 0.003503116 0.997550468 57.108950881
0.997365647 -0.018624305 -0.070106357 -2.776159326 0.018347727 0.999821144 -0.004587032 -2.332049214 0.070179249 0.003288656 0.997528977 57.589337446
0.997362803 -0.018073976 -0.070290618 -2.814515372 0.017816060 0.999832059 -0.004294538 -2.353629606 0.070356434 0.003030910 0.997517311 58.075606226
0.997333678 -0.019645908 -0.070282087 -2.886383087 0.019379600 0.999802210 -0.004469062 -2.392302235 0.070355985 0.003095107 0.997517146 59.043378907
0.997286714 -0.021813789 -0.070309088 -2.920986114 0.021532807 0.999756849 -0.004751925 -2.413153443 0.070395650 0.003225080 0.997513936 59.531492969
0.997242679 -0.023969594 -0.070231746 -2.954349717 0.023647483 0.999705697 -0.005414359 -2.433681125 0.070340856 0.003738626 0.997516008 60.017181828
0.997218628 -0.025125268 -0.070169290 -2.993640341 0.024807291 0.999677670 -0.005399465 -2.460267408 0.070282336 0.003643737 0.997520485 60.507605262
0.997291251 -0.022688646 -0.069967021 -3.070317766 0.022579476 0.999742287 -0.002350907 -2.510620797 0.070002329 0.000764720 0.997546535 61.484093731
0.997320319 -0.021012198 -0.070076166 -3.107010142 0.021152846 0.999775453 0.001265533 -2.532994680 0.070033841 -0.002744452 0.997540841 61.985066741
0.997294445 -0.020644143 -0.070552171 -3.144495877 0.021024477 0.999768136 0.004652398 -2.548386211 0.070439769 -0.006123133 0.997497242 62.471079401
0.997263804 -0.020714157 -0.070963568 -3.181695134 0.021258354 0.999750053 0.006921965 -2.559883650 0.070802449 -0.008411594 0.997454891 62.961974287
0.997273289 -0.020582499 -0.070868512 -3.255533862 0.021217520 0.999741095 0.008219381 -2.582564279 0.070680989 -0.009700623 0.997451801 63.930617595
0.997278355 -0.021716563 -0.070457584 -3.291354388 0.022250293 0.999729311 0.006799132 -2.591178195 0.070290860 -0.008348329 0.997491604 64.421011336
0.997319587 -0.020982949 -0.070095338 -3.331748882 0.021377804 0.999759522 0.004887619 -2.613203873 0.069975925 -0.006373002 0.997528323 64.913329989
0.997399385 -0.018658749 -0.069615504 -3.372362493 0.018923732 0.999815971 0.003148757 -2.637793340 0.069543941 -0.004457954 0.997568929 65.397557851
0.997502335 -0.013883646 -0.069255572 -3.452445423 0.013938410 0.999902808 0.000307548 -2.667571810 0.069244572 -0.001272093 0.997598903 66.369674068
0.997491197 -0.012133690 -0.069742991 -3.491663820 0.012117082 0.999926367 -0.000661196 -2.690721040 0.069745879 -0.000185545 0.997564774 66.861884146
0.997491522 -0.010353581 -0.070024761 -3.533862327 0.010359067 0.999946303 -0.000284816 -2.716770716 0.070023951 -0.000441290 0.997545213 67.348183918
0.997523609 -0.006655212 -0.070016833 -3.574678862 0.006770549 0.999976085 0.001410087 -2.730913450 0.070005775 -0.001880648 0.997544814 67.833611611
0.997566468 -0.003782836 -0.069619191 -3.652015799 0.004150044 0.999978227 0.005130653 -2.763391880 0.069598267 -0.005407090 0.997560447 68.796725274
0.997614066 -0.004319046 -0.068902250 -3.689180050 0.004693615 0.999975071 0.005275275 -2.777044418 0.068877748 -0.005586089 0.997609468 69.296298951
0.997651828 -0.004923002 -0.068312471 -3.724121450 0.005200480 0.999978932 0.003884641 -2.795834207 0.068291908 -0.004230777 0.997656412 69.785933178
0.997656765 -0.005341770 -0.068208822 -3.761242599 0.005407177 0.999985081 0.000774333 -2.813842121 0.068203669 -0.001141336 0.997670766 70.277862657
0.997685408 -0.004457719 -0.067852443 -3.837576472 0.004159503 0.999981063 -0.004535717 -2.863608514 0.067871378 0.004242986 0.997685058 71.247212184
0.997665083 -0.003100633 -0.068225857 -3.876309157 0.002784227 0.999984927 -0.004732243 -2.895066502 0.068239503 0.004531237 0.997658679 71.736520755
0.997613348 -0.001631339 -0.069028596 -3.915248545 0.001457900 0.999995653 -0.002562865 -2.918387939 0.069032478 0.002456112 0.997611390 72.227876728
0.997579801 -0.001563276 -0.069513280 -3.953704771 0.001607974 0.999998535 0.000587065 -2.937522965 0.069512262 -0.000697421 0.997580854 72.713214692
0.997566226 -0.001319182 -0.069712859 -4.027474699 0.001812433 0.999973768 0.007012680 -2.965314942 0.069701780 -0.007121964 0.997542450 73.699770888
0.997544189 -0.000577764 -0.070037525 -4.066225576 0.001144641 0.999966910 0.008054055 -2.977530921 0.070030555 -0.008114443 0.997511843 74.179456934
0.997523761 -0.000188218 -0.070330007 -4.103491766 0.000699196 0.999973540 0.007240880 -2.990809584 0.070326784 -0.007272125 0.997497499 74.665173117
0.997468377 -0.002639029 -0.071062439 -4.137646487 0.003045711 0.999979597 0.005615131 -3.002284289 0.071046171 -0.005817351 0.997456065 75.148635292
0.997301590 -0.008259750 -0.072947332 -4.214613839 0.008297094 0.999965557 0.000208900 -3.045090983 0.072943096 -0.000813588 0.997335773 76.114736870
0.997262933 -0.007869963 -0.073516702 -4.252813018 0.007770694 0.999968469 -0.001636225 -3.071980875 0.073527262 0.001060471 0.997292644 76.601348082
0.997208960 -0.009561360 -0.074046399 -4.289527749 0.009380600 0.999952113 -0.002788572 -3.087033486 0.074069516 0.002086190 0.997250899 77.086260688
0.997125393 -0.012019416 -0.074809650 -4.327324691 0.011784729 0.999924157 -0.003577773 -3.110260596 0.074846980 0.002685876 0.997191414 77.570208522
0.996942622 -0.014451232 -0.076789128 -4.408328940 0.014642297 0.999890942 0.001925701 -3.163210914 0.076752926 -0.003044183 0.997045497 78.545124958
0.996870426 -0.013466674 -0.077897373 -4.449308921 0.013884851 0.999891939 0.004829156 -3.180256731 0.077823924 -0.005895636 0.996949687 79.035891791
0.996798194 -0.013085946 -0.078880395 -4.493202687 0.013679532 0.999882002 0.006989438 -3.195503517 0.078779625 -0.008046106 0.996859585 79.521352300
0.996743751 -0.013392602 -0.079514355 -4.537064853 0.014163336 0.999857948 0.009136913 -3.208400621 0.079380693 -0.010233349 0.996791846 80.011486705
0.996680125 -0.011903516 -0.080542127 -4.624833795 0.012715011 0.999873364 0.009570022 -3.229540943 0.080418010 -0.010562345 0.996705263 80.988001333
0.996641711 -0.011298389 -0.081102680 -4.668878418 0.012010655 0.999893423 0.008299782 -3.242236762 0.081000263 -0.009246005 0.996671195 81.468736008
0.996632628 -0.010727390 -0.081291619 -4.714597670 0.011308671 0.999913651 0.006693520 -3.257775176 0.081212796 -0.007590281 0.996667884 81.953930548
0.996646260 -0.009653664 -0.081259090 -4.762053596 0.010119328 0.999934642 0.005320717 -3.278540847 0.081202415 -0.006125161 0.996678811 82.435550426
0.996704367 -0.007035135 -0.080814049 -4.854586869 0.007259256 0.999970577 0.002479813 -3.308979798 0.080794226 -0.003058289 0.996726111 83.412822671
0.996752856 -0.006038620 -0.080294937 -4.898847916 0.006136997 0.999980690 0.000978455 -3.327423939 0.080287479 -0.001468047 0.996770668 83.898747265
0.996786549 -0.006315404 -0.079854184 -4.943439863 0.006336804 0.999979922 0.000014573 -3.349575220 0.079852490 -0.000520546 0.996806556 84.386315795
0.996826667 -0.006842808 -0.079308077 -4.985575008 0.006764705 0.999976334 -0.001253446 -3.368768328 0.079314777 0.000712972 0.996849366 84.877398101
0.996926614 -0.006265786 -0.078090118 -5.069608711 0.006068487 0.999977768 -0.002763615 -3.412826993 0.078105699 0.002281233 0.996942474 85.857657243
0.996993232 -0.006223707 -0.077238333 -5.110092013 0.006004216 0.999977251 -0.003073636 -3.432959112 0.077255706 0.002600640 0.997007920 86.344699038
0.997073752 -0.006064953 -0.076204639 -5.150551569 0.005831783 0.999977609 -0.003281937 -3.454474475 0.076222838 0.002827924 0.997086798 86.836314786
0.997145103 -0.004867053 -0.075352213 -5.192937277 0.004609447 0.999982924 -0.003592239 -3.480410836 0.075368411 0.003234651 0.997150510 87.334571131
0.997342579 -0.000717016 -0.072850973 -5.281908294 0.000259024 0.999980147 -0.006295955 -3.526764636 0.072854042 0.006260353 0.997322966 88.316332918
0.997451003 0.001201258 -0.071344612 -5.320772443 -0.001783924 0.999965573 -0.008103776 -3.549926267 0.071332422 0.008210392 0.997418807 88.803161196
0.997554812 0.000888433 -0.069882811 -5.359682505 -0.001569821 0.999951759 -0.009696130 -3.572111838 0.069870826 0.009782125 0.997508084 89.296858084
0.997649838 0.000831606 -0.068513559 -5.396259023 -0.001570415 0.999941196 -0.010730267 -3.599241773 0.068500607 0.010812644 0.997592479 89.784722890
0.997832045 -0.000782663 -0.065807279 -5.462830063 0.000272192 0.999969809 -0.007765657 -3.654613144 0.065811371 0.007730910 0.997802133 90.783483186
0.997911864 -0.001503338 -0.064572836 -5.497144573 0.001259534 0.999991925 -0.003816196 -3.677046826 0.064578052 0.003726895 0.997905700 91.288362557
0.997980540 -0.002408788 -0.063474722 -5.531682551 0.002474831 0.999996475 0.000961867 -3.696979612 0.063472182 -0.001117015 0.997982983 91.790180610
0.998027780 -0.004516709 -0.062611081 -5.561995766 0.004846911 0.999975131 0.005122967 -3.712806482 0.062586385 -0.005416333 0.998024854 92.289845426
0.998082152 -0.008900008 -0.061260170 -5.621645722 0.009171180 0.999949345 0.004146791 -3.731615288 0.061220160 -0.004700666 0.998113218 93.290205113
0.998108360 -0.011029434 -0.060481833 -5.650736196 0.011113499 0.999937688 0.001053685 -3.745065807 0.060466444 -0.001723856 0.998168742 93.782896912
0.998131415 -0.013672560 -0.059554510 -5.680963692 0.013485030 0.999902773 -0.003549647 -3.766079569 0.059597253 0.002739920 0.998218744 94.275297841
0.998167108 -0.016135050 -0.058327398 -5.711787777 0.015728747 0.999848775 -0.007418346 -3.791459545 0.058438273 0.006487332 0.998269945 94.771142308
0.998274862 -0.017260777 -0.056119199 -5.770166907 0.016706345 0.999807037 -0.010333762 -3.853042489 0.056286739 0.009378388 0.998370597 95.766315878
0.998339368 -0.016966568 -0.055051266 -5.799744506 0.016453392 0.999816981 -0.009761717 -3.875086189 0.055206814 0.008839727 0.998435810 96.269138260
0.998383141 -0.016953198 -0.054255806 -5.827995642 0.016549996 0.999832048 -0.007872235 -3.906606815 0.054380154 0.006961574 0.998496037 96.774642866
0.998436870 -0.015901782 -0.053581224 -5.860070401 0.015707285 0.999868434 -0.004049140 -3.925108680 0.053638563 0.003201196 0.998555285 97.280602620
0.998541526 -0.013786727 -0.052199103 -5.917620977 0.013900834 0.999901715 0.001823547 -3.965386730 0.052168833 -0.002546498 0.998635033 98.296474473
0.998577678 -0.013627641 -0.051545202 -5.948066168 0.013802121 0.999900154 0.003030539 -3.983518497 0.051498757 -0.003737661 0.998666064 98.802325240
0.998630486 -0.012718686 -0.050748265 -5.975310449 0.012884599 0.999912658 0.002943499 -3.996552313 0.050706396 -0.003593338 0.998707139 99.304606279
0.998682518 -0.011548600 -0.049998590 -6.002574195 0.011639528 0.999931091 0.001527796 -4.007998020 0.049977501 -0.002107744 0.998748120 99.812674354
0.998772329 -0.009567183 -0.048603538 -6.064554665 0.009414783 0.999950023 -0.003363538 -4.053969816 0.048633289 0.002901816 0.998812487 100.816370956
0.998818779 -0.007409948 -0.048022270 -6.093944040 0.007099904 0.999952858 -0.006623646 -4.076121471 0.048069087 0.006274869 0.998824303 101.318611316
0.998842301 -0.006833060 -0.047616877 -6.122852894 0.006405776 0.999937892 -0.009120208 -4.101458177 0.047676239 0.008804626 0.998824036 101.823316457
0.998851115 -0.008129033 -0.047226766 -6.149278189 0.007630125 0.999913269 -0.010734782 -4.127979176 0.047309934 0.010362103 0.998826511 102.324884642
0.998870571 -0.011064558 -0.046207757 -6.201180969 0.010608651 0.999892717 -0.010100089 -4.183083302 0.046314554 0.009598479 0.998880790 103.338913364
0.998892001 -0.011270324 -0.045691893 -6.225747628 0.010927442 0.999910283 -0.007747068 -4.206222291 0.045775106 0.007239188 0.998925540 103.853790501
0.998901129 -0.012080632 -0.045283472 -6.249387762 0.011907044 0.999920698 -0.004101144 -4.229411515 0.045329426 0.003557445 0.998965759 104.367341371
0.998912448 -0.012746765 -0.044849096 -6.275051358 0.012711903 0.999918636 -0.001062447 -4.250316059 0.044858991 0.000491175 0.998993209 104.876814778
0.998877577 -0.015933407 -0.044606196 -6.322859096 0.016060304 0.999867930 0.002487860 -4.285357921 0.044560665 -0.003201456 0.999001551 105.907078975
0.998865076 -0.016830910 -0.044556478 -6.343816275 0.016946764 0.999853921 0.002223674 -4.304627362 0.044512543 -0.002976239 0.999004392 106.419676795
0.998860638 -0.017743242 -0.044301275 -6.368611477 0.017839998 0.999839253 0.001789616 -4.323224396 0.044262400 -0.002577911 0.999016614 106.923029551
0.998873273 -0.018089647 -0.043874233 -6.392381605 0.018164443 0.999834159 0.001306678 -4.342309844 0.043843320 -0.002102157 0.999036208 107.444516368
0.998884476 -0.019322627 -0.043086418 -6.441297590 0.019358926 0.999812508 0.000425316 -4.383660262 0.043070123 -0.001258949 0.999071259 108.470087633
0.998896439 -0.019492403 -0.042731148 -6.465616302 0.019521140 0.999809412 0.000255303 -4.403652298 0.042718027 -0.001089181 0.999086575 108.988464842
0.998905914 -0.019301912 -0.042595893 -6.490089929 0.019327712 0.999813183 0.000193882 -4.416211133 0.042584193 -0.001016950 0.999092364 109.497494691
0.998901508 -0.019790929 -0.042474661 -6.513907601 0.019799822 0.999803942 -0.000211352 -4.441407154 0.042470518 -0.000629871 0.999097522 110.014439447
0.998874133 -0.021039440 -0.042518337 -6.565368115 0.021049694 0.999778409 -0.000206580 -4.480145802 0.042513262 -0.000688651 0.999095666 111.040399957
0.998850161 -0.022193965 -0.042494491 -6.589236064 0.022180679 0.999753671 -0.000784182 -4.497439434 0.042501429 -0.000159277 0.999096394 111.561804754
0.998822399 -0.023197009 -0.042611189 -6.611350002 0.023154020 0.999730781 -0.001502204 -4.521119410 0.042634564 0.000513814 0.999090602 112.078630615
0.998818343 -0.023514787 -0.042531993 -6.635068638 0.023442849 0.999722781 -0.002189425 -4.541729275 0.042571686 0.001189766 0.999092706 112.589415999
0.998799884 -0.024825894 -0.042219277 -6.683858174 0.024683491 0.999687744 -0.003890966 -4.582052491 0.042302692 0.002844178 0.999100792 113.624125514
0.998772405 -0.026031213 -0.042143311 -6.708741091 0.025827605 0.999651996 -0.005368727 -4.604141346 0.042268399 0.004273676 0.999097152 114.141877973
0.998725720 -0.027544724 -0.042287389 -6.730322179 0.027257007 0.999601323 -0.007365524 -4.626672701 0.042473413 0.006203510 0.999078338 114.659838083
0.998671159 -0.029505362 -0.042253375 -6.751813657 0.029111110 0.999526997 -0.009915900 -4.652429255 0.042525962 0.008672681 0.999057720 115.169707271
0.998478464 -0.035332670 -0.042336267 -6.795317601 0.034758342 0.999294487 -0.014226250 -4.709929020 0.042809051 0.012733066 0.999002130 116.207207066
0.998461793 -0.035818398 -0.042321262 -6.818820557 0.035222069 0.999270606 -0.014753388 -4.745922255 0.042818836 0.013240052 0.998995119 116.718687876
0.998458923 -0.035839544 -0.042371061 -6.840771234 0.035287318 0.999283161 -0.013710201 -4.778682641 0.042832056 0.012193911 0.999007870 117.233606423
0.998462574 -0.035234329 -0.042790522 -6.867041461 0.034805234 0.999336490 -0.010731967 -4.809705948 0.043140264 0.009226133 0.999026425 117.757768790
0.998513876 -0.032167117 -0.043992206 -6.921589969 0.032175855 0.999482094 -0.000509662 -4.853001902 0.043985816 -0.000906582 0.999031744 118.798571661
0.998595754 -0.029075897 -0.044284441 -6.949635792 0.029283768 0.999562924 0.004052367 -4.866539867 0.044147259 -0.005343492 0.999010744 119.318481510
0.998642572 -0.026988535 -0.044549204 -6.980054676 0.027309591 0.999605144 0.006613845 -4.881491498 0.044353116 -0.007821487 0.998985298 119.838127485
0.998667274 -0.025745517 -0.044730802 -7.009343460 0.026069528 0.999637844 0.006675274 -4.899549009 0.044542743 -0.007832489 0.998976775 120.353717495
0.998668011 -0.025608429 -0.044792986 -7.065592957 0.025747590 0.999665268 0.002532465 -4.929415571 0.044713141 -0.003682404 0.998993081 121.373340134
0.998659426 -0.025963111 -0.044780218 -7.094758984 0.025948546 0.999662868 -0.000906613 -4.950369894 0.044788660 -0.000256584 0.998996452 121.890488339
0.998670455 -0.025518216 -0.044789988 -7.122624955 0.025388713 0.999671675 -0.003457935 -4.971316449 0.044863524 0.002316178 0.998990440 122.401435879
0.998667822 -0.025233402 -0.045009520 -7.150788647 0.025014582 0.999672403 -0.005418356 -4.996245361 0.045131500 0.004285244 0.998971864 122.912036765
0.998631133 -0.025473640 -0.045683178 -7.202974747 0.025248114 0.999666046 -0.005507079 -5.049273338 0.045808208 0.004346126 0.998940799 123.944780437
0.998609518 -0.025635381 -0.046063622 -7.228421967 0.025433889 0.999664226 -0.004955080 -5.071453154 0.046175182 0.003776613 0.998926219 124.458126174
0.998590013 -0.025725828 -0.046434563 -7.254070558 0.025530554 0.999662549 -0.004793654 -5.090394785 0.046542215 0.003601395 0.998909832 124.972861705
0.998573716 -0.026097544 -0.046577361 -7.279066419 0.025901742 0.999652958 -0.004802522 -5.116347550 0.046686532 0.003589237 0.998903141 125.489670225
0.998559094 -0.026484062 -0.046672589 -7.330274138 0.026277201 0.999641988 -0.005040278 -5.161659539 0.046789367 0.003806591 0.998897525 126.516976226
0.998564562 -0.026242584 -0.046691978 -7.356931161 0.026035615 0.999648333 -0.005035416 -5.178639706 0.046807701 0.003812534 0.998896643 127.036538250
0.998557856 -0.026275195 -0.046816914 -7.381996187 0.026074322 0.999648016 -0.004896272 -5.202382609 0.046929086 0.003668492 0.998891488 127.551826538
0.998556431 -0.026178853 -0.046901197 -7.409506565 0.025975089 0.999650340 -0.004948857 -5.224692370 0.047014353 0.003723450 0.998887274 128.068100216
0.998533851 -0.026597757 -0.047145593 -7.461041717 0.026361044 0.999636602 -0.005635678 -5.265470053 0.047278358 0.004384609 0.998872130 129.100202642
0.998483404 -0.027825721 -0.047503892 -7.485476348 0.027597669 0.999604255 -0.005449961 -5.291435264 0.047636743 0.004130700 0.998856185 129.611371926
0.998418481 -0.028734410 -0.048320480 -7.508579135 0.028527613 0.999580679 -0.004964059 -5.318170192 0.048442858 0.003577741 0.998819548 130.124063796
0.998345438 -0.029659193 -0.049261717 -7.536689433 0.029513361 0.999557592 -0.003685276 -5.349026453 0.049349225 0.002225300 0.998779106 130.637479302
0.998207657 -0.031695620 -0.050762782 -7.595172990 0.031661647 0.999497558 -0.001473479 -5.383961061 0.050783980 -0.000136395 0.998709652 131.659595804
0.998159437 -0.032358965 -0.051289719 -7.624280154 0.032341941 0.999476187 -0.001162071 -5.404444735 0.051300457 -0.000498877 0.998683140 132.168935971
0.998131157 -0.032358567 -0.051837393 -7.653861540 0.032332088 0.999476270 -0.001349524 -5.425723165 0.051853914 -0.000329009 0.998654627 132.674941320
0.998100096 -0.032453897 -0.052373100 -7.683241531 0.032375198 0.999473022 -0.002350566 -5.444687087 0.052421786 0.000650511 0.998624821 133.174717341
0.998035955 -0.032365281 -0.053635054 -7.742713389 0.032206272 0.999473918 -0.003826556 -5.497742626 0.053730686 0.002091655 0.998553273 134.174641635
0.998009856 -0.032317456 -0.054147105 -7.774782880 0.032147966 0.999475123 -0.003998487 -5.523007107 0.054247906 0.002249811 0.998524964 134.673984568
0.998003804 -0.031742958 -0.054596633 -7.805322391 0.031611422 0.999494881 -0.003271353 -5.552446393 0.054672898 0.001538946 0.998503133 135.171158694
0.997991674 -0.031040656 -0.055218613 -7.838115866 0.030930902 0.999517487 -0.002841360 -5.572237078 0.055280167 0.001127692 0.998470246 135.665553368
0.997971647 -0.029464861 -0.056430607 -7.900798245 0.029398144 0.999565755 -0.002012258 -5.616885344 0.056465395 0.000349221 0.998404496 136.651187765
0.997939610 -0.028964223 -0.057250405 -7.931930449 0.028903511 0.999580422 -0.001888395 -5.637958785 0.057281081 0.000229767 0.998358065 137.137803996
0.997890719 -0.028439460 -0.058355033 -7.963524358 0.028389917 0.999595517 -0.001678060 -5.658438814 0.058379153 0.000017825 0.998294483 137.630537759
0.997827437 -0.027487916 -0.059873380 -7.994932450 0.027452897 0.999622107 -0.001407558 -5.681335738 0.059889446 -0.000239197 0.998204987 138.111072730
0.997653823 -0.025714703 -0.063447640 -8.064034284 0.025767211 0.999667970 0.000009324 -5.723501540 0.063426334 -0.001644171 0.997985169 139.080146780
0.997536104 -0.025055895 -0.065528031 -8.099952496 0.025165527 0.999682938 0.000848051 -5.744267173 0.065486006 -0.002495009 0.997850369 139.568088225
0.997380876 -0.025023236 -0.067861807 -8.138562052 0.025194491 0.999681176 0.001668765 -5.764979841 0.067798414 -0.003374137 0.997693336 140.050346830
0.997224929 -0.025003921 -0.070123064 -8.176903336 0.025221099 0.999679447 0.002213292 -5.783852930 0.070045246 -0.003975731 0.997535893 140.531327531
0.996896191 -0.024567888 -0.074795738 -8.256577880 0.024899182 0.999683840 0.003499922 -5.818768221 0.074686106 -0.005351412 0.997192734 141.481245757
0.996727206 -0.024004223 -0.077192443 -8.299314402 0.024375202 0.999695401 0.003867150 -5.839946038 0.077076103 -0.005736074 0.997008713 141.945580006
0.996553738 -0.023854575 -0.079445612 -8.342904815 0.024269461 0.999696374 0.004260642 -5.859476688 0.079319855 -0.006174061 0.996830098 142.407618656
0.996354455 -0.024163250 -0.081816488 -8.387049304 0.024583507 0.999689237 0.004132969 -5.879135076 0.081691197 -0.006129238 0.996638842 142.867065951
0.995950644 -0.023965180 -0.086648622 -8.476702810 0.024395718 0.999694721 0.003913104 -5.909163638 0.086528393 -0.006011113 0.996231251 143.781704983
0.995737914 -0.024447385 -0.088928795 -8.521734527 0.024814521 0.999687496 0.003025058 -5.929466449 0.088827051 -0.005218890 0.996033392 144.227336771
0.995527339 -0.025273722 -0.091030519 -8.565677784 0.025539561 0.999672269 0.001756462 -5.948202781 0.090956295 -0.004073485 0.995846555 144.672624542
0.995098140 -0.026866469 -0.095172915 -8.659111597 0.026916163 0.999637404 -0.000761807 -5.983711280 0.095158874 -0.001803617 0.995460465 145.557716389
0.994895099 -0.027202558 -0.097179024 -8.704075382 0.027191910 0.999629202 -0.001434199 -6.008244510 0.097182005 -0.001215606 0.995265885 145.991226768
0.994677188 -0.028127821 -0.099126767 -8.752016337 0.028058071 0.999604093 -0.002097941 -6.028678162 0.099146533 -0.000694532 0.995072602 146.425005917
0.994461768 -0.028282920 -0.101221869 -8.799902424 0.028169026 0.999599910 -0.002554640 -6.051776163 0.101253625 -0.000310830 0.994860597 146.857623240
0.994066215 -0.027599566 -0.105217030 -8.897435271 0.027490299 0.999618972 -0.002488888 -6.092129046 0.105245633 -0.000418329 0.994446169 147.705459853
0.993860992 -0.027565624 -0.107146921 -8.950660838 0.027405131 0.999619996 -0.002970298 -6.110576048 0.107188084 0.000015688 0.994238762 148.129438870
0.993657018 -0.027520291 -0.109033766 -9.000633333 0.027337515 0.999621231 -0.003171073 -6.134533379 0.109079737 0.000170246 0.994032989 148.544636034
0.993460072 -0.026920929 -0.110961019 -9.053018844 0.026726981 0.999637535 -0.003235210 -6.153726663 0.111007896 0.000248399 0.993819494 148.961060772
0.993067589 -0.026391668 -0.114543621 -9.160583551 0.026148868 0.999651498 -0.003622010 -6.194425932 0.114599295 0.000601715 0.993411617 149.789961455
0.992917529 -0.026254110 -0.115868468 -9.212953935 0.025993525 0.999655041 -0.003759661 -6.211817177 0.115927206 0.000721204 0.993257451 150.194002763
0.992814287 -0.025964554 -0.116814523 -9.266217489 0.025688581 0.999662512 -0.003867689 -6.232769947 0.116875523 0.000839097 0.993146218 150.596331162
0.992718568 -0.025401399 -0.117748084 -9.318947308 0.025061466 0.999676374 -0.004366918 -6.256142872 0.117820905 0.001384181 0.993033897 150.993555667
0.992587620 -0.023728514 -0.119192166 -9.428708244 0.023218046 0.999714347 -0.005669766 -6.300750833 0.119292655 0.002860329 0.992855016 151.790319583
0.992454397 -0.024038376 -0.120234872 -9.479660434 0.023513241 0.999706790 -0.005784590 -6.324995921 0.120338670 0.002913831 0.992728621 152.172050413
0.992311063 -0.024185548 -0.121382920 -9.530898952 0.023646063 0.999703082 -0.005883177 -6.346554109 0.121489169 0.002967714 0.992588321 152.557913042
