0.999999881 -0.000000000 -0.000000004 0.000000000 -0.000000000 0.999999881 0.000000002 0.000000000 -0.000000004 0.000000002 1.000000000 0.000000000
0.999997795 -0.001395090 -0.001490264 -0.017182501 0.001393676 0.999998450 -0.000949320 -0.023146337 0.001491578 0.000947245 0.999998450 0.658727288
0.999976933 -0.001247065 -0.006655554 -0.017447282 0.001230592 0.999996066 -0.002478614 -0.023792461 0.006658612 0.002470371 0.999974787 1.364751220
0.999941230 -0.001034099 -0.010782216 -0.020577665 0.001000758 0.999994576 -0.003097138 -0.024723735 0.010785355 0.003086169 0.999937057 2.086620092
0.999875426 0.000001911 -0.015780309 -0.052569266 -0.000091172 0.999983847 -0.005655764 -0.013940323 0.015780043 0.005656503 0.999859512 2.818365097
0.999793887 -0.000815911 -0.020283749 -0.070490591 0.000695051 0.999981880 -0.005964738 -0.021239268 0.020288249 0.005949413 0.999776483 3.564567566
0.999696553 0.000327478 -0.024629600 -0.097806796 -0.000493298 0.999977171 -0.006726751 -0.034483626 0.024626840 0.006736862 0.999673963 4.323254108
0.999559700 0.003697311 -0.029436644 -0.132054269 -0.003914930 0.999965250 -0.007338610 -0.051118813 0.029408492 0.007450625 0.999539614 5.101493359
0.999405921 0.004080080 -0.034218535 -0.151873529 -0.004301908 0.999969840 -0.006411714 -0.040664885 0.034191355 0.006555118 0.999393582 5.875950336
0.999231756 0.004805842 -0.038892623 -0.176562637 -0.004940149 0.999981999 -0.003357899 -0.053315192 0.038875800 0.003547459 0.999237657 6.677164555
0.999117970 0.002571820 -0.041908722 -0.223956317 -0.002614971 0.999996006 -0.000974830 -0.056599349 0.041906048 0.001083564 0.999121010 7.487094402
0.998995245 0.002705799 -0.044732887 -0.266708851 -0.002754267 0.999995530 -0.001021896 -0.070416860 0.044729933 0.001144078 0.998998642 8.298586845
0.998888552 0.003939389 -0.046962928 -0.307150096 -0.004049376 0.999989271 -0.002247113 -0.073025197 0.046953574 0.002434788 0.998894334 9.119878769
0.998803258 0.002325009 -0.048850220 -0.339528203 -0.002450754 0.999993742 -0.002514356 -0.100882240 0.048844088 0.002631069 0.998802841 9.959661484
0.998698950 0.002329453 -0.050935980 -0.388873965 -0.002439463 0.999994695 -0.002097719 -0.108553432 0.050930843 0.002219248 0.998699605 10.806129456
0.998624027 -0.000427307 -0.052435722 -0.436009884 0.000309642 0.999997318 -0.002252124 -0.129201233 0.052436568 0.002232791 0.998621762 11.661371231
0.998537540 0.001933002 -0.054025348 -0.500437379 -0.002179914 0.999987304 -0.004511790 -0.149023786 0.054015968 0.004622966 0.998529315 12.524411201
0.998451591 0.002310083 -0.055578195 -0.543700099 -0.002717068 0.999969721 -0.007248359 -0.119222105 0.055559829 0.007388148 0.998427808 13.390021324
0.998359561 0.006040297 -0.056935269 -0.612661958 -0.006543118 0.999941051 -0.008649176 -0.132026926 0.056879669 0.009007523 0.998340368 14.265584946
0.998280883 0.006642811 -0.058231901 -0.664244533 -0.007168653 0.999935150 -0.008825917 -0.149139762 0.058169506 0.009228189 0.998264015 15.153107643
0.998205423 0.006395508 -0.059537899 -0.726708531 -0.006843402 0.999949574 -0.007321995 -0.169390723 0.059488066 0.007716297 0.998199224 16.047166824
0.998110473 0.006150034 -0.061135709 -0.774823904 -0.006547609 0.999958456 -0.006304984 -0.190927386 0.061094396 0.006693361 0.998109519 16.961217880
0.998037279 0.006809573 -0.062251184 -0.821928263 -0.007153474 0.999960005 -0.005303300 -0.193968609 0.062212598 0.005738194 0.998046637 17.854476929
0.997976780 0.006159976 -0.063278399 -0.898108661 -0.006541437 0.999961495 -0.005822915 -0.203258425 0.063240103 0.006225069 0.997978926 18.753366470
0.997910798 0.005661907 -0.064355753 -0.954107165 -0.006082966 0.999961197 -0.006348645 -0.228758603 0.064317293 0.006726858 0.997906864 19.687139511
0.997847557 0.005560330 -0.065336369 -1.009659886 -0.005903967 0.999969423 -0.005067606 -0.234519601 0.065306202 0.005442446 0.997850537 20.601860046
0.997849643 0.006114245 -0.065257899 -1.072510004 -0.006218384 0.999979496 -0.001392809 -0.246825159 0.065248050 0.001795615 0.997867405 21.518777847
0.997910380 0.007228763 -0.064206295 -1.152342081 -0.007075643 0.999971449 0.002611890 -0.259653568 0.064223357 -0.002152129 0.997933090 22.476598740
0.998012066 0.006394367 -0.062694773 -1.202822447 -0.006082720 0.999967873 0.005160485 -0.266575396 0.062725760 -0.004768868 0.998019159 23.396850586
0.998114228 0.005364889 -0.061146878 -1.274347067 -0.005024507 0.999970853 0.005719049 -0.275165677 0.061175805 -0.005401028 0.998112381 24.327602386
0.998179555 0.005911759 -0.060020238 -1.326941609 -0.005732516 0.999978304 0.003158174 -0.287271440 0.060037635 -0.002808352 0.998192191 25.293128967
0.998223364 0.009199778 -0.058866955 -1.395700932 -0.009293515 0.999955714 -0.001318729 -0.312414587 0.058852233 0.001863472 0.998264909 26.233797073
0.998307943 0.007690702 -0.057636533 -1.441487551 -0.007955715 0.999958277 -0.004369797 -0.301462233 0.057600562 0.004820948 0.998327851 27.192901611
0.998373687 0.004183458 -0.056853998 -1.487706184 -0.004382172 0.999984562 -0.003370943 -0.320571780 0.056839030 0.003614610 0.998376846 28.161462784
0.998373628 0.000320560 -0.057006877 -1.546355963 -0.000258162 0.999999225 0.001101898 -0.323244452 0.057007197 -0.001085384 0.998373210 29.130548477
0.998343468 -0.000563930 -0.057529766 -1.608802080 0.000874241 0.999985158 0.005368822 -0.345735312 0.057525873 -0.005410223 0.998329520 30.089746475
0.998226166 -0.009571160 -0.058761708 -1.659286737 0.009871979 0.999939442 0.004831155 -0.361551762 0.058711916 -0.005402679 0.998260379 31.088296890
0.998151779 -0.009769864 -0.059975423 -1.717187643 0.009821109 0.999951661 0.000559847 -0.357943237 0.059967030 -0.001147836 0.998199642 32.044258118
0.998066843 -0.007023852 -0.061749253 -1.782095790 0.006820195 0.999970436 -0.003508260 -0.380256593 0.061772078 0.003080341 0.998085499 33.020412445
0.997959673 -0.007556774 -0.063396469 -1.854855537 0.007289246 0.999963403 -0.004450176 -0.384131253 0.063427791 0.003978989 0.997978449 34.010303497
0.998058796 -0.007826711 -0.061782487 -1.952934623 0.007687642 0.999967158 -0.002488418 -0.397795081 0.061799921 0.002008635 0.998086512 34.982742310
0.997999072 -0.005640068 -0.062977389 -2.024933577 0.005700053 0.999983251 0.000772855 -0.404146671 0.062971972 -0.001130278 0.998014569 35.965229034
0.997777879 -0.005450388 -0.066405393 -2.052499771 0.005580837 0.999982893 0.001779149 -0.424381971 0.066394530 -0.002145788 0.997790933 37.019416809
0.997829795 -0.003747122 -0.065739289 -2.145511389 0.004116980 0.999976575 0.005491578 -0.455519080 0.065717191 -0.005750302 0.997821450 37.991786957
0.997826457 -0.003681855 -0.065792248 -2.209340572 0.004262186 0.999953032 0.008682492 -0.476886690 0.065757200 -0.008944037 0.997795522 39.003242493
0.997637033 0.000732073 -0.068698764 -2.250600100 -0.000058856 0.999951601 0.009801077 -0.444014221 0.068702653 -0.009773863 0.997589171 40.042297363
0.997658789 0.000815833 -0.068381660 -2.327612400 -0.000144638 0.999951780 0.009819824 -0.451360732 0.068386368 -0.009786944 0.997610927 41.020175934
0.997650385 0.000767772 -0.068504810 -2.402997732 -0.000202407 0.999965787 0.008259489 -0.466054916 0.068508804 -0.008226213 0.997616708 42.018096924
0.997653425 0.003779253 -0.068359844 -2.470118284 -0.003423172 0.999979973 0.005325349 -0.474714637 0.068378590 -0.005078841 0.997646630 43.028755188
0.997569203 0.003117430 -0.069608442 -2.549767733 -0.002768097 0.999983191 0.005114500 -0.464528024 0.069623142 -0.004909373 0.997561514 44.062999725
0.997487187 -0.000394328 -0.070842236 -2.622069359 0.000855887 0.999978423 0.006485053 -0.476930529 0.070838153 -0.006529386 0.997466505 45.052909851
0.997422457 -0.000492823 -0.071747102 -2.697959900 0.001018375 0.999972701 0.007288646 -0.481380552 0.071741566 -0.007342921 0.997396231 46.062408447
0.997418284 0.001486398 -0.071790799 -2.770132542 -0.001131981 0.999986768 0.004977213 -0.510171175 0.071797274 -0.004883091 0.997407317 47.013362885
0.997315407 0.004627188 -0.073072746 -2.846932411 -0.004672136 0.999989033 -0.000444217 -0.500458121 0.073069885 0.000784440 0.997326434 48.031490326
0.997291148 0.005705837 -0.073332995 -2.932494640 -0.005821447 0.999982119 -0.001362858 -0.519572079 0.073323905 0.001786074 0.997306526 48.984806061
0.997272134 0.005065018 -0.073638029 -2.999033689 -0.004958703 0.999986410 0.001626540 -0.529059350 0.073645249 -0.001256949 0.997283638 49.957012177
0.997270167 0.000247623 -0.073841512 -3.072122335 0.000165973 0.999984503 0.005594975 -0.552470863 0.073841743 -0.005591951 0.997254133 50.963005066
0.997262597 -0.000203730 -0.073943973 -3.150116682 0.000628763 0.999983788 0.005724904 -0.543645859 0.073941588 -0.005755717 0.997245610 51.939453125
0.997251570 -0.003174217 -0.074021444 -3.221847057 0.003545119 0.999981701 0.004879893 -0.562901735 0.074004620 -0.005128893 0.997244716 52.898822784
0.997207046 -0.005597247 -0.074475542 -3.290868044 0.005861828 0.999977171 0.003334445 -0.583472133 0.074455187 -0.003761693 0.997217298 53.891933441
0.997118652 -0.007875700 -0.075443432 -3.365655899 0.008233304 0.999956191 0.004430120 -0.572209597 0.075405248 -0.005038504 0.997140408 54.832538605
0.997037470 -0.009292580 -0.076355532 -3.435865641 0.009998545 0.999910533 0.008868640 -0.589132786 0.076266319 -0.009605808 0.997041166 55.786861420
0.996919274 -0.014001466 -0.077175744 -3.506123066 0.015104125 0.999791622 0.013722433 -0.593485355 0.076967560 -0.014845829 0.996923029 56.740287781
0.996894658 -0.012607002 -0.077731788 -3.579579592 0.013859836 0.999782205 0.015599005 -0.587601066 0.077518232 -0.016627917 0.996852160 57.688175201
0.996818244 -0.012050429 -0.078792289 -3.666489363 0.013072181 0.999836743 0.012464726 -0.601859391 0.078629233 -0.013455059 0.996812999 58.633705139
0.996701300 -0.008398357 -0.080723718 -3.757427454 0.008752131 0.999953449 0.004029649 -0.592257857 0.080686152 -0.004722881 0.996728063 59.620315552
0.996661782 -0.007463966 -0.081298411 -3.836211681 0.007391375 0.999971986 -0.001193782 -0.617147505 0.081305049 0.000588892 0.996689141 60.536270142
0.996591210 -0.001607680 -0.082481965 -3.928380966 0.001530047 0.999998212 -0.001004396 -0.623814225 0.082483456 0.000874772 0.996592104 61.459537506
0.996527374 0.000540186 -0.083262913 -4.007322788 -0.000395039 0.999998391 0.001759732 -0.644254386 0.083263762 -0.001720727 0.996526122 62.337467194
0.996402681 0.003689302 -0.084661908 -4.085298538 -0.003374807 0.999986947 0.003857560 -0.643228889 0.084675148 -0.003557961 0.996402204 63.243019104
0.996306658 0.005238196 -0.085703559 -4.156655312 -0.004948983 0.999981165 0.003586694 -0.662900269 0.085720778 -0.003149300 0.996314168 64.131759644
0.996174335 0.006400293 -0.087150745 -4.246475220 -0.006056407 0.999972641 0.004209753 -0.672677159 0.087175325 -0.003665826 0.996186197 64.965408325
0.996042490 0.006877635 -0.088612549 -4.329227448 -0.006453142 0.999966025 0.005076130 -0.675824404 0.088644475 -0.004484213 0.996052980 65.825042725
0.995912552 0.007622596 -0.089999199 -4.409624100 -0.007144662 0.999958515 0.005631370 -0.694237053 0.090038419 -0.004965338 0.995925844 66.638320923
0.995809615 0.006703074 -0.091202565 -4.483554363 -0.006129380 0.999959409 0.006568915 -0.694564700 0.091242947 -0.005982375 0.995810449 67.466583252
0.995681524 0.009242834 -0.092372887 -4.563130379 -0.008411047 0.999920428 0.009389924 -0.703992963 0.092452340 -0.008572420 0.995680213 68.291229248
0.995576084 0.010417140 -0.093378589 -4.634757042 -0.009254942 0.999874294 0.012870532 -0.702217400 0.093500927 -0.011949380 0.995547473 69.057556152
0.995348096 0.013897462 -0.095337041 -4.730883121 -0.012496842 0.999805450 0.015272653 -0.716367841 0.095530719 -0.014010191 0.995327711 69.848464966
0.995205343 0.016791919 -0.096353769 -4.805681705 -0.015670564 0.999800324 0.012382825 -0.737052143 0.096542463 -0.010813534 0.995270133 70.610099792
0.995048642 0.016825939 -0.097953163 -4.888316631 -0.016540272 0.999855876 0.003727494 -0.728831410 0.098001823 -0.002088860 0.995183945 71.329765320
0.994951487 0.015117138 -0.099211566 -4.958877087 -0.015420645 0.999878168 -0.002293009 -0.744309783 0.099164866 0.003811342 0.995063722 72.054832458
0.994864345 0.016713813 -0.099825107 -5.038148880 -0.017138265 0.999846995 -0.003395881 -0.742480516 0.099753127 0.005089275 0.994999111 72.739646912
0.994783819 0.018882340 -0.100243494 -5.108209610 -0.019069267 0.999817610 -0.000906805 -0.753875494 0.100208133 0.002813649 0.994962513 73.416412354
0.994591773 0.019863950 -0.101946868 -5.187313557 -0.019716008 0.999802351 0.002458682 -0.767415226 0.101975635 -0.000435398 0.994786680 74.082031250
0.994516432 0.017796969 -0.103054553 -5.258411407 -0.017976061 0.999838114 -0.000809328 -0.786357284 0.103023477 0.002657407 0.994675398 74.707527161
0.994648278 0.009360874 -0.102893606 -5.305309772 -0.010003242 0.999933481 -0.005728841 -0.804805756 0.102833137 0.006727456 0.994675934 75.312507629
0.994788170 0.004665256 -0.101857103 -5.371935844 -0.005761537 0.999928474 -0.010471472 -0.822380662 0.101801001 0.011003752 0.994743884 75.905937195
0.995089531 0.006607903 -0.098759711 -5.429671288 -0.007758752 0.999906361 -0.011273591 -0.829893470 0.098675989 0.011984483 0.995047450 76.482887268
0.995411396 0.011473424 -0.095003523 -5.483245850 -0.012258658 0.999895513 -0.007685925 -0.839359641 0.094905429 0.008815268 0.995447576 77.103073120
0.995884538 0.009831351 -0.090096228 -5.531513214 -0.010280560 0.999936879 -0.004523185 -0.857591510 0.090046085 0.005430812 0.995922923 77.662567139
0.996376216 0.006947938 -0.084770501 -5.570559502 -0.006990054 0.999975622 -0.000200052 -0.870748878 0.084767036 0.000791880 0.996400654 78.196929932
0.997075379 0.000930487 -0.076418318 -5.595893383 -0.000670548 0.999993920 0.003427056 -0.891354918 0.076421022 -0.003365789 0.997070134 78.745216370
0.997811556 0.004074954 -0.065995328 -5.633204460 -0.003855871 0.999986708 0.003446605 -0.902419150 0.066008464 -0.003184590 0.997814119 79.240013123
0.998654187 0.009679800 -0.050952889 -5.662059307 -0.009539395 0.999950051 0.002998014 -0.910539985 0.050979342 -0.002507919 0.998696685 79.746704102
0.999348462 0.015545457 -0.032572798 -5.681859016 -0.015439549 0.999874771 0.003500339 -0.918709993 0.032623097 -0.002995148 0.999463439 80.240501404
0.999845445 0.014078958 -0.010515958 -5.658788204 -0.014045383 0.999895930 0.003259045 -0.900924563 0.010560669 -0.003110836 0.999939501 80.753410339
0.999841392 0.008765769 0.015496517 -5.639513969 -0.008836168 0.999950826 0.004480258 -0.915084124 -0.015456492 -0.004616475 0.999869883 81.234611511
0.998953938 0.007789479 0.045059793 -5.588603973 -0.008079903 0.999947548 0.006266666 -0.918173611 -0.045008630 -0.006624186 0.998964608 81.673439026
0.996923745 0.007648356 0.078003913 -5.523483276 -0.008297545 0.999933302 0.008001768 -0.925989449 -0.077937536 -0.008624391 0.996920824 82.118255615
0.993250906 0.007416210 0.115747698 -5.460740089 -0.008358859 0.999935567 0.007660680 -0.929957092 -0.115683436 -0.008576492 0.993249118 82.582138062
0.987544417 0.007082784 0.157181099 -5.382222176 -0.008433298 0.999932826 0.007926781 -0.940066099 -0.157114431 -0.009153597 0.987537980 82.983688354
0.979254186 0.006711916 0.202524066 -5.274085999 -0.008483929 0.999932706 0.007882766 -0.940284073 -0.202457562 -0.009437425 0.979245603 83.391578674
0.967922986 0.007067669 0.251147151 -5.127204895 -0.008969322 0.999938846 0.006427967 -0.938030422 -0.251086473 -0.008474393 0.967927575 83.836814880
0.952617764 0.007258723 0.304082662 -4.990499496 -0.009125857 0.999946892 0.004719466 -0.958622515 -0.304032356 -0.007270860 0.952633977 84.180000305
0.933181286 0.010599536 0.359249353 -4.769475937 -0.011980668 0.999926686 0.001618277 -0.975592017 -0.359206140 -0.005814184 0.933240354 84.560081482
0.909167647 0.010701025 0.416292787 -4.605842590 -0.011621226 0.999932349 -0.000323465 -0.983326793 -0.416268110 -0.004543746 0.909230590 84.860931396
0.880627990 0.010520326 0.473691374 -4.386306763 -0.010658924 0.999940395 -0.002392162 -0.972478151 -0.473688215 -0.002942434 0.880687654 85.186141968
0.847877383 0.009350486 0.530109644 -4.069210052 -0.007976918 0.999956429 -0.004879408 -1.003357410 -0.530131996 -0.000091500 0.847915173 85.560089111
0.811267614 0.008769778 0.584608853 -3.856395721 -0.006504895 0.999961078 -0.005973598 -1.007039666 -0.584638417 0.001043369 0.811293423 85.794441223
0.771812856 0.008399582 0.635793865 -3.527126312 -0.006172514 0.999964654 -0.005717657 -1.036809564 -0.635819316 0.000488516 0.771837771 86.126930237
0.729264200 0.007770653 0.684187770 -3.284301758 -0.006650206 0.999968827 -0.004268775 -1.031260729 -0.684199393 -0.001436923 0.729293585 86.309326172
0.684275627 0.005779720 0.729200244 -2.975109100 -0.004874784 0.999982595 -0.003351499 -1.028019428 -0.729206681 -0.001261345 0.684292197 86.528305054
0.637936890 0.003360216 0.770080984 -2.600105286 -0.001000642 0.999993324 -0.003534480 -1.033919454 -0.770087481 0.001484197 0.637936354 86.808647156
0.591314256 0.001166417 0.806440055 -2.316265106 0.003866285 0.999983370 -0.004281258 -1.080066204 -0.806431532 0.005649494 0.591300428 86.925018311
0.544766426 0.002716118 0.838583231 -1.956897736 0.002903723 0.999982655 -0.005125210 -1.074904084 -0.838582277 0.005227053 0.544749677 87.150215149
0.511541069 0.004471563 0.859246731 -1.528823853 0.004863531 0.999955535 -0.008099241 -1.014238477 -0.859243929 0.008322068 0.511497796 87.154693604
0.466215193 0.005589594 0.884653389 -1.171581268 0.004264330 0.999954224 -0.008565420 -1.021134496 -0.884660959 0.007765789 0.466170013 87.301719666
0.424043834 0.004127066 0.905631840 -0.777278900 0.011743151 0.999880433 -0.010055052 -1.022405863 -0.905565381 0.014898765 0.423944682 87.471160889
0.385034204 -0.004294388 0.922891974 -0.447956085 0.025706347 0.999651015 -0.006073220 -1.064898968 -0.922544122 0.026062589 0.385010183 87.526718140
0.349697292 -0.008255953 0.936825991 -0.089239120 0.031483952 0.999499798 -0.002944002 -1.071776271 -0.936333537 0.030524507 0.349782228 87.619903564
0.316452444 -0.004521680 0.948597312 0.303911209 0.029081738 0.999564648 -0.004937042 -1.080130696 -0.948162436 0.029149206 0.316446066 87.731422424
0.285634190 0.003716934 0.958331227 0.632757187 0.018146770 0.999792039 -0.009286443 -1.073764563 -0.958166957 0.020043150 0.285507232 87.828407288
0.257233143 0.008556289 0.966311097 1.029558182 0.012931244 0.999840617 -0.012295479 -1.073646426 -0.966262937 0.015658414 0.257081389 87.916885376
0.232308164 0.010740666 0.972582519 1.421691895 0.012083067 0.999829829 -0.013927679 -1.090091705 -0.972567320 0.014987286 0.232138589 88.000442505
0.209341183 0.011596153 0.977773905 1.816602707 0.019461872 0.999682069 -0.016022766 -1.104670525 -0.977649033 0.022383535 0.209048942 88.064819336
0.188974530 0.017140012 0.981832385 2.200067520 0.026927510 0.999380946 -0.022629142 -1.122376323 -0.981612861 0.030714635 0.188396022 88.123397827
0.169216454 0.024222927 0.985281110 2.645903587 0.028358808 0.999164164 -0.029434703 -1.110144496 -0.985170901 0.032922242 0.168388069 88.177429199
0.151563495 0.025300249 0.988123536 3.070257187 0.026219787 0.999217510 -0.029606026 -1.123888612 -0.988099873 0.030395588 0.150781527 88.243347168
0.136135817 0.021494009 0.990456939 3.516702652 0.025180653 0.999366283 -0.025148369 -1.143974304 -0.990370214 0.028363954 0.135508329 88.300430298
0.121940278 0.018174056 0.992370903 4.006036758 0.024824377 0.999463558 -0.021354295 -1.140111923 -0.992227197 0.027238943 0.121423624 88.338973999
0.108932376 0.015520656 0.993928015 4.479970932 0.026935181 0.999464869 -0.018559150 -1.153192520 -0.993684232 0.028793326 0.108456023 88.392654419
0.097195826 0.014514757 0.995159507 4.976796150 0.031424511 0.999350309 -0.017645065 -1.172283173 -0.994769156 0.032987423 0.096676528 88.421325684
0.086974189 0.014938541 0.996098518 5.490430355 0.034177903 0.999254167 -0.017970098 -1.188668966 -0.995624185 0.035607487 0.086398728 88.460510254
0.079066291 0.015099521 0.996755004 6.028336048 0.035964154 0.999191165 -0.017989229 -1.204513192 -0.996220589 0.037269786 0.078459285 88.490318298
0.073662713 0.016321033 0.997149527 6.566100597 0.037970215 0.999095023 -0.019157857 -1.199814916 -0.996560454 0.039273188 0.072976276 88.521125793
0.067993209 0.017057085 0.997539818 7.119023323 0.038206164 0.999075770 -0.019687517 -1.215821505 -0.996953785 0.039450809 0.067278706 88.564163208
0.062095910 0.017829787 0.997910678 7.707831383 0.039154116 0.999027133 -0.020286132 -1.231520414 -0.997301698 0.040332023 0.061337411 88.587409973
0.057398144 0.018072857 0.998187304 8.317590714 0.041377459 0.998933852 -0.020465657 -1.240157247 -0.997493207 0.042477187 0.056589164 88.624359131
0.054365512 0.018197306 0.998355210 8.942598343 0.042600356 0.998881161 -0.020526698 -1.261999369 -0.997612000 0.043646235 0.053529464 88.659454346
0.051290881 0.017993543 0.998521686 9.587799072 0.043474644 0.998849630 -0.020232607 -1.279725432 -0.997737050 0.044448130 0.050449602 88.688644409
0.048994292 0.016742814 0.998658955 10.224186897 0.045649219 0.998777330 -0.018984353 -1.288949013 -0.997755289 0.046518132 0.048170071 88.713706970
0.048288845 0.016403537 0.998698592 10.895160675 0.049785946 0.998582900 -0.018808870 -1.312887907 -0.997591853 0.050629430 0.047403730 88.736488342
0.049055830 0.016163219 0.998665154 11.589002609 0.052845530 0.998426616 -0.018755203 -1.334313273 -0.997397125 0.053695053 0.048124481 88.768310547
0.051715165 0.015889738 0.998535037 12.293629646 0.055291306 0.998294055 -0.018749475 -1.335778117 -0.997130215 0.056179997 0.050748359 88.803222656
0.055241346 0.015953423 0.998345554 13.027223587 0.056317464 0.998230696 -0.019067794 -1.357660055 -0.996883571 0.057277616 0.054245152 88.848625183
0.059410587 0.015810229 0.998108447 13.763723373 0.057268668 0.998173535 -0.019220073 -1.379070997 -0.996589720 0.058302205 0.058396656 88.896980286
0.063543051 0.013567463 0.997886837 14.528810501 0.058940951 0.998110890 -0.017323729 -1.400310993 -0.996237159 0.059917189 0.062623344 88.943344116
0.067850292 0.012245797 0.997620523 15.272153854 0.059316456 0.998106182 -0.016285997 -1.403453231 -0.995930791 0.060280278 0.066995442 88.991043091
0.071666598 0.010657052 0.997371674 16.046400070 0.056676757 0.998283565 -0.014739335 -1.421482205 -0.995817065 0.057584133 0.070939608 89.052215576
0.075901143 0.009686749 0.997068226 16.850303650 0.054745756 0.998403788 -0.013867216 -1.441159010 -0.995611370 0.055637810 0.075249702 89.121131897
0.079821885 0.010501838 0.996753752 17.657485962 0.052510425 0.998511612 -0.014725498 -1.466551661 -0.995425045 0.053515416 0.079151653 89.190818787
0.083195411 0.014263885 0.996431053 18.440475464 0.050119448 0.998572111 -0.018479180 -1.483462691 -0.995272040 0.051477998 0.082361765 89.261207581
0.085214175 0.018738698 0.996186376 19.254547119 0.046592399 0.998654306 -0.022770653 -1.504345536 -0.995272756 0.048355114 0.084226444 89.349273682
0.084920421 0.022563132 0.996132135 20.069850922 0.042075545 0.998770535 -0.026209839 -1.540934563 -0.995499074 0.044138573 0.083866671 89.419517517
0.085179642 0.022504823 0.996111393 20.903099060 0.040224466 0.998852074 -0.026006427 -1.567948937 -0.995553493 0.042283289 0.084176637 89.500274658
0.085068390 0.020946346 0.996154904 21.727382660 0.038003176 0.998983204 -0.024251167 -1.604434490 -0.995650291 0.039920095 0.084185876 89.578971863
0.084683605 0.020193348 0.996203363 22.511276245 0.037532974 0.999020100 -0.023440983 -1.609486580 -0.995701015 0.039375585 0.083842747 89.642181396
0.084846482 0.019597843 0.996201217 23.329816818 0.035344027 0.999118030 -0.022665473 -1.642767429 -0.995766938 0.037132863 0.084079027 89.722175598
0.085071631 0.019415213 0.996185660 24.145847321 0.034134772 0.999166310 -0.022388320 -1.676307440 -0.995790064 0.035909191 0.084337994 89.791725159
0.085185252 0.020371759 0.996156752 24.959098816 0.031099634 0.999249220 -0.023094444 -1.709363222 -0.995879710 0.032947421 0.084487788 89.871582031
0.084054261 0.021650856 0.996225774 25.775432587 0.027590273 0.999329865 -0.024046171 -1.746731043 -0.996079147 0.029507328 0.083400615 89.948371887
0.081212163 0.021579934 0.996462941 26.593969345 0.025152337 0.999402702 -0.023693506 -1.778435707 -0.996379435 0.026987579 0.080620877 90.027008057
0.076904021 0.020298613 0.996831298 27.354845047 0.021924598 0.999516606 -0.022044696 -1.799653053 -0.996797264 0.023550453 0.076421782 90.094482422
0.071839891 0.018174859 0.997250557 28.178256989 0.020173505 0.999602973 -0.019670986 -1.831649423 -0.997212291 0.021531209 0.071444720 90.163497925
0.065601580 0.015769688 0.997721314 28.991758347 0.019555125 0.999662638 -0.017086152 -1.860710979 -0.997654319 0.020631447 0.065271087 90.225555420
0.058168016 0.015933359 0.998179674 29.802040100 0.019022409 0.999673307 -0.017065715 -1.895371675 -0.998125672 0.019980459 0.057845943 90.274749756
0.050081402 0.016924419 0.998601913 30.565864563 0.016188191 0.999711156 -0.017755084 -1.915243745 -0.998614192 0.017054752 0.049792968 90.294334412
0.040376600 0.017539280 0.999030590 31.364810944 0.016892893 0.999690890 -0.018233612 -1.945992470 -0.999041736 0.017612725 0.040067848 90.320343018
0.030104594 0.016674055 0.999407589 32.167236328 0.016981196 0.999707878 -0.017190579 -1.973974705 -0.999402583 0.017488649 0.029812664 90.346504211
0.019219425 0.015828159 0.999689877 32.972068787 0.016655158 0.999730825 -0.016149003 -1.999684811 -0.999676466 0.016960369 0.018950643 90.364608765
0.007381176 0.014896534 0.999861598 33.740848541 0.017831832 0.999727905 -0.015026174 -2.006839991 -0.999813557 0.017940288 0.007113561 90.382225037
-0.003681653 0.015056702 0.999879777 34.530296326 0.018107574 0.999723554 -0.014987672 -2.034456015 -0.999829113 0.018050235 -0.003953279 90.381958008
-0.014778312 0.015436200 0.999771655 35.320514679 0.018297080 0.999717653 -0.015164897 -2.061250210 -0.999723136 0.018068809 -0.015056572 90.364067078
-0.024761459 0.016824776 0.999551594 36.054431915 0.017348066 0.999715090 -0.016397761 -2.083726168 -0.999542534 0.016934281 -0.025046270 90.335197449
-0.035314016 0.018061616 0.999212980 36.822319031 0.017979220 0.999686241 -0.017434757 -2.113347769 -0.999214590 0.017349385 -0.035627678 90.304420471
-0.044915851 0.018695874 0.998815835 37.595752716 0.018227614 0.999673724 -0.017892256 -2.139928102 -0.998824477 0.017402386 -0.045241997 90.272628784
-0.054487437 0.019291442 0.998328269 38.314468384 0.018910600 0.999653697 -0.018284950 -2.148257494 -0.998335242 0.017882701 -0.054833401 90.232826233
-0.063975088 0.019921768 0.997752488 39.060928345 0.018754950 0.999648094 -0.018757058 -2.177184582 -0.997775257 0.017512828 -0.064326212 90.187133789
-0.072559446 0.019151265 0.997180104 39.805370331 0.018583566 0.999667943 -0.017846817 -2.203337908 -0.997191012 0.017236222 -0.072891265 90.131744385
-0.079932295 0.018206324 0.996633887 40.542350769 0.021134585 0.999639273 -0.016566183 -2.231327057 -0.996576250 0.019739293 -0.080288261 90.064506531
-0.085241839 0.016455282 0.996224225 41.262111664 0.025581662 0.999569952 -0.014321651 -2.257005692 -0.996032000 0.024264283 -0.085626155 89.998146057
-0.088951074 0.014873085 0.995924711 41.916557312 0.027796550 0.999535799 -0.012444363 -2.257767677 -0.995648503 0.026576344 -0.089323185 89.938385010
-0.092093609 0.013594782 0.995657444 42.600234985 0.029934047 0.999492586 -0.010878385 -2.281713009 -0.995300233 0.028802225 -0.092453845 89.865280151
-0.093818441 0.013152104 0.995502234 43.294517517 0.030629041 0.999477506 -0.010318065 -2.309113026 -0.995117903 0.029523257 -0.094172254 89.801513672
-0.094008230 0.013359042 0.995481491 43.970275879 0.029927250 0.999495983 -0.010586729 -2.312135220 -0.995121241 0.028796785 -0.094360642 89.742462158
-0.092892356 0.013684102 0.995582044 44.634368896 0.030112870 0.999486685 -0.010928102 -2.334492922 -0.995220721 0.028964704 -0.093256772 89.686691284
-0.090128712 0.015142228 0.995814919 45.277488708 0.031607032 0.999424040 -0.012336437 -2.359656572 -0.995428503 0.030362893 -0.090555407 89.615470886
-0.084781915 0.015684852 0.996275902 45.897315979 0.031932250 0.999405146 -0.013016718 -2.380331993 -0.995887816 0.030709747 -0.085232347 89.580780029
-0.077146292 0.016278695 0.996886790 46.505561829 0.031334374 0.999412119 -0.013895053 -2.401160002 -0.996527314 0.030164862 -0.077611014 89.533630371
-0.066670313 0.016933689 0.997631490 47.009860992 0.030572454 0.999421179 -0.014920949 -2.411615849 -0.997306705 0.029505230 -0.067149349 89.520118713
-0.053120233 0.017092815 0.998441875 47.578376770 0.030345362 0.999419272 -0.015495079 -2.439164162 -0.998127043 0.029474987 -0.053608116 89.504348755
-0.035959020 0.018285571 0.999185920 48.125282288 0.029323820 0.999421299 -0.017234558 -2.456108332 -0.998923063 0.028680222 -0.036474459 89.490074158
-0.014616977 0.021071905 0.999671042 48.668216705 0.027864605 0.999398112 -0.020658717 -2.484248161 -0.999504983 0.027553480 -0.015195370 89.510437012
0.009817638 0.024189953 0.999659121 49.201423645 0.025229860 0.999382973 -0.024431046 -2.504688740 -0.999633670 0.025461128 0.009201251 89.533271790
0.038061477 0.025931641 0.998938859 49.705886841 0.023206450 0.999370635 -0.026827050 -2.523959160 -0.999006212 0.024202915 0.037435740 89.566741943
0.070955917 0.026407193 0.997129798 50.153896332 0.021491088 0.999376655 -0.027995996 -2.509870052 -0.997248650 0.023415901 0.070344195 89.627975464
0.108712643 0.024482427 0.993771493 50.661804199 0.020401938 0.999431252 -0.026853703 -2.531677723 -0.993863761 0.023194214 0.108151332 89.710449219
0.150605947 0.021147395 0.988367498 51.152305603 0.019537667 0.999512315 -0.024362972 -2.554508209 -0.988400578 0.022979615 0.150119334 89.815673828
0.194953218 0.016432870 0.980674684 51.648063660 0.015134093 0.999690354 -0.019760087 -2.582774639 -0.980695546 0.018693928 0.194644094 89.947753906
0.242499858 0.013324176 0.970059693 52.141296387 0.010936482 0.999804676 -0.016466683 -2.602224827 -0.970089614 0.014602222 0.242306739 90.108795166
0.293303877 0.011647811 0.955948055 52.599639893 0.006681224 0.999876440 -0.014232986 -2.620963573 -0.955995798 0.010561504 0.293189794 90.279731750
0.346573353 0.011699372 0.937949717 53.052192688 0.005606170 0.999878645 -0.014543312 -2.626607656 -0.938006043 0.010298643 0.346465558 90.504638672
0.399768293 0.012194811 0.916534781 53.371540070 0.005090037 0.999866784 -0.015523702 -2.658092976 -0.916601777 0.010871090 0.399652660 90.740524292
0.459411532 0.014983953 0.888097107 53.766525269 0.006268647 0.999778032 -0.020110998 -2.672583103 -0.888201535 0.014806396 0.459215701 90.972030640
0.517632008 0.018731812 0.855398238 54.154834747 0.007566611 0.999620855 -0.026468880 -2.691949368 -0.855569959 0.020173607 0.517294109 91.285423279
0.575256944 0.023346171 0.817639470 54.511627197 0.002931423 0.999527156 -0.030602068 -2.708938122 -0.817967594 0.020000899 0.574916601 91.551788330
0.629736304 0.026053816 0.776371717 54.851993561 -0.001560801 0.999477565 -0.032274887 -2.723991632 -0.776807547 0.019112909 0.629448235 91.914474487
0.679821432 0.029710013 0.732775152 55.094902039 -0.004679358 0.999334037 -0.036176320 -2.716764927 -0.733362734 0.021164512 0.679508448 92.242317200
0.728296638 0.027955685 0.684691250 55.357547760 -0.005293821 0.999367058 -0.035172809 -2.733005762 -0.685241401 0.021991612 0.727983773 92.584007263
0.772931874 0.024863098 0.634001493 55.645183563 -0.007839111 0.999529660 -0.029640792 -2.767700434 -0.634440482 0.017940316 0.772763431 92.992965698
0.813865364 0.019442841 0.580727696 55.869258881 -0.007838625 0.999716163 -0.022485137 -2.774632931 -0.581000209 0.013747778 0.813787222 93.403884888
0.850156069 0.017392201 0.526243329 56.056510925 -0.010809580 0.999819994 -0.015580712 -2.798972368 -0.526419520 0.007557575 0.850191355 93.791305542
0.881602585 0.016105758 0.471717566 56.282573700 -0.013141869 0.999867499 -0.009577177 -2.779126883 -0.471809119 0.002244030 0.881697834 94.246650696
0.907039881 0.015553845 0.420757234 56.442375183 -0.015840590 0.999870360 -0.002813464 -2.800850391 -0.420746624 -0.004113116 0.907168925 94.700523376
0.927043915 0.017946530 0.374522895 56.574470520 -0.019715954 0.999805033 0.000893190 -2.819543362 -0.374433905 -0.008212099 0.927217245 95.098350525
0.942166746 0.023040164 0.334351331 56.700782776 -0.025716260 0.999662697 0.003578899 -2.812615395 -0.334156185 -0.011970185 0.942441642 95.594642639
0.953912020 0.028479531 0.298731476 56.809425354 -0.030807257 0.999520302 0.003084854 -2.828796864 -0.298500359 -0.012145778 0.954332113 96.047897339
0.963104308 0.030632086 0.267378926 56.912315369 -0.032392461 0.999472499 0.002174390 -2.806739569 -0.267171353 -0.010755228 0.963588834 96.524147034
0.969152570 0.025767103 0.245110229 57.030258179 -0.027451681 0.999616861 0.003458176 -2.841535807 -0.244927257 -0.010080189 0.969488919 96.997795105
0.973142326 0.022999743 0.229052573 57.143455505 -0.024588501 0.999689043 0.004084260 -2.844799995 -0.228887528 -0.009606628 0.973405361 97.489761353
0.975950956 0.026471641 0.216376588 57.232414246 -0.027962530 0.999601424 0.003831093 -2.847341537 -0.216189012 -0.009789400 0.976302266 97.996917725
0.977962494 0.031819817 0.206341058 57.317436218 -0.033300098 0.999438286 0.003704042 -2.840610027 -0.206107393 -0.010493600 0.978472948 98.512100220
0.978398740 0.039438590 0.202928960 57.386669159 -0.040654268 0.999171138 0.001824117 -2.819320679 -0.202688992 -0.010034659 0.979191184 98.978515625
0.978619277 0.047398411 0.200143889 57.476562500 -0.048032843 0.998844206 -0.001687597 -2.818184614 -0.199992687 -0.007961967 0.979764938 99.495979309
0.978742123 0.048696101 0.199229315 57.577796936 -0.048828892 0.998797894 -0.004249770 -2.829236746 -0.199196905 -0.005568714 0.979943514 100.037086487
0.978384197 0.046108481 0.201588795 57.690315247 -0.045537572 0.998934448 -0.007471230 -2.841468811 -0.201718673 -0.001870126 0.979441464 100.573799133
0.977580369 0.046565991 0.205348611 57.814826965 -0.044623815 0.998904467 -0.014081482 -2.854146004 -0.205779523 0.004602345 0.978587270 101.128669739
0.976642907 0.048602045 0.209299579 57.944686890 -0.045748692 0.998782396 -0.018455535 -2.864389420 -0.209941834 0.008449287 0.977677166 101.690917969
0.975564301 0.048880484 0.214207157 58.049686432 -0.046008319 0.998771846 -0.018376505 -2.871475220 -0.214842603 0.008072143 0.976614833 102.296501160
0.974257588 0.049954459 0.219833195 58.175224304 -0.047982834 0.998745561 -0.014302579 -2.884691954 -0.220271990 0.003386181 0.975432575 102.891868591
0.973250568 0.047919098 0.224693388 58.319023132 -0.046894673 0.998850644 -0.009896896 -2.898224354 -0.224909514 -0.000904763 0.974379241 103.501853943
0.972565651 0.042980660 0.228623837 58.464946747 -0.043158315 0.999059081 -0.004225006 -2.913252115 -0.228590459 -0.005757925 0.973505616 104.112518311
0.971798658 0.040086132 0.232379988 58.617412567 -0.041322351 0.999145627 0.000452356 -2.923817635 -0.232163385 -0.010042089 0.972624898 104.737419128
0.971328139 0.034127083 0.235280618 58.779411316 -0.035512000 0.999367714 0.001650302 -2.940639496 -0.235075623 -0.009958267 0.971925974 105.389427185
0.971173227 0.034648161 0.235843524 58.929275513 -0.035095241 0.999381185 -0.002303139 -2.929689646 -0.235777482 -0.006040234 0.971788168 106.036148071
0.971328855 0.033811882 0.235322684 59.092575073 -0.032517117 0.999426961 -0.009381576 -2.945762157 -0.235505134 0.001460579 0.971871912 106.687660217
0.971401095 0.037650540 0.234440386 59.243213654 -0.034804143 0.999261618 -0.016268361 -2.956271648 -0.234879911 0.007643608 0.971994281 107.349868774
0.971899569 0.040407058 0.231902003 59.395954132 -0.036749620 0.999122918 -0.020071745 -2.968919039 -0.232509732 0.010985406 0.972531974 108.010696411
0.972551107 0.039376277 0.229333296 59.553833008 -0.036714304 0.999199808 -0.015864387 -2.983523846 -0.229774520 0.007009114 0.973218620 108.714744568
0.973045170 0.033620764 0.228150427 59.728790283 -0.032786675 0.999434650 -0.007445993 -2.993535519 -0.228271648 -0.000235011 0.973597467 109.434593201
0.973722160 0.032092318 0.225466400 59.894439697 -0.032593027 0.999467552 -0.001502100 -3.005808353 -0.225394547 -0.005886006 0.974249840 110.166557312
0.973935843 0.036961142 0.223791718 60.044967651 -0.037463363 0.999296010 -0.002002738 -3.020798683 -0.223708227 -0.006433454 0.974635005 110.885742188
0.974260867 0.041500200 0.221569985 60.194885254 -0.041110676 0.999134123 -0.006371544 -3.029079437 -0.221642584 -0.002901344 0.975123823 111.609977722
0.974979639 0.044107579 0.217872888 60.360679626 -0.042485822 0.999023378 -0.012124803 -3.038472176 -0.218195021 0.002564928 0.975902081 112.371841431
0.975826800 0.045101881 0.213840425 60.524841309 -0.042783283 0.998964608 -0.015460621 -3.046095133 -0.214316353 0.005938096 0.976746321 113.120132446
0.976719499 0.043844074 0.209992185 60.688308716 -0.041896749 0.999027729 -0.013715154 -3.066057205 -0.210389346 0.004597872 0.977606952 113.883308411
0.977433205 0.043533847 0.206710279 60.854507446 -0.041974653 0.999047339 -0.011924732 -3.081794500 -0.207032502 0.002979038 0.978329599 114.691154480
0.978105783 0.035770632 0.205010682 61.014808655 -0.034724798 0.999358654 -0.008697990 -3.093560934 -0.205190226 0.001388595 0.978721440 115.466552734
0.978538752 0.030402059 0.203807369 61.181701660 -0.029608097 0.999537170 -0.006944418 -3.108737469 -0.203924254 0.000761036 0.978986323 116.253860474
0.978805602 0.025385665 0.203211963 61.359783173 -0.024811136 0.999677360 -0.005374718 -3.132718563 -0.203282923 0.000218885 0.979120016 117.065383911
0.978925645 0.024968805 0.202684075 61.509773254 -0.024664097 0.999687433 -0.004029361 -3.145686388 -0.202721387 -0.001054573 0.979235828 117.876045227
0.978699625 0.030358205 0.203039750 61.671230316 -0.029877257 0.999538481 -0.005434114 -3.162978411 -0.203111082 -0.000747903 0.979155362 118.709999084
0.978242040 0.039071281 0.203753203 61.835403442 -0.038037769 0.999235332 -0.008987739 -3.146902561 -0.203948721 0.001041871 0.978980899 119.539848328
0.977680504 0.046850365 0.204806328 61.991889954 -0.045613505 0.998901129 -0.010758695 -3.168033600 -0.205085352 0.001176635 0.978743494 120.366622925
0.976840019 0.052192524 0.207507074 62.155529022 -0.051224016 0.998636603 -0.010041532 -3.189138412 -0.207748294 -0.000820373 0.978182018 121.212677002
0.976012230 0.054843020 0.210694492 62.326000214 -0.054327596 0.998489022 -0.008238316 -3.207707882 -0.210828051 -0.003405824 0.977517307 122.065170288
0.975515485 0.056470234 0.212557063 62.505767822 -0.055729948 0.998400569 -0.009477419 -3.202414513 -0.212752476 -0.002600425 0.977102757 122.858589172
0.975219429 0.055272639 0.214223489 62.684638977 -0.053999994 0.998471379 -0.011792769 -3.225201130 -0.214547828 -0.000067526 0.976713657 123.700775146
0.975145936 0.049599521 0.215940371 62.875923157 -0.048211318 0.998768687 -0.011694748 -3.251069307 -0.216254607 0.000993317 0.976336658 124.542343140
0.975478232 0.043601606 0.215733796 63.071624756 -0.042001449 0.999045491 -0.011998473 -3.275217056 -0.216051087 0.002643119 0.976378679 125.368309021
0.975351751 0.040526375 0.216902241 63.261352539 -0.038768630 0.999171853 -0.012354684 -3.314666510 -0.217223361 0.003641166 0.976115286 126.223815918
0.974822521 0.042595811 0.218875766 63.434783936 -0.041396715 0.999092102 -0.010063624 -3.332698345 -0.219105765 0.000749513 0.975700974 127.054443359
0.974018335 0.046318412 0.221682206 63.585365295 -0.046809409 0.998899221 -0.003041194 -3.335964680 -0.221579149 -0.007414630 0.975114405 127.891273499
0.973539174 0.050022058 0.222977668 63.769897461 -0.051140748 0.998691082 -0.000758201 -3.336809874 -0.222723752 -0.010665101 0.974823296 128.739456177
0.973313332 0.049438804 0.224090934 63.950531006 -0.049280766 0.998765051 -0.006301531 -3.362027884 -0.224125743 -0.004910003 0.974547923 129.560836792
0.973677397 0.045779254 0.223284826 64.139816284 -0.042212609 0.998893619 -0.020722978 -3.390526772 -0.223986492 0.010752075 0.974533081 130.385772705
