1.000000000 -0.000000000 0.000000000 0.000000000 -0.000000000 1.000000000 -0.000000000 -0.000000000 0.000000000 -0.000000000 0.999999881 0.000000000
0.999046803 -0.000480287 0.043648016 0.043657038 0.000588976 0.999996722 -0.002477256 -0.017934917 -0.043646693 0.002500601 0.999043822 1.025024295
0.996007204 -0.004535784 0.089157879 0.136402622 0.005211915 0.999959350 -0.007352199 -0.039828174 -0.089120895 0.007787528 0.995990217 2.046374798
0.991048276 -0.004752543 0.133419424 0.288186014 0.006361361 0.999912024 -0.011634676 -0.100779161 -0.133352399 0.012379253 0.990991294 2.993241549
0.983566880 -0.001402012 0.180537850 0.450738072 0.003928072 0.999899268 -0.013635095 -0.093797557 -0.180500612 0.014120198 0.983473420 4.055086613
0.974016488 -0.004010046 0.226441696 0.681095123 0.007284534 0.999880493 -0.013626861 -0.125704259 -0.226360008 0.014922309 0.973929286 5.048256397
0.962356091 -0.005263589 0.271740615 0.947916031 0.009552015 0.999849737 -0.014461006 -0.155894503 -0.271623671 0.016512310 0.962261856 5.987177849
0.948742926 -0.007109759 0.315968603 1.265246153 0.013264648 0.999761641 -0.017332973 -0.193783224 -0.315770268 0.020635763 0.948611438 6.994369030
0.933553755 -0.008872204 0.358327806 1.636664748 0.016838517 0.999675393 -0.019117499 -0.227996647 -0.358041823 0.023880929 0.933399916 7.937339783
0.916096389 -0.009391180 0.400848150 2.031162262 0.019409433 0.999592125 -0.020939486 -0.222271398 -0.400488138 0.026962820 0.915905178 8.834467888
0.896473289 -0.009018219 0.443006277 2.484046459 0.019260010 0.999640703 -0.018625233 -0.295001328 -0.442679197 0.025229335 0.896324992 9.767206192
0.874658883 -0.009012354 0.484655201 2.950731039 0.019629423 0.999665439 -0.016836116 -0.338604063 -0.484341264 0.024239354 0.874543309 10.586726189
0.850011528 -0.009333445 0.526681423 3.476308584 0.021266850 0.999635816 -0.016607806 -0.366673470 -0.526334524 0.025317676 0.849900603 11.479335785
0.824790776 -0.009100946 0.565365255 4.060532093 0.022389648 0.999611795 -0.016572226 -0.402232587 -0.564994752 0.026326928 0.824674368 12.329266548
0.797283053 -0.010348693 0.603516996 4.639586449 0.025458293 0.999539852 -0.016492551 -0.457507014 -0.603068471 0.028513737 0.797179520 13.112400055
0.768012702 -0.010516362 0.640348434 5.274455070 0.027621588 0.999478698 -0.016714107 -0.454030812 -0.639838755 0.030524079 0.767902672 13.878246307
0.737835944 -0.012606981 0.674862385 5.963736534 0.031187771 0.999394178 -0.015428511 -0.504232764 -0.674259067 0.032431163 0.737781942 14.608201027
0.705869913 -0.012088170 0.708238244 6.638014793 0.031554613 0.999398351 -0.014391421 -0.528303683 -0.707638144 0.032506660 0.705826581 15.278295517
0.670770049 -0.011499848 0.741575956 7.381484032 0.033708666 0.999319196 -0.014993405 -0.525464177 -0.740898788 0.035054676 0.670701087 15.961181641
0.635852277 -0.011711948 0.771721721 8.186765671 0.037675861 0.999163926 -0.015878960 -0.596011877 -0.770890355 0.039171971 0.635761976 16.620470047
0.598332286 -0.010116259 0.801184297 8.978236198 0.038356382 0.999135613 -0.016029207 -0.611860514 -0.800329387 0.040321320 0.598202884 17.211353302
0.561395407 -0.009216061 0.827496350 9.745070457 0.041742604 0.998980343 -0.017193357 -0.667407274 -0.826494157 0.044194113 0.561207652 17.711336136
0.522101581 -0.006526808 0.852858245 10.663683891 0.045046188 0.998785853 -0.019932728 -0.683270812 -0.851693034 0.048824918 0.521761537 18.308738708
0.483035266 -0.005318246 0.875584722 11.542367935 0.048181236 0.998627841 -0.020514611 -0.702511072 -0.874274075 0.052096020 0.482628763 18.803524017
0.444547325 -0.007435627 0.895724595 12.445991516 0.052317966 0.998473763 -0.017676765 -0.740682840 -0.894225955 0.054720625 0.444258034 19.240108490
0.406933844 -0.008197296 0.913420916 13.343961716 0.056326773 0.998282015 -0.016135007 -0.790770710 -0.911719322 0.058015928 0.406696349 19.639347076
0.371727705 -0.005302763 0.928326786 14.333333969 0.058025077 0.998161256 -0.017533179 -0.788355589 -0.926526725 0.060383812 0.371351719 20.033124924
0.338276267 -0.006060070 0.941027224 15.278567314 0.058960903 0.998151064 -0.014767065 -0.810791790 -0.939197659 0.060479134 0.338008314 20.373092651
0.304653764 -0.007515742 0.952433407 16.280630112 0.061309941 0.998049915 -0.011735432 -0.833175182 -0.950487912 0.061968863 0.304520428 20.690519333
0.271765620 -0.007397415 0.962335050 17.262456894 0.062164471 0.998017132 -0.009883685 -0.854252696 -0.960353374 0.062509052 0.271686494 20.968652725
0.239370421 -0.004463993 0.970918059 18.279909134 0.059594702 0.998171568 -0.010103204 -0.877264798 -0.969097435 0.060279988 0.239198714 21.225505829
0.208158776 -0.002622565 0.978091419 19.318096161 0.059505478 0.998177946 -0.009987619 -0.890298724 -0.976283133 0.060280815 0.207935482 21.450634003
0.177546471 -0.002349574 0.984109879 20.348409653 0.061490826 0.998069525 -0.008710862 -0.911112666 -0.982189298 0.062060274 0.177348271 21.638624191
0.146879271 -0.002488790 0.989151061 21.400098801 0.063517399 0.997956753 -0.006920763 -0.926848650 -0.987112641 0.063844785 0.146737233 21.793682098
0.116289876 -0.003121128 0.993210375 22.493204117 0.062060874 0.998063803 -0.004130013 -0.941603422 -0.991274536 0.062119782 0.116258398 21.923763275
0.086745322 -0.003536120 0.996224344 23.591110229 0.062585890 0.998037636 -0.001907050 -0.959237158 -0.994262516 0.062514953 0.086796410 22.024097443
0.058934651 -0.003254003 0.998256564 24.682195663 0.065506831 0.997851968 -0.000614682 -0.960770905 -0.996109962 0.065428823 0.059021216 22.073459625
0.034325071 -0.002515672 0.999407589 25.823690414 0.069610476 0.997574210 0.000120254 -0.975515127 -0.996983230 0.069565088 0.034416921 22.123735428
0.011317002 -0.001861926 0.999934316 27.005178452 0.073908418 0.997264564 0.001020478 -0.976568520 -0.997200727 0.073891968 0.011423650 22.130540848
-0.009064068 -0.001815112 0.999957144 28.168861389 0.079738922 0.996812701 0.002532199 -0.977205515 -0.996774614 0.079758473 -0.008890447 22.115848541
-0.026738262 -0.002307559 0.999639690 29.353487015 0.084193304 0.996439278 0.004552169 -0.979587197 -0.996090531 0.084284686 -0.026448764 22.077613831
-0.042294927 -0.002130240 0.999102950 30.547702789 0.087388687 0.996157408 0.005823377 -0.979939222 -0.995276093 0.087556563 -0.041946217 22.019882202
-0.057082802 -0.002655624 0.998365998 31.759439468 0.089534566 0.995953083 0.007768455 -0.978156388 -0.994346440 0.089831725 -0.056614038 21.956670761
-0.070289366 -0.003657394 0.997520149 32.963882446 0.089662008 0.995922327 0.009969490 -0.977192402 -0.993488789 0.090140343 -0.069674812 21.869384766
-0.082454927 -0.003508101 0.996588647 34.184017181 0.089490980 0.995927691 0.010910005 -0.978065968 -0.992568552 0.090085275 -0.081805214 21.765747070
-0.093852296 -0.000707886 0.995586038 35.414764404 0.089415349 0.995952487 0.009137184 -0.975239158 -0.991562784 0.089878187 -0.093409061 21.656721115
-0.103874587 0.002819027 0.994586408 36.661380768 0.089860581 0.995932698 0.006562191 -0.966978312 -0.990522563 0.090055712 -0.103705399 21.521055222
-0.113350898 0.005386560 0.993540406 37.935466766 0.091056332 0.995833218 0.004989433 -0.963299811 -0.989373624 0.091033690 -0.113369077 21.377914429
-0.120936953 0.006678415 0.992637575 39.228080750 0.090874642 0.995852590 0.004371568 -0.956817627 -0.988491833 0.090734266 -0.121042259 21.225706100
-0.126772493 0.007529373 0.991903245 40.541984558 0.090506576 0.995887756 0.004007780 -0.952179193 -0.987794042 0.090281829 -0.126932606 21.063999176
-0.132081822 0.009206399 0.991195977 41.877983093 0.091521032 0.995798886 0.002946488 -0.949441314 -0.987004519 0.091104463 -0.132369474 20.895250320
-0.136458755 0.011028959 0.990584433 43.114593506 0.091009863 0.995848894 0.001449562 -0.952923536 -0.986456096 0.090350747 -0.136895970 20.723033905
-0.140507564 0.011651867 0.990011156 44.446193695 0.091217317 0.995830178 0.001225682 -0.965816796 -0.985868394 0.090478353 -0.140984476 20.544458389
-0.143341720 0.011061353 0.989611566 46.026752472 0.090840586 0.995863497 0.002026699 -0.949291468 -0.985495031 0.090187371 -0.143753499 20.298009872
-0.146234915 0.008998205 0.989208996 47.367599487 0.091434471 0.995801091 0.004458603 -0.952326179 -0.985015213 0.091099776 -0.146443650 20.101364136
-0.148110583 0.008282966 0.988936067 48.738258362 0.091869660 0.995756269 0.005419011 -0.948187709 -0.984694421 0.091655821 -0.148242995 19.897378922
-0.150173858 0.008486900 0.988623202 50.365074158 0.093715630 0.995582521 0.005688953 -0.956180513 -0.984207928 0.093503766 -0.150305763 19.642173767
-0.150793210 0.008830744 0.988525867 51.750923157 0.094848961 0.995476007 0.005575765 -0.941741943 -0.984004438 0.094601445 -0.150948584 19.443689346
-0.152032703 0.009768814 0.988327146 53.310386658 0.095103115 0.995455921 0.004790277 -0.940924108 -0.983789146 0.094721273 -0.152270809 19.199026108
-0.151696488 0.010579203 0.988370597 54.743801117 0.095760316 0.995396197 0.004043019 -0.925124466 -0.983777344 0.095259950 -0.152011141 18.971258163
-0.151570648 0.011790570 0.988376439 56.349403381 0.094636388 0.995508492 0.002637135 -0.930265844 -0.983905375 0.093936019 -0.152005583 18.727638245
-0.150139272 0.011846983 0.988593817 57.860668182 0.094584458 0.995513856 0.002434787 -0.942433238 -0.984129786 0.093871176 -0.150586292 18.482070923
-0.149008557 0.010464070 0.988780320 59.452182770 0.094799414 0.995489299 0.003751156 -0.935925543 -0.984280944 0.094294809 -0.149328396 18.253894806
-0.147745565 0.010534820 0.988969207 60.987110138 0.094756372 0.995494068 0.003551659 -0.946693003 -0.984475613 0.094235882 -0.148078114 18.020374298
-0.146925747 0.012209802 0.989071965 62.645019531 0.095301658 0.995446444 0.001868478 -0.927935541 -0.984545588 0.094534732 -0.147420391 17.775880814
-0.145181924 0.012849068 0.989321351 64.216377258 0.095560186 0.995423079 0.001095050 -0.941459358 -0.984779239 0.094698735 -0.145745277 17.538856506
-0.145035356 0.012632811 0.989345491 65.919731140 0.095833890 0.995396435 0.001338912 -0.933360934 -0.984774232 0.095007017 -0.145578280 17.290641785
-0.144682303 0.011198892 0.989414632 67.506629944 0.097322382 0.995248556 0.002966550 -0.953125596 -0.984680235 0.096721411 -0.145084739 17.072324753
-0.143624082 0.009228063 0.989589095 69.242919922 0.099182449 0.995055974 0.005115822 -0.938816369 -0.984649539 0.098884694 -0.143829316 16.799682617
-0.142682746 0.009868250 0.989719272 70.904083252 0.101310186 0.994843841 0.004686021 -0.938676059 -0.984569907 0.100937255 -0.142946810 16.574619293
-0.142016739 0.012312469 0.989787698 72.598678589 0.102585644 0.994721293 0.002345341 -0.938512623 -0.984534323 0.101871043 -0.142530128 16.306022644
-0.141128704 0.012824705 0.989908278 74.277549744 0.103860080 0.994589865 0.001921703 -0.935563862 -0.984528124 0.103083119 -0.141697168 16.057319641
-0.141321257 0.011820461 0.989893377 76.015151978 0.102166831 0.994763196 0.002707136 -0.947081685 -0.984677553 0.101516835 -0.141788945 15.819485664
-0.140990660 0.011826924 0.989940405 77.717254639 0.102246597 0.994755447 0.002677856 -0.938003778 -0.984716713 0.101595581 -0.141460478 15.579567909
-0.140894026 0.011228568 0.989960968 79.502990723 0.103320740 0.994642377 0.003423227 -0.943304777 -0.984618485 0.102765799 -0.141299188 15.318939209
-0.141059607 0.011038685 0.989939690 81.273056030 0.103990041 0.994571328 0.003727534 -0.941281676 -0.984524131 0.103469647 -0.141441733 15.073839188
-0.141163945 0.012069936 0.989912450 83.042320251 0.104419097 0.994529426 0.002764192 -0.943556488 -0.984463871 0.103755996 -0.141651988 14.825902939
-0.141705319 0.013156907 0.989821315 84.832153320 0.104061931 0.994569659 0.001677754 -0.941299200 -0.984423876 0.103240497 -0.142304882 14.568411827
-0.142658025 0.013795431 0.989675879 86.635864258 0.103317648 0.994647861 0.001028101 -0.952999651 -0.984364688 0.102397583 -0.143319771 14.307850838
-0.144229114 0.014178644 0.989442766 88.440513611 0.102497250 0.994733155 0.000686373 -0.964807212 -0.984221578 0.101514123 -0.144922704 14.058281898
-0.145067230 0.014263995 0.989319026 90.251731873 0.103032619 0.994677603 0.000766772 -0.968103647 -0.984042346 0.102043346 -0.145764813 13.788123131
-0.146146059 0.013273912 0.989173830 92.108253479 0.101877332 0.994795501 0.001702568 -0.982728601 -0.984003007 0.101023190 -0.146737784 13.524283409
-0.146754786 0.012562655 0.989093184 93.954551697 0.099333577 0.995051861 0.002100085 -0.978739083 -0.984172583 0.098558329 -0.147276491 13.246457100
-0.148129240 0.013253515 0.988879144 95.831192017 0.099321187 0.995054066 0.001541535 -0.995513141 -0.983968019 0.098444946 -0.148712933 12.969806671
-0.150513917 0.013735106 0.988512397 97.730743408 0.098140493 0.995171666 0.001115533 -1.002618313 -0.983724535 0.097181030 -0.151135162 12.676508904
-0.154667526 0.014818686 0.987855434 99.626091003 0.098550066 0.995131910 0.000502036 -1.006357074 -0.983039141 0.097430818 -0.155374944 12.378676414
-0.159429416 0.013885201 0.987111628 101.514884949 0.096622296 0.995319784 0.001604903 -1.015556574 -0.982469738 0.095632873 -0.160024792 12.090642929
-0.164250046 0.013466063 0.986326575 103.428268433 0.095402762 0.995436192 0.002296716 -1.022523642 -0.981794536 0.094475538 -0.164785102 11.777797699
-0.169149548 0.013969537 0.985491395 105.347122192 0.094570242 0.995515943 0.002120389 -1.039936423 -0.981042683 0.093556821 -0.169712186 11.484254837
-0.173371822 0.015916346 0.984727919 107.284477234 0.094419703 0.995532513 0.000532611 -1.048778653 -0.980319798 0.093070038 -0.174100101 11.117021561
-0.178327754 0.017553791 0.983814478 109.226158142 0.093884923 0.995582640 -0.000746037 -1.064271688 -0.979481816 0.092232302 -0.179188058 10.776947021
-0.183176786 0.018143637 0.982912421 111.171722412 0.092743419 0.995689332 -0.001095705 -1.086310267 -0.978695333 0.090957977 -0.184069887 10.432662964
-0.188192546 0.017315531 0.981979430 113.121742249 0.090591319 0.995887995 -0.000199301 -1.099975467 -0.977944911 0.088921353 -0.188987374 10.052686691
-0.193980590 0.016714340 0.980862856 115.088264465 0.088489473 0.996077061 0.000526555 -1.122418165 -0.977005959 0.086898193 -0.194698647 9.692394257
-0.199569628 0.016300751 0.979747772 117.060333252 0.088081084 0.996112645 0.001368661 -1.120445371 -0.975916445 0.086570457 -0.200229615 9.292636871
-0.205410957 0.016077407 0.978543639 119.030769348 0.088173583 0.996102810 0.002143050 -1.134904027 -0.974695623 0.086721912 -0.206028014 8.906887054
-0.211522177 0.017879909 0.977209449 121.018722534 0.089860283 0.995953560 0.001227857 -1.165283322 -0.973233461 0.088072039 -0.212272912 8.499635696
-0.216254801 0.018907664 0.976153433 123.042816162 0.088582747 0.996068776 0.000330997 -1.158368707 -0.972309768 0.086541973 -0.217079476 8.020170212
-0.222462937 0.018598851 0.974763572 125.042869568 0.089166224 0.996015847 0.001345380 -1.184472680 -0.970855057 0.087215297 -0.223234951 7.577535629
-0.227890313 0.018644711 0.973508120 127.010711670 0.088686436 0.996058166 0.001684174 -1.189389110 -0.969639480 0.086720794 -0.228645429 7.128492355
-0.233148932 0.019683693 0.972241819 128.992614746 0.087989017 0.996121109 0.000933096 -1.192797542 -0.968452156 0.085764110 -0.233976424 6.661506653
-0.238606006 0.020030621 0.970909655 131.004638672 0.087017559 0.996206582 0.000832502 -1.208435297 -0.967209756 0.084684849 -0.239443868 6.183593750
-0.242907166 0.019313212 0.969857156 132.990020752 0.088583276 0.996065795 0.002351152 -1.228786469 -0.965996087 0.086484239 -0.243662342 5.687276840
-0.246886566 0.019344959 0.968851209 134.999069214 0.091027476 0.995842755 0.003312087 -1.234182596 -0.964759350 0.089009784 -0.247621119 5.181522369
-0.250306308 0.020106904 0.967957795 137.005950928 0.092340842 0.995722294 0.003194975 -1.246987820 -0.963752925 0.090181783 -0.251092136 4.662940979
-0.253303021 0.020641582 0.967166781 139.005477905 0.092451923 0.995712698 0.002962538 -1.254148483 -0.962958872 0.090166859 -0.254125446 4.139175415
-0.256288975 0.020516146 0.966382444 141.057266235 0.091438398 0.995805919 0.003109067 -1.268760204 -0.962265432 0.089161262 -0.257090032 3.602268219
-0.260683507 0.021170851 0.965192020 143.065795898 0.090423003 0.995900154 0.002577452 -1.276804447 -0.961180031 0.087947495 -0.261528969 3.066268921
-0.265215784 0.021361561 0.963952422 145.130142212 0.088826783 0.996044278 0.002366517 -1.303084612 -0.960088551 0.086252421 -0.266064167 2.505867004
-0.269367188 0.021449242 0.962798595 147.150314331 0.088228397 0.996097088 0.002493071 -1.299059033 -0.958987296 0.085617736 -0.270208448 1.945163727
-0.273941755 0.022009680 0.961494386 149.198974609 0.088664502 0.996058464 0.002460735 -1.313095093 -0.957650542 0.085924506 -0.274813384 1.370990753
-0.278278112 0.022481317 0.960237503 151.275619507 0.088018619 0.996116459 0.002186579 -1.326972008 -0.956458986 0.085127242 -0.279176056 0.778533936
-0.283189446 0.022253908 0.958805859 153.328369141 0.087532148 0.996158183 0.002732315 -1.348345637 -0.955061197 0.084700115 -0.284049153 0.192825317
-0.287193149 0.021764867 0.957625389 155.388259888 0.087508224 0.996157229 0.003603222 -1.360480547 -0.953867018 0.084834941 -0.287994146 -0.420471191
-0.291340113 0.021993736 0.956366539 157.440887451 0.088402078 0.996076822 0.004023180 -1.369384050 -0.952525914 0.085716873 -0.292141467 -1.035449982
-0.295448393 0.022505300 0.955093563 159.516189575 0.089321055 0.995994210 0.004161490 -1.386074543 -0.951174140 0.086539455 -0.296275139 -1.666168213
-0.298872769 0.023739234 0.953997433 161.568511963 0.089599304 0.995972455 0.003286359 -1.390860319 -0.950077176 0.086459734 -0.299796015 -2.304309845
-0.302485853 0.025382133 0.952815771 163.660736084 0.089877754 0.995950878 0.002001862 -1.406104326 -0.948906779 0.086242497 -0.303542256 -2.968879700
-0.306060255 0.026670776 0.951638460 165.753494263 0.090669133 0.995880306 0.001249745 -1.418114901 -0.947684765 0.086666703 -0.307217419 -3.624275208
-0.309219062 0.027166585 0.950602949 167.835891724 0.090087593 0.995933592 0.000842283 -1.433887482 -0.946714222 0.085897945 -0.310408682 -4.290637970
-0.312941074 0.027090358 0.949386358 169.946807861 0.090239473 0.995919108 0.001326978 -1.450472355 -0.945475996 0.086087354 -0.314108640 -4.974494934
-0.317230761 0.027308352 0.947955012 172.047195435 0.090125658 0.995929301 0.001469942 -1.463166237 -0.944056213 0.085901372 -0.318400502 -5.653358459
-0.321648777 0.028584071 0.946427464 174.173736572 0.092011921 0.995757103 0.001196842 -1.467100978 -0.942377865 0.087467566 -0.322914183 -6.358055115
-0.324140012 0.028375657 0.945583463 176.268646240 0.094147705 0.995555460 0.002398012 -1.491035581 -0.941312492 0.089801833 -0.325370759 -7.086536407
-0.326405734 0.027837202 0.944819808 178.356674194 0.095073991 0.995463848 0.003515765 -1.508412361 -0.940436125 0.090975374 -0.327571690 -7.816562653
-0.329217136 0.027280537 0.943860054 180.469223022 0.094909154 0.995476663 0.004331772 -1.524267554 -0.939472437 0.091007039 -0.330317020 -8.556076050
-0.332098603 0.027803134 0.942834735 182.606903076 0.093615606 0.995601952 0.003615422 -1.526824474 -0.938587427 0.089464724 -0.333240628 -9.308708191
-0.334056467 0.029255414 0.942098856 184.702529907 0.093229547 0.995642245 0.002139925 -1.553794622 -0.937930882 0.088546358 -0.335328132 -10.069686890
-0.337986588 0.031343728 0.940629005 186.860107422 0.092711791 0.995692968 0.000134603 -1.559916854 -0.936573207 0.087252848 -0.339436918 -10.824008942
-0.341278434 0.032253552 0.939408600 189.008163452 0.091881536 0.995769620 -0.000808919 -1.579526782 -0.935460627 0.086038254 -0.342798352 -11.592163086
-0.344654471 0.033213388 0.938141823 191.142303467 0.090500161 0.995894432 -0.002010095 -1.600157261 -0.934356868 0.084209211 -0.346245140 -12.358741760
-0.348432213 0.033520587 0.936734319 193.292984009 0.091172792 0.995833576 -0.001722366 -1.626995921 -0.932889163 0.084804535 -0.350036651 -13.145343781
-0.352336645 0.032417472 0.935311556 195.434356689 0.090557866 0.995891273 -0.000403519 -1.648833036 -0.931481481 0.084557638 -0.353824586 -13.927650452
-0.355667621 0.031844232 0.934069812 197.581085205 0.090510383 0.995895326 0.000511827 -1.670621634 -0.930219531 0.084725074 -0.357089967 -14.741527557
-0.359351158 0.031877130 0.932657778 199.746459961 0.090681173 0.995879591 0.000901294 -1.689671636 -0.928786039 0.084898345 -0.360761166 -15.577323914
-0.363171399 0.031867560 0.931177139 201.890853882 0.089574546 0.995979905 0.000849981 -1.707925200 -0.927406490 0.083718486 -0.364565760 -16.396465302
-0.366849422 0.032654088 0.929707050 204.038757324 0.089029983 0.996028960 0.000146470 -1.729181886 -0.926010311 0.082825541 -0.368299723 -17.235748291
-0.370227605 0.032951672 0.928356469 206.205368042 0.088790938 0.996050239 0.000055295 -1.755208492 -0.924687743 0.082450107 -0.371691108 -18.083179474
-0.372956693 0.033737123 0.927235365 208.353805542 0.089827664 0.995957434 -0.000106676 -1.779633403 -0.923490107 0.083251573 -0.374479383 -18.946262360
-0.375535488 0.033523351 0.926201522 210.514709473 0.090855904 0.995863676 0.000793478 -1.804467559 -0.922343850 0.084448829 -0.377027899 -19.818489075
-0.378144234 0.033063728 0.925155938 212.672012329 0.092289306 0.995729864 0.002135989 -1.828263640 -0.921135068 0.086189747 -0.379580766 -20.692817688
-0.380560726 0.033553466 0.924146950 214.838577271 0.093145505 0.995649874 0.002207445 -1.848003983 -0.920052826 0.086920179 -0.382030636 -21.585987091
-0.383234978 0.034565181 0.923003912 217.013565063 0.093132123 0.995652735 0.001383030 -1.863300085 -0.918943584 0.086491302 -0.384787947 -22.490371704
-0.385893852 0.034651715 0.921892166 219.169006348 0.092581369 0.995704412 0.001327383 -1.884741306 -0.917886019 0.085862271 -0.387444139 -23.383571625
-0.388733357 0.035531748 0.920664907 221.320983887 0.092021026 0.995756865 0.000424322 -1.911004424 -0.916743457 0.084885493 -0.390353650 -24.285434723
-0.391615063 0.036870439 0.919390202 223.495162964 0.092011355 0.995757818 -0.000740693 -1.932016373 -0.915516973 0.084304288 -0.393346280 -25.203392029
-0.394090146 0.036963549 0.918328285 225.663345337 0.089860789 0.995953321 -0.001525297 -1.958708286 -0.914668202 0.081920549 -0.395816833 -26.126567841
-0.397148043 0.037895963 0.916971922 227.822814941 0.090766028 0.995870709 -0.001845147 -1.984967113 -0.913255394 0.082497053 -0.398947597 -27.053653717
-0.399526447 0.037534099 0.915952861 229.980331421 0.092329040 0.995728552 -0.000530429 -2.012601852 -0.912059903 0.084357165 -0.401285350 -27.996841431
-0.402267218 0.036639340 0.914788842 232.136489868 0.092812017 0.995683014 0.000933654 -2.040287733 -0.910805404 0.085279003 -0.403931528 -28.942657471
-0.405319154 0.036325220 0.913453043 234.309844971 0.091907509 0.995767236 0.001182810 -2.056663275 -0.909543455 0.084432632 -0.406942070 -29.901103973
-0.408166617 0.036517695 0.912176728 236.453033447 0.090525813 0.995894015 0.000637869 -2.081331015 -0.908408046 0.082835868 -0.409796476 -30.853610992
-0.411731899 0.035842951 0.910599768 238.621551514 0.088977598 0.996033013 0.001025863 -2.099215746 -0.906950772 0.081445336 -0.413287938 -31.825626373
-0.415193021 0.035217002 0.909051299 240.769119263 0.088230304 0.996098578 0.001708366 -2.125422478 -0.905444682 0.080915153 -0.416680306 -32.792648315
-0.418613762 0.035455815 0.907471776 242.918914795 0.087788410 0.996138096 0.001576416 -2.144846201 -0.903911471 0.080325447 -0.420109570 -33.778244019
-0.422350168 0.035344537 0.905743003 245.062545776 0.087404817 0.996171057 0.001883819 -2.164496899 -0.902208567 0.079961978 -0.423822433 -34.771453857
-0.426203072 0.034769952 0.903958917 247.221252441 0.086480275 0.996250391 0.002454301 -2.190649033 -0.900484145 0.079220682 -0.427611858 -35.779243469
-0.430052936 0.034481443 0.902144909 249.335067749 0.085302234 0.996351600 0.002581434 -2.208501577 -0.898764610 0.078065120 -0.431425244 -36.780052185
-0.433690071 0.035412107 0.900366068 251.465454102 0.085908100 0.996300578 0.002195106 -2.229773998 -0.896957397 0.078300744 -0.435128003 -37.794578552
-0.437158316 0.035850730 0.898669779 253.582061768 0.086076722 0.996286333 0.002127120 -2.252496481 -0.895255983 0.078284457 -0.438620657 -38.818252563
-0.440880656 0.036014050 0.896842897 255.713973999 0.086146496 0.996279895 0.002341832 -2.268677235 -0.893421888 0.078292385 -0.442342699 -39.851776123
-0.444494694 0.036051229 0.895055890 257.851501465 0.085036129 0.996375442 0.002097678 -2.305717945 -0.891736031 0.077044442 -0.445949286 -40.905670166
-0.448280692 0.036370918 0.893152773 259.968872070 0.085203603 0.996361196 0.002190607 -2.320967197 -0.889822960 0.077081755 -0.449748337 -41.950088501
-0.451397598 0.038341504 0.891498744 262.091094971 0.086408690 0.996259272 0.000904765 -2.305073261 -0.888129115 0.077441677 -0.453022242 -43.027336121
-0.455199957 0.038430963 0.889559269 264.243499756 0.087464578 0.996165991 0.001720245 -2.354706764 -0.886082709 0.078587987 -0.456816107 -44.104858398
-0.458759427 0.040238429 0.887648940 266.342529297 0.089538872 0.995982707 0.001126598 -2.385959148 -0.884037733 0.079995893 -0.460519314 -45.174514771
-0.461693197 0.040717412 0.886104763 268.463378906 0.090725191 0.995874941 0.001509715 -2.415409088 -0.882387936 0.081089057 -0.463482589 -46.267936707
-0.464652002 0.042872600 0.884454727 270.595001221 0.092750765 0.995689154 0.000462482 -2.436645985 -0.880622327 0.082248755 -0.466625273 -47.375007629
-0.467394680 0.045060154 0.882899582 272.709320068 0.094308734 0.995542586 -0.000883329 -2.465446949 -0.879003763 0.082852297 -0.469560862 -48.466064453
-0.470248282 0.045674045 0.881351471 274.854675293 0.095194034 0.995458543 -0.000796244 -2.484860420 -0.877385020 0.083524980 -0.472460508 -49.614471436
-0.473964304 0.045272700 0.879379451 276.990234375 0.094948478 0.995482266 -0.000074992 -2.528244734 -0.875409961 0.083460219 -0.476121545 -50.728752136
-0.477047801 0.046513390 0.877645493 279.142120361 0.094426066 0.995530784 -0.001435351 -2.517634869 -0.873789787 0.082187861 -0.479307979 -51.893386841
-0.480344892 0.047895346 0.875770867 281.286285400 0.095602617 0.995417655 -0.002002377 -2.536104918 -0.871853352 0.082764134 -0.482722729 -53.069320679
-0.483614653 0.048195399 0.873953104 283.435302734 0.094894394 0.995484352 -0.002386237 -2.558456182 -0.870121717 0.081779182 -0.486004323 -54.245323181
-0.486391157 0.047863025 0.872429132 285.602020264 0.093170702 0.995646656 -0.002679013 -2.579353571 -0.868759334 0.079981782 -0.488732874 -55.440795898
-0.489143968 0.048344895 0.870862067 287.790924072 0.094639428 0.995509148 -0.002107683 -2.605709553 -0.867053092 0.081386849 -0.491522938 -56.655708313
-0.491451800 0.048250638 0.869566977 289.938171387 0.096238509 0.995357871 -0.000839569 -2.630119324 -0.865570962 0.083273210 -0.493814021 -57.850845337
-0.493761301 0.048371028 0.868250906 292.116271973 0.097189792 0.995265961 -0.000176747 -2.646759033 -0.864149153 0.084297851 -0.496124953 -59.081199646
-0.495812386 0.047790557 0.867113650 294.308349609 0.096647426 0.995318472 0.000406103 -2.665884256 -0.863035023 0.084005639 -0.498109967 -60.322158813
-0.497949004 0.047150739 0.865923584 296.477203369 0.096439861 0.995338082 0.001260173 -2.684988976 -0.861827135 0.084137075 -0.500174761 -61.566314697
-0.501537621 0.046571281 0.863881350 298.710052490 0.097077198 0.995272994 0.002704887 -2.703409195 -0.859672129 0.085219763 -0.503687799 -62.824729919
-0.502891600 0.047102094 0.863065004 300.884765625 0.098124593 0.995169938 0.002863604 -2.707014322 -0.858761430 0.086127982 -0.505084515 -64.113777161
-0.504494190 0.047806766 0.862090290 303.071044922 0.097712152 0.995212853 0.001992045 -2.721394300 -0.857868075 0.085241668 -0.506750584 -65.402778625
-0.507100999 0.050100241 0.860429406 305.296936035 0.097059071 0.995278120 -0.000749580 -2.730597973 -0.856404245 0.083132304 -0.509569228 -66.709480286
-0.509925842 0.049632329 0.858785331 307.495635986 0.095769338 0.995403290 -0.000662484 -2.742617130 -0.854870617 0.081907526 -0.512335062 -68.022300720
-0.514495075 0.047743905 0.856163204 309.734527588 0.093625948 0.995607197 0.000742710 -2.758002281 -0.852366567 0.080541193 -0.516704798 -69.349990845
-0.519630432 0.045182195 0.853195548 312.001129150 0.091192938 0.995829284 0.002804588 -2.771021605 -0.849510372 0.079262771 -0.521583378 -70.704040527
-0.523909986 0.044207506 0.850625813 314.224243164 0.090449363 0.995893180 0.003951632 -2.780080318 -0.846957624 0.079008840 -0.525756598 -72.065589905
-0.528432786 0.044224679 0.847822309 316.469787598 0.090789765 0.995859444 0.004640984 -2.790933371 -0.844106793 0.079426043 -0.530259669 -73.436782837
-0.532600343 0.045743316 0.845129788 318.731323242 0.093424663 0.995613813 0.004987767 -2.802735329 -0.841194570 0.081612438 -0.534537792 -74.846633911
-0.536200345 0.046734996 0.842795730 320.971984863 0.094321787 0.995530069 0.004804557 -2.799029827 -0.838804185 0.082070194 -0.538211584 -76.271461487
-0.540019095 0.046865001 0.840346873 323.234375000 0.095417097 0.995420456 0.005803169 -2.814309835 -0.836226642 0.083317295 -0.542017877 -77.710861206
-0.544191957 0.045501512 0.837725937 325.468750000 0.095242783 0.995423615 0.007803367 -2.813436985 -0.833536923 0.084033869 -0.546035290 -79.138717651
-0.547819793 0.044101745 0.835433245 327.702117920 0.093852550 0.995545626 0.008988114 -2.804962397 -0.831315279 0.083331443 -0.549518347 -80.607330322
-0.551639199 0.043824565 0.832930744 329.932403564 0.093301617 0.995593667 0.009409398 -2.815392971 -0.828848064 0.082904406 -0.553296924 -82.064414978
-0.555355251 0.043326031 0.830483854 332.143585205 0.092559680 0.995657444 0.009952786 -2.822010756 -0.826446056 0.082396641 -0.556953728 -83.517211914
-0.559072793 0.043790184 0.827961266 334.396362305 0.094536200 0.995458364 0.011185658 -2.812659979 -0.823711097 0.084525876 -0.560673594 -85.067825317
-0.563347816 0.043225501 0.825088203 336.649475098 0.094983645 0.995397806 0.012704405 -2.809683323 -0.820741892 0.085526891 -0.564860940 -86.583106995
-0.566447318 0.042193130 0.823017120 338.826904297 0.093267716 0.995554030 0.013153657 -2.814900875 -0.818803191 0.084211782 -0.567864120 -88.059234619
-0.570252061 0.041708097 0.820410192 341.094329834 0.093494184 0.995516062 0.014375951 -2.794305801 -0.816132069 0.084901467 -0.571594357 -89.633003235
-0.572613120 0.041277226 0.818785906 343.312469482 0.094354279 0.995413065 0.015804598 -2.779997826 -0.814377904 0.086305842 -0.573881209 -91.179367065
-0.575302064 0.040586103 0.816933572 345.512512207 0.091892138 0.995652378 0.015247351 -2.763836861 -0.812762797 0.083841547 -0.576530337 -92.727340698
-0.578545392 0.040057518 0.814666152 347.743774414 0.088306643 0.995998561 0.013738344 -2.742601395 -0.810855925 0.079888612 -0.579767644 -94.283744812
-0.581426680 0.039051052 0.812660992 349.928558350 0.084201045 0.996371984 0.012363538 -2.758881092 -0.809229791 0.075615391 -0.582605481 -95.798515320
-0.584568143 0.036143772 0.810539007 352.162170410 0.081984892 0.996525049 0.014690964 -2.729685783 -0.807191432 0.075039841 -0.585500538 -97.426856995
-0.588070333 0.035685718 0.808021963 354.374755859 0.083091810 0.996405482 0.016467839 -2.714836121 -0.804530203 0.076824263 -0.588922083 -99.008003235
-0.590922058 0.035831839 0.805932701 356.569641113 0.082344800 0.996474206 0.016073130 -2.703266621 -0.802514911 0.075862281 -0.591789186 -100.602638245
-0.594428241 0.034278028 0.803417563 358.757690430 0.079171211 0.996731699 0.016050931 -2.704740524 -0.800241590 0.073148675 -0.595199406 -102.196762085
-0.596742451 0.031272788 0.801823080 360.993103027 0.078469805 0.996725261 0.019525325 -2.679467201 -0.798586547 0.074570514 -0.597242057 -103.865440369
-0.599860668 0.029179841 0.799572170 363.162048340 0.077115208 0.996790767 0.021476710 -2.661503315 -0.796379507 0.074542202 -0.600185692 -105.460952759
-0.603162706 0.028098302 0.797123075 365.402648926 0.074647926 0.996981382 0.021340920 -2.617179394 -0.794117153 0.072375603 -0.603439748 -107.130493164
-0.606354475 0.027576711 0.794716060 367.612365723 0.073723972 0.997043610 0.021652611 -2.608269215 -0.791769147 0.071718782 -0.606595099 -108.792160034
-0.608570278 0.027628191 0.793018818 369.766967773 0.073863000 0.997026861 0.021947468 -2.563385010 -0.790054440 0.071931340 -0.608801603 -110.436645508
-0.611196041 0.027572218 0.790998936 371.921630859 0.074389338 0.996970177 0.022727955 -2.546299934 -0.787975788 0.072733082 -0.611395240 -112.067337036
-0.614003301 0.025396904 0.788894594 374.088928223 0.070246145 0.997274399 0.022567857 -2.515288353 -0.786171377 0.069273502 -0.614113569 -113.741317749
-0.616408169 0.021893069 0.787122369 376.229370117 0.060414758 0.997981846 0.019553851 -2.514557838 -0.785105646 0.059606966 -0.616486728 -115.379257202
-0.620680273 0.024659559 0.783675790 378.377716064 0.053340189 0.998517692 0.010826168 -2.483677626 -0.782247365 0.048521023 -0.621075392 -117.034149170
-0.622399628 0.033216406 0.781994402 380.551055908 0.060987640 0.998119712 0.006144211 -2.527442932 -0.780319750 0.051516153 -0.623255074 -118.754997253
-0.623705983 0.036032215 0.780827940 382.624603271 0.071001507 0.997418940 0.010687203 -2.508871078 -0.778427243 0.062105633 -0.624654591 -120.409065247
-0.625385404 0.026572715 0.779863358 384.675292969 0.070327640 0.997272015 0.022416303 -2.521255493 -0.777140141 0.068864763 -0.625548184 -122.064872742
-0.628953397 0.017047348 0.777256072 386.871185303 0.064660780 0.997442663 0.030446688 -2.446179390 -0.774748683 0.069407538 -0.628447592 -123.769020081
-0.632245362 0.010751524 0.774693429 388.990814209 0.059093926 0.997660220 0.034381986 -2.389998436 -0.772511125 0.067517541 -0.631401360 -125.451637268
-0.634893835 0.010254852 0.772530913 391.113891602 0.057196245 0.997792065 0.033760916 -2.331413269 -0.770479083 0.065620475 -0.634078443 -127.170448303
-0.637138128 0.014994423 0.770603776 393.209960938 0.061933812 0.997573733 0.031796306 -2.303316116 -0.768257201 0.067985080 -0.636520624 -128.877380371
-0.639583409 0.021930818 0.768408656 395.305297852 0.067146271 0.997366309 0.027423704 -2.239711761 -0.765783429 0.069135562 -0.639371276 -130.631698608
-0.641829312 0.026172439 0.766400695 397.407257080 0.069368646 0.997301459 0.024035756 -2.204886436 -0.763703406 0.068591051 -0.641912878 -132.364898682
-0.645150125 0.024978178 0.763647437 399.492004395 0.068116926 0.997365832 0.024924140 -2.163074493 -0.761013567 0.068097159 -0.645152092 -134.116912842
-0.648018777 0.024601929 0.761226952 401.537780762 0.068879992 0.997275352 0.026405567 -2.142580032 -0.758503258 0.069544591 -0.647947729 -135.830703735
-0.650258422 0.023967646 0.759334683 403.640625000 0.069710031 0.997168005 0.028221816 -2.075296402 -0.756507874 0.071284704 -0.650087893 -137.608856201
-0.652318239 0.023683190 0.757574916 405.691589355 0.070006870 0.997121751 0.029108360 -2.040284157 -0.754704893 0.072023377 -0.652098656 -139.365509033
-0.653620958 0.024283649 0.756431818 407.753540039 0.070478365 0.997094810 0.028889688 -1.991396904 -0.753532469 0.072194986 -0.653433919 -141.130035400
-0.655313492 0.025094556 0.754939795 409.815643311 0.071278848 0.997042477 0.028730325 -1.943614960 -0.751986146 0.072638609 -0.655164182 -142.883117676
-0.656813264 0.024245091 0.753663361 411.833343506 0.072455786 0.996887386 0.031075293 -1.916453362 -0.750563860 0.075017922 -0.656525493 -144.623413086
-0.656715095 0.023754671 0.753764391 413.915161133 0.074500203 0.996658206 0.033498678 -1.846199036 -0.750449777 0.078154653 -0.656290114 -146.437683105
-0.658212185 0.023096779 0.752478123 415.976318359 0.075950436 0.996466875 0.035849981 -1.806479454 -0.748991430 0.080747917 -0.657640994 -148.229553223
-0.659224391 0.023839546 0.751568258 418.013122559 0.075230010 0.996573269 0.034375627 -1.726755142 -0.748173058 0.079201750 -0.658759534 -150.002197266
-0.659882724 0.024003882 0.750985146 420.071594238 0.071608618 0.996949255 0.031056087 -1.686147690 -0.747948468 0.074270375 -0.659588575 -151.784790039
-0.661905348 0.023043165 0.749233425 422.112854004 0.067875288 0.997263610 0.029292492 -1.618594170 -0.746508241 0.070243299 -0.661658227 -153.580474854
-0.663340271 0.022441352 0.747981310 424.114929199 0.067307286 0.997288167 0.029769644 -1.578413963 -0.745284736 0.070091985 -0.663051724 -155.356964111
-0.663825154 0.020898465 0.747595966 426.189971924 0.065029457 0.997436464 0.029860072 -1.527771950 -0.745055497 0.068437614 -0.663482010 -157.171691895
-0.664721191 0.020403534 0.746812940 428.203765869 0.062410891 0.997649312 0.028293908 -1.488801003 -0.744480193 0.065416813 -0.664431810 -158.949188232
-0.665952086 0.020018676 0.745726168 430.197875977 0.062139515 0.997654378 0.028710503 -1.439660072 -0.743402302 0.065458864 -0.665633559 -160.734375000
-0.665840805 0.018587433 0.745862126 432.193450928 0.062628105 0.997553825 0.031049157 -1.394752502 -0.743460476 0.067385718 -0.665376067 -162.504394531
-0.666029692 0.017470265 0.745720327 434.215942383 0.064993270 0.997282565 0.034684140 -1.332048416 -0.743088305 0.071567453 -0.665355325 -164.320983887
-0.664111376 0.017371098 0.747431695 436.209472656 0.070649303 0.996714473 0.039608955 -1.276330948 -0.744287908 0.079110265 -0.663156688 -166.090484619
-0.663255692 0.015167668 0.748239160 438.254150391 0.072535887 0.996390343 0.044099484 -1.190608978 -0.744869292 0.083523393 -0.661962092 -167.901763916
-0.662656963 0.013717917 0.748797417 440.270172119 0.067553334 0.996851385 0.041519865 -1.114894867 -0.745870054 0.078097172 -0.661497116 -169.678573608
-0.660874784 0.011943354 0.750401139 442.320495605 0.059740767 0.997537673 0.036736634 -1.039455414 -0.748114705 0.069107853 -0.659960747 -171.450347900
-0.659381926 0.010117264 0.751739979 444.344482422 0.054822974 0.997894526 0.034657337 -0.968391418 -0.749806643 0.064065062 -0.658547997 -173.190521240
-0.657031238 0.009817625 0.753799081 446.362609863 0.053656429 0.997988522 0.033770353 -0.919129372 -0.751951635 0.062634394 -0.656235993 -174.961578369
-0.654148221 0.010492327 0.756293595 448.398162842 0.055373635 0.997884989 0.034050845 -0.858803749 -0.754336655 0.064153016 -0.653345346 -176.696975708
-0.651347399 0.010640356 0.758704782 450.410339355 0.056402016 0.997814476 0.034427390 -0.795975685 -0.756680131 0.065216675 -0.650524080 -178.438690186
-0.649249196 0.010983062 0.760496318 452.445648193 0.053733189 0.998059452 0.031459019 -0.739461899 -0.758675396 0.061288621 -0.648579419 -180.172851562
-0.647731125 0.005986970 0.761845350 454.491760254 0.046344269 0.998426914 0.031556346 -0.688990593 -0.760457814 0.055747192 -0.646989524 -181.886566162
-0.647736728 0.000346254 0.761864066 456.537353516 0.038635593 0.998728096 0.032394074 -0.630827904 -0.760883808 0.050417908 -0.646926343 -183.646575928
-0.646464944 -0.003126629 0.762937248 458.608276367 0.031449061 0.999032378 0.030742180 -0.588016510 -0.762294948 0.043867394 -0.645741582 -185.335647583
-0.646506310 -0.003811818 0.762899101 460.626525879 0.029313602 0.999125004 0.029833453 -0.552059174 -0.762345135 0.041650839 -0.645828724 -187.033996582
-0.644848049 -0.003458206 0.764302969 462.724121094 0.032168850 0.998980820 0.031661175 -0.490107536 -0.763633192 0.045003410 -0.644079506 -188.798797607
-0.643406630 -0.004582411 0.765510857 464.778869629 0.033596832 0.998849630 0.034217119 -0.436550140 -0.764786780 0.047734261 -0.642512798 -190.501159668
-0.641785979 -0.006489679 0.766856372 466.815429688 0.032385141 0.998842955 0.035556193 -0.372247696 -0.766199410 0.047654215 -0.640833020 -192.203613281
-0.641107798 -0.006863045 0.767420232 468.892639160 0.030193288 0.998960257 0.034157362 -0.314565659 -0.766856849 0.045069475 -0.640233576 -193.913146973
-0.640143514 -0.005952991 0.768232107 470.949890137 0.029262846 0.999055386 0.032125439 -0.257504463 -0.767697453 0.043045543 -0.639364660 -195.606521606
-0.639068305 -0.004774678 0.769135058 473.016479492 0.029566944 0.999089122 0.030769141 -0.208506584 -0.768581212 0.042404559 -0.638345003 -197.312652588
-0.637878478 -0.004146462 0.770126045 475.076538086 0.031638306 0.999000311 0.031584069 -0.159264565 -0.769486785 0.044512298 -0.637109637 -199.012634277
