1.000000000 0.000000000 0.000000000 0.000000000 0.000000000 1.000000000 0.000000000 0.000000000 0.000000000 0.000000000 1.000000000 0.000000000
0.999997497 -0.001199052 -0.001883045 -0.013127405 0.001201747 0.999998271 0.001430566 -0.023999091 0.001881327 -0.001432825 0.999997199 1.544619799
0.999992251 -0.002698094 -0.002844715 -0.014544845 0.002707886 0.999990404 0.003443997 -0.031591002 0.002835397 -0.003451674 0.999989986 3.083848476
0.999990761 -0.001274121 -0.004095339 -0.030739857 0.001286955 0.999994218 0.003132441 -0.047105007 0.004091323 -0.003137683 0.999986708 4.601136684
0.999986053 -0.000890793 -0.005187565 -0.035799451 0.000906709 0.999994695 0.003066236 -0.070265554 0.005184805 -0.003070897 0.999981880 6.121567249
0.999974787 -0.000884125 -0.007012732 -0.059230629 0.000906322 0.999994457 0.003162039 -0.079396419 0.007009895 -0.003168317 0.999970555 7.615580082
0.999961555 -0.001089304 -0.008709442 -0.071495667 0.001115881 0.999994695 0.003047226 -0.105141655 0.008706078 -0.003056827 0.999957442 9.126805305
0.999941230 -0.002963902 -0.010431959 -0.096378304 0.002991392 0.999992192 0.002620764 -0.109261155 0.010424111 -0.002651817 0.999942303 10.619436264
0.999914289 -0.004487769 -0.012310009 -0.112138584 0.004513180 0.999987662 0.002037147 -0.112305284 0.012300717 -0.002092531 0.999922216 12.118287086
0.999897122 -0.004439408 -0.013642553 -0.147661477 0.004469250 0.999987602 0.002157699 -0.141619146 0.013632808 -0.002218449 0.999904633 13.603398323
0.999898732 -0.003602877 -0.013758731 -0.184073657 0.003644695 0.999988675 0.003015392 -0.164941937 0.013747724 -0.003065236 0.999900699 15.083723068
0.999881983 -0.002500537 -0.015153106 -0.232663378 0.002555917 0.999990165 0.003636458 -0.196042776 0.015143864 -0.003674759 0.999878645 16.578771591
0.999889851 -0.000969221 -0.014811544 -0.248296142 0.001035485 0.999989569 0.004467050 -0.205043137 0.014807055 -0.004481895 0.999880433 18.022306442
0.999884427 -0.000634948 -0.015192222 -0.278633118 0.000713281 0.999986470 0.005151305 -0.223294258 0.015188746 -0.005161546 0.999871314 19.486459732
0.999895394 0.001123142 -0.014411362 -0.333455831 -0.001045304 0.999984801 0.005407696 -0.239544332 0.014417221 -0.005392068 0.999881446 20.967420578
0.999894142 0.002020456 -0.014419665 -0.361003160 -0.001939527 0.999982297 0.005624034 -0.257550657 0.014430776 -0.005595471 0.999880075 22.432821274
0.999859810 0.001032277 -0.016719662 -0.347335428 -0.000923151 0.999978244 0.006533152 -0.273210227 0.016726045 -0.006516804 0.999838531 23.906906128
0.999820948 0.001089713 -0.018887309 -0.339792132 -0.000975241 0.999981225 0.006068868 -0.259062409 0.018893566 -0.006049363 0.999803007 25.352205276
0.999837041 0.001383710 -0.017994121 -0.386004508 -0.001254350 0.999973238 0.007198155 -0.308557212 0.018003600 -0.007174409 0.999812305 26.783342361
0.999839842 0.001977177 -0.017789321 -0.424452722 -0.001880356 0.999983430 0.005457695 -0.327169895 0.017799815 -0.005423370 0.999826849 28.221700668
0.999878466 0.001325116 -0.015530124 -0.510113180 -0.001271253 0.999993265 0.003477560 -0.306683004 0.015534629 -0.003457396 0.999873281 29.679048538
0.999911964 0.001877217 -0.013128638 -0.573989391 -0.001814904 0.999987006 0.004756393 -0.302791357 0.013137397 -0.004732148 0.999902427 31.100175858
0.999887228 -0.001108114 -0.014976702 -0.573741138 0.001243426 0.999958396 0.009028419 -0.361400545 0.014966075 -0.009046022 0.999847114 32.505580902
0.999895811 -0.001529109 -0.014352834 -0.584518671 0.001656450 0.999959290 0.008864461 -0.376177371 0.014338695 -0.008887312 0.999857664 33.918296814
0.999900937 -0.001617052 -0.013981858 -0.618419290 0.001722364 0.999970198 0.007523222 -0.395063877 0.013969279 -0.007546559 0.999873877 35.308177948
0.999902248 -0.000939335 -0.013949386 -0.640578210 0.001000494 0.999989867 0.004377957 -0.381766856 0.013945140 -0.004391486 0.999892712 36.683383942
0.999922156 0.000237580 -0.012477510 -0.659796417 -0.000190259 0.999992788 0.003793698 -0.410743356 0.012478321 -0.003791029 0.999914944 38.042369843
0.999929845 0.000706987 -0.011825975 -0.691058517 -0.000654319 0.999989808 0.004457236 -0.415310204 0.011829008 -0.004449188 0.999920070 39.365409851
0.999944210 0.000587905 -0.010556247 -0.732722759 -0.000522527 0.999980688 0.006195004 -0.440655231 0.010559686 -0.006189142 0.999925017 40.693008423
0.999962926 0.000442172 -0.008614575 -0.731124401 -0.000377949 0.999972165 0.007455453 -0.446039736 0.008617632 -0.007451921 0.999934912 41.975715637
0.999978840 0.000580637 -0.006482867 -0.754711092 -0.000527789 0.999966741 0.008150619 -0.460139632 0.006487385 -0.008147025 0.999945700 43.245117188
0.999994874 0.000264553 -0.003217417 -0.773761153 -0.000239203 0.999969065 0.007876674 -0.479604304 0.003219403 -0.007875863 0.999963701 44.518043518
0.999999940 -0.000372214 0.000571529 -0.759819329 0.000368880 0.999983191 0.005820842 -0.489381224 -0.000573681 -0.005820633 0.999982655 45.768024445
0.999989867 -0.000510969 0.004481710 -0.741176724 0.000490952 0.999989808 0.004466404 -0.513914466 -0.004483944 -0.004464159 0.999979913 47.019050598
0.999969184 -0.000372940 0.007833011 -0.769978762 0.000335780 0.999988675 0.004744989 -0.524027467 -0.007834688 -0.004742214 0.999957919 48.214805603
0.999903142 0.000429242 0.013878679 -0.748805046 -0.000492444 0.999989808 0.004551042 -0.531392336 -0.013876575 -0.004557443 0.999893188 49.451877594
0.999791563 0.001169296 0.020378638 -0.746040940 -0.001245732 0.999992311 0.003738462 -0.547857881 -0.020374104 -0.003763070 0.999785244 50.650737762
0.999602854 0.002451358 0.028069982 -0.719266534 -0.002555963 0.999989986 0.003691242 -0.570461988 -0.028060645 -0.003761523 0.999599099 51.864089966
0.999335051 0.004401940 0.036195692 -0.680763841 -0.004567621 0.999979556 0.004495854 -0.577573717 -0.036175143 -0.004658195 0.999334395 53.024932861
0.998885453 0.006450182 0.046759441 -0.640707493 -0.006695424 0.999964654 0.005090067 -0.599510789 -0.046724956 -0.005397467 0.998893201 54.206378937
0.998184264 0.008738155 0.059599333 -0.582702160 -0.009060160 0.999945700 0.005134769 -0.616236567 -0.059551228 -0.005665422 0.998209238 55.338367462
0.997180045 0.010811284 0.074267589 -0.501627922 -0.011274950 0.999919295 0.005826828 -0.629014254 -0.074198633 -0.006647756 0.997221470 56.460124969
0.995729268 0.012782933 0.091430381 -0.403053761 -0.013441792 0.999887884 0.006593963 -0.639136195 -0.091335841 -0.007794791 0.995789647 57.590541840
0.994032264 0.013005363 0.108306065 -0.304071903 -0.013945401 0.999871194 0.007926545 -0.650796533 -0.108189039 -0.009389615 0.994086027 58.689990997
0.991748333 0.012345049 0.127604678 -0.169836521 -0.013398493 0.999882817 0.007400446 -0.676155090 -0.127498403 -0.009049088 0.991797507 59.784309387
0.988971233 0.011692609 0.147648349 -0.017244339 -0.012723813 0.999900699 0.006041603 -0.671235383 -0.147563145 -0.007853614 0.989021719 60.860649109
0.985691726 0.008112780 0.168363646 0.162025452 -0.009260892 0.999938905 0.006035140 -0.679947972 -0.168304414 -0.007507982 0.985706449 61.938865662
0.981794119 0.003426410 0.189917803 0.367968559 -0.005030870 0.999955654 0.007966710 -0.692985594 -0.189882085 -0.008777117 0.981767595 62.962253571
0.977104723 -0.001891617 0.212750494 0.581444740 -0.000142813 0.999954402 0.009546744 -0.694006443 -0.212758824 -0.009358550 0.977059841 63.960075378
0.971386731 -0.006969519 0.237400696 0.834588051 0.005010809 0.999948144 0.008853064 -0.711488724 -0.237450197 -0.007410180 0.971371293 65.004280090
0.964990020 -0.013356097 0.261946112 1.116161346 0.011875589 0.999903262 0.007234245 -0.746627867 -0.262017369 -0.003870213 0.965055525 66.016731262
0.957435608 -0.017446445 0.288119048 1.375785828 0.015812283 0.999842882 0.007998311 -0.747914374 -0.288213342 -0.003102051 0.957561255 66.956855774
0.948539674 -0.018873516 0.316095740 1.714990616 0.016459016 0.999811232 0.010306817 -0.738968372 -0.316230774 -0.004573801 0.948671401 67.916648865
0.938595176 -0.023740038 0.344202846 2.037218094 0.020534052 0.999705195 0.012957127 -0.743532658 -0.344409049 -0.005093617 0.938805938 68.837738037
0.927806795 -0.026296172 0.372132927 2.426599503 0.023242466 0.999649167 0.012690174 -0.747571349 -0.372336328 -0.003124747 0.928093016 69.756141663
0.915936708 -0.025655463 0.400501788 2.837011337 0.024132330 0.999669611 0.008847151 -0.739769876 -0.400596470 0.001561612 0.916253269 70.655082703
0.902598143 -0.026810205 0.429648638 3.232030869 0.027897080 0.999603570 0.003769919 -0.762433648 -0.429579467 0.008583226 0.902988136 71.497375488
0.888062000 -0.028796988 0.458820552 3.695951462 0.031688109 0.999496758 0.001398125 -0.779143691 -0.458629966 0.013297530 0.888527751 72.326507568
0.872577131 -0.029497286 0.487584680 4.145338058 0.031153182 0.999503434 0.004715241 -0.779264569 -0.487481743 0.011075398 0.873062849 73.179092407
0.855217159 -0.028949618 0.517460763 4.586265564 0.027811857 0.999563515 0.009955946 -0.770923078 -0.517523170 0.005877047 0.855649114 73.989257812
0.835506201 -0.029236043 0.548702717 5.128995895 0.026370794 0.999566317 0.013104378 -0.765353680 -0.548847914 0.003520932 0.835914969 74.791625977
0.813932538 -0.022606833 0.580519259 5.687419891 0.021157090 0.999733210 0.009268197 -0.797316611 -0.580574095 0.004738399 0.814193904 75.549400330
0.792082369 -0.015378682 0.610220432 6.238124847 0.017374206 0.999845624 0.002645767 -0.808909059 -0.610166967 0.008506431 0.792227387 76.296722412
0.769388616 -0.012387886 0.638660729 6.877155304 0.015985848 0.999872208 0.000136175 -0.802004158 -0.638580859 0.010104762 0.769488573 77.014793396
0.746081293 -0.016358543 0.665653646 7.458126068 0.018872321 0.999816120 0.003418053 -0.820022821 -0.665587366 0.010012283 0.746253073 77.681030273
0.721423924 -0.016870663 0.692288041 8.122169495 0.019773727 0.999797344 0.003758556 -0.815223932 -0.692211390 0.010977603 0.721611440 78.339584351
0.695537090 -0.015600363 0.718320727 8.789405823 0.020626757 0.999785841 0.001740651 -0.859581947 -0.718194306 0.013605944 0.695709765 78.981155396
0.669977605 -0.012502615 0.742275596 9.419094086 0.019783171 0.999804080 -0.001015962 -0.852167845 -0.742117763 0.015365249 0.670093238 79.574966431
0.642829657 -0.010685450 0.765934765 10.133693695 0.018952239 0.999818504 -0.001957801 -0.857224762 -0.765774667 0.015774706 0.642915428 80.192276001
0.614635348 -0.009553572 0.788753629 10.816139221 0.019505015 0.999805093 -0.003089377 -0.875476956 -0.788570225 0.017283488 0.614701688 80.728134155
0.585864067 -0.002469297 0.810405731 11.560749054 0.016770186 0.999818206 -0.009077172 -0.895267785 -0.810235977 0.018908639 0.585798681 81.261566162
0.555648744 0.007013271 0.831387579 12.365627289 0.015172266 0.999712348 -0.018573418 -0.905615807 -0.831278622 0.022934329 0.555382550 81.777275085
0.525009990 0.015191919 0.850960374 13.102344513 0.014790450 0.999526858 -0.026969384 -0.932247877 -0.850967288 0.026745291 0.524537206 82.250854492
0.493474066 0.020050442 0.869529247 13.906154633 0.012646255 0.999463141 -0.030223569 -0.962994754 -0.869668603 0.025910845 0.492955685 82.699928284
0.461057961 0.019640643 0.887152612 14.722717285 0.010986853 0.999552071 -0.027838979 -0.999121845 -0.887302041 0.022582402 0.460635722 83.126731873
0.427545339 0.018571246 0.903803289 15.576288223 0.005900295 0.999710262 -0.023333080 -1.015715480 -0.903974831 0.015308648 0.427311838 83.547012329
0.393412620 0.019567717 0.919153869 16.436128616 0.001675954 0.999756515 -0.022000987 -1.051439643 -0.919360518 0.010195928 0.393283993 83.918190002
0.358020842 0.022145836 0.933450937 17.303281784 -0.005075275 0.999750137 -0.021772156 -1.092586040 -0.933699846 0.003057370 0.358043849 84.275512695
0.322363883 0.024407757 0.946301222 18.199481964 -0.010209731 0.999698997 -0.022307027 -1.109098673 -0.946560740 -0.002470490 0.322516143 84.576606750
0.286421299 0.024159567 0.957799196 19.093141556 -0.012776374 0.999689460 -0.021395551 -1.142880917 -0.958018482 -0.006109060 0.286641121 84.842185974
0.248914480 0.023730807 0.968234658 20.024568558 -0.013169339 0.999690294 -0.021116180 -1.175925732 -0.968435884 -0.007494890 0.249149993 85.095809937
0.213055849 0.022880776 0.976772070 20.956136703 -0.012419404 0.999708295 -0.020709109 -1.218246698 -0.976961017 -0.007718732 0.213278040 85.298416138
0.178478956 0.021430330 0.983710170 21.921735764 -0.009435009 0.999754012 -0.020068012 -1.211061716 -0.983898461 -0.005699603 0.178637445 85.479545593
0.142543450 0.019996412 0.989586651 22.885461807 -0.002062859 0.999799669 -0.019905647 -1.258744001 -0.989786327 0.000796042 0.142556101 85.622276306
0.109732814 0.022977227 0.993695617 23.834957123 0.000474108 0.999731362 -0.023169149 -1.304215908 -0.993960857 0.003013535 0.109692380 85.715209961
0.076096766 0.029004224 0.996678710 24.827823639 0.001956363 0.999570489 -0.029237757 -1.302478671 -0.997098327 0.004174766 0.076007284 85.780746460
0.049160097 0.032589819 0.998259664 25.853361130 0.010304565 0.999397695 -0.033134468 -1.342438221 -0.998737395 0.011915524 0.048794597 85.817626953
0.023739520 0.031550132 0.999220073 26.824848175 0.013549476 0.999399900 -0.031877711 -1.368912458 -0.999626279 0.014295675 0.023297796 85.846069336
0.000930265 0.028898865 0.999581695 27.809366226 0.015686378 0.999458909 -0.028909907 -1.399015784 -0.999876559 0.015706714 0.000476439 85.860336304
-0.017896503 0.025539977 0.999512970 28.836315155 0.014945388 0.999569118 -0.025273779 -1.446674466 -0.999728143 0.014485803 -0.018270517 85.834983826
-0.033884220 0.027673449 0.999042571 29.805637360 0.015844375 0.999505699 -0.027148899 -1.492770195 -0.999300122 0.014909286 -0.034305945 85.797073364
-0.048733998 0.032823592 0.998272300 30.811676025 0.019062838 0.999308348 -0.031927049 -1.520693541 -0.998629868 0.017473968 -0.049326014 85.752899170
-0.060585815 0.038257901 0.997429669 31.827411652 0.024445785 0.999022365 -0.036834128 -1.556987047 -0.997863531 0.022151319 -0.061461855 85.666763306
-0.069978282 0.042475451 0.996643782 32.809806824 0.030154504 0.998726666 -0.040446945 -1.597040296 -0.997092783 0.027222896 -0.071170002 85.598892212
-0.075801224 0.047272667 0.996001780 33.803791046 0.033321485 0.998437881 -0.044852331 -1.658383608 -0.996566296 0.029788397 -0.077257991 85.520843506
-0.078920096 0.051574033 0.995545805 34.795448303 0.035578698 0.998170674 -0.048889529 -1.710531235 -0.996246338 0.031561863 -0.080610633 85.427078247
-0.082193770 0.055169523 0.995088279 35.783153534 0.036931809 0.997949481 -0.052277599 -1.779273987 -0.995931923 0.032453515 -0.084062710 85.352127075
-0.084270693 0.058437061 0.994728029 36.802417755 0.037772547 0.997748733 -0.055414524 -1.841542125 -0.995726764 0.032903589 -0.086288288 85.273582458
-0.086275496 0.062106241 0.994334042 37.823921204 0.040275786 0.997456551 -0.058806680 -1.894025087 -0.995456994 0.034973998 -0.088557407 85.152030945
-0.087922022 0.065993272 0.993939042 38.845512390 0.042095892 0.997157812 -0.062483273 -1.964899898 -0.995237350 0.036347084 -0.090450212 85.068595886
-0.090241238 0.067359678 0.993639469 39.834449768 0.044139877 0.997000098 -0.063578792 -2.028241396 -0.994941235 0.038121682 -0.092943840 84.958770752
-0.092861295 0.066923164 0.993427455 40.832534790 0.045217060 0.996992588 -0.062936634 -2.095341921 -0.994651854 0.039075509 -0.095608100 84.863471985
-0.095199779 0.066544324 0.993231475 41.853729248 0.045475159 0.997012138 -0.062438883 -2.179948568 -0.994418979 0.039223205 -0.097941443 84.757148743
-0.096298732 0.066779248 0.993109584 42.896755219 0.045054067 0.997016430 -0.062673174 -2.255741119 -0.994332612 0.038708292 -0.099020079 84.646308899
-0.098568402 0.068551049 0.992766261 43.905609131 0.043854218 0.996954441 -0.064486101 -2.322230816 -0.994163513 0.037180696 -0.101274483 84.561515808
-0.101558536 0.070994675 0.992293060 44.935459137 0.042459425 0.996850789 -0.066975169 -2.407146692 -0.993923068 0.035330299 -0.104253106 84.454757690
-0.104165792 0.074727565 0.991748571 45.963233948 0.040740483 0.996656954 -0.070818335 -2.498829365 -0.993725300 0.033027466 -0.106861979 84.362098694
-0.106278114 0.078666650 0.991219699 47.005378723 0.036976654 0.996488690 -0.075120211 -2.575144053 -0.993648827 0.028668357 -0.108813770 84.255172729
-0.108563147 0.081144780 0.990772367 48.041191101 0.035062164 0.996355355 -0.077760130 -2.654407024 -0.993471146 0.026296731 -0.111012600 84.121810913
-0.111681759 0.079646692 0.990547121 49.089096069 0.033031132 0.996529639 -0.076403596 -2.755217075 -0.993194938 0.024186004 -0.113925003 84.021049500
-0.114422634 0.076089464 0.990513921 50.147132874 0.031115454 0.996847808 -0.072981663 -2.819465637 -0.992944837 0.022469543 -0.116429485 83.907218933
-0.116529457 0.073786065 0.990442634 51.183288574 0.030730903 0.997026920 -0.070661053 -2.906043530 -0.992711723 0.022203101 -0.118450470 83.767608643
-0.118324511 0.074361220 0.990186632 52.248531342 0.030479301 0.996994138 -0.071230255 -2.990875959 -0.992506981 0.021751914 -0.120235331 83.638862610
-0.119547337 0.077096045 0.989830554 53.295692444 0.031147646 0.996780932 -0.073875509 -3.078568697 -0.992339611 0.021999273 -0.121563889 83.506896973
-0.120300613 0.079826735 0.989522576 54.326599121 0.031911965 0.996557534 -0.076514542 -3.156308174 -0.992223978 0.022372864 -0.122433946 83.380416870
-0.119795501 0.081303470 0.989463806 55.412334442 0.031880230 0.996442139 -0.078017078 -3.264521837 -0.992286444 0.022198249 -0.121961243 83.240982056
-0.120267034 0.080269575 0.989490986 56.468524933 0.028760692 0.996589065 -0.077349670 -3.349150419 -0.992324829 0.019155845 -0.122165404 83.130043030
-0.120537430 0.077981673 0.989640951 57.499301910 0.024496675 0.996839821 -0.075565264 -3.435121298 -0.992406428 0.015134486 -0.122066803 83.003906250
-0.120550543 0.078575067 0.989592671 58.578651428 0.020149501 0.996850789 -0.076696806 -3.530896425 -0.992502689 0.010693953 -0.121754199 82.867462158
-0.121169731 0.078718096 0.989505708 59.654182434 0.016037520 0.996875525 -0.077340566 -3.624283791 -0.992502213 0.006497878 -0.122053683 82.757316589
-0.119196475 0.077454835 0.989845335 60.756988525 0.016267786 0.996970832 -0.076053537 -3.729474545 -0.992737353 0.007037273 -0.120095558 82.587928772
-0.118760101 0.072348736 0.990283668 61.855632782 0.015656769 0.997354388 -0.070987664 -3.816108704 -0.992799580 0.007074138 -0.119578637 82.445060730
-0.119255424 0.064338230 0.990776837 62.956562042 0.019053379 0.997862816 -0.062504992 -3.895702839 -0.992680848 0.011423588 -0.120226398 82.296699524
-0.119194187 0.059347257 0.991095603 64.086837769 0.025792925 0.998060226 -0.056662302 -3.950727940 -0.992536008 0.018809440 -0.120493695 82.168289185
-0.120101832 0.062797144 0.990773261 65.141395569 0.031855348 0.997727394 -0.059376355 -4.013708115 -0.992250502 0.024430225 -0.121829309 82.068977356
-0.118535668 0.067669220 0.990641356 66.275482178 0.036616515 0.997294486 -0.063742325 -4.110284805 -0.992274523 0.028718086 -0.120692767 81.892005920
-0.118512869 0.073482148 0.990229785 67.338638306 0.040525686 0.996785104 -0.069118395 -4.169915676 -0.992125273 0.031938318 -0.121109761 81.795692444
-0.117892504 0.077886373 0.989967108 68.420745850 0.041549113 0.996433437 -0.073447116 -4.254696846 -0.992156923 0.032473389 -0.120708123 81.668746948
-0.117941782 0.077121496 0.990021169 69.555938721 0.040664092 0.996518373 -0.072783284 -4.312061310 -0.992187440 0.031674135 -0.120667249 81.562744141
-0.117151596 0.072775096 0.990443885 70.689125061 0.040879507 0.996819317 -0.068408251 -4.375659466 -0.992272258 0.032474726 -0.119754001 81.429214478
-0.116687231 0.070382990 0.990671515 71.836662292 0.037220348 0.997094750 -0.066455305 -4.469401360 -0.992470920 0.029118655 -0.118967921 81.284805298
-0.116853751 0.069596075 0.990707695 72.948402405 0.034567446 0.997222126 -0.065976486 -4.581770897 -0.992546976 0.026536634 -0.118934959 81.144020081
-0.116656855 0.073987454 0.990412652 74.057754517 0.033807270 0.996939242 -0.070493005 -4.683417320 -0.992596686 0.025259648 -0.118801124 81.006149292
-0.115999795 0.077505693 0.990220606 75.190559387 0.035282288 0.996643126 -0.073875278 -4.749518871 -0.992622316 0.026367724 -0.118345059 80.882484436
-0.116420075 0.075670265 0.990313232 76.295333862 0.033456739 0.996826351 -0.072234794 -4.859181404 -0.992636323 0.024723079 -0.118582264 80.762908936
-0.115267195 0.070018694 0.990863621 77.474784851 0.037147921 0.997118950 -0.066139258 -4.917536736 -0.992639661 0.029184852 -0.117536113 80.622261047
-0.115124404 0.068183199 0.991008222 78.675781250 0.036564581 0.997256339 -0.064365402 -5.018919945 -0.992677748 0.028825765 -0.117301650 80.487701416
-0.115360491 0.070790216 0.990797937 79.809753418 0.033829618 0.997158706 -0.067305811 -5.105261803 -0.992747307 0.025753880 -0.117427550 80.351852417
-0.115469851 0.074266292 0.990530908 80.929122925 0.032551114 0.996948302 -0.070952840 -5.170254707 -0.992777288 0.024049966 -0.117534958 80.235427856
-0.115558162 0.073671989 0.990564704 82.113533020 0.032215539 0.996999025 -0.070392281 -5.257467747 -0.992778242 0.023777174 -0.117584758 80.096527100
-0.114773922 0.070727125 0.990870595 83.294921875 0.031996138 0.997207820 -0.067473315 -5.337134361 -0.992876291 0.023959853 -0.116716474 79.975646973
-0.114291705 0.069164023 0.991036773 84.455566406 0.031959359 0.997313261 -0.065916352 -5.436136246 -0.992933154 0.024139196 -0.116195090 79.833892822
-0.113741718 0.069507897 0.991075933 85.645858765 0.033544272 0.997249722 -0.066091157 -5.530879974 -0.992943883 0.025727598 -0.115760460 79.676048279
-0.112512946 0.069565393 0.991212189 86.830932617 0.035671622 0.997186184 -0.065935567 -5.622570038 -0.993009806 0.027939547 -0.114677839 79.538925171
-0.111241788 0.069752134 0.991342366 88.050025940 0.034840178 0.997194469 -0.066254362 -5.685832500 -0.993182659 0.027168298 -0.113359824 79.424011230
-0.110167123 0.069570124 0.991475224 89.220436096 0.034494165 0.997213960 -0.066139996 -5.795607090 -0.993314505 0.026913654 -0.112259962 79.281784058
-0.108370937 0.068509787 0.991747022 90.443374634 0.037015680 0.997208714 -0.064842276 -5.881487846 -0.993421316 0.029683165 -0.110604398 79.163856506
-0.107623450 0.067532517 0.991895616 91.649581909 0.034850787 0.997333229 -0.064121403 -5.949965477 -0.993580759 0.027667360 -0.109690040 79.021156311
-0.105393305 0.067159496 0.992160082 92.868904114 0.036502689 0.997305751 -0.063630261 -6.036399841 -0.993760467 0.029510306 -0.107560873 78.901947021
-0.103460424 0.067952469 0.992309451 94.088821411 0.035097145 0.997291625 -0.064634323 -6.126813412 -0.994014144 0.028140133 -0.105565168 78.777610779
-0.103144087 0.070448905 0.992168188 95.306632996 0.034121927 0.997152269 -0.067255490 -6.205931187 -0.994080842 0.026917690 -0.105254255 78.643753052
-0.101612382 0.070293941 0.992337584 96.523056030 0.033140805 0.997186005 -0.067243867 -6.280221462 -0.994271874 0.026054060 -0.103656016 78.538360596
-0.101449542 0.068131573 0.992505252 97.773910522 0.028568858 0.997440219 -0.065550156 -6.381474495 -0.994430423 0.021704709 -0.103136316 78.407936096
-0.101194449 0.068312347 0.992518425 99.009841919 0.024341227 0.997511148 -0.066174179 -6.489810944 -0.994568944 0.017462658 -0.102605380 78.306457520
-0.101633370 0.068677165 0.992448211 100.235908508 0.023185166 0.997506797 -0.066652872 -6.554583549 -0.994551957 0.016235922 -0.102972239 78.164176941
-0.102695592 0.066786930 0.992468119 101.508651733 0.022604188 0.997642517 -0.064796165 -6.642817974 -0.994455993 0.015779661 -0.103963144 78.036163330
-0.103297859 0.064907782 0.992530286 102.745376587 0.019678542 0.997806668 -0.063204780 -6.741365910 -0.994455755 0.013002636 -0.104348570 77.938156128
-0.104981028 0.064389281 0.992387414 103.983131409 0.017153032 0.997870743 -0.062930450 -6.816275597 -0.994326293 0.010415955 -0.105861895 77.779090881
-0.107602090 0.064363047 0.992108405 105.254226685 0.016292283 0.997882307 -0.062970594 -6.913383484 -0.994060516 0.009387942 -0.108422861 77.634811401
-0.109149404 0.063063994 0.992022991 106.496032715 0.016547466 0.997962177 -0.061620932 -6.990275383 -0.993887842 0.009689571 -0.109970577 77.517402649
-0.111452013 0.060052000 0.991953731 107.773574829 0.017728055 0.998133838 -0.058434289 -7.054587364 -0.993611634 0.011072795 -0.112308636 77.391868591
-0.116586231 0.058443230 0.991459727 108.991958618 0.013809199 0.998266041 -0.057220645 -7.152310371 -0.993084610 0.007020131 -0.117191121 77.251930237
-0.122469120 0.062945567 0.990474284 110.231101990 0.007775648 0.998017013 -0.062463481 -7.259423256 -0.992441833 0.000051734 -0.122715697 77.120101929
-0.130904377 0.065344557 0.989239275 111.482666016 0.003864157 0.997851610 -0.065402113 -7.354914665 -0.991387486 -0.004738844 -0.130875602 76.928596497
-0.138079971 0.063419238 0.988388717 112.687286377 0.011655045 0.997982740 -0.062406603 -7.416792393 -0.990352452 0.002902611 -0.138540611 76.778312683
-0.148028880 0.061125826 0.987092257 113.938125610 0.014180646 0.998116732 -0.059681918 -7.503368855 -0.988881469 0.005162956 -0.148616880 76.626533508
-0.161538810 0.061357882 0.984957099 115.149673462 0.014710930 0.998104155 -0.059764184 -7.621718884 -0.986756623 0.004835397 -0.162135154 76.406387329
-0.176189318 0.061702657 0.982420444 116.324310303 0.015228953 0.998085082 -0.059955265 -7.692913055 -0.984238446 0.004397753 -0.176791459 76.188430786
-0.189825967 0.061638970 0.979880929 117.559967041 0.017812459 0.998079121 -0.059333030 -7.756288052 -0.981656194 0.006191140 -0.190559283 75.977905273
-0.205946654 0.062178664 0.976585805 118.733245850 0.019578272 0.998041034 -0.059415977 -7.857595444 -0.978367627 0.006883336 -0.206760585 75.713333130
-0.220954418 0.066162072 0.973037362 119.917778015 0.020636475 0.997790217 -0.063159078 -7.939517498 -0.975065887 0.006124783 -0.221831545 75.459442139
-0.235985756 0.069365323 0.969277561 121.075866699 0.019564139 0.997586191 -0.066627979 -8.024356842 -0.971559644 0.003239825 -0.236773267 75.155715942
-0.251484990 0.067959234 0.965472221 122.259735107 0.017619675 0.997687995 -0.065637343 -8.119333267 -0.967700720 0.000504504 -0.252100974 74.896270752
-0.267260164 0.063004822 0.961562455 123.422706604 0.012579079 0.998003244 -0.061896294 -8.196133614 -0.963542223 -0.004446843 -0.267519087 74.585037231
-0.284196585 0.057975784 0.957011521 124.604934692 0.007073167 0.998269439 -0.058374766 -8.284451485 -0.958739758 -0.009820811 -0.284114957 74.243499756
-0.300067335 0.057405066 0.952189326 125.745376587 0.004416284 0.998260438 -0.058790881 -8.388068199 -0.953907847 -0.013436081 -0.299798876 73.885772705
-0.313618690 0.061053749 0.947583973 126.906173706 0.004600503 0.998016536 -0.062780559 -8.453139305 -0.949537933 -0.015329792 -0.313277692 73.522087097
-0.328677386 0.062804580 0.942351818 128.035736084 0.006049793 0.997906029 -0.064397007 -8.553217888 -0.944422781 -0.015464810 -0.328369230 73.140151978
-0.341911823 0.062741622 0.937635362 129.176635742 0.008153428 0.997929215 -0.063803002 -8.635617256 -0.939696610 -0.014170078 -0.341715455 72.730697632
-0.356320441 0.061010592 0.932369888 130.292358398 0.007733293 0.998024285 -0.062351361 -8.727239609 -0.934331715 -0.015006774 -0.356088251 72.303771973
-0.370834649 0.060214192 0.926744878 131.412109375 0.008111516 0.998067677 -0.061602529 -8.817843437 -0.928663373 -0.015327044 -0.370606601 71.861160278
-0.385370106 0.060634580 0.920767844 132.492767334 0.006437348 0.997990966 -0.063025683 -8.901922226 -0.922739208 -0.018360913 -0.384986371 71.440582275
-0.400333434 0.062432006 0.914240301 133.567382812 0.006958007 0.997854650 -0.065095097 -9.000560760 -0.916343153 -0.019698448 -0.399909049 70.968551636
-0.414912432 0.065115839 0.907528281 134.679565430 0.008785895 0.997675598 -0.067567199 -9.064914703 -0.909819245 -0.020061012 -0.414520353 70.483474731
-0.429617584 0.068081073 0.900440812 135.767623901 0.012222468 0.997500956 -0.069588058 -9.160093307 -0.902928114 -0.018890647 -0.429376036 69.990203857
-0.443905175 0.071620896 0.893206954 136.840911865 0.012350651 0.997195065 -0.073821053 -9.264431000 -0.895988643 -0.021737859 -0.443544567 69.458587646
-0.458896428 0.073160417 0.885472417 137.914932251 0.012392320 0.997034132 -0.075955652 -9.354360580 -0.888403177 -0.023882724 -0.458442181 68.886665344
-0.474051684 0.072289012 0.877524555 138.982955933 0.012182307 0.997067094 -0.075555675 -9.447151184 -0.880412698 -0.025127035 -0.473542094 68.320976257
-0.490224391 0.066042662 0.869090497 140.057266235 0.007806383 0.997417748 -0.071390986 -9.545596123 -0.871561110 -0.028213175 -0.489474148 67.735961914
-0.506694973 0.065518193 0.859632134 141.119323730 0.007415583 0.997402370 -0.071647584 -9.658865929 -0.862093389 -0.029928794 -0.505864620 67.142532349
-0.522392452 0.065151699 0.850212514 142.159942627 0.005436272 0.997310758 -0.073083639 -9.728147507 -0.852687716 -0.033556361 -0.521341741 66.497375488
-0.538482189 0.064577535 0.840158701 143.208770752 0.005418635 0.997303724 -0.073183283 -9.823707581 -0.842619598 -0.034855384 -0.537380159 65.858001709
-0.554198265 0.063099951 0.829989612 144.249176025 0.002734387 0.997255087 -0.073990494 -9.928988457 -0.832380176 -0.038735889 -0.552849650 65.175926208
-0.569574893 0.063195124 0.819506526 145.271728516 0.003242059 0.997204900 -0.074644819 -10.041300774 -0.821932971 -0.039858911 -0.568187833 64.484664917
-0.584520996 0.060203090 0.809142172 146.290237427 0.002119364 0.997353315 -0.072675690 -10.119022369 -0.811375678 -0.040765580 -0.583101690 63.746284485
-0.600110054 0.057329174 0.797860503 147.291473389 0.002664678 0.997566164 -0.069674514 -10.208684921 -0.799912930 -0.039686337 -0.598802209 63.005142212
-0.614372194 0.054783810 0.787111998 148.281402588 0.002712041 0.997727215 -0.067325979 -10.315320969 -0.789011419 -0.039228551 -0.613124728 62.236343384
-0.629170060 0.053385425 0.775432169 149.265304565 0.002356661 0.997765005 -0.066780016 -10.403743744 -0.777264059 -0.040188558 -0.627889574 61.467403412
-0.643923402 0.054121006 0.763173223 150.224182129 0.000462264 0.997522354 -0.070350006 -10.511034012 -0.765089929 -0.044947226 -0.642352700 60.662418365
-0.659148395 0.053894550 0.750079155 151.173690796 -0.001268888 0.997347534 -0.072776273 -10.618206024 -0.752011836 -0.048922133 -0.657331586 59.848526001
-0.675351083 0.050123561 0.735791266 152.137588501 -0.004127171 0.997415364 -0.071733996 -10.705081940 -0.737485230 -0.051482376 -0.673398256 59.007946014
-0.691180766 0.042832136 0.721411467 153.065979004 -0.007475119 0.997765124 -0.066401854 -10.803985596 -0.722643256 -0.051288314 -0.689315677 58.133750916
-0.707649827 0.039078839 0.705481827 153.975036621 -0.010023793 0.997813582 -0.065326609 -10.908084869 -0.706492245 -0.053299975 -0.705710888 57.238647461
-0.726786673 0.036368515 0.685899913 154.913208008 -0.011988439 0.997773349 -0.065608121 -10.992946625 -0.686758578 -0.055905979 -0.724732637 56.336292267
-0.743890047 0.031133074 0.667576373 155.786209106 -0.016901158 0.997718453 -0.065362796 -11.092125893 -0.668088198 -0.059905529 -0.741666675 55.370944977
-0.760361552 0.030733211 0.648772001 156.637313843 -0.015629875 0.997724771 -0.065581828 -11.171886444 -0.649311662 -0.060006123 -0.758151710 54.418136597
-0.776781082 0.030232966 0.629044533 157.463165283 -0.015722953 0.997604668 -0.067362227 -11.309501648 -0.629574239 -0.062216137 -0.774445236 53.429180145
-0.791735530 0.032091923 0.610020280 158.257217407 -0.010868826 0.997720897 -0.066594534 -11.374293327 -0.610767066 -0.059355475 -0.789582372 52.433067322
-0.806539714 0.032804258 0.590268314 159.055328369 -0.007617685 0.997799397 -0.065861590 -11.463700294 -0.591130137 -0.057616524 -0.804515481 51.399711609
-0.821403861 0.034430549 0.569306850 159.808837891 -0.005723143 0.997628570 -0.068592019 -11.563241005 -0.570318282 -0.059599977 -0.819258690 50.345161438
-0.834801257 0.034823455 0.549449086 160.503540039 -0.006031842 0.997359395 -0.072375916 -11.689330101 -0.550518513 -0.063733704 -0.832386672 49.282726288
-0.847559750 0.036148664 0.529468000 161.218902588 -0.002589141 0.997384191 -0.072239630 -11.764623642 -0.530694604 -0.062598243 -0.845249116 48.201053619
-0.859646499 0.036450952 0.509587228 161.893371582 0.000435120 0.997503400 -0.070617735 -11.851631165 -0.510889053 -0.060484570 -0.857516170 47.094306946
-0.869824469 0.036197092 0.492031425 162.537506104 0.001117326 0.997446954 -0.071403541 -11.961227417 -0.493359923 -0.061558805 -0.867644072 45.986164093
-0.879327893 0.038654551 0.474645615 163.149795532 0.003792946 0.997237086 -0.074186936 -12.097536087 -0.476201862 -0.063434333 -0.877044797 44.861709595
-0.888306558 0.036569253 0.457792699 163.770339966 0.001581872 0.997062624 -0.076577477 -12.168159485 -0.459248275 -0.067300133 -0.885754406 43.710868835
-0.896585226 0.034143899 0.441552907 164.358673096 0.000635734 0.997121751 -0.075813435 -12.274734497 -0.442870706 -0.067692488 -0.894026577 42.563858032
-0.903676212 0.032242279 0.427000642 164.920471191 -0.000411852 0.997095466 -0.076161027 -12.379986763 -0.428216010 -0.069000773 -0.901038229 41.394340515
-0.910178840 0.031460740 0.413019121 165.447937012 0.000065281 0.997122347 -0.075809546 -12.490633011 -0.414215595 -0.068973266 -0.907561839 40.255485535
-0.916526020 0.027770752 0.399009854 165.994415283 -0.002460642 0.997176468 -0.075054765 -12.589368820 -0.399967462 -0.069771416 -0.913869917 39.049339294
-0.922227085 0.023682108 0.385922581 166.505691528 -0.004404720 0.997414172 -0.071732059 -12.686533928 -0.386623532 -0.067853123 -0.919738233 37.860160828
-0.927141726 0.019563619 0.374199808 166.985168457 -0.006317756 0.997678041 -0.067813121 -12.793360710 -0.374657691 -0.065236442 -0.924865484 36.680976868
-0.931574881 0.020433655 0.362974733 167.476608276 -0.003670383 0.997839689 -0.065593436 -12.883305550 -0.363530964 -0.062437419 -0.929487586 35.476348877
-0.934669316 0.024144659 0.354697168 167.959472656 0.000593207 0.997795522 -0.066357985 -12.989713669 -0.355517775 -0.061812326 -0.932623446 34.211643219
-0.936846852 0.029916279 0.348457873 168.415847778 0.006146531 0.997589350 -0.069121122 -13.093210220 -0.349685639 -0.062614106 -0.934772313 33.010238647
-0.938664377 0.032249644 0.343320727 168.847579956 0.008567552 0.997490823 -0.070274457 -13.205042839 -0.344725519 -0.063022703 -0.936585486 31.819255829
-0.940592945 0.030164281 0.338194102 169.291168213 0.006878335 0.997534335 -0.069842115 -13.312044144 -0.339466929 -0.063366793 -0.938480973 30.606012344
-0.942509532 0.022695882 0.333408415 169.773834229 0.000704165 0.997823536 -0.065933570 -13.378799438 -0.334179133 -0.061908245 -0.940473974 29.317754745
-0.944418550 0.016927151 0.328309745 170.210510254 -0.004300153 0.997952044 -0.063822754 -13.485530853 -0.328717768 -0.061687157 -0.942411602 28.096399307
-0.945965052 0.010539921 0.324097455 170.668960571 -0.011317117 0.997789621 -0.065480977 -13.572863579 -0.324071288 -0.065610558 -0.943754911 26.886789322
-0.947152734 0.007808901 0.320688158 171.089782715 -0.014837282 0.997567236 -0.068113126 -13.678605080 -0.320439935 -0.069271661 -0.944732666 25.674676895
-0.948172629 0.008521155 0.317641497 171.513351440 -0.014906796 0.997346997 -0.071252473 -13.750070572 -0.317406207 -0.072294682 -0.945530117 24.447933197
-0.948231280 0.009601566 0.317435861 171.949096680 -0.014419538 0.997210383 -0.073236309 -13.858453751 -0.317253560 -0.074022233 -0.945447445 23.232643127
-0.948162496 0.012228779 0.317550868 172.359878540 -0.012274879 0.997104287 -0.075049199 -13.981191635 -0.317549109 -0.075056754 -0.945266664 22.017341614
-0.947718024 0.012911514 0.318849444 172.755187988 -0.012344843 0.996950030 -0.077063151 -14.060649872 -0.318871856 -0.076970264 -0.944667161 20.743076324
-0.946997643 0.014390646 0.320917875 173.192062378 -0.011506466 0.996835530 -0.078654669 -14.182885170 -0.321034312 -0.078178428 -0.943835318 19.528236389
-0.946433306 0.016285146 0.322488248 173.608718872 -0.009609363 0.996864438 -0.078541458 -14.300225258 -0.322756171 -0.077433161 -0.943309307 18.307594299
-0.945851684 0.015193520 0.324243248 174.024642944 -0.010592349 0.996927202 -0.077613361 -14.408154488 -0.324426234 -0.076845258 -0.942784429 17.087276459
-0.944666326 0.013371622 0.327760309 174.448196411 -0.012886946 0.996884704 -0.077812433 -14.520253181 -0.327779740 -0.077730611 -0.941551149 15.879371643
-0.942986369 0.012593562 0.332593471 174.894378662 -0.013331375 0.997052789 -0.075550899 -14.636507034 -0.332564741 -0.075677410 -0.940039158 14.660572052
-0.941324055 0.010354526 0.337345064 175.341918945 -0.015411546 0.997167945 -0.073611386 -14.713709831 -0.337151855 -0.074491225 -0.938498616 13.483360291
-0.938986182 0.008161960 0.343857825 175.766540527 -0.017326435 0.997326791 -0.070986949 -14.812952995 -0.343517989 -0.072613612 -0.936334610 12.303287506
-0.936000466 0.010165622 0.351851970 176.238037109 -0.015450235 0.997433066 -0.069918476 -14.933898926 -0.351659566 -0.070879914 -0.933440626 11.100986481
-0.932692885 0.011091844 0.360501081 176.692260742 -0.015469970 0.997376859 -0.070711225 -15.033110619 -0.360339731 -0.071528792 -0.930074573 9.937763214
-0.929434597 0.014511961 0.368700981 177.137542725 -0.013294490 0.997260511 -0.072765075 -15.117197990 -0.368746847 -0.072532110 -0.926695406 8.806400299
-0.925114036 0.017343169 0.379292578 177.633499146 -0.011332595 0.997249961 -0.073240094 -15.219411850 -0.379519671 -0.072053835 -0.922373593 7.614082336
-0.920346975 0.019445468 0.390618801 178.117660522 -0.010305537 0.997210622 -0.073923469 -15.324548721 -0.390966594 -0.072060809 -0.917579651 6.476100922
-0.914552152 0.020673156 0.403939009 178.636688232 -0.010702026 0.997106254 -0.075261109 -15.437252998 -0.404325962 -0.073153198 -0.911684692 5.276531219
-0.909163415 0.022451783 0.415833265 179.181838989 -0.008916726 0.997266948 -0.073339909 -15.531847954 -0.416343302 -0.070385873 -0.906478822 4.148811340
-0.903121173 0.021806587 0.428831637 179.705078125 -0.009452547 0.997457862 -0.070628986 -15.621341705 -0.429281682 -0.067840077 -0.900619328 3.002693176
-0.896291494 0.024999993 0.442760229 180.297073364 -0.006933824 0.997497678 -0.070358992 -15.742109299 -0.443411231 -0.066132173 -0.893875360 1.836311340
-0.889684200 0.026346089 0.455815345 180.856964111 -0.006339294 0.997524619 -0.070030212 -15.841893196 -0.456532091 -0.065194316 -0.887315333 0.727600098
-0.883030057 0.030279925 0.468337566 181.479003906 -0.002211510 0.997636616 -0.068670988 -15.910561562 -0.469310164 -0.061674275 -0.880877316 -0.351753235
-0.875047088 0.032571256 0.482940733 182.086303711 0.000896660 0.997840762 -0.065673292 -16.012529373 -0.484036922 -0.057034180 -0.873186886 -1.497840881
-0.867467761 0.035187263 0.496247351 182.709259033 0.003536298 0.997906327 -0.064576611 -16.097959518 -0.497480601 -0.054263216 -0.865776181 -2.544441223
-0.858189285 0.038494930 0.511888206 183.336776733 0.006853167 0.997954726 -0.063558549 -16.197198868 -0.513287842 -0.051037204 -0.856697619 -3.608741760
-0.848393083 0.041649442 0.527726233 183.987838745 0.010565124 0.998034000 -0.061782382 -16.280414581 -0.529261768 -0.046840228 -0.847164631 -4.655220032
-0.837867260 0.043155506 0.544165492 184.616302490 0.012043908 0.998088896 -0.060609952 -16.382661819 -0.545741200 -0.044229206 -0.836785734 -5.665237427
-0.826161206 0.044158459 0.561700642 185.323135376 0.012809522 0.998138428 -0.059628796 -16.484767914 -0.563288033 -0.042067874 -0.825188935 -6.724510193
-0.815819979 0.049197935 0.576209307 186.076965332 0.018195229 0.998065114 -0.059455343 -16.553579330 -0.578019321 -0.038020566 -0.815136850 -7.691795349
-0.803521216 0.049368698 0.593225420 186.793090820 0.017607914 0.998090088 -0.059212044 -16.654323578 -0.595015585 -0.037132673 -0.802855849 -8.701408386
-0.789823234 0.053177431 0.611024857 187.548919678 0.022802908 0.998091578 -0.057388313 -16.715200424 -0.612910509 -0.031393483 -0.789528430 -9.650886536
-0.774954677 0.054544959 0.629658639 188.313812256 0.025416747 0.998152554 -0.055184461 -16.803173065 -0.631505311 -0.026761586 -0.774909377 -10.572128296
