0.999999881 -0.000000000 0.000000000 0.000000000 -0.000000000 1.000000000 0.000000000 -0.000000000 0.000000000 0.000000000 0.999999881 0.000000000
0.999998212 0.001045084 0.001508245 -0.005168438 -0.001037710 0.999987602 -0.004880785 0.002007246 -0.001513328 0.004879210 0.999986887 0.961893141
0.999996901 -0.001330496 0.002060729 0.000902891 0.001341735 0.999984205 -0.005462622 0.001608311 -0.002053429 0.005465368 0.999982834 1.916010380
0.999993384 -0.002781722 0.002296855 0.009002184 0.002787987 0.999992430 -0.002729315 -0.003385288 -0.002289245 0.002735702 0.999993503 2.893175125
0.999981105 -0.005870553 0.001669080 0.001507403 0.005862952 0.999972999 0.004523892 -0.000048643 -0.001695592 -0.004514021 0.999988377 3.813003778
0.999968886 -0.007866142 0.000192280 0.007209691 0.007865135 0.999957740 0.004781021 -0.002873177 -0.000229880 -0.004779360 0.999988437 4.744999886
0.999944866 -0.010493116 -0.000215369 0.007499825 0.010493468 0.999943495 0.001697517 -0.010856505 0.000197545 -0.001699682 0.999998391 5.683063507
0.999917924 -0.012715483 -0.001489990 0.003289101 0.012713032 0.999917626 -0.001642622 0.004204461 0.001510753 0.001623549 0.999997377 6.622513771
0.999914110 -0.012844024 -0.002623264 -0.004170608 0.012838912 0.999915719 -0.001956623 0.004539488 0.002648173 0.001922775 0.999994516 7.546002865
0.999911964 -0.012854777 -0.003273618 -0.012318302 0.012853191 0.999917209 -0.000506136 0.001635728 0.003279853 0.000464014 0.999994397 8.485280037
0.999912024 -0.012697629 -0.003839341 -0.010267394 0.012704513 0.999917567 0.001772917 0.006927021 0.003816512 -0.001821538 0.999990880 9.388209343
0.999911726 -0.012253168 -0.005178809 -0.018817797 0.012274050 0.999916315 0.004018622 0.006908599 0.005129132 -0.004081831 0.999978304 10.326520920
0.999891460 -0.013558862 -0.005764751 -0.026354052 0.013584527 0.999898016 0.004436050 0.008423347 0.005704013 -0.004513877 0.999973416 11.260352135
0.999881268 -0.013825956 -0.006806667 -0.041221038 0.013856841 0.999894023 0.004511532 0.010296796 0.006743566 -0.004605312 0.999966443 12.160090446
0.999865294 -0.014454497 -0.007772696 -0.028984785 0.014484185 0.999888122 0.003776604 0.011165876 0.007717231 -0.003888671 0.999962330 13.052692413
0.999868214 -0.013714788 -0.008675541 -0.024236195 0.013733332 0.999903560 0.002081483 0.008621078 0.008646158 -0.002200353 0.999960065 13.967272758
0.999814630 -0.016108649 -0.010534133 -0.044242926 0.016114660 0.999870062 0.000485851 0.002483395 0.010524941 -0.000655515 0.999944210 14.848107338
0.999781370 -0.016067391 -0.013367228 -0.046733081 0.016072562 0.999870718 0.000279219 0.013236696 0.013361020 -0.000494004 0.999910355 15.758409500
0.999777675 -0.014789605 -0.015025138 -0.062784299 0.014787450 0.999890625 -0.000254493 0.004910345 0.015027255 0.000032253 0.999887049 16.666509628
0.999761403 -0.013998048 -0.016751716 -0.086916804 0.013991394 0.999902129 -0.000514379 0.006381408 0.016757268 0.000279876 0.999859452 17.553171158
0.999732971 -0.014299485 -0.018140867 -0.104027674 0.014300853 0.999897838 -0.000054265 0.007838819 0.018139781 -0.000205179 0.999835312 18.440530777
0.999709308 -0.014269154 -0.019425336 -0.127239361 0.014289821 0.999897599 0.000925542 0.004590120 0.019410133 -0.001202856 0.999810755 19.337308884
0.999717653 -0.012982103 -0.019896246 -0.170155957 0.013004653 0.999915302 0.001004648 0.022741506 0.019881507 -0.001263102 0.999801278 20.231498718
0.999685585 -0.013082401 -0.021382470 -0.184660167 0.013110438 0.999913275 0.001171527 0.015854441 0.021365289 -0.001451492 0.999770701 21.111934662
0.999653459 -0.012557805 -0.023124395 -0.211516201 0.012582750 0.999920428 0.000933556 0.011563445 0.023110824 -0.001224200 0.999732137 21.995819092
0.999632359 -0.012444287 -0.024075335 -0.235058129 0.012474100 0.999921620 0.001088474 0.016590290 0.024059895 -0.001388391 0.999709547 22.848695755
0.999604821 -0.012554938 -0.025141167 -0.258465141 0.012621090 0.999917328 0.002474253 0.026943214 0.025108021 -0.002790584 0.999680817 23.713270187
0.999550462 -0.015525457 -0.025635885 -0.290785015 0.015667878 0.999863029 0.005364138 0.028988108 0.025549084 -0.005763389 0.999656856 24.539958954
0.999527097 -0.015686847 -0.026444606 -0.315695792 0.015861604 0.999853730 0.006411647 0.034209728 0.026340151 -0.006828070 0.999629676 25.376733780
0.999526501 -0.015105085 -0.026799198 -0.339403659 0.015269926 0.999865651 0.005957013 0.033301719 0.026705608 -0.006363416 0.999623060 26.213663101
0.999529958 -0.013324323 -0.027604729 -0.374842405 0.013420319 0.999904394 0.003295307 0.033177841 0.027558174 -0.003664226 0.999613523 27.007568359
0.999514878 -0.012769833 -0.028404752 -0.401075572 0.012829964 0.999915838 0.001935526 0.031197162 0.028377648 -0.002299021 0.999594569 27.823034286
0.999499202 -0.011805500 -0.029358834 -0.433212429 0.011857783 0.999928355 0.001607227 0.031116540 0.029337760 -0.001954555 0.999567568 28.629131317
0.999456048 -0.012414333 -0.030549908 -0.461082190 0.012448280 0.999922097 0.000921053 0.029551875 0.030536095 -0.001300847 0.999532878 29.401706696
0.999392986 -0.012317124 -0.032584369 -0.484593213 0.012321551 0.999924242 -0.000065040 0.034978911 0.032582685 -0.000336491 0.999469221 30.162384033
0.999334335 -0.011932869 -0.034468565 -0.516204536 0.011933612 0.999928772 -0.000184297 0.028751681 0.034468316 -0.000227161 0.999405682 30.942008972
0.999258339 -0.011858071 -0.036630891 -0.552272558 0.011895724 0.999928832 0.000809971 0.032762777 0.036618680 -0.001245122 0.999328375 31.688743591
0.999169350 -0.012509242 -0.038776822 -0.569010437 0.012643193 0.999914765 0.003211013 0.037284739 0.038733318 -0.003698608 0.999242783 32.440986633
0.999106288 -0.011809781 -0.040580321 -0.607557535 0.012023877 0.999915123 0.005035928 0.036597684 0.040517405 -0.005519361 0.999163508 33.183620453
0.999028325 -0.011223162 -0.042616166 -0.649043977 0.011460846 0.999920070 0.005337084 0.035705298 0.042552870 -0.005820318 0.999077201 33.903450012
0.998976648 -0.007857002 -0.044541299 -0.682553589 0.008050243 0.999959111 0.004160715 0.037549466 0.044506785 -0.004515029 0.998999000 34.621704102
0.998901725 -0.005268826 -0.046552051 -0.734822452 0.005442795 0.999978781 0.003611141 0.028858230 0.046532013 -0.003860549 0.998909116 35.321296692
0.998834729 -0.004418398 -0.048054829 -0.767661870 0.004642567 0.999978960 0.004554272 0.032491520 0.048033681 -0.004772063 0.998834133 36.018539429
0.998782992 -0.003915886 -0.049163468 -0.805723548 0.004218734 0.999972880 0.006057763 0.036455512 0.049138397 -0.006257798 0.998772264 36.719444275
0.998798668 -0.001577408 -0.048977628 -0.834265292 0.001928728 0.999973238 0.007126600 0.041230366 0.048965048 -0.007212501 0.998774469 37.407981873
0.998839557 0.002602820 -0.048089199 -0.878937602 -0.002343384 0.999982357 0.005450441 0.031783044 0.048102554 -0.005331423 0.998828053 38.079772949
0.998915970 0.003946029 -0.046377916 -0.914584160 -0.003836269 0.999989569 0.002455415 0.032931369 0.046387136 -0.002274835 0.998920798 38.734321594
0.999012709 0.004401178 -0.044203207 -0.949476540 -0.004378830 0.999990225 0.000602380 0.032830209 0.044205446 -0.000408228 0.999022245 39.373424530
0.999142945 0.005087686 -0.041076288 -0.974583805 -0.005043545 0.999986529 0.001178121 0.033714928 0.041081756 -0.000969943 0.999155164 40.006759644
0.999236286 0.009240743 -0.037962072 -1.003971696 -0.009115341 0.999952197 0.003474945 0.052166060 0.037992414 -0.003126255 0.999273002 40.669780731
0.999316514 0.013357132 -0.034460496 -1.030920625 -0.013129787 0.999890625 0.006815296 0.061038673 0.034547750 -0.006358179 0.999382675 41.276645660
0.999392629 0.017934734 -0.029870139 -1.049065828 -0.017705964 0.999811947 0.007906120 0.055238783 0.030006308 -0.007372437 0.999522388 41.883193970
0.999447644 0.022632079 -0.024323151 -1.075284481 -0.022435594 0.999713719 0.008321072 0.053213030 0.024504494 -0.007770773 0.999669313 42.473312378
0.999491334 0.025855707 -0.018655060 -1.093428373 -0.025670774 0.999619663 0.010085818 0.057428092 0.018908728 -0.009601800 0.999774933 43.031105042
0.999449074 0.030841751 -0.012209198 -1.105708957 -0.030703705 0.999464333 0.011338552 0.068130553 0.012552328 -0.010957447 0.999860764 43.601505280
0.999416709 0.033704940 -0.005462331 -1.138995528 -0.033639662 0.999366343 0.011633606 0.070486337 0.005850974 -0.011443069 0.999917328 44.149330139
0.999304831 0.037229877 0.001826431 -1.129606247 -0.037248503 0.999239743 0.011517040 0.068668574 -0.001396270 -0.011577068 0.999931931 44.649108887
0.999096751 0.041478675 0.009210178 -1.139415979 -0.041579291 0.999074459 0.011013370 0.067907810 -0.008744841 -0.011386377 0.999896944 45.143417358
0.998786569 0.046180662 0.017097063 -1.132774830 -0.046333212 0.998888671 0.008635417 0.074521482 -0.016679283 -0.009417104 0.999816418 45.616561890
0.998542964 0.047906503 0.024827020 -1.126762867 -0.048066802 0.998826623 0.005899247 0.061128795 -0.024515290 -0.007084011 0.999674201 46.051601410
0.998273790 0.048438624 0.033198997 -1.088673115 -0.048627704 0.998804867 0.004910331 0.073599637 -0.032921508 -0.006516255 0.999436319 46.450313568
0.997998118 0.048162948 0.040990151 -1.073638201 -0.048451606 0.998807192 0.006077534 0.060769036 -0.040648539 -0.008051406 0.999140918 46.850891113
0.997578502 0.049275484 0.049081761 -1.047401428 -0.049658664 0.998744547 0.006617905 0.066829875 -0.048694041 -0.009039215 0.998772740 47.220916748
0.996962547 0.052091144 0.057898037 -1.041444778 -0.052564573 0.998595357 0.006683465 0.067922845 -0.057468556 -0.009706550 0.998300076 47.586288452
0.996171474 0.056870993 0.066392243 -1.019374371 -0.057411563 0.998331249 0.006261222 0.069565102 -0.065925345 -0.010048935 0.997774005 47.904136658
0.995264888 0.061170734 0.075535297 -0.986993313 -0.061865900 0.998060763 0.006895596 0.074284524 -0.074967027 -0.011536004 0.997119546 48.208087921
0.994579434 0.060521200 0.084549472 -0.977237225 -0.061349422 0.998089969 0.007229422 0.070716262 -0.083950460 -0.012377293 0.996393025 48.503978729
0.993670166 0.059942678 0.095005251 -0.932602406 -0.060776971 0.998133719 0.005909437 0.062991887 -0.094473727 -0.011646163 0.995459199 48.759082794
0.992566705 0.057674911 0.107164040 -0.881353855 -0.058142431 0.998307109 0.001240479 0.071838915 -0.106911138 -0.007462036 0.994240522 49.024684906
0.991003752 0.058480367 0.120380662 -0.838202477 -0.058549564 0.998280108 -0.002964928 0.074200407 -0.120347045 -0.004109981 0.992723167 49.291107178
0.988922358 0.060316063 0.135624200 -0.796016216 -0.060180526 0.998174369 -0.005102725 0.076747179 -0.135684386 -0.003115738 0.990747094 49.549335480
0.986392975 0.062391173 0.152103230 -0.751026154 -0.062180489 0.998045683 -0.006145760 0.063950300 -0.152189374 -0.003395720 0.988345385 49.800121307
0.983584523 0.063570037 0.168879405 -0.696146965 -0.063201778 0.997972071 -0.007560504 0.065723538 -0.169017643 -0.003237086 0.985607564 50.039554596
0.980364859 0.063134484 0.186811760 -0.639494896 -0.062631860 0.997999549 -0.008597428 0.061240703 -0.186980918 -0.003271753 0.982357919 50.290119171
0.976535738 0.062031634 0.206228212 -0.567989349 -0.061473526 0.998066902 -0.009119163 0.053919077 -0.206395313 -0.003772389 0.978461206 50.544536591
0.972032785 0.062500007 0.226375684 -0.504128456 -0.061754163 0.998037279 -0.010382129 0.052373052 -0.226580337 -0.003887873 0.973984540 50.769939423
0.966773152 0.064399481 0.247391194 -0.426133156 -0.063252181 0.997918069 -0.012590960 0.047856748 -0.247687072 -0.003475434 0.968833745 51.013118744
0.960556090 0.065669172 0.270220995 -0.332804680 -0.064024769 0.997836828 -0.014905367 0.050190151 -0.270615458 -0.002983399 0.962682843 51.268939972
0.953284085 0.067082204 0.294532299 -0.250162125 -0.065309495 0.997738838 -0.015862487 0.042097032 -0.294930637 -0.004114305 0.955509722 51.494518280
0.944795430 0.068773970 0.320361197 -0.151008606 -0.067152925 0.997612238 -0.016119195 0.038312197 -0.320705295 -0.006283859 0.947158217 51.750305176
0.934857249 0.070415050 0.347970545 -0.027809143 -0.068829805 0.997484803 -0.016932197 0.026695073 -0.348287642 -0.008121563 0.937352419 52.004661560
0.923711121 0.071287677 0.376398385 0.082040787 -0.069446996 0.997414529 -0.018476205 0.029080987 -0.376742363 -0.009073065 0.926273584 52.221138000
0.910995126 0.069884315 0.406453073 0.202131271 -0.067354999 0.997517407 -0.020545445 0.017819941 -0.406879812 -0.008659850 0.913440645 52.460365295
0.896267056 0.067348391 0.438371658 0.369276047 -0.063754737 0.997702062 -0.022931149 0.005176544 -0.438908637 -0.007395844 0.898501217 52.701515198
0.878980339 0.066405833 0.472211719 0.508251190 -0.060855195 0.997780323 -0.027038548 -0.005122304 -0.472959042 -0.004970189 0.881070435 52.918304443
0.859471560 0.068544023 0.506567359 0.702165604 -0.060516153 0.997643888 -0.032316804 -0.012971401 -0.507588863 -0.002880129 0.861594737 53.158294678
0.837576091 0.070630021 0.541735768 0.852987289 -0.060371559 0.997500598 -0.036711149 -0.019844294 -0.542974710 -0.001957041 0.839746833 53.363357544
0.813017488 0.073463991 0.577586055 1.040916443 -0.061337274 0.997294784 -0.040508248 -0.031035900 -0.578999400 -0.002493632 0.815324128 53.595954895
0.785623848 0.078065909 0.613759518 1.297155380 -0.065099277 0.996931255 -0.043474410 -0.050391674 -0.615270019 -0.005800761 0.788295031 53.865928650
0.755943060 0.081505507 0.649543643 1.482553482 -0.067843296 0.996630073 -0.046101965 -0.057249188 -0.651112437 -0.009216716 0.758925259 54.030384064
0.723170400 0.082968704 0.685667813 1.734405518 -0.067813933 0.996491253 -0.049056608 -0.072185993 -0.687331975 -0.011021544 0.726259470 54.254478455
0.687172234 0.080879070 0.721978247 2.063426971 -0.064908415 0.996644378 -0.049869105 -0.096774817 -0.723588705 -0.012593784 0.690116167 54.512783051
0.648259997 0.079629734 0.757243514 2.309198380 -0.062115133 0.996732354 -0.051638298 -0.112249017 -0.758880734 -0.013561220 0.651087940 54.704265594
0.606074214 0.079387411 0.791436195 2.698331833 -0.060463876 0.996726215 -0.053676967 -0.127768517 -0.793106198 -0.015321049 0.608890235 54.943534851
0.560500503 0.079132386 0.824364424 3.003271103 -0.057244256 0.996745586 -0.056758158 -0.152924061 -0.826172769 -0.015377132 0.563206315 55.112949371
0.512567282 0.078220665 0.855076432 3.401214600 -0.054581009 0.996796191 -0.058466829 -0.181227326 -0.856910229 -0.016702741 0.515194416 55.308586121
0.462262601 0.075513013 0.883521318 3.834051132 -0.051465828 0.996972740 -0.058282267 -0.190773368 -0.885247648 -0.018529424 0.464749455 55.504936218
0.412209600 0.073774077 0.908097267 4.205629349 -0.051896457 0.996999264 -0.057439338 -0.215501904 -0.909609795 -0.023449982 0.414801180 55.655937195
0.361998916 0.073548153 0.929272473 4.663917542 -0.054475721 0.996847928 -0.057675451 -0.221369624 -0.930585265 -0.029744336 0.364864349 55.811134338
0.313169420 0.074299693 0.946786344 5.137556076 -0.053432982 0.996734142 -0.060545374 -0.235217452 -0.948192775 -0.031628646 0.316116571 55.929832458
0.265506089 0.070512585 0.961527050 5.602514267 -0.042802341 0.997200668 -0.061309725 -0.285589457 -0.963158429 -0.024877505 0.267780811 56.033699036
0.221839026 0.064468347 0.972949743 6.128221512 -0.028567566 0.997813344 -0.059602369 -0.308991611 -0.974664569 -0.014572681 0.223195434 56.107288361
0.179402322 0.062173128 0.981809080 6.689478874 -0.019149907 0.998032689 -0.059701297 -0.363522470 -0.983589172 -0.008090998 0.180240005 56.162700653
0.140250266 0.064935170 0.987984180 7.178506374 -0.017254375 0.997855544 -0.063134596 -0.363330364 -0.989965439 -0.008192403 0.141069993 56.235675812
0.107277818 0.065242477 0.992085934 7.703129768 -0.009001827 0.997867525 -0.064649269 -0.413512349 -0.994188190 -0.001995158 0.107636318 56.276031494
0.077999592 0.064063661 0.994892776 8.270849228 -0.001189612 0.997938514 -0.064166546 -0.451121569 -0.996952653 0.003821421 0.077914976 56.293746948
0.052685916 0.062022846 0.996683061 8.830406189 0.005386357 0.998037219 -0.062391859 -0.468542039 -0.998596609 0.008655655 0.052248389 56.304321289
0.034382999 0.061520323 0.997513294 9.413155556 0.010876529 0.998021424 -0.061926577 -0.482219458 -0.999349594 0.012978696 0.033645749 56.285797119
0.017834393 0.062937342 0.997857988 9.999032021 0.011846632 0.997933626 -0.063153826 -0.523392439 -0.999770582 0.012947571 0.017051954 56.294574738
0.004734259 0.063368753 0.997978806 10.578369141 0.013143092 0.997900128 -0.063426100 -0.547759175 -0.999902129 0.013416809 0.003891464 56.286342621
-0.007217355 0.064209335 0.997910082 11.182380676 0.013709664 0.997849047 -0.064106241 -0.560665131 -0.999879658 0.013218340 -0.008082118 56.280757904
-0.016459811 0.066829063 0.997628450 11.800704956 0.018294187 0.997617006 -0.066526487 -0.612156093 -0.999696791 0.017155794 -0.017643169 56.271606445
-0.023098357 0.068451643 0.997386754 12.431032181 0.022386458 0.997438490 -0.067936763 -0.667279065 -0.999482274 0.020758735 -0.024571571 56.247234344
-0.026650818 0.068405308 0.997301280 13.117986679 0.024875747 0.997392297 -0.067746833 -0.679927051 -0.999334753 0.023003111 -0.028282952 56.201721191
-0.030571878 0.065319814 0.997395992 13.768676758 0.022809412 0.997648060 -0.064637184 -0.724101484 -0.999272108 0.020773932 -0.031989880 56.187114716
-0.032916181 0.059139732 0.997706950 14.449403763 0.020938711 0.998069465 -0.058470428 -0.743901372 -0.999238610 0.018966069 -0.034090936 56.165447235
-0.034175698 0.052958354 0.998011768 15.125787735 0.022152398 0.998389721 -0.052219838 -0.770820856 -0.999170184 0.020323694 -0.035293829 56.127670288
-0.034761298 0.050872117 0.998100042 15.819364548 0.024746438 0.998440981 -0.050027657 -0.804374456 -0.999089241 0.022960385 -0.035966020 56.107921600
-0.034160975 0.052486561 0.998037100 16.552341461 0.027749507 0.998284340 -0.051549751 -0.867916584 -0.999031186 0.025934024 -0.035558879 56.081909180
-0.033136878 0.059626963 0.997670293 17.257907867 0.028270207 0.997875392 -0.058700230 -0.904407263 -0.999051034 0.026259204 -0.034752138 56.062187195
-0.030964136 0.067530170 0.997236371 17.955698013 0.027687192 0.997390270 -0.066680901 -0.961257696 -0.999137044 0.025545964 -0.032753043 56.049808502
-0.029244259 0.068938762 0.997191906 18.680055618 0.027875159 0.997287393 -0.068127863 -1.000190377 -0.999183655 0.025804540 -0.031086586 56.024162292
-0.026652163 0.064568378 0.997557044 19.417987823 0.028702747 0.997550011 -0.063801050 -1.024014354 -0.999232650 0.026932191 -0.028440140 56.009155273
-0.023926605 0.058353219 0.998008966 20.151802063 0.029069129 0.997913897 -0.057650734 -1.053895116 -0.999291003 0.027631871 -0.025572948 55.990287781
-0.021248430 0.056380142 0.998182714 20.933345795 0.027837714 0.998055518 -0.055780351 -1.093270183 -0.999386609 0.026601885 -0.022776550 55.961227417
-0.018042855 0.061253831 0.997959018 21.653099060 0.034945395 0.997550428 -0.060596939 -1.152675867 -0.999226153 0.033780728 -0.020139201 55.935173035
-0.014616355 0.067058899 0.997641861 22.378906250 0.037187807 0.997094810 -0.066477276 -1.206004262 -0.999201238 0.036128450 -0.017067673 55.918865204
-0.012471445 0.068111517 0.997599661 23.115066528 0.030938148 0.997226059 -0.067699216 -1.243433714 -0.999443233 0.030019570 -0.014544101 55.935741425
-0.009103246 0.064828835 0.997854829 23.847278595 0.026021942 0.997573793 -0.064573161 -1.272340536 -0.999619722 0.025378289 -0.010768141 55.940753937
-0.003589969 0.060730752 0.998147905 24.634323120 0.031442471 0.997667611 -0.060588438 -1.309253931 -0.999498904 0.031166689 -0.005491142 55.908443451
0.000215518 0.061961405 0.998078465 25.378856659 0.036513146 0.997412562 -0.061927937 -1.361622810 -0.999333143 0.036456324 -0.002047447 55.904788971
0.003130129 0.066135585 0.997805715 26.110504150 0.035943668 0.997158468 -0.066205412 -1.430776358 -0.999348879 0.036072027 0.000744076 55.905368805
0.006571979 0.067739658 0.997681201 26.845691681 0.031749595 0.997185886 -0.067915149 -1.461004734 -0.999474168 0.032122314 0.004402776 55.924510956
0.010127596 0.066686824 0.997722208 27.627874374 0.031655084 0.997252703 -0.066976719 -1.488941431 -0.999447405 0.032261323 0.007988787 55.937641144
0.013639168 0.064509973 0.997823656 28.343648911 0.035961118 0.997239470 -0.064963743 -1.529119015 -0.999260008 0.036768902 0.011281665 55.939701080
0.017241836 0.064068861 0.997796297 29.093517303 0.040488485 0.997081697 -0.064722598 -1.581805825 -0.999031126 0.041515205 0.014597466 55.952259064
0.021069981 0.065337807 0.997640431 29.843967438 0.043786876 0.996844590 -0.066210434 -1.632112741 -0.998818517 0.045078620 0.018142555 55.961307526
0.023722121 0.065426879 0.997575045 30.573020935 0.044176757 0.996812940 -0.066427380 -1.674997091 -0.998741984 0.045645438 0.020756168 55.976966858
0.027407445 0.063356042 0.997613966 31.389245987 0.044736791 0.996911824 -0.064540468 -1.721151829 -0.998622715 0.046398949 0.024488468 55.994262695
0.030999493 0.061825834 0.997605264 32.147987366 0.048064418 0.996838331 -0.063271828 -1.766280890 -0.998363018 0.049910709 0.027929861 56.012271881
0.034005847 0.062500305 0.997465432 32.889026642 0.046566073 0.996859789 -0.064049870 -1.804389954 -0.998336196 0.048626110 0.030988675 56.040061951
0.037132524 0.063769147 0.997273564 33.641231537 0.042348854 0.996965110 -0.065326199 -1.857671022 -0.998412490 0.044659108 0.034319282 56.080451965
0.039362434 0.063180394 0.997225463 34.393966675 0.044070031 0.996918738 -0.064900421 -1.920472622 -0.998252511 0.046502389 0.036456794 56.111423492
0.043350995 0.066024728 0.996875823 35.162033081 0.041693732 0.996825278 -0.067834504 -1.919754028 -0.998189569 0.044504169 0.040460531 56.131530762
0.045578424 0.066583402 0.996739209 35.969161987 0.039679941 0.996868134 -0.068406470 -1.970871449 -0.998172402 0.042668398 0.042793650 56.176906586
0.048142381 0.066729277 0.996608853 36.647136688 0.037847567 0.996927619 -0.068578869 -2.007663250 -0.998123229 0.041020762 0.045468919 56.214698792
0.051614296 0.068495646 0.996315300 37.442047119 0.034981411 0.996908844 -0.070348665 -2.064576626 -0.998054147 0.038483500 0.049058683 56.251365662
0.054052841 0.070630029 0.996036947 38.213382721 0.033912160 0.996789992 -0.072523735 -2.133846521 -0.997961998 0.037697863 0.051484127 56.316230774
0.057410207 0.072365016 0.995724499 38.959625244 0.034153823 0.996643364 -0.074400984 -2.168766737 -0.997766256 0.038279191 0.054745972 56.362617493
0.060515504 0.074983105 0.995346963 39.736343384 0.028047051 0.996653080 -0.076786712 -2.234078884 -0.997772992 0.032563340 0.058209930 56.427730560
0.063018575 0.074486010 0.995228827 40.531398773 0.023393696 0.996826887 -0.076086894 -2.273847103 -0.997738063 0.028076991 0.061076112 56.481410980
0.066626959 0.074324600 0.995005846 41.289215088 0.025478425 0.996769965 -0.076162435 -2.340740204 -0.997452497 0.030425677 0.064518079 56.543933868
0.070777111 0.076143973 0.994581461 42.098201752 0.025781255 0.996609569 -0.078133874 -2.397425175 -0.997158766 0.031171681 0.068574011 56.589530945
0.074431188 0.077520795 0.994208455 42.892974854 0.020121563 0.996654272 -0.079217918 -2.467499018 -0.997022986 0.025901318 0.072622322 56.658805847
0.078665927 0.076421998 0.993967414 43.672370911 0.019151904 0.996757567 -0.078152262 -2.505493164 -0.996716917 0.025184294 0.076947242 56.727584839
0.083456077 0.074861139 0.993695557 44.464157104 0.021272039 0.996813297 -0.076882571 -2.577441692 -0.996284187 0.027554253 0.081597708 56.789550781
0.088133797 0.079262830 0.992950022 45.268646240 0.016666161 0.996572316 -0.081031270 -2.622020245 -0.995968878 0.023690265 0.086510718 56.867736816
0.094555475 0.087279566 0.991686285 46.051494598 0.015358052 0.995903075 -0.089115120 -2.686492205 -0.995400310 0.023656702 0.092827663 56.951087952
0.101904318 0.092292167 0.990503728 46.847854614 0.014499037 0.995443523 -0.094244145 -2.744803905 -0.994688451 0.023965228 0.100101836 57.039001465
0.109089889 0.095128924 0.989469409 47.646003723 0.009740145 0.995260119 -0.096759498 -2.814507246 -0.993984163 0.020193055 0.107646219 57.143081665
0.116251320 0.093664303 0.988793373 48.456935883 0.006475899 0.995450795 -0.095056303 -2.886385918 -0.993198693 0.017453741 0.115115888 57.243511200
0.123939693 0.091780528 0.988035858 49.265083313 0.005952495 0.995626569 -0.093232296 -2.966580629 -0.992271781 0.017436458 0.122851297 57.353954315
0.131109282 0.088631153 0.987397611 50.073940277 0.005743568 0.995910883 -0.090157934 -3.033708096 -0.991351128 0.017491724 0.130064040 57.466423035
0.139090627 0.082121462 0.986867964 50.840900421 0.002942268 0.996516705 -0.083339050 -3.106335163 -0.990275025 0.014495297 0.138364494 57.544273376
0.145833582 0.075539581 0.986420929 51.648395538 0.001247433 0.997065723 -0.076539211 -3.159687996 -0.989308178 0.012392480 0.145311505 57.676208496
0.153247461 0.071580715 0.985591948 52.455955505 0.001420128 0.997355878 -0.072655968 -3.230912685 -0.988186777 0.012534004 0.152740657 57.807384491
0.160501540 0.073928729 0.984263003 53.246486664 0.001274439 0.997174501 -0.075106390 -3.290384531 -0.987034619 0.013309071 0.159953892 57.952426910
0.168002337 0.080054775 0.982530534 54.028247833 0.001454828 0.996675372 -0.081456088 -3.350265026 -0.985785306 0.015114230 0.167327464 58.052238464
0.173196420 0.084633604 0.981244028 54.793022156 0.000110825 0.996299207 -0.085951678 -3.409538507 -0.984887242 0.014995273 0.172546074 58.191623688
0.178231403 0.086423375 0.980185926 55.565376282 -0.001710954 0.996161103 -0.087520801 -3.485201836 -0.983987033 0.013921905 0.177695051 58.344470978
0.183488801 0.086676128 0.979192853 56.338047028 -0.003245940 0.996152997 -0.087569118 -3.539320946 -0.983016253 0.012889560 0.183064297 58.495765686
0.188335538 0.083715841 0.978530049 57.096847534 -0.000971197 0.996375561 -0.085055642 -3.619388342 -0.982104063 0.015068662 0.187734261 58.646572113
0.191954479 0.077655599 0.978326321 57.864196777 -0.000465709 0.996871352 -0.079036258 -3.654351711 -0.981403232 0.014715766 0.191390127 58.804672241
0.195804507 0.070027381 0.978139341 58.622787476 -0.001767164 0.997470498 -0.071057618 -3.733104706 -0.980641425 0.012184868 0.195432946 58.952606201
0.198748142 0.066833019 0.977769136 59.336189270 -0.005885626 0.997735381 -0.067001462 -3.778003693 -0.980032861 0.007561627 0.198691383 59.110237122
0.202091157 0.066915058 0.977078080 60.079368591 -0.006599142 0.997733355 -0.066964768 -3.834094524 -0.979344368 0.007085104 0.202074662 59.272079468
0.204023987 0.068844885 0.976542115 60.783706665 -0.008569257 0.997611284 -0.068539962 -3.880016327 -0.978928208 0.005615548 0.204126567 59.422443390
0.205773368 0.073050275 0.975869298 61.500949860 -0.013154014 0.997326016 -0.071882844 -3.942085743 -0.978511155 0.001954966 0.206184015 59.586967468
0.207688913 0.078303926 0.975055695 62.189434052 -0.014183046 0.996926904 -0.077039361 -3.982682228 -0.978092015 0.002170949 0.208161160 59.741920471
0.208946079 0.083990335 0.974313498 62.830253601 -0.016177826 0.996465266 -0.082430594 -4.038825512 -0.977793097 0.001461256 0.209566101 59.898975372
0.210735068 0.085720308 0.973777413 63.507766724 -0.015126050 0.996314526 -0.084430784 -4.107528687 -0.977426231 0.003063122 0.211255014 60.055278778
0.212102905 0.085819453 0.973471701 64.169548035 -0.017868331 0.996310532 -0.083939686 -4.157008648 -0.977083921 0.000409539 0.212853819 60.216857910
0.212710723 0.082747668 0.973604977 64.833915710 -0.016917400 0.996570110 -0.081003450 -4.214976788 -0.976968586 0.000759435 0.213381037 60.346733093
0.213447019 0.080065936 0.973668039 65.477813721 -0.016889123 0.996789455 -0.078264847 -4.260828018 -0.976808488 0.000260990 0.214113966 60.508644104
0.213294417 0.079366133 0.973758757 66.125938416 -0.016672980 0.996845365 -0.077595741 -4.315811157 -0.976845503 0.000315267 0.213944823 60.647449493
0.211976528 0.078533217 0.974114120 66.754585266 -0.016374463 0.996911347 -0.076807931 -4.368542671 -0.977137387 0.000330873 0.212607741 60.775337219
0.209847450 0.079023592 0.974535465 67.381141663 -0.017955421 0.996871352 -0.076968521 -4.414999962 -0.977568984 -0.001346554 0.210609838 60.926582336
0.207427964 0.082134567 0.974795997 67.996429443 -0.018962841 0.996619225 -0.079938240 -4.460294724 -0.978066266 -0.001903480 0.208284274 61.053485870
0.205321178 0.086467132 0.974867463 68.603347778 -0.018012820 0.996254563 -0.084570348 -4.521942616 -0.978528738 -0.000196031 0.206109747 61.187889099
0.203424662 0.086765550 0.975238442 69.189788818 -0.014945446 0.996224582 -0.085515216 -4.564670086 -0.978976309 0.002820526 0.203953505 61.316226959
0.201293528 0.085815422 0.975764513 69.782402039 -0.015831677 0.996309638 -0.084356368 -4.616398811 -0.979402900 0.001532397 0.201909393 61.440475464
0.199314535 0.082728177 0.976437092 70.351409912 -0.015548995 0.996571183 -0.081260137 -4.651769638 -0.979812086 0.001013702 0.199917629 61.550102234
0.197436199 0.078436725 0.977172732 70.914581299 -0.015381548 0.996918917 -0.076913968 -4.701275826 -0.980195105 0.000155168 0.198034376 61.658176422
0.195446372 0.077159427 0.977674246 71.471298218 -0.012196343 0.997014105 -0.076247647 -4.753098488 -0.980638564 0.002978268 0.195803896 61.764160156
0.193422720 0.078803971 0.977945447 72.020416260 -0.008125694 0.996863365 -0.078721307 -4.795012474 -0.981081784 0.007279999 0.193456426 61.882282257
0.191268817 0.080852553 0.978201807 72.570678711 -0.004015928 0.996657491 -0.081592798 -4.845062256 -0.981529415 0.011677765 0.190954238 61.978855133
0.189390138 0.082799502 0.978404403 73.099983215 -0.004044843 0.996495366 -0.083547547 -4.874717712 -0.981893599 0.011865584 0.189061344 62.079273224
0.187965900 0.085719541 0.978427410 73.667800903 -0.004974038 0.996253848 -0.086325809 -4.918585777 -0.982163012 0.011359551 0.187688291 62.196075439
0.186545789 0.084808581 0.978778958 74.222007751 -0.003489457 0.996317923 -0.085663266 -4.948230743 -0.982440114 0.012564710 0.186154842 62.267547607
0.187245741 0.082784377 0.978818476 74.764572144 0.002471407 0.996399462 -0.084744103 -5.005454063 -0.982309937 0.018287031 0.186366946 62.364940643
0.189153269 0.080996603 0.978601277 75.316612244 0.007767207 0.996437430 -0.083974220 -5.044099808 -0.981916845 0.023484996 0.187850267 62.490734100
0.191325888 0.080157839 0.978247941 75.868988037 0.010751429 0.996428490 -0.083750382 -5.088192463 -0.981467724 0.026541183 0.189780787 62.576366425
0.194564939 0.080264077 0.977600276 76.417373657 0.008472381 0.996471465 -0.083499730 -5.137672424 -0.980852962 0.024528727 0.193198428 62.687255859
0.199993491 0.080583446 0.976477802 76.975852966 0.006787356 0.996474028 -0.083623819 -5.180546284 -0.979773700 0.023351924 0.198741391 62.821941376
0.206161693 0.079761751 0.975261569 77.538322449 0.008490458 0.996488631 -0.083292656 -5.224984169 -0.978481174 0.025452176 0.204760596 62.945850372
0.215112448 0.079273723 0.973366201 78.108444214 0.006358085 0.996564567 -0.082568251 -5.266348839 -0.976568520 0.023950212 0.213869512 63.074535370
0.223705813 0.077635907 0.971559644 78.687454224 0.005989465 0.996694148 -0.081023492 -5.298766613 -0.974638164 0.023944547 0.222501308 63.224014282
0.232583255 0.076674812 0.969549239 79.264434814 0.003603990 0.996812582 -0.079695471 -5.349612236 -0.972569764 0.022030070 0.231565610 63.362022400
0.241940171 0.077076435 0.967224836 79.838607788 0.001427667 0.996810377 -0.079791188 -5.389636993 -0.970289886 0.020685565 0.241058484 63.523227692
0.251534045 0.079981431 0.964537859 80.428161621 -0.003058428 0.996640146 -0.081845827 -5.439330101 -0.967843413 0.017637040 0.250933558 63.705101013
0.260953456 0.082843006 0.961789966 81.015182495 -0.007049783 0.996447682 -0.083915472 -5.476144791 -0.965325415 0.015117616 0.260610521 63.857551575
0.271844387 0.084901430 0.958588481 81.620735168 -0.010041240 0.996296287 -0.085393608 -5.518274784 -0.962288618 0.013588350 0.271690130 64.059707642
0.282155335 0.086805925 0.955433190 82.233245850 -0.012083622 0.996140301 -0.086935878 -5.575905800 -0.959292352 0.012984326 0.282115251 64.256698608
0.291188687 0.088195719 0.952590942 82.846313477 -0.015687378 0.996046960 -0.087423727 -5.631414413 -0.956536412 0.010513151 0.291421294 64.447959900
0.301362067 0.088883780 0.949358046 83.465003967 -0.017118040 0.995989740 -0.087815762 -5.678161621 -0.953356147 0.010213190 0.301674962 64.657859802
0.311528414 0.089681461 0.945995450 84.100456238 -0.020695377 0.995940745 -0.087601088 -5.733183861 -0.950011492 0.007712485 0.312119693 64.882736206
0.322682917 0.085845120 0.942606151 84.817001343 -0.020451855 0.996278524 -0.083731867 -5.780915737 -0.946286201 0.007740790 0.323237658 65.150772095
0.332811862 0.078017794 0.939760387 85.424896240 -0.016993336 0.996906102 -0.076743864 -5.837723255 -0.942840159 0.009571592 0.333107919 65.349037170
0.343814820 0.073668852 0.936143339 86.094894409 -0.015424483 0.997226775 -0.072810844 -5.878554344 -0.938910842 0.010593900 0.343997389 65.604263306
0.354414970 0.070254251 0.932445228 86.773239136 -0.014371807 0.997465312 -0.069690526 -5.917922974 -0.934977710 0.011298435 0.354526162 65.881820679
0.363694489 0.067930192 0.929037988 87.445335388 -0.010519147 0.997573555 -0.068823464 -5.975877762 -0.931458831 0.015258018 0.363526434 66.137222290
0.372065276 0.063058384 0.926061928 88.165275574 -0.003683102 0.997782707 -0.066462286 -5.999822140 -0.928199530 0.021317517 0.371472269 66.415954590
0.379132450 0.053747494 0.923780143 88.940139771 0.005595450 0.998160362 -0.060371544 -6.046797752 -0.925325453 0.028057786 0.378134221 66.758148193
0.386197507 0.047909200 0.921171129 89.610473633 0.011761662 0.998313308 -0.056852348 -6.097539425 -0.922340989 0.032790739 0.384982616 67.022567749
0.393552303 0.049017642 0.917994738 90.326164246 0.013354109 0.998166978 -0.059023641 -6.131735325 -0.919205129 0.035487883 0.392176330 67.316085815
0.400768995 0.055399090 0.914502561 91.023887634 0.014527318 0.997660518 -0.066803083 -6.190811157 -0.916063845 0.040057875 0.399026573 67.609436035
0.408188969 0.060871553 0.910865605 91.741775513 0.017356271 0.997076690 -0.074410819 -6.242684364 -0.912732363 0.046182897 0.405939192 67.918807983
0.413722903 0.062445983 0.908258557 92.460609436 0.015780382 0.997003019 -0.075735636 -6.299920082 -0.910265982 0.045666225 0.411497593 68.260368347
0.418042302 0.064358771 0.906144619 93.158775330 0.009165848 0.997137725 -0.075050101 -6.341079712 -0.908381343 0.039679699 0.416255713 68.587371826
0.421929806 0.067434005 0.904116988 93.839538574 0.003348807 0.997107565 -0.075932518 -6.383042336 -0.906622291 0.035065897 0.420483440 68.924896240
0.426068097 0.069782749 0.901995540 94.535285950 0.003289901 0.996894538 -0.078678615 -6.439404488 -0.904684961 0.036489896 0.424515367 69.269424438
0.430146247 0.073888481 0.899730265 95.192916870 0.000827412 0.996612191 -0.082240298 -6.484818935 -0.902758658 0.036119804 0.428627908 69.592811584
0.433473438 0.076998055 0.897870839 95.866363525 -0.002299977 0.996434331 -0.084340140 -6.552447319 -0.901163280 0.034494139 0.432104915 69.932785034
0.437473297 0.076177374 0.895998716 96.522361755 -0.003263540 0.996533215 -0.083131343 -6.604196072 -0.899225295 0.033443626 0.436205268 70.255485535
0.441470683 0.071880370 0.894391656 97.165161133 -0.001831156 0.996856153 -0.079211392 -6.668560028 -0.897273600 0.033331748 0.440214455 70.574592590
0.444998980 0.069681473 0.892815828 97.819160461 -0.001739455 0.997033536 -0.076948375 -6.724096298 -0.895529151 0.032688938 0.443800181 70.907424927
0.448441744 0.068463042 0.891185999 98.433677673 -0.002734110 0.997162640 -0.075228594 -6.782087326 -0.893807650 0.031299051 0.447356552 71.226280212
0.451963663 0.070376851 0.889255524 99.053840637 -0.005367889 0.997079551 -0.076181903 -6.836982250 -0.892019987 0.029658051 0.451021463 71.553985596
0.454723954 0.070543274 0.887833655 99.680221558 -0.004455479 0.997026145 -0.076937094 -6.875975609 -0.890621126 0.031029474 0.453685790 71.862731934
0.456657618 0.068853147 0.886973917 100.288131714 -0.002486380 0.997095525 -0.076121405 -6.923962593 -0.889638901 0.032556057 0.455502391 72.164421082
0.458606958 0.067362145 0.886082411 100.865867615 0.000099346 0.997118890 -0.075854823 -6.974745750 -0.888639033 0.034875568 0.457279056 72.468528748
0.460362643 0.067735344 0.885142863 101.452850342 -0.001653548 0.997148454 -0.075446509 -7.026431561 -0.887729228 0.033269133 0.459161997 72.782920837
0.462397784 0.066929512 0.884142995 102.031211853 -0.000258744 0.997157037 -0.075349346 -7.074360847 -0.886672437 0.034612603 0.461100608 73.082183838
0.464809775 0.068848088 0.882729769 102.579978943 -0.000931764 0.997009575 -0.077270672 -7.122214317 -0.885409951 0.035093680 0.463484079 73.379547119
0.467722982 0.068916783 0.881184220 103.146087646 0.001483360 0.996892929 -0.078753605 -7.173526764 -0.883873761 0.038141999 0.466167629 73.676147461
0.470731765 0.068150811 0.879640460 103.709022522 0.003061406 0.996879697 -0.078872256 -7.229014397 -0.882271111 0.039820671 0.469054520 73.988273621
0.473903656 0.066693358 0.878047407 104.243011475 0.005366180 0.996890366 -0.078616537 -7.271849632 -0.880560219 0.041968409 0.472072184 74.270606995
0.477080256 0.065816231 0.876391888 104.776939392 0.006523717 0.996899307 -0.078417554 -7.324049950 -0.878835559 0.043128777 0.475171506 74.561027527
0.480469018 0.065509312 0.874561667 105.285995483 0.007416952 0.996867180 -0.078745380 -7.369734764 -0.876980305 0.044321284 0.478477836 74.841064453
0.483644098 0.064703643 0.872869849 105.786720276 0.008250893 0.996882379 -0.078468069 -7.416144371 -0.875225663 0.045152564 0.481602460 75.131294250
0.487135768 0.063905440 0.870985091 106.309585571 0.010374459 0.996825218 -0.078940876 -7.459289551 -0.873264492 0.047490902 0.484926194 75.419799805
0.490872383 0.065277055 0.868782699 106.796012878 0.009142389 0.996748209 -0.080057479 -7.507080078 -0.871183455 0.047240719 0.488679349 75.702857971
0.495494545 0.065158799 0.866163790 107.300239563 0.011980023 0.996574759 -0.081822455 -7.555179596 -0.868528366 0.050919212 0.493016690 75.978240967
0.500611901 0.067697093 0.863020957 107.782302856 0.011447809 0.996332526 -0.084794812 -7.592335701 -0.865596175 0.052328952 0.498000920 76.257232666
0.505942941 0.073745422 0.859408438 108.262832642 0.008258872 0.995878637 -0.090317950 -7.640407562 -0.862527311 0.052793495 0.503248751 76.561492920
0.511555910 0.081103466 0.855413556 108.728805542 0.002738765 0.995376468 -0.096011490 -7.688044548 -0.859245479 0.051458035 0.508968651 76.847770691
0.517915130 0.087520622 0.850942791 109.216270447 -0.002112840 0.994880319 -0.101038843 -7.732001305 -0.855429232 0.050531667 0.515448451 77.169044495
0.523987949 0.092145845 0.846726298 109.686599731 -0.006218329 0.994517982 -0.104381301 -7.784574986 -0.851702869 0.049429350 0.521688461 77.470108032
0.529365599 0.092021301 0.843388319 110.180496216 -0.010625099 0.994741499 -0.101866342 -7.838098526 -0.848327160 0.044963509 0.527559459 77.791557312
0.534989595 0.091132745 0.839929044 110.677238464 -0.017479455 0.995146513 -0.096840464 -7.894073009 -0.844677627 0.037127137 0.533985972 78.127113342
0.540563703 0.088733852 0.836610496 111.163566589 -0.023537667 0.995628178 -0.090391338 -7.943176270 -0.840973675 0.029170409 0.540289104 78.455535889
0.546449244 0.086978346 0.832963169 111.663688660 -0.029934252 0.995985210 -0.084363423 -7.999912262 -0.836956978 0.021166209 0.546859264 78.810752869
0.552199185 0.084820606 0.829386115 112.171859741 -0.032719482 0.996249497 -0.080101222 -8.046409607 -0.833069801 0.017094744 0.552903593 79.160957336
0.558619082 0.088506542 0.824688435 112.698402405 -0.037442170 0.995967388 -0.081526250 -8.098216057 -0.828578293 0.014664044 0.559680939 79.538917542
0.565030634 0.092532955 0.819864690 113.222877502 -0.041433141 0.995619833 -0.083814591 -8.144273758 -0.824028850 0.013388253 0.566389382 79.925598145
0.570730686 0.096220642 0.815480173 113.747642517 -0.044289220 0.995272458 -0.086438037 -8.196093559 -0.819941998 0.013215879 0.572293937 80.301872253
0.576834083 0.098624229 0.810885847 114.266395569 -0.046720326 0.995043039 -0.087787285 -8.233030319 -0.815524161 0.012753867 0.578582466 80.685295105
