0.999999881 0.000000002 0.000000000 -0.000000000 0.000000002 1.000000238 -0.000000000 0.000000000 0.000000000 -0.000000000 1.000000000 0.000000000
0.999999821 -0.000085096 -0.000407970 0.055600986 0.000085655 0.999999285 0.001361186 -0.026459843 0.000407854 -0.001361221 0.999998987 1.315979719
0.999998152 -0.001692995 -0.000833660 0.006571420 0.001694454 0.999997139 0.001751231 -0.041088406 0.000830694 -0.001752642 0.999998152 2.613369465
0.999994636 -0.003091796 -0.001010845 -0.005654491 0.003092302 0.999995232 0.000494168 -0.053709943 0.001009312 -0.000497292 0.999999344 3.952217579
0.999992371 -0.003826794 -0.000698125 -0.003656802 0.003827013 0.999992788 0.000304873 -0.069125444 0.000696952 -0.000307541 0.999999702 5.284297466
0.999993682 -0.003490373 -0.000766670 -0.017270410 0.003491537 0.999992847 0.001519416 -0.098280303 0.000761359 -0.001522081 0.999998391 6.590999603
0.999989510 -0.004538449 -0.000680862 -0.019808440 0.004540161 0.999986589 0.002533986 -0.133494928 0.000669353 -0.002537050 0.999996483 7.923681736
0.999987602 -0.004942620 -0.000707996 -0.036092021 0.004944704 0.999983430 0.002972389 -0.146493256 0.000693293 -0.002975853 0.999995232 9.248676300
0.999993443 -0.003544863 -0.000902883 -0.037262235 0.003545843 0.999993205 0.001081822 -0.151887417 0.000899042 -0.001085015 0.999998689 10.585391045
0.999999285 -0.000923780 -0.000660621 -0.055342831 0.000922828 0.999998748 -0.001446559 -0.170653909 0.000661957 0.001445948 0.999998689 11.904492378
0.999997735 0.001960724 -0.000805481 -0.050742447 -0.001962704 0.999995172 -0.002469040 -0.204565138 0.000800637 0.002470615 0.999996543 13.250744820
0.999988973 0.004588315 -0.000905266 -0.066463560 -0.004589975 0.999987841 -0.001844759 -0.227007017 0.000896797 0.001848896 0.999997854 14.613455772
0.999987483 0.004963245 -0.000429067 -0.087625951 -0.004963667 0.999987304 -0.000997521 -0.258014143 0.000424111 0.000999640 0.999999404 15.961927414
0.999995112 0.003069075 -0.000309131 -0.079187982 -0.003068607 0.999994278 0.001495152 -0.283466130 0.000313718 -0.001494194 0.999998868 17.308759689
0.999998450 -0.001677150 0.000031386 -0.101025850 0.001677028 0.999992132 0.003638261 -0.312306195 -0.000037487 -0.003638201 0.999993503 18.660390854
0.999993920 -0.003308758 -0.000921008 -0.071585134 0.003309600 0.999994099 0.000916994 -0.305612266 0.000917970 -0.000920035 0.999999404 20.023389816
0.999993384 -0.003429912 -0.001138619 -0.078937367 0.003427421 0.999992013 -0.002184899 -0.310981512 0.001146103 0.002180984 0.999997199 21.371608734
0.999998689 -0.001262523 -0.000929408 -0.075188525 0.001258938 0.999992013 -0.003851328 -0.367144048 0.000934263 0.003850154 0.999992192 22.727245331
0.999998927 0.001111435 0.000785645 -0.108086966 -0.001110810 0.999999344 -0.000794547 -0.370320916 -0.000786523 0.000793678 0.999999404 24.076148987
0.999997497 0.001328420 0.001686762 -0.131343573 -0.001334374 0.999993026 0.003535316 -0.395489484 -0.001682053 -0.003537558 0.999992311 25.463758469
0.999998569 -0.000280157 0.001558208 -0.109281972 0.000273010 0.999989569 0.004587279 -0.417555749 -0.001559478 -0.004586848 0.999988317 26.834066391
0.999975681 -0.006745922 0.001644522 -0.128498346 0.006738724 0.999967992 0.004345493 -0.453661531 -0.001673784 -0.004334308 0.999989212 28.169084549
0.999976039 -0.006771658 0.001418906 -0.132054567 0.006769042 0.999975622 0.001842354 -0.466336161 -0.001431346 -0.001832707 0.999997258 29.543127060
0.999975324 -0.006713965 0.002075232 -0.134028673 0.006714619 0.999977529 -0.000306483 -0.508930385 -0.002073127 0.000320407 0.999997675 30.926176071
0.999991655 -0.003148043 0.002675326 -0.138062328 0.003153526 0.999993026 -0.002045705 -0.503087461 -0.002668867 0.002054117 0.999993920 32.309432983
0.999993503 -0.001395940 0.003325589 -0.141988203 0.001409700 0.999990642 -0.004138009 -0.551258028 -0.003319782 0.004142666 0.999985993 33.686889648
0.999994636 -0.001435587 0.002984528 -0.140511543 0.001446760 0.999992192 -0.003744230 -0.551103115 -0.002979130 0.003748522 0.999988556 35.066429138
0.999995649 -0.001537159 0.002484023 -0.132978469 0.001542358 0.999996781 -0.002091319 -0.591945767 -0.002480800 0.002095142 0.999994695 36.456592560
0.999996483 -0.000121866 0.002664213 -0.153223425 0.000124029 0.999999821 -0.000811763 -0.605993330 -0.002664113 0.000812089 0.999996126 37.839675903
0.999994338 0.002604567 0.002150795 -0.155517936 -0.002602760 0.999996424 -0.000840658 -0.636595428 -0.002152976 0.000835053 0.999997377 39.237060547
0.999981523 0.005499837 0.002578019 -0.164893582 -0.005497342 0.999984503 -0.000972904 -0.671598554 -0.002583329 0.000958711 0.999996185 40.637779236
0.999974668 0.006586531 0.002658885 -0.169875950 -0.006585571 0.999978185 -0.000368838 -0.682407916 -0.002661254 0.000351314 0.999996305 42.059837341
0.999967039 0.007747326 0.002444615 -0.179085970 -0.007746832 0.999970317 -0.000210770 -0.711317718 -0.002446175 0.000191825 0.999997020 43.448734283
0.999972343 0.007132376 0.002104719 -0.182965308 -0.007131079 0.999974906 -0.000622510 -0.731721699 -0.002109106 0.000607484 0.999997497 44.885459900
0.999975741 0.006795813 0.001489038 -0.176270485 -0.006793903 0.999976337 -0.001283070 -0.768280864 -0.001497722 0.001272922 0.999998033 46.284000397
0.999977767 0.006592470 0.000860926 -0.202083990 -0.006591678 0.999978125 -0.000916183 -0.800850868 -0.000866946 0.000910488 0.999999225 47.710823059
0.999983788 0.005563470 -0.000762059 -0.192438155 -0.005563158 0.999984741 0.000404899 -0.809054971 0.000764298 -0.000400653 0.999999464 49.144016266
0.999981403 0.005840813 -0.001673117 -0.207033694 -0.005839831 0.999982953 0.000589547 -0.837410688 0.001676531 -0.000579766 0.999998391 50.569156647
0.999978185 0.006048551 -0.002624291 -0.223717436 -0.006046799 0.999981701 0.000673754 -0.860795081 0.002628317 -0.000657871 0.999996185 52.018123627
0.999972105 0.006421904 -0.003780557 -0.237030864 -0.006415739 0.999978185 0.001640246 -0.892217338 0.003791007 -0.001615944 0.999991298 53.420097351
0.999978781 0.004471736 -0.004728716 -0.238157183 -0.004458986 0.999986410 0.002703943 -0.913993001 0.004740744 -0.002682797 0.999984682 54.866317749
0.999983907 0.001725163 -0.005402276 -0.242392242 -0.001707128 0.999993205 0.003340823 -0.930748522 0.005408002 -0.003331546 0.999979854 56.263801575
0.999982953 0.000185008 -0.005841065 -0.260106236 -0.000170398 0.999997020 0.002501531 -0.965290248 0.005841510 -0.002500492 0.999979794 57.686317444
0.999983370 -0.000164279 -0.005764651 -0.273469687 0.000177847 0.999997318 0.002352791 -0.978407860 0.005764247 -0.002353775 0.999980569 59.158332825
0.999984682 -0.001494772 -0.005308337 -0.283443689 0.001510558 0.999994576 0.002970725 -1.004817843 0.005303867 -0.002978697 0.999981582 60.565006256
0.999981999 -0.003382084 -0.004926537 -0.292287916 0.003401543 0.999986529 0.003946498 -1.026605129 0.004913123 -0.003963182 0.999980152 62.028110504
0.999982357 -0.003573674 -0.004730004 -0.304790556 0.003585729 0.999990404 0.002542585 -1.040064812 0.004720872 -0.002559496 0.999985695 63.390041351
0.999978065 -0.004829683 -0.004522044 -0.315055639 0.004836514 0.999987245 0.001500339 -1.064724684 0.004514742 -0.001522178 0.999988616 64.811080933
0.999982893 -0.004477242 -0.003742195 -0.328027755 0.004482232 0.999989152 0.001325786 -1.102925658 0.003736223 -0.001342538 0.999992073 66.268676758
0.999984086 -0.004989421 -0.002553934 -0.336775243 0.004996146 0.999983907 0.002631931 -1.136543632 0.002540770 -0.002644648 0.999993384 67.567687988
0.999996126 -0.001911654 -0.001978417 -0.354652941 0.001918453 0.999992311 0.003437501 -1.168004870 0.001971830 -0.003441283 0.999992192 69.038864136
0.999998569 0.001211256 -0.001124291 -0.365729988 -0.001204947 0.999983490 0.005591126 -1.188248515 0.001131045 -0.005589759 0.999983907 70.362014771
0.999981046 0.006139844 0.000168291 -0.391698390 -0.006140679 0.999966085 0.005518691 -1.202156186 -0.000134400 -0.005519619 0.999984622 71.752647400
0.999944150 0.010541709 0.000684795 -0.401795655 -0.010545048 0.999931753 0.005070402 -1.220440745 -0.000631296 -0.005077341 0.999986827 73.108291626
0.999944746 0.010476685 0.000798311 -0.406930447 -0.010481998 0.999921083 0.006953996 -1.275275111 -0.000725393 -0.006961983 0.999975324 74.546806335
0.999929488 0.011728330 0.001747140 -0.422985315 -0.011740153 0.999907136 0.006918258 -1.289016724 -0.001665840 -0.006938281 0.999974549 75.993942261
0.999898553 0.014073816 0.002007634 -0.431679189 -0.014084525 0.999885976 0.005421813 -1.289646029 -0.001931104 -0.005449539 0.999983311 77.346450806
0.999910355 0.013256265 0.001840740 -0.440305948 -0.013265825 0.999898255 0.005283158 -1.317323446 -0.001770518 -0.005307104 0.999984324 78.767509460
0.999922752 0.012253593 0.001978505 -0.440735996 -0.012261737 0.999916315 0.004159743 -1.330538869 -0.001927365 -0.004183684 0.999989212 80.109436035
0.999926150 0.012012472 0.001757597 -0.442420691 -0.012020012 0.999918461 0.004345950 -1.360010982 -0.001705248 -0.004366757 0.999988973 81.496658325
0.999935329 0.011282195 0.001298094 -0.444719791 -0.011287776 0.999926627 0.004386992 -1.370585918 -0.001248503 -0.004401367 0.999989510 82.858535767
0.999952137 0.009742606 0.000737013 -0.452023745 -0.009745548 0.999944210 0.004105573 -1.391395807 -0.000696973 -0.004112558 0.999991298 84.218811035
0.999937892 0.011145871 -0.000098667 -0.451558024 -0.011145324 0.999928296 0.004408302 -1.413096666 0.000147793 -0.004406929 0.999990046 85.617797852
0.999944448 0.010432088 -0.001374586 -0.460297644 -0.010424927 0.999932647 0.005118542 -1.441680431 0.001427891 -0.005103929 0.999985933 86.973861694
0.999961436 0.008409650 -0.002341478 -0.457592994 -0.008394767 0.999945104 0.006294586 -1.460150838 0.002394287 -0.006274689 0.999977469 88.378387451
0.999976337 0.005714916 -0.003831802 -0.461889654 -0.005684912 0.999953747 0.007794261 -1.491197228 0.003876169 -0.007772293 0.999962389 89.747360229
0.999978542 0.004369516 -0.004868547 -0.470053077 -0.004330711 0.999959111 0.007952357 -1.518116236 0.004903097 -0.007931100 0.999956548 91.082229614
0.999980986 0.003441353 -0.005080062 -0.489813000 -0.003404127 0.999967635 0.007317578 -1.537150502 0.005105081 -0.007300145 0.999960303 92.472869873
0.999985754 0.002232845 -0.004771736 -0.506879270 -0.002206603 0.999982536 0.005496869 -1.523676395 0.004783927 -0.005486259 0.999973476 93.826622009
0.999986708 0.001343054 -0.004944746 -0.521964312 -0.001318087 0.999986529 0.005048251 -1.540147662 0.004951459 -0.005041667 0.999975026 95.232086182
0.999985874 0.002425133 -0.004715076 -0.543596864 -0.002403647 0.999986827 0.004556685 -1.563043833 0.004726065 -0.004545286 0.999978423 96.541023254
0.999984801 0.003253795 -0.004416073 -0.560197651 -0.003237140 0.999987841 0.003773010 -1.593583345 0.004428294 -0.003758656 0.999983191 97.877670288
0.999983728 0.003870370 -0.004158884 -0.584468842 -0.003854137 0.999985158 0.003903890 -1.612960935 0.004173930 -0.003887797 0.999983728 99.246299744
0.999976277 0.005362137 -0.004243578 -0.582409382 -0.005339463 0.999971628 0.005336737 -1.618958235 0.004272073 -0.005313952 0.999976754 100.555358887
0.999973834 0.006084316 -0.003915340 -0.598712564 -0.006057859 0.999959230 0.006734254 -1.639803171 0.003956153 -0.006710358 0.999969661 101.930679321
0.999976575 0.005756954 -0.003674891 -0.614385486 -0.005735541 0.999966860 0.005810854 -1.658411741 0.003708222 -0.005789641 0.999976397 103.247009277
0.999967754 0.007104008 -0.003685550 -0.617166817 -0.007094485 0.999971747 0.002591408 -1.671796560 0.003703856 -0.002565177 0.999989986 104.567840576
0.999974966 0.006087179 -0.003560982 -0.631366372 -0.006082661 0.999980867 0.001277851 -1.691185713 0.003568692 -0.001256158 0.999992907 105.921867371
0.999984801 0.004304613 -0.003388588 -0.642287374 -0.004295911 0.999987721 0.002570125 -1.728818655 0.003399608 -0.002555527 0.999991000 107.237052917
0.999992669 0.002019496 -0.003206638 -0.646333694 -0.002005846 0.999989212 0.004252206 -1.723467588 0.003215187 -0.004245741 0.999986112 108.597007751
0.999996841 0.000572000 -0.002350699 -0.657159209 -0.000559825 0.999986649 0.005175435 -1.751226425 0.002353628 -0.005174105 0.999983847 109.948913574
0.999998331 0.000482565 -0.001692547 -0.670405507 -0.000476073 0.999992669 0.003831608 -1.777418137 0.001694384 -0.003830798 0.999991179 111.270698547
0.999997556 0.002125656 -0.000834056 -0.671648741 -0.002124919 0.999997437 0.000879264 -1.779348254 0.000835925 -0.000877493 0.999999285 112.606452942
0.999987423 0.005000260 -0.000030045 -0.683263779 -0.005000281 0.999987304 -0.000835606 -1.814015031 0.000025867 0.000835747 0.999999702 113.936210632
0.999973714 0.007079929 0.001518833 -0.696960330 -0.007078048 0.999974251 -0.001238339 -1.838191867 -0.001527561 0.001227556 0.999998033 115.269577026
0.999954045 0.009093543 0.003040776 -0.694704771 -0.009094336 0.999958634 0.000248892 -1.830634713 -0.003038387 -0.000276536 0.999995232 116.613899231
0.999954700 0.008639432 0.003975067 -0.701613247 -0.008650193 0.999958992 0.002697947 -1.852780342 -0.003951597 -0.002732211 0.999988496 117.950202942
0.999948919 0.008839300 0.004863762 -0.702969372 -0.008855568 0.999955237 0.003333118 -1.882643223 -0.004834082 -0.003376021 0.999982655 119.306137085
0.999943614 0.008962765 0.005690351 -0.690277934 -0.008974560 0.999957621 0.002050384 -1.884396076 -0.005671734 -0.002101339 0.999981701 120.630729675
0.999896646 0.012404848 0.007242309 -0.698759556 -0.012403274 0.999923110 -0.000262659 -1.882361293 -0.007245011 0.000172804 0.999973714 121.961669922
0.999871492 0.013721295 0.008288717 -0.700518847 -0.013715689 0.999905825 -0.000732846 -1.905248523 -0.008297992 0.000619065 0.999965370 123.312591553
0.999833822 0.015534117 0.009544499 -0.699938059 -0.015518763 0.999878347 -0.001680757 -1.937906861 -0.009569451 0.001532358 0.999952972 124.643951416
0.999827623 0.015284194 0.010546874 -0.686452389 -0.015280234 0.999883294 -0.000455554 -1.987771630 -0.010552610 0.000294318 0.999944270 125.965644836
0.999829412 0.014636221 0.011260686 -0.687158823 -0.014630098 0.999893010 -0.000626012 -2.019350767 -0.011268643 0.000461161 0.999936461 127.291145325
0.999822080 0.014128794 0.012481622 -0.671785831 -0.014137778 0.999899924 0.000631918 -2.041528702 -0.012471446 -0.000808266 0.999922156 128.632980347
0.999832034 0.012591434 0.013318528 -0.662853241 -0.012615779 0.999919057 0.001745290 -2.067150116 -0.013295475 -0.001913021 0.999909818 129.996215820
0.999838591 0.011725022 0.013611746 -0.648594379 -0.011752299 0.999929190 0.001925319 -2.091355562 -0.013588209 -0.002084977 0.999905586 131.333419800
0.999861836 0.009792938 0.013422686 -0.627570987 -0.009818397 0.999950409 0.001831796 -2.110548019 -0.013404084 -0.001963328 0.999908447 132.672119141
0.999875665 0.008539959 0.013249370 -0.618222833 -0.008573415 0.999960363 0.002470372 -2.135025024 -0.013227748 -0.002583655 0.999909163 134.016754150
0.999888062 0.007944492 0.012676611 -0.607823968 -0.007972229 0.999966204 0.002138944 -2.169051886 -0.012659185 -0.002239764 0.999917388 135.376083374
0.999915242 0.005845243 0.011645029 -0.597381234 -0.005874121 0.999979854 0.002447251 -2.181112766 -0.011630485 -0.002515446 0.999929249 136.675125122
0.999932289 0.004507975 0.010722931 -0.592645407 -0.004542825 0.999984503 0.003228066 -2.208635807 -0.010708215 -0.003276561 0.999937415 138.044296265
0.999950171 0.002971136 0.009542352 -0.580466151 -0.003006255 0.999988794 0.003668079 -2.229255915 -0.009531349 -0.003696583 0.999947965 139.360733032
0.999965131 0.002192649 0.008110796 -0.572435975 -0.002220823 0.999991655 0.003465328 -2.251092672 -0.008103140 -0.003483220 0.999961495 140.704040527
0.999972284 0.002888322 0.006862476 -0.571856081 -0.002908542 0.999991596 0.002938397 -2.279105663 -0.006853934 -0.002958275 0.999972224 142.021911621
0.999978840 0.002841395 0.005836474 -0.570692480 -0.002855046 0.999993324 0.002331971 -2.295248032 -0.005829812 -0.002348586 0.999980271 143.362380981
0.999985158 -0.001051778 0.005332386 -0.574839175 0.001048598 0.999999523 0.000599278 -2.319996357 -0.005333020 -0.000593676 0.999985635 144.694580078
0.999978006 -0.005267363 0.004029980 -0.589042962 0.005270482 0.999986053 -0.000763036 -2.360219717 -0.004025904 0.000784260 0.999991655 146.001846313
0.999884665 -0.014908948 0.002916245 -0.583274841 0.014901566 0.999885857 0.002538399 -2.370989084 -0.002953757 -0.002494647 0.999992609 147.366104126
0.999746323 -0.022477204 0.001352914 -0.574875355 0.022471851 0.999740064 0.003857372 -2.393737793 -0.001439265 -0.003825988 0.999991715 148.673355103
0.999686301 -0.025027217 0.000489050 -0.545696855 0.025026789 0.999686480 0.000878841 -2.413366795 -0.000510893 -0.000866317 0.999999583 150.052566528
0.999743342 -0.022637028 0.000609784 -0.562894762 0.022638747 0.999739349 -0.002982417 -2.453242779 -0.000542112 0.002995457 0.999995351 151.449691772
0.999804020 -0.019706562 0.001649153 -0.571345448 0.019714465 0.999793530 -0.004923481 -2.480780363 -0.001551787 0.004955030 0.999986470 152.761749268
0.999761820 -0.021664800 0.002405530 -0.561926961 0.021674318 0.999757171 -0.004009725 -2.504951239 -0.002318075 0.004060909 0.999989033 154.081207275
0.999697447 -0.024388140 0.003166521 -0.562600851 0.024392186 0.999701858 -0.001241233 -2.530335426 -0.003135306 0.001318095 0.999994218 155.392562866
0.999496102 -0.031557329 0.003384057 -0.562597513 0.031549841 0.999499738 0.002246290 -2.559683084 -0.003453251 -0.002138392 0.999991655 156.735733032
0.999378443 -0.035092931 0.003243738 -0.533715189 0.035079800 0.999376357 0.004027021 -2.583962679 -0.003383032 -0.003910729 0.999986589 158.120468140
0.999366164 -0.035448130 0.003202675 -0.523273885 0.035435099 0.999363840 0.004042743 -2.610556602 -0.003343944 -0.003926693 0.999986708 159.463134766
0.999423206 -0.033679016 0.004286102 -0.531659782 0.033661541 0.999424934 0.004090019 -2.633536577 -0.004421386 -0.003943383 0.999982536 160.836227417
0.999501824 -0.031054268 0.005524375 -0.535352945 0.031033358 0.999511123 0.003832542 -2.643259525 -0.005640692 -0.003659192 0.999977648 162.130615234
0.999609351 -0.027183972 0.006477899 -0.538155317 0.027172828 0.999629200 0.001804425 -2.670572042 -0.006524550 -0.001627697 0.999977350 163.495239258
0.999665201 -0.024858741 0.007165146 -0.537371993 0.024852963 0.999690711 0.000896156 -2.688933134 -0.007185210 -0.000717781 0.999973893 164.828720093
0.999690294 -0.023637677 0.007770379 -0.553031921 0.023618577 0.999717534 0.002543205 -2.707480431 -0.007828309 -0.002358892 0.999966562 166.160354614
0.999707222 -0.022950536 0.007649977 -0.548511982 0.022933984 0.999734521 0.002246231 -2.732518435 -0.007699498 -0.002070129 0.999968171 167.520339966
0.999785244 -0.019480476 0.007060611 -0.548270106 0.019483531 0.999810219 -0.000362762 -2.751376629 -0.007052203 0.000500248 0.999974906 168.878631592
0.999877930 -0.014165907 0.006562880 -0.552944183 0.014189819 0.999892771 -0.003609627 -2.797035933 -0.006511040 0.003702312 0.999971867 170.287445068
0.999921381 -0.010625422 0.006611711 -0.561838508 0.010653637 0.999934137 -0.004245264 -2.806606293 -0.006566167 0.004315369 0.999969125 171.599243164
0.999960184 -0.005429140 0.007086500 -0.563964605 0.005450760 0.999980628 -0.003034500 -2.838116646 -0.007069889 0.003073004 0.999970317 172.977630615
0.999965310 -0.003647276 0.007490373 -0.565887570 0.003654604 0.999992907 -0.000963814 -2.869110107 -0.007486807 0.000991152 0.999971509 174.332870483
0.999966323 -0.003450828 0.007423474 -0.567523360 0.003442773 0.999993443 0.001098375 -2.890918493 -0.007427217 -0.001072781 0.999971807 175.678833008
0.999955773 -0.006668534 0.006587190 -0.567164779 0.006652453 0.999974966 0.002461367 -2.916631699 -0.006603440 -0.002417440 0.999975145 177.079635620
0.999942362 -0.009465277 0.005050607 -0.565667093 0.009451907 0.999951839 0.002665979 -2.932830572 -0.005075597 -0.002618087 0.999983668 178.435729980
0.999942660 -0.010296972 0.002899381 -0.565877199 0.010300661 0.999946177 -0.001257771 -2.962439537 -0.002886272 0.001287566 0.999994934 179.772033691
0.999965906 -0.008107700 0.001358238 -0.565149963 0.008115666 0.999949217 -0.005961227 -2.981488228 -0.001309832 0.005972051 0.999981105 181.239074707
0.999989867 -0.004250463 0.001341460 -0.584637165 0.004259915 0.999965847 -0.007121289 -3.011617184 -0.001311145 0.007126933 0.999973714 182.629745483
0.999999404 0.000662051 0.000680765 -0.585784853 -0.000658245 0.999984622 -0.005575758 -3.052994728 -0.000684445 0.005575308 0.999984205 184.008255005
0.999996543 0.002384854 0.000970111 -0.599043608 -0.002382762 0.999994993 -0.002149964 -3.078412056 -0.000975233 0.002147646 0.999997258 185.410339355
0.999995172 0.002784063 0.001237159 -0.604357243 -0.002784346 0.999996126 0.000227396 -3.106526613 -0.001236521 -0.000230839 0.999998987 186.810714722
0.999997556 0.001705639 0.001310400 -0.605896294 -0.001707731 0.999997318 0.001598121 -3.135147810 -0.001307672 -0.001600354 0.999997795 188.212448120
0.999999166 -0.000250110 0.001080009 -0.609407187 0.000247712 0.999997735 0.002222437 -3.162136793 -0.001080562 -0.002222168 0.999996901 189.612442017
0.999995410 -0.002668105 0.001261468 -0.608308733 0.002664678 0.999992907 0.002713401 -3.188093424 -0.001268698 -0.002710026 0.999995410 190.987625122
0.999986410 -0.004909251 0.001465431 -0.604919195 0.004906293 0.999985933 0.002019335 -3.189514637 -0.001475323 -0.002012116 0.999996841 192.462173462
0.999957383 -0.009041640 0.001842711 -0.605521381 0.009036476 0.999955416 0.002794769 -3.213452339 -0.001867898 -0.002777998 0.999994397 193.848800659
0.999901235 -0.013898598 0.002062451 -0.603902102 0.013889796 0.999894798 0.004225347 -3.228794098 -0.002120958 -0.004196282 0.999988973 195.304061890
0.999880672 -0.015245835 0.002493886 -0.594202757 0.015234312 0.999873638 0.004576414 -3.248746872 -0.002563338 -0.004537875 0.999986231 196.739440918
0.999912202 -0.012973233 0.002673016 -0.609535754 0.012972168 0.999915838 0.000417796 -3.277637720 -0.002678212 -0.000383085 0.999996305 198.158721924
0.999977529 -0.005839401 0.003238815 -0.607007325 0.005855423 0.999970675 -0.004958557 -3.289064884 -0.003209764 0.004977414 0.999982476 199.584854126
0.999987066 0.001852277 0.004698198 -0.619974434 -0.001825280 0.999981821 -0.005743428 -3.305100203 -0.004708752 0.005734780 0.999972463 201.024658203
0.999928713 0.010420171 0.005764848 -0.636227608 -0.010413365 0.999944925 -0.001209191 -3.344078064 -0.005777129 0.001149071 0.999982655 202.453323364
0.999901593 0.012269391 0.006756007 -0.635787725 -0.012274147 0.999924541 0.000663684 -3.371678352 -0.006747354 -0.000746542 0.999976993 203.900924683
0.999926209 0.010506568 0.006049646 -0.631998897 -0.010513548 0.999944150 0.001123773 -3.396704197 -0.006037503 -0.001187292 0.999981105 205.309097290
0.999967396 0.006438925 0.004811677 -0.622868299 -0.006445881 0.999978125 0.001432885 -3.412293673 -0.004802349 -0.001463849 0.999987364 206.798141479
0.999983311 0.004518287 0.003591538 -0.619496226 -0.004523160 0.999989033 0.001350786 -3.443306923 -0.003585395 -0.001367008 0.999992728 208.228302002
0.999981761 0.005110974 0.003194466 -0.627085924 -0.005112605 0.999987066 0.000503407 -3.466420889 -0.003191853 -0.000519730 0.999994874 209.689331055
0.999978542 0.005757889 0.003113372 -0.630310535 -0.005759623 0.999983490 0.000549132 -3.496726751 -0.003110160 -0.000567052 0.999995112 211.170684814
0.999973834 0.006655019 0.002894652 -0.624230921 -0.006659081 0.999977171 0.001394660 -3.498468637 -0.002885305 -0.001413900 0.999994934 212.626754761
0.999974608 0.006623988 0.002625029 -0.632577658 -0.006627290 0.999977410 0.001251516 -3.534569740 -0.002616679 -0.001268881 0.999995768 214.084457397
0.999980211 0.005819833 0.002313858 -0.632585287 -0.005819192 0.999983191 -0.000282047 -3.541585445 -0.002315461 0.000268577 0.999997258 215.567977905
0.999988616 0.004268891 0.002050429 -0.640056968 -0.004267510 0.999990940 -0.000675565 -3.565930128 -0.002053294 0.000666807 0.999997616 217.024185181
0.999984026 0.005373854 0.001697843 -0.641169071 -0.005372724 0.999985695 -0.000664314 -3.593038321 -0.001701387 0.000655181 0.999998331 218.499893188
0.999979734 0.006121669 0.001620606 -0.648387671 -0.006119501 0.999980509 -0.001339311 -3.621252298 -0.001628772 0.001329366 0.999997795 219.979370117
0.999982178 0.005708923 0.001475098 -0.660149872 -0.005707544 0.999983549 -0.000937526 -3.645756721 -0.001480426 0.000929090 0.999998391 221.451461792
0.999972999 0.007281799 0.000877918 -0.675072551 -0.007280540 0.999972641 -0.001429805 -3.678604603 -0.000888305 0.001423373 0.999998629 222.932159424
0.999981523 0.006049297 0.000402182 -0.665866494 -0.006048821 0.999981523 -0.001178311 -3.700793266 -0.000409298 0.001175850 0.999999225 224.441833496
0.999978483 0.006521911 0.000068089 -0.675559938 -0.006521835 0.999978304 -0.001020404 -3.731488943 -0.000074741 0.001019936 0.999999523 225.929016113
0.999975443 0.006960826 0.000031958 -0.684679627 -0.006960780 0.999975085 -0.001179082 -3.774750233 -0.000040164 0.001178828 0.999999464 227.416885376
0.999989152 0.004582362 0.000194262 -0.697964311 -0.004582027 0.999988079 -0.001653113 -3.777897120 -0.000201835 0.001652203 0.999998987 228.941467285
0.999992788 0.003735873 0.000090654 -0.713174939 -0.003735741 0.999992251 -0.001388108 -3.813905716 -0.000095839 0.001387758 0.999999046 230.410522461
0.999998689 0.001410416 0.000328256 -0.718076468 -0.001410184 0.999998987 -0.000689255 -3.839160442 -0.000329229 0.000688789 0.999999702 231.891769409
0.999998331 0.001492025 0.000100535 -0.706817031 -0.001492012 0.999998987 -0.000098789 -3.867161989 -0.000100683 0.000098633 0.999999881 233.445816040
0.999998391 0.001771547 0.000301142 -0.710506439 -0.001771398 0.999998450 -0.000486021 -3.896271229 -0.000302003 0.000485488 0.999999821 234.879196167
0.999997079 0.002297888 0.000604886 -0.724533796 -0.002297424 0.999997199 -0.000767490 -3.923432827 -0.000606650 0.000766101 0.999999702 236.439254761
0.999993980 0.003275534 0.000982003 -0.739173174 -0.003275306 0.999994814 -0.000234686 -3.955680132 -0.000982767 0.000231469 0.999999583 237.909149170
0.999990582 0.003981185 0.001703521 -0.736093402 -0.003984045 0.999990761 0.001674325 -3.968003988 -0.001696841 -0.001681095 0.999997139 239.482803345
0.999993801 0.002492626 0.002472796 -0.730881214 -0.002498490 0.999993980 0.002371515 -3.993124962 -0.002466869 -0.002377678 0.999994040 241.045425415
0.999986172 0.004489542 0.002701980 -0.739600658 -0.004490855 0.999989629 0.000481278 -4.013768196 -0.002699789 -0.000493405 0.999996066 242.504852295
0.999980509 0.005098564 0.003578905 -0.732954323 -0.005093765 0.999986291 -0.001348172 -4.050999165 -0.003585729 0.001329916 0.999992669 244.072418213
0.999981105 0.005012100 0.003515586 -0.741839767 -0.005011181 0.999987721 -0.000271330 -4.066558361 -0.003516900 0.000253709 0.999993801 245.538894653
0.999978840 0.005323876 0.003677152 -0.740259230 -0.005326305 0.999985814 0.000651447 -4.099249840 -0.003673631 -0.000671019 0.999993086 247.061370850
0.999979556 0.005601614 0.002997317 -0.742325246 -0.005604744 0.999984026 0.001036218 -4.118713379 -0.002991465 -0.001052995 0.999994934 248.604431152
0.999983907 0.005074587 0.002531208 -0.756402075 -0.005076930 0.999986947 0.000919938 -4.139846325 -0.002526506 -0.000932774 0.999996305 250.082107544
0.999973595 0.006683220 0.002915047 -0.751014173 -0.006687640 0.999976754 0.001508194 -4.169764042 -0.002904896 -0.001527647 0.999994636 251.657073975
0.999967039 0.007583949 0.002858699 -0.768968880 -0.007589058 0.999969721 0.001780390 -4.196218967 -0.002845110 -0.001802025 0.999994397 253.131683350
0.999962628 0.008052930 0.003074608 -0.766628563 -0.008058100 0.999966204 0.001673433 -4.215409279 -0.003061030 -0.001698143 0.999993861 254.715377808
0.999971151 0.006801609 0.003313180 -0.771092772 -0.006807681 0.999974966 0.001826079 -4.248107910 -0.003300682 -0.001848575 0.999992788 256.253570557
0.999982536 0.004878958 0.003325675 -0.768157065 -0.004886753 0.999985337 0.002340002 -4.264955521 -0.003314209 -0.002356213 0.999991715 257.791900635
0.999992371 0.002061603 0.003309606 -0.775077879 -0.002073043 0.999991894 0.003457175 -4.304511070 -0.003302452 -0.003464009 0.999988496 259.309753418
0.999994516 0.001523938 0.002958657 -0.769643664 -0.001531127 0.999996006 0.002429975 -4.326543808 -0.002954941 -0.002434490 0.999992669 260.844787598
0.999995053 -0.001309081 0.002933776 -0.775315702 0.001303590 0.999997437 0.001874877 -4.339859009 -0.002936225 -0.001871041 0.999993980 262.351928711
0.999989092 -0.002443222 0.003914420 -0.784942985 0.002432451 0.999993265 0.002754099 -4.349083424 -0.003921125 -0.002744550 0.999988556 263.895599365
0.999968648 -0.006716632 0.004160119 -0.782686234 0.006695775 0.999965191 0.005007850 -4.357760429 -0.004193612 -0.004979839 0.999978721 265.446105957
0.999974072 -0.006151178 0.003690057 -0.774096608 0.006135104 0.999971688 0.004353095 -4.394225121 -0.003716727 -0.004330343 0.999983490 267.002075195
0.999970913 -0.006669411 0.003662075 -0.782186925 0.006659084 0.999973834 0.002826444 -4.419038296 -0.003680832 -0.002801974 0.999989271 268.496246338
0.999974012 -0.005615293 0.004475701 -0.791350365 0.005603396 0.999980807 0.002667062 -4.446182251 -0.004490591 -0.002641912 0.999986410 270.080627441
0.999968886 -0.005316155 0.005785508 -0.769331932 0.005295402 0.999979615 0.003596932 -4.468505383 -0.005804513 -0.003566181 0.999976635 271.622528076
0.999972284 -0.003324993 0.006638946 -0.775288701 0.003304837 0.999989927 0.003045153 -4.500324249 -0.006649005 -0.003023128 0.999973297 273.170166016
0.999967813 -0.002584398 0.007588120 -0.763638735 0.002559922 0.999991298 0.003234155 -4.517343521 -0.007596409 -0.003214624 0.999966145 274.728576660
0.999961615 -0.001573524 0.008616546 -0.757434130 0.001549632 0.999994934 0.002779123 -4.548743725 -0.008620872 -0.002765663 0.999959111 276.231872559
0.999958515 -0.001405689 0.008998335 -0.749814510 0.001383550 0.999996185 0.002465729 -4.572148323 -0.009001758 -0.002453175 0.999956608 277.815948486
0.999949157 -0.001649691 0.009925124 -0.735893011 0.001629556 0.999996841 0.002036388 -4.601075649 -0.009928453 -0.002020111 0.999948621 279.310211182
0.999937296 -0.003719954 0.010553611 -0.714710712 0.003697942 0.999991179 0.002104337 -4.611703873 -0.010561344 -0.002065179 0.999942005 280.931091309
0.999920905 -0.004945090 0.011552598 -0.688231707 0.004908292 0.999982893 0.003211690 -4.646090508 -0.011568286 -0.003154734 0.999928117 282.530364990
0.999917388 -0.005953083 0.011387439 -0.685929775 0.005915397 0.999977171 0.003340685 -4.657104015 -0.011407060 -0.003273050 0.999929488 284.050537109
0.999903440 -0.007574126 0.011640809 -0.671918869 0.007563643 0.999970973 0.000944776 -4.688126564 -0.011647630 -0.000856637 0.999931872 285.621856689
0.999905765 -0.007833025 0.011261778 -0.657601833 0.007845511 0.999968767 -0.001064230 -4.712077141 -0.011253095 0.001152483 0.999935985 287.166625977
0.999909520 -0.008312011 0.010562273 -0.643690825 0.008324674 0.999964833 -0.001154841 -4.740780354 -0.010552302 0.001242664 0.999943495 288.708221436
0.999906957 -0.009726942 0.009536061 -0.633667946 0.009737164 0.999952257 -0.001025636 -4.768722534 -0.009525627 0.001118395 0.999953806 290.298919678
0.999923110 -0.009126441 0.008391466 -0.625725985 0.009141743 0.999956846 -0.001786516 -4.799154282 -0.008374797 0.001863090 0.999963224 291.824584961
0.999927044 -0.009173831 0.007861662 -0.614868879 0.009189636 0.999955893 -0.001975155 -4.826759338 -0.007843194 0.002047252 0.999967158 293.421691895
0.999926209 -0.009963716 0.006919641 -0.601727009 0.009972412 0.999949574 -0.001222306 -4.864274025 -0.006907111 0.001291221 0.999975324 294.975006104
0.999930263 -0.010192093 0.005933060 -0.599321604 0.010199140 0.999947488 -0.001158195 -4.893073082 -0.005920942 0.001218622 0.999981642 296.551483154
0.999929309 -0.010617788 0.005340704 -0.572215319 0.010620593 0.999943674 -0.000496384 -4.918071747 -0.005335131 0.000553069 0.999985635 298.173858643
0.999948442 -0.009247994 0.004130363 -0.587398648 0.009241763 0.999956250 0.001525653 -4.946855545 -0.004144285 -0.001487409 0.999990165 299.712432861
0.999943376 -0.009487285 0.004802256 -0.590419292 0.009479049 0.999953747 0.001735886 -4.968902588 -0.004818504 -0.001690267 0.999987006 301.298919678
0.999944448 -0.008930347 0.005607383 -0.582795143 0.008921549 0.999959230 0.001593401 -4.994147778 -0.005621387 -0.001543286 0.999983132 302.885711670
0.999939561 -0.009316533 0.005821687 -0.582918048 0.009308076 0.999955773 0.001478919 -5.026346684 -0.005835207 -0.001424642 0.999981880 304.483612061
0.999905884 -0.012200451 0.006255562 -0.571978450 0.012197247 0.999925554 0.000551927 -5.045653343 -0.006261835 -0.000475579 0.999980092 306.076324463
0.999885678 -0.013500097 0.006796810 -0.562718391 0.013511226 0.999907494 -0.001592990 -5.069153786 -0.006774677 0.001684642 0.999975562 307.670623779
0.999878705 -0.014083277 0.006625126 -0.577682257 0.014103028 0.999896407 -0.002943211 -5.103842735 -0.006582992 0.003036288 0.999973536 309.311431885
0.999899745 -0.013432207 0.004430389 -0.553031564 0.013447531 0.999903858 -0.003446870 -5.131750107 -0.004383670 0.003506099 0.999983966 310.887786865
0.999926805 -0.011940444 0.001985417 -0.553767860 0.011947166 0.999923050 -0.003405684 -5.167051792 -0.001944600 0.003429154 0.999992251 312.511718750
0.999930322 -0.011710382 0.001606324 -0.548643291 0.011709186 0.999931335 0.000759167 -5.193966866 -0.001615107 -0.000740304 0.999998569 314.129180908
0.999908805 -0.013313051 0.002203882 -0.544869781 0.013304882 0.999904752 0.003683943 -5.230673790 -0.002252720 -0.003654285 0.999990821 315.736663818
0.999901593 -0.013874917 0.002013765 -0.544031858 0.013866524 0.999895096 0.004129436 -5.233609200 -0.002070857 -0.004101106 0.999989569 317.389587402
0.999888837 -0.014766977 0.002023803 -0.550412834 0.014761590 0.999887705 0.002655073 -5.263586998 -0.002062786 -0.002624903 0.999994516 319.012878418
0.999874890 -0.015593800 0.002630836 -0.563191295 0.015586933 0.999875188 0.002614134 -5.286106586 -0.002671276 -0.002572800 0.999993145 320.644744873
0.999860168 -0.016515611 0.002515942 -0.529615700 0.016507419 0.999858320 0.003247657 -5.302541733 -0.002569231 -0.003205671 0.999991596 322.278778076
0.999861121 -0.016384982 0.003020831 -0.532048464 0.016373986 0.999859393 0.003633794 -5.340476513 -0.003079947 -0.003583826 0.999988914 323.903137207
0.999877274 -0.015256791 0.003494953 -0.528888941 0.015248672 0.999881208 0.002339663 -5.348585606 -0.003530236 -0.002286086 0.999991119 325.529541016
0.999881208 -0.014819861 0.004189911 -0.537169576 0.014813619 0.999889314 0.001518144 -5.375950336 -0.004211947 -0.001455896 0.999990046 327.151977539
0.999859810 -0.016076900 0.004638339 -0.518714547 0.016059486 0.999864042 0.003770173 -5.404512882 -0.004698324 -0.003695156 0.999982238 328.771789551
0.999822438 -0.018576587 0.003071348 -0.487960577 0.018558964 0.999811828 0.005671878 -5.441129684 -0.003176135 -0.005613872 0.999979138 330.398437500
0.999815762 -0.018927930 0.003165421 -0.495795131 0.018914109 0.999811769 0.004344036 -5.468362808 -0.003247048 -0.004283365 0.999985516 332.003967285
0.999846697 -0.016687715 0.005315235 -0.533285379 0.016669592 0.999855220 0.003438761 -5.473501205 -0.005371850 -0.003349630 0.999979854 333.575073242
0.999878764 -0.014293631 0.006142324 -0.559911013 0.014283603 0.999897003 0.001673137 -5.500597000 -0.006165608 -0.001585202 0.999979854 335.153625488
0.999905288 -0.012554482 0.005620022 -0.567273378 0.012565079 0.999919593 -0.001853342 -5.541224003 -0.005596303 0.001923780 0.999982476 336.776733398
0.999922752 -0.011744254 0.004063131 -0.548895001 0.011747691 0.999930918 -0.000821967 -5.557280540 -0.004053195 0.000869632 0.999991238 338.377655029
0.999932885 -0.011138935 0.003213098 -0.553985238 0.011132580 0.999936163 0.001991368 -5.589691162 -0.003235077 -0.001955463 0.999992907 340.001098633
0.999948800 -0.009943976 0.001994779 -0.559718490 0.009933193 0.999936223 0.005352126 -5.610403061 -0.002047874 -0.005332032 0.999983668 341.584197998
0.999954879 -0.009481290 0.000641525 -0.566943645 0.009478305 0.999945164 0.004516076 -5.636397362 -0.000684306 -0.004509791 0.999989629 343.170745850
0.999953151 -0.009635479 -0.000944692 -0.575182438 0.009637766 0.999951124 0.002444844 -5.657797337 0.000921093 -0.002453836 0.999996662 344.786346436
0.999940634 -0.010473397 -0.003004147 -0.589659929 0.010483343 0.999939799 0.003313843 -5.683922768 0.002969260 -0.003345140 0.999989927 346.364959717
0.999913752 -0.012618012 -0.003624146 -0.595212698 0.012632957 0.999911845 0.004129133 -5.703514099 0.003571727 -0.004174561 0.999984860 347.968780518
0.999908268 -0.013011624 -0.003734819 -0.626008987 0.013024108 0.999909878 0.003336741 -5.723658562 0.003691065 -0.003385078 0.999987423 349.564544678
0.999895871 -0.013748914 -0.004340399 -0.619631469 0.013760019 0.999902248 0.002538174 -5.752010345 0.004305077 -0.002597637 0.999987245 351.152801514
0.999899149 -0.013670837 -0.003827424 -0.639410973 0.013679747 0.999903917 0.002310212 -5.778594017 0.003795476 -0.002362338 0.999989986 352.762939453
0.999886692 -0.014463766 -0.004126641 -0.651647091 0.014472386 0.999893308 0.002064812 -5.793211937 0.004096340 -0.002124303 0.999989331 354.342498779
0.999873757 -0.015351723 -0.004072451 -0.669196427 0.015357863 0.999881089 0.001479094 -5.827335358 0.004049262 -0.001541451 0.999990642 355.924316406
0.999891937 -0.014107783 -0.004126274 -0.679184496 0.014110191 0.999900341 0.000553157 -5.841912746 0.004118062 -0.000611319 0.999991298 357.527008057
0.999886632 -0.014514186 -0.004008124 -0.697892368 0.014516504 0.999894679 0.000548212 -5.875751019 0.003999743 -0.000606334 0.999991775 359.105316162
0.999885082 -0.014599857 -0.004039965 -0.701301932 0.014600626 0.999893725 0.000159880 -5.896783829 0.004037197 -0.000218847 0.999991834 360.723754883
0.999873042 -0.015447163 -0.003883037 -0.719972312 0.015445373 0.999880850 -0.000491917 -5.941428661 0.003890173 0.000431879 0.999992371 362.285980225
0.999837160 -0.017602075 -0.003937055 -0.731217206 0.017604647 0.999844849 0.000619247 -5.949879169 0.003925546 -0.000688459 0.999992192 363.906402588
0.999762952 -0.021459714 -0.003682345 -0.742756367 0.021466551 0.999768078 0.001825753 -5.988892078 0.003642311 -0.001904367 0.999991596 365.526702881
0.999791384 -0.020057919 -0.003854539 -0.750174820 0.020060521 0.999798656 0.000634778 -6.005365372 0.003841030 -0.000711970 0.999992669 367.094329834
0.999809623 -0.019287771 -0.002961623 -0.759114742 0.019287031 0.999813914 -0.000282563 -6.035306931 0.002966523 0.000225388 0.999995649 368.719665527
0.999846101 -0.017249664 -0.003199580 -0.786551714 0.017251441 0.999851048 0.000524591 -6.068611622 0.003190055 -0.000579708 0.999994814 370.300720215
0.999868453 -0.016105410 -0.002014817 -0.808030128 0.016108651 0.999869108 0.001595507 -6.080867767 0.001988860 -0.001627753 0.999996603 371.888458252
0.999873638 -0.015783612 -0.001896471 -0.816838145 0.015786339 0.999874651 0.001427189 -6.111928463 0.001873708 -0.001456948 0.999997079 373.479614258
0.999877512 -0.015620990 -0.001154132 -0.833193779 0.015621574 0.999878168 0.000495640 -6.131675243 0.001146249 -0.000513611 0.999999106 375.091094971
0.999882102 -0.015347217 -0.000543276 -0.840798914 0.015347196 0.999882400 -0.000053609 -6.159280300 0.000544035 0.000045265 0.999999762 376.718475342
0.999892414 -0.014658418 -0.000596427 -0.859343827 0.014658445 0.999892712 0.000031474 -6.194669247 0.000595901 -0.000040213 0.999999702 378.303314209
0.999896049 -0.014412081 -0.000749336 -0.857647419 0.014412598 0.999895871 0.000674991 -6.217003345 0.000739530 -0.000685721 0.999999225 379.945434570
0.999910891 -0.013317409 -0.001028462 -0.875078321 0.013318602 0.999910772 0.001154577 -6.250068188 0.001012994 -0.001168172 0.999998748 381.541290283
0.999925971 -0.012146823 -0.000805818 -0.886716127 0.012147234 0.999926209 0.000498662 -6.277918816 0.000799701 -0.000508415 0.999999464 383.166320801
