1.000000000 -0.000000000 0.000000000 -0.000000000 -0.000000000 1.000000000 -0.000000000 0.000000000 0.000000000 -0.000000000 0.999999881 -0.000000000
0.999997497 -0.001518029 -0.001632017 -0.007809917 0.001517707 0.999998808 -0.000198449 -0.018252149 0.001632317 0.000195971 0.999998510 0.565237343
0.999994099 -0.001749478 -0.002958088 -0.010964606 0.001744176 0.999996841 -0.001794056 -0.032115407 0.002961216 0.001788886 0.999993920 1.139278650
0.999987423 -0.001830113 -0.004668735 -0.014835162 0.001816693 0.999994218 -0.002877180 -0.048437014 0.004673973 0.002868662 0.999984860 1.679042459
0.999972224 -0.003036334 -0.006807419 -0.017562080 0.003003888 0.999984086 -0.004771497 -0.074684218 0.006821798 0.004750914 0.999965310 2.233819008
0.999941170 -0.006479563 -0.008701145 -0.015753848 0.006422079 0.999957502 -0.006618227 -0.077895477 0.008743657 0.006561957 0.999940097 2.807360888
0.999925673 -0.006924308 -0.010036380 -0.030212529 0.006853321 0.999951363 -0.007090198 -0.100629114 0.010084986 0.007020887 0.999924362 3.354243755
0.999912262 -0.007575693 -0.010859766 -0.041577213 0.007495009 0.999944150 -0.007451118 -0.084907956 0.010915603 0.007369071 0.999913156 3.954701424
0.999897182 -0.007984688 -0.011907458 -0.050817244 0.007892645 0.999938726 -0.007756874 -0.098966464 0.011968661 0.007662096 0.999898851 4.543331623
0.999890983 -0.007180178 -0.012900489 -0.070698455 0.007051919 0.999925554 -0.009960232 -0.123715028 0.012971042 0.009868175 0.999867022 5.130417824
0.999876380 -0.006180090 -0.014459316 -0.082084149 0.005973526 0.999880135 -0.014285760 -0.136213169 0.014545865 0.014197620 0.999793231 5.730442047
0.999863327 -0.005139068 -0.015717404 -0.089889042 0.004856748 0.999827266 -0.017948028 -0.142975390 0.015806919 0.017869234 0.999715328 6.352609634
0.999851525 -0.004101296 -0.016738862 -0.106180556 0.003793110 0.999823511 -0.018401749 -0.149404302 0.016811382 0.018335519 0.999690473 6.982204437
0.999838293 -0.000272996 -0.017983081 -0.132378861 0.000061150 0.999930680 -0.011779728 -0.167221859 0.017985050 0.011776719 0.999768794 7.625061512
0.999827206 0.000880753 -0.018568851 -0.151633024 -0.000898039 0.999999225 -0.000922503 -0.190823004 0.018568022 0.000939021 0.999827147 8.289651871
0.999809027 0.001376647 -0.019498557 -0.167185247 -0.001256259 0.999980152 0.006185157 -0.204083592 0.019506685 -0.006159479 0.999790728 8.956526756
0.999781907 0.003504413 -0.020600425 -0.186101958 -0.003403868 0.999982238 0.004913814 -0.202829465 0.020617276 -0.004842615 0.999775767 9.645184517
0.999754727 0.006043919 -0.021308046 -0.208514065 -0.006102978 0.999977767 -0.002707793 -0.213594273 0.021291198 0.002837172 0.999769330 10.335256577
0.999722183 0.006185791 -0.022737060 -0.247656375 -0.006384529 0.999942005 -0.008678640 -0.217056140 0.022682045 0.008821394 0.999703765 11.038380623
0.999712467 0.003849451 -0.023664806 -0.263860047 -0.004040414 0.999959528 -0.008027027 -0.221313581 0.023632940 0.008120334 0.999687731 11.770400047
0.999704421 0.002352194 -0.024194945 -0.277626008 -0.002320711 0.999996305 0.001329112 -0.238890722 0.024197971 -0.001272575 0.999706447 12.518059731
0.999698102 0.001397459 -0.024520574 -0.286161959 -0.001153938 0.999949574 0.009942443 -0.227581471 0.024533223 -0.009911162 0.999650061 13.306104660
0.999683678 0.001202615 -0.025122179 -0.311589003 -0.000889335 0.999921739 0.012477745 -0.234664544 0.025135221 -0.012451453 0.999606431 14.086514473
0.999675751 -0.000575536 -0.025456335 -0.337494850 0.000872889 0.999931455 0.011671419 -0.250518888 0.025447877 -0.011689855 0.999607742 14.895700455
0.999691367 -0.000873689 -0.024831455 -0.349074751 0.001101865 0.999957323 0.009176880 -0.250718713 0.024822382 -0.009201407 0.999649525 15.719849586
0.999695718 0.001124636 -0.024647068 -0.383272231 -0.000989374 0.999984324 0.005499606 -0.244078830 0.024652878 -0.005473546 0.999681115 16.546335220
0.999726236 -0.001637246 -0.023340441 -0.402320474 0.001643506 0.999998569 0.000249165 -0.258567423 0.023340007 -0.000287456 0.999727666 17.407398224
0.999734282 -0.005029061 -0.022495043 -0.415994227 0.004890124 0.999968469 -0.006226867 -0.253390074 0.022525672 0.006115205 0.999727726 18.286251068
0.999770463 -0.004550584 -0.020936729 -0.440247238 0.004306849 0.999922514 -0.011671942 -0.268516958 0.020988222 0.011579091 0.999712527 19.192834854
0.999780893 -0.002115117 -0.020825187 -0.470270872 0.001848260 0.999915898 -0.012825087 -0.285193503 0.020850562 0.012783787 0.999700785 20.079444885
0.999773264 -0.002628069 -0.021131540 -0.490228176 0.002368881 0.999921620 -0.012281179 -0.311455399 0.021162156 0.012228338 0.999701262 21.000000000
0.999777317 -0.001572245 -0.021047905 -0.517838418 0.001298234 0.999914110 -0.013025858 -0.337460905 0.021066580 0.012995633 0.999693632 21.959312439
0.999776602 0.001899336 -0.021055663 -0.547984719 -0.002224195 0.999878526 -0.015416022 -0.367807627 0.021023827 0.015459411 0.999659479 22.898202896
0.999746740 0.006217450 -0.021637047 -0.576250613 -0.006575878 0.999841154 -0.016534328 -0.364348650 0.021530820 0.016672421 0.999629200 23.885746002
0.999733686 0.007778980 -0.021725401 -0.608377278 -0.008134382 0.999833703 -0.016318619 -0.392770886 0.021594843 0.016490996 0.999630749 24.827096939
0.999727428 0.008193731 -0.021860456 -0.637284815 -0.008553637 0.999828517 -0.016421290 -0.425905615 0.021722157 0.016603803 0.999626100 25.830406189
0.999718904 0.008325856 -0.022197315 -0.667479515 -0.008688608 0.999829352 -0.016296027 -0.456701517 0.022057854 0.016484315 0.999620736 26.801305771
0.999706388 0.009131975 -0.022444263 -0.688136160 -0.009477840 0.999837101 -0.015352111 -0.490176976 0.022300417 0.015560327 0.999630213 27.788999557
0.999695837 0.009640473 -0.022693420 -0.718903303 -0.009931088 0.999869525 -0.012728360 -0.520726562 0.022567771 0.012949872 0.999661267 28.831403732
0.999679923 0.010092229 -0.023203308 -0.750078022 -0.010359041 0.999881327 -0.011407582 -0.543255627 0.023085427 0.011644291 0.999665499 29.816923141
0.999686420 0.009547999 -0.023147488 -0.778174222 -0.009830893 0.999878049 -0.012138478 -0.580956280 0.023028767 0.012362230 0.999658167 30.859273911
0.999659359 0.011247139 -0.023549704 -0.816385984 -0.011553258 0.999850154 -0.012903270 -0.602938056 0.023401048 0.013170948 0.999639213 31.858926773
0.999668837 0.011012479 -0.023248628 -0.841895938 -0.011314497 0.999852896 -0.012899308 -0.624353051 0.023103155 0.013158089 0.999646306 32.945667267
0.999669254 0.009744413 -0.023798196 -0.866387784 -0.009994228 0.999895930 -0.010401025 -0.657109618 0.023694359 0.010635426 0.999662578 34.017288208
0.999640703 0.011498882 -0.024216086 -0.903587461 -0.011651149 0.999913156 -0.006156192 -0.693592787 0.024143187 0.006436120 0.999687672 35.049354553
0.999648809 0.009907122 -0.024578217 -0.930968881 -0.010014700 0.999940872 -0.004257806 -0.711863875 0.024534568 0.004502453 0.999688685 36.134719849
0.999626815 0.009266086 -0.025698962 -0.962243676 -0.009361376 0.999950111 -0.003590113 -0.726189852 0.025664395 0.003829350 0.999662995 37.173377991
0.999616027 0.009590494 -0.026000535 -0.987212062 -0.009712321 0.999942362 -0.004563309 -0.751711071 0.025955262 0.004814083 0.999651432 38.271007538
0.999589324 0.010064115 -0.026833665 -1.026525259 -0.010201279 0.999935508 -0.004979786 -0.774019957 0.026781807 0.005251479 0.999627471 39.316398621
0.999580622 0.009130174 -0.027479876 -1.067604899 -0.009246726 0.999948680 -0.004117517 -0.790988445 0.027440853 0.004369894 0.999613762 40.416343689
0.999573946 0.008155896 -0.028027685 -1.105065942 -0.008223484 0.999963522 -0.002297176 -0.818803787 0.028007923 0.002526683 0.999604464 41.510288239
0.999557137 0.007059094 -0.028912591 -1.145836949 -0.007053049 0.999975085 0.000310950 -0.839897335 0.028914060 -0.000106889 0.999581754 42.580196381
0.999540865 0.008451371 -0.029100986 -1.185691237 -0.008439349 0.999964178 0.000535753 -0.863681257 0.029104467 -0.000289912 0.999576211 43.661830902
0.999513030 0.009788296 -0.029634092 -1.227774143 -0.009884612 0.999946296 -0.003105550 -0.892220974 0.029602095 0.003396960 0.999555826 44.724952698
0.999469757 0.013338923 -0.029703284 -1.251560688 -0.013575717 0.999877691 -0.007784923 -0.899020672 0.029595794 0.008184043 0.999528348 45.853824615
0.999446869 0.014826666 -0.029771663 -1.291375160 -0.015063603 0.999856412 -0.007750032 -0.926876426 0.029652486 0.008194214 0.999526560 46.909484863
0.999473453 0.013206019 -0.029638421 -1.329329610 -0.013361142 0.999897897 -0.005041948 -0.949749410 0.029568814 0.005435295 0.999547839 47.984416962
0.999469161 0.013511227 -0.029645266 -1.365828276 -0.013648573 0.999896884 -0.004435599 -0.962525845 0.029582283 0.004837859 0.999550581 49.097709656
0.999502599 0.011570938 -0.029343253 -1.412855029 -0.011652195 0.999928653 -0.002599766 -0.991898775 0.029311083 0.002940384 0.999565959 50.156459808
0.999486268 0.013694567 -0.028993560 -1.449190378 -0.013793804 0.999899268 -0.003225623 -1.016303539 0.028946487 0.003623892 0.999574482 51.310253143
0.999506354 0.013117062 -0.028544327 -1.492174625 -0.013248399 0.999902487 -0.004416854 -1.055239201 0.028483603 0.004792841 0.999582767 52.365646362
0.999496996 0.014189407 -0.028357869 -1.526312590 -0.014408116 0.999867916 -0.007523086 -1.076790571 0.028247373 0.007927886 0.999569595 53.442722321
0.999520540 0.013076315 -0.028061785 -1.561896920 -0.013341695 0.999867737 -0.009290732 -1.109538436 0.027936583 0.009660671 0.999563038 54.518535614
0.999546707 0.010917402 -0.028049503 -1.590395808 -0.011279715 0.999854445 -0.012791376 -1.130627394 0.027905768 0.013101970 0.999524713 55.621265411
0.999567270 0.010172849 -0.027601175 -1.631643176 -0.010565743 0.999844253 -0.014126331 -1.171745896 0.027453175 0.014411839 0.999519110 56.696399689
0.999579430 0.009085064 -0.027539769 -1.658207297 -0.009422082 0.999881864 -0.012132480 -1.210837364 0.027426293 0.012386856 0.999546945 57.778541565
0.999598265 0.006732909 -0.027536858 -1.687572122 -0.006910723 0.999955952 -0.006367187 -1.221255064 0.027492773 0.006554923 0.999600351 58.893615723
0.999614000 0.005259267 -0.027280422 -1.717000246 -0.005276781 0.999985814 -0.000570091 -1.243997693 0.027277036 0.000713823 0.999627650 60.000331879
0.999626100 0.003394922 -0.027130464 -1.751463294 -0.003368665 0.999993801 0.001013385 -1.277633309 0.027133735 -0.000921614 0.999631345 61.071769714
0.999643564 0.000041109 -0.026694225 -1.781268358 -0.000119159 0.999995828 -0.002922533 -1.280270696 0.026693994 0.002924666 0.999639392 62.150924683
0.999643266 -0.001270187 -0.026680324 -1.815998673 0.001095003 0.999977827 -0.006579660 -1.307098866 0.026688088 0.006548095 0.999622166 63.253349304
0.999643028 0.000657141 -0.026708804 -1.854669213 -0.000920671 0.999950945 -0.009855743 -1.337900639 0.026701020 0.009876809 0.999594450 64.330055237
0.999644876 0.001060108 -0.026624760 -1.894648194 -0.001438000 0.999898434 -0.014178185 -1.375594378 0.026607024 0.014211433 0.999544680 65.411056519
0.999653578 0.003842495 -0.026028521 -1.928696036 -0.004236053 0.999877453 -0.015082020 -1.389765382 0.025967373 0.015187053 0.999547184 66.491424561
0.999646842 0.007340089 -0.025539365 -1.972432852 -0.007643668 0.999900997 -0.011809385 -1.416184187 0.025450151 0.012000426 0.999603987 67.585746765
0.999636531 0.008669899 -0.025522232 -2.013486862 -0.008909666 0.999917030 -0.009295692 -1.456958771 0.025439518 0.009519706 0.999630868 68.682479858
0.999641716 0.008600144 -0.025345478 -2.043232679 -0.008818003 0.999924958 -0.008496408 -1.489353180 0.025270501 0.008716858 0.999642432 69.760269165
0.999667346 0.007638656 -0.024627011 -2.072823286 -0.007833861 0.999938250 -0.007839818 -1.507811069 0.024565602 0.008030128 0.999665737 70.870239258
0.999676943 0.006815357 -0.024489570 -2.109250784 -0.006982088 0.999952853 -0.006729134 -1.531626821 0.024442561 0.006897948 0.999677360 71.959663391
0.999685407 0.004889274 -0.024597393 -2.138701916 -0.005008482 0.999975920 -0.004787131 -1.563937187 0.024573395 0.004908820 0.999685884 73.067527771
0.999674797 0.003527572 -0.025251875 -2.168030262 -0.003606335 0.999988616 -0.003074349 -1.593912125 0.025240744 0.003164415 0.999676287 74.144859314
0.999638617 0.003130094 -0.026690369 -2.184148788 -0.003236853 0.999986708 -0.003957977 -1.616761684 0.026677635 0.004042939 0.999635696 75.229949951
0.999619067 0.003672232 -0.027354944 -2.221748590 -0.003870982 0.999966323 -0.007216247 -1.649370909 0.027327521 0.007319386 0.999599695 76.320159912
0.999605358 0.004546680 -0.027719935 -2.262785196 -0.004814733 0.999942183 -0.009611072 -1.680170298 0.027674632 0.009740740 0.999569476 77.386070251
0.999569595 0.005461380 -0.028819066 -2.289584875 -0.005687958 0.999953449 -0.007786232 -1.706157207 0.028775189 0.007946800 0.999554515 78.456069946
0.999550521 0.006529611 -0.029257942 -2.327934742 -0.006653795 0.999969363 -0.004149168 -1.734876633 0.029229939 0.004341978 0.999563217 79.543205261
0.999530911 0.007153501 -0.029776085 -2.364315748 -0.007138525 0.999974430 0.000609115 -1.756318212 0.029779667 -0.000396271 0.999556303 80.591880798
0.999509275 0.007594914 -0.030384850 -2.405244350 -0.007564338 0.999970853 0.001120988 -1.784386516 0.030392466 -0.000890595 0.999537349 81.674804688
0.999489427 0.008326618 -0.030842742 -2.444248915 -0.008359574 0.999964595 -0.000939849 -1.797830224 0.030833822 0.001197204 0.999523222 82.740806580
0.999467969 0.007921570 -0.031638198 -2.483998060 -0.007990349 0.999965906 -0.002048093 -1.819850087 0.031620894 0.002299804 0.999497294 83.798973083
0.999458134 0.007511590 -0.032044936 -2.527608395 -0.007593377 0.999968171 -0.002431333 -1.850401044 0.032025658 0.002673346 0.999483407 84.838218689
0.999444246 0.005945747 -0.032800298 -2.565049887 -0.006014190 0.999979794 -0.001988365 -1.879842997 0.032787822 0.002184527 0.999459922 85.869209290
0.999431849 0.006184091 -0.033126708 -2.595586777 -0.006202560 0.999980509 -0.000454713 -1.884254456 0.033123259 0.000659925 0.999451220 86.908760071
0.999429226 0.004664669 -0.033457585 -2.632098675 -0.004593247 0.999987006 0.002211281 -1.902579665 0.033467464 -0.002056339 0.999437630 87.891944885
0.999401093 0.004867951 -0.034256749 -2.666298628 -0.004747525 0.999982357 0.003595838 -1.934013009 0.034273632 -0.003431048 0.999406517 88.897293091
0.999309361 0.004084321 -0.036923066 -2.707134008 -0.003956767 0.999986053 0.003526962 -1.951352715 0.036936924 -0.003378429 0.999311805 89.840629578
0.999186695 0.003044207 -0.040208545 -2.754260063 -0.002931541 0.999991715 0.002860633 -1.978539586 0.040216923 -0.002740434 0.999187112 90.787963867
0.999052107 0.002860391 -0.043435019 -2.803270817 -0.002769905 0.999993920 0.002143279 -1.998859525 0.043440893 -0.002020937 0.999053776 91.688568115
0.998910964 0.002517738 -0.046584789 -2.848324299 -0.002426937 0.999994934 0.002005651 -2.019217730 0.046589617 -0.001890410 0.998912215 92.565238953
0.998746395 0.004188895 -0.049871869 -2.886784554 -0.004027873 0.999986231 0.003328766 -2.031014442 0.049885139 -0.003123721 0.998749793 93.467979431
0.998605669 0.004984350 -0.052551478 -2.940875769 -0.004752755 0.999978423 0.004531039 -2.051355362 0.052572925 -0.004274958 0.998607993 94.291595459
0.998443007 0.005954628 -0.055463262 -2.989828825 -0.005631509 0.999966204 0.005980297 -2.072595835 0.055497006 -0.005658641 0.998442948 95.123901367
0.998257935 0.007363411 -0.058538437 -3.038280487 -0.006987599 0.999953508 0.006621964 -2.077661514 0.058584496 -0.006201380 0.998263478 95.898124695
0.998094320 0.009591151 -0.060955804 -3.091352463 -0.009162503 0.999931395 0.007307743 -2.095955610 0.061021712 -0.006735309 0.998113692 96.658836365
0.997914732 0.010740981 -0.063644961 -3.152384520 -0.010361655 0.999926627 0.006287104 -2.114210844 0.063707806 -0.005614524 0.997952759 97.389221191
0.997733712 0.012832833 -0.066048868 -3.209636927 -0.012672568 0.999915659 0.002844842 -2.136158466 0.066079795 -0.002001382 0.997812271 98.082389832
0.997506022 0.014995712 -0.068962783 -3.253295183 -0.015105111 0.999885499 -0.001065110 -2.146888256 0.068938874 0.002104152 0.997618377 98.752426147
0.997344494 0.017005196 -0.070816025 -3.308250904 -0.017312730 0.999843180 -0.003731146 -2.163940430 0.070741475 0.004947258 0.997482419 99.388031006
0.997246623 0.018859966 -0.071718618 -3.360481501 -0.019242736 0.999804199 -0.004649877 -2.184002161 0.071616866 0.006017138 0.997414052 99.985404968
0.997264683 0.020722819 -0.070949376 -3.405145168 -0.021089692 0.999767959 -0.004425643 -2.202551365 0.070841186 0.005909841 0.997470081 100.567550659
0.997380018 0.024185613 -0.068178520 -3.460454226 -0.024480902 0.999694347 -0.003498765 -2.216662645 0.068073034 0.005158674 0.997667015 101.126411438
0.997717679 0.025536230 -0.062508494 -3.505355120 -0.025690619 0.999668717 -0.001667137 -2.226452351 0.062445186 0.003269218 0.998043120 101.669624329
0.998115778 0.027403105 -0.054902375 -3.528298140 -0.027427720 0.999623835 0.000305370 -2.247380733 0.054890074 0.001201057 0.998491704 102.186798096
0.998601377 0.027144363 -0.045374677 -3.546602249 -0.027040595 0.999630213 0.002899444 -2.262320995 0.045436561 -0.001668425 0.998965859 102.672912598
0.999085426 0.026311306 -0.033710301 -3.557810307 -0.026181472 0.999648094 0.004287365 -2.274717331 0.033811219 -0.003400854 0.999422431 103.143493652
0.999435544 0.026591638 -0.020548936 -3.549876213 -0.026500715 0.999637663 0.004685163 -2.281108618 0.020666046 -0.004137950 0.999777913 103.671073914
0.999646544 0.026061812 -0.005239354 -3.536398649 -0.026040785 0.999652505 0.004041335 -2.292596579 0.005342856 -0.003903469 0.999977946 104.096015930
0.999604821 0.025118724 0.012605852 -3.525412083 -0.025135560 0.999683142 0.001179671 -2.305504084 -0.012572236 -0.001496059 0.999919772 104.514465332
0.999143004 0.023987902 0.033733860 -3.500895500 -0.023891164 0.999708951 -0.003267778 -2.319471836 -0.033802442 0.002459038 0.999425471 104.927177429
0.998057783 0.022813518 0.057969186 -3.455282688 -0.022364294 0.999714315 -0.008386315 -2.341506481 -0.058143970 0.007073590 0.998283029 105.344223022
0.996171355 0.019971782 0.085111290 -3.410487175 -0.019126272 0.999759138 -0.010738077 -2.351060390 -0.085305266 0.009069104 0.996313512 105.722373962
0.993254244 0.017282203 0.114662141 -3.336375237 -0.016008198 0.999799132 -0.012022519 -2.358044624 -0.114846960 0.010105886 0.993331730 106.121208191
0.989006042 0.014747364 0.147138745 -3.254786491 -0.012815472 0.999818444 -0.014069114 -2.371291161 -0.147319630 0.012028788 0.989015758 106.483215332
0.983034849 0.012992275 0.182958692 -3.146675110 -0.010295209 0.999823570 -0.015683552 -2.393675327 -0.183130264 0.013533882 0.982995450 106.870796204
0.975256443 0.008191992 0.220925406 -3.036424637 -0.004788002 0.999861002 -0.015939001 -2.397489071 -0.221025378 0.014486825 0.975160420 107.201057434
0.965226710 0.007259656 0.261313200 -2.896734238 -0.002912305 0.999850392 -0.017019972 -2.422444582 -0.261397779 0.015667111 0.965103984 107.579879761
0.953276813 0.007398809 0.302007198 -2.769853592 -0.002109376 0.999838054 -0.017836653 -2.438828230 -0.302090466 0.016366225 0.953138769 107.883071899
0.938166797 0.008989832 0.346066505 -2.617156982 -0.002807241 0.999826789 -0.018362433 -2.449375629 -0.346171945 0.016255528 0.938030243 108.212867737
0.920292854 0.008361330 0.391140431 -2.424034119 -0.001714807 0.999847591 -0.017338894 -2.468226194 -0.391226023 0.015286127 0.920167565 108.577804565
0.900539160 0.007790684 0.434704900 -2.252399445 -0.000905434 0.999870181 -0.016043771 -2.462909937 -0.434773833 0.014054445 0.900429964 108.837402344
0.877058268 0.005021361 0.480357409 -2.071018219 0.002521072 0.999882102 -0.015055275 -2.500668526 -0.480377346 0.014415373 0.876943588 109.106353760
0.852462173 0.004778374 0.522767186 -1.868213654 0.004611441 0.999850512 -0.016658923 -2.518196821 -0.522768557 0.016611807 0.852312744 109.346054077
0.824803770 0.006113280 0.565385997 -1.641708374 0.005780584 0.999798059 -0.019243300 -2.526727200 -0.565389454 0.019140203 0.824601948 109.641502380
0.794830739 0.010410392 0.606741905 -1.415672302 0.004351394 0.999729335 -0.022853523 -2.547605515 -0.606815696 0.020804852 0.794570267 109.856483459
0.761088371 0.016092639 0.648448467 -1.144985199 0.001639739 0.999641299 -0.026732804 -2.571201801 -0.648646057 0.021409314 0.760789037 110.162734985
0.724441648 0.021382499 0.689004302 -0.885360718 -0.001052842 0.999551833 -0.029913012 -2.567728043 -0.689335227 0.020944815 0.724139750 110.341346741
0.685265422 0.021350102 0.727980256 -0.603130341 0.001165459 0.999536753 -0.030411337 -2.580545425 -0.728292465 0.021688264 0.684923112 110.570709229
0.644014835 0.018048828 0.764799833 -0.271873474 0.005426529 0.999588609 -0.028159216 -2.612540007 -0.764993668 0.022285158 0.643652022 110.795455933
0.600966334 0.016283777 0.799108267 0.021595001 0.007176010 0.999642134 -0.025766823 -2.610612154 -0.799242079 0.021219403 0.600634396 110.953247070
0.553990364 0.013921775 0.832406521 0.392021179 0.008237408 0.999719501 -0.022202259 -2.630306721 -0.832482338 0.019156709 0.553720176 111.162124634
0.504027784 0.013438691 0.863582611 0.685447693 0.004818301 0.999819577 -0.018370921 -2.664005041 -0.863674104 0.013420441 0.503871739 111.324684143
0.452998430 0.008654132 0.891469240 1.095287323 0.007286116 0.999883533 -0.013409009 -2.709708691 -0.891481638 0.012569604 0.452882439 111.506362915
0.401904523 0.008805020 0.915639222 1.432262421 0.005315358 0.999914527 -0.011948517 -2.701462269 -0.915666163 0.009669110 0.401823193 111.593383789
0.350738466 0.013229437 0.936380029 1.797344208 0.001942981 0.999887884 -0.014854470 -2.715847492 -0.936471462 0.007029399 0.350673318 111.705673218
0.299078137 0.018900912 0.954041481 2.227054596 0.000138748 0.999802947 -0.019851008 -2.735875130 -0.954228699 0.006069372 0.299016446 111.828987122
0.253049880 0.020465288 0.967236876 2.601587296 0.002159120 0.999761760 -0.021718346 -2.733656883 -0.967450976 0.007584198 0.252945244 111.874031067
0.210405380 0.020432074 0.977400720 3.040311813 0.009004552 0.999698699 -0.022836616 -2.758113384 -0.977572799 0.013605996 0.210157841 111.966690063
0.176337972 0.021056212 0.984104693 3.432651520 0.014974238 0.999597967 -0.024070898 -2.759031773 -0.984216034 0.018980820 0.175951764 111.981246948
0.144757181 0.022177938 0.989218652 3.879029274 0.018807314 0.999506474 -0.025160752 -2.783578873 -0.989288270 0.022246739 0.144268647 112.032997131
0.117529713 0.020848572 0.992850542 4.332322121 0.017141698 0.999588132 -0.023019221 -2.800800562 -0.992921352 0.019724581 0.117123894 112.054389954
0.091803350 0.017221786 0.995628178 4.814628601 0.011544422 0.999764860 -0.018357806 -2.793457747 -0.995710075 0.013179264 0.091582909 112.092781067
0.066916779 0.014423843 0.997654319 5.329013824 0.006934068 0.999864638 -0.014920894 -2.802124262 -0.997734368 0.007916261 0.066807665 112.133041382
0.044939741 0.011050476 0.998928547 5.834692478 0.010896999 0.999873936 -0.011551163 -2.819737196 -0.998930156 0.011404430 0.044813633 112.128868103
0.025018960 0.011515267 0.999620736 6.370360374 0.017852109 0.999769151 -0.011963783 -2.844641209 -0.999527454 0.018144658 0.024807647 112.119804382
0.006637394 0.013500707 0.999886930 6.935130596 0.023823706 0.999622881 -0.013655284 -2.872046947 -0.999694049 0.023911640 0.006313264 112.117950439
-0.006246558 0.019177970 0.999796808 7.558169365 0.021782394 0.999581158 -0.019037748 -2.874598980 -0.999742925 0.021659043 -0.006661638 112.110832214
-0.017724888 0.024051961 0.999553561 8.168519974 0.019053621 0.999537051 -0.023713693 -2.876152515 -0.999661326 0.018624794 -0.018174954 112.107345581
-0.023913264 0.024172327 0.999421835 8.775732040 0.021245996 0.999493957 -0.023665719 -2.885056257 -0.999488354 0.020667788 -0.024414729 112.085258484
-0.027088625 0.020724505 0.999418199 9.408250809 0.026819181 0.999440074 -0.019998042 -2.919673443 -0.999273241 0.026261855 -0.027629275 112.061203003
-0.026699891 0.019284241 0.999457479 10.072165489 0.028911538 0.999410391 -0.018510975 -2.934793234 -0.999225259 0.028401610 -0.027241692 112.041954041
-0.023613619 0.018318774 0.999553502 10.759538651 0.027778128 0.999457836 -0.017660787 -2.960556269 -0.999335170 0.027348664 -0.024109684 112.023811340
-0.022170959 0.018465746 0.999583781 11.445247650 0.024304658 0.999543786 -0.017925933 -2.960259438 -0.999458551 0.023897089 -0.022609649 112.021286011
-0.020913970 0.019252747 0.999595940 12.149256706 0.022919269 0.999561012 -0.018772546 -2.989696503 -0.999518394 0.022517383 -0.021346040 112.007507324
-0.019717894 0.020099226 0.999603570 12.872256279 0.022858890 0.999545634 -0.019647149 -3.008224010 -0.999543965 0.022462415 -0.020168375 111.992553711
-0.019209912 0.020253642 0.999610364 13.653350830 0.022696806 0.999546111 -0.019816155 -3.038936853 -0.999557436 0.022307256 -0.019660881 111.987617493
-0.018861718 0.019082639 0.999640048 14.395210266 0.021592701 0.999592423 -0.018674308 -3.064687490 -0.999588728 0.021232696 -0.019266065 111.986557007
-0.018474028 0.017658666 0.999673426 15.169210434 0.021594804 0.999617755 -0.017258609 -3.092295170 -0.999595881 0.021268914 -0.018848291 111.975753784
-0.018573765 0.015386580 0.999709070 15.971216202 0.022381071 0.999637246 -0.014969656 -3.109064102 -0.999576449 0.022096518 -0.018911384 111.950256348
-0.019601630 0.014476574 0.999703050 16.755870819 0.020577515 0.999689341 -0.014072901 -3.128741980 -0.999595940 0.020295549 -0.019893434 111.937194824
-0.021276513 0.012693171 0.999692917 17.551670074 0.019005375 0.999743938 -0.012289329 -3.151262999 -0.999592900 0.018738065 -0.021512309 111.933525085
-0.022830920 0.009999519 0.999689281 18.343639374 0.020443007 0.999745488 -0.009533205 -3.180179834 -0.999530196 0.020219002 -0.023029527 111.920166016
-0.024083890 0.007739301 0.999679923 19.163450241 0.022075618 0.999730289 -0.007207854 -3.209166765 -0.999466062 0.021894962 -0.024248241 111.910827637
-0.025638988 0.007967068 0.999639452 19.971950531 0.020025995 0.999771595 -0.007454490 -3.217159748 -0.999470592 0.019827656 -0.025792681 111.895339966
-0.025720537 0.012124712 0.999595523 20.811914444 0.017473450 0.999778867 -0.011677329 -3.233117342 -0.999516368 0.017166054 -0.025926713 111.856872559
-0.026645884 0.017573306 0.999490499 21.649637222 0.018694824 0.999679327 -0.017078232 -3.251855135 -0.999470055 0.018230235 -0.026965864 111.848579407
-0.027778815 0.019390563 0.999426067 22.477296829 0.019395852 0.999633908 -0.018855492 -3.286665440 -0.999425769 0.018860932 -0.028144747 111.827117920
-0.029215790 0.016896732 0.999430299 23.341888428 0.016085163 0.999735475 -0.016431678 -3.314655304 -0.999443650 0.015595933 -0.029479848 111.810325623
-0.030450270 0.012917113 0.999452829 24.169010162 0.013286469 0.999833226 -0.012517230 -3.332864523 -0.999448001 0.012898039 -0.030616812 111.802986145
-0.030759033 0.006482169 0.999505758 25.053127289 0.010811740 0.999922395 -0.006152148 -3.363777637 -0.999468505 0.010617163 -0.030826731 111.767097473
-0.030762933 0.001302402 0.999525785 25.903432846 0.007742797 0.999969363 -0.001064677 -3.378204346 -0.999496520 0.007706372 -0.030772075 111.742599487
-0.030435521 0.000589059 0.999536455 26.743394852 0.005420384 0.999985039 -0.000424276 -3.383025885 -0.999521732 0.005404956 -0.030438259 111.726898193
-0.030160351 0.007002122 0.999520540 27.582847595 0.007896760 0.999945819 -0.006766817 -3.423695326 -0.999513507 0.007688882 -0.030214010 111.711830139
-0.028848609 0.017013989 0.999438882 28.411247253 0.009909712 0.999810755 -0.016734276 -3.457038164 -0.999534249 0.009421387 -0.029011752 111.688766479
-0.028547768 0.021986898 0.999350429 29.238868713 0.011563533 0.999698162 -0.021664223 -3.494704247 -0.999525309 0.010937548 -0.028793393 111.677398682
-0.027287781 0.017151531 0.999480247 30.105411530 0.013578464 0.999766469 -0.016785730 -3.492922306 -0.999534905 0.013113355 -0.027514301 111.649505615
-0.026655391 0.010855805 0.999585629 30.940393448 0.016827779 0.999804080 -0.010409441 -3.520618200 -0.999502897 0.016543340 -0.026832851 111.624847412
-0.026504502 0.008130969 0.999615610 31.768712997 0.017886613 0.999810576 -0.007658297 -3.552566290 -0.999488533 0.017676754 -0.026644913 111.611938477
-0.026538333 0.008297217 0.999613285 32.589191437 0.016690681 0.999829829 -0.007855897 -3.577285767 -0.999508321 0.016475743 -0.026672298 111.594749451
-0.027726013 0.008697818 0.999577641 33.402393341 0.013885614 0.999868929 -0.008315195 -3.600031853 -0.999518931 0.013649201 -0.027843153 111.590011597
-0.028792016 0.007870178 0.999554276 34.244544983 0.011398658 0.999906242 -0.007544612 -3.615598440 -0.999520004 0.011176346 -0.028879037 111.556518555
-0.031159215 0.007881071 0.999483228 35.058628082 0.011105481 0.999909878 -0.007538217 -3.638222694 -0.999452710 0.010864859 -0.031243924 111.534103394
-0.033030987 0.008478896 0.999418318 35.869586945 0.010351847 0.999913275 -0.008140964 -3.670120239 -0.999400735 0.010076921 -0.033115882 111.511077881
-0.035224386 0.008130098 0.999346256 36.668193817 0.009097233 0.999928176 -0.007814178 -3.685503960 -0.999338031 0.008816034 -0.035295799 111.486587524
-0.037673760 0.007906114 0.999258578 37.479598999 0.006867987 0.999947071 -0.007652629 -3.696567297 -0.999266505 0.006574587 -0.037726033 111.480743408
-0.039740898 0.006958699 0.999185860 38.284461975 0.006660530 0.999955356 -0.006699149 -3.729569435 -0.999187827 0.006388876 -0.039785448 111.454620361
-0.041817367 0.007196501 0.999099374 39.057647705 0.006550368 0.999954402 -0.006928496 -3.750555992 -0.999103785 0.006254735 -0.041862588 111.432807922
-0.043508008 0.007600910 0.999024153 39.848037720 0.005928565 0.999955297 -0.007349803 -3.776910543 -0.999035418 0.005603006 -0.043551125 111.401893616
-0.044837117 0.007756087 0.998964250 40.614494324 0.006443475 0.999951124 -0.007474543 -3.799059153 -0.998973429 0.006101666 -0.044884898 111.374420166
-0.045789417 0.006596844 0.998929322 41.395225525 0.007642322 0.999951005 -0.006253278 -3.826561689 -0.998921812 0.007347809 -0.045837589 111.334579468
-0.046917681 0.005526708 0.998883367 42.168724060 0.008853621 0.999947190 -0.005116736 -3.833975554 -0.998859584 0.008603685 -0.046964157 111.285881042
-0.048356358 0.005039784 0.998817444 42.922458649 0.008679246 0.999951482 -0.004625313 -3.854090929 -0.998792291 0.008445314 -0.048397757 111.258926392
-0.049328946 0.004205243 0.998773813 43.683681488 0.006516860 0.999971092 -0.003888420 -3.875640154 -0.998761177 0.006317050 -0.049354933 111.230232239
-0.050218780 0.003219197 0.998733103 44.400844574 0.005742345 0.999979079 -0.002934474 -3.894955873 -0.998721600 0.005587703 -0.050236218 111.200485229
-0.050785970 0.003114062 0.998704791 45.128505707 0.005885452 0.999978483 -0.002818749 -3.919234514 -0.998692036 0.005734674 -0.050803225 111.168571472
-0.051235177 0.004868382 0.998674750 45.828983307 0.005804896 0.999972403 -0.004576898 -3.934489489 -0.998669505 0.005562703 -0.051262036 111.136962891
-0.051465575 0.007956486 0.998642981 46.547245026 0.006464738 0.999949574 -0.007633727 -3.956157207 -0.998653591 0.006063092 -0.051514417 111.096946716
-0.051499862 0.010787901 0.998614728 47.244834900 0.005063243 0.999931693 -0.010541007 -3.978027821 -0.998660088 0.004513365 -0.051550947 111.075271606
-0.052097797 0.010975586 0.998581707 47.936901093 0.005426815 0.999927938 -0.010707255 -4.000872135 -0.998627067 0.004861291 -0.052153599 111.034797668
-0.051796205 0.011140648 0.998595536 48.627742767 0.006563835 0.999920011 -0.010814961 -4.021777630 -0.998635888 0.005994440 -0.051865172 111.006973267
-0.052112419 0.009393170 0.998597383 49.324306488 0.005445445 0.999943495 -0.009121656 -4.040096283 -0.998626113 0.004962446 -0.052160621 110.968353271
-0.052279294 0.009535881 0.998587072 50.012027740 0.002756300 0.999951899 -0.009404614 -4.053015709 -0.998628497 0.002260737 -0.052303061 110.946578979
-0.052281383 0.009385749 0.998588443 50.676368713 0.001066716 0.999955595 -0.009342756 -4.069409847 -0.998631656 0.000576757 -0.052289084 110.919960022
-0.052331042 0.008559952 0.998593271 51.365863800 0.002130665 0.999961674 -0.008460033 -4.102880001 -0.998627305 0.001684947 -0.052347276 110.891174316
-0.053583961 0.008147366 0.998530328 52.042064667 0.001754999 0.999965668 -0.008064908 -4.124560833 -0.998561680 0.001320271 -0.053596422 110.862068176
-0.057016183 0.007061610 0.998348415 52.721977234 -0.001802169 0.999972224 -0.007176036 -4.139610291 -0.998371542 -0.002208344 -0.057001870 110.819656372
-0.062223438 0.007351790 0.998035014 53.409774780 -0.003083649 0.999966741 -0.007558270 -4.151904106 -0.998057365 -0.003547891 -0.062198684 110.788131714
-0.068014838 0.009836258 0.997635722 54.060504913 -0.001349662 0.999949574 -0.009951085 -4.175049782 -0.997683346 -0.002023292 -0.067998134 110.743431091
-0.074801266 0.013447544 0.997107565 54.747596741 -0.000493506 0.999908328 -0.013522340 -4.192901611 -0.997198284 -0.001503564 -0.074787781 110.695327759
-0.081782967 0.014216059 0.996548533 55.400497437 -0.001037302 0.999896407 -0.014348947 -4.215578556 -0.996649504 -0.002207222 -0.081759781 110.636260986
-0.088172525 0.013711896 0.996010602 56.088935852 -0.004289038 0.999890745 -0.014145004 -4.236333847 -0.996095836 -0.005519129 -0.088104099 110.583938599
-0.093754709 0.013000244 0.995510221 56.778560638 -0.004733556 0.999897540 -0.013503332 -4.259225845 -0.995583951 -0.005978306 -0.093683586 110.520744324
-0.098004378 0.012771766 0.995103776 57.434623718 -0.008199046 0.999873340 -0.013640481 -4.278632164 -0.995151877 -0.009495733 -0.097887300 110.448516846
-0.102026418 0.012682951 0.994700909 58.149784088 -0.011607465 0.999835372 -0.013938996 -4.292139053 -0.994713724 -0.012968098 -0.101862416 110.380165100
-0.104410142 0.009377530 0.994490087 58.821392059 -0.011950786 0.999871314 -0.010682968 -4.308753490 -0.994462192 -0.013000347 -0.104284659 110.306945801
-0.106792308 0.007022525 0.994256616 59.562679291 -0.008600517 0.999931037 -0.007986378 -4.334490776 -0.994243860 -0.009404003 -0.106724545 110.236068726
-0.108161561 0.004280920 0.994124174 60.251335144 -0.008976891 0.999945641 -0.005282683 -4.350233078 -0.994092464 -0.009495525 -0.108117253 110.160484314
-0.109530091 0.003729215 0.993976533 60.997436523 -0.009586958 0.999942422 -0.004808023 -4.367912292 -0.993936956 -0.010055833 -0.109488033 110.088249207
-0.110004492 0.006685934 0.993908703 61.727890015 -0.007889477 0.999939919 -0.007599704 -4.390503883 -0.993899465 -0.008677419 -0.109945148 110.012550354
-0.110535659 0.010591080 0.993815780 62.444953918 -0.002678979 0.999936402 -0.010954272 -4.403772831 -0.993868172 -0.003873252 -0.110500261 109.938774109
-0.110543869 0.015187872 0.993755460 63.178428650 0.005198914 0.999878168 -0.014703135 -4.420081139 -0.993856966 0.003541102 -0.110609412 109.833854675
-0.110971630 0.016835153 0.993681014 63.902320862 0.007092159 0.999844432 -0.016147543 -4.437741756 -0.993798018 0.005255424 -0.111073762 109.757751465
-0.111384235 0.014818836 0.993666947 64.675201416 0.004884021 0.999884903 -0.014364098 -4.463387012 -0.993765116 0.003253154 -0.111443810 109.676216125
-0.111299865 0.010615602 0.993730187 65.420852661 0.006375928 0.999929905 -0.009967716 -4.469415665 -0.993766189 0.005226545 -0.111359775 109.596954346
-0.111402087 0.007012253 0.993750393 66.172012329 0.007168744 0.999954581 -0.006252405 -4.508992195 -0.993749321 0.006427409 -0.111447349 109.503417969
-0.112175114 0.007206695 0.993662357 66.922103882 0.008367356 0.999945223 -0.006307665 -4.525606632 -0.993653119 0.007606768 -0.112229243 109.423042297
-0.113848351 0.007659728 0.993468642 67.652931213 0.007777234 0.999946594 -0.006818426 -4.546976089 -0.993467569 0.006950180 -0.113901809 109.350669861
-0.115757786 0.007778180 0.993246973 68.395576477 0.007180567 0.999949694 -0.006993809 -4.573594570 -0.993251443 0.006322497 -0.115807787 109.270866394
-0.118530467 0.007911203 0.992918670 69.157737732 0.005246321 0.999959052 -0.007341009 -4.590742111 -0.992936194 0.004339056 -0.118567131 109.173355103
-0.120381057 0.008084476 0.992694974 69.907005310 0.005243351 0.999957979 -0.007507784 -4.612113953 -0.992713749 0.004301252 -0.120418385 109.088104248
-0.122349367 0.007701876 0.992457330 70.645851135 0.005189250 0.999961078 -0.007120388 -4.627470016 -0.992473245 0.004278934 -0.122384608 108.994407654
-0.124027111 0.008016200 0.992246449 71.383590698 0.005702913 0.999956548 -0.007365648 -4.657154083 -0.992262423 0.004745157 -0.124067441 108.906837463
-0.125025541 0.009456500 0.992108524 72.143760681 0.002981268 0.999953568 -0.009155581 -4.665051460 -0.992149115 0.001813061 -0.125047892 108.819839478
-0.126273140 0.010005221 0.991945207 72.877601624 0.003122547 0.999948084 -0.009688448 -4.677649021 -0.991990626 0.001874002 -0.126297802 108.738189697
-0.127391607 0.010108023 0.991801143 73.663383484 0.002844539 0.999947548 -0.009825685 -4.707288265 -0.991848469 0.001569505 -0.127413675 108.646682739
-0.128703594 0.008467404 0.991647065 74.445739746 0.001312871 0.999964118 -0.008368024 -4.717148304 -0.991682410 0.000224900 -0.128709987 108.546737671
-0.129687294 0.007119525 0.991529405 75.234161377 0.001275327 0.999974549 -0.007013358 -4.749494553 -0.991554022 0.000354979 -0.129693031 108.465751648
-0.131934926 0.003256027 0.991253376 76.008476257 -0.004954334 0.999979794 -0.003944120 -4.760447979 -0.991246045 -0.005431375 -0.131916136 108.363220215
-0.133888111 0.002338905 0.990993559 76.764137268 -0.005408351 0.999980569 -0.003090810 -4.778350830 -0.990981579 -0.005773463 -0.133872822 108.263069153
-0.136223063 0.002681342 0.990674376 77.584877014 -0.004871572 0.999982417 -0.003376401 -4.809663773 -0.990666091 -0.005286084 -0.136207551 108.157394409
-0.138191611 0.003680561 0.990398526 78.359077454 -0.004808779 0.999978781 -0.004387137 -4.815301418 -0.990393698 -0.005368873 -0.138170943 108.051628113
-0.139613509 0.007610070 0.990176737 79.185661316 -0.003878013 0.999958515 -0.008232042 -4.838962555 -0.990198314 -0.004989219 -0.139578149 107.931106567
-0.139555573 0.012520632 0.990135133 79.968353271 0.000498500 0.999920726 -0.012574116 -4.842398643 -0.990213931 -0.001261197 -0.139550775 107.813583374
-0.140366673 0.016446365 0.989963055 80.793739319 0.001602645 0.999864459 -0.016383620 -4.877403259 -0.990098119 -0.000713151 -0.140373990 107.688095093
-0.140162721 0.017771889 0.989969134 81.606307983 0.003156998 0.999841869 -0.017502153 -4.894182682 -0.990123272 0.000672186 -0.140196636 107.588127136
-0.139744237 0.017175157 0.990038812 82.427665710 0.006501476 0.999843895 -0.016427577 -4.938445091 -0.990166068 0.004141058 -0.139834061 107.473144531
-0.139494672 0.015567248 0.990100443 83.262878418 0.007486225 0.999864340 -0.014666038 -4.958996296 -0.990194261 0.005366283 -0.139592275 107.355895996
-0.138792589 0.013281051 0.990232289 84.070381165 0.006706629 0.999899268 -0.012470706 -4.963129997 -0.990298212 0.004910284 -0.138867706 107.233406067
-0.137194663 0.010699598 0.990486443 84.905387878 0.006201694 0.999931335 -0.009942615 -4.978326321 -0.990524650 0.004778618 -0.137251556 107.134674072
-0.135663942 0.008240316 0.990720749 85.750244141 0.007159200 0.999947429 -0.007336718 -5.003949642 -0.990729034 0.006097442 -0.135715768 107.026855469
-0.133745074 0.004446640 0.991005838 86.602767944 0.006945274 0.999969482 -0.003549532 -5.026134491 -0.990991354 0.006408077 -0.133771837 106.912178040
-0.132337287 0.004439957 0.991194844 87.443809509 0.006350523 0.999973059 -0.003631401 -5.042965889 -0.991184354 0.005814036 -0.132361859 106.816795349
-0.130595699 0.008085852 0.991402745 88.326362610 0.005906146 0.999954998 -0.007377602 -5.073970795 -0.991418004 0.004891891 -0.130637497 106.680290222
-0.129098937 0.014027676 0.991532624 89.166160583 0.005678587 0.999893963 -0.013406610 -5.105899811 -0.991615295 0.003899726 -0.129164889 106.583564758
-0.127410039 0.016606715 0.991711140 90.011360168 0.002492849 0.999861896 -0.016422939 -5.141470432 -0.991846919 0.000379742 -0.127433807 106.476089478
-0.126189724 0.014787625 0.991895914 90.879974365 0.002875925 0.999890268 -0.014540938 -5.145609856 -0.992001891 0.001017714 -0.126218334 106.376930237
