0.999999881 -0.000000002 0.000000002 -0.000000000 -0.000000002 1.000000000 0.000000000 -0.000000000 0.000000002 0.000000000 0.999999881 0.000000000
0.999997914 0.000001060 0.001977775 -0.003862146 -0.000001808 0.999999940 0.000376197 -0.036205176 -0.001977770 -0.000376200 0.999997854 1.191641092
0.999993205 0.000140837 0.003651054 -0.009437397 -0.000143663 0.999999702 0.000772666 -0.051940780 -0.003650941 -0.000773186 0.999992907 2.388249636
0.999989510 0.000249929 0.004543416 -0.007678919 -0.000248529 0.999999940 -0.000309019 -0.059536885 -0.004543490 0.000307886 0.999989510 3.617755651
0.999984980 -0.000323007 0.005436383 -0.006339708 0.000324304 0.999999881 -0.000238465 -0.080729939 -0.005436301 0.000240224 0.999985158 4.815196514
0.999979019 -0.000302753 0.006434630 0.000584606 0.000302781 0.999999940 -0.000004099 -0.101234004 -0.006434626 0.000006048 0.999979317 6.009687901
0.999975562 -0.000181623 0.006938912 0.002537988 0.000189497 0.999999344 -0.001134507 -0.124773696 -0.006938700 0.001135797 0.999975443 7.202748299
0.999970317 -0.000120149 0.007696157 -0.000351071 0.000131580 0.999998748 -0.001485308 -0.141994104 -0.007695967 0.001486277 0.999969244 8.401279449
0.999967635 -0.001132262 0.007938681 0.011432104 0.001132221 0.999999285 0.000009206 -0.166858867 -0.007938677 -0.000000214 0.999968410 9.604362488
0.999972045 -0.001407093 0.007329996 0.007704295 0.001397881 0.999998271 0.001261229 -0.194416240 -0.007331756 -0.001250946 0.999972224 10.800271988
0.999985695 -0.002845089 0.004507466 0.004985340 0.002842675 0.999995768 0.000541940 -0.211649060 -0.004508994 -0.000529121 0.999989629 12.004508972
0.999991834 -0.003412363 0.002156287 -0.000052165 0.003412074 0.999994159 0.000137267 -0.230066314 -0.002156745 -0.000129910 0.999997616 13.203307152
0.999995410 -0.002910409 0.000761692 -0.005860395 0.002910507 0.999995649 -0.000127850 -0.261966377 -0.000761319 0.000130064 0.999999702 14.393821716
0.999998927 -0.001330161 -0.000454496 -0.018677216 0.001330032 0.999998987 -0.000280807 -0.281334817 0.000454867 0.000280201 0.999999940 15.576411247
1.000000119 -0.000317134 0.000069829 -0.021318315 0.000317149 0.999999881 -0.000209375 -0.301109433 -0.000069770 0.000209394 1.000000119 16.775789261
0.999999166 -0.001233828 -0.000429234 -0.023927422 0.001233901 0.999999166 0.000174836 -0.323911488 0.000429018 -0.000175365 0.999999821 17.998594284
0.999998748 -0.001029613 -0.001107068 -0.038122594 0.001030080 0.999999344 0.000423239 -0.352617562 0.001106633 -0.000424379 0.999999166 19.178516388
0.999998450 -0.000338745 -0.001677372 -0.049040891 0.000338660 1.000000000 -0.000048943 -0.370282173 0.001677390 0.000048372 0.999998391 20.377454758
0.999996185 -0.000636549 -0.002633187 -0.069176935 0.000633646 0.999999166 -0.001102100 -0.391939789 0.002633889 0.001100427 0.999995887 21.564353943
0.999996483 0.000209707 -0.002600902 -0.077450991 -0.000211577 0.999999583 -0.000717807 -0.413854331 0.002600755 0.000718356 0.999996364 22.779539108
0.999994636 0.000407286 -0.003245877 -0.085259706 -0.000409933 0.999999523 -0.000814823 -0.437614977 0.003245545 0.000816149 0.999994338 24.005390167
0.999990463 -0.000780456 -0.004309622 -0.099590674 0.000775692 0.999998927 -0.001106006 -0.471707672 0.004310483 0.001102656 0.999990165 25.168165207
0.999986351 -0.000259922 -0.005222160 -0.109378360 0.000256167 0.999999821 -0.000718594 -0.494756460 0.005222347 0.000717247 0.999986112 26.391286850
0.999980569 -0.001297128 -0.006103756 -0.125834033 0.001304260 0.999998629 0.001165424 -0.522198021 0.006102239 -0.001173360 0.999980748 27.568058014
0.999974132 -0.002025860 -0.006927617 -0.131574363 0.002034011 0.999997616 0.001170212 -0.531045914 0.006925235 -0.001184267 0.999975443 28.786260605
0.999969661 -0.001806454 -0.007558923 -0.139986113 0.001806515 0.999998450 0.000001809 -0.554180086 0.007558909 -0.000015463 0.999971211 29.991641998
0.999957204 -0.003160443 -0.008654448 -0.163433671 0.003156495 0.999994993 -0.000469482 -0.574691474 0.008655892 0.000442147 0.999961972 31.174957275
0.999953449 -0.002515545 -0.009314118 -0.182838753 0.002509769 0.999996603 -0.000631598 -0.598671198 0.009315679 0.000608192 0.999956250 32.393688202
0.999950111 -0.002971401 -0.009553838 -0.201402426 0.002974667 0.999995530 0.000327623 -0.624902189 0.009552825 -0.000356029 0.999954045 33.568187714
0.999942660 -0.003355457 -0.010147957 -0.220463902 0.003362326 0.999993920 0.000660080 -0.646576405 0.010145682 -0.000694163 0.999948084 34.751945496
0.999942124 -0.004117902 -0.009921623 -0.226835728 0.004120972 0.999991417 0.000289172 -0.676685810 0.009920349 -0.000330041 0.999950647 35.962932587
0.999921679 -0.004534937 -0.011643855 -0.247642130 0.004538631 0.999989629 0.000290989 -0.686898887 0.011642418 -0.000343813 0.999932051 37.159385681
0.999918103 -0.005571492 -0.011517707 -0.256670296 0.005580666 0.999984264 0.000764665 -0.714655757 0.011513267 -0.000828880 0.999933422 38.379131317
0.999918044 -0.005419644 -0.011590639 -0.277062178 0.005442790 0.999983251 0.001966424 -0.735614777 0.011579791 -0.002029350 0.999930978 39.571796417
0.999923229 -0.004567063 -0.011521436 -0.302630842 0.004598604 0.999985695 0.002712363 -0.745059669 0.011508892 -0.002765144 0.999930263 40.784225464
0.999927342 -0.004027133 -0.011354702 -0.319131225 0.004055118 0.999988914 0.002442762 -0.767556846 0.011344736 -0.002488631 0.999932528 41.995918274
0.999929965 -0.003487998 -0.011305853 -0.347016573 0.003513857 0.999991477 0.002268215 -0.789768219 0.011297843 -0.002307786 0.999933481 43.187129974
0.999944866 -0.001112827 -0.010442317 -0.363682181 0.001152381 0.999992371 0.003782952 -0.807623029 0.010438024 -0.003794780 0.999938309 44.394481659
0.999957263 -0.000920914 -0.009195945 -0.388485551 0.000989264 0.999972284 0.007431405 -0.818791389 0.009188837 -0.007440191 0.999930024 45.604755402
0.999971151 -0.000183101 -0.007585607 -0.413119763 0.000260198 0.999948263 0.010164011 -0.829847634 0.007583356 -0.010165690 0.999919534 46.798862457
0.999984562 0.000206684 -0.005532338 -0.412588775 -0.000131000 0.999906421 0.013677454 -0.840023696 0.005534649 -0.013676519 0.999891043 48.018901825
0.999988735 -0.000296343 -0.004667421 -0.428610235 0.000365258 0.999890804 0.014771546 -0.845448613 0.004662541 -0.014773090 0.999879777 49.212265015
0.999992311 -0.001897951 -0.003375932 -0.444297403 0.001942135 0.999911785 0.013133727 -0.851051509 0.003350709 -0.013140181 0.999907970 50.419715881
0.999996901 -0.001697423 -0.001730002 -0.442185014 0.001717321 0.999931633 0.011566993 -0.866473675 0.001710253 -0.011569926 0.999931514 51.632156372
0.999998331 -0.001404802 -0.001074565 -0.454458565 0.001416695 0.999936819 0.011150409 -0.860788763 0.001058837 -0.011151913 0.999937177 52.814704895
0.999997616 -0.001432307 -0.001411291 -0.445856214 0.001446917 0.999944627 0.010408971 -0.867493272 0.001396311 -0.010410988 0.999944687 54.020740509
0.999994516 -0.001892667 -0.002611665 -0.460134387 0.001917280 0.999953568 0.009456130 -0.885145724 0.002593649 -0.009461088 0.999951780 55.202827454
0.999990463 -0.001699995 -0.003980341 -0.454997182 0.001738312 0.999952137 0.009643086 -0.880970895 0.003963761 -0.009649916 0.999945402 56.410556793
0.999985158 -0.002096672 -0.005035088 -0.456966698 0.002152209 0.999936759 0.011049881 -0.899192929 0.005011602 -0.011060551 0.999926209 57.623947144
0.999979436 -0.001730780 -0.006187804 -0.484482825 0.001802011 0.999932170 0.011524258 -0.909395218 0.006167437 -0.011535168 0.999914408 58.832496643
0.999967575 -0.000800495 -0.007998397 -0.477092654 0.000886597 0.999942005 0.010767175 -0.904788733 0.007989310 -0.010773912 0.999910295 60.033725739
0.999954343 -0.000518460 -0.009546680 -0.477532834 0.000607612 0.999956429 0.009338012 -0.896503627 0.009541426 -0.009343383 0.999910891 61.230655670
0.999953032 -0.001150482 -0.009615239 -0.508198738 0.001233293 0.999962270 0.008610936 -0.907007337 0.009604973 -0.008622386 0.999916673 62.424034119
0.999956489 -0.001927374 -0.009116629 -0.517899811 0.002011341 0.999955714 0.009210034 -0.932449520 0.009098471 -0.009227965 0.999915957 63.643024445
0.999952257 -0.001985083 -0.009566243 -0.535492659 0.002082286 0.999946237 0.010161886 -0.940083861 0.009545556 -0.010181318 0.999902487 64.829544067
0.999950290 -0.002987082 -0.009493406 -0.557508469 0.003099801 0.999924541 0.011881300 -0.954445064 0.009457203 -0.011910141 0.999884248 66.035591125
0.999950588 -0.001743703 -0.009780141 -0.578661680 0.001846372 0.999943256 0.010498716 -0.975354254 0.009761281 -0.010516256 0.999897003 67.226882935
0.999953866 -0.000562314 -0.009596612 -0.596264362 0.000647938 0.999960005 0.008921764 -0.972350299 0.009591212 -0.008927568 0.999914229 68.428100586
0.999950051 0.001344176 -0.009891191 -0.618973374 -0.001253998 0.999957740 0.009117884 -0.982123017 0.009903030 -0.009105025 0.999909401 69.643455505
0.999946952 0.002882035 -0.009868685 -0.646497726 -0.002789251 0.999951899 0.009402947 -1.001384139 0.009895311 -0.009374921 0.999906957 70.817268372
0.999945402 0.004882627 -0.009217062 -0.663977146 -0.004792206 0.999940395 0.009807580 -1.003218174 0.009264401 -0.009762873 0.999909163 72.007881165
0.999950945 0.005124086 -0.008469447 -0.680628240 -0.005032608 0.999929130 0.010787665 -1.024647236 0.008524126 -0.010744511 0.999905884 73.184753418
0.999961615 0.005920621 -0.006450960 -0.697787881 -0.005847762 0.999919534 0.011255834 -1.026878834 0.006517085 -0.011217678 0.999915779 74.361198425
0.999976397 0.005907141 -0.003500232 -0.710954726 -0.005870747 0.999929428 0.010319512 -1.045771837 0.003560946 -0.010298720 0.999940515 75.548927307
0.999994934 0.003095365 -0.000840514 -0.718958974 -0.003091317 0.999983728 0.004782594 -1.062957883 0.000855308 -0.004779979 0.999988139 76.706634521
0.999991894 0.003529876 0.001910354 -0.728109360 -0.003536175 0.999988377 0.003301726 -1.060791731 -0.001898677 -0.003308455 0.999992669 77.882118225
0.999986649 0.002880135 0.004261792 -0.720379710 -0.002914049 0.999964237 0.007970997 -1.088631511 -0.004238681 -0.007983311 0.999959052 79.059906006
0.999969780 0.002434471 0.007364069 -0.713197529 -0.002506419 0.999949098 0.009775623 -1.118035078 -0.007339895 -0.009793787 0.999924958 80.248092651
0.999924958 0.003352566 0.011761943 -0.707519114 -0.003438331 0.999967813 0.007278724 -1.107079029 -0.011737159 -0.007318627 0.999904156 81.405166626
0.999876857 0.002983749 0.015400895 -0.694576621 -0.003057699 0.999984026 0.004780140 -1.139014959 -0.015386383 -0.004826644 0.999869823 82.572982788
0.999832273 0.001114506 0.018274283 -0.676528931 -0.001133936 0.999999046 0.001052558 -1.144226074 -0.018273089 -0.001073102 0.999832630 83.739959717
0.999771178 0.000140809 0.021389674 -0.664438009 -0.000141060 1.000000119 0.000010181 -1.169069290 -0.021389671 -0.000013197 0.999771178 84.894073486
0.999683201 0.000065237 0.025162810 -0.626502275 -0.000114780 0.999998152 0.001967363 -1.185589314 -0.025162624 -0.001969632 0.999681294 86.063919067
0.999570131 0.001077084 0.029291842 -0.597523212 -0.001150311 0.999996245 0.002483076 -1.212010860 -0.029289071 -0.002515704 0.999567747 87.227928162
0.999467075 0.000328299 0.032634992 -0.569328308 -0.000355689 0.999999583 0.000833388 -1.227446795 -0.032634716 -0.000844552 0.999466956 88.377540588
0.999340177 0.000917076 0.036297046 -0.548079729 -0.000841393 0.999997437 -0.002100497 -1.242455244 -0.036298901 0.002068570 0.999338686 89.544364929
0.999237597 0.001266735 0.039019018 -0.504881620 -0.001176739 0.999996483 -0.002329426 -1.267731190 -0.039021831 0.002281734 0.999235570 90.697853088
0.999119878 -0.001038105 0.041932166 -0.453934669 0.001097526 0.999998152 -0.001394114 -1.286423922 -0.041930661 0.001438909 0.999119222 91.853370667
0.998963833 -0.001783584 0.045474861 -0.419226646 0.001777037 0.999998331 0.000184431 -1.308858395 -0.045475110 -0.000103428 0.998965323 93.007354736
0.998860478 -0.002598652 0.047652718 -0.368261814 0.002513812 0.999994874 0.001840282 -1.324237943 -0.047657270 -0.001718393 0.998862326 94.186645508
0.998725414 -0.004147313 0.050299838 -0.317293167 0.004002483 0.999987543 0.002979741 -1.346260071 -0.050311588 -0.002774616 0.998729706 95.350845337
0.998611152 -0.004924453 0.052450679 -0.268856525 0.004891037 0.999987781 0.000765400 -1.362133980 -0.052453805 -0.000507794 0.998623133 96.491600037
0.998474121 -0.007105333 0.054759942 -0.203390598 0.007290674 0.999968350 -0.003185641 -1.384248734 -0.054735579 0.003580018 0.998494327 97.651390076
0.998365998 -0.005744107 0.056846846 -0.149234295 0.006082611 0.999965012 -0.005783540 -1.397800207 -0.056811623 0.006119872 0.998366177 98.817710876
0.998265207 -0.005655039 0.058603045 -0.073078156 0.006046988 0.999960482 -0.006513086 -1.426614761 -0.058563892 0.006856161 0.998260021 99.971054077
0.998212397 -0.005435153 0.059516903 -0.024100780 0.005799892 0.999965310 -0.005957365 -1.457036495 -0.059482470 0.006291909 0.998209357 101.146751404
0.998259425 -0.005470937 0.058717303 0.025760651 0.005749383 0.999972880 -0.004574285 -1.460822463 -0.058690693 0.004903912 0.998264194 102.351882935
0.998325706 -0.006412918 0.057485096 0.084003448 0.006601873 0.999973416 -0.003097750 -1.491660953 -0.057463694 0.003472074 0.998341501 103.541328430
0.998427033 -0.004928896 0.055852536 0.137626171 0.005127649 0.999980986 -0.003415904 -1.480942488 -0.055834614 0.003696923 0.998433352 104.743309021
0.998562098 -0.005116430 0.053361557 0.201593876 0.005280487 0.999981642 -0.002933964 -1.504472733 -0.053345572 0.003211519 0.998570740 105.929260254
0.998715162 -0.004363593 0.050484963 0.250794411 0.004518575 0.999985397 -0.002956243 -1.528303266 -0.050471317 0.003180564 0.998720229 107.139457703
0.998926580 -0.002671766 0.046241932 0.305831432 0.002788972 0.999992907 -0.002470433 -1.566780686 -0.046235006 0.002596746 0.998926699 108.358604431
0.999085844 -0.002910037 0.042649791 0.349489212 0.002999675 0.999993563 -0.002037968 -1.594293714 -0.042643592 0.002164040 0.999087870 109.566452026
0.999242842 -0.002364770 0.038833521 0.383262396 0.002411650 0.999996603 -0.001160539 -1.617079496 -0.038830645 0.001253314 0.999244928 110.788635254
0.999415934 -0.001549670 0.034132693 0.423664331 0.001553510 0.999999046 -0.000086152 -1.638863683 -0.034132529 0.000139129 0.999417126 112.001556396
0.999554574 -0.001619996 0.029796356 0.458797216 0.001606899 0.999998689 0.000463462 -1.656964779 -0.029797060 -0.000415376 0.999555707 113.233085632
0.999694705 -0.001143718 0.024678810 0.478500128 0.001130576 0.999999106 0.000546474 -1.678964972 -0.024679406 -0.000518407 0.999695122 114.446533203
0.999799192 -0.000411759 0.020029888 0.487098217 0.000404897 0.999999821 0.000346637 -1.691286922 -0.020030025 -0.000338458 0.999799132 115.652725220
0.999892056 -0.000234743 0.014676477 0.516313672 0.000233195 1.000000119 0.000106989 -1.714767694 -0.014676481 -0.000103558 0.999892116 116.880790710
0.999952435 0.000416012 0.009738430 0.510689914 -0.000410731 0.999999762 -0.000544697 -1.732134819 -0.009738650 0.000540672 0.999952316 118.100814819
0.999974906 0.002825993 0.006500972 0.521210551 -0.002824251 0.999995887 -0.000277305 -1.758270144 -0.006501724 0.000258936 0.999978781 119.337547302
0.999978065 0.005076344 0.004241602 0.505713522 -0.005075425 0.999987066 -0.000227985 -1.779509068 -0.004242703 0.000206452 0.999991059 120.550628662
0.999976695 0.005977039 0.003258525 0.513439536 -0.005974371 0.999981880 -0.000827294 -1.796919942 -0.003263412 0.000807807 0.999994397 121.810119629
0.999964356 0.008165403 0.002204543 0.514566064 -0.008163818 0.999966562 -0.000728222 -1.819342256 -0.002210413 0.000710200 0.999997258 123.075355530
0.999955416 0.009415114 0.001078177 0.505489528 -0.009415335 0.999955773 0.000195279 -1.837503672 -0.001076287 -0.000205418 0.999999285 124.302108765
0.999946773 0.010281679 0.000766366 0.513517261 -0.010282041 0.999947011 0.000460865 -1.872403383 -0.000761586 -0.000468720 0.999999523 125.550163269
0.999916315 0.012920706 -0.000512762 0.487651259 -0.012919496 0.999913931 0.002310312 -1.888425946 0.000542570 -0.002303494 0.999997139 126.798301697
0.999907076 0.013577836 -0.001150900 0.480839282 -0.013570872 0.999890864 0.005854489 -1.892013431 0.001230265 -0.005838329 0.999982119 128.029434204
0.999925137 0.012140178 -0.001519071 0.490149260 -0.012130611 0.999907434 0.006158391 -1.937155724 0.001593698 -0.006139502 0.999979794 129.304122925
0.999921262 0.012363447 -0.002130180 0.466509134 -0.012354617 0.999915183 0.004110152 -1.944658518 0.002180819 -0.004083510 0.999989152 130.546264648
0.999945998 0.010018508 -0.002719820 0.462874979 -0.010004890 0.999937356 0.004975723 -1.939341784 0.002769502 -0.004948243 0.999983788 131.799362183
0.999970496 0.006362751 -0.004286116 0.445034504 -0.006332204 0.999954820 0.007104939 -1.957079649 0.004331130 -0.007077587 0.999965608 133.047760010
0.999980688 0.004021055 -0.004718634 0.429779887 -0.003978798 0.999952316 0.008931980 -1.973769426 0.004754325 -0.008913033 0.999948978 134.310806274
0.999984622 0.003169379 -0.004509826 0.452088058 -0.003124283 0.999945462 0.009972501 -1.983151078 0.004541186 -0.009958253 0.999940038 135.587524414
0.999987185 -0.000958273 -0.004913689 0.422625363 0.000999385 0.999964476 0.008372096 -1.996439934 0.004905491 -0.008376900 0.999952734 136.844192505
0.999985635 -0.002845267 -0.004472950 0.428837419 0.002875495 0.999973059 0.006766745 -2.007394314 0.004453576 -0.006779512 0.999966919 138.127090454
0.999978900 -0.004735622 -0.004382077 0.430555999 0.004764907 0.999966621 0.006696368 -2.015134811 0.004350218 -0.006717114 0.999967813 139.415191650
0.999979734 -0.004840054 -0.004144110 0.415994823 0.004868674 0.999964297 0.006924278 -2.020986080 0.004110450 -0.006944313 0.999967396 140.693420410
0.999982834 -0.004497178 -0.003762747 0.423310935 0.004530686 0.999949813 0.008945445 -2.039967060 0.003722331 -0.008962338 0.999952972 141.983032227
0.999992073 -0.002221406 -0.003222532 0.403290838 0.002256069 0.999939084 0.010793967 -2.041606665 0.003198359 -0.010801153 0.999936461 143.259078979
0.999993384 -0.002412048 -0.002602267 0.387699783 0.002436478 0.999952435 0.009427925 -2.066777945 0.002579403 -0.009434208 0.999952018 144.533599854
0.999996483 -0.001718256 -0.001859698 0.388758093 0.001731783 0.999971867 0.007299770 -2.080527306 0.001847103 -0.007302976 0.999971330 145.797653198
0.999995828 -0.001668322 -0.002337112 0.363334984 0.001680892 0.999984086 0.005388235 -2.102018356 0.002328089 -0.005392142 0.999982595 147.079544067
0.999995410 -0.002618394 -0.001475185 0.367075741 0.002620037 0.999995947 0.001114868 -2.135914803 0.001472264 -0.001118730 0.999998152 148.339538574
0.999997199 -0.002452014 -0.000407944 0.357718885 0.002450830 0.999992728 -0.002877939 -2.140645981 0.000415003 0.002876929 0.999995828 149.583450317
0.999996185 -0.002720102 -0.000464215 0.350478351 0.002718417 0.999989986 -0.003591158 -2.170522213 0.000473982 0.003589883 0.999993384 150.851104736
0.999994874 -0.003160124 -0.000216110 0.354499489 0.003159402 0.999989808 -0.003258804 -2.202048302 0.000226408 0.003258105 0.999994695 152.122802734
0.999996662 -0.002514959 -0.000516718 0.341071188 0.002513389 0.999992430 -0.003014509 -2.221987724 0.000524296 0.003013202 0.999995470 153.372909546
0.999997079 -0.002250760 -0.000798918 0.341257274 0.002249561 0.999996424 -0.001498364 -2.246876001 0.000802290 0.001496563 0.999998391 154.650314331
0.999998629 -0.001226301 -0.001006679 0.320449114 0.001224889 0.999998271 -0.001400791 -2.276172161 0.001008400 0.001399559 0.999998331 155.880279541
0.999998093 -0.001034274 -0.001573811 0.313776940 0.001032199 0.999998569 -0.001317261 -2.313127995 0.001575172 0.001315634 0.999997854 157.133941650
0.999997199 -0.000841628 -0.002133394 0.298192590 0.000839675 0.999999225 -0.000915053 -2.341449976 0.002134164 0.000913259 0.999997318 158.415802002
0.999995947 -0.001148904 -0.002650899 0.286874890 0.001147891 0.999999404 -0.000381188 -2.351930618 0.002651331 0.000378140 0.999996543 159.652755737
0.999995470 -0.000823503 -0.002775619 0.282782823 0.000823353 0.999999702 -0.000053629 -2.373526335 0.002775661 0.000051343 0.999996126 160.917282104
0.999991536 -0.000148034 -0.004002328 0.270107508 0.000142860 0.999999285 -0.001291903 -2.398645878 0.004002516 0.001291316 0.999991119 162.174240112
0.999988556 0.000588431 -0.004736189 0.250291646 -0.000599280 0.999997199 -0.002288973 -2.430643797 0.004734833 0.002291785 0.999986112 163.443115234
0.999985695 0.000796398 -0.005271788 0.241561890 -0.000807105 0.999997437 -0.002028530 -2.459283113 0.005270164 0.002032755 0.999983966 164.706604004
0.999980628 0.000961670 -0.006134498 0.234854817 -0.000979436 0.999995291 -0.002893160 -2.494230270 0.006131690 0.002899111 0.999976933 165.978134155
0.999976814 0.001062669 -0.006708476 0.217679024 -0.001089187 0.999991655 -0.003949901 -2.522855759 0.006704225 0.003957116 0.999969661 167.243698120
0.999973893 0.001134924 -0.007122628 0.184074163 -0.001161112 0.999992728 -0.003672997 -2.544435501 0.007118410 0.003681172 0.999967933 168.514785767
0.999967098 0.001126307 -0.008006182 0.157473922 -0.001146940 0.999996126 -0.002572727 -2.573920727 0.008003253 0.002581827 0.999964535 169.780471802
0.999964416 0.001299724 -0.008316401 0.145586967 -0.001316175 0.999997258 -0.001972727 -2.606693268 0.008313816 0.001983605 0.999963343 171.045349121
0.999951184 0.000895147 -0.009826095 0.133444309 -0.000907447 0.999998868 -0.001246858 -2.638291121 0.009824966 0.001255715 0.999950707 172.298461914
0.999947965 0.001371388 -0.010099960 0.110771418 -0.001378470 0.999998868 -0.000693905 -2.670352697 0.010098998 0.000707792 0.999948680 173.558898926
0.999936640 0.001797563 -0.011092484 0.091130495 -0.001812611 0.999997437 -0.001346314 -2.697385788 0.011090036 0.001366337 0.999937534 174.832794189
0.999928892 0.002826321 -0.011566564 0.064174414 -0.002848462 0.999994040 -0.001897814 -2.724680901 0.011561134 0.001930627 0.999931276 176.098831177
0.999928117 0.003920081 -0.011314089 0.033661842 -0.003942247 0.999989986 -0.001937304 -2.737679005 0.011306387 0.001981768 0.999934137 177.323059082
0.999924362 0.003587081 -0.011757471 0.021600723 -0.003620481 0.999989271 -0.002820404 -2.766825438 0.011747230 0.002862759 0.999926805 178.591430664
0.999927521 0.002681508 -0.011738938 -0.009912968 -0.002732074 0.999986947 -0.004293382 -2.798615932 0.011727273 0.004325143 0.999921739 179.851806641
0.999930143 -0.001387098 -0.011727096 -0.022597313 0.001337294 0.999989986 -0.004253434 -2.826570988 0.011732879 0.004237458 0.999921858 181.070693970
0.999924362 -0.000628970 -0.012270856 -0.058350086 0.000617541 0.999999285 -0.000935086 -2.839604378 0.012271436 0.000927437 0.999924183 182.336318970
0.999923646 -0.001708316 -0.012223213 -0.075445175 0.001753675 0.999991477 0.003701196 -2.869049072 0.012216789 -0.003722351 0.999918282 183.609985352
0.999923468 -0.001136642 -0.012295981 -0.084935665 0.001175313 0.999994218 0.003138519 -2.898708820 0.012292346 -0.003152732 0.999919236 184.805175781
0.999930978 0.000533796 -0.011725205 -0.104326248 -0.000535362 0.999999881 -0.000130204 -2.922056675 0.011725134 0.000136472 0.999931157 186.071243286
0.999923646 0.000784343 -0.012310117 -0.137612581 -0.000808920 0.999997675 -0.001991290 -2.942852736 0.012308522 0.002001096 0.999922276 187.278213501
0.999924183 0.000495057 -0.012293287 -0.169166803 -0.000521926 0.999997497 -0.002182308 -2.974302769 0.012292179 0.002188560 0.999921918 188.530487061
0.999926209 0.000549209 -0.012128980 -0.187378645 -0.000563921 0.999999106 -0.001209263 -3.003866911 0.012128307 0.001216016 0.999925673 189.802734375
0.999919415 0.000426317 -0.012686667 -0.189691305 -0.000397171 0.999997377 0.002300367 -3.035738468 0.012687612 -0.002295136 0.999916911 191.001037598
0.999929488 -0.000156084 -0.011858722 -0.214681625 0.000194031 0.999994814 0.003199182 -3.068208218 0.011858164 -0.003201257 0.999924481 192.271072388
0.999943793 0.000010881 -0.010582447 -0.235893726 0.000019031 0.999996006 0.002826757 -3.085077286 0.010582436 -0.002826799 0.999939978 193.489349365
0.999952376 -0.001698739 -0.009591421 -0.231974125 0.001712675 0.999997616 0.001444969 -3.108286858 0.009588939 -0.001461327 0.999952912 194.724899292
0.999957025 -0.002650966 -0.008875025 -0.241601825 0.002661033 0.999996185 0.001122930 -3.146097183 0.008872015 -0.001146501 0.999959707 195.963928223
0.999962807 -0.004379280 -0.007404354 -0.257487297 0.004383423 0.999990225 0.000543441 -3.171820641 0.007401905 -0.000575877 0.999972403 197.172317505
0.999981582 -0.002266021 -0.005575060 -0.277054608 0.002266274 0.999997497 0.000038637 -3.179129124 0.005574961 -0.000051270 0.999984324 198.419662476
0.999985337 -0.002985524 -0.004477260 -0.284193337 0.002993778 0.999993801 0.001837765 -3.202847481 0.004471748 -0.001851141 0.999988198 199.630752563
0.999992251 -0.002084263 -0.003316276 -0.297803581 0.002092703 0.999994576 0.002543649 -3.232495785 0.003310958 -0.002550569 0.999991179 200.839492798
0.999993682 -0.002764583 -0.002143904 -0.310311258 0.002769032 0.999994278 0.002076627 -3.240784883 0.002138150 -0.002082548 0.999995351 202.026672363
0.999996483 -0.002341567 -0.001208970 -0.324314475 0.002344465 0.999994457 0.002401873 -3.266974688 0.001203341 -0.002404698 0.999996245 203.210464478
0.999996901 -0.002443545 -0.000191688 -0.330054551 0.002444050 0.999993384 0.002681437 -3.296217918 0.000185140 -0.002681896 0.999996185 204.425704956
0.999997556 -0.002125857 0.000569008 -0.340439171 0.002124395 0.999994397 0.002557566 -3.317931414 -0.000574436 -0.002556349 0.999996364 205.573547363
0.999995768 -0.002111085 0.002029561 -0.358066678 0.002106689 0.999995172 0.002164504 -3.320177555 -0.002034111 -0.002160216 0.999995291 206.788604736
0.999989748 -0.003494139 0.002844760 -0.358011901 0.003487677 0.999991357 0.002271601 -3.356389284 -0.002852670 -0.002261655 0.999993205 207.942794800
0.999989927 -0.003651853 0.002584037 -0.360915422 0.003644934 0.999989986 0.002675553 -3.379928350 -0.002593779 -0.002666106 0.999992967 209.101852417
0.999989450 -0.003588253 0.002791951 -0.369267344 0.003576557 0.999984980 0.004182633 -3.385199785 -0.002806914 -0.004172602 0.999987245 210.214004517
0.999993324 -0.003003625 0.002004468 -0.371938258 0.002995661 0.999987781 0.003963540 -3.404083490 -0.002016346 -0.003957509 0.999990106 211.327407837
0.999994695 -0.002790791 0.001562938 -0.378212482 0.002785767 0.999991179 0.003204977 -3.432721138 -0.001571866 -0.003200607 0.999993622 212.433990479
0.999994457 -0.002803204 0.001510272 -0.382310838 0.002799638 0.999993563 0.002353051 -3.450890779 -0.001516863 -0.002348809 0.999996126 213.526611328
0.999995351 -0.002939880 0.000859418 -0.389068604 0.002937822 0.999992847 0.002382855 -3.475404263 -0.000866418 -0.002380318 0.999996662 214.591278076
0.999994516 -0.003312371 -0.000579854 -0.390237331 0.003313795 0.999991238 0.002476915 -3.499932766 0.000571645 -0.002478818 0.999996781 215.662673950
0.999992430 -0.003213998 -0.002112110 -0.394599319 0.003219779 0.999991059 0.002741106 -3.520503283 0.002103282 -0.002747886 0.999993920 216.704544067
0.999979734 -0.004655681 -0.004291303 -0.410876393 0.004673691 0.999980211 0.004197362 -3.545094728 0.004271677 -0.004217334 0.999981880 217.747772217
0.999966741 -0.004632551 -0.006646501 -0.416321516 0.004674240 0.999969304 0.006271537 -3.547963619 0.006617249 -0.006302398 0.999958158 218.768600464
0.999947429 -0.004580031 -0.009170124 -0.430626631 0.004640262 0.999967754 0.006557954 -3.566702366 0.009139799 -0.006600161 0.999936283 219.770965576
0.999922991 -0.003980729 -0.011752316 -0.449188232 0.004050326 0.999974310 0.005904275 -3.585792542 0.011728518 -0.005951421 0.999913394 220.760452271
0.999884307 -0.004035504 -0.014672475 -0.476819277 0.004123124 0.999973834 0.005946523 -3.602596998 0.014648098 -0.006006330 0.999874592 221.725234985
0.999837160 -0.003973844 -0.017618233 -0.492351532 0.004087284 0.999971032 0.006407205 -3.618866920 0.017592262 -0.006478171 0.999824107 222.682525635
0.999781013 -0.003415683 -0.020642826 -0.517812252 0.003543895 0.999974668 0.006177618 -3.641966105 0.020621205 -0.006249422 0.999767780 223.617950439
0.999711633 -0.003351003 -0.023767725 -0.542886257 0.003486641 0.999977767 0.005667740 -3.660113096 0.023748212 -0.005748976 0.999701500 224.509292603
0.999632061 -0.003637443 -0.026867341 -0.571901798 0.003777737 0.999979496 0.005172874 -3.679008007 0.026847979 -0.005272471 0.999625623 225.398712158
0.999539614 -0.003009841 -0.030178552 -0.600990772 0.003146739 0.999984682 0.004489748 -3.683296919 0.030164583 -0.004582649 0.999534607 226.244613647
0.999457955 -0.002527226 -0.032823414 -0.638111115 0.002642225 0.999990463 0.003460621 -3.710772276 0.032814350 -0.003545471 0.999455035 227.066116333
0.999374211 -0.000410429 -0.035366040 -0.673838139 0.000536106 0.999993622 0.003544150 -3.734329224 0.035364348 -0.003560892 0.999368012 227.888031006
0.999336720 0.000118515 -0.036411930 -0.719622135 0.000015970 0.999993265 0.003693079 -3.744160414 0.036412109 -0.003691213 0.999329984 228.687667847
0.999352276 -0.000024090 -0.035986748 -0.752458096 0.000190327 0.999989331 0.004615980 -3.763679743 0.035986234 -0.004619841 0.999341547 229.477325439
0.999388337 -0.000462907 -0.034962531 -0.785348415 0.000680507 0.999980867 0.006212270 -3.764479399 0.034958940 -0.006232265 0.999369383 230.218902588
0.999399960 -0.000360938 -0.034631021 -0.812853813 0.000564251 0.999982595 0.005861274 -3.784686804 0.034628302 -0.005877296 0.999382913 230.955001831
0.999416828 0.000002960 -0.034146313 -0.847466469 0.000136035 0.999991715 0.004068311 -3.793347836 0.034146037 -0.004070581 0.999408543 231.695724487
0.999448657 0.000379058 -0.033197373 -0.866519451 -0.000321674 0.999998391 0.001733968 -3.811785698 0.033197969 -0.001722330 0.999447286 232.406402588
0.999480724 -0.000673470 -0.032215826 -0.904019356 0.000696456 0.999999404 0.000702345 -3.824390411 0.032215334 -0.000724409 0.999480605 233.148437500
0.999522388 -0.000228640 -0.030901976 -0.930250645 0.000237137 0.999999881 0.000271374 -3.834486008 0.030901913 -0.000278572 0.999522328 233.857177734
0.999570966 -0.000806749 -0.029278420 -0.955439091 0.000806629 0.999999583 -0.000015849 -3.852607250 0.029278416 -0.000007774 0.999571204 234.581634521
0.999626577 -0.000254674 -0.027332433 -0.979299068 0.000255505 0.999999642 0.000027055 -3.863111734 0.027332433 -0.000034026 0.999626458 235.296447754
0.999670684 0.000000644 -0.025653727 -0.998441219 -0.000003127 0.999999881 -0.000096669 -3.878723145 0.025653724 0.000096718 0.999670804 236.001296997
0.999723196 -0.000198975 -0.023518031 -1.023609161 0.000189743 0.999999762 -0.000394728 -3.896282673 0.023518099 0.000390155 0.999723256 236.719146729
0.999782145 -0.000374034 -0.020856582 -1.043336868 0.000369266 0.999999762 -0.000232469 -3.904552937 0.020856664 0.000224715 0.999782443 237.413589478
0.999841750 -0.001179782 -0.017726060 -1.054198265 0.001184952 0.999999046 0.000281142 -3.924930811 0.017725710 -0.000302104 0.999842703 238.117004395
0.999892414 -0.002516937 -0.014414745 -1.062793255 0.002535602 0.999995768 0.001276733 -3.936676979 0.014411467 -0.001313147 0.999894977 238.865509033
0.999933124 -0.001906562 -0.011399396 -1.067785501 0.001924198 0.999997020 0.001536398 -3.952925682 0.011396432 -0.001558229 0.999933720 239.544067383
0.999963701 -0.002267163 -0.008215811 -1.084003448 0.002278029 0.999996722 0.001313580 -3.969633579 0.008212805 -0.001332247 0.999965191 240.244735718
0.999977052 -0.003585377 -0.005763673 -1.083378553 0.003590779 0.999993324 0.000927525 -3.976312876 0.005760309 -0.000948195 0.999982774 240.955612183
0.999992490 -0.002535779 -0.002878137 -1.088696599 0.002536137 0.999996781 0.000121489 -3.991261244 0.002877823 -0.000128787 0.999995887 241.644271851
0.999994040 -0.003178943 -0.001120319 -1.075459957 0.003179644 0.999994516 0.000626467 -4.009755135 0.001118321 -0.000630026 0.999999344 242.355895996
0.999992669 -0.003531514 0.001481363 -1.078640938 0.003529808 0.999993145 0.001153089 -4.021729946 -0.001485422 -0.001147852 0.999998212 243.049606323
0.999984980 -0.003522300 0.004199451 -1.089127541 0.003515560 0.999992609 0.001611462 -4.029590607 -0.004205092 -0.001596675 0.999989867 243.758758545
0.999974966 -0.003525170 0.006135690 -1.082274675 0.003515218 0.999992490 0.001632235 -4.052217484 -0.006141396 -0.001610627 0.999979854 244.459732056
0.999941707 -0.002135793 0.010595647 -1.090568542 0.002145714 0.999997318 -0.000924991 -4.046877384 -0.010593647 0.000947668 0.999943495 245.169799805
0.999924123 -0.001597668 0.012198502 -1.089488268 0.001642507 0.999991834 -0.003666715 -4.068228245 -0.012192543 0.003686474 0.999918699 245.878875732
0.999908149 -0.002465419 0.013311332 -1.082810640 0.002530708 0.999984741 -0.004890224 -4.076753616 -0.013299074 0.004923462 0.999899268 246.595504761
0.999901235 -0.003581448 0.013584628 -1.068715811 0.003654910 0.999978423 -0.005386504 -4.083917618 -0.013565040 0.005435620 0.999892771 247.310760498
0.999907494 -0.003674040 0.013084929 -1.058994055 0.003747384 0.999977410 -0.005584989 -4.106887341 -0.013064112 0.005633507 0.999898732 248.036758423
0.999903858 -0.002222589 0.013665336 -1.058396339 0.002309489 0.999977112 -0.006346488 -4.115522385 -0.013650919 0.006377443 0.999886334 248.766967773
0.999898672 -0.001515985 0.014143776 -1.053849220 0.001611170 0.999976158 -0.006720868 -4.128881454 -0.014133249 0.006742977 0.999877274 249.498901367
0.999893665 -0.002666907 0.014325551 -1.046055317 0.002791130 0.999958754 -0.008658665 -4.148618221 -0.014301860 0.008697730 0.999859810 250.251907349
0.999869645 -0.006551711 0.014748616 -1.034081221 0.006710824 0.999919534 -0.010765037 -4.167103767 -0.014676913 0.010862609 0.999833167 251.000534058
0.999834836 -0.009978528 0.015183252 -1.019166708 0.010152863 0.999883056 -0.011448733 -4.183379173 -0.015067225 0.011600995 0.999818921 251.757781982
0.999828160 -0.009599232 0.015852088 -1.015643120 0.009723729 0.999922335 -0.007795576 -4.194654465 -0.015776018 0.007948375 0.999843895 252.545837402
0.999861002 -0.003584159 0.016284984 -1.006620884 0.003612127 0.999992132 -0.001688307 -4.210137367 -0.016278801 0.001746890 0.999866009 253.315551758
0.999846041 -0.004250583 0.017025175 -0.997514248 0.004200656 0.999986649 0.002967247 -4.245013237 -0.017037559 -0.002895274 0.999850631 254.106872559
0.999802649 -0.006220855 0.018868078 -0.960835457 0.006201716 0.999980211 0.001072788 -4.245772839 -0.018874370 -0.000955564 0.999821365 254.911544800
0.999730051 -0.004330424 0.022822838 -0.966763973 0.004467600 0.999972224 -0.005962833 -4.271903992 -0.022796370 0.006063186 0.999721706 255.694274902
0.999617636 -0.002568977 0.027525755 -0.956966877 0.002844562 0.999946177 -0.009977269 -4.265554428 -0.027498621 0.010051749 0.999571323 256.498321533
0.999536812 -0.000452367 0.030427933 -0.926670074 0.000749598 0.999952137 -0.009757723 -4.301127434 -0.030422058 0.009776012 0.999489129 257.303375244
0.999435425 -0.001692799 0.033554543 -0.910156250 0.001931749 0.999973059 -0.007090145 -4.320115089 -0.033541627 0.007150964 0.999411523 258.129852295
0.999322891 -0.005645871 0.036356911 -0.878298759 0.005786800 0.999976158 -0.003772245 -4.333670616 -0.036334731 0.003980082 0.999331534 258.991516113
0.999197662 -0.008006832 0.039242994 -0.834968567 0.008113232 0.999963820 -0.002552844 -4.338668346 -0.039221097 0.002869186 0.999226093 259.852355957
0.999047220 -0.008554129 0.042794805 -0.802211761 0.008642448 0.999960959 -0.001879212 -4.352854729 -0.042777054 0.002247276 0.999081910 260.692504883
0.998963833 -0.005702644 0.045151994 -0.774855614 0.005886839 0.999974906 -0.003947557 -4.373232841 -0.045128338 0.004209270 0.998972118 261.527130127
0.998859644 -0.004933962 0.047487594 -0.733991623 0.005237464 0.999966621 -0.006268882 -4.392074585 -0.047455076 0.006510451 0.998852015 262.355529785
0.998745739 -0.004681656 0.049848843 -0.697652817 0.005003988 0.999967217 -0.006343249 -4.414079666 -0.049817517 0.006584739 0.998736441 263.220642090
0.998607099 -0.004034808 0.052608516 -0.657286644 0.004261512 0.999982178 -0.004197828 -4.434753418 -0.052590627 0.004416172 0.998606324 264.041168213
0.998426735 -0.003463756 0.055963852 -0.617805481 0.003586842 0.999991417 -0.002099091 -4.448501110 -0.055956095 0.002296522 0.998430490 264.913909912
0.998276174 -0.002124303 0.058653288 -0.568585396 0.002256003 0.999995232 -0.002179304 -4.475842476 -0.058648370 0.002307869 0.998275876 265.731872559
0.998118162 -0.002362498 0.061278366 -0.522033691 0.002549440 0.999992669 -0.002972726 -4.495841026 -0.061270911 0.003123356 0.998115838 266.617004395
0.997949541 -0.003772248 0.063892126 -0.468061447 0.003978995 0.999987304 -0.003109000 -4.515239239 -0.063879579 0.003356852 0.997951984 267.484588623
0.997821271 -0.006355937 0.065664150 -0.415542603 0.006545412 0.999974966 -0.002670834 -4.532746315 -0.065645523 0.003094815 0.997838140 268.313079834
0.997738898 -0.008426213 0.066674031 -0.364057541 0.008593223 0.999960482 -0.002218531 -4.553544521 -0.066652693 0.002786458 0.997772276 269.177490234
0.997713923 -0.008483112 0.067039721 -0.301448822 0.008674245 0.999959052 -0.002560545 -4.572313309 -0.067015231 0.003136209 0.997747004 270.010375977
0.997679234 -0.009004589 0.067483909 -0.250841141 0.009204096 0.999954224 -0.002646156 -4.582609177 -0.067456938 0.003261136 0.997716665 270.867523193
0.997701645 -0.009404304 0.067104593 -0.195478439 0.009609218 0.999949992 -0.002731569 -4.599832058 -0.067075573 0.003370113 0.997742116 271.749328613
0.997737229 -0.008906120 0.066643603 -0.144939423 0.009058177 0.999957025 -0.001979842 -4.621261597 -0.066623144 0.002579032 0.997774661 272.590362549
0.997811198 -0.009015953 0.065510057 -0.092609406 0.009210648 0.999953985 -0.002670639 -4.644029140 -0.065482989 0.003268183 0.997848213 273.460052490
0.997911930 -0.008382196 0.064043775 -0.045536041 0.008624590 0.999956608 -0.003509464 -4.647773743 -0.064011641 0.004054482 0.997940660 274.280914307
0.998018146 -0.007352464 0.062494632 -0.002023697 0.007639106 0.999961317 -0.004349000 -4.668737411 -0.062460233 0.004817782 0.998035550 275.142974854
0.998153031 -0.008073915 0.060205501 0.055824280 0.008246479 0.999962568 -0.002618386 -4.714613914 -0.060182050 0.003110032 0.998182297 276.001037598
0.998240709 -0.007213650 0.058848925 0.093444824 0.007381630 0.999969244 -0.002637562 -4.728774071 -0.058828071 0.003067322 0.998263299 276.838958740
0.998350799 -0.004408925 0.057234939 0.125267982 0.004662735 0.999979913 -0.004301773 -4.720374107 -0.057214782 0.004561552 0.998351395 277.696319580
0.998507798 -0.003916003 0.054467116 0.162359238 0.004079797 0.999987543 -0.002896387 -4.754033089 -0.054455090 0.003114280 0.998511195 278.539031982
0.998711765 -0.005226001 0.050471507 0.206661224 0.005238289 0.999986291 -0.000111203 -4.769565105 -0.050470240 0.000375444 0.998725355 279.373046875
0.998939931 -0.006811654 0.045522984 0.237333298 0.006741922 0.999975860 0.001685163 -4.794125557 -0.045533381 -0.001376465 0.998961687 280.236053467
0.999130368 -0.007946660 0.040924385 0.255618095 0.007855232 0.999966204 0.002394548 -4.787416458 -0.040942084 -0.002070998 0.999158978 281.063110352
0.999318182 -0.008869848 0.035835221 0.284695625 0.008774150 0.999957621 0.002826819 -4.805840969 -0.035858773 -0.002510468 0.999353588 281.899108887
0.999465823 -0.009157686 0.031370498 0.305645943 0.009056750 0.999953449 0.003358129 -4.816874027 -0.031399786 -0.003072220 0.999502182 282.709533691
0.999590874 -0.009750923 0.026880950 0.317077160 0.009649604 0.999946058 0.003896421 -4.831932545 -0.026917491 -0.003635435 0.999631166 283.491851807
0.999692917 -0.010264617 0.022550400 0.326659203 0.010184863 0.999941409 0.003648709 -4.845140457 -0.022586530 -0.003417917 0.999738872 284.287841797
0.999770284 -0.009698628 0.019124364 0.335691452 0.009639009 0.999948263 0.003207100 -4.857941151 -0.019154485 -0.003022025 0.999811769 285.042510986
0.999839544 -0.009183841 0.015373522 0.338125706 0.009133333 0.999952555 0.003352251 -4.877626419 -0.015403576 -0.003211301 0.999876082 285.799804688
