1.000000000 0.000000000 0.000000000 0.000000000 0.000000000 1.000000000 0.000000000 0.000000000 0.000000000 0.000000000 1.000000000 0.000000000
0.999979019 0.000428778 -0.006460421 -0.005270754 -0.000427480 0.999999881 0.000202245 0.001903406 0.006460506 -0.000199479 0.999979138 0.095435672
0.999912083 0.000456658 -0.013253300 -0.013146668 -0.000452756 0.999999881 0.000297408 -0.001943066 0.013253435 -0.000291382 0.999912143 0.193549499
0.999780893 0.000429210 -0.020927876 -0.020524118 -0.000432906 0.999999881 -0.000172100 -0.001919616 0.020927800 0.000181122 0.999780953 0.290118665
0.999548197 0.000744415 -0.030047890 -0.038165551 -0.000760023 0.999999583 -0.000508039 -0.004803110 0.030047499 0.000530646 0.999548316 0.399345189
0.999143481 0.000626063 -0.041374937 -0.055191297 -0.000731118 0.999996543 -0.002524015 -0.007809270 0.041373212 0.002552103 0.999140501 0.506153107
0.998489916 0.000674094 -0.054931257 -0.075881884 -0.000898936 0.999991298 -0.004068546 -0.001966978 0.054928038 0.004111782 0.998481870 0.640417278
0.997462869 0.000650530 -0.071185425 -0.104861543 -0.000937443 0.999991596 -0.003997170 -0.003062950 0.071182221 0.004053761 0.997455120 0.773244023
0.995977640 0.000128335 -0.089602046 -0.128692031 -0.000504330 0.999991179 -0.004173653 -0.005853471 0.089600720 0.004202054 0.995968878 0.927120686
0.993964612 -0.000224245 -0.109700784 -0.163575083 -0.000222928 0.999991715 -0.004064024 -0.014360189 0.109700784 0.004063951 0.993956327 1.088491321
0.991257489 -0.000063690 -0.131941468 -0.215080217 -0.000483245 0.999991417 -0.004113265 -0.019580111 0.131940588 0.004141065 0.991248965 1.247631669
0.987772822 0.003790675 -0.155853987 -0.270017982 -0.004682889 0.999974668 -0.005357908 -0.029845644 0.155829728 0.006022242 0.987765551 1.426897049
0.983410478 0.007717817 -0.181229755 -0.337300688 -0.009163396 0.999932528 -0.007140579 -0.031655114 0.181162417 0.008682800 0.983414888 1.612037182
0.977973282 0.010249889 -0.208478287 -0.403248489 -0.012183581 0.999893844 -0.007993234 -0.035187036 0.208374217 0.010357182 0.977994323 1.783048391
0.971328020 0.011002050 -0.237488657 -0.484020948 -0.013458331 0.999871373 -0.008723875 -0.033978581 0.237362087 0.011669944 0.971351147 1.936438322
0.963205099 0.012830700 -0.268460870 -0.546055675 -0.015663482 0.999841928 -0.008412679 -0.041498050 0.268310517 0.012308165 0.963253856 2.106364727
0.953918040 0.015617687 -0.299660742 -0.668741286 -0.018598253 0.999801874 -0.007096751 -0.038479187 0.299490511 0.012342884 0.954019427 2.319090605
0.942542613 0.016688179 -0.333668888 -0.768149853 -0.019923158 0.999781728 -0.006275347 -0.038287636 0.333491355 0.012562520 0.942669451 2.506624222
0.929799616 0.018914163 -0.367579669 -0.853584707 -0.022699425 0.999724388 -0.005976869 -0.038719691 0.367365390 0.013901138 0.929972768 2.673916817
0.916214824 0.021782892 -0.400094748 -1.016079187 -0.025997872 0.999648869 -0.005109782 -0.037821565 0.399843007 0.015083267 0.916459441 2.886531115
0.900317729 0.022379918 -0.434657097 -1.149652719 -0.027054742 0.999623477 -0.004569993 -0.035302326 0.434391141 0.015873978 0.900584459 3.080795050
0.881837726 0.018677220 -0.471182734 -1.258897305 -0.024010453 0.999697506 -0.005309517 -0.033722859 0.470941156 0.015995439 0.882019639 3.250474930
0.860808194 0.013695031 -0.508744955 -1.441780806 -0.019393558 0.999794424 -0.005900634 -0.048839636 0.508559763 0.014945686 0.860897064 3.460477352
0.835458755 0.015280324 -0.549339890 -1.537035704 -0.019378928 0.999810755 -0.001661750 -0.053699575 0.549211144 0.012033938 0.835597038 3.585342646
0.806993484 0.020933094 -0.590189159 -1.756193638 -0.024336837 0.999701500 0.002180951 -0.045006290 0.590058684 0.012603323 0.807262063 3.791809559
0.774773657 0.023440063 -0.631803989 -1.969810963 -0.026985666 0.999627709 0.003994215 -0.053964566 0.631662607 0.013955034 0.775117934 3.954555511
0.739066541 0.023430722 -0.673224986 -2.138716698 -0.027256025 0.999616563 0.004868695 -0.042191893 0.673081040 0.014751145 0.739421606 4.080438614
0.699904025 0.019933518 -0.713958859 -2.411776543 -0.022351295 0.999732077 0.006000941 -0.057968937 0.713887334 0.011757813 0.700161874 4.276796818
0.655826747 0.015566666 -0.754751205 -2.601120472 -0.016225401 0.999846935 0.006522999 -0.057561301 0.754737675 0.007968171 0.655978680 4.425183296
0.611320078 0.015558395 -0.791230500 -2.821632385 -0.014217094 0.999861300 0.008676412 -0.057087127 0.791255653 0.005944930 0.611456454 4.553127289
0.563772321 0.015696203 -0.825781226 -3.148660660 -0.011722137 0.999870837 0.011002386 -0.051020280 0.825847089 0.003477075 0.563883364 4.717730522
0.512843728 0.016873388 -0.858316183 -3.447710991 -0.010599338 0.999855101 0.013322760 -0.058321834 0.858416498 0.002265087 0.512948155 4.831592560
0.459689945 0.017370265 -0.887909472 -3.730675697 -0.009076630 0.999848485 0.014860976 -0.039229102 0.888032794 0.001227776 0.459777951 4.924835205
0.405448556 0.019209389 -0.913915992 -4.132259369 -0.008255458 0.999815285 0.017352445 -0.038267136 0.914080620 0.000509272 0.405532241 5.055033684
0.350263476 0.021938916 -0.936394155 -4.412774086 -0.008073459 0.999759197 0.020403583 -0.034347579 0.936616480 0.000413314 0.350356162 5.094782829
0.295281887 0.024584115 -0.955093741 -4.833950520 -0.006083348 0.999696970 0.023851441 -0.027789548 0.955390930 -0.001232728 0.295341879 5.193481445
0.241835639 0.026067611 -0.969966829 -5.198822021 -0.001958987 0.999650121 0.026376914 -0.030504808 0.970315337 -0.004478723 0.241801932 5.240957260
0.189779192 0.026854606 -0.981459260 -5.521475315 0.001324502 0.999618113 0.027607558 -0.020675465 0.981826007 -0.006539278 0.189670652 5.271081448
0.142247915 0.027541233 -0.989447713 -5.973501205 -0.000441971 0.999614358 0.027760681 -0.013829246 0.989831030 -0.003511590 0.142205238 5.280957699
0.099530168 0.027433479 -0.994656205 -6.379762650 -0.003123363 0.999623418 0.027257942 0.005006075 0.995029569 0.000393688 0.099578388 5.296667099
0.061475247 0.026492750 -0.997756839 -6.858067036 -0.004300581 0.999645174 0.026277931 0.014464438 0.998099387 0.002675496 0.061567381 5.278654099
0.026636690 0.024613179 -0.999342024 -7.324283600 -0.003312152 0.999693394 0.024533562 0.017181039 0.999639690 0.002656484 0.026710048 5.252780914
-0.004460499 0.021539547 -0.999758005 -7.760309219 -0.003548271 0.999761224 0.021555467 0.012385949 0.999983668 0.003643562 -0.004383013 5.246185780
-0.031710789 0.019765984 -0.999301553 -8.275775909 -0.004065703 0.999793530 0.019904748 0.020461753 0.999488652 0.004694059 -0.031623900 5.197899818
-0.051695261 0.016737036 -0.998522341 -8.741584778 -0.003322116 0.999850690 0.016931320 0.042234570 0.998657048 0.004192478 -0.051631954 5.175878048
-0.068026215 0.015696852 -0.997559965 -9.271753311 -0.004196712 0.999862850 0.016019268 0.057514906 0.997674704 0.005276203 -0.067950994 5.117870808
-0.081072867 0.015864242 -0.996581972 -9.817687035 -0.003408658 0.999863029 0.016193768 0.057321496 0.996702373 0.004709883 -0.081007689 5.054103851
-0.090817370 0.016773704 -0.995726347 -10.386869431 -0.003947971 0.999844074 0.017203154 0.055183165 0.995859683 0.005493445 -0.090737000 4.995343208
-0.097299859 0.018982803 -0.995074272 -10.935579300 -0.004620502 0.999798656 0.019524727 0.062475026 0.995244205 0.006497495 -0.097192541 4.942385674
-0.101411045 0.019776111 -0.994647861 -11.512628555 -0.004747615 0.999781489 0.020362221 0.068856359 0.994833171 0.006787160 -0.101294979 4.871062279
-0.103001654 0.021021403 -0.994458973 -12.125549316 -0.002941524 0.999765933 0.021438245 0.073401347 0.994676769 0.005133399 -0.102915674 4.807549477
-0.102159426 0.022697534 -0.994508982 -12.750644684 -0.001796076 0.999733865 0.023001270 0.080645934 0.994766235 0.004136008 -0.102091447 4.746782303
-0.100740030 0.024767976 -0.994604290 -13.383975983 -0.001171554 0.999686539 0.025013186 0.091953680 0.994911969 0.003685059 -0.100679405 4.684179306
-0.099208899 0.025179783 -0.994747639 -14.063812256 -0.003118604 0.999667227 0.025615301 0.103845969 0.995061576 0.005643489 -0.099097326 4.611833572
-0.097403079 0.023365157 -0.994970560 -14.725567818 -0.005270541 0.999698162 0.023992140 0.103347361 0.995230913 0.007580942 -0.097250558 4.538955212
-0.096025459 0.022881553 -0.995115757 -15.412351608 -0.006009446 0.999704123 0.023566958 0.117040426 0.995360613 0.008243122 -0.095859572 4.471454620
-0.094346210 0.024980232 -0.995225787 -16.102455139 -0.006315902 0.999650002 0.025690023 0.129983366 0.995519280 0.008709504 -0.094155431 4.398374081
-0.094083853 0.028313575 -0.995161474 -16.805999756 -0.004970943 0.999569893 0.028908975 0.156369597 0.995551884 0.007666752 -0.093902655 4.369634628
-0.092121504 0.030153286 -0.995290995 -17.535631180 -0.004227168 0.999520600 0.030672669 0.166698188 0.995738864 0.007032874 -0.091949858 4.293005943
-0.088803954 0.030859752 -0.995570898 -18.290353775 -0.008919767 0.999455214 0.031775773 0.159806103 0.996009290 0.011702080 -0.088480286 4.195459366
-0.087004356 0.028279413 -0.995806396 -19.047882080 -0.012189573 0.999492049 0.029449074 0.168641567 0.996133268 0.014700649 -0.086615436 4.120634556
-0.085554287 0.027408194 -0.995956421 -19.806352615 -0.013506847 0.999497771 0.028665893 0.183310926 0.996241927 0.015904721 -0.085141122 4.049618244
-0.083946086 0.029418591 -0.996035993 -20.603868484 -0.010169270 0.999486744 0.030377563 0.197415501 0.996418297 0.012679033 -0.083603822 3.987040520
-0.083761416 0.029677698 -0.996043861 -21.381237030 -0.007183351 0.999512315 0.030385086 0.243084073 0.996459663 0.009700025 -0.083507374 3.931465149
-0.082674332 0.030906772 -0.996097326 -22.195041656 -0.006593931 0.999480128 0.031559024 0.258431792 0.996554732 0.009177317 -0.082427546 3.861622810
-0.082427889 0.028940495 -0.996176958 -22.973400116 -0.006628023 0.999540091 0.029586662 0.239035785 0.996574700 0.009041446 -0.082198218 3.799537182
-0.082206309 0.022381777 -0.996363997 -23.782802582 -0.006958479 0.999710560 0.023031065 0.249332398 0.996591032 0.008826478 -0.082026765 3.728907585
-0.082519740 0.018349137 -0.996420622 -24.595394135 -0.004904940 0.999810874 0.018817775 0.249322802 0.996577322 0.006440223 -0.082414135 3.668622017
-0.082694024 0.018782357 -0.996398032 -25.426435471 -0.005352318 0.999799550 0.019290676 0.257506609 0.996560574 0.006928266 -0.082576938 3.589625359
-0.080375046 0.025317097 -0.996443093 -26.258953094 -0.002968573 0.999666750 0.025638444 0.275735408 0.996760190 0.005018711 -0.080273151 3.469383001
-0.079463758 0.032196783 -0.996317446 -27.100021362 -0.005217844 0.999451160 0.032714188 0.289772987 0.996824026 0.007798225 -0.079252183 3.379701614
-0.079828277 0.037418015 -0.996106029 -27.954458237 -0.005803626 0.999260783 0.038001616 0.305837750 0.996791661 0.008814628 -0.079552099 3.303051949
-0.080586605 0.039444841 -0.995966733 -28.783794403 -0.008876387 0.999148786 0.040289067 0.296627760 0.996708035 0.012087341 -0.080167860 3.231032610
-0.080809765 0.036520738 -0.996060193 -29.614816666 -0.009051633 0.999260426 0.037372436 0.309522867 0.996688366 0.012036027 -0.080419436 3.157948017
-0.081373736 0.033999015 -0.996103466 -30.443532944 -0.010068272 0.999338925 0.034931954 0.312415123 0.996632755 0.012871583 -0.080977648 3.078825951
-0.081662104 0.032646738 -0.996125042 -31.301305771 -0.009960945 0.999386609 0.033570223 0.371130466 0.996610045 0.012663762 -0.081286818 3.007860899
-0.081500523 0.035734482 -0.996032417 -32.152725220 -0.010299725 0.999273360 0.036693536 0.383098364 0.996620119 0.013249403 -0.081073277 2.931455135
-0.081299454 0.033825032 -0.996115506 -32.971252441 -0.011316218 0.999328136 0.034857713 0.395362854 0.996625543 0.014106176 -0.080862112 2.857470512
-0.081581049 0.028524021 -0.996258378 -33.781009674 -0.013546125 0.999466121 0.029725127 0.402034640 0.996574938 0.015920455 -0.081151158 2.801418543
-0.081274420 0.025108749 -0.996375442 -34.606002808 -0.016390525 0.999513924 0.026524810 0.399486244 0.996556818 0.018486902 -0.080823377 2.719823837
-0.080617204 0.025165688 -0.996427417 -35.433147430 -0.015267239 0.999532938 0.026479324 0.413793981 0.996627986 0.017347381 -0.080195338 2.646400213
-0.079869792 0.027586695 -0.996423542 -36.288600922 -0.013120090 0.999501467 0.028723564 0.413432419 0.996718824 0.015367303 -0.079468034 2.572636366
-0.079643890 0.032734293 -0.996285796 -37.105979919 -0.012701979 0.999346435 0.033850245 0.443033695 0.996742427 0.015350753 -0.079176016 2.514782667
-0.079195626 0.037708770 -0.996145725 -37.956577301 -0.010448501 0.999197960 0.038655002 0.461270392 0.996804178 0.013469531 -0.078738101 2.445627451
-0.079217345 0.040478837 -0.996035278 -38.807689667 -0.012266280 0.999059916 0.041577339 0.479142547 0.996781647 0.015511291 -0.078646339 2.369968891
-0.078866310 0.040558726 -0.996059835 -39.629936218 -0.010955199 0.999076307 0.041548979 0.493429780 0.996824682 0.014188842 -0.078349128 2.304830074
-0.078712933 0.036548018 -0.996227324 -40.447158813 -0.012071244 0.999219358 0.037611566 0.508249164 0.996823967 0.014986213 -0.078210331 2.230074883
-0.078229316 0.033170085 -0.996383548 -41.275485992 -0.012724529 0.999331534 0.034267284 0.511484146 0.996853828 0.015359211 -0.077754967 2.158975124
-0.077979609 0.029462887 -0.996519566 -42.095066071 -0.016521050 0.999387503 0.030840499 0.524640918 0.996817648 0.018868472 -0.077445097 2.087218761
-0.079041854 0.028428052 -0.996465862 -42.889881134 -0.020125233 0.999343455 0.030106543 0.546543002 0.996667445 0.022433763 -0.078417882 2.031983137
-0.080062382 0.026866864 -0.996427715 -43.716754913 -0.018324042 0.999428153 0.028420087 0.558467388 0.996621251 0.020533964 -0.079524301 1.954463959
-0.080956422 0.023386495 -0.996443212 -44.527637482 -0.015746651 0.999570072 0.024739223 0.556315958 0.996593058 0.017693449 -0.080553360 1.889168978
-0.081722163 0.022817556 -0.996393919 -45.372089386 -0.011892799 0.999644578 0.023867417 0.554106414 0.996583879 0.013800419 -0.081421763 1.822668791
-0.083340921 0.025345584 -0.996198714 -46.182231903 -0.010184278 0.999602854 0.026284199 0.562050939 0.996468723 0.012336125 -0.083049692 1.746263742
-0.085500345 0.030486304 -0.995871663 -47.005813599 -0.007691809 0.999481916 0.031257220 0.579028368 0.996308088 0.010332565 -0.085221559 1.676146746
-0.087247789 0.034640364 -0.995584249 -47.813056946 -0.006461341 0.999354661 0.035337802 0.587847948 0.996165335 0.009515960 -0.086967655 1.595241070
-0.088592075 0.034426261 -0.995472908 -48.617145538 -0.005967910 0.999366343 0.035092030 0.589646816 0.996049881 0.009049777 -0.088330492 1.528666973
-0.089307755 0.030038992 -0.995550871 -49.389034271 -0.009558089 0.999473512 0.031014789 0.612063289 0.995957851 0.012285439 -0.088973619 1.456523418
-0.090559624 0.026966482 -0.995525777 -50.194885254 -0.014811369 0.999486268 0.028421102 0.618458867 0.995780826 0.017318904 -0.090113692 1.362293720
-0.092071511 0.025210906 -0.995433092 -50.964282990 -0.019602355 0.999439836 0.027125472 0.627139807 0.995559394 0.022010323 -0.091525726 1.277669430
-0.092917331 0.025795903 -0.995339453 -51.776321411 -0.024288492 0.999308050 0.028166130 0.641755760 0.995377541 0.026792422 -0.092226475 1.193745613
-0.093992293 0.027157154 -0.995202422 -52.550502777 -0.024825897 0.999252975 0.029612366 0.647432923 0.995263398 0.027490130 -0.093247861 1.112634659
-0.094804294 0.027336618 -0.995120168 -53.331836700 -0.020977214 0.999345899 0.029451141 0.652975917 0.995274782 0.023666970 -0.094168827 1.047199726
-0.095408536 0.027424740 -0.995060384 -54.110645294 -0.021043554 0.999341488 0.029560445 0.655219495 0.995215774 0.023759928 -0.094768591 0.965702057
-0.095961653 0.028725373 -0.994970560 -54.889915466 -0.020609591 0.999312162 0.030838452 0.674319863 0.995171726 0.023465252 -0.095303580 0.890133858
-0.096267194 0.031022094 -0.994871914 -55.662387848 -0.020170849 0.999248147 0.033110347 0.678258538 0.995151043 0.023254853 -0.095569082 0.816976547
-0.096282959 0.035218764 -0.994730771 -56.422245026 -0.020297647 0.999096572 0.037338004 0.695879817 0.995146990 0.023785707 -0.095481113 0.737200260
-0.097028039 0.038187552 -0.994548976 -57.199134827 -0.019766584 0.998992622 0.040286623 0.704219580 0.995085180 0.023567760 -0.096175469 0.654289722
-0.097869866 0.038551673 -0.994452238 -57.950778961 -0.019040180 0.998994052 0.040601600 0.710492253 0.995017052 0.022908220 -0.097037368 0.575455189
-0.098085314 0.036679372 -0.994501770 -58.691459656 -0.018656274 0.999077260 0.038688153 0.719945550 0.995002985 0.022348436 -0.097310491 0.501896381
-0.098210886 0.032558378 -0.994633138 -59.422344208 -0.018503949 0.999232233 0.034536019 0.743438244 0.994993389 0.021796446 -0.097533010 0.426130772
-0.097872138 0.029055392 -0.994774818 -60.139251709 -0.019769732 0.999319553 0.031133208 0.749782205 0.995002568 0.022713501 -0.097231150 0.352217197
-0.096703857 0.027210679 -0.994940996 -60.859859467 -0.019450316 0.999383569 0.029222647 0.751356959 0.995123148 0.022177856 -0.096114993 0.272329807
-0.094241932 0.026613820 -0.995193422 -61.555332184 -0.019940287 0.999391675 0.028614361 0.753642678 0.995349646 0.022541109 -0.093653902 0.201267242
-0.090250701 0.027332168 -0.995543897 -62.224155426 -0.021028917 0.999348044 0.029342966 0.761945844 0.995697200 0.023583423 -0.089617096 0.134735107
-0.084542215 0.028205752 -0.996020555 -62.885936737 -0.021918047 0.999304712 0.030159146 0.770474672 0.996178985 0.024380535 -0.083865210 0.081404209
-0.077688888 0.029581133 -0.996538579 -63.523975372 -0.022614427 0.999250174 0.031424597 0.775679588 0.996721327 0.024977485 -0.076961681 0.020903587
-0.068837404 0.031282280 -0.997137189 -64.162803650 -0.024008529 0.999166727 0.033003367 0.776871681 0.997339070 0.026211662 -0.068029001 -0.019727230
-0.056812197 0.034117203 -0.997801363 -64.752349854 -0.023917319 0.999082446 0.035522766 0.782029271 0.998098969 0.025882855 -0.055944037 -0.039624214
-0.042125758 0.035473254 -0.998482227 -65.337066650 -0.025893539 0.998994946 0.036583923 0.790663838 0.998776793 0.027395368 -0.041164875 -0.065145016
-0.023502275 0.036749277 -0.999048054 -65.937133789 -0.027431989 0.998924077 0.037390053 0.796664119 0.999347389 0.028284632 -0.022468869 -0.077144980
-0.001774289 0.037529815 -0.999293804 -66.488876343 -0.028589576 0.998885095 0.037565235 0.802338719 0.999589622 0.028636038 -0.000699319 -0.070632637
0.024208855 0.037954926 -0.998986125 -67.040992737 -0.029407103 0.998873591 0.037238032 0.813654900 0.999274254 0.028475801 0.025297754 -0.041533709
0.053292479 0.037710436 -0.997866511 -67.553611755 -0.029069304 0.998921812 0.036197830 0.813828826 0.998155653 0.027078221 0.054331258 0.001231670
0.087810472 0.037886407 -0.995416343 -68.052947998 -0.024366116 0.999059081 0.035875607 0.811175704 0.995839059 0.021104187 0.088651016 0.044911861
0.125147954 0.038089853 -0.991406620 -68.524032593 -0.025018333 0.999066055 0.035226006 0.822633386 0.991822600 0.020394880 0.125984028 0.131881714
0.165045977 0.037877306 -0.985558152 -68.970848083 -0.025885578 0.999084473 0.034062233 0.819419861 0.985946119 0.019889913 0.165875345 0.255868912
0.210593760 0.038834780 -0.976801753 -69.424644470 -0.022923246 0.999132037 0.034780409 0.824875474 0.977304876 0.015066938 0.211301193 0.354701996
0.257056773 0.037320890 -0.965675175 -69.839424133 -0.020538721 0.999239385 0.033150766 0.835758924 0.966178060 0.011312113 0.257627785 0.547647476
0.307647794 0.032746661 -0.950936437 -70.260025024 -0.011983085 0.999461651 0.030540895 0.823058128 0.951424897 0.001999321 0.307874680 0.690858841
0.357566446 0.027619917 -0.933479011 -70.653274536 -0.006634954 0.999612510 0.027035179 0.815715432 0.933864295 -0.003473272 0.357611060 0.930282593
0.412182301 0.022090733 -0.910833240 -70.923355103 -0.003539442 0.999737322 0.022645203 0.848142803 0.911094606 -0.006110107 0.412152082 1.098089218
0.461597621 0.020705558 -0.886847675 -71.288726807 -0.003374079 0.999761462 0.021585608 0.864050210 0.887082994 -0.006971573 0.461557418 1.392354965
0.510477245 0.018912360 -0.859683275 -71.649444580 -0.000695186 0.999766946 0.021581283 0.881263673 0.859890997 -0.010419114 0.510371387 1.618320465
0.555602849 0.014838834 -0.831315398 -71.987731934 0.006963262 0.999722719 0.022498697 0.882911205 0.831418693 -0.018289007 0.555345416 1.893230438
0.598507643 0.008179070 -0.801075399 -72.293495178 0.018006600 0.999558151 0.023658853 0.861077964 0.800914824 -0.028584646 0.598095775 2.228488922
0.641290963 0.003449178 -0.767290115 -72.603164673 0.020111794 0.999571085 0.021302480 0.854905009 0.767034233 -0.029092666 0.640946150 2.498394012
0.681991100 -0.002368793 -0.731356680 -72.879776001 0.017993502 0.999746680 0.013540841 0.872873902 0.731139302 -0.022394400 0.681860566 2.852283478
0.722813666 -0.007611081 -0.691000938 -73.149826050 0.014221222 0.999891639 0.003862523 0.857711256 0.690896630 -0.012618770 0.722843349 3.135025024
0.761568844 -0.011279458 -0.647985935 -73.413497925 0.010757321 0.999930978 -0.004762858 0.858321249 0.647995055 -0.003343357 0.761637211 3.550796509
0.800077260 -0.009207757 -0.599826515 -73.655395508 0.005209249 0.999951482 -0.008401696 0.850346684 0.599875212 0.003597337 0.800085664 3.846401215
0.834052503 -0.010774801 -0.551580071 -73.885101318 0.006150986 0.999928713 -0.010232041 0.841045856 0.551650882 0.005141299 0.834059298 4.263698578
0.864413798 -0.010822487 -0.502664626 -74.120697021 0.004711025 0.999898851 -0.013426680 0.839203715 0.502758980 0.009238143 0.864377320 4.773046494
0.890705824 -0.009047373 -0.454490304 -74.316352844 0.003865986 0.999916553 -0.012328459 0.811872125 0.454563916 0.009223977 0.890666366 5.219333649
0.912044227 -0.004077666 -0.410071760 -74.522598267 -0.000796977 0.999931037 -0.011715673 0.810604215 0.410091221 0.011012031 0.911978006 5.746328354
0.929723084 0.002846353 -0.368248373 -74.714309692 -0.008100927 0.999886096 -0.012724011 0.805025935 0.368170232 0.014812967 0.929640353 6.183559418
0.943397105 0.007310882 -0.331584603 -74.889236450 -0.011961824 0.999856651 -0.011987646 0.797703624 0.331449330 0.015275465 0.943349421 6.734876633
0.953548372 0.007893003 -0.301136494 -75.057746887 -0.011400867 0.999886096 -0.009893106 0.784412265 0.301024020 0.012866773 0.953529716 7.315986633
0.961061060 0.006968821 -0.276248157 -75.202804565 -0.009741505 0.999915004 -0.008665945 0.762918055 0.276164174 0.011019576 0.961047292 7.862655640
0.966971457 0.007395705 -0.254777759 -75.356857300 -0.009286032 0.999937594 -0.006217507 0.746872067 0.254715830 0.008378025 0.966979742 8.470054626
0.971568882 0.009581714 -0.236563608 -75.499977112 -0.010780388 0.999934852 -0.003774022 0.738389790 0.236511916 0.006216970 0.971608698 9.071294785
0.974928796 0.015390770 -0.221984088 -75.660354614 -0.016313314 0.999864221 -0.002322878 0.743605673 0.221918181 0.005885941 0.975047529 9.713881493
0.977937222 0.017153326 -0.208193600 -75.813362122 -0.017927805 0.999837577 -0.001833523 0.740533412 0.208128378 0.005525524 0.978086054 10.362890244
0.980629444 0.016485687 -0.195176750 -75.939262390 -0.017128581 0.999852061 -0.001606470 0.719624758 0.195121408 0.004918450 0.980766892 11.004976273
0.983237743 0.016741473 -0.181557074 -76.054115295 -0.017418688 0.999845982 -0.002136073 0.709794581 0.181493372 0.005262751 0.983378232 11.682671547
0.985866368 0.015735727 -0.166792855 -76.171989441 -0.016272688 0.999865949 -0.001853088 0.699792922 0.166741326 0.004541065 0.985990286 12.387414932
0.988047302 0.020189201 -0.152822807 -76.278892517 -0.020609083 0.999786973 -0.001163779 0.694293499 0.152766705 0.004299407 0.988253057 13.088450432
0.989935040 0.020337949 -0.140053183 -76.377197266 -0.021046568 0.999772191 -0.003580263 0.675713062 0.139948398 0.006491870 0.990137577 13.803067207
0.991404951 0.021476628 -0.129053131 -76.496772766 -0.022820279 0.999699533 -0.008941908 0.672707796 0.128822088 0.011810088 0.991597712 14.579881668
0.992720723 0.017626792 -0.119142681 -76.599044800 -0.019572999 0.999693096 -0.015184682 0.647608161 0.118838444 0.017406125 0.992761016 15.315540314
0.993632257 0.018065548 -0.111213610 -76.671905518 -0.019921606 0.999679863 -0.015600542 0.632756591 0.110896140 0.017716756 0.993674099 16.080478668
0.994371176 0.019021705 -0.104231670 -76.765579224 -0.020165509 0.999747455 -0.009930858 0.619503975 0.104016431 0.011976846 0.994503438 16.858591080
0.994766474 0.024528971 -0.099186130 -76.845504761 -0.024846407 0.999689400 -0.001966300 0.605198503 0.099107057 0.004420431 0.995066941 17.614910126
0.995233417 0.023533791 -0.094638184 -76.931945801 -0.023475802 0.999722898 0.001726183 0.587835670 0.094652548 0.000503756 0.995510161 18.393890381
0.995589018 0.023030821 -0.090949833 -77.009460449 -0.022993615 0.999734521 0.001456934 0.564321220 0.090959176 0.000640760 0.995854318 19.157718658
0.995777786 0.026480271 -0.087890662 -77.077293396 -0.026492348 0.999648392 0.001029295 0.552965939 0.087886907 0.001303488 0.996129513 19.922145844
0.996010780 0.025060179 -0.085641302 -77.136581421 -0.024887409 0.999685287 0.003084746 0.542884469 0.085691646 -0.000941052 0.996321261 20.691642761
0.996261299 0.024237666 -0.082920983 -77.200675964 -0.023867654 0.999700308 0.005450706 0.532631755 0.083028242 -0.003451198 0.996541142 21.456237793
0.996570766 0.022030503 -0.079757929 -77.267471313 -0.021508101 0.999741256 0.007403089 0.517738283 0.079900391 -0.005662262 0.996786654 22.231906891
0.996801853 0.019923504 -0.077387348 -77.323242188 -0.019708000 0.999799490 0.003547582 0.506250083 0.077442527 -0.002011089 0.996994436 22.982997894
0.996864557 0.022683837 -0.075804524 -77.391349792 -0.023036443 0.999727488 -0.003780359 0.489567101 0.075698107 0.005514776 0.997115433 23.737319946
0.996997654 0.022411410 -0.074116863 -77.461082458 -0.023290429 0.999668062 -0.011016921 0.464718312 0.073845357 0.012710062 0.997188628 24.505205154
0.997107506 0.022908181 -0.072469540 -77.523963928 -0.024051167 0.999599218 -0.014938829 0.436752319 0.072098285 0.016638599 0.997258604 25.257312775
0.997189522 0.025502359 -0.070446268 -77.570640564 -0.026539866 0.999552071 -0.013831206 0.437411726 0.070061997 0.015661983 0.997419596 26.000396729
0.997267485 0.028528634 -0.068145648 -77.629730225 -0.029294772 0.999518156 -0.010269739 0.417284042 0.067819834 0.012237990 0.997622609 26.759029388
0.997296751 0.032303747 -0.065997750 -77.690658569 -0.032739770 0.999448597 -0.005535471 0.395696402 0.065782540 0.007681262 0.997804523 27.520011902
0.997540951 0.029888930 -0.063393198 -77.735771179 -0.030164296 0.999539256 -0.003390879 0.375619769 0.063262627 0.005294757 0.997982979 28.278869629
0.997700453 0.026655534 -0.062314779 -77.778877258 -0.026882648 0.999634683 -0.002808697 0.358587056 0.062217120 0.004477434 0.998052657 29.031566620
0.997804284 0.025465876 -0.061140336 -77.823081970 -0.025701301 0.999664903 -0.003067053 0.339992255 0.061041746 0.004631708 0.998124421 29.776790619
0.997863412 0.025279090 -0.060247615 -77.869476318 -0.025583228 0.999663532 -0.004281912 0.324696422 0.060119104 0.005814095 0.998174250 30.536245346
0.997942269 0.024025019 -0.059448965 -77.923873901 -0.024385035 0.999688447 -0.005337579 0.299386710 0.059302222 0.006776265 0.998216927 31.295745850
0.998007834 0.023496378 -0.058552347 -77.963981628 -0.023861606 0.999699950 -0.005546195 0.277338207 0.058404487 0.006932305 0.998268664 32.054679871
0.997996390 0.025575811 -0.057871632 -78.021492004 -0.025897991 0.999653041 -0.004823954 0.284949243 0.057728212 0.006313058 0.998312116 32.826133728
0.998013675 0.025332177 -0.057677906 -78.071380615 -0.025693269 0.999654531 -0.005527462 0.264090151 0.057517961 0.006998419 0.998319924 33.598869324
0.997934818 0.025286224 -0.059046995 -78.125129700 -0.025671706 0.999653697 -0.005778882 0.247576877 0.058880433 0.007282788 0.998238504 34.365234375
0.997823715 0.024717126 -0.061128810 -78.175697327 -0.025093015 0.999670684 -0.005388946 0.226185247 0.060975481 0.006911127 0.998115420 35.168537140
0.997641444 0.024522411 -0.064111590 -78.238883972 -0.024907960 0.999676228 -0.005221244 0.209642023 0.063962787 0.006805819 0.997929275 35.957141876
0.997377872 0.026896391 -0.067187674 -78.298637390 -0.027343819 0.999609888 -0.005748497 0.205036804 0.067006811 0.007570593 0.997724175 36.707050323
0.997217119 0.026994959 -0.069494300 -78.367515564 -0.027758053 0.999564171 -0.010038280 0.181814969 0.069193020 0.011939369 0.997531891 37.496620178
0.997018218 0.027699875 -0.072024435 -78.438278198 -0.028771801 0.999489486 -0.013887981 0.165534079 0.071602948 0.015918843 0.997306228 38.300605774
0.996873260 0.027911473 -0.073923491 -78.499801636 -0.029106155 0.999461770 -0.015133223 0.141393423 0.073461287 0.017237537 0.997149169 39.121578217
0.996736765 0.027200324 -0.076002061 -78.572448730 -0.028358450 0.999496996 -0.014200486 0.120929182 0.075577550 0.016309449 0.997006536 39.939960480
0.996576846 0.026717415 -0.078237720 -78.640708923 -0.027828367 0.999526322 -0.013143735 0.088579416 0.077849470 0.015275972 0.996848047 40.764907837
0.996397138 0.026300194 -0.080634162 -78.693458557 -0.027303051 0.999562860 -0.011359712 0.084126711 0.080300100 0.013520348 0.996679008 41.564273834
0.996354878 0.024623703 -0.081674181 -78.763557434 -0.025380971 0.999643683 -0.008246409 0.065942436 0.081442021 0.010289316 0.996624947 42.396995544
0.996295452 0.023497375 -0.082724996 -78.840827942 -0.023825398 0.999711573 -0.002980058 0.043035328 0.082631126 0.004939969 0.996567965 43.243915558
0.996341705 0.024566626 -0.081851996 -78.926696777 -0.024727166 0.999693632 -0.000948002 0.028819680 0.081803642 0.002968498 0.996644139 44.088603973
0.996447027 0.026127510 -0.080067396 -78.995559692 -0.026270121 0.999654412 -0.000727996 0.013947152 0.080020733 0.002828787 0.996789277 44.962562561
0.996557772 0.028649848 -0.077795900 -79.065452576 -0.028886717 0.999580622 -0.001920621 0.002950668 0.077708334 0.004161275 0.996967435 45.784950256
0.996783316 0.025906745 -0.075842947 -79.136817932 -0.026314666 0.999644041 -0.004383909 -0.007253617 0.075702406 0.006365585 0.997110188 46.657085419
0.996983707 0.022603190 -0.074247256 -79.201850891 -0.023064777 0.999719560 -0.005365238 -0.044223934 0.074105166 0.007061549 0.997225404 47.530132294
0.997128189 0.021086223 -0.072737113 -79.255729675 -0.021577295 0.999749362 -0.005972101 -0.045827657 0.072592959 0.007524419 0.997333288 48.379783630
0.997252226 0.018995658 -0.071606249 -79.320053101 -0.019353397 0.999803424 -0.004305253 -0.060716525 0.071510404 0.005679246 0.997423708 49.255321503
0.997378945 0.014769477 -0.070832297 -79.381736755 -0.014905366 0.999887884 -0.001390128 -0.079928271 0.070803821 0.002442264 0.997487307 50.128799438
0.997478902 0.012909249 -0.069780469 -79.451942444 -0.013005502 0.999914885 -0.000925062 -0.103726700 0.069762602 0.001830256 0.997562051 50.983139038
0.997504771 0.015652470 -0.068842024 -79.515266418 -0.015942626 0.999866068 -0.003667215 -0.128665224 0.068775415 0.004755583 0.997620940 51.860187531
0.997462869 0.020814044 -0.068077236 -79.588645935 -0.021553280 0.999715924 -0.010142012 -0.127402127 0.067846797 0.011583559 0.997628748 52.744667053
0.997522473 0.021241877 -0.067065760 -79.657844543 -0.022418993 0.999606550 -0.016847864 -0.142478287 0.066681497 0.018309670 0.997606277 53.596893311
0.997431457 0.027364425 -0.066196300 -79.731040955 -0.028907189 0.999329567 -0.022461144 -0.183564305 0.065537274 0.024317000 0.997553766 54.458141327
0.997501135 0.026814053 -0.065367810 -79.786521912 -0.028359478 0.999336839 -0.022829577 -0.221190453 0.064712301 0.024626322 0.997600019 55.304901123
0.997589946 0.024024816 -0.065095186 -79.841415405 -0.025232956 0.999522984 -0.017801261 -0.244730115 0.064636447 0.019400900 0.997720242 56.169948578
0.997584701 0.023342829 -0.065422863 -79.905197144 -0.023913031 0.999682367 -0.007946033 -0.283941537 0.065216586 0.009491296 0.997825921 57.027713776
0.997513115 0.022188302 -0.066899948 -79.968315125 -0.022217706 0.999752820 0.000304524 -0.287374943 0.066890150 0.001182590 0.997759581 57.894107819
0.997350812 0.022240564 -0.069258191 -80.040870667 -0.022280587 0.999751627 0.000194647 -0.330587655 0.069245331 0.001348982 0.997598827 58.743022919
0.997297645 0.017351266 -0.071391225 -80.100067139 -0.017601309 0.999840796 -0.002874767 -0.362549603 0.071330003 0.004123576 0.997444391 59.577861786
0.997146368 0.014373817 -0.074112356 -80.166481018 -0.014755084 0.999880373 -0.004599434 -0.368808061 0.074037410 0.005679842 0.997239411 60.414352417
0.996901810 0.016615815 -0.076883085 -80.233505249 -0.017181486 0.999829710 -0.006701848 -0.399885386 0.076758668 0.008002047 0.997017801 61.242328644
0.996598244 0.018294076 -0.080359191 -80.315681458 -0.019172424 0.999764144 -0.010172184 -0.421951175 0.080154181 0.011678260 0.996714234 62.065872192
0.996268630 0.018654803 -0.084268399 -80.401466370 -0.019889830 0.999706030 -0.013839991 -0.444165945 0.083985463 0.015464431 0.996347129 62.880275726
0.996006906 0.021115290 -0.086744733 -80.455032349 -0.022847965 0.999557257 -0.019030087 -0.455187976 0.086304590 0.020936033 0.996049404 63.623275757
0.995606303 0.025344688 -0.090142861 -80.544296265 -0.027176971 0.999446988 -0.019157173 -0.479798317 0.089607507 0.021522813 0.995744526 64.436973572
0.995192051 0.029367367 -0.093435347 -80.634857178 -0.031108759 0.999367356 -0.017235406 -0.516750813 0.092870101 0.020059200 0.995476127 65.236869812
0.994782507 0.031551801 -0.097015545 -80.734992981 -0.032850277 0.999390423 -0.011815645 -0.536465764 0.096583627 0.014940985 0.995212674 66.036598206
0.994338989 0.032625094 -0.101120263 -80.809295654 -0.033376504 0.999426425 -0.005747280 -0.556057453 0.100874737 0.009089787 0.994857371 66.837455750
0.993817627 0.031300817 -0.106521606 -80.907608032 -0.031799670 0.999489963 -0.002987344 -0.585787237 0.106373757 0.006356225 0.994305968 67.658370972
0.993071854 0.031757832 -0.113135807 -81.022697449 -0.032182954 0.999480307 -0.001932731 -0.608938098 0.113015607 0.005560385 0.993577659 68.440933228
0.992568731 0.025758645 -0.118927523 -81.117782593 -0.025845559 0.999665797 0.000811808 -0.616344035 0.118908659 0.002267973 0.992902637 69.227233887
0.991684079 0.030037452 -0.125141725 -81.193397522 -0.030000163 0.999547660 0.002183038 -0.619090796 0.125150681 0.001589392 0.992136419 70.002548218
0.990782738 0.035115477 -0.130830273 -81.310203552 -0.035195202 0.999378979 0.001703586 -0.631302357 0.130808890 0.002916714 0.991403282 70.768806458
0.989738286 0.039550401 -0.137310132 -81.418685913 -0.040203206 0.999189436 -0.001983061 -0.659630418 0.137120441 0.007483018 0.990526080 71.534011841
0.988988280 0.038486365 -0.142902195 -81.551727295 -0.039529812 0.999208212 -0.004468842 -0.674843669 0.142617106 0.010068527 0.989726722 72.307617188
0.988229513 0.037015896 -0.148433357 -81.658996582 -0.038362738 0.999244153 -0.006219912 -0.678090692 0.148090988 0.011841004 0.988903105 73.038604736
0.987459838 0.038371373 -0.153135896 -81.777198792 -0.039092604 0.999234200 -0.001700325 -0.694191217 0.152953416 0.007665482 0.988203704 73.803833008
0.986482084 0.038774997 -0.159215376 -81.912109375 -0.038806755 0.999242485 0.002910975 -0.712787330 0.159207717 0.003307005 0.987239540 74.564300537
0.985648453 0.034683138 -0.165209100 -82.042572021 -0.034347959 0.999397933 0.004886299 -0.727030396 0.165279150 0.000858421 0.986246407 75.314750671
0.984351099 0.036012668 -0.172500163 -82.184867859 -0.036213174 0.999342084 0.001985698 -0.737789154 0.172458321 0.004292155 0.985007346 76.062088013
0.982796431 0.035070527 -0.181332588 -82.336059570 -0.036763117 0.999306023 -0.005980543 -0.750962913 0.180997014 0.012544007 0.983403563 76.829597473
0.981199980 0.031635761 -0.190383509 -82.487037659 -0.033711817 0.999402106 -0.007675014 -0.773272097 0.190026894 0.013948899 0.981679738 77.563682556
0.979112446 0.032084689 -0.200771868 -82.647407532 -0.033624891 0.999425352 -0.004265040 -0.800604641 0.200519592 0.010926887 0.979628742 78.304077148
0.976725459 0.032266054 -0.212051719 -82.818733215 -0.032744702 0.999462843 0.001255003 -0.808891833 0.211978272 0.005717778 0.977257669 79.043136597
0.974206388 0.031672720 -0.223424196 -83.001556396 -0.030358531 0.999495566 0.009315266 -0.814318001 0.223606497 -0.002292166 0.974676788 79.761314392
0.971476734 0.033157755 -0.234802917 -83.156112671 -0.030827442 0.999432087 0.013589094 -0.807839513 0.235120118 -0.005963122 0.971948147 80.448104858
0.968507290 0.034276612 -0.246614248 -83.347587585 -0.032962609 0.999411762 0.009455767 -0.816012383 0.246793255 -0.001028931 0.969067633 81.168785095
0.965419769 0.035242967 -0.258306980 -83.566101074 -0.036346298 0.999339104 0.000504179 -0.822586000 0.258154064 0.008901760 0.966062725 81.869979858
0.962145984 0.031413615 -0.270717978 -83.785110474 -0.034016412 0.999409139 -0.004926529 -0.833044171 0.270403236 0.013948895 0.962646186 82.584625244
0.958711326 0.030293033 -0.282762587 -83.987670898 -0.031697243 0.999497473 -0.000391498 -0.838526249 0.282608598 0.009338130 0.959189892 83.282310486
0.955264330 0.031665117 -0.294053465 -84.221923828 -0.030736247 0.999497175 0.007780769 -0.862644851 0.294151962 0.001605406 0.955757439 84.008186340
0.951635122 0.032527599 -0.305503637 -84.454483032 -0.029848369 0.999463737 0.013438204 -0.861367822 0.305776894 -0.003669494 0.952096224 84.712280273
0.947481811 0.029222259 -0.318471640 -84.690246582 -0.026904877 0.999569833 0.011673907 -0.876884460 0.318675786 -0.002492371 0.947860479 85.416046143
0.943517685 0.028152131 -0.330123752 -84.945709229 -0.027329296 0.999600887 0.007134394 -0.877039552 0.330192894 0.002290628 0.943910599 86.130828857
0.940489352 0.023815816 -0.338986993 -85.211349487 -0.025123296 0.999684155 0.000531304 -0.898476183 0.338892639 0.008016789 0.940790892 86.830123901
0.937860072 0.019994006 -0.346436679 -85.484817505 -0.023461796 0.999707758 -0.005818429 -0.900183260 0.346219152 0.013584908 0.938055277 87.527114868
0.935055494 0.019743064 -0.353950977 -85.756233215 -0.024060827 0.999679923 -0.007801783 -0.920120001 0.353683710 0.015811456 0.935231268 88.231216431
0.931970716 0.024246110 -0.361721784 -86.034950256 -0.028582931 0.999569118 -0.006642613 -0.936717749 0.361405075 0.016529799 0.932262003 88.936340332
0.928972483 0.025139665 -0.369293809 -86.331390381 -0.028987560 0.999567747 -0.004873750 -0.956543982 0.369011641 0.015232506 0.929299951 89.647354126
0.925806880 0.025119158 -0.377161205 -86.614685059 -0.026321663 0.999651492 0.001966334 -0.966088891 0.377079099 0.008107066 0.926145554 90.341087341
0.922873497 0.028448153 -0.384051085 -86.903869629 -0.026719850 0.999594569 0.009836124 -0.981086135 0.384175092 0.001184293 0.923259497 91.052764893
0.920183957 0.035217438 -0.389899194 -87.215805054 -0.030610492 0.999368727 0.018024975 -0.999429941 0.390287727 -0.004651282 0.920681000 91.746475220
0.917535603 0.042851832 -0.395338327 -87.556259155 -0.039941322 0.999080062 0.015593842 -1.000616312 0.395642817 0.001482431 0.918403089 92.443984985
0.915064812 0.040356390 -0.401283562 -87.848602295 -0.040902279 0.999136925 0.007210247 -0.985572934 0.401227951 0.009815576 0.915925324 93.123397827
0.913091660 0.033092845 -0.406409293 -88.169387817 -0.036365997 0.999338508 -0.000331072 -1.007865787 0.406129509 0.015081780 0.913690984 93.826271057
0.911349654 0.034364156 -0.410196245 -88.486953735 -0.038306948 0.999265075 -0.001394780 -1.010124564 0.409846842 0.016984504 0.911996186 94.518859863
0.909244418 0.039701745 -0.414365143 -88.835479736 -0.041860260 0.999116004 0.003874450 -1.017073274 0.414152622 0.013822615 0.910102546 95.218353271
0.906874597 0.040791415 -0.419422001 -89.170074463 -0.041059155 0.999121547 0.008392666 -1.035604596 0.419395864 0.009610028 0.907752693 95.933250427
0.904369295 0.037888065 -0.425065905 -89.493927002 -0.038322750 0.999237061 0.007531167 -1.061310768 0.425026953 0.009478742 0.905131221 96.622802734
0.902286947 0.036789715 -0.429563731 -89.837127686 -0.040287234 0.999187648 0.000952555 -1.061076999 0.429249913 0.016446464 0.903036118 97.306854248
0.900127828 0.033761229 -0.434316278 -90.163986206 -0.040345110 0.999168217 -0.005946349 -1.047784328 0.433754206 0.022875022 0.900741100 97.989608765
