1.000000000 -0.000000000 0.000000000 -0.000000000 -0.000000000 1.000000000 0.000000000 0.000000000 0.000000000 0.000000000 0.999999881 0.000000000
0.999999225 0.001219327 0.000115070 -0.018059779 -0.001219410 0.999998987 0.000725574 -0.017801758 -0.000114185 -0.000725714 0.999999583 0.794718742
0.999984622 0.005497302 0.000744673 -0.017121015 -0.005498125 0.999984264 0.001108179 -0.036503948 -0.000738569 -0.001112256 0.999998987 1.549689412
0.999978185 0.006505896 0.001087802 -0.020310843 -0.006507752 0.999977410 0.001709671 -0.049099337 -0.001076655 -0.001716712 0.999997854 2.265343189
0.999965549 0.008226194 0.001048186 -0.024491332 -0.008227576 0.999965310 0.001320091 -0.061545134 -0.001037291 -0.001328671 0.999998510 2.993671179
0.999962389 0.008552323 0.001310418 -0.022628261 -0.008554296 0.999962330 0.001508710 -0.087287664 -0.001297465 -0.001519864 0.999997914 3.717452049
0.999961376 0.008544561 0.001984984 -0.035572186 -0.008548629 0.999961376 0.002049990 -0.103663154 -0.001967390 -0.002066881 0.999995887 4.412601948
0.999950111 0.009624037 0.002623668 -0.040440716 -0.009636834 0.999941468 0.004910851 -0.103429794 -0.002576248 -0.004935892 0.999984562 5.075714111
0.999943852 0.009634312 0.004395890 -0.046867579 -0.009675297 0.999909043 0.009398984 -0.119035549 -0.004304937 -0.009440986 0.999946177 5.718064308
0.999941051 0.009204382 0.005754756 -0.046168853 -0.009275812 0.999878705 0.012510895 -0.124260910 -0.005638902 -0.012563536 0.999905229 6.356472492
0.999936163 0.008953462 0.006889205 -0.043764275 -0.009056740 0.999844849 0.015108461 -0.133260190 -0.006752862 -0.015169890 0.999862194 6.971146584
0.999937534 0.008368148 0.007432216 -0.029387560 -0.008473746 0.999861836 0.014290879 -0.137535453 -0.007311601 -0.014352965 0.999870360 7.559013367
0.999920607 0.009419512 0.008370224 -0.024457939 -0.009520005 0.999882162 0.012048133 -0.145800173 -0.008255748 -0.012126859 0.999892235 8.108203888
0.999918759 0.008879827 0.009151964 -0.026806206 -0.008961376 0.999920130 0.008907899 -0.153807670 -0.009072135 -0.008989189 0.999918282 8.627458572
0.999920368 0.007186547 0.010370982 -0.014121711 -0.007262562 0.999946952 0.007310171 -0.154882044 -0.010317897 -0.007384904 0.999919355 9.125872612
0.999914169 0.004500798 0.012307437 -0.010964133 -0.004566001 0.999975681 0.005274597 -0.184750780 -0.012283400 -0.005330337 0.999910235 9.595231056
0.999893188 0.001850861 0.014495529 -0.014016956 -0.001914349 0.999988675 0.004366959 -0.210829616 -0.014487283 -0.004394239 0.999885261 10.038924217
0.999847412 0.005835655 0.016469503 -0.007618800 -0.005877237 0.999979734 0.002477295 -0.197721317 -0.016454712 -0.002573710 0.999861121 10.445330620
0.999762297 0.009796582 0.019484909 0.007248417 -0.009829754 0.999950528 0.001607427 -0.202656657 -0.019468201 -0.001798569 0.999808788 10.818590164
0.999684811 0.011149247 0.022493025 0.026489347 -0.011198247 0.999935210 0.002053862 -0.207347468 -0.022468666 -0.002305095 0.999744833 11.166851997
0.999637961 0.007139242 0.025943294 0.037509263 -0.007213480 0.999970078 0.002769143 -0.225756973 -0.025922745 -0.002955280 0.999659538 11.483404160
0.999590516 0.002407566 0.028514277 0.043336004 -0.002495596 0.999992192 0.003052033 -0.243691593 -0.028506709 -0.003121940 0.999588609 11.772541046
0.999519348 -0.001447443 0.030970782 0.056843162 0.001315680 0.999989927 0.004274437 -0.252109855 -0.030976662 -0.004231630 0.999511123 12.029182434
0.999439240 -0.002635056 0.033379093 0.064448446 0.002458810 0.999982834 0.005320212 -0.246698007 -0.033392541 -0.005235151 0.999428511 12.261280060
0.999377310 -0.001274340 0.035264399 0.076509684 0.001125398 0.999990284 0.004243109 -0.256600976 -0.035269476 -0.004200775 0.999368906 12.464156151
0.999296844 -0.000602199 0.037489049 0.081809431 0.000490397 0.999995291 0.002991444 -0.260150284 -0.037490685 -0.002970951 0.999292433 12.649336815
0.999202311 0.001083536 0.039919503 0.092210889 -0.001171329 0.999996722 0.002175941 -0.258878320 -0.039917022 -0.002220959 0.999200463 12.829462051
0.999115825 0.004518799 0.041802961 0.088283092 -0.004589601 0.999987900 0.001597910 -0.269075304 -0.041795257 -0.001788350 0.999124408 12.996499062
0.999061882 0.005595406 0.042946368 0.101140171 -0.005611235 0.999983966 0.000248059 -0.272755831 -0.042944305 -0.000488803 0.999077201 13.151190758
0.998982251 0.005050050 0.044824161 0.112270087 -0.004981052 0.999985933 -0.001650831 -0.279636264 -0.044831876 0.001425884 0.998993397 13.299009323
0.998912275 0.004071346 0.046455957 0.123387754 -0.003941835 0.999987781 -0.002879128 -0.291720361 -0.046467125 0.002692880 0.998916090 13.444222450
0.998860180 0.003280318 0.047622696 0.127921283 -0.003104779 0.999987781 -0.003759616 -0.302250236 -0.047634460 0.003607479 0.998858213 13.585144043
0.998790741 0.003581979 0.049035508 0.141715527 -0.003333739 0.999980807 -0.005143324 -0.295367002 -0.049053013 0.004973638 0.998783708 13.708559036
0.998699248 0.004945606 0.050753321 0.141492665 -0.004564410 0.999959886 -0.007624042 -0.274364710 -0.050789062 0.007382471 0.998682201 13.817544937
0.998647273 0.004793848 0.051774714 0.134167194 -0.004297483 0.999943852 -0.009694109 -0.272416115 -0.051818285 0.009458492 0.998611748 13.932186127
0.998601377 0.003981880 0.052718323 0.148280799 -0.003352462 0.999922097 -0.012022356 -0.277934015 -0.052762080 0.011828803 0.998537064 14.057765007
0.998630822 0.003059935 0.052222755 0.154591620 -0.002338219 0.999900997 -0.013875498 -0.282954693 -0.052260045 0.013734389 0.998539031 14.193978310
0.998740017 0.002702191 0.050110672 0.161679447 -0.001946341 0.999883652 -0.015126320 -0.292821735 -0.050145715 0.015009727 0.998629153 14.314548492
0.998891115 0.002611411 0.047008362 0.174136698 -0.001869380 0.999872983 -0.015822172 -0.292016804 -0.047043715 0.015716750 0.998769224 14.434948921
0.999067008 0.003207786 0.043067083 0.173858792 -0.002476359 0.999851882 -0.017026076 -0.295007676 -0.043115318 0.016903542 0.998927116 14.569534302
0.999284148 0.003506435 0.037664376 0.158571601 -0.002826371 0.999832094 -0.018093975 -0.296708256 -0.037721496 0.017974570 0.999126613 14.692288399
0.999511838 0.003432085 0.031053081 0.157200843 -0.002846512 0.999817669 -0.018881708 -0.302394450 -0.031112220 0.018784102 0.999339402 14.810333252
0.999712527 0.003451207 0.023724450 0.158048287 -0.002983098 0.999800622 -0.019738175 -0.305188805 -0.023787841 0.019661734 0.999523640 14.943629265
0.999871433 0.003365246 0.015682634 0.159296289 -0.003038779 0.999779105 -0.020794522 -0.303973109 -0.015749153 0.020744193 0.999660790 15.071846962
0.999979675 0.002504284 0.005864169 0.136545002 -0.002375182 0.999756992 -0.021919347 -0.310162604 -0.005917639 0.021904975 0.999742568 15.220741272
0.999974847 0.001162727 -0.007005204 0.134591520 -0.001327068 0.999722958 -0.023501527 -0.318267852 0.006975941 0.023510236 0.999699235 15.364178658
0.999736369 0.000190089 -0.022963800 0.115920663 -0.000771447 0.999679387 -0.025310202 -0.323280096 0.022951614 0.025321249 0.999415874 15.507788658
0.999104559 0.000721739 -0.042303737 0.084794283 -0.001842570 0.999648154 -0.026461892 -0.324182153 0.042269755 0.026516154 0.998754203 15.690401077
0.997911096 0.001711307 -0.064579718 0.056957603 -0.003418761 0.999647379 -0.026338303 -0.326603472 0.064511843 0.026504077 0.997564733 15.842704773
0.996090055 0.002441022 -0.088311434 0.018570781 -0.004670054 0.999675393 -0.025042791 -0.336827040 0.088221610 0.025357291 0.995777965 16.040805817
0.993389010 0.003398880 -0.114746988 -0.042793870 -0.006124551 0.999707103 -0.023409564 -0.345806092 0.114633799 0.023957575 0.993118763 16.282194138
0.989450276 0.004546312 -0.144800872 -0.096701145 -0.007724186 0.999741197 -0.021391887 -0.349860370 0.144666106 0.022284683 0.989229500 16.500143051
0.984053552 0.004930843 -0.177803218 -0.171060562 -0.008263928 0.999803543 -0.018010221 -0.358583599 0.177679479 0.019192383 0.983901203 16.771352768
0.976726949 0.006017489 -0.214402556 -0.269924164 -0.009276763 0.999856055 -0.014198703 -0.359770298 0.214286298 0.015857220 0.976642072 17.034042358
0.967175484 0.007391099 -0.254001439 -0.370171070 -0.009858745 0.999915600 -0.008443503 -0.379564345 0.253917605 0.010670491 0.967166841 17.261165619
0.955344141 0.011240217 -0.295280367 -0.515543461 -0.012805610 0.999911904 -0.003368119 -0.367431581 0.295216590 0.006998965 0.955404401 17.526298523
0.941259086 0.015359035 -0.337336004 -0.653438568 -0.015694533 0.999875307 0.001732698 -0.373087734 0.337320477 0.003663414 0.941382587 17.794485092
0.924871922 0.018302957 -0.379838258 -0.820884228 -0.016841559 0.999832451 0.007170452 -0.371181548 0.379905760 -0.000234680 0.925024927 18.053661346
0.905709386 0.021393495 -0.423359334 -1.011354446 -0.016682837 0.999750793 0.014829895 -0.379063457 0.423570991 -0.006368735 0.905840397 18.383508682
0.884180963 0.025804164 -0.466431916 -1.227955341 -0.017927174 0.999612033 0.021317795 -0.375599831 0.466800928 -0.010486975 0.884300113 18.679063797
0.859651864 0.030823067 -0.509950161 -1.440527439 -0.020370325 0.999452591 0.026070815 -0.373631567 0.510474443 -0.012023966 0.859808743 18.928445816
0.831730723 0.034553107 -0.554103494 -1.695299149 -0.021765264 0.999323547 0.029645924 -0.374344826 0.554752707 -0.012597207 0.831919670 19.238235474
0.801465392 0.038452316 -0.596804261 -1.940642357 -0.024555506 0.999205232 0.031402882 -0.360776424 0.597537279 -0.010513484 0.801772058 19.473854065
0.766868889 0.040465973 -0.640528202 -2.143953323 -0.024416123 0.999127507 0.033888794 -0.362926185 0.641340077 -0.010349024 0.767186821 19.726833344
0.730424583 0.044487119 -0.681542873 -2.460263252 -0.025971856 0.998963952 0.037371892 -0.344124496 0.682499170 -0.009596417 0.730823338 19.976112366
0.692189991 0.045786560 -0.720261395 -2.787220001 -0.024011053 0.998894155 0.040423829 -0.329563022 0.721315682 -0.010686737 0.692524016 20.222581863
0.651518404 0.046310499 -0.757217944 -3.167888641 -0.021845549 0.998866558 0.042293273 -0.326365948 0.758318126 -0.011013008 0.651791573 20.493692398
0.609022975 0.044915285 -0.791879654 -3.541003227 -0.017085884 0.998906732 0.043517329 -0.300018191 0.792968392 -0.012973092 0.609124422 20.745090485
0.565061569 0.045466457 -0.823794842 -3.936429024 -0.011926862 0.998826325 0.046945773 -0.307819664 0.824962556 -0.016701967 0.564940631 20.957866669
0.518246830 0.046967588 -0.853940427 -4.383633614 -0.010322759 0.998761714 0.048668161 -0.281868577 0.855168879 -0.016407093 0.518089712 21.196926117
0.466249287 0.045608941 -0.883476675 -4.790821075 -0.009239412 0.998866737 0.046689842 -0.237167537 0.884605229 -0.013606318 0.466142118 21.428974152
0.414279163 0.045541141 -0.909009755 -5.307236671 -0.004646665 0.998840213 0.047923915 -0.221132278 0.910137713 -0.015630018 0.414010376 21.622604370
0.361149520 0.044513769 -0.931444824 -5.814196587 0.000410941 0.998852372 0.047894511 -0.208599389 0.932507634 -0.017679853 0.360716820 21.761581421
0.307387173 0.043331519 -0.950597405 -6.302666187 0.003052611 0.998912692 0.046520986 -0.195093274 0.951579452 -0.017201765 0.306920767 21.879930496
0.253964692 0.048365526 -0.966003418 -6.905829906 0.003719429 0.998692751 0.050980039 -0.133970082 0.967206120 -0.016540118 0.253452957 22.005973816
0.202633575 0.053182539 -0.977809191 -7.465098381 0.006855900 0.998422503 0.055724416 -0.108269751 0.979230583 -0.017995404 0.201949313 22.112209320
0.153991371 0.054218534 -0.986583531 -7.994736671 0.011743967 0.998322368 0.056696720 -0.103492796 0.988002479 -0.020317208 0.153096214 22.153255463
0.108934484 0.055806186 -0.992481351 -8.656956673 0.014461068 0.998228192 0.057716578 -0.081311345 0.993943751 -0.020639664 0.107934408 22.197301865
0.069017559 0.054127447 -0.996146202 -9.278455734 0.015802098 0.998342395 0.055341635 -0.034628332 0.997490108 -0.019560738 0.068047754 22.246109009
0.033153020 0.049911857 -0.998203278 -9.981724739 0.013110811 0.998644590 0.050369378 -0.004777193 0.999364257 -0.014757148 0.032453682 22.244447708
0.004875734 0.049426209 -0.998765886 -10.625165939 0.011023586 0.998714387 0.049477477 0.043191433 0.999927342 -0.011251217 0.004324578 22.199962616
-0.016598262 0.053850997 -0.998411238 -11.279414177 0.010416018 0.998503625 0.053682834 0.065874934 0.999807894 -0.009508426 -0.017134365 22.201141357
-0.029651806 0.059759319 -0.997772455 -12.015685081 0.011616110 0.998164415 0.059437592 0.110863566 0.999492705 -0.009827801 -0.030291554 22.164575577
-0.037494786 0.062264334 -0.997355282 -12.757275581 0.011951790 0.998013496 0.061856121 0.134304702 0.999225318 -0.009600896 -0.038164474 22.128150940
-0.041445959 0.059694160 -0.997356296 -13.503690720 0.012615753 0.998165309 0.059218358 0.169423401 0.999061167 -0.010128026 -0.042123005 22.101320267
-0.040610254 0.056033496 -0.997602582 -14.275952339 0.020022811 0.998271525 0.055255972 0.230164051 0.998974323 -0.017730845 -0.041662004 22.072961807
-0.035886120 0.054054387 -0.997892797 -15.072052956 0.031592328 0.998098552 0.052929416 0.253891945 0.998856425 -0.029626327 -0.037525576 22.054515839
-0.030518644 0.054122537 -0.998067796 -15.887856483 0.033115990 0.998039544 0.053108390 0.305652738 0.998985350 -0.031431202 -0.032251127 22.043468475
-0.025612086 0.052565806 -0.998288929 -16.760585785 0.031192996 0.998172343 0.051759385 0.385959804 0.999185085 -0.029813958 -0.027204955 22.024084091
-0.022773148 0.046691861 -0.998649716 -17.626417160 0.034401231 0.998353899 0.045893539 0.361475110 0.999148369 -0.033309631 -0.024341900 22.009340286
-0.021055121 0.035813425 -0.999136686 -18.509485245 0.032033309 0.998869359 0.035128795 0.375007331 0.999264777 -0.031266019 -0.022178533 21.972423553
-0.020492330 0.026464846 -0.999439836 -19.419075012 0.025032207 0.999349833 0.025949223 0.440797746 0.999476433 -0.024486423 -0.021141479 21.948528290
-0.021554932 0.023774466 -0.999485075 -20.336561203 0.018886477 0.999548495 0.023368677 0.428241730 0.999589026 -0.018373044 -0.021994215 21.901824951
-0.025460338 0.031180369 -0.999189377 -21.311031342 0.009949795 0.999471962 0.030935664 0.460941851 0.999625921 -0.009154114 -0.025757127 21.906349182
-0.030329673 0.039047003 -0.998776913 -22.246990204 0.005062399 0.999229848 0.038910985 0.524165273 0.999526978 -0.003876052 -0.030503988 21.845373154
-0.034712777 0.049118407 -0.998189569 -23.241834641 0.003711153 0.998791099 0.049018942 0.511662662 0.999390364 -0.002002853 -0.034853097 21.787288666
-0.036387403 0.058813006 -0.997605503 -24.268938065 0.002327755 0.998269022 0.058767200 0.590560973 0.999335110 -0.000183797 -0.036461316 21.754289627
-0.037377927 0.066559717 -0.997082055 -25.284339905 0.004166116 0.997781038 0.066450194 0.619648218 0.999292612 -0.001670192 -0.037572280 21.718229294
-0.039718594 0.067473657 -0.996930063 -26.316173553 0.005878976 0.997715831 0.067292601 0.658680558 0.999193668 -0.003188169 -0.040024538 21.719629288
-0.041877028 0.064438663 -0.997042656 -27.290464401 0.004803202 0.997919440 0.064293593 0.731844425 0.999111176 -0.002096571 -0.042099405 21.661882401
-0.044698924 0.059785303 -0.997210026 -28.356105804 0.002647006 0.998211324 0.059726682 0.775573015 0.998996913 0.000030099 -0.044777215 21.634172440
-0.048856650 0.054373156 -0.997324646 -29.367021561 0.002270111 0.998520553 0.054327141 0.796770632 0.998803198 0.000390207 -0.048907779 21.558584213
-0.055402335 0.050333660 -0.997194588 -30.416992188 0.004949942 0.998730004 0.050136164 0.846273422 0.998451769 -0.002158395 -0.055581093 21.537647247
-0.061686937 0.047034483 -0.996986628 -31.501123428 0.002960234 0.998893321 0.046941273 0.903380334 0.998091042 -0.000055653 -0.061757885 21.471691132
-0.068176769 0.050017934 -0.996418655 -32.505592346 0.003878622 0.998748243 0.049869485 0.928587139 0.997665763 -0.000464791 -0.068285421 21.380601883
-0.075665563 0.055595189 -0.995582044 -33.539150238 0.003429244 0.998452961 0.055494864 0.970134914 0.997127652 0.000784965 -0.075739160 21.316522598
-0.081474259 0.058727790 -0.994943738 -34.623180389 0.001151849 0.998267293 0.058829639 1.033598423 0.996674836 0.003647080 -0.081400722 21.213710785
-0.085546926 0.060565829 -0.994491637 -35.642631531 -0.002273821 0.998135984 0.060983390 1.066236615 0.996331573 0.007478241 -0.085249767 21.119434357
-0.088833585 0.062639616 -0.994074762 -36.757991791 -0.006413815 0.997963607 0.063457824 1.114047050 0.996025980 0.012013003 -0.088250950 21.003225327
-0.091595910 0.063175261 -0.993790209 -37.821517944 -0.011208182 0.997856319 0.064466812 1.168501377 0.995733559 0.017043475 -0.090691544 20.926052094
-0.093294010 0.063145325 -0.993634224 -38.931060791 -0.011821236 0.997846305 0.064522922 1.208187342 0.995568454 0.017765580 -0.092346609 20.806529999
-0.094560310 0.062919579 -0.993528903 -40.020648956 -0.012071888 0.997854948 0.064342514 1.250112772 0.995445907 0.018078007 -0.093597896 20.706256866
-0.096124984 0.061644282 -0.993458509 -41.037063599 -0.013593585 0.997906029 0.063235573 1.312411308 0.995276451 0.019583162 -0.095085688 20.621181488
-0.097169325 0.060720675 -0.993413925 -42.156459808 -0.015599258 0.997921765 0.062522016 1.362757206 0.995145380 0.021571737 -0.096020170 20.495080948
-0.097753711 0.058570333 -0.993485689 -43.255290985 -0.019464150 0.997963369 0.060749467 1.406944871 0.995020151 0.025275834 -0.096414588 20.383358002
-0.098751917 0.053571720 -0.993669093 -44.302669525 -0.025126047 0.998097301 0.056307506 1.451347351 0.994794726 0.030527445 -0.097217947 20.296150208
-0.098192565 0.052074715 -0.993804097 -45.420398712 -0.027552392 0.998104870 0.055022400 1.498051882 0.994785905 0.032784466 -0.096571669 20.168809891
-0.096248418 0.055962306 -0.993783116 -46.513336182 -0.027599497 0.997884214 0.058866307 1.554188132 0.994974494 0.033093691 -0.094500244 20.071128845
-0.095445223 0.060776390 -0.993577600 -47.634475708 -0.027101688 0.997605681 0.063626260 1.594843388 0.995065570 0.033000439 -0.093569525 19.990606308
-0.093325526 0.060316056 -0.993807018 -48.695968628 -0.024283202 0.997728467 0.062834449 1.647458553 0.995339513 0.029996870 -0.091648877 19.895996094
-0.091260687 0.059083823 -0.994072735 -49.809028625 -0.024085457 0.997815311 0.061517458 1.694927692 0.995535851 0.029556807 -0.089638248 19.784469604
-0.088361219 0.059787780 -0.994292617 -50.997558594 -0.028707549 0.997629464 0.062539689 1.759375095 0.995675087 0.034069765 -0.086435385 19.696039200
-0.082827039 0.060514666 -0.994724989 -52.111827850 -0.034299139 0.997390211 0.063532762 1.803500175 0.995973408 0.039380442 -0.080535270 19.597522736
-0.077578694 0.060346045 -0.995158195 -53.258014679 -0.037567340 0.997280657 0.063403331 1.855594873 0.996278107 0.042304199 -0.075100668 19.482170105
-0.072031289 0.059562862 -0.995622277 -54.392135620 -0.038977072 0.997284651 0.062482212 1.922898650 0.996640503 0.043307137 -0.069514066 19.424600601
-0.066333741 0.058996350 -0.996051908 -55.545913696 -0.038605414 0.997351348 0.061644319 1.967636704 0.997050226 0.042542093 -0.063880458 19.345470428
-0.061000161 0.058676299 -0.996411681 -56.670135498 -0.036460295 0.997473478 0.060970925 2.012069702 0.997471511 0.040048715 -0.058706686 19.258998871
-0.056242242 0.059910886 -0.996618509 -57.811244965 -0.035475783 0.997447968 0.061962787 2.066207647 0.997786760 0.038840763 -0.053973339 19.229322433
-0.051231317 0.061409973 -0.996796966 -58.991443634 -0.033462539 0.997441769 0.063169539 2.108191490 0.998125911 0.036591627 -0.049045302 19.164062500
-0.045538150 0.061902426 -0.997042894 -60.140846252 -0.035418961 0.997350812 0.063539237 2.162997007 0.998334408 0.038207676 -0.043224972 19.107313156
-0.039498869 0.061924864 -0.997299075 -61.275474548 -0.035010614 0.997379482 0.063316494 2.209420681 0.998605967 0.037416976 -0.037227325 19.054822922
-0.036167908 0.058676612 -0.997621834 -62.421718597 -0.034015663 0.997624397 0.059909958 2.258685350 0.998766482 0.036101598 -0.034086045 19.042615891
-0.032227367 0.054121006 -0.998014331 -63.570957184 -0.033626564 0.997908831 0.055201150 2.299701214 0.998914540 0.035338752 -0.030340075 19.009830475
-0.028731361 0.052782588 -0.998192608 -64.750129700 -0.034201778 0.997968078 0.053755168 2.349838972 0.999001741 0.035684414 -0.026867723 18.970117569
-0.024906706 0.055057622 -0.998172462 -65.889541626 -0.033524655 0.997874498 0.055877723 2.409335613 0.999127209 0.034855105 -0.023007983 18.933483124
-0.022346303 0.055679657 -0.998198688 -67.043792725 -0.032617178 0.997875750 0.056391843 2.451408386 0.999218047 0.033818558 -0.020482719 18.898746490
-0.021592034 0.055043317 -0.998250604 -68.228080750 -0.034716446 0.997839808 0.055771593 2.498193741 0.999163985 0.035859931 -0.019634478 18.865669250
-0.021382833 0.055104885 -0.998251855 -69.366920471 -0.036797382 0.997759759 0.055865970 2.555885792 0.999094069 0.037927628 -0.019307211 18.850996017
-0.020634640 0.055078119 -0.998268843 -70.551963806 -0.037011445 0.997754931 0.055814814 2.600211620 0.999101579 0.038099084 -0.018549792 18.807174683
-0.019083006 0.053119212 -0.998405874 -71.732658386 -0.037832249 0.997834146 0.053811900 2.644721031 0.999101639 0.038798820 -0.017032057 18.779811859
-0.018718142 0.051476471 -0.998498678 -72.894935608 -0.035999388 0.997991741 0.052125156 2.697144747 0.999176264 0.036921035 -0.016827423 18.771842957
-0.019025132 0.051366206 -0.998498559 -74.085586548 -0.032163627 0.998130977 0.051960129 2.733983755 0.999301434 0.033103887 -0.017337447 18.738735199
-0.018985493 0.052047186 -0.998463988 -75.256141663 -0.029980067 0.998165429 0.052601673 2.778166771 0.999369979 0.030932700 -0.017390279 18.712327957
-0.018816177 0.054739732 -0.998323023 -76.439651489 -0.030653860 0.997999132 0.055299673 2.824715137 0.999352634 0.031642996 -0.017100541 18.719491959
-0.018877186 0.058183052 -0.998127460 -77.628120422 -0.031960338 0.997759998 0.058766101 2.879887581 0.999310732 0.033009823 -0.016975351 18.686904907
-0.017851165 0.058627158 -0.998120427 -78.792297363 -0.033932518 0.997668743 0.059207529 2.917390347 0.999264598 0.034925658 -0.015820181 18.662334442
-0.017803980 0.055982511 -0.998273134 -79.976989746 -0.035248235 0.997775197 0.056583304 2.965660334 0.999219835 0.036194768 -0.015791090 18.651277542
-0.017489552 0.053790011 -0.998399198 -81.149612427 -0.035993125 0.997870684 0.054392055 3.011163712 0.999198854 0.036886796 -0.015516242 18.621017456
-0.017252622 0.052888557 -0.998451412 -82.309112549 -0.033927150 0.997993946 0.053450562 3.042387009 0.999275267 0.034796786 -0.015423656 18.584987640
-0.017985944 0.054067578 -0.998375297 -83.512031555 -0.032349661 0.997982442 0.054629087 3.101904154 0.999314785 0.033279676 -0.016200591 18.590316772
-0.018201858 0.056962557 -0.998210192 -84.675750732 -0.031822462 0.997837007 0.057521518 3.142285585 0.999327660 0.032812510 -0.016349792 18.562648773
-0.017308904 0.059463423 -0.998080194 -85.844657898 -0.032067250 0.997683406 0.059995901 3.188696384 0.999335647 0.033044152 -0.015361970 18.539663315
-0.017265396 0.059537109 -0.998076379 -87.032592773 -0.033598162 0.997627318 0.060091499 3.231952190 0.999286115 0.034571044 -0.015224084 18.506498337
-0.017201630 0.056992907 -0.998226047 -88.180740356 -0.033076849 0.997795165 0.057538267 3.294444084 0.999304593 0.034007918 -0.015278550 18.511554718
-0.016735774 0.055459086 -0.998320758 -89.368011475 -0.032299820 0.997909427 0.055977713 3.338975191 0.999337971 0.033182409 -0.014909468 18.490098953
-0.018286759 0.056334827 -0.998244405 -90.541191101 -0.028586317 0.997973800 0.056843240 3.395010233 0.999423683 0.029575618 -0.016639300 18.492282867
-0.017766682 0.059493314 -0.998070478 -91.687629700 -0.026397940 0.997852445 0.059950218 3.434606552 0.999493480 0.027412113 -0.016158018 18.468753815
-0.017632578 0.061973691 -0.997921944 -92.868774414 -0.024638863 0.997747362 0.062398203 3.479607582 0.999540746 0.025687890 -0.016065888 18.440784454
-0.015757956 0.063902766 -0.997831702 -94.067993164 -0.026998365 0.997564733 0.064312048 3.544928074 0.999511302 0.027953228 -0.013994310 18.399713516
-0.015303870 0.065598637 -0.997728646 -95.217376709 -0.029163832 0.997391880 0.066023804 3.606214762 0.999457479 0.030108010 -0.013350846 18.384101868
-0.015204124 0.064800583 -0.997782290 -96.381278992 -0.031419937 0.997374058 0.065252826 3.657866240 0.999390602 0.032342367 -0.013128166 18.352312088
-0.014643800 0.060924508 -0.998034775 -97.555984497 -0.033822045 0.997540414 0.061390609 3.702996492 0.999320686 0.034654558 -0.012547186 18.310607910
-0.014431373 0.058592569 -0.998177648 -98.710533142 -0.035492651 0.997622371 0.059073128 3.750517368 0.999265611 0.036280483 -0.012317457 18.271179199
-0.014372988 0.057395823 -0.998247862 -99.863334656 -0.035667758 0.997686267 0.057877082 3.783977270 0.999260187 0.036437139 -0.012292553 18.256904602
-0.013816235 0.058048427 -0.998217881 -101.026206970 -0.034453455 0.997693062 0.058494769 3.849040508 0.999310553 0.035200242 -0.011784392 18.247680664
-0.014139020 0.060847417 -0.998046875 -102.202407837 -0.034078076 0.997537613 0.061299149 3.899224281 0.999319017 0.034878220 -0.012030638 18.235172272
-0.013737319 0.062966473 -0.997920990 -103.338989258 -0.031943601 0.997478306 0.063378274 3.945243359 0.999395072 0.032747831 -0.011691300 18.214021683
-0.014302592 0.061325155 -0.998015285 -104.478576660 -0.037548125 0.997380495 0.061824251 3.995429039 0.999192476 0.038357817 -0.011962483 18.182790756
-0.014438638 0.062020771 -0.997970343 -105.653976440 -0.041950677 0.997158110 0.062577233 4.051971436 0.999015272 0.042769052 -0.011795788 18.157733917
-0.014385014 0.061397750 -0.998009562 -106.804580688 -0.045258079 0.997050047 0.061991032 4.105839252 0.998871684 0.046059739 -0.011563830 18.130912781
-0.014908926 0.057934154 -0.998208821 -107.981582642 -0.046531253 0.997198224 0.058570411 4.155463219 0.998805702 0.047321152 -0.012171392 18.106012344
-0.015702132 0.053208407 -0.998459935 -109.168540955 -0.047806725 0.997401118 0.053903800 4.201919079 0.998732984 0.048579503 -0.013117602 18.077676773
-0.016245104 0.052842066 -0.998470783 -110.341056824 -0.043063235 0.997639000 0.053498715 4.260291100 0.998940170 0.043866448 -0.013931195 18.055801392
-0.016557910 0.052155070 -0.998501778 -111.561882019 -0.037454613 0.997905493 0.052745029 4.302771568 0.999161065 0.038271837 -0.014569777 18.032293320
-0.017123038 0.053867321 -0.998401225 -112.757263184 -0.037653323 0.997804642 0.054480910 4.364742279 0.999144197 0.038525961 -0.015057157 18.018787384
-0.017894549 0.058519825 -0.998125851 -113.995254517 -0.036959369 0.997564673 0.059149541 4.412829876 0.999156594 0.037948549 -0.015688108 18.004657745
-0.018468065 0.058849774 -0.998095930 -115.213111877 -0.035253368 0.997607231 0.059473265 4.465959072 0.999207795 0.036284599 -0.016349217 17.975797653
-0.018655330 0.054083403 -0.998362064 -116.415649414 -0.035058759 0.997886479 0.054712746 4.514673233 0.999211133 0.036022030 -0.016719799 17.941183090
-0.019806916 0.050265785 -0.998539448 -117.638534546 -0.035753019 0.998060822 0.050950911 4.557499886 0.999164462 0.036709983 -0.017971342 17.917663574
-0.020386323 0.048801631 -0.998600483 -118.857398987 -0.034359254 0.998183787 0.049482714 4.588625431 0.999201477 0.035319928 -0.018672509 17.875148773
-0.021256361 0.049874488 -0.998529315 -120.125083923 -0.035280887 0.998095512 0.050603867 4.643013000 0.999151111 0.036304649 -0.019456258 17.842266083
-0.021856949 0.054889735 -0.998253167 -121.384475708 -0.041218676 0.997593403 0.055755939 4.698235512 0.998910725 0.042365327 -0.019541867 17.825704575
-0.022394147 0.058999710 -0.998006761 -122.614845276 -0.046840735 0.997099102 0.059997093 4.740089893 0.998651087 0.048090965 -0.019565590 17.789035797
-0.022401042 0.058559585 -0.998032570 -123.894638062 -0.053953473 0.996757507 0.059695773 4.803173542 0.998291910 0.055184584 -0.019168913 17.729919434
-0.022153245 0.056213595 -0.998172998 -125.154670715 -0.057629235 0.996686101 0.057408884 4.853595257 0.998091936 0.058795743 -0.018840287 17.694381714
-0.022305952 0.054148182 -0.998283863 -126.381675720 -0.059541192 0.996687710 0.055392049 4.920451641 0.997975945 0.060674567 -0.019008035 17.659835815
-0.022821093 0.053785216 -0.998291790 -127.662628174 -0.060316700 0.996658683 0.055076089 4.971800804 0.997918248 0.061470542 -0.019500691 17.628696442
-0.023349697 0.053188507 -0.998311758 -128.910659790 -0.057594500 0.996853769 0.054457933 5.006383896 0.998066783 0.058768801 -0.020212868 17.598148346
-0.023800896 0.053241774 -0.998297989 -130.191360474 -0.057961777 0.996827662 0.054545250 5.049201012 0.998035073 0.059161339 -0.020639399 17.568204880
-0.024645595 0.058678705 -0.997972548 -131.439254761 -0.057766076 0.996524632 0.060020100 5.108677387 0.998025954 0.059128173 -0.021170288 17.532348633
-0.025259977 0.063717321 -0.997648299 -132.671630859 -0.056636613 0.996272624 0.065063462 5.143753052 0.998075306 0.058146913 -0.021557083 17.492771149
-0.025068607 0.062247340 -0.997745931 -133.953628540 -0.056589924 0.996370792 0.063583359 5.213917732 0.998082638 0.058056302 -0.021455053 17.453981400
-0.024162192 0.059944186 -0.997909248 -135.208404541 -0.056733690 0.996510029 0.061233789 5.273661137 0.998096824 0.058094617 -0.020677000 17.424077988
-0.022825725 0.060273308 -0.997920811 -136.431869507 -0.056256130 0.996522009 0.061475575 5.323281288 0.998155355 0.057542387 -0.019355591 17.395542145
-0.021902444 0.059342291 -0.997997344 -137.710342407 -0.056954470 0.996541619 0.060505684 5.373625755 0.998136401 0.058165625 -0.018446889 17.356325150
-0.021523794 0.061044991 -0.997902632 -138.943176270 -0.056328658 0.996474624 0.062172569 5.428992271 0.998180151 0.057548705 -0.018009327 17.342626572
-0.020413281 0.065064795 -0.997672260 -140.206512451 -0.057381887 0.996159256 0.066140205 5.476681709 0.998143554 0.058598451 -0.016601335 17.304397583
-0.019268418 0.066434987 -0.997604787 -141.468429565 -0.058235221 0.996021509 0.067454353 5.537000179 0.998116970 0.059395459 -0.015322899 17.274156570
-0.018653160 0.063392796 -0.997814357 -142.673492432 -0.060734943 0.996073306 0.064417556 5.588341713 0.997979760 0.061803780 -0.014729751 17.239660263
-0.018381581 0.060058240 -0.998025835 -143.901763916 -0.059860393 0.996337950 0.061059166 5.658192635 0.998037755 0.060864605 -0.014719140 17.226795197
-0.018215291 0.058792952 -0.998103976 -145.138626099 -0.057437990 0.996559381 0.059750214 5.700919151 0.998182654 0.058417458 -0.014775673 17.193759918
-0.017623633 0.058191303 -0.998149872 -146.362045288 -0.055202261 0.996725559 0.059082948 5.748310566 0.998319447 0.056141391 -0.014353635 17.170129776
-0.018786101 0.058102723 -0.998133838 -147.613769531 -0.052924752 0.996852458 0.059024248 5.812498569 0.998421371 0.053934857 -0.015651902 17.163349152
-0.018508337 0.056869715 -0.998210013 -148.836807251 -0.050415222 0.997057974 0.057738852 5.835130215 0.998556793 0.051393624 -0.015586782 17.126552582
-0.018998502 0.056643650 -0.998213708 -150.090515137 -0.050440729 0.997068286 0.057538647 5.887284279 0.998546302 0.051443767 -0.016085653 17.095989227
-0.018785253 0.058949057 -0.998084307 -151.329132080 -0.047898889 0.997061193 0.059790142 5.937113285 0.998675406 0.048930291 -0.015906451 17.075088501
-0.019202353 0.061153080 -0.997943878 -152.553619385 -0.046297979 0.997003019 0.061986223 6.013568878 0.998742998 0.047393054 -0.016313542 17.074924469
-0.019816220 0.059049454 -0.998058319 -153.804122925 -0.044384077 0.997218370 0.059880979 6.067269802 0.998817861 0.045484517 -0.017140239 17.034336090
-0.020363515 0.059014335 -0.998049438 -155.033203125 -0.045670956 0.997159600 0.059893548 6.117656708 0.998748839 0.046801515 -0.017610429 17.003927231
-0.020226633 0.064697593 -0.997700155 -156.247619629 -0.045158025 0.996826708 0.065556437 6.169069290 0.998774707 0.046380155 -0.017240839 17.001295090
-0.020060390 0.071280524 -0.997254491 -157.509231567 -0.049514607 0.996160507 0.072198339 6.237017632 0.998571813 0.050826989 -0.016453935 16.955200195
-0.018665511 0.071819112 -0.997242987 -158.695983887 -0.055062186 0.995829284 0.072747909 6.292219639 0.998308301 0.056268249 -0.014633141 16.931423187
-0.017441416 0.067526087 -0.997564733 -159.936065674 -0.059130520 0.995900810 0.068447269 6.357722759 0.998097956 0.060180329 -0.013377056 16.901075363
-0.015653390 0.061986074 -0.997954369 -161.159744263 -0.061328948 0.996137679 0.062835209 6.407377720 0.997994900 0.062187035 -0.011791394 16.885198593
-0.014922797 0.060610849 -0.998050034 -162.381683350 -0.063121073 0.996112943 0.061436985 6.467146873 0.997894228 0.063914768 -0.011038967 16.849224091
-0.014071555 0.057829499 -0.998227358 -163.631256104 -0.058883991 0.996545732 0.058562148 6.500417233 0.998165548 0.059603676 -0.010617713 16.821811676
-0.013593018 0.053106166 -0.998496413 -164.850112915 -0.054614872 0.997058570 0.053773202 6.554180145 0.998414755 0.055263698 -0.010652645 16.800655365
-0.013889411 0.049834441 -0.998661041 -166.004837036 -0.049066808 0.997520149 0.050459944 6.605604172 0.998698235 0.049701966 -0.011409753 16.808963776
-0.014950387 0.051765893 -0.998547375 -167.251678467 -0.045419078 0.997592866 0.052396435 6.659262657 0.998855889 0.046136435 -0.012563244 16.758630753
-0.014015554 0.059565946 -0.998126090 -168.446578979 -0.046386365 0.997110486 0.060156696 6.695919991 0.998824954 0.047142535 -0.011212013 16.765680313
-0.012836807 0.062599540 -0.997956276 -169.703018188 -0.046937283 0.996900320 0.063137069 6.760283470 0.998815000 0.047651812 -0.009858772 16.727827072
-0.010690972 0.059237607 -0.998186946 -170.904693604 -0.049615491 0.996982455 0.059697557 6.804696083 0.998710573 0.050163697 -0.007719623 16.728559494
-0.009808520 0.058481675 -0.998240352 -172.079238892 -0.051564775 0.996930420 0.058911603 6.860501289 0.998621285 0.052051853 -0.006762824 16.711696625
-0.009219354 0.059702612 -0.998173654 -173.319763184 -0.050696936 0.996904314 0.060094945 6.911605835 0.998671293 0.051158350 -0.006164082 16.700775146
-0.008924750 0.058491696 -0.998247981 -174.536270142 -0.049377624 0.997043967 0.058862608 6.960553169 0.998739839 0.049816418 -0.006010198 16.690576553
-0.007541522 0.056602672 -0.998368323 -175.690155029 -0.049659587 0.997143567 0.056908365 6.998433113 0.998737633 0.050007723 -0.004709116 16.673032761
-0.005723312 0.058810718 -0.998252690 -176.873062134 -0.051133670 0.996945620 0.059026938 7.051899910 0.998675406 0.051382117 -0.002698616 16.669660568
-0.004273237 0.060985703 -0.998129487 -177.977233887 -0.051061429 0.996823251 0.061124507 7.088936806 0.998686254 0.051227108 -0.001145642 16.670173645
-0.004063171 0.062572822 -0.998032331 -179.087219238 -0.052427564 0.996654451 0.062699944 7.121477127 0.998616397 0.052579138 -0.000769035 16.656976700
-0.003612179 0.063850522 -0.997952878 -180.171646118 -0.053334940 0.996526659 0.063952334 7.167817116 0.998570144 0.053456761 -0.000194165 16.647911072
-0.003705501 0.064894311 -0.997885168 -181.175292969 -0.052145425 0.996521831 0.064999297 7.199840069 0.998632610 0.052275989 -0.000308668 16.629619598
-0.004016766 0.064367488 -0.997918010 -182.247955322 -0.051970799 0.996563852 0.064489327 7.231485844 0.998640597 0.052121602 -0.000657732 16.647048950
-0.002901426 0.064236857 -0.997930408 -183.203384399 -0.052473512 0.996550143 0.064300559 7.261619091 0.998618126 0.052551467 0.000479322 16.642652512
-0.001881786 0.064767778 -0.997898519 -184.181945801 -0.053097885 0.996486247 0.064776234 7.308593273 0.998587489 0.053108186 0.001563861 16.643913269
-0.001530901 0.063272044 -0.997995079 -185.120788574 -0.052551422 0.996612549 0.063264981 7.347392559 0.998616695 0.052542929 0.001799326 16.629081726
-0.004365483 0.060095467 -0.998183072 -186.027450562 -0.049204446 0.996970713 0.060237672 7.372671604 0.998779058 0.049378011 -0.001395293 16.630935669
-0.009165572 0.056942683 -0.998335421 -186.976745605 -0.049010701 0.997151971 0.057325140 7.399461269 0.998755991 0.049454547 -0.006348668 16.596588135
-0.014651567 0.053735700 -0.998447537 -187.896591187 -0.050741065 0.997228622 0.054414652 7.450958252 0.998604059 0.051459581 -0.011884355 16.596254349
-0.018596042 0.053262435 -0.998407364 -188.789443970 -0.052384678 0.997156620 0.054171409 7.490482807 0.998453617 0.053308625 -0.015753033 16.559597015
-0.021711757 0.053764861 -0.998317599 -189.743469238 -0.054567639 0.997000635 0.054880701 7.523244381 0.998273790 0.055667385 -0.018712819 16.522718430
-0.023598060 0.055396147 -0.998185575 -190.635894775 -0.053422946 0.996967077 0.056591488 7.556501389 0.998292923 0.054661456 -0.020567063 16.510992050
-0.025108673 0.056986406 -0.998059154 -191.586502075 -0.050042171 0.997050583 0.058187734 7.588217258 0.998431385 0.051406082 -0.022182899 16.505331039
-0.026422488 0.057151921 -0.998015761 -192.491271973 -0.048089266 0.997135818 0.058374681 7.623377800 0.998493493 0.049536243 -0.023598414 16.482437134
-0.027303210 0.056544010 -0.998026609 -193.380538940 -0.048255030 0.997160494 0.057815030 7.642732143 0.998461843 0.049738336 -0.024497140 16.451215744
-0.027980406 0.055281885 -0.998078585 -194.305526733 -0.049989853 0.997142911 0.056631457 7.683181763 0.998357832 0.051478367 -0.025136923 16.404273987
-0.027777560 0.054322470 -0.998136938 -195.191009521 -0.054102261 0.996977150 0.055764943 7.722450256 0.998149097 0.055550486 -0.024754614 16.383983612
-0.027945472 0.052873876 -0.998210073 -196.123107910 -0.057207294 0.996878743 0.054404866 7.758557320 0.997971416 0.058625281 -0.024833467 16.369331360
-0.027291687 0.050515689 -0.998350322 -197.019744873 -0.057698257 0.996977627 0.052023534 7.790662766 0.997960925 0.059022881 -0.024294531 16.334579468
-0.026515707 0.047606554 -0.998514116 -197.911453247 -0.057624757 0.997131586 0.049070895 7.816054344 0.997986078 0.058840282 -0.023696333 16.294048309
-0.026053833 0.047589943 -0.998527050 -198.861923218 -0.057659432 0.997131646 0.049027923 7.842814445 0.997996271 0.058851868 -0.023235090 16.272975922
-0.025245247 0.050062753 -0.998426974 -199.787750244 -0.055212103 0.997150838 0.051394839 7.879436016 0.998155534 0.056422733 -0.022409245 16.248516083
-0.024901107 0.051528662 -0.998361051 -200.720977783 -0.053949211 0.997145772 0.052811597 7.914935112 0.998233318 0.055175878 -0.022050107 16.232673645
-0.024625950 0.048018515 -0.998542845 -201.687133789 -0.049747828 0.997549474 0.049197622 7.933002949 0.998458028 0.050886866 -0.022176787 16.210262299
-0.023807600 0.044150934 -0.998741210 -202.620773315 -0.047511861 0.997845531 0.045243919 7.955358505 0.998586833 0.048529197 -0.021658614 16.175041199
-0.023494998 0.044971712 -0.998712003 -203.588928223 -0.052643482 0.997546256 0.046157662 7.985310555 0.998336852 0.053660151 -0.021069879 16.139606476
-0.021737408 0.048785396 -0.998572588 -204.485885620 -0.053854130 0.997301757 0.049895614 8.053380966 0.998312116 0.054861847 -0.019051449 16.133199692
-0.019835293 0.049019828 -0.998600841 -205.419738770 -0.051859800 0.997402370 0.049991090 8.071720123 0.998457313 0.052778810 -0.017241608 16.105764389
-0.017535720 0.049509037 -0.998619795 -206.434631348 -0.050594639 0.997449756 0.050339475 8.104141235 0.998565197 0.051407516 -0.014986111 16.082098007
-0.016363002 0.054375499 -0.998386562 -207.417068481 -0.051779341 0.997134149 0.055155959 8.164681435 0.998524427 0.052598260 -0.013500584 16.079730988
-0.014660851 0.058363035 -0.998187780 -208.437362671 -0.048699737 0.997068822 0.059012864 8.203414917 0.998705804 0.049476661 -0.011775611 16.056716919
-0.013013742 0.059447549 -0.998146594 -209.444686890 -0.047885843 0.997048914 0.060006484 8.233982086 0.998768032 0.048577998 -0.010128640 16.042247772
-0.010736447 0.059971429 -0.998142540 -210.422607422 -0.051229566 0.996856093 0.060445189 8.276206970 0.998629272 0.051783357 -0.007630381 16.022052765
-0.009176803 0.062208988 -0.998021066 -211.450393677 -0.054106634 0.996570230 0.062616035 8.338570595 0.998493195 0.054574173 -0.005779411 16.053281784
-0.005877700 0.062773623 -0.998010516 -212.449523926 -0.055470236 0.996470511 0.063003458 8.377867699 0.998443007 0.055730179 -0.002374892 16.054315567
-0.002896857 0.060314909 -0.998175204 -213.506179810 -0.058472525 0.996461213 0.060381040 8.425754547 0.998284698 0.058540735 0.000640152 16.029525757
