0.999999881 0.000000000 0.000000000 0.000000000 0.000000000 1.000000000 0.000000000 0.000000000 0.000000000 0.000000000 1.000000000 0.000000000
0.999951065 -0.001451423 0.009770690 0.017362589 0.001445131 0.999998748 0.000650992 -0.011394951 -0.009771623 -0.000636840 0.999952078 0.266419500
0.999840975 -0.003466082 0.017485378 0.013754980 0.003439908 0.999992907 0.001526756 -0.024975253 -0.017490547 -0.001466366 0.999845982 0.574099422
0.999797583 -0.006788339 0.018933669 0.030663617 0.006802659 0.999976635 -0.000692013 -0.008323800 -0.018928530 0.000820672 0.999820530 0.885416865
0.999822557 -0.007825957 0.017129291 0.037742287 0.007845808 0.999968648 -0.001091946 -0.024624038 -0.017120210 0.001226146 0.999852657 1.166073442
0.999878645 -0.011486203 0.010511423 0.030515764 0.011528909 0.999925494 -0.004011232 -0.018833404 -0.010464566 0.004131931 0.999936700 1.502048254
0.999927521 -0.011924910 -0.001591038 0.029341690 0.011917723 0.999919057 -0.004453945 -0.041678116 0.001644022 0.004434661 0.999988794 1.814588785
0.999787092 -0.011976990 -0.016794821 -0.012813218 0.011893063 0.999916315 -0.005088300 -0.040920116 0.016854361 0.004887475 0.999845982 2.158856392
0.999289513 -0.007958615 -0.036837365 -0.014098167 0.007768365 0.999955833 -0.005304869 -0.027880669 0.036877964 0.005014935 0.999307156 2.534082413
0.998382568 -0.005867194 -0.056548476 -0.061564043 0.005553374 0.999968350 -0.005705126 -0.043957673 0.056580164 0.005381864 0.998383522 2.892197847
0.997060061 -0.004001067 -0.076518722 -0.098523661 0.003465245 0.999968588 -0.007133992 -0.035929445 0.076544844 0.006847862 0.997042656 3.239325047
0.995188057 -0.004448509 -0.097880915 -0.152148262 0.003806208 0.999969900 -0.006747806 -0.043997224 0.097908005 0.006342781 0.995175302 3.629013062
0.993081391 -0.004910561 -0.117323324 -0.215303838 0.004206474 0.999971569 -0.006248093 -0.048198067 0.117350683 0.005711346 0.993074238 4.022832394
0.990840852 -0.004813137 -0.134948105 -0.286010623 0.004136220 0.999977291 -0.005296032 -0.054785579 0.134970576 0.004689348 0.990838647 4.400281429
0.988519371 -0.004261254 -0.151033968 -0.360684186 0.003532376 0.999980748 -0.005093879 -0.069209062 0.151052773 0.004501887 0.988515615 4.822137833
0.986400306 -0.004141397 -0.164308220 -0.433258235 0.003476844 0.999984443 -0.004331929 -0.067823671 0.164323583 0.003701735 0.986399651 5.221895695
0.984244108 -0.004917560 -0.176746234 -0.530007005 0.004067859 0.999978364 -0.005169493 -0.071013533 0.176767856 0.004369065 0.984242857 5.670128822
0.982451499 -0.008212971 -0.186336577 -0.623972714 0.007087981 0.999952316 -0.006702836 -0.084164657 0.186382771 0.005264461 0.982463181 6.111856461
0.980903685 -0.007174403 -0.194360390 -0.708689868 0.005643957 0.999948442 -0.008426891 -0.088659585 0.194410846 0.007169008 0.980894089 6.556618214
0.979290664 -0.007355757 -0.202324599 -0.816364169 0.005368433 0.999931753 -0.010369463 -0.096030042 0.202387080 0.009068553 0.979263783 7.021377563
0.977764666 -0.008138571 -0.209546596 -0.932506204 0.005537535 0.999900222 -0.012996392 -0.104681388 0.209631503 0.011547044 0.977712393 7.506632805
0.976008296 -0.013381861 -0.217321023 -1.030039549 0.010242633 0.999826550 -0.015565192 -0.115163535 0.217491597 0.012965826 0.975976110 7.993018150
0.974172831 -0.018765815 -0.225022197 -1.140236616 0.015385829 0.999741197 -0.016764993 -0.132483378 0.225278586 0.012869850 0.974209487 8.506327629
0.972209036 -0.019898152 -0.233267039 -1.266296268 0.015830040 0.999688327 -0.019299094 -0.165577427 0.233578429 0.015070127 0.972221255 9.021468163
0.970225215 -0.015721789 -0.241693750 -1.430385947 0.010353251 0.999670923 -0.023466181 -0.164242119 0.241983235 0.020265166 0.970068812 9.561903954
0.967890561 -0.012979843 -0.251036853 -1.572145343 0.006481043 0.999622405 -0.026697265 -0.170165747 0.251288712 0.024213057 0.967609465 10.084302902
0.965395868 -0.015734553 -0.260313511 -1.730560184 0.008477544 0.999544024 -0.028977346 -0.191576675 0.260650784 0.025767788 0.965089262 10.647308350
0.963088393 -0.017119924 -0.268640101 -1.899146080 0.009206869 0.999486625 -0.030688291 -0.229396850 0.269027561 0.027082207 0.962751627 11.195771217
0.960898697 -0.017761918 -0.276329547 -2.072631359 0.008781495 0.999393344 -0.033702567 -0.254684240 0.276760548 0.029958170 0.960471690 11.767378807
0.958455086 -0.016794140 -0.284748465 -2.256359577 0.006569162 0.999300122 -0.036825977 -0.268440068 0.285167694 0.033425488 0.957894504 12.359351158
0.956429780 -0.018379178 -0.291382581 -2.434131861 0.006445379 0.999102473 -0.041862939 -0.292730838 0.291890651 0.038160864 0.955689847 12.965228081
0.954538345 -0.018667117 -0.297502697 -2.630945921 0.004385171 0.998808622 -0.048601452 -0.330796659 0.298055559 0.045087364 0.953483164 13.581194878
0.953394353 -0.019162117 -0.301117301 -2.844839573 0.002154210 0.998388112 -0.056713510 -0.361977071 0.301718801 0.053421687 0.951899171 14.219732285
0.952163935 -0.019831687 -0.304942966 -3.050325871 -0.000274241 0.997835994 -0.065749660 -0.419262409 0.305587173 0.062688097 0.950098276 14.829904556
0.950861752 -0.019403001 -0.309006751 -3.272137642 -0.003948154 0.997192860 -0.074764401 -0.461457610 0.309590489 0.072310604 0.948116601 15.454517365
0.949552059 -0.018476844 -0.313064724 -3.504214525 -0.007506619 0.996637583 -0.081589036 -0.516041934 0.313519686 0.079823077 0.946220756 16.095045090
0.947965980 -0.017516263 -0.317889512 -3.734804630 -0.011250061 0.996018469 -0.088430755 -0.586321652 0.318172842 0.087405600 0.943994820 16.767816544
0.946493149 -0.015786543 -0.322337955 -3.979514599 -0.015517944 0.995420992 -0.094316825 -0.657224655 0.322350979 0.094272211 0.941914320 17.446640015
0.944508553 -0.014790165 -0.328154027 -4.226652622 -0.018930420 0.994874477 -0.099326245 -0.716964960 0.327941120 0.100026526 0.939387858 18.147342682
0.942807615 -0.010884859 -0.333159387 -4.504260540 -0.024587080 0.994473219 -0.102070034 -0.778316736 0.332429141 0.104423836 0.937329412 18.863334656
0.941040874 -0.011286935 -0.338104337 -4.758262157 -0.025398130 0.994265079 -0.103881791 -0.866699576 0.337338001 0.106344238 0.935357511 19.540460587
0.938773215 -0.010218158 -0.344383478 -5.050611019 -0.026990905 0.994306862 -0.103077896 -0.953114510 0.343476236 0.106062017 0.933153033 20.274875641
0.936529934 -0.010606420 -0.350425959 -5.297779083 -0.026537705 0.994529784 -0.101024978 -1.041804314 0.349580705 0.103912428 0.931125522 20.961576462
0.933953345 -0.010294916 -0.357246459 -5.573051929 -0.026897503 0.994725347 -0.098983854 -1.127361178 0.356381238 0.102055356 0.928750396 21.677276611
0.931177557 -0.009613898 -0.364439160 -5.852788925 -0.027023820 0.995081663 -0.095298715 -1.215078950 0.363563001 0.098588564 0.926338196 22.359575272
0.927441955 -0.007724493 -0.373887181 -6.189354897 -0.028324144 0.995463729 -0.090825379 -1.278868914 0.372892797 0.094825290 0.923016310 23.178947449
0.924227893 -0.005362908 -0.381803155 -6.515336037 -0.029569568 0.995893598 -0.085567385 -1.369328737 0.380694240 0.090373546 0.920274138 23.901603699
0.920750439 -0.002256946 -0.390144885 -6.846000671 -0.032180727 0.996136665 -0.081709757 -1.441869020 0.388821989 0.087789468 0.917120695 24.651165009
0.916852832 -0.001088168 -0.399223328 -7.179052830 -0.033402584 0.996281087 -0.079427652 -1.514193773 0.397825032 0.086158581 0.913406730 25.385845184
0.912728012 0.001429928 -0.408564568 -7.543498993 -0.037044968 0.996164799 -0.079271458 -1.580796957 0.406884074 0.087488592 0.909280300 26.177665710
0.908811331 0.001100737 -0.417205870 -7.901175976 -0.037185460 0.996230125 -0.078373723 -1.649007559 0.415546894 0.086740911 0.905426383 26.926145554
0.905065179 0.001991346 -0.425268024 -8.290197372 -0.038190976 0.996329010 -0.076613516 -1.724491119 0.423554510 0.085581638 0.901818991 27.728229523
0.901170135 0.001922129 -0.433461428 -8.676016808 -0.037883431 0.996512890 -0.074341044 -1.803361416 0.431807131 0.083414935 0.898100615 28.514011383
0.897164404 0.001367196 -0.441694587 -9.061801910 -0.035943922 0.996904075 -0.069922984 -1.865620852 0.440231889 0.078608654 0.894436538 29.318405151
0.892916620 0.003148621 -0.450210750 -9.488008499 -0.035939451 0.997282863 -0.064305142 -1.931732297 0.448785186 0.073599458 0.890603781 30.152366638
0.889165044 0.003249520 -0.457574785 -9.904472351 -0.034511335 0.997602820 -0.059978254 -1.998658657 0.456283212 0.069122091 0.887145936 30.918514252
0.885355949 0.002289229 -0.464907795 -10.341207504 -0.032997377 0.997775257 -0.057926074 -2.068438768 0.463741064 0.066625938 0.883462191 31.754526138
0.882666051 0.003035078 -0.469990939 -10.762697220 -0.034096364 0.997757494 -0.057591356 -2.110920668 0.468762547 0.066858895 0.880790412 32.531742096
0.879801393 0.002678916 -0.475333780 -11.209316254 -0.033148587 0.997895241 -0.055731140 -2.165702581 0.474184096 0.064789005 0.878038704 33.340961456
0.876768470 0.002063233 -0.480907977 -11.677175522 -0.032138586 0.998006582 -0.054311801 -2.235105038 0.479837269 0.063074604 0.875087261 34.189270020
0.873886049 0.000485736 -0.486129850 -12.171946526 -0.030560095 0.998076499 -0.053938806 -2.289712429 0.485168427 0.061992545 0.872220397 35.059673309
0.871594906 0.000073493 -0.490226835 -12.653555870 -0.030628353 0.998054504 -0.054305799 -2.355141163 0.489269167 0.062347475 0.869901419 35.909713745
0.870183527 -0.000190290 -0.492727667 -13.157044411 -0.030795572 0.998023868 -0.054772042 -2.412420988 0.491764486 0.062835537 0.868457973 36.768840790
0.869784236 -0.000300029 -0.493432105 -13.651081085 -0.030172419 0.998095930 -0.053792492 -2.471087933 0.492509067 0.061675858 0.868119180 37.635620117
0.869479239 -0.000073277 -0.493969500 -14.180812836 -0.029633371 0.998191178 -0.052308362 -2.532617569 0.493079960 0.060119018 0.867904365 38.536659241
0.869389653 -0.000629378 -0.494126737 -14.680654526 -0.028726444 0.998243511 -0.051814128 -2.589522600 0.493291438 0.059241157 0.867844462 39.417972565
0.869124532 -0.002174141 -0.494588196 -15.196181297 -0.027362982 0.998247325 -0.052472286 -2.650961399 0.493835598 0.059138358 0.867542028 40.299201965
0.867403269 -0.006656585 -0.497561067 -15.728302002 -0.023017608 0.998303235 -0.053482581 -2.705558300 0.497072995 0.057843611 0.865778744 41.252861023
0.866542220 -0.003342048 -0.499092698 -16.284093857 -0.025124261 0.998417675 -0.050307266 -2.792714119 0.498471230 0.056132704 0.865087092 42.154338837
0.864498556 -0.002501457 -0.502628863 -16.839660645 -0.024142819 0.998626649 -0.046494473 -2.863950253 0.502054870 0.052329283 0.863251209 43.112625122
0.861594915 -0.002368249 -0.507590771 -17.402919769 -0.022179348 0.998858452 -0.042308021 -2.929513216 0.507111490 0.047710415 0.860558927 44.037303925
0.857325077 -0.004670711 -0.514753819 -17.926088333 -0.019107822 0.998981118 -0.040888593 -2.965050220 0.514420509 0.044890646 0.856362581 44.920585632
0.852255464 -0.008298809 -0.523059845 -18.499362946 -0.016717149 0.998931408 -0.043087270 -3.027149439 0.522858679 0.045465451 0.851206183 45.833129883
0.845740736 -0.011178157 -0.533476889 -19.066444397 -0.015878746 0.998810410 -0.046101652 -3.087547302 0.533357739 0.047460996 0.844557464 46.726947784
0.839754999 -0.012377444 -0.542824566 -19.644001007 -0.014902761 0.998837948 -0.045830160 -3.147521734 0.542761207 0.046575699 0.838594913 47.649959564
0.833749413 -0.009217933 -0.552066028 -20.237188339 -0.015783524 0.999054074 -0.040518209 -3.203877449 0.551917374 0.042495586 0.832815468 48.554630280
0.828818619 -0.004557969 -0.559498906 -20.828525543 -0.018782750 0.999176562 -0.035963818 -3.269129515 0.559202075 0.040316422 0.828050673 49.397922516
0.824949265 -0.004720777 -0.565187216 -21.469558716 -0.019852016 0.999105990 -0.037321217 -3.327539444 0.564858079 0.042008221 0.824118257 50.307662964
0.821056068 -0.007795601 -0.570794463 -22.090587616 -0.019710975 0.998923182 -0.041995931 -3.374562740 0.570506990 0.045731924 0.820018709 51.211978912
0.818267465 -0.011487318 -0.574722707 -22.728996277 -0.020391285 0.998590946 -0.048991729 -3.449077606 0.574475765 0.051807687 0.816880226 52.062355042
0.814867377 -0.011885523 -0.579525530 -23.351337433 -0.021456996 0.998485923 -0.050648555 -3.510987520 0.579250097 0.053706750 0.813378453 52.949180603
0.811541975 -0.008893183 -0.584226549 -23.971397400 -0.022592267 0.998658955 -0.046584401 -3.560185671 0.583856881 0.051004209 0.810252368 53.806266785
0.808587790 -0.006625614 -0.588338017 -24.637023926 -0.021879405 0.998906314 -0.041319415 -3.622537136 0.587968469 0.046282861 0.807558715 54.692413330
0.804938078 -0.004933274 -0.593338311 -25.249732971 -0.021783117 0.999045670 -0.037858047 -3.686332226 0.592958868 0.043398134 0.804062486 55.527351379
0.801991940 -0.004292896 -0.597319245 -25.907238007 -0.023243550 0.998992503 -0.038387708 -3.734642982 0.596882343 0.044670451 0.801084340 56.389705658
0.798612654 -0.005760884 -0.601817608 -26.571928024 -0.023565020 0.998887956 -0.040832672 -3.775149345 0.601383746 0.046791315 0.797589123 57.266201019
0.794960022 -0.007594448 -0.606613994 -27.232364655 -0.023894787 0.998753786 -0.043817617 -3.834858418 0.606190920 0.049328182 0.793787897 58.108497620
0.790849388 -0.008649732 -0.611949623 -27.872425079 -0.023061432 0.998768866 -0.043920603 -3.888264656 0.611576140 0.048847035 0.789676309 58.909858704
0.786081672 -0.009067951 -0.618056118 -28.569915771 -0.022170860 0.998835444 -0.042852882 -3.952229500 0.617724895 0.047388714 0.784965217 59.776306152
0.781098664 -0.009522286 -0.624335229 -29.240407944 -0.021482004 0.998882234 -0.042110700 -4.011207581 0.624038279 0.046304591 0.780020893 60.647338867
0.775518596 -0.010986214 -0.631229043 -29.948425293 -0.020827424 0.998859227 -0.042972889 -4.078627586 0.630981028 0.046473153 0.774405003 61.493038177
0.769968033 -0.012275309 -0.637964308 -30.645742416 -0.020393223 0.998830914 -0.043831732 -4.142355442 0.637756467 0.046759196 0.768817484 62.328609467
0.764738798 -0.013429347 -0.644200444 -31.354492188 -0.020297932 0.998784542 -0.044917129 -4.209001541 0.644020677 0.047425814 0.763536632 63.158130646
0.758951783 -0.016112398 -0.650947213 -32.086696625 -0.018233400 0.998775899 -0.045980629 -4.247552872 0.650891185 0.046766084 0.757729352 64.044021606
0.752445400 -0.018278785 -0.658400834 -32.817203522 -0.016506378 0.998777509 -0.046592578 -4.311804771 0.658447564 0.045926198 0.751224041 64.814491272
0.746402085 -0.019232186 -0.665217400 -33.553783417 -0.015955465 0.998777866 -0.046778496 -4.377900600 0.665304005 0.045529429 0.745182991 65.648780823
0.740195394 -0.019068368 -0.672121525 -34.317283630 -0.015360052 0.998857439 -0.045253742 -4.442584991 0.672216713 0.043820433 0.739056766 66.528518677
0.733632982 -0.019144133 -0.679276109 -35.083042145 -0.015302214 0.998884082 -0.044678424 -4.507936478 0.679373562 0.043171994 0.732521594 67.356849670
0.727252603 -0.021250138 -0.686040759 -35.846710205 -0.013573173 0.998879671 -0.045328893 -4.566905022 0.686235666 0.042277288 0.726149797 68.151931763
0.720834076 -0.023226149 -0.692718089 -36.616458893 -0.013003983 0.998809218 -0.047020864 -4.640649796 0.692985713 0.042902332 0.719673812 68.951019287
0.714967132 -0.022437686 -0.698797584 -37.400554657 -0.014565081 0.998789966 -0.046972252 -4.705583096 0.699006319 0.043761656 0.713775396 69.727325439
0.708963454 -0.022469535 -0.704886496 -38.232231140 -0.013814407 0.998858035 -0.045734711 -4.758343697 0.705109775 0.042161815 0.707843781 70.578872681
0.703958035 -0.021563198 -0.709914148 -39.051322937 -0.015465802 0.998836577 -0.045675095 -4.818580151 0.710073173 0.043132748 0.702805638 71.361709595
0.699030280 -0.021745920 -0.714761376 -39.869033813 -0.016164821 0.998801589 -0.046196617 -4.891702652 0.714909434 0.043846823 0.697840989 72.166046143
0.693678141 -0.023960322 -0.719886363 -40.714996338 -0.016122501 0.998679698 -0.048775073 -4.965776920 0.720104635 0.045440573 0.692375958 72.953117371
0.688697994 -0.028453626 -0.724489689 -41.561779022 -0.013249577 0.998569131 -0.051812861 -5.023829460 0.724927187 0.045282599 0.687335551 73.765991211
0.683508515 -0.028940985 -0.729368567 -42.405967712 -0.014211352 0.998496711 -0.052937657 -5.098764420 0.729804158 0.046548661 0.682069719 74.578880310
0.678946078 -0.028865896 -0.733620465 -43.287994385 -0.013516681 0.998566091 -0.051800098 -5.179116726 0.734063506 0.045085602 0.677582502 75.373016357
0.673443377 -0.028153745 -0.738702655 -44.144569397 -0.013443977 0.998642862 -0.050316963 -5.240645409 0.739116609 0.043816738 0.672151148 76.144538879
0.668222785 -0.029248588 -0.743385851 -45.034240723 -0.012510609 0.998643756 -0.050537407 -5.316213131 0.743856072 0.043070473 0.666950703 76.910392761
0.663124204 -0.029830620 -0.747914493 -45.911762238 -0.012272350 0.998637915 -0.050711773 -5.385885239 0.748408735 0.042806890 0.661855102 77.680267334
0.659194171 -0.031459548 -0.751314104 -46.800842285 -0.010768717 0.998627245 -0.051263537 -5.447257519 0.751895428 0.041883335 0.657950699 78.481216431
0.655123949 -0.032513849 -0.754821360 -47.684520721 -0.009408862 0.998645067 -0.051182672 -5.517581940 0.755462646 0.040633019 0.653930306 79.240325928
0.651170731 -0.035489637 -0.758100748 -48.602481842 -0.006404588 0.998613715 -0.052250188 -5.592707634 0.758904040 0.038879156 0.650040627 80.028106689
0.646359622 -0.039692853 -0.761999607 -49.528980255 -0.003763297 0.998467922 -0.055202775 -5.690088272 0.763023436 0.038548481 0.645220399 80.817352295
0.641723692 -0.043914143 -0.765677571 -50.438247681 0.000168329 0.998367250 -0.057118617 -5.757582664 0.766935825 0.036525488 0.640683711 81.580116272
0.635643363 -0.047590163 -0.770514548 -51.376823425 0.004581177 0.998312771 -0.057880688 -5.809523582 0.771969199 0.033261616 0.634789705 82.351531982
0.627139151 -0.050634369 -0.777259648 -52.300014496 0.008666367 0.998276532 -0.058039922 -5.897602558 0.778858900 0.029663103 0.626497269 83.103866577
0.618374527 -0.051592797 -0.784188211 -53.249038696 0.010769684 0.998305202 -0.057187378 -5.986475945 0.785809696 0.026917771 0.617882311 83.849281311
0.609448731 -0.050873220 -0.791191518 -54.242027283 0.012522379 0.998432040 -0.054552816 -6.049812794 0.792726040 0.023339575 0.609130621 84.602279663
0.600805283 -0.050190955 -0.797818065 -55.232151031 0.011494556 0.998466253 -0.054157700 -6.142563820 0.799312830 0.023367675 0.600460768 85.337646484
0.591193438 -0.051631458 -0.804875374 -56.222705841 0.010195900 0.998347521 -0.056553356 -6.219505310 0.806465566 0.025227541 0.590743005 86.059112549
0.581297219 -0.053913660 -0.811903059 -57.222778320 0.010861052 0.998227715 -0.058510218 -6.315256596 0.813618839 0.025193706 0.580852747 86.762695312
0.570999503 -0.056213807 -0.819023311 -58.255401611 0.011773815 0.998110831 -0.060297199 -6.376129627 0.820866168 0.024786629 0.570583045 87.490615845
0.560772061 -0.057316676 -0.825983763 -59.289035797 0.015177346 0.998145044 -0.058959164 -6.467464924 0.827831089 0.020526424 0.560601830 88.205581665
0.550608873 -0.056623589 -0.832840502 -60.312400818 0.015177344 0.998211086 -0.057832792 -6.559412956 0.834625363 0.019202955 0.550483286 88.881668091
0.540419519 -0.057381757 -0.839436471 -61.366512299 0.016236745 0.998197436 -0.057781190 -6.649996281 0.841239095 0.017596379 0.540377080 89.544937134
0.529784620 -0.058755241 -0.846094251 -62.420494080 0.015839217 0.998109400 -0.059393749 -6.721942902 0.847984493 0.018064437 0.529713094 90.202774048
0.519906700 -0.058512364 -0.852216780 -63.452594757 0.013828774 0.998097062 -0.060091935 -6.815621853 0.854111195 0.019457081 0.519726455 90.827224731
0.510014236 -0.058949910 -0.858143628 -64.546585083 0.011595129 0.998029351 -0.061668064 -6.917440414 0.860087991 0.021501301 0.509692609 91.506004333
0.500831127 -0.059309751 -0.863510549 -65.634658813 0.011365418 0.998014092 -0.061956175 -7.008049965 0.865470469 0.021215422 0.500510573 92.094406128
0.491275340 -0.057274442 -0.869119108 -66.800033569 0.011851277 0.998182714 -0.059080657 -7.106031418 0.870923758 0.018724700 0.491061330 92.752677917
0.483358145 -0.055471636 -0.873663306 -67.921417236 0.012567510 0.998327255 -0.056433905 -7.200357437 0.875332475 0.016298018 0.483246803 93.347160339
0.475753009 -0.055705298 -0.877813041 -69.030990601 0.012655103 0.998322785 -0.056493968 -7.287987709 0.879487813 0.015768368 0.475660086 93.949600220
0.467825532 -0.058648549 -0.881872654 -70.153266907 0.013886960 0.998160422 -0.059015289 -7.380623817 0.883711696 0.015362332 0.467779458 94.539497375
0.460797459 -0.063182913 -0.885253131 -71.293968201 0.017275149 0.997912109 -0.062231511 -7.450715542 0.887337029 0.013383245 0.460927010 95.164772034
0.454668581 -0.067105442 -0.888128996 -72.438720703 0.019979179 0.997675240 -0.065154418 -7.537131786 0.890436530 0.011879584 0.454952329 95.697349548
0.448732942 -0.069790572 -0.890936673 -73.555168152 0.020925993 0.997493267 -0.067597911 -7.642530441 0.893421054 0.011689673 0.449068546 96.315124512
0.443636656 -0.070859343 -0.893400908 -74.668067932 0.023244321 0.997443736 -0.067568950 -7.750788689 0.895905316 0.009209567 0.444149762 96.866088867
0.439297944 -0.068554245 -0.895721793 -75.811218262 0.024897039 0.997630060 -0.064143308 -7.854332447 0.897996366 0.005877201 0.439963669 97.432937622
0.435621828 -0.066579238 -0.897664011 -76.925567627 0.029051751 0.997781157 -0.059906509 -7.953432560 0.899660826 0.000017875 0.436589509 97.960578918
0.432383806 -0.065420829 -0.899313271 -78.119049072 0.029335497 0.997857153 -0.058485135 -8.045715332 0.901212215 -0.001093778 0.433376342 98.553092957
0.429609984 -0.064927876 -0.900677264 -79.244110107 0.029789668 0.997887850 -0.057726346 -8.140927315 0.902523100 -0.002031058 0.430636942 99.107116699
0.427156001 -0.065084890 -0.901832342 -80.366363525 0.033769518 0.997858465 -0.056019988 -8.230503082 0.903547168 -0.006525167 0.428439200 99.613235474
0.424172193 -0.064053953 -0.903313339 -81.492568970 0.035376821 0.997905850 -0.054149497 -8.320298195 0.904890358 -0.008987636 0.425550163 100.145263672
0.422769696 -0.065168969 -0.903891027 -82.725036621 0.036985125 0.997820497 -0.054642394 -8.393296242 0.905482054 -0.010329348 0.424258918 100.689773560
0.419713676 -0.065318435 -0.905303180 -83.835929871 0.038828924 0.997786343 -0.053989433 -8.481169701 0.906825781 -0.012491846 0.421320885 101.207283020
0.417669207 -0.064379819 -0.906315327 -84.933929443 0.042098738 0.997786522 -0.051476520 -8.572534561 0.907623470 -0.016654572 0.419455141 101.704475403
0.416105777 -0.064500429 -0.907025576 -86.051177979 0.044677764 0.997726619 -0.050454054 -8.632116318 0.908218384 -0.019529659 0.418041706 102.225028992
0.414274961 -0.065315627 -0.907805026 -87.146057129 0.046131995 0.997646332 -0.050727405 -8.723686218 0.908981919 -0.020863770 0.416313201 102.726867676
0.413013875 -0.066350587 -0.908304513 -88.224105835 0.047321998 0.997558534 -0.051352799 -8.803901672 0.909494460 -0.021773363 0.415145606 103.210632324
0.412435263 -0.067978531 -0.908447087 -89.294616699 0.047963738 0.997448981 -0.052862976 -8.890806198 0.909723520 -0.021769958 0.414643794 103.686759949
0.412612796 -0.068756074 -0.908308089 -90.333396912 0.047653075 0.997410774 -0.053853799 -8.959092140 0.909659505 -0.021062883 0.414821088 104.177223206
0.415227175 -0.068467736 -0.907137394 -91.380073547 0.045329805 0.997482181 -0.054537691 -9.051923752 0.908587694 -0.018474840 0.417285383 104.665901184
0.419272572 -0.069027320 -0.905232310 -92.411491394 0.043751825 0.997483075 -0.055797432 -9.144803047 0.906805634 -0.016211241 0.421237469 105.151336670
0.423450172 -0.070402227 -0.903179348 -93.415840149 0.043692213 0.997402370 -0.057262018 -9.196958542 0.904865384 -0.015214321 0.425426453 105.614814758
0.429344535 -0.069665633 -0.900449932 -94.421600342 0.041903377 0.997483373 -0.057192888 -9.281476021 0.902168214 -0.013176441 0.431183338 106.066848755
0.436070114 -0.068411641 -0.897308588 -95.433776855 0.040602297 0.997586429 -0.056325193 -9.364580154 0.898996353 -0.011871057 0.437795430 106.541244507
0.443963200 -0.067466266 -0.893501461 -96.435379028 0.039811753 0.997661769 -0.055549506 -9.441877365 0.895160079 -0.010909923 0.445611298 107.050064087
0.452795774 -0.067762665 -0.889035642 -97.440246582 0.040626783 0.997639894 -0.055348895 -9.517857552 0.890688002 -0.011056909 0.454480618 107.573753357
0.462959021 -0.067717619 -0.883789122 -98.422096252 0.040333144 0.997653961 -0.055314280 -9.598731041 0.885461509 -0.010037750 0.464604288 108.094955444
0.471483946 -0.068606772 -0.879201889 -99.402893066 0.040493913 0.997601867 -0.056130480 -9.681498528 0.880944431 -0.009137709 0.473131508 108.609214783
0.482663155 -0.069159821 -0.873071074 -100.368728638 0.036805123 0.997598290 -0.058677051 -9.764264107 0.875032365 -0.003812236 0.484049499 109.123260498
0.493499666 -0.069639832 -0.866953552 -101.277786255 0.034434628 0.997571826 -0.060530685 -9.840497971 0.869063914 0.000018657 0.494699657 109.655464172
0.505678833 -0.067703493 -0.860060871 -102.228927612 0.031679235 0.997700810 -0.059912395 -9.919814110 0.862140059 0.003050360 0.506661057 110.207870483
0.518983305 -0.065431520 -0.852276146 -103.145942688 0.030429468 0.997848213 -0.058077797 -10.004980087 0.854242682 0.004207100 0.519857585 110.761985779
0.531271756 -0.064219885 -0.844763756 -104.054626465 0.031108756 0.997929156 -0.056299400 -10.080566406 0.846630394 0.003630734 0.532169342 111.343383789
0.542746723 -0.063203767 -0.837514520 -104.960449219 0.031656273 0.997995555 -0.054799914 -10.151818275 0.839299798 0.003229905 0.543659449 111.908615112
0.554548740 -0.063499972 -0.829724729 -105.844894409 0.031561330 0.997971773 -0.055282060 -10.238780975 0.831552327 0.004469389 0.555428326 112.518913269
0.565693974 -0.064204134 -0.822111905 -106.704956055 0.031468835 0.997918844 -0.056280416 -10.307950020 0.824014664 0.005966591 0.566537201 113.116958618
0.576090872 -0.066232592 -0.814697683 -107.563270569 0.034392256 0.997792900 -0.056798227 -10.391104698 0.816661835 0.004701647 0.577097535 113.686538696
0.587351263 -0.065611541 -0.806668222 -108.439086914 0.033908956 0.997827649 -0.056470104 -10.462803841 0.808621645 0.005814499 0.588300765 114.320381165
0.598033667 -0.063692078 -0.798936069 -109.243637085 0.033214569 0.997950613 -0.054695368 -10.533113480 0.800782442 0.006173353 0.598923624 114.954231262
0.608620048 -0.060792491 -0.791129351 -110.079895020 0.032230388 0.998131871 -0.051904105 -10.596446037 0.792806983 0.006091462 0.609442532 115.596290588
0.617823660 -0.058988858 -0.784100711 -110.867874146 0.032990534 0.998248637 -0.049104944 -10.689678192 0.785624266 0.004470291 0.618687809 116.179771423
0.628223956 -0.058262136 -0.775847793 -111.623832703 0.031577941 0.998280048 -0.049396154 -10.768490791 0.777391434 0.006532173 0.628983319 116.805038452
0.637415290 -0.057202872 -0.768393993 -112.417098999 0.029145226 0.998316765 -0.050142210 -10.837821007 0.769968987 0.009566394 0.638009667 117.438285828
0.647012353 -0.058146868 -0.760258973 -113.181922913 0.029761348 0.998254001 -0.051021252 -10.884544373 0.761898458 0.010385055 0.647613168 118.067741394
0.656061471 -0.055972513 -0.752628982 -113.924507141 0.029097281 0.998380482 -0.048884995 -10.950393677 0.754146397 0.010172103 0.656627417 118.720054626
0.664577365 -0.054843370 -0.745204210 -114.652290344 0.029530624 0.998451471 -0.047145564 -11.004507065 0.746635735 0.009325524 0.665167630 119.356956482
0.672751009 -0.053978600 -0.737897336 -115.343284607 0.029639689 0.998500705 -0.046019342 -11.066329956 0.739274979 0.009088507 0.673342228 119.988891602
0.680828631 -0.052861888 -0.730532467 -116.063674927 0.028815251 0.998553157 -0.045401331 -11.139058113 0.731875479 0.009860051 0.681366801 120.657760620
0.688453496 -0.051776048 -0.723429918 -116.754096985 0.028504746 0.998609662 -0.044344112 -11.207235336 0.724720001 0.009907677 0.688972175 121.295692444
0.696081042 -0.049435444 -0.716259003 -117.425704956 0.027637435 0.998732328 -0.042072572 -11.261291504 0.717430949 0.009490358 0.696564972 121.969779968
0.702903211 -0.046764195 -0.709746420 -118.100708008 0.026444549 0.998864770 -0.039624177 -11.320875168 0.710793734 0.009083043 0.703341961 122.634895325
0.710770786 -0.044563461 -0.702010334 -118.760391235 0.025206650 0.998963892 -0.037892744 -11.368106842 0.702971518 0.009237733 0.711157918 123.269828796
0.718773723 -0.043685071 -0.693870306 -119.415397644 0.025009057 0.999002874 -0.036989126 -11.442878723 0.694794178 0.009233772 0.719149351 123.922294617
0.727204204 -0.040592544 -0.685219765 -120.036224365 0.021296149 0.999103785 -0.036586087 -11.484184265 0.686090708 0.012013013 0.727416992 124.591476440
0.735474706 -0.038360842 -0.676465034 -120.625122070 0.021558192 0.999215841 -0.033224523 -11.513549805 0.677209020 0.009852435 0.735724866 125.222061157
0.745123744 -0.035543069 -0.665978253 -121.221000671 0.020719718 0.999330521 -0.030151907 -11.538524628 0.666604221 0.008668020 0.745361447 125.843734741
0.755058169 -0.032321874 -0.654860973 -121.784072876 0.017912554 0.999428451 -0.028675377 -11.601602554 0.655413568 0.009921337 0.755205274 126.529144287
0.765356421 -0.031956140 -0.642812908 -122.337272644 0.016601538 0.999414623 -0.029917467 -11.634437561 0.643392444 0.012225843 0.765438676 127.203926086
0.774990439 -0.032663755 -0.631128192 -122.880203247 0.016730035 0.999373734 -0.031178586 -11.680856705 0.631751180 0.013604310 0.775051773 127.841743469
0.784794509 -0.032278944 -0.618914783 -123.409286499 0.016713493 0.999381840 -0.030928871 -11.730911255 0.619530499 0.013928587 0.784848928 128.494842529
0.795267165 -0.030356778 -0.605498612 -123.929565430 0.016312124 0.999455452 -0.028683377 -11.761262894 0.606039464 0.012933997 0.795329213 129.190856934
0.805342793 -0.028167743 -0.592139661 -124.422958374 0.015577418 0.999531031 -0.026360972 -11.786974907 0.592604697 0.012005610 0.805403948 129.871932983
0.815176606 -0.026876861 -0.578588247 -124.915885925 0.015839068 0.999583721 -0.024117371 -11.821290016 0.578995645 0.010495618 0.815263033 130.600097656
0.823980629 -0.025374727 -0.566049159 -125.377998352 0.016617218 0.999649167 -0.020622868 -11.867644310 0.566374063 0.007586683 0.824113250 131.280609131
0.833248913 -0.024039388 -0.552374661 -125.881721497 0.016351154 0.999688923 -0.018841056 -11.877157211 0.552655756 0.006667315 0.833382785 131.928588867
0.839039862 -0.025152575 -0.543488622 -126.299148560 0.019853661 0.999680579 -0.015614978 -11.930372238 0.543707848 0.002311343 0.839271486 132.676879883
0.845549524 -0.025264863 -0.533298969 -126.747566223 0.020365596 0.999678910 -0.015069678 -11.962119102 0.533508658 0.001881209 0.845792651 133.374450684
0.852437675 -0.024563773 -0.522251546 -127.197418213 0.019747606 0.999695480 -0.014787321 -11.977317810 0.522456050 0.002292054 0.852663338 134.084884644
0.860014498 -0.021534754 -0.509814858 -127.638374329 0.016312171 0.999758244 -0.014712919 -11.990029335 0.510009110 0.004337143 0.860158503 134.807434082
0.866080344 -0.020667093 -0.499477386 -128.057388306 0.015664313 0.999776363 -0.014206689 -11.994838715 0.499659240 0.004480163 0.866210461 135.498428345
0.872179031 -0.020879464 -0.488740981 -128.489074707 0.016145281 0.999773026 -0.013899287 -12.036540985 0.488920242 0.004231805 0.872318149 136.284820557
0.877418697 -0.021781435 -0.479230434 -128.891418457 0.017009472 0.999753058 -0.014297155 -12.074810028 0.479423434 0.004393132 0.877572834 137.043899536
0.881788135 -0.023111897 -0.471078664 -129.303955078 0.017919485 0.999719143 -0.015505316 -12.089714050 0.471304566 0.005230916 0.881955266 137.802963257
0.885328293 -0.022598498 -0.464417130 -129.713653564 0.017770987 0.999733031 -0.014769712 -12.103857040 0.464626938 0.004822891 0.885493338 138.581970215
0.888406515 -0.020987079 -0.458577573 -130.119445801 0.017665939 0.999777555 -0.011531031 -12.131072998 0.458717555 0.002143038 0.888579547 139.331466675
0.891803682 -0.016454939 -0.452122539 -130.547210693 0.014825301 0.999864638 -0.007147273 -12.152877808 0.452179193 -0.000328882 0.891927004 140.168701172
0.894528568 -0.014033960 -0.446790099 -130.910675049 0.013313728 0.999900043 -0.004751777 -12.158766747 0.446812242 -0.001697842 0.894626141 140.979385376
0.898495615 -0.010965401 -0.438845068 -131.358520508 0.011322058 0.999934256 -0.001804426 -12.184987068 0.438836336 -0.003347364 0.898560882 141.792694092
0.902100027 -0.009014604 -0.431432694 -131.762664795 0.010185996 0.999948084 0.000404816 -12.179729462 0.431406647 -0.004759756 0.902145028 142.648605347
0.905123472 -0.007988294 -0.425073385 -132.175689697 0.010365849 0.999940872 0.003280734 -12.201981544 0.425022125 -0.007375715 0.905152917 143.491729736
0.908818007 -0.007764078 -0.417120218 -132.590698242 0.011060578 0.999923825 0.005486588 -12.218042374 0.417045921 -0.009599904 0.908834815 144.355041504
0.912388921 -0.007966357 -0.409246564 -132.984069824 0.011642147 0.999911249 0.006491235 -12.229024887 0.409158587 -0.010687042 0.912400782 145.254287720
0.916071117 -0.008753203 -0.400919944 -133.374282837 0.012303362 0.999904633 0.006281519 -12.201862335 0.400826752 -0.010686987 0.916091681 146.138961792
0.919690430 -0.011378847 -0.392479271 -133.743728638 0.014970447 0.999869406 0.006091564 -12.222159386 0.392358929 -0.011477955 0.919740617 147.029846191
0.923685491 -0.012772374 -0.382938266 -134.128524780 0.015799485 0.999863863 0.004760873 -12.215031624 0.382825404 -0.010447780 0.923761547 147.957946777
0.928129315 -0.014081702 -0.371991187 -134.519119263 0.016445039 0.999859691 0.003181247 -12.241503716 0.371894270 -0.009070020 0.928230703 148.871780396
0.933624506 -0.012370620 -0.358039469 -134.896179199 0.014199859 0.999896109 0.002480169 -12.240804672 0.357971668 -0.007399658 0.933703184 149.839279175
0.939533174 -0.008126554 -0.342361659 -135.229080200 0.009981131 0.999943495 0.003655515 -12.248697281 0.342312604 -0.006851636 0.939560950 150.785659790
0.945973337 -0.004048517 -0.324219316 -135.557846069 0.006575183 0.999955893 0.006697951 -12.244454384 0.324177861 -0.008467885 0.945958138 151.786865234
0.952637076 -0.001906917 -0.304104179 -135.906890869 0.004719796 0.999952257 0.008514902 -12.256137848 0.304073632 -0.009546918 0.952600598 152.807952881
0.959083498 -0.000264579 -0.283122987 -136.218292236 0.003137315 0.999948084 0.009693247 -12.275667191 0.283105761 -0.010184878 0.959034741 153.855697632
0.965198159 0.001218850 -0.261516005 -136.512329102 0.001795082 0.999934554 0.011285661 -12.259609222 0.261512637 -0.011362346 0.965133250 154.889083862
0.970962167 0.001836842 -0.239225388 -136.786468506 0.001677508 0.999893725 0.014486095 -12.276934624 0.239226654 -0.014466757 0.970856071 155.990600586
0.976086795 0.003981334 -0.217343375 -137.031463623 -0.000039303 0.999835491 0.018138643 -12.252068520 0.217379808 -0.017696358 0.975926757 157.069580078
0.980737507 0.006819118 -0.195209563 -137.265380859 -0.002546947 0.999751866 0.022127688 -12.244531631 0.195311993 -0.021204274 0.980512142 158.140899658
0.984938800 0.008945530 -0.172670946 -137.475646973 -0.004629270 0.999667048 0.025383566 -12.228820801 0.172840580 -0.024201920 0.984652460 159.274230957
0.988603175 0.010391293 -0.150184527 -137.648635864 -0.006622330 0.999650955 0.025573919 -12.212864876 0.150397927 -0.024287893 0.988327086 160.396591187
0.991643012 0.009840937 -0.128634810 -137.811508179 -0.006833532 0.999693513 0.023799838 -12.203210831 0.128829643 -0.022721929 0.991406322 161.537338257
0.994165182 0.009904890 -0.107412443 -137.951461792 -0.007505300 0.999713719 0.022721259 -12.185413361 0.107606769 -0.021782525 0.993954837 162.709960938
0.996168494 0.008918791 -0.086996198 -138.061477661 -0.006762645 0.999663353 0.025047710 -12.169981956 0.087190293 -0.024363430 0.995893478 163.896301270
0.997668505 0.009605450 -0.067564502 -138.156738281 -0.007776901 0.999597609 0.027274951 -12.159431458 0.067799330 -0.026685916 0.997342110 165.083023071
0.998875022 0.010229478 -0.046296515 -138.222549438 -0.008939812 0.999568701 0.027978510 -12.135798454 0.046562724 -0.027533161 0.998536229 166.315689087
0.999604225 0.011761868 -0.025549084 -138.290390015 -0.011027561 0.999527454 0.028694531 -12.119676590 0.025874520 -0.028401438 0.999261618 167.538314819
0.999912202 0.012209410 -0.005135993 -138.287231445 -0.012054041 0.999499023 0.029267864 -12.089288712 0.005490784 -0.029203389 0.999558568 168.787948608
0.999773443 0.014444226 0.015625693 -138.272338867 -0.014889943 0.999474525 0.028794585 -12.065048218 -0.015201570 -0.029020738 0.999463260 170.029342651
0.999247611 0.015510096 0.035545882 -138.253204346 -0.016509002 0.999472082 0.027982557 -12.049179077 -0.035093118 -0.028548345 0.998976231 171.304107666
0.998356998 0.015441649 0.055178583 -138.180282593 -0.016886309 0.999524236 0.025811896 -12.043281555 -0.054753762 -0.026701262 0.998142838 172.578475952
0.997060776 0.018299965 0.074395284 -138.119140625 -0.020070760 0.999531031 0.023124864 -12.010231018 -0.073937215 -0.024550073 0.996960819 173.865859985
0.995433390 0.018602170 0.093627274 -138.004455566 -0.020690566 0.999557197 0.021384161 -11.992182732 -0.093188025 -0.023223707 0.995377779 175.136337280
0.993460655 0.018187694 0.112716064 -137.876495361 -0.020390285 0.999622345 0.018418878 -11.987015724 -0.112338550 -0.020596744 0.993456662 176.481872559
0.991205513 0.019527974 0.130882561 -137.733795166 -0.021463700 0.999679983 0.013395321 -11.971855164 -0.130579039 -0.016086739 0.991307497 177.758117676
0.988576770 0.020650079 0.149295270 -137.531402588 -0.021913743 0.999736726 0.006823891 -11.978626251 -0.149114966 -0.010017560 0.988769174 179.139938354
0.985680640 0.023476081 0.166979671 -137.329208374 -0.024041206 0.999710143 0.001363566 -11.981122017 -0.166899234 -0.005358437 0.985959411 180.456604004
0.982511580 0.025295727 0.184473351 -137.089477539 -0.025280418 0.999677539 -0.002435270 -11.995920181 -0.184475452 -0.002270892 0.982834339 181.836868286
0.978940785 0.027647788 0.202263474 -136.830001831 -0.027147997 0.999617577 -0.005245417 -12.015272141 -0.202331200 -0.000356091 0.979317188 183.181961060
0.975255668 0.027146021 0.219407067 -136.558288574 -0.026621459 0.999631286 -0.005347551 -12.028581619 -0.219471365 -0.000625705 0.975618660 184.507980347
0.971234560 0.025898037 0.236712202 -136.220336914 -0.025284236 0.999664485 -0.005628914 -12.057896614 -0.236778557 -0.000518086 0.971563458 185.912185669
0.966907024 0.025645178 0.253836572 -135.886352539 -0.023707293 0.999661803 -0.010690939 -12.113994598 -0.254024923 0.004319367 0.967188120 187.296981812
0.962380707 0.027268250 0.270332575 -135.515792847 -0.024080513 0.999595881 -0.015102148 -12.116708755 -0.270635098 0.008024271 0.962648690 188.659118652
0.957490087 0.029332770 0.286971211 -135.116302490 -0.026039297 0.999544144 -0.015287372 -12.141408920 -0.287288755 0.007164971 0.957817078 190.043716431
0.952134967 0.030495141 0.304153055 -134.718994141 -0.027158732 0.999515712 -0.015194984 -12.167826653 -0.304469198 0.006207260 0.952501893 191.386428833
0.946099520 0.035101417 0.321968675 -134.255493164 -0.030663954 0.999352396 -0.018845081 -12.221988678 -0.322421610 0.007956486 0.946562707 192.793395996
0.939973235 0.035831485 0.339361608 -133.774246216 -0.029826377 0.999292850 -0.022896390 -12.265857697 -0.339942068 0.011400075 0.940377295 194.180053711
0.933548391 0.036771417 0.356560230 -133.267776489 -0.029518465 0.999232173 -0.025763588 -12.307643890 -0.357233822 0.013526449 0.933917105 195.510498047
0.926730454 0.037431348 0.373857796 -132.734832764 -0.028150318 0.999145508 -0.030256484 -12.372491837 -0.374671102 0.017515384 0.926992118 196.929534912
0.918744266 0.040663067 0.392753094 -132.172424316 -0.028713947 0.998929799 -0.036253747 -12.437681198 -0.393807173 0.022030449 0.918928921 198.306106567
0.909240305 0.044636402 0.413871199 -131.577362061 -0.030981764 0.998732924 -0.039650027 -12.507434845 -0.415117025 0.023228925 0.909471571 199.676116943
0.897909284 0.047110695 0.437651873 -130.954696655 -0.032437954 0.998634517 -0.040945906 -12.581922531 -0.438983381 0.022569174 0.898211598 201.022857666
