0.999999881 -0.000000001 0.000000000 0.000000000 -0.000000001 0.999999881 0.000000001 0.000000000 0.000000000 0.000000001 1.000000000 -0.000000000
0.999844909 0.000511467 0.017596567 -0.013636689 -0.000509025 0.999999762 -0.000143377 0.000904773 -0.017596640 0.000134399 0.999845147 0.138675854
0.999280989 0.004865889 0.037598334 0.048929542 -0.004852159 0.999988019 -0.000456468 0.006529395 -0.037600111 0.000273709 0.999292850 0.280171424
0.997901738 0.005683102 0.064494491 0.069843069 -0.005743287 0.999983132 0.000747787 0.000783187 -0.064489163 -0.001116626 0.997917771 0.425649136
0.995133460 0.005396183 0.098387808 0.103285894 -0.005734983 0.999978483 0.003161011 -0.002315044 -0.098368652 -0.003709880 0.995143116 0.605978727
0.990819275 0.002193268 0.135174230 0.228323013 -0.002904635 0.999982893 0.005065584 0.007341070 -0.135160863 -0.005411710 0.990808904 0.825466692
0.984425485 -0.000542590 0.175801173 0.241781771 -0.000434680 0.999984562 0.005520382 -0.003376244 -0.175801501 -0.005510821 0.984410167 0.986143053
0.975711942 -0.000973133 0.219054759 0.339602679 -0.000524450 0.999976814 0.006778311 -0.003511627 -0.219056338 -0.006728561 0.975688994 1.200322866
0.963674963 -0.000906061 0.267075896 0.432748467 -0.001792538 0.999949813 0.009860259 0.019909948 -0.267071486 -0.009980829 0.963624895 1.418627739
0.949121714 -0.004318781 0.314878792 0.536630273 -0.000987572 0.999860287 0.016690563 -0.000858311 -0.314906955 -0.016152343 0.948984742 1.617277265
0.931611657 -0.014321475 0.363172650 0.618195832 0.005695108 0.999675810 0.024812452 -0.013695553 -0.363410324 -0.021047272 0.931391478 1.825605869
0.910798609 -0.018692078 0.412426770 0.835421085 0.007424124 0.999554634 0.028906625 -0.001870386 -0.412783265 -0.023266219 0.910532355 2.054976225
0.886043310 -0.020651020 0.463142127 1.042476296 0.006320988 0.999452591 0.032471772 -0.001545101 -0.463559180 -0.025843885 0.885689080 2.313914299
0.857356906 -0.022293231 0.514239550 1.193900704 0.003931115 0.999316096 0.036768105 0.030406088 -0.514707386 -0.029501855 0.856858432 2.511763096
0.824734151 -0.026533021 0.564897776 1.384505033 0.003769171 0.999134481 0.041426029 0.013669193 -0.565507889 -0.032036301 0.824120998 2.706240654
0.788488150 -0.032081410 0.614212394 1.605580091 0.006044184 0.998994589 0.044420123 0.020756394 -0.615020037 -0.031312339 0.787889540 2.952312231
0.750613689 -0.036513336 0.659731090 1.856075764 0.007070203 0.998858571 0.047238424 0.019735903 -0.660703182 -0.030793386 0.750015438 3.144764423
0.710932374 -0.039901026 0.702126980 2.194311380 0.008607659 0.998807967 0.048045430 0.031723991 -0.703207433 -0.028113397 0.710428655 3.373535872
0.667988658 -0.040623479 0.743060768 2.440276623 0.005886215 0.998766303 0.049311426 0.052473947 -0.744147778 -0.028565679 0.667403817 3.567551374
0.625678539 -0.040966030 0.779004276 2.805470943 0.001655226 0.998687565 0.051189203 0.077009514 -0.780078888 -0.030738585 0.624925435 3.778893471
0.583699346 -0.041733716 0.810896456 3.135494947 -0.001180901 0.998633564 0.052245848 0.091114849 -0.811968863 -0.031453468 0.582852602 3.985041618
0.543493629 -0.042758275 0.838323355 3.510835886 -0.003226015 0.998587966 0.053023957 0.109420672 -0.839406848 -0.031522635 0.542588472 4.187886238
0.504492462 -0.045614108 0.862210274 3.954328537 -0.003932088 0.998471677 0.055123568 0.117268443 -0.863406897 -0.031199712 0.503542244 4.401390076
0.466878355 -0.044531688 0.883199692 4.349866867 -0.008246081 0.998468578 0.054702718 0.138442338 -0.884282768 -0.032822452 0.465796530 4.624617100
0.430920810 -0.043924946 0.901320159 4.821897984 -0.009132268 0.998551071 0.053029556 0.165319562 -0.902343571 -0.031082638 0.429895490 4.806837082
0.396665692 -0.042556882 0.916976213 5.342169762 -0.007534081 0.998740077 0.049610656 0.178591833 -0.917932212 -0.026587427 0.395845413 5.010420799
0.366802603 -0.040810138 0.929403245 5.825901508 -0.005556790 0.998923242 0.046055838 0.197099626 -0.930282354 -0.022057908 0.366180956 5.165555000
0.341282070 -0.038828839 0.939158559 6.378053665 -0.004468966 0.999067962 0.042929735 0.216646820 -0.939950466 -0.018848222 0.340790510 5.345985413
0.321060866 -0.038417276 0.946279168 6.966065884 -0.004246093 0.999108493 0.042002715 0.245207340 -0.947049379 -0.017503414 0.320611268 5.563096523
0.306364506 -0.039000265 0.951114953 7.533714294 -0.003026195 0.999115348 0.041943282 0.275594324 -0.951909542 -0.015728194 0.305975527 5.762325287
0.294193834 -0.040446706 0.954889536 8.144790649 -0.002225101 0.999072313 0.043003712 0.282854736 -0.955743313 -0.014776155 0.293830961 5.942269802
0.284054220 -0.042472463 0.957866967 8.783491135 -0.002963691 0.998974681 0.045174059 0.320847631 -0.958803713 -0.015670707 0.283637166 6.117501259
0.273296475 -0.043888729 0.960927963 9.447962761 -0.005046013 0.998879492 0.047057196 0.335124761 -0.961916685 -0.017709428 0.272768885 6.316278458
0.262805521 -0.045919884 0.963755369 10.144189835 -0.005468667 0.998779953 0.049079914 0.372861981 -0.964833438 -0.018168932 0.262233913 6.505790710
0.253645778 -0.047895174 0.966110647 10.865257263 -0.006166836 0.998673201 0.051128499 0.392994285 -0.967277586 -0.018926380 0.253013968 6.700935841
0.242242634 -0.048640326 0.968995750 11.669455528 -0.007475450 0.998619676 0.051996127 0.435503364 -0.970187008 -0.019839363 0.241544962 6.878412247
0.230944961 -0.049756400 0.971693695 12.419661522 -0.008132414 0.998557866 0.053064846 0.454694450 -0.972932816 -0.020157283 0.230207294 7.034540176
0.221181840 -0.052556440 0.973815382 13.177053452 -0.009244017 0.998388767 0.055982240 0.482586920 -0.975188732 -0.021384228 0.220339745 7.235480309
0.210050151 -0.055826142 0.976095438 13.966981888 -0.011328586 0.998162210 0.059526067 0.514951169 -0.977624953 -0.023561249 0.209031835 7.395553589
0.197089806 -0.060388360 0.978523850 14.786798477 -0.010818169 0.997906089 0.063763462 0.568710208 -0.980325699 -0.023152970 0.196023986 7.538571358
0.184800118 -0.062812053 0.980766833 15.544980049 -0.011925248 0.997738361 0.066145986 0.604149163 -0.982703745 -0.023919679 0.183633268 7.698661804
0.170557201 -0.063403383 0.983305752 16.368776321 -0.012416389 0.997709870 0.066485807 0.633753061 -0.985269487 -0.023548739 0.169379458 7.823111534
0.155988112 -0.060577337 0.985899746 17.193853378 -0.013448512 0.997894764 0.063442156 0.719467640 -0.987667501 -0.023155117 0.154845253 7.985784531
0.139615268 -0.059328441 0.988426805 17.996971130 -0.014663981 0.997970045 0.061972529 0.744415760 -0.990097284 -0.023146596 0.138461873 8.102973938
0.118595369 -0.057938330 0.991250753 18.831220627 -0.016954949 0.998032451 0.060363237 0.769743979 -0.992798030 -0.023965422 0.117379695 8.195249557
0.093875870 -0.056774475 0.993963659 19.622699738 -0.020888006 0.998040497 0.058980145 0.816207588 -0.995364845 -0.026298750 0.092506029 8.289858818
0.063241787 -0.056143075 0.996417642 20.479246140 -0.024949901 0.998015344 0.057816654 0.847126722 -0.997686386 -0.028516967 0.061715513 8.331761360
0.029842317 -0.055873912 0.997991681 21.309453964 -0.027629837 0.998008788 0.056701072 0.877870083 -0.999172747 -0.029266462 0.028239086 8.327028275
-0.004662842 -0.055031721 0.998473704 22.163864136 -0.028999567 0.998072147 0.054874174 0.902783513 -0.999568522 -0.028699456 -0.006249756 8.327277184
-0.038896274 -0.054673936 0.997746408 23.049596786 -0.030072542 0.998113871 0.053521771 0.943194270 -0.998790801 -0.027923001 -0.040467121 8.298595428
-0.071583927 -0.052892104 0.996030986 23.869304657 -0.031908147 0.998203158 0.050714236 0.966171384 -0.996924162 -0.028151184 -0.073143005 8.241397858
-0.103807218 -0.049808856 0.993349254 24.710102081 -0.032804973 0.998373091 0.046632577 1.006482840 -0.994056344 -0.027746003 -0.105272353 8.157556534
-0.135755062 -0.045112841 0.989714503 25.513101578 -0.030677309 0.998675108 0.041313395 1.021295071 -0.990267515 -0.024753284 -0.136959165 8.041410446
-0.167683482 -0.039821830 0.985036016 26.396232605 -0.025568755 0.999023259 0.036034696 1.033090115 -0.985509276 -0.019143723 -0.168537945 7.890207291
-0.198319927 -0.032625422 0.979593813 27.225082397 -0.019589815 0.999378026 0.029318349 1.043568134 -0.979941726 -0.013375646 -0.198835686 7.670502663
-0.226931006 -0.026949871 0.973537803 28.034769058 -0.013267848 0.999609828 0.024578871 1.052772999 -0.973820567 -0.007339048 -0.227200046 7.488768578
-0.254829496 -0.019746080 0.966784179 28.863712311 -0.004535301 0.999804795 0.019225061 1.066763043 -0.966975510 0.000514455 -0.254869312 7.245047092
-0.280865192 -0.010238569 0.959692538 29.637746811 0.001724714 0.999935985 0.011172640 1.047576785 -0.959745944 0.004793214 -0.280829608 6.982162476
-0.305544287 0.004426457 0.952167511 30.440244675 0.006916320 0.999972939 -0.002429296 1.020990849 -0.952152669 0.005843240 -0.305566728 6.695008278
-0.330942005 0.022441553 0.943384111 31.201572418 0.006874698 0.999747634 -0.021370687 1.012879848 -0.943625808 -0.000586979 -0.331013054 6.435880661
-0.356302738 0.037360854 0.933623254 31.975126266 0.006093264 0.999271870 -0.037662517 0.972561836 -0.934350729 -0.007730446 -0.356271029 6.138984680
-0.380211800 0.047837704 0.923661411 32.756950378 0.010898113 0.998823762 -0.047244415 0.933246255 -0.924835324 -0.007896716 -0.380286098 5.813176155
-0.403715163 0.052340750 0.913386166 33.478675842 0.014126979 0.998599946 -0.050979704 0.892812610 -0.914776027 -0.007677897 -0.403889447 5.470409393
-0.426912278 0.051609091 0.902819097 34.214267731 0.016014393 0.998645008 -0.049514264 0.830734134 -0.904151201 -0.006680148 -0.427160352 5.118610382
-0.447273910 0.048274279 0.893093169 34.959220886 0.021173591 0.998833954 -0.043385848 0.801935196 -0.894146264 -0.000495363 -0.447774559 4.742478371
-0.464079052 0.046259321 0.884584785 35.673484802 0.028794523 0.998895288 -0.037130762 0.733338833 -0.885325491 0.008239607 -0.464898586 4.330529213
-0.478049427 0.047377575 0.877054214 36.378414154 0.033849254 0.998795986 -0.035503976 0.681721687 -0.877680361 0.012714977 -0.479077697 3.960644722
-0.488618195 0.050551813 0.871031940 37.077999115 0.035096787 0.998650849 -0.038270317 0.635724902 -0.871791542 0.011870862 -0.489733189 3.532711983
-0.498006970 0.053340439 0.865530789 37.762599945 0.037395157 0.998498857 -0.040018570 0.595663548 -0.866366327 0.012437152 -0.499254167 3.119218826
-0.509360611 0.052536774 0.858947575 38.459499359 0.030071521 0.998611510 -0.043246597 0.542652845 -0.860027552 0.003801752 -0.510233581 2.730419159
-0.520427227 0.051410533 0.852356851 39.159271240 0.028503980 0.998675346 -0.042832054 0.525747776 -0.853430152 0.002004597 -0.521203518 2.301179886
-0.528913915 0.052924737 0.847023487 39.832214355 0.031044494 0.998591900 -0.043009866 0.476970315 -0.848107576 0.003546903 -0.529812396 1.881887436
-0.536051869 0.055874899 0.842333734 40.515285492 0.034037475 0.998425841 -0.044567984 0.420176387 -0.843498766 0.004780174 -0.537109852 1.433469772
-0.539640665 0.059203926 0.839811146 41.208290100 0.034958556 0.998239577 -0.047909174 0.374036908 -0.841169417 0.003504856 -0.540760458 0.991304398
-0.538882434 0.060599308 0.840198398 41.910976410 0.033888333 0.998160958 -0.050257236 0.309212446 -0.841699183 0.001390193 -0.539945006 0.529140472
-0.535601139 0.061679196 0.842215538 42.641414642 0.036456354 0.998087883 -0.049910266 0.263934851 -0.843683958 0.003972117 -0.536825657 0.067407608
-0.530209899 0.060531281 0.845702827 43.385593414 0.034631751 0.998161733 -0.049731314 0.217442036 -0.847158968 0.002920135 -0.531331599 -0.371215820
-0.523293912 0.059095912 0.850100517 44.140960693 0.032597963 0.998250186 -0.049328517 0.161321998 -0.851528585 0.001898229 -0.524304628 -0.829750061
-0.516389549 0.057621032 0.854412973 44.856765747 0.032775238 0.998331904 -0.047518212 0.087986231 -0.855726540 0.003465654 -0.517416656 -1.252332687
-0.510287881 0.056146391 0.858168900 45.664695740 0.030003337 0.998421371 -0.047481824 0.036491871 -0.859479964 0.001518525 -0.511167169 -1.710567474
-0.505956411 0.053989988 0.860867560 46.480659485 0.025996581 0.998540342 -0.047345299 -0.020270467 -0.862167060 -0.001575054 -0.506621718 -2.172224045
-0.504417717 0.050962314 0.861954331 47.282939911 0.021054067 0.998685896 -0.046725556 -0.074424267 -0.863202870 -0.005421557 -0.504828274 -2.653650284
-0.504608870 0.048694007 0.861973584 48.108802795 0.018642601 0.998789787 -0.045509338 -0.127002120 -0.863146782 -0.006894989 -0.504906178 -3.144418716
-0.505921364 0.047033876 0.861296177 48.967788696 0.016920032 0.998861194 -0.044607300 -0.186652184 -0.862413585 -0.007994629 -0.506141245 -3.635511398
-0.506393790 0.046401452 0.861052811 49.833202362 0.016918294 0.998893082 -0.043879747 -0.241904378 -0.862136185 -0.007652874 -0.506618500 -4.126947403
-0.506827533 0.045473907 0.860847116 50.697410583 0.016812626 0.998939097 -0.042870063 -0.303709984 -0.861883521 -0.007254624 -0.507054508 -4.635118484
-0.506806076 0.044850778 0.860892832 51.578796387 0.016840095 0.998970091 -0.042130638 -0.353486538 -0.861895800 -0.006854520 -0.507039368 -5.145448685
-0.506764650 0.044830967 0.860918045 52.468193054 0.016967768 0.998972476 -0.042032123 -0.410724401 -0.861917377 -0.006692546 -0.507004499 -5.666244507
-0.506911874 0.043330789 0.860907972 53.356811523 0.015324793 0.999030948 -0.041259307 -0.463243723 -0.861861527 -0.007721603 -0.507084966 -6.182889938
-0.507037401 0.042042561 0.860897541 54.250473022 0.014680009 0.999085963 -0.040145047 -0.532489777 -0.861798584 -0.007717077 -0.507191718 -6.703857422
-0.506589949 0.040573422 0.861231923 55.132438660 0.013021707 0.999138176 -0.039410740 -0.593569994 -0.862088799 -0.008750375 -0.506681740 -7.221202850
-0.505255938 0.039998110 0.862042308 56.016876221 0.013236330 0.999166608 -0.038602594 -0.644788504 -0.862868249 -0.008093911 -0.505364299 -7.730627060
-0.503386676 0.038534656 0.863201380 56.910156250 0.013868052 0.999236524 -0.036520150 -0.703638196 -0.863950014 -0.006412836 -0.503536880 -8.239717484
-0.500640869 0.036707699 0.864876091 57.781646729 0.013962023 0.999312818 -0.034331504 -0.754696846 -0.865542531 -0.005112341 -0.500809491 -8.752048492
-0.498239905 0.036310837 0.866278410 58.676765442 0.013799134 0.999328017 -0.033951174 -0.817630172 -0.866929352 -0.004961938 -0.498406351 -9.266576767
-0.496214449 0.036818799 0.867418706 59.566192627 0.014586413 0.999312580 -0.034072947 -0.869813442 -0.868077338 -0.004254961 -0.496410668 -9.766241074
-0.495084941 0.037137493 0.868050456 60.431659698 0.013924724 0.999296308 -0.034810752 -0.916885853 -0.868732572 -0.005146908 -0.495254040 -10.261157990
-0.495894015 0.038301934 0.867537856 61.315586090 0.012857358 0.999240935 -0.036767248 -0.973611116 -0.868288040 -0.007078417 -0.496010184 -10.746023178
-0.498815060 0.039693326 0.865798950 62.191200256 0.011503977 0.999165654 -0.039179839 -1.038950920 -0.866632164 -0.009583369 -0.498855680 -11.248729706
-0.503273964 0.040216878 0.863190591 63.060947418 0.010170706 0.999122560 -0.040620182 -1.106840372 -0.864067137 -0.011663827 -0.503241658 -11.740892410
-0.508895159 0.039308596 0.859930634 63.942497253 0.011558875 0.999178410 -0.038833454 -1.138116837 -0.860750973 -0.009822332 -0.508931696 -12.269845963
-0.514056981 0.037441563 0.856938362 64.792419434 0.015167349 0.999287367 -0.034562580 -1.183313489 -0.857621908 -0.004769655 -0.514258683 -12.792627335
-0.519965351 0.035423733 0.853452444 65.644821167 0.009573344 0.999318898 -0.035645548 -1.232897162 -0.854133785 -0.010364058 -0.519950271 -13.284481049
-0.524651706 0.037138872 0.850506485 66.488861084 0.010385929 0.999252617 -0.037227381 -1.306684852 -0.851253510 -0.010698105 -0.524645507 -13.806547165
-0.529690742 0.039335538 0.847278237 67.320861816 0.011218004 0.999161303 -0.039373700 -1.368115902 -0.848116577 -0.011351112 -0.529688060 -14.327110291
-0.534117103 0.039191168 0.844501495 68.150650024 0.011704477 0.999171674 -0.038966339 -1.437502384 -0.845329285 -0.010928138 -0.534133911 -14.858861923
-0.537810266 0.039986648 0.842116952 68.966033936 0.011286804 0.999126434 -0.040233783 -1.495269656 -0.842990398 -0.012133339 -0.537791908 -15.375427246
-0.540845871 0.039093059 0.840212643 69.785263062 0.011270518 0.999166429 -0.039233934 -1.568489075 -0.841046214 -0.011749886 -0.540835738 -15.909688950
-0.544215918 0.032550603 0.838313222 70.614173889 0.013283260 0.999456108 -0.030184327 -1.614350677 -0.838840008 -0.005291268 -0.544352531 -16.418210983
-0.545264721 0.023979718 0.837920308 71.435333252 0.011308372 0.999710262 -0.021251041 -1.627998590 -0.838187575 -0.002111947 -0.545378268 -16.984416962
-0.546802104 0.021912469 0.836974859 72.258537292 0.011341952 0.999759436 -0.018764468 -1.660303354 -0.837184966 -0.000767524 -0.546919346 -17.516330719
-0.547623813 0.026857816 0.836293340 73.059089661 0.011708720 0.999632776 -0.024436366 -1.716053963 -0.836642563 -0.003590015 -0.547737360 -18.037593842
-0.548859298 0.030705582 0.835350573 73.864387512 0.011788026 0.999509990 -0.028994493 -1.773545384 -0.835831583 -0.006066766 -0.548952401 -18.567193985
-0.549482167 0.037752748 0.834652007 74.636337280 0.020795885 0.999286890 -0.031508785 -1.800246000 -0.835246503 0.000043807 -0.549875557 -19.083917618
-0.549373746 0.039395493 0.834647417 75.420783997 0.024546774 0.999217570 -0.031006297 -1.846611738 -0.835216105 0.003453859 -0.549911082 -19.614606857
-0.548956692 0.036216993 0.835065663 76.213821411 0.024090039 0.999331236 -0.027504899 -1.899663448 -0.835503697 0.005017764 -0.549462080 -20.121604919
-0.548217297 0.031187646 0.835754216 77.025581360 0.022199092 0.999494970 -0.022736326 -1.937353969 -0.836041391 0.006088539 -0.548632741 -20.656764984
-0.547461510 0.025289584 0.836448669 77.815109253 0.020400697 0.999649525 -0.016871497 -1.974754810 -0.836582422 0.007827639 -0.547785461 -21.174474716
-0.546922266 0.018424787 0.836980462 78.620330811 0.011039935 0.999829590 -0.014795655 -2.021400452 -0.837110817 0.001148132 -0.547032356 -21.678119659
-0.545627952 0.013360976 0.837920904 79.434486389 0.003028571 0.999897718 -0.013971664 -2.044275284 -0.838022292 -0.005085639 -0.545612633 -22.176727295
-0.543247461 0.013903805 0.839457393 80.201324463 0.005264874 0.999899626 -0.013154094 -2.057899475 -0.839556575 -0.002726301 -0.543265939 -22.684535980
-0.539940178 0.017383864 0.841523767 80.985252380 0.010747183 0.999847472 -0.013758821 -2.093662262 -0.841634929 0.001615072 -0.540044785 -23.199880600
-0.534619808 0.021410534 0.844821393 81.782653809 0.012488556 0.999769807 -0.017434429 -2.119908810 -0.845000446 0.001229811 -0.534764290 -23.694179535
-0.526780248 0.022861000 0.849693954 82.577667236 0.016915016 0.999722064 -0.016410794 -2.161153078 -0.849833369 0.005727706 -0.527020633 -24.185972214
-0.518855691 0.024995444 0.854496241 83.382644653 0.023534635 0.999610960 -0.014949913 -2.213506222 -0.854537904 0.012353417 -0.519242167 -24.686845779
-0.509215236 0.025527287 0.860260546 84.170578003 0.023475848 0.999599755 -0.015765946 -2.233663559 -0.860319138 0.012167088 -0.509610832 -25.137042999
-0.498126715 0.023547854 0.866784751 85.021003723 0.021970293 0.999652684 -0.014531522 -2.256685734 -0.866826057 0.011804980 -0.498471171 -25.627006531
-0.486707389 0.019968731 0.873336732 85.815002441 0.022861872 0.999687433 -0.010116882 -2.288547754 -0.873265803 0.015042156 -0.487011939 -26.076601028
-0.475341797 0.019211344 0.879591346 86.641136169 0.022799790 0.999694884 -0.009513261 -2.315104723 -0.879505634 0.015532455 -0.475634843 -26.513326645
-0.463314414 0.017720051 0.886016726 87.495117188 0.021611720 0.999728680 -0.008693082 -2.351898670 -0.885930300 0.015120723 -0.463571757 -26.944553375
-0.451543272 0.020918589 0.892003834 88.287658691 0.027256822 0.999581993 -0.009643687 -2.361940384 -0.891832769 0.019958658 -0.451924741 -27.347961426
-0.439128429 0.023616349 0.898114085 89.135139465 0.025312267 0.999582946 -0.013908215 -2.407772064 -0.898067713 0.016625814 -0.439543098 -27.763317108
-0.426650226 0.035074409 0.903736293 90.006591797 0.029188389 0.999261081 -0.025002051 -2.436438560 -0.903945625 0.015711483 -0.427358776 -28.160518646
-0.414612621 0.038718794 0.909173965 90.802154541 0.027753292 0.999167621 -0.029894941 -2.479568005 -0.909574807 0.012837761 -0.415342003 -28.510215759
-0.402802318 0.035051338 0.914615631 91.677917480 0.024963729 0.999315441 -0.027303159 -2.514559746 -0.914946556 0.011834452 -0.403401554 -28.893829346
-0.391266495 0.030549200 0.919770241 92.501152039 0.024536705 0.999439836 -0.022757534 -2.577666283 -0.919950306 0.013663882 -0.391796857 -29.230323792
-0.381858230 0.030948566 0.923702538 93.330581665 0.021268811 0.999468923 -0.024694592 -2.585622072 -0.923976123 0.010216242 -0.382313430 -29.588068008
-0.375177681 0.034512587 0.926310182 94.177703857 0.015608789 0.999399960 -0.030913856 -2.630388260 -0.926821411 0.002860392 -0.375491410 -29.912605286
-0.369623870 0.040690351 0.928290069 95.028717041 0.009836045 0.999155879 -0.039880171 -2.668405771 -0.929129362 -0.005609962 -0.369712144 -30.239334106
-0.367230952 0.042513713 0.929157794 95.868003845 0.007253795 0.999055266 -0.042844970 -2.715285301 -0.930101514 -0.008994083 -0.367192477 -30.557067871
-0.363806695 0.041437030 0.930552363 96.694244385 0.005418161 0.999087214 -0.042370595 -2.777638912 -0.931458652 -0.010372824 -0.363699257 -30.872453690
-0.358628035 0.041435398 0.932560444 97.559112549 0.004487802 0.999079227 -0.042665120 -2.841521502 -0.933469653 -0.011115763 -0.358483851 -31.192909241
-0.352874219 0.037432309 0.934921682 98.397804260 0.000651474 0.999209046 -0.039760359 -2.871900320 -0.935670257 -0.013421332 -0.352619559 -31.506309509
-0.347509652 0.033817906 0.937066376 99.257118225 0.000425303 0.999354839 -0.035908133 -2.931562185 -0.937676311 -0.012079883 -0.347299874 -31.822055817
-0.341770530 0.030958951 0.939273238 100.114997864 -0.000827872 0.999446809 -0.033243541 -2.982964516 -0.939783156 -0.012139259 -0.341555864 -32.116615295
-0.336084068 0.028967896 0.941386461 100.948905945 -0.008492976 0.999393046 -0.033784930 -3.021372795 -0.941793978 -0.019349745 -0.335633725 -32.403839111
-0.330284536 0.028405620 0.943453789 101.778923035 -0.020179903 0.999105871 -0.037145786 -3.061812162 -0.943665743 -0.031307492 -0.329416126 -32.672401428
-0.323720813 0.031874321 0.945615470 102.628623962 -0.017611042 0.999055982 -0.039704610 -3.117042542 -0.945988834 -0.029506484 -0.322854012 -32.955299377
-0.316494286 0.036098450 0.947907150 103.483100891 -0.015199348 0.998954237 -0.043117307 -3.176599026 -0.948472798 -0.028053952 -0.315614641 -33.231636047
-0.309483230 0.034950174 0.950261831 104.352966309 -0.013051363 0.999073744 -0.040996034 -3.211894035 -0.950815737 -0.025089798 -0.308740497 -33.520484924
-0.302553743 0.029589200 0.952672720 105.217926025 -0.014613418 0.999256492 -0.035677031 -3.264897585 -0.953020334 -0.024716036 -0.301896453 -33.779506683
-0.295273781 0.027170701 0.955026031 106.079895020 -0.014569930 0.999351144 -0.032936469 -3.314783096 -0.955301702 -0.023639951 -0.294686437 -34.034793854
-0.288791209 0.030985856 0.956890285 106.933586121 -0.016298480 0.999172032 -0.037273925 -3.354191780 -0.957253456 -0.026360245 -0.288047135 -34.295242310
-0.282184690 0.034556966 0.958737373 107.795333862 -0.015769599 0.999048889 -0.040651415 -3.402076721 -0.959230423 -0.026590124 -0.281371385 -34.538127899
-0.276329309 0.033389572 0.960482657 108.640869141 -0.018363889 0.999030471 -0.040012855 -3.457803249 -0.960887551 -0.028694943 -0.275448292 -34.769367218
-0.269247144 0.032717705 0.962515175 109.503555298 -0.019081019 0.999045312 -0.039297029 -3.507190704 -0.962882221 -0.028946392 -0.268365979 -35.006690979
-0.261275828 0.033137254 0.964695156 110.367553711 -0.016243372 0.999118090 -0.038719006 -3.557022095 -0.965127587 -0.025786243 -0.260507315 -35.234054565
-0.253626227 0.033761404 0.966712892 111.222671509 -0.012052033 0.999202549 -0.038058054 -3.607866049 -0.967227340 -0.021303378 -0.253017455 -35.460891724
-0.247113019 0.033685483 0.968400776 112.082458496 -0.010775358 0.999238253 -0.037507754 -3.662188053 -0.968926609 -0.019703532 -0.246561959 -35.675930023
-0.240684137 0.032534540 0.970057964 112.928550720 -0.017916553 0.999118745 -0.037954535 -3.714084625 -0.970438182 -0.026515156 -0.239889100 -35.863906860
-0.234811723 0.030311212 0.971568108 113.812622070 -0.022979852 0.999061108 -0.036722798 -3.767887831 -0.971769214 -0.030949436 -0.233894721 -36.063411713
-0.229334712 0.031630445 0.972833872 114.679702759 -0.018253462 0.999156117 -0.036789358 -3.797277927 -0.973176599 -0.026194666 -0.228563711 -36.283493042
-0.224429905 0.032660782 0.973942697 115.543945312 -0.015970804 0.999180436 -0.037187353 -3.837108135 -0.974359334 -0.023900608 -0.223724470 -36.482219696
-0.220861271 0.033737261 0.974721372 116.412841797 -0.015502672 0.999153733 -0.038095657 -3.884531021 -0.975181818 -0.023524651 -0.220151439 -36.659324646
-0.214808807 0.032648783 0.976110160 117.280395508 -0.010271356 0.999310195 -0.035685159 -3.934420347 -0.976602197 -0.017691467 -0.214325368 -36.850704193
-0.208722219 0.031252693 0.977475345 118.148002625 -0.001759293 0.999475360 -0.032331776 -3.982299089 -0.977973521 -0.008468026 -0.208557859 -37.059371948
-0.203747839 0.030403471 0.978551030 119.026847839 0.000537797 0.999520838 -0.030943023 -4.038118362 -0.979023397 -0.005778311 -0.203666613 -37.239658356
-0.199713126 0.032171197 0.979326010 119.876945496 -0.000562732 0.999456823 -0.032947253 -4.071435452 -0.979854405 -0.007131097 -0.199586600 -37.399513245
-0.195813224 0.034096684 0.980048120 120.761642456 -0.003358288 0.999366164 -0.035439745 -4.112882137 -0.980635822 -0.010230854 -0.195574611 -37.580776215
-0.194243073 0.033497371 0.980381191 121.647300720 -0.005391060 0.999365151 -0.035214141 -4.156191826 -0.980938613 -0.012125400 -0.193939209 -37.742774963
-0.193186313 0.032290746 0.980630457 122.505447388 -0.007563996 0.999379456 -0.034398243 -4.211915970 -0.981132925 -0.014062759 -0.192822203 -37.904708862
-0.192029476 0.029593732 0.980942965 123.371231079 -0.004571248 0.999507308 -0.031048670 -4.230440140 -0.981378555 -0.010446396 -0.191799566 -38.078350067
-0.191128284 0.024197213 0.981266856 124.235679626 -0.003523262 0.999672651 -0.025337346 -4.270428181 -0.981558740 -0.008299944 -0.190980479 -38.231605530
-0.190839648 0.019245178 0.981432796 125.094398499 -0.005051814 0.999775171 -0.020587202 -4.348369122 -0.981608093 -0.008886870 -0.190699592 -38.395053864
-0.190205649 0.024805261 0.981430769 125.965606689 -0.006987165 0.999621093 -0.026619162 -4.384663105 -0.981719375 -0.011920534 -0.189960316 -38.534957886
-0.189692259 0.027200693 0.981466591 126.811264038 -0.008813130 0.999528646 -0.029404622 -4.439301491 -0.981804013 -0.014227622 -0.189363152 -38.713321686
-0.189708725 0.027341101 0.981459498 127.656654358 -0.009853947 0.999508739 -0.029748600 -4.470451832 -0.981791079 -0.015314821 -0.189346150 -38.864437103
-0.188564092 0.026835091 0.981693983 128.498168945 -0.009042552 0.999536633 -0.029059714 -4.500779152 -0.982019365 -0.014356636 -0.188234046 -39.037170410
-0.187980071 0.026186537 0.981823504 129.346450806 -0.007126224 0.999581635 -0.028024558 -4.549297810 -0.982147038 -0.012264756 -0.187714890 -39.199451447
-0.187061191 0.028984992 0.981920481 130.185882568 -0.008106295 0.999484777 -0.031047767 -4.597863197 -0.982314765 -0.013767570 -0.186729878 -39.359169006
-0.186983436 0.029945094 0.981906474 131.024734497 -0.017107071 0.999284267 -0.033732750 -4.633460522 -0.982213974 -0.023105010 -0.186337367 -39.508262634
-0.186311752 0.032242671 0.981961310 131.868286133 -0.020927954 0.999103963 -0.036776312 -4.671702862 -0.982267439 -0.027402299 -0.185470045 -39.658126831
-0.185993090 0.036649611 0.981867194 132.692596436 -0.017313560 0.999026477 -0.040569782 -4.722109318 -0.982398391 -0.024545321 -0.185177550 -39.811645508
-0.185346037 0.036934670 0.981978774 133.527999878 -0.015668195 0.999055147 -0.040534284 -4.775586605 -0.982548118 -0.022898709 -0.184592277 -39.965648651
-0.184019685 0.038317971 0.982175291 134.327362061 -0.017180951 0.998961568 -0.042191878 -4.809419632 -0.982771993 -0.024638847 -0.183170259 -40.104492188
-0.181890383 0.038547251 0.982562959 135.161026001 -0.008671000 0.999129534 -0.040802337 -4.849722385 -0.983280540 -0.015941363 -0.181397870 -40.264434814
-0.178013757 0.034389265 0.983426988 135.976577759 -0.003342854 0.999362051 -0.035551600 -4.906872749 -0.984022319 -0.009616130 -0.177785292 -40.426128387
-0.176344588 0.029430963 0.983888388 136.781753540 -0.000443003 0.999550164 -0.029978860 -4.952216148 -0.984328330 -0.005722475 -0.176252261 -40.574405670
-0.172393501 0.029081428 0.984598815 137.594451904 0.002089768 0.999572515 -0.029157801 -4.992151260 -0.985025883 -0.002969032 -0.172380626 -40.716506958
-0.167386755 0.033877488 0.985309064 138.392715454 0.001282635 0.999415994 -0.034144618 -5.044304371 -0.985890388 -0.004451564 -0.167332500 -40.847038269
-0.160872608 0.037205242 0.986273468 139.188598633 0.004279700 0.999306083 -0.036998790 -5.075534344 -0.986965716 -0.001731133 -0.160920203 -40.979602814
-0.152865678 0.038700938 0.987488806 139.970260620 0.000744398 0.999237120 -0.039046135 -5.116687298 -0.988246799 -0.005233728 -0.152777866 -41.099918365
-0.142916098 0.033954743 0.989152253 140.790161133 0.005947835 0.999422729 -0.033447944 -5.151207924 -0.989717066 0.001103066 -0.143035561 -41.213127136
-0.130400181 0.032895543 0.990915596 141.594406128 0.015457093 0.999395192 -0.031142963 -5.200091362 -0.991340995 0.011255626 -0.130829856 -41.322807312
-0.117197186 0.035019398 0.992490888 142.367767334 0.013790874 0.999339104 -0.033632535 -5.235824585 -0.993013024 0.009745671 -0.117602751 -41.414340973
-0.102551743 0.036121167 0.994071543 143.176605225 0.010813572 0.999321818 -0.035196379 -5.285493851 -0.994668961 0.007140014 -0.102872796 -41.494667053
-0.088643596 0.035968136 0.995413601 143.945877075 0.015367893 0.999278128 -0.034739226 -5.315260410 -0.995945275 0.012217999 -0.089132346 -41.563396454
-0.074762940 0.036821622 0.996521235 144.770248413 0.015589680 0.999238968 -0.035752453 -5.365863800 -0.997079611 0.012862490 -0.075280085 -41.622482300
-0.061646368 0.043893784 0.997132421 145.502853394 0.012896651 0.998984039 -0.043177992 -5.408689976 -0.998014629 0.010197905 -0.062149812 -41.656276703
-0.049060188 0.053442504 0.997364879 146.237426758 0.008432087 0.998553991 -0.053091448 -5.453291893 -0.998760223 0.005805198 -0.049439892 -41.671302795
-0.035724945 0.061386734 0.997474492 147.000595093 -0.000798234 0.998109460 -0.061454415 -5.508819103 -0.999361396 -0.002991669 -0.035608426 -41.678527832
-0.021660982 0.061839636 0.997851074 147.802139282 0.002082726 0.998085797 -0.061808988 -5.558894157 -0.999763310 0.000739415 -0.021748355 -41.706047058
-0.009942202 0.058384176 0.998244703 148.589828491 0.001280189 0.998293757 -0.058374304 -5.621027946 -0.999949634 0.000697574 -0.009999990 -41.692199707
0.001604037 0.055671342 0.998447835 149.361373901 0.002338576 0.998446107 -0.055675007 -5.684756279 -0.999995887 0.002424253 0.001471348 -41.679634094
0.009638568 0.061769612 0.998044014 150.098266602 -0.009313818 0.998052418 -0.061680209 -5.746263504 -0.999909937 -0.008701087 0.010195106 -41.666027069
0.015947001 0.070955537 0.997352004 150.837310791 -0.017994516 0.997337520 -0.070666790 -5.796330452 -0.999710858 -0.016819943 0.017181356 -41.644008636
0.019760393 0.072471127 0.997174859 151.599014282 -0.014634519 0.997283399 -0.072189026 -5.860190868 -0.999697745 -0.013166690 0.020767290 -41.626472473
0.019113624 0.068185307 0.997489393 152.352798462 -0.017476525 0.997541964 -0.067854032 -5.925736427 -0.999664605 -0.016135719 0.020258285 -41.592449188
0.017622191 0.062260315 0.997904301 153.104553223 -0.014751285 0.997966647 -0.062003728 -6.009915829 -0.999735951 -0.013627731 0.018504785 -41.573318481
0.014998990 0.060658425 0.998045743 153.861038208 -0.017612511 0.998018861 -0.060392153 -6.045153618 -0.999732792 -0.016672270 0.016037622 -41.574970245
0.012153149 0.060916621 0.998068690 154.612548828 -0.015381885 0.998035729 -0.060727309 -6.103800774 -0.999807954 -0.014614152 0.013066294 -41.562076569
0.008447539 0.061014451 0.998100877 155.357162476 -0.013343270 0.998054624 -0.060898677 -6.158534050 -0.999875307 -0.012803489 0.009245237 -41.548282623
0.004036318 0.060057092 0.998186529 156.091934204 -0.014072997 0.998099506 -0.059994940 -6.209469795 -0.999892950 -0.013805320 0.004873824 -41.552783966
-0.001619176 0.060598131 0.998160779 156.832397461 -0.015947226 0.998033524 -0.060616281 -6.262886524 -0.999871552 -0.016016044 -0.000649620 -41.542762756
-0.007487377 0.058760412 0.998243749 157.587783813 -0.016060647 0.998136044 -0.058874525 -6.318060875 -0.999843001 -0.016473262 -0.006529692 -41.545047760
-0.013320630 0.056418046 0.998318136 158.323638916 -0.016468192 0.998259008 -0.056634448 -6.378907681 -0.999775708 -0.017194899 -0.012368342 -41.561817169
-0.018562805 0.055692300 0.998275161 159.056320190 -0.014762450 0.998323202 -0.055969495 -6.433146477 -0.999718726 -0.015775936 -0.017709536 -41.570034027
-0.022485383 0.057294570 0.998103499 159.826477051 -0.017010141 0.998189628 -0.057682745 -6.475730896 -0.999602437 -0.018274901 -0.021470107 -41.609649658
-0.026285635 0.060453899 0.997824669 160.558319092 -0.018244926 0.997974217 -0.060943592 -6.537088394 -0.999487996 -0.019807186 -0.025129413 -41.617469788
-0.028751569 0.061915219 0.997666895 161.262863159 -0.017352587 0.997898281 -0.062429655 -6.599393845 -0.999436021 -0.019107062 -0.027616754 -41.634346008
-0.030530348 0.063463509 0.997516811 161.971878052 -0.015808484 0.997826755 -0.063967064 -6.659209251 -0.999408841 -0.017722176 -0.029460732 -41.660442352
-0.029856050 0.062421486 0.997603059 162.693176270 -0.011203007 0.997964382 -0.062779397 -6.708950043 -0.999491513 -0.013050502 -0.029095970 -41.687263489
-0.025245775 0.058171354 0.997987151 163.460388184 -0.009105900 0.998250306 -0.058417089 -6.751808167 -0.999639571 -0.010562358 -0.024671914 -41.720207214
-0.017901102 0.057915598 0.998160899 164.162033081 -0.007251462 0.998287141 -0.058052965 -6.808859825 -0.999813378 -0.008277340 -0.017450470 -41.732173920
-0.006557805 0.059071157 0.998232126 164.858413696 -0.004028566 0.998243928 -0.059098326 -6.861251831 -0.999970138 -0.004409003 -0.006308325 -41.731140137
0.007983914 0.059447121 0.998199284 165.539764404 -0.000309370 0.998231292 -0.059446551 -6.916057587 -0.999967933 0.000165799 0.007988183 -41.718200684
0.022976672 0.057402663 0.998086274 166.238662720 -0.000722367 0.998350799 -0.057401225 -6.963535309 -0.999735594 0.000597901 0.022980247 -41.700305939
0.039553974 0.051454242 0.997891247 166.920593262 -0.008750198 0.998652935 -0.051146645 -7.018385410 -0.999178886 -0.006708706 0.039950937 -41.661922455
0.055894256 0.045272149 0.997409582 167.591857910 -0.010890428 0.998939574 -0.044731293 -7.063887596 -0.998377323 -0.008361996 0.056328021 -41.607002258
0.072365686 0.037905421 0.996657550 168.274459839 -0.010044915 0.999254525 -0.037274841 -7.102935314 -0.997327566 -0.007313921 0.072692499 -41.553016663
0.090234593 0.030262606 0.995460629 168.953369141 -0.010642845 0.999510467 -0.029420987 -7.143246174 -0.995863616 -0.007939746 0.090512507 -41.477130890
0.107658789 0.024327045 0.993890345 169.588989258 -0.013390742 0.999645293 -0.023017420 -7.174942017 -0.994097590 -0.010830909 0.107946381 -41.404296875
0.125548452 0.022176832 0.991839528 170.259445190 -0.011182204 0.999718130 -0.020937532 -7.200468063 -0.992024422 -0.008462280 0.125761062 -41.313705444
0.143548399 0.021220092 0.989415705 170.891281128 -0.009623487 0.999752581 -0.020045577 -7.222466469 -0.989596546 -0.006644121 0.143717110 -41.209339142
0.160803273 0.020305211 0.986777484 171.512100220 -0.014323330 0.999730706 -0.018237656 -7.253067017 -0.986882567 -0.011201263 0.161050797 -41.094238281
0.176983625 0.019656084 0.984017253 172.168395996 -0.019490398 0.999674320 -0.016463332 -7.266457081 -0.984020770 -0.016265154 0.177309155 -40.967445374
0.190931857 0.015998788 0.981472731 172.770156860 -0.024250383 0.999638736 -0.011577336 -7.300542355 -0.981303632 -0.021590611 0.191250965 -40.819957733
0.203333363 0.011861167 0.979037464 173.390838623 -0.017534558 0.999810278 -0.008471133 -7.317668438 -0.978952467 -0.015444532 0.203502834 -40.687992096
0.214290395 0.010526878 0.976713061 174.016906738 -0.015379510 0.999854267 -0.007402034 -7.343209743 -0.976648927 -0.013435187 0.214421123 -40.547924042
0.223883510 0.013994000 0.974515200 174.613739014 -0.018924087 0.999770701 -0.010009080 -7.366064072 -0.974432111 -0.016200947 0.224097043 -40.391761780
0.232732251 0.021755485 0.972297013 175.207595825 -0.025969815 0.999532044 -0.016148649 -7.381146431 -0.972193837 -0.021492073 0.233188376 -40.233673096
0.241724640 0.031487599 0.969833732 175.789779663 -0.024215473 0.999357581 -0.026410613 -7.398435593 -0.970042706 -0.017100886 0.242331892 -40.080764771
0.250183851 0.038346205 0.967438698 176.373519897 -0.019714968 0.999209821 -0.034507148 -7.407950878 -0.967997670 -0.010439887 0.250742227 -39.928871155
0.256725281 0.037417501 0.965759873 176.992019653 -0.020826278 0.999232233 -0.033178188 -7.440794945 -0.966260016 -0.011595501 0.257307589 -39.762920380
0.262611985 0.027851496 0.964499772 177.590393066 -0.022236330 0.999492347 -0.022807531 -7.464985847 -0.964645147 -0.015457386 0.263098210 -39.594596863
0.267040282 0.017000105 0.963535368 178.196380615 -0.026645785 0.999592304 -0.010251496 -7.494336605 -0.963316977 -0.022936596 0.267384350 -39.414299011
0.269385546 0.007826436 0.963000476 178.795822144 -0.027725570 0.999615371 -0.000368183 -7.529051304 -0.962633312 -0.026600555 0.269498885 -39.232570648
0.270021886 0.006785676 0.962830186 179.409408569 -0.025052730 0.999685884 -0.000019494 -7.554756641 -0.962528348 -0.024116259 0.270106941 -39.058631897
0.271250606 0.010512377 0.962450981 179.994689941 -0.019537225 0.999794245 -0.005414027 -7.541715622 -0.962310612 -0.017335070 0.271399975 -38.909587860
0.272999674 0.010094848 0.961961091 180.591094971 -0.018749876 0.999810755 -0.005170925 -7.552190781 -0.961831510 -0.016624989 0.273137331 -38.725971222
0.274495363 0.008654139 0.961549401 181.207351685 -0.018674619 0.999818861 -0.003667495 -7.559133053 -0.961407244 -0.016949860 0.274607271 -38.553215027
0.276988477 0.003847396 0.960865498 181.809356689 -0.019922294 0.999800026 0.001739702 -7.584913731 -0.960666776 -0.019624520 0.277009726 -38.354808807
0.280387193 -0.001424259 0.959885895 182.440353394 -0.019507710 0.999783874 0.007181752 -7.597527027 -0.959688842 -0.020738844 0.280298889 -38.178634644
0.285068989 -0.003911943 0.958499134 183.064285278 -0.015780613 0.999836981 0.008773999 -7.592507362 -0.958377302 -0.017626893 0.284960896 -38.010307312
0.291092038 -0.005342017 0.956679940 183.665557861 -0.014500742 0.999844790 0.009995233 -7.586302280 -0.956585050 -0.016782111 0.290969491 -37.825229645
0.298815697 -0.008560609 0.954272151 184.301818848 -0.013504345 0.999821603 0.013197903 -7.591522217 -0.954215229 -0.016830569 0.298646927 -37.626785278
0.308490247 -0.011210540 0.951161265 184.898529053 -0.010527813 0.999828994 0.015198627 -7.607695103 -0.951169133 -0.014702284 0.308319509 -37.425079346
0.319464684 -0.008981371 0.947555542 185.525894165 -0.012128877 0.999834299 0.013566096 -7.618376732 -0.947520554 -0.015826676 0.319302857 -37.199089050
0.331239522 -0.005721923 0.943529427 186.142196655 -0.012415572 0.999868751 0.010422249 -7.614194870 -0.943465412 -0.015166719 0.331124872 -36.977695465
0.342713684 -0.002205089 0.939437270 186.740417480 -0.014310411 0.999868810 0.007567477 -7.607244492 -0.939330876 -0.016037216 0.342637241 -36.744773865
0.354521304 -0.001235527 0.935047090 187.369552612 -0.013303613 0.999891043 0.006365246 -7.608195782 -0.934953332 -0.014696124 0.354466349 -36.492954254
0.365855306 -0.004434100 0.930661142 187.995986938 -0.013314399 0.999861181 0.009997867 -7.623270035 -0.930576384 -0.016048972 0.365745634 -36.235027313
0.376624972 -0.006564717 0.926342547 188.611923218 -0.012772556 0.999842942 0.012278552 -7.632251740 -0.926277637 -0.016456179 0.376482129 -35.976772308
