1.000000000 0.000000000 0.000000000 0.000000000 0.000000000 0.999999881 0.000000000 -0.000000000 0.000000000 0.000000000 1.000000000 0.000000000
0.999997914 -0.001395066 -0.001486098 -0.017127808 0.001393651 0.999998450 -0.000952744 -0.023505801 0.001487425 0.000950671 0.999998450 0.659176707
0.999977112 -0.001247004 -0.006647228 -0.017332025 0.001230506 0.999996006 -0.002485459 -0.024516227 0.006650302 0.002477223 0.999974847 1.365650058
0.999941468 -0.001034001 -0.010769730 -0.020395879 0.001000588 0.999994576 -0.003107414 -0.025816860 0.010772886 0.003096457 0.999937177 2.087968588
0.999875963 0.000159869 -0.015751680 -0.048571099 -0.000243203 0.999985933 -0.005288703 -0.036925070 0.015750619 0.005291879 0.999861956 2.826953650
0.999799490 -0.000757383 -0.020018499 -0.067413352 0.000652491 0.999985933 -0.005245786 -0.051894419 0.020022191 0.005231672 0.999785841 3.574287415
0.999701202 0.000359750 -0.024441589 -0.094585910 -0.000509342 0.999980927 -0.006114439 -0.065119646 0.024438929 0.006125061 0.999682546 4.333433628
0.999561071 0.003593305 -0.029402992 -0.127320975 -0.003789912 0.999970555 -0.006633654 -0.080366343 0.029378291 0.006742182 0.999545455 5.112658978
0.999400198 0.005148706 -0.034242935 -0.153081059 -0.005342749 0.999969840 -0.005577624 -0.087866738 0.034213182 0.005757233 0.999397814 5.902938366
0.999226868 0.005945969 -0.038861491 -0.177586555 -0.006054785 0.999977767 -0.002683041 -0.100738242 0.038844675 0.002916265 0.999240816 6.704608917
0.999118328 0.003735114 -0.041813798 -0.226736039 -0.003746253 0.999992609 -0.000188030 -0.109094121 0.041812789 0.000344505 0.999125183 7.520593166
0.998995781 0.003874029 -0.044634156 -0.269356728 -0.003888326 0.999992073 -0.000233508 -0.122551188 0.044632897 0.000406821 0.999003112 8.332404137
0.998905182 0.003992342 -0.046608165 -0.327777117 -0.004040612 0.999991000 -0.000941482 -0.137547582 0.046603985 0.001128773 0.998912573 9.165997505
0.998821259 0.002411131 -0.048475944 -0.359655917 -0.002472819 0.999995768 -0.001212623 -0.164717078 0.048472818 0.001331062 0.998823285 10.006265640
0.998719394 0.002141111 -0.050544199 -0.402742893 -0.002177673 0.999996781 -0.000668304 -0.159081340 0.050542597 0.000777516 0.998721182 10.844219208
0.998644710 -0.000615393 -0.052039590 -0.449442923 0.000573150 0.999998808 -0.000826627 -0.178905532 0.052040033 0.000795679 0.998644173 11.699965477
0.998559594 0.001745124 -0.053624731 -0.513415337 -0.001913594 0.999992728 -0.003090445 -0.197900027 0.053618956 0.003188610 0.998555899 12.563506126
0.998454154 0.002369372 -0.055528499 -0.551301599 -0.002667001 0.999981761 -0.005286452 -0.195647210 0.055514954 0.005426377 0.998442709 13.432176590
0.998362839 0.006209930 -0.056857612 -0.621266961 -0.006601093 0.999954998 -0.006694515 -0.207345054 0.056813486 0.007058880 0.998359442 14.308224678
0.998282313 0.007339456 -0.058126647 -0.673091054 -0.007762827 0.999943972 -0.007061247 -0.231178999 0.058071591 0.007500346 0.998283923 15.203147888
0.998207688 0.007095913 -0.059425179 -0.735393524 -0.007439338 0.999955833 -0.005559968 -0.250282407 0.059383139 0.005992085 0.998216987 16.097652435
0.998113096 0.006848714 -0.061020333 -0.783144832 -0.007139307 0.999963224 -0.004545593 -0.270613551 0.060986985 0.004972656 0.998125851 17.012228012
0.998054326 0.007160893 -0.061940234 -0.844902754 -0.007400104 0.999965131 -0.003633520 -0.293885529 0.061912078 0.004084812 0.998072922 17.930921555
0.997986019 0.006352145 -0.063119747 -0.919771671 -0.006648282 0.999966919 -0.004482810 -0.299346268 0.063089177 0.004893411 0.997995615 18.832883835
0.997920752 0.005839133 -0.064192258 -0.975644350 -0.006173910 0.999967337 -0.005018125 -0.323999435 0.064160861 0.005404000 0.997924626 19.767282486
0.997858167 0.005654243 -0.065174513 -1.030326724 -0.005920770 0.999973893 -0.003897045 -0.339734554 0.065150760 0.004274573 0.997865915 20.686836243
0.997874022 0.005881691 -0.064912423 -1.099457502 -0.005896510 0.999981701 -0.000036759 -0.351534337 0.064910963 0.000419429 0.997890532 21.603050232
0.997934222 0.007001707 -0.063868910 -1.178446770 -0.006762132 0.999968350 0.003966371 -0.363518298 0.063894592 -0.003526296 0.997950017 22.561408997
0.998028576 0.005985065 -0.062481064 -1.232678890 -0.005590631 0.999962509 0.006485719 -0.377564430 0.062517494 -0.006123632 0.998024642 23.491001129
0.998148322 0.005089907 -0.060618706 -1.302732944 -0.004668052 0.999963105 0.007098704 -0.385079145 0.060652547 -0.006802598 0.998135209 24.422367096
0.998205543 0.005943560 -0.059590939 -1.354451656 -0.005676382 0.999972463 0.004651732 -0.395126760 0.059616897 -0.004305134 0.998211503 25.385887146
0.998248994 0.009213457 -0.058435824 -1.422285080 -0.009219074 0.999956906 0.000173328 -0.419284880 0.058434851 0.000365687 0.998290539 26.327489853
0.998317719 0.007965007 -0.057436459 -1.479244709 -0.008159179 0.999961078 -0.003147033 -0.423387527 0.057409100 0.003610360 0.998343706 27.293760300
0.998383582 0.004559141 -0.056658044 -1.525045156 -0.004687591 0.999986112 -0.002134499 -0.441724867 0.056647480 0.002396625 0.998390794 28.262639999
0.998389065 0.001553644 -0.056721628 -1.583215237 -0.001415371 0.999995172 0.002477821 -0.442095131 0.056725137 -0.002393561 0.998386562 29.236427307
0.998345077 -0.000554745 -0.057508636 -1.643212676 0.000940334 0.999976516 0.006678084 -0.460145652 0.057503521 -0.006721123 0.998322189 30.223457336
0.998228550 -0.009519141 -0.058735982 -1.693517566 0.009897190 0.999931395 0.006149007 -0.475116134 0.058673363 -0.006719449 0.998254180 31.222404480
0.998135090 -0.010622486 -0.060120150 -1.748990893 0.010765150 0.999939322 0.002049648 -0.485768288 0.060094647 -0.002693043 0.998188615 32.212165833
0.998052299 -0.007931770 -0.061885934 -1.813746691 0.007821743 0.999966621 -0.002019912 -0.507083535 0.061899837 0.001531905 0.998080611 33.188488007
0.997944713 -0.008465358 -0.063527346 -1.886449814 0.008293600 0.999960482 -0.002966886 -0.509970307 0.063549884 0.002433901 0.997975290 34.178924561
0.997942328 -0.010513317 -0.063261434 -1.960949659 0.010429496 0.999943316 -0.001655057 -0.529834151 0.063275196 0.000991850 0.997995079 35.183761597
0.997886360 -0.008180082 -0.064477049 -2.034291744 0.008289807 0.999963582 0.001434360 -0.536571324 0.064462930 -0.001965846 0.997917652 36.166385651
0.997744918 -0.005887242 -0.066868871 -2.098412275 0.006090845 0.999976456 0.002841221 -0.562692523 0.066850528 -0.003242119 0.997757196 37.208179474
0.997727275 -0.005120185 -0.067194551 -2.176345587 0.005552785 0.999963999 0.006252663 -0.579856813 0.067160062 -0.006611584 0.997719586 38.185470581
0.997729957 -0.005125913 -0.067154787 -2.240485668 0.005777321 0.999937057 0.009509334 -0.600622296 0.067101747 -0.009875739 0.997696579 39.196483612
0.997664928 0.000063937 -0.068308182 -2.319024324 0.000697808 0.999936938 0.011127404 -0.593517125 0.068304501 -0.011149104 0.997601569 40.214687347
0.997682393 -0.000125329 -0.068051852 -2.395510912 0.000863553 0.999940276 0.010818392 -0.601031184 0.068046339 -0.010852103 0.997622550 41.192291260
0.997674465 -0.000166502 -0.068166696 -2.470442057 0.000799827 0.999955893 0.009263383 -0.615164340 0.068162069 -0.009296381 0.997630298 42.191104889
0.997673452 0.003121937 -0.068114311 -2.540823698 -0.002684322 0.999974191 0.006514948 -0.620214999 0.068132825 -0.006316959 0.997655690 43.203308105
0.997586906 0.003803283 -0.069337733 -2.619288206 -0.003338342 0.999970198 0.006819748 -0.634727299 0.069361545 -0.006571827 0.997569382 44.188327789
0.997506380 0.000399603 -0.070586637 -2.691263437 0.000176927 0.999965727 0.008161005 -0.646037221 0.070587434 -0.008153152 0.997471690 45.178794861
0.997444570 0.000506185 -0.071454994 -2.763103247 0.000131096 0.999959350 0.008913422 -0.650176227 0.071456559 -0.008900019 0.997403622 46.189155579
0.997439563 0.002493419 -0.071483977 -2.835040808 -0.002026411 0.999975204 0.006604533 -0.678005457 0.071498618 -0.006442776 0.997419536 47.140319824
0.997346520 0.005867980 -0.072576739 -2.915747643 -0.005786920 0.999981463 0.001326725 -0.679995060 0.072583117 -0.000903220 0.997361660 48.149372101
0.997321844 0.006873954 -0.072827309 -3.000432253 -0.006861849 0.999975443 0.000416020 -0.697951436 0.072828338 0.000084813 0.997344136 49.103210449
0.997312009 0.004851663 -0.073125504 -3.066533566 -0.004613868 0.999982893 0.003420061 -0.708689213 0.073140800 -0.003073486 0.997316539 50.077095032
0.997308552 0.000039890 -0.073331699 -3.138630390 0.000501681 0.999972224 0.007366532 -0.730482459 0.073329896 -0.007383502 0.997279942 51.083667755
0.997296989 -0.000152419 -0.073488101 -3.209101677 0.000720493 0.999969602 0.007703441 -0.745670915 0.073484622 -0.007735574 0.997265875 52.018829346
0.997280478 -0.005270103 -0.073522255 -3.278157473 0.005791984 0.999959052 0.006886709 -0.753788471 0.073482864 -0.007293828 0.997269332 52.980506897
0.997237861 -0.005555068 -0.074075997 -3.347414732 0.005957908 0.999968410 0.005218172 -0.775784850 0.074044548 -0.005645105 0.997238517 53.971542358
0.997136533 -0.006403144 -0.075359754 -3.420818329 0.006896582 0.999956131 0.006289194 -0.785216689 0.075316079 -0.006790918 0.997136056 54.901458740
0.997056246 -0.007221078 -0.076342814 -3.491123676 0.008062035 0.999909759 0.010712953 -0.803780556 0.076258451 -0.011296898 0.997023582 55.853500366
0.996954381 -0.011969453 -0.077071927 -3.559539795 0.013207685 0.999791086 0.015576219 -0.805538893 0.076869279 -0.016546721 0.996903300 56.807075500
0.996936619 -0.010234904 -0.077551536 -3.639455318 0.011626886 0.999778211 0.017518764 -0.799299717 0.077354968 -0.018366771 0.996833563 57.759765625
0.996859729 -0.009746836 -0.078597888 -3.724746466 0.010911213 0.999836206 0.014398403 -0.811905086 0.078444563 -0.015210778 0.996801555 58.705032349
0.996765077 -0.005572621 -0.080187738 -3.811109781 0.006106619 0.999960065 0.006415426 -0.825260460 0.080148675 -0.006884351 0.996758282 59.630798340
0.996722996 -0.004643553 -0.080767892 -3.889857531 0.004754019 0.999987304 0.001175195 -0.848796427 0.080761299 -0.001555320 0.996731400 60.547378540
0.996638179 0.001214024 -0.081930757 -3.980231762 -0.001107482 0.999997854 0.001345459 -0.854016244 0.081932083 -0.001250207 0.996636271 61.471626282
0.996572495 0.002303404 -0.082704067 -4.056884289 -0.001969235 0.999989092 0.004121483 -0.862464130 0.082712471 -0.003944503 0.996564865 62.350570679
0.996447325 0.003596056 -0.084152527 -4.138089180 -0.003090825 0.999976039 0.006132840 -0.873528481 0.084172353 -0.005850960 0.996433258 63.242385864
0.996351600 0.004970274 -0.085210040 -4.208967209 -0.004486630 0.999972224 0.005866016 -0.891210914 0.085236661 -0.005462317 0.996344984 64.130950928
0.996217072 0.007003519 -0.086626276 -4.298596382 -0.006459533 0.999957085 0.006557977 -0.903529167 0.086668335 -0.005973615 0.996218503 64.966941833
0.996092737 0.008305053 -0.087930366 -4.380620003 -0.007705085 0.999944270 0.007159991 -0.919575632 0.087984793 -0.006454515 0.996100187 65.819549561
0.995959520 0.008872105 -0.089370884 -4.460568905 -0.008208396 0.999935508 0.007790806 -0.936783552 0.089434087 -0.007025748 0.995967150 66.633071899
0.995838821 0.008218061 -0.090766460 -4.531636238 -0.007456051 0.999933779 0.008730703 -0.943068326 0.090832077 -0.008017623 0.995833099 67.451568604
0.995710850 0.010734275 -0.091900527 -4.610961914 -0.009712782 0.999885738 0.011554798 -0.951967478 0.092013970 -0.010612634 0.995700300 68.277626038
0.995606184 0.011865008 -0.092889644 -4.681474686 -0.010513599 0.999831438 0.015023915 -0.949174047 0.093052156 -0.013981302 0.995562136 69.043937683
0.995383859 0.014939301 -0.094809093 -4.779192448 -0.013331409 0.999756396 0.017569616 -0.966890693 0.095048383 -0.016224571 0.995339394 69.817886353
0.995238543 0.017795816 -0.095836490 -4.853065491 -0.016463077 0.999756336 0.014678715 -0.986117244 0.096074305 -0.013031060 0.995287716 70.579795837
0.995068491 0.018359141 -0.097480930 -4.936468124 -0.017830709 0.999820828 0.006288845 -0.985707819 0.097578846 -0.004519689 0.995216429 71.288421631
0.994965017 0.016760692 -0.098815084 -5.006598473 -0.016810443 0.999858201 0.000328632 -0.999666572 0.098806486 0.001334130 0.995104671 72.013603210
0.994893730 0.017926004 -0.099328615 -5.085488319 -0.018136423 0.999834478 -0.001216346 -1.000460625 0.099290267 0.003011581 0.995052755 72.690444946
0.994810879 0.019636193 -0.099833630 -5.154901505 -0.019585023 0.999806821 0.001492088 -1.010481596 0.099843569 0.000470883 0.995001793 73.367500305
0.994654775 0.020922400 -0.101120681 -5.240175247 -0.020462554 0.999774873 0.005582165 -1.046530962 0.101214655 -0.003483151 0.994857252 74.022621155
0.994588375 0.018785084 -0.102187708 -5.310458660 -0.018659377 0.999823332 0.002185479 -1.064312458 0.102210656 -0.000266909 0.994761705 74.648818970
0.994728029 0.010366980 -0.102029338 -5.356401443 -0.010702221 0.999938786 -0.002739303 -1.081576943 0.101994663 0.003816780 0.994776547 75.254287720
0.994871616 0.005677120 -0.100993074 -5.422109604 -0.006465702 0.999950945 -0.007483045 -1.097991347 0.100945592 0.008097632 0.994857967 75.848281860
0.995160341 0.007359523 -0.097996660 -5.476678848 -0.008216107 0.999931455 -0.008340711 -1.100231528 0.097928487 0.009105467 0.995150805 76.430358887
0.995463133 0.012808729 -0.094288841 -5.540359497 -0.013393159 0.999894798 -0.005568578 -1.106726646 0.094207510 0.006806118 0.995528281 77.017829895
0.995937943 0.010878129 -0.089390591 -5.587841988 -0.011124384 0.999935627 -0.002257582 -1.123924613 0.089360185 0.003242811 0.995993078 77.577644348
0.996429801 0.007991287 -0.084054559 -5.626244545 -0.007846676 0.999967217 0.002050146 -1.136435390 0.084068134 -0.001383285 0.996458054 78.112731934
0.997129679 0.001970318 -0.075695321 -5.650823593 -0.001546003 0.999982834 0.005663211 -1.156505585 0.075705111 -0.005529930 0.997114003 78.661605835
0.997852385 0.005504795 -0.065279789 -5.688300610 -0.005156349 0.999971628 0.005504334 -1.162899971 0.065308131 -0.005155912 0.997851193 79.152328491
0.998676300 0.011107783 -0.050233912 -5.716423988 -0.010868308 0.999928355 0.005036938 -1.170522928 0.050286170 -0.004484319 0.998724103 79.659614563
0.999349236 0.016975103 -0.031844184 -5.735256195 -0.016808506 0.999843717 0.005490528 -1.178131700 0.031932328 -0.004951707 0.999477208 80.153480530
0.999831140 0.014987542 -0.010679930 -5.731471062 -0.014925136 0.999871194 0.005894688 -1.183913946 0.010766853 -0.005734299 0.999925077 80.623085022
0.999836504 0.009645114 0.015327260 -5.712132454 -0.009754827 0.999927163 0.007102425 -1.197491884 -0.015257664 -0.007250782 0.999856710 81.105033875
0.998954415 0.008669933 0.044900082 -5.660821915 -0.009076449 0.999919593 0.008858873 -1.200014949 -0.044819653 -0.009257143 0.998951733 81.544227600
0.996929288 0.008534373 0.077847615 -5.595281124 -0.009383341 0.999900520 0.010546811 -1.207434893 -0.077749796 -0.011244897 0.996909082 81.989784241
0.993252456 0.007861362 0.115709312 -5.531188011 -0.009104648 0.999906540 0.010220678 -1.209975719 -0.115618065 -0.011205211 0.993230402 82.447578430
0.987547040 0.007528692 0.157146782 -5.452334404 -0.009285077 0.999902487 0.010445856 -1.219743252 -0.157052726 -0.011774897 0.987519801 82.849502563
0.979256928 0.007156448 0.202497378 -5.343616486 -0.009449677 0.999901950 0.010360431 -1.219618797 -0.202403218 -0.012059063 0.979227781 83.257766724
0.967926204 0.007512801 0.251123369 -5.196376801 -0.010057501 0.999910533 0.008851552 -1.216820478 -0.251034230 -0.011093330 0.967914402 83.703544617
0.952621937 0.007704975 0.304060429 -5.059398651 -0.010346329 0.999921739 0.007076911 -1.237241268 -0.303981870 -0.009887537 0.952626228 84.047348022
0.933247745 0.007761780 0.359150589 -4.838348389 -0.010180499 0.999936700 0.004843871 -1.242594481 -0.359089941 -0.008176873 0.933266878 84.480033875
0.909196794 0.010779152 0.416228056 -4.679357529 -0.012444899 0.999921918 0.001289180 -1.261845708 -0.416181356 -0.006352044 0.909259140 84.780021667
0.880658984 0.010597507 0.473633111 -4.459457397 -0.011581175 0.999932706 -0.000839659 -1.251069665 -0.473609865 -0.004745786 0.880721748 85.105697632
0.847902119 0.008877160 0.530079305 -4.135921478 -0.008693150 0.999958396 -0.002840726 -1.272513747 -0.530081987 -0.002199411 0.847943068 85.472610474
0.811293721 0.008298592 0.584580600 -3.922935486 -0.007349345 0.999965191 -0.003995663 -1.276220083 -0.584592819 -0.001054639 0.811325669 85.708106995
0.771835685 0.007926303 0.635773361 -3.593097687 -0.007142399 0.999967515 -0.003795765 -1.305832744 -0.635782063 -0.001611251 0.771866381 86.040695190
0.729287624 0.007300780 0.684168935 -3.349952698 -0.007750988 0.999967217 -0.002408472 -1.300458670 -0.684163272 -0.003546526 0.729319513 86.223693848
0.684299529 0.005368482 0.729181945 -3.039669037 -0.006123912 0.999980152 -0.001615162 -1.296913266 -0.729175210 -0.003360202 0.684317946 86.444107056
0.637951672 0.002887929 0.770071447 -2.664833069 -0.002309435 0.999995828 -0.001836931 -1.303003907 -0.770072758 -0.000606570 0.637954950 86.723861694
0.591321170 0.000711326 0.806436300 -2.380569458 0.002451855 0.999993443 -0.002679835 -1.349489689 -0.806432247 0.003561891 0.591314912 86.840637207
0.544775188 0.002241733 0.838579535 -2.020751953 0.001412105 0.999992609 -0.003590545 -1.344327927 -0.838580728 0.003140185 0.544767380 87.066360474
0.497576684 0.004344800 0.867409348 -1.720363617 -0.001165496 0.999989986 -0.004340273 -1.328899980 -0.867418885 0.001148643 0.497576177 87.160369873
0.452313513 0.005856050 0.891839862 -1.363605499 -0.001762423 0.999982417 -0.005672254 -1.343217611 -0.891856909 0.000993821 0.452315211 87.320091248
0.409816563 0.004507546 0.912156940 -0.966278076 0.005581122 0.999956727 -0.007448882 -1.344075203 -0.912150443 0.008143513 0.409772933 87.483467102
0.370543361 -0.003740455 0.928807735 -0.635862350 0.019445101 0.999803901 -0.003731121 -1.387089491 -0.928611279 0.019443277 0.370542705 87.534622192
0.334990263 -0.007632490 0.942190826 -0.275295258 0.025151692 0.999683321 -0.000844269 -1.393963575 -0.941885293 0.023980482 0.335075438 87.622589111
0.301556587 -0.003917886 0.953440249 0.120275497 0.022671290 0.999738216 -0.003062362 -1.402420044 -0.953178048 0.022539163 0.301565796 87.728797913
0.270584971 0.004171257 0.962687016 0.450841904 0.011689930 0.999902666 -0.007618188 -1.396095037 -0.962624550 0.013315080 0.270509213 87.820762634
0.242053792 0.008946763 0.970221579 0.849378586 0.006418039 0.999920845 -0.010821782 -1.396222591 -0.970240951 0.008846340 0.241976559 87.903251648
0.216043249 0.010046500 0.976332009 1.256647110 0.008060372 0.999894738 -0.012072521 -1.410087109 -0.976349771 0.010477743 0.215938687 87.977622986
0.192966759 0.009888768 0.981155396 1.623674393 0.016015278 0.999784350 -0.013226256 -1.410470605 -0.981073797 0.018265653 0.192765951 88.044273376
0.172523454 0.015537472 0.984882891 2.008681297 0.023407454 0.999528646 -0.019868804 -1.428086281 -0.984726489 0.026481370 0.172077671 88.096572876
0.152703941 0.022655867 0.988012195 2.455739021 0.024794120 0.999334812 -0.026747558 -1.415307403 -0.987960100 0.028581278 0.152039856 88.143783569
0.135004640 0.023690261 0.990561664 2.881538391 0.022618391 0.999380112 -0.026983794 -1.428602815 -0.990585864 0.026047779 0.134384319 88.203071594
0.119538628 0.019850822 0.992631018 3.329283714 0.021540154 0.999513090 -0.022582402 -1.448186874 -0.992594957 0.024080832 0.119052075 88.253242493
0.105206281 0.016745882 0.994309425 3.848227501 0.021641515 0.999583304 -0.019124504 -1.474483490 -0.994213760 0.023530332 0.104799293 88.289367676
0.092164353 0.014103625 0.995643854 4.323558807 0.023720499 0.999585152 -0.016355151 -1.487099886 -0.995460153 0.025124479 0.091790855 88.335884094
0.080401629 0.013170883 0.996675313 4.821212292 0.028190611 0.999482989 -0.015482066 -1.505812645 -0.996362746 0.029341618 0.079988062 88.356445312
0.070156679 0.013640503 0.997442544 5.335872173 0.030928612 0.999396324 -0.015842577 -1.521816611 -0.997055233 0.031960923 0.069691733 88.387496948
0.062387343 0.014433047 0.997947097 5.879993439 0.032446295 0.999338031 -0.016481496 -1.534162760 -0.997523308 0.033407893 0.061877057 88.409889221
0.056383174 0.014956042 0.998296618 6.423495770 0.034684524 0.999255359 -0.016929293 -1.543428898 -0.997805357 0.035579935 0.055821765 88.443061829
0.050712153 0.015713420 0.998589158 6.977548122 0.034796011 0.999241769 -0.017490692 -1.558843136 -0.998105824 0.035633869 0.050126266 88.477218628
0.044917397 0.016577564 0.998852313 7.570941925 0.035432853 0.999207020 -0.018176749 -1.576292753 -0.998360932 0.036208615 0.044293731 88.492195129
0.040804390 0.016465124 0.999030530 8.184545517 0.037663296 0.999128580 -0.018004972 -1.596493006 -0.998455822 0.038361453 0.040148031 88.511474609
0.037746385 0.016607445 0.999148488 8.810531616 0.038681749 0.999088407 -0.018067701 -1.617369175 -0.998537123 0.039330781 0.037068915 88.536689758
0.034591697 0.016172078 0.999269605 9.446360588 0.040475875 0.999026120 -0.017569201 -1.628590941 -0.998580277 0.041054040 0.033902749 88.558357239
0.032425765 0.015277447 0.999356329 10.104089737 0.043231133 0.998926044 -0.016673485 -1.641582727 -0.998537481 0.043743934 0.031729802 88.580825806
0.031688783 0.015144424 0.999382079 10.780658722 0.047143765 0.998749733 -0.016629605 -1.664346814 -0.998384237 0.047641560 0.030934539 88.591705322
0.032448392 0.014953130 0.999360800 11.475265503 0.050207645 0.998601317 -0.016571878 -1.684956789 -0.998210311 0.050713241 0.031651590 88.612510681
0.035066392 0.014833065 0.999274075 12.184610367 0.053493574 0.998428464 -0.016697615 -1.698308110 -0.997951210 0.054040220 0.034217160 88.634956360
0.038700927 0.014855841 0.999139547 12.919200897 0.054830950 0.998351336 -0.016967874 -1.719201207 -0.997744322 0.055440392 0.037821919 88.668914795
0.042896200 0.014460112 0.998974144 13.652558327 0.055833824 0.998297811 -0.016847754 -1.738209009 -0.997516990 0.056499220 0.042015169 88.705604553
0.047031589 0.012269156 0.998817325 14.418545723 0.057534032 0.998231173 -0.014970990 -1.758454084 -0.997233868 0.058170065 0.046241853 88.739883423
0.051123071 0.010666940 0.998634756 15.186239243 0.057406418 0.998258114 -0.013601642 -1.780410767 -0.997039795 0.058023363 0.050421026 88.786468506
0.055144627 0.009090511 0.998436391 15.960454941 0.054532811 0.998438537 -0.012102351 -1.797066450 -0.996986926 0.055114884 0.054562129 88.836029053
0.059368759 0.008065167 0.998202801 16.766427994 0.052691903 0.998547971 -0.011201758 -1.815257430 -0.996843278 0.053262200 0.058856912 88.891586304
0.063179322 0.009019366 0.997960925 17.583744049 0.050394751 0.998654723 -0.012215970 -1.837544322 -0.996727884 0.051063735 0.062639132 88.947654724
0.066010877 0.012221348 0.997743428 18.396942139 0.049211044 0.998668373 -0.015488405 -1.867439151 -0.996603429 0.050122343 0.065320864 89.020210266
0.068090200 0.016733963 0.997538149 19.212207794 0.045528047 0.998765826 -0.019862138 -1.886800289 -0.996638656 0.046768319 0.067243591 89.094841003
0.067805313 0.020497097 0.997487247 20.029754639 0.041017774 0.998886585 -0.023313992 -1.921855927 -0.996853948 0.042495470 0.066888370 89.151756287
0.068224065 0.020497506 0.997458398 20.860202789 0.038026746 0.999009132 -0.023130242 -1.950348377 -0.996944189 0.039508101 0.067376301 89.212371826
0.068111524 0.018900353 0.997497618 21.686170578 0.035810865 0.999130130 -0.021376455 -1.985028505 -0.997033775 0.037177198 0.067374729 89.277503967
0.068629682 0.017397411 0.997489452 22.495437622 0.036671225 0.999128461 -0.019948987 -2.017103672 -0.996967018 0.037948210 0.067931175 89.317382812
0.068842098 0.016788291 0.997485399 23.315597534 0.034417644 0.999223471 -0.019192820 -2.048159122 -0.997032583 0.035652317 0.068210132 89.384994507
0.069059603 0.016580429 0.997473776 24.133098602 0.033205651 0.999270022 -0.018909179 -2.079598665 -0.997058630 0.034427576 0.068457909 89.441864014
0.069080308 0.017646300 0.997454166 24.951858521 0.030496608 0.999339640 -0.019791655 -2.107735634 -0.997143507 0.031786136 0.068495765 89.515678406
0.067956217 0.018875754 0.997509062 25.769683838 0.026983995 0.999421239 -0.020750165 -2.142993927 -0.997321963 0.028326832 0.067406759 89.579818726
0.065111935 0.018764587 0.997700870 26.589977264 0.024543971 0.999491334 -0.020399969 -2.172668695 -0.997574687 0.025815764 0.064617470 89.645584106
0.061699197 0.017741699 0.997936368 27.405931473 0.022535887 0.999563098 -0.019163862 -2.207594156 -0.997838914 0.023671729 0.061271649 89.692428589
0.056699451 0.015587955 0.998268902 28.230758667 0.020703744 0.999645531 -0.016785298 -2.237883568 -0.998175204 0.021619579 0.056355838 89.749557495
0.050675604 0.013075945 0.998628855 29.044786453 0.019106356 0.999719441 -0.014059707 -2.259009361 -0.998530746 0.019792611 0.050410759 89.796432495
0.043231912 0.013222104 0.998976946 29.855993271 0.018556207 0.999730110 -0.014035041 -2.291779280 -0.998890936 0.019143954 0.042974111 89.833732605
0.035239253 0.014591355 0.999271691 30.665065765 0.014303358 0.999784350 -0.015103173 -2.319210529 -0.999274731 0.014825140 0.035022173 89.862403870
0.025524672 0.015213364 0.999557674 31.464782715 0.014925246 0.999767721 -0.015597614 -2.348516703 -0.999560893 0.015316742 0.025290916 89.876945496
0.014949525 0.014118874 0.999787807 32.273113251 0.016178923 0.999766886 -0.014360417 -2.373843670 -0.999755502 0.016390152 0.014716852 89.891571045
0.004058094 0.013261904 0.999903023 33.078590393 0.015825283 0.999786913 -0.013324508 -2.397922993 -0.999864757 0.015877804 0.003846616 89.897811890
-0.006807273 0.012071413 0.999903083 33.865974426 0.016913518 0.999786496 -0.011954773 -2.422664642 -0.999831975 0.016830489 -0.007010709 89.896316528
-0.017711001 0.012282799 0.999766707 34.649932861 0.017459808 0.999776840 -0.011973536 -2.449856043 -0.999688804 0.017243676 -0.017922210 89.878326416
-0.028809385 0.012662284 0.999503613 35.440353394 0.017619880 0.999772012 -0.012157722 -2.474973202 -0.999427676 0.017260881 -0.029026605 89.849754333
-0.038835846 0.013877644 0.999148190 36.195652008 0.017871646 0.999754310 -0.013191324 -2.503988981 -0.999083757 0.017344128 -0.039074987 89.808425903
-0.049116641 0.015036122 0.998678803 36.971534729 0.017590124 0.999745727 -0.014186987 -2.527605534 -0.998635888 0.016870065 -0.049369302 89.769584656
-0.058722131 0.015674712 0.998150110 37.744869232 0.017816162 0.999734879 -0.014651372 -2.552304268 -0.998113155 0.016922835 -0.058986451 89.727592468
-0.067936629 0.016118139 0.997558296 38.496479034 0.018659046 0.999716103 -0.014882183 -2.579735279 -0.997512758 0.017602431 -0.068218708 89.662139893
-0.077425800 0.016758744 0.996856153 39.243053436 0.018532492 0.999711215 -0.015367241 -2.606740475 -0.996823430 0.017284401 -0.077714600 89.606582642
-0.086214446 0.016054131 0.996146083 39.979316711 0.019519754 0.999706507 -0.014422038 -2.634449005 -0.996082842 0.018201128 -0.086503051 89.547554016
-0.093590632 0.015144977 0.995494306 40.715820312 0.022054825 0.999671638 -0.013134978 -2.660555363 -0.995363832 0.020726129 -0.093894437 89.470565796
-0.098912045 0.013453868 0.995004117 41.435112000 0.026485473 0.999591112 -0.010882927 -2.684379816 -0.994741082 0.025276674 -0.099228442 89.394538879
-0.102679819 0.011646237 0.994645059 42.149818420 0.028517811 0.999556005 -0.008759690 -2.706634045 -0.994303107 0.027465628 -0.102966860 89.314483643
-0.105508365 0.010356103 0.994363487 42.836582184 0.029796228 0.999530792 -0.007248270 -2.724602699 -0.993969321 0.028863486 -0.105767980 89.236473083
-0.107235968 0.009921508 0.994183123 43.530456543 0.030504405 0.999513507 -0.006684313 -2.750047922 -0.993762910 0.029610125 -0.107486971 89.163688660
-0.107695982 0.009926394 0.994133413 44.199386597 0.030661104 0.999508858 -0.006658425 -2.763999701 -0.993708193 0.029764099 -0.107947975 89.089057922
-0.106805228 0.010554222 0.994222999 44.863044739 0.030830909 0.999499023 -0.007298118 -2.785209179 -0.993799031 0.029873274 -0.107077681 89.023689270
-0.104051523 0.012035567 0.994498193 45.505718231 0.032334480 0.999440253 -0.008712233 -2.808707237 -0.994043410 0.031250004 -0.104383007 88.943855286
-0.098719575 0.012579437 0.995034814 46.125427246 0.032682262 0.999422789 -0.009392355 -2.827772856 -0.994575799 0.031592727 -0.099074289 88.900672913
-0.090515904 0.013327746 0.995804667 46.722858429 0.032405995 0.999421597 -0.010430451 -2.843549728 -0.995364904 0.031325884 -0.090896025 88.847480774
-0.079405002 0.013477012 0.996749997 47.304569244 0.031529114 0.999443471 -0.011001609 -2.864648342 -0.996340990 0.030553037 -0.079786308 88.817909241
-0.064480811 0.014100194 0.997817993 47.825237274 0.031863768 0.999420643 -0.012063654 -2.883004427 -0.997407556 0.031016337 -0.064893350 88.800819397
-0.047329083 0.015297428 0.998760760 48.372459412 0.030893117 0.999428093 -0.013843602 -2.898882866 -0.998399019 0.030199599 -0.047775231 88.780632019
-0.025994815 0.018057007 0.999497652 48.916110992 0.029521240 0.999415874 -0.017287657 -2.925801992 -0.999223590 0.029056994 -0.026513398 88.795028687
-0.001559272 0.021153131 0.999773622 49.449974060 0.026969938 0.999414563 -0.021103386 -2.945162773 -0.999632478 0.026930900 -0.002129592 88.811996460
0.026692085 0.022880103 0.999380469 49.955257416 0.025043862 0.999410152 -0.023549579 -2.963443995 -0.999327421 0.025656907 0.026102521 88.839927673
0.059282910 0.022441721 0.997987449 50.495948792 0.023231015 0.999446690 -0.023854433 -2.987749338 -0.997968495 0.024598401 0.058727928 88.900177002
0.097039878 0.020505715 0.995067656 51.005306244 0.022163942 0.999496639 -0.022758344 -3.008075237 -0.995031357 0.024263084 0.096535608 88.977027893
0.138993949 0.017190930 0.990142405 51.497772217 0.021451961 0.999563754 -0.020365791 -3.029712200 -0.990058482 0.024071218 0.138563514 89.076629639
0.183440760 0.012409146 0.982950807 51.995407104 0.017246924 0.999727130 -0.015839512 -3.056638241 -0.982877076 0.019858506 0.183175549 89.203109741
0.232021332 0.008957374 0.972667873 52.492141724 0.012520513 0.999848545 -0.012194250 -3.083103657 -0.972627878 0.015007654 0.231872827 89.366256714
0.282989085 0.007238008 0.959094226 52.952766418 0.008493829 0.999914706 -0.010052154 -3.100508928 -0.959083259 0.010991069 0.282902122 89.532470703
0.336448431 0.007286418 0.941671968 53.408145905 0.007652322 0.999917150 -0.010471096 -3.104888678 -0.941668689 0.010728993 0.336363435 89.752716064
0.393833339 0.007665037 0.919147968 53.857437134 0.009307328 0.999881864 -0.012326169 -3.132100582 -0.919132590 0.013409314 0.393714041 89.983779907
0.453632534 0.010484428 0.891125262 54.254371643 0.010750142 0.999794841 -0.017235287 -3.146067858 -0.891121924 0.017398242 0.453425199 90.212677002
0.512079954 0.014725586 0.858809650 54.659439087 0.011733241 0.999640882 -0.024136396 -3.169794798 -0.858855546 0.022436403 0.511721671 90.513122559
0.569959164 0.019339936 0.821443379 55.018371582 0.007253926 0.999566734 -0.028566673 -3.186594963 -0.821638763 0.022240536 0.569570184 90.777145386
0.624711633 0.021931808 0.780545175 55.360580444 0.002982212 0.999532342 -0.030471619 -3.202035189 -0.780847490 0.021363739 0.624352336 91.138252258
0.677396655 0.023356432 0.735244751 55.671401978 0.001288845 0.999457598 -0.032936960 -3.219158173 -0.735614240 0.023258997 0.676997364 91.502548218
0.726245880 0.021667693 0.687090814 55.940620422 0.001093892 0.999466538 -0.032674678 -3.231887102 -0.687431157 0.024481453 0.725833058 91.850448608
0.771038890 0.018411228 0.636518776 56.229267120 -0.001166283 0.999622226 -0.027501024 -3.265888214 -0.636783898 0.020462006 0.770767212 92.256546021
0.812091708 0.012840887 0.583385468 56.454586029 -0.000845507 0.999783754 -0.020829078 -3.271903992 -0.583526015 0.016421877 0.811925054 92.667358398
0.848608851 0.010832420 0.528906465 56.645111084 -0.003820697 0.999890685 -0.014348209 -3.297740221 -0.529003561 0.010155253 0.848555565 93.052993774
0.879604459 0.008717036 0.475622207 56.838874817 -0.005556759 0.999953270 -0.008050043 -3.298482895 -0.475669771 0.004437976 0.879609585 93.517456055
0.905557394 0.007939974 0.424145043 57.014099121 -0.008065964 0.999967635 -0.001498115 -3.319806576 -0.424142867 -0.002064452 0.905589461 93.968482971
0.925751269 0.010343131 0.377986550 57.148254395 -0.011901617 0.999928832 0.001787496 -3.338923693 -0.377940893 -0.006153363 0.925805926 94.365615845
0.941076398 0.015362605 0.337839574 57.277164459 -0.017815614 0.999833882 0.004161457 -3.332855463 -0.337719381 -0.009934997 0.941191137 94.861885071
0.952991188 0.020825062 0.302275568 57.387908936 -0.022909712 0.999733090 0.003352390 -3.349679708 -0.302125156 -0.010119777 0.953211308 95.315200806
0.962308168 0.022994908 0.270980716 57.492576599 -0.024504974 0.999698579 0.002190050 -3.328732729 -0.270848811 -0.008747820 0.962578893 95.791213989
0.968405366 0.018124834 0.248714477 57.613227844 -0.019559423 0.999804497 0.003297981 -3.364262581 -0.248606265 -0.008058431 0.968567789 96.264785767
0.972431958 0.015358943 0.232672393 57.728847504 -0.016696665 0.999854743 0.003781089 -3.368241072 -0.232580736 -0.007561642 0.972544432 96.756340027
0.975313663 0.018835302 0.220010102 57.820236206 -0.020079589 0.999793768 0.003420648 -3.371913671 -0.219900519 -0.007753857 0.975488245 97.263526917
0.977402449 0.024178719 0.209990442 57.907554626 -0.025421409 0.999672890 0.003220298 -3.366273403 -0.209844157 -0.008485720 0.977694869 97.778572083
0.978533983 0.030310791 0.203834772 58.004394531 -0.031446561 0.999503911 0.002334589 -3.375511169 -0.203663141 -0.008694321 0.978999257 98.299446106
0.978861272 0.038220279 0.200913012 58.094398499 -0.038708013 0.999250710 -0.001501986 -3.376490116 -0.200820118 -0.006306665 0.979604721 98.817176819
0.978973329 0.039467476 0.200124308 58.196704865 -0.039487123 0.999213696 -0.003895136 -3.388478518 -0.200120881 -0.004089063 0.979759634 99.356094360
0.978580058 0.036870673 0.202528402 58.309757233 -0.036183465 0.999321342 -0.007095962 -3.401233673 -0.202652752 -0.000384183 0.979247570 99.892356873
0.977763653 0.037337501 0.206350833 58.435501099 -0.035272010 0.999285400 -0.013680821 -3.414303541 -0.206714422 0.006098218 0.978379250 100.447303772
0.976827264 0.039422728 0.210358888 58.565910339 -0.036442544 0.999174356 -0.018026497 -3.424898148 -0.210896090 0.009942768 0.977455020 101.009567261
0.975696087 0.042666350 0.214925766 58.680213928 -0.039677419 0.999047935 -0.018204162 -3.439804554 -0.215498105 0.009234037 0.976457596 101.589271545
0.974396884 0.044012077 0.220476657 58.806442261 -0.041880369 0.999021053 -0.014336241 -3.454779625 -0.220891997 0.004735562 0.975283742 102.184913635
0.973377109 0.041993473 0.225321978 58.951175690 -0.040813446 0.999118924 -0.009894832 -3.468801498 -0.225539207 0.000435263 0.974230945 102.794670105
0.972738683 0.036590364 0.228991941 59.107109070 -0.036612131 0.999322057 -0.004154944 -3.478856087 -0.228989094 -0.004342161 0.973416090 103.416061401
0.971957028 0.033681877 0.232726663 59.260345459 -0.034765694 0.999396324 0.000555493 -3.490010500 -0.232567832 -0.008630756 0.972538650 104.040954590
0.971446574 0.027748719 0.235622898 59.423080444 -0.028979426 0.999579489 0.001761218 -3.507472038 -0.235475302 -0.008539076 0.971839488 104.693084717
0.971330523 0.025659567 0.236337110 59.575836182 -0.026084656 0.999659836 -0.001328391 -3.514956474 -0.236291081 -0.004874402 0.971666813 105.324470520
0.971460462 0.024884917 0.235885158 59.740234375 -0.023561791 0.999687791 -0.008426727 -3.531068563 -0.236021474 0.002628403 0.971741080 105.976203918
0.971552551 0.028725186 0.235068381 59.891754150 -0.025843998 0.999549448 -0.015329059 -3.541778326 -0.235403076 0.008817909 0.971854568 106.638450623
0.972046256 0.032257907 0.232555091 60.042907715 -0.028618671 0.999410450 -0.019006906 -3.563430786 -0.233031347 0.011820202 0.972393990 107.330940247
0.972706497 0.031147638 0.229931116 60.202552795 -0.028507210 0.999484956 -0.014797365 -3.578344345 -0.230273813 0.007838834 0.973090947 108.034561157
0.973111451 0.026435887 0.228804737 60.375350952 -0.025428569 0.999650478 -0.007350124 -3.600293398 -0.228919297 0.001334367 0.973441243 108.740196228
0.973789155 0.024884641 0.226079643 60.542098999 -0.025213700 0.999681950 -0.001432387 -3.613350153 -0.226043597 -0.004305391 0.974104345 109.472190857
0.974037349 0.029769372 0.224413708 60.693717957 -0.030099800 0.999545813 -0.001949331 -3.629080057 -0.224370033 -0.004856017 0.974488676 110.191429138
0.974337459 0.035400808 0.222284272 60.844047546 -0.034800295 0.999373257 -0.006619202 -3.627597809 -0.222379535 -0.001286169 0.974956155 110.914726257
0.975121737 0.037116215 0.218533471 61.008094788 -0.035380125 0.999304533 -0.011853672 -3.649256706 -0.218821660 0.003827071 0.975754201 111.675384521
0.976001441 0.038060497 0.214404717 61.172752380 -0.035619650 0.999250114 -0.015237854 -3.657527447 -0.214824125 0.007235178 0.976622880 112.423690796
0.976986468 0.034110647 0.210547492 61.329612732 -0.031935666 0.999396384 -0.013722662 -3.676868439 -0.210888788 0.006682916 0.977484047 113.179344177
0.977700949 0.033797473 0.207255468 61.496757507 -0.032011218 0.999416471 -0.011967300 -3.693465710 -0.207539335 0.005065981 0.978210449 113.987373352
0.978165805 0.031380616 0.205433801 61.657836914 -0.030196160 0.999504983 -0.008899029 -3.713767052 -0.205611706 0.002501462 0.978627384 114.776985168
0.978576601 0.025993202 0.204226419 61.825706482 -0.025060015 0.999660850 -0.007154702 -3.729844570 -0.204343468 0.001883559 0.978894293 115.564476013
0.978821754 0.020965675 0.203628600 62.004768372 -0.020251520 0.999779820 -0.005590419 -3.754746199 -0.203701288 0.001348293 0.979029000 116.375976562
0.979012430 0.020417837 0.202765718 62.166419983 -0.020134406 0.999791563 -0.003460637 -3.767170668 -0.202794477 -0.000694498 0.979217768 117.196662903
0.978808880 0.025812902 0.203133181 62.328514099 -0.025352467 0.999666989 -0.004868908 -3.784766197 -0.203191563 -0.000384139 0.979135633 118.030838013
0.978554010 0.031312838 0.203587458 62.487205505 -0.030253490 0.999507904 -0.008314430 -3.799814939 -0.203747988 0.001976938 0.979017973 118.847640991
0.978032470 0.039082550 0.204747260 62.644309998 -0.037821651 0.999234021 -0.010069845 -3.821241856 -0.204984263 0.002104803 0.978759706 119.674568176
0.977235079 0.044422939 0.207447499 62.808502197 -0.043431528 0.999013066 -0.009333599 -3.842635155 -0.207657620 0.000111403 0.978198230 120.520820618
0.976430893 0.047075290 0.210624903 62.979530334 -0.046538688 0.998888493 -0.007506699 -3.861500502 -0.210744426 -0.002472387 0.977534831 121.373489380
0.976143777 0.049664438 0.211359605 63.180679321 -0.048933968 0.998764515 -0.008688618 -3.877095222 -0.211530089 -0.001861274 0.977366388 122.180992126
0.975841403 0.048221488 0.213083133 63.359317780 -0.046955992 0.998836935 -0.010999097 -3.900050640 -0.213365734 0.000727891 0.976968765 123.023498535
0.975728154 0.042543355 0.214804262 63.550292969 -0.041163668 0.999093473 -0.010894368 -3.925977707 -0.215073124 0.001787857 0.976592958 123.865447998
0.976015449 0.036539320 0.214604095 63.745727539 -0.034948949 0.999326766 -0.011201676 -3.950183392 -0.214869007 0.003432869 0.976633549 124.691871643
0.975866795 0.033457745 0.215779215 63.935234070 -0.031711027 0.999430656 -0.011552952 -3.989688873 -0.216042981 0.004431611 0.976370394 125.547691345
0.975356698 0.035534427 0.217744857 64.108192444 -0.034343347 0.999367654 -0.009253349 -4.007949352 -0.217936054 0.001547282 0.975958407 126.378868103
0.974505544 0.039061513 0.220928162 64.266464233 -0.039497349 0.999217272 -0.002446288 -4.022291660 -0.220850736 -0.006342093 0.975283563 127.229438782
0.974023700 0.042866632 0.222343147 64.451766968 -0.043937922 0.999034762 -0.000128558 -4.023025036 -0.222133994 -0.009644009 0.974965096 128.078018188
0.973783374 0.042279437 0.223505542 64.632598877 -0.042082563 0.999098659 -0.005646122 -4.048719883 -0.223542750 -0.003907531 0.974682987 128.899261475
0.974095643 0.038605265 0.222808436 64.822059631 -0.035006784 0.999185860 -0.020079104 -4.077419281 -0.223402157 0.011759190 0.974652171 129.724746704
