0.999999881 0.000000000 -0.000000001 -0.000000000 0.000000000 1.000000000 -0.000000000 0.000000000 -0.000000001 -0.000000000 1.000000000 -0.000000000
0.999056756 -0.001040308 0.043408502 0.010010201 0.001125033 0.999997497 -0.001927429 -0.011045982 -0.043406393 0.001974448 0.999055564 0.966842532
0.996000469 -0.004810234 0.089217052 0.130764648 0.005483479 0.999958336 -0.007302567 -0.047609333 -0.089178197 0.007762582 0.995985389 2.007685423
0.990919411 -0.004847724 0.134368718 0.267673314 0.006378453 0.999919534 -0.010963862 -0.081142195 -0.134304747 0.011721371 0.990870714 2.982752800
0.983516812 -0.003123615 0.180788830 0.435831934 0.005751292 0.999885321 -0.014012121 -0.088184223 -0.180724323 0.014820932 0.983422101 3.990673304
0.974069655 -0.005811304 0.226172879 0.638085186 0.009181561 0.999862015 -0.013852139 -0.153227359 -0.226061091 0.015569575 0.973988771 4.928067684
0.962290764 -0.006915536 0.271933943 0.910885155 0.011338559 0.999827802 -0.014697109 -0.168606520 -0.271785498 0.017226242 0.962203741 5.864164829
0.948620379 -0.009818077 0.316263020 1.219551802 0.016212367 0.999713898 -0.017593307 -0.196736798 -0.315999746 0.021816751 0.948508441 6.838924408
0.933462560 -0.011259023 0.358497381 1.578080535 0.019211590 0.999642134 -0.018628594 -0.251067698 -0.358159274 0.024276407 0.933344603 7.740546227
0.916003883 -0.011828398 0.400994271 1.961362004 0.021800850 0.999556124 -0.020315772 -0.243684918 -0.400575936 0.027351348 0.915854990 8.626203537
0.896211565 -0.012350295 0.443454444 2.388332367 0.022859562 0.999570370 -0.018360436 -0.308660030 -0.443037122 0.026592020 0.896108568 9.531620979
0.874413013 -0.012405764 0.485023320 2.843681812 0.023293989 0.999593914 -0.016427746 -0.350675374 -0.484622478 0.025662778 0.874346554 10.339472771
0.849979281 -0.012599873 0.526665032 3.349982738 0.024944665 0.999555349 -0.016344689 -0.373121619 -0.526224911 0.027030149 0.849915445 11.208547592
0.824420869 -0.012912114 0.565829337 3.877214909 0.026553845 0.999521494 -0.015880447 -0.409078509 -0.565353394 0.028117156 0.824369073 11.963455200
0.796898961 -0.014139786 0.603946805 4.446044445 0.029557660 0.999441624 -0.015601687 -0.461722463 -0.603388906 0.030284259 0.796871603 12.733774185
0.767836452 -0.014199991 0.640488267 5.065629005 0.031773802 0.999368310 -0.015934842 -0.476206601 -0.639857113 0.032586135 0.767802477 13.498760223
0.737387002 -0.017414609 0.675245881 5.687088013 0.036430731 0.999238074 -0.014013004 -0.525852859 -0.674487352 0.034932747 0.737459600 14.145213127
0.705239654 -0.016715165 0.708771765 6.351052761 0.036885925 0.999233305 -0.013136942 -0.548767686 -0.708008587 0.035408445 0.705315769 14.803544998
0.670185626 -0.016170785 0.742017269 7.075689316 0.039023824 0.999147654 -0.013471700 -0.547226191 -0.741166711 0.037984949 0.670245528 15.487555504
0.635333836 -0.017125327 0.772047460 7.790025234 0.043333825 0.998969793 -0.013501531 -0.615849018 -0.771020234 0.042033821 0.635421693 16.057626724
0.597690642 -0.015711326 0.801572621 8.571733475 0.044036046 0.998942256 -0.013255544 -0.627928078 -0.800516009 0.043220874 0.597750664 16.637191772
0.560135007 -0.014865463 0.828267634 9.343486786 0.047032010 0.998797178 -0.013880495 -0.657658517 -0.827064574 0.046730135 0.560160875 17.134555817
0.521259546 -0.012911632 0.853300214 10.117939949 0.051474817 0.998540699 -0.016335422 -0.699377954 -0.851843834 0.052438561 0.521164238 17.635242462
0.482094407 -0.011771422 0.876039982 10.994228363 0.054543402 0.998373508 -0.016600689 -0.724139094 -0.874419332 0.055785395 0.481952965 18.120357513
0.443817139 -0.013845428 0.896010220 11.813716888 0.059347842 0.998139501 -0.013973044 -0.746710479 -0.894149482 0.059377853 0.443813622 18.519699097
0.406441152 -0.014396586 0.913563251 12.708111763 0.063512713 0.997902155 -0.012531000 -0.785264850 -0.911466241 0.063116111 0.406503409 18.884531021
0.370957285 -0.012419965 0.928566575 13.600219727 0.065025702 0.997803450 -0.012631461 -0.805737376 -0.926370025 0.065066546 0.370950729 19.241151810
0.337617517 -0.012946383 0.941194057 14.489009857 0.065908559 0.997776031 -0.009917579 -0.824442744 -0.938972414 0.065381192 0.337720752 19.557016373
0.303908676 -0.014314419 0.952593207 15.440602303 0.068304375 0.997640967 -0.006800078 -0.841224313 -0.950248897 0.067132987 0.304170310 19.856302261
0.271116823 -0.014330378 0.962439299 16.374109268 0.069210254 0.997591078 -0.004642637 -0.861977279 -0.960054517 0.067869440 0.271456182 20.110515594
0.238976926 -0.011661518 0.970954776 17.328716278 0.066696227 0.997763336 -0.004432218 -0.887265503 -0.968731284 0.065818310 0.239220813 20.338924408
0.207415164 -0.009706949 0.978204370 18.324039459 0.066412106 0.997783363 -0.004180623 -0.892092228 -0.975995541 0.065831855 0.207600623 20.559610367
0.177012444 -0.009431031 0.984163046 19.308441162 0.068548083 0.997643769 -0.002768961 -0.906479895 -0.981818020 0.067952730 0.177242398 20.724002838
0.146305412 -0.009817754 0.989190221 20.314865112 0.070204578 0.997532189 -0.000483062 -0.923252642 -0.986744583 0.069516443 0.146634236 20.865676880
0.115374468 -0.010301230 0.993268192 21.347078323 0.069011144 0.997612655 0.002330148 -0.932395518 -0.990921259 0.068277821 0.115810640 20.991605759
0.086023942 -0.010427358 0.996238232 22.388998032 0.069581427 0.997565985 0.004432932 -0.938819647 -0.993859589 0.068938427 0.086540788 21.077360153
0.058504041 -0.010037821 0.998236537 23.463264465 0.072274946 0.997367382 0.005793185 -0.937060356 -0.995666683 0.071808636 0.059076205 21.130657196
0.033408649 -0.009622449 0.999395192 24.493223190 0.076452240 0.997047722 0.007044083 -0.951587081 -0.996512651 0.076170743 0.034046367 21.167421341
0.010505822 -0.009042200 0.999903679 25.602762222 0.080872260 0.996690452 0.008163380 -0.948656201 -0.996668279 0.080778778 0.011202993 21.161272049
-0.010027413 -0.009352198 0.999905765 26.698223114 0.086441487 0.996204197 0.010184390 -0.953217983 -0.996205568 0.086535513 -0.009180259 21.146593094
-0.027703354 -0.009723692 0.999568582 27.819295883 0.090909183 0.995783746 0.012206392 -0.947744966 -0.995472789 0.091208227 -0.026701901 21.102800369
-0.043372385 -0.009865083 0.999009967 28.934215546 0.093895443 0.995484352 0.013906713 -0.946326494 -0.994635880 0.094405763 -0.042249557 21.047723770
-0.058057111 -0.010345501 0.998259425 30.073266983 0.096193947 0.995234728 0.015908578 -0.940739512 -0.993667126 0.096950218 -0.056784604 20.977586746
-0.071223326 -0.011197601 0.997397304 31.207302094 0.096545167 0.995163798 0.018066682 -0.931187570 -0.992776155 0.097580753 -0.069797151 20.890914917
-0.083454363 -0.011046337 0.996450126 32.355628967 0.096261255 0.995172203 0.019094152 -0.925012231 -0.991850436 0.097513132 -0.081987448 20.789381027
-0.094849467 -0.008378717 0.995456159 33.518470764 0.096299678 0.995196819 0.017552143 -0.919414341 -0.990821958 0.097527012 -0.093586355 20.675395966
-0.104809202 -0.004908587 0.994479775 34.689559937 0.096713118 0.995196939 0.015104752 -0.906506836 -0.989777625 0.097762458 -0.103830412 20.540950775
-0.114365771 -0.002694750 0.993434548 35.888095856 0.097445957 0.995142639 0.013917450 -0.899335742 -0.988646984 0.098397970 -0.113547012 20.402666092
-0.121679597 -0.001377990 0.992567897 37.107997894 0.097284839 0.995166838 0.013307746 -0.883699894 -0.987789214 0.098181210 -0.120956771 20.243473053
-0.127582029 -0.000480048 0.991827250 38.347621918 0.097180642 0.995181382 0.012982272 -0.870866895 -0.987054467 0.098042853 -0.126919940 20.084007263
-0.132816121 0.000944267 0.991139591 39.617370605 0.097883880 0.995122731 0.012168644 -0.863418221 -0.986294210 0.098632939 -0.132260084 19.912103653
-0.137177020 0.002673272 0.990542173 40.842220306 0.097313240 0.995194614 0.010790700 -0.854069591 -0.985753715 0.097873271 -0.136777312 19.729324341
-0.141222283 0.003338272 0.989971519 42.184135437 0.097581543 0.995170712 0.010564406 -0.852940798 -0.985155761 0.098095015 -0.140865371 19.535665512
-0.144495040 0.002842825 0.989500701 43.543857574 0.097755887 0.995144248 0.011416000 -0.847459078 -0.984663963 0.098379210 -0.144070640 19.322740555
-0.147121042 0.001001773 0.989117265 44.874599457 0.098296717 0.995063245 0.013612757 -0.838183641 -0.984221160 0.099229813 -0.146492586 19.115316391
-0.148759484 0.000016179 0.988872349 46.191940308 0.098432034 0.995033145 0.014791104 -0.823827326 -0.983961523 0.099537179 -0.148021549 18.907373428
-0.151167333 0.000167102 0.988507092 47.585975647 0.099730246 0.994899452 0.015082976 -0.833299339 -0.983463705 0.100864261 -0.150412381 18.693222046
-0.151755616 0.000714939 0.988416553 48.964450836 0.100871436 0.994788885 0.014767571 -0.800778866 -0.983256757 0.101944223 -0.151036307 18.467273712
-0.152834445 0.001357011 0.988249719 50.403480530 0.101161614 0.994766593 0.014278769 -0.796768069 -0.983059824 0.102155380 -0.152171314 18.229293823
-0.152845323 0.002154829 0.988246679 51.819908142 0.101897448 0.994701266 0.013590791 -0.776427448 -0.982982159 0.102777280 -0.152254388 18.015602112
-0.152265728 0.003066220 0.988333642 53.285472870 0.101209663 0.994785726 0.012506341 -0.775638700 -0.983143032 0.101933390 -0.151781440 17.781873703
-0.150865883 0.003108122 0.988548040 54.785713196 0.101284936 0.994780302 0.012329644 -0.771153808 -0.983351111 0.101985350 -0.150392547 17.526523590
-0.149693951 0.002355439 0.988728106 56.270114899 0.101609550 0.994738638 0.013013881 -0.751148582 -0.983496666 0.102412559 -0.149144977 17.311605453
-0.148248196 0.002428770 0.988945603 57.794574738 0.101588696 0.994743764 0.012785573 -0.746393979 -0.983717859 0.102361396 -0.147715002 17.068157196
-0.147514820 0.003516968 0.989051759 59.364189148 0.102001332 0.994715154 0.011676052 -0.734106064 -0.983785212 0.102607265 -0.147093222 16.824966431
-0.146185279 0.004273239 0.989246309 60.924190521 0.102176346 0.994706929 0.010802113 -0.731415451 -0.983965456 0.102656938 -0.145847455 16.574968338
-0.145819694 0.003967072 0.989301443 62.521556854 0.102326594 0.994688034 0.011093820 -0.717643797 -0.984004200 0.102849789 -0.145450458 16.345664978
-0.145353958 0.002501389 0.989374876 64.098182678 0.103740528 0.994521976 0.012726530 -0.720908284 -0.983925104 0.104488365 -0.144816592 16.115758896
-0.144077986 0.001067597 0.989564002 65.747406006 0.106297798 0.994228899 0.014403963 -0.692072809 -0.983839691 0.107264034 -0.143359408 15.849806786
-0.143430233 0.001926366 0.989656806 67.380012512 0.107874952 0.994068682 0.013699196 -0.690785825 -0.983762681 0.108724333 -0.142786801 15.594532967
-0.143152982 0.002924951 0.989694536 69.009849548 0.108042113 0.994063973 0.012689649 -0.717722476 -0.983784795 0.108745530 -0.142618746 15.342911720
-0.141884685 0.003247115 0.989876330 70.681549072 0.109267630 0.993933618 0.012401449 -0.688425004 -0.983833075 0.109921277 -0.141378298 15.085951805
-0.141791061 0.002538760 0.989891768 72.382972717 0.108527601 0.994007111 0.012995979 -0.699422300 -0.983928382 0.109273568 -0.141216367 14.838555336
-0.141518027 0.002397197 0.989931226 74.080390930 0.109466158 0.993901014 0.013242102 -0.667066097 -0.983863771 0.110238247 -0.140916809 14.590628624
-0.141465619 0.002079772 0.989939511 75.806549072 0.110553011 0.993774533 0.013710475 -0.666966915 -0.983749688 0.111380666 -0.140814334 14.334900856
-0.141288295 0.002115416 0.989964783 77.532608032 0.111574255 0.993658960 0.013800541 -0.651114106 -0.983659804 0.112404726 -0.140627876 14.082620621
-0.141338751 0.002939757 0.989955425 79.270545959 0.111960076 0.993625998 0.013034109 -0.643838465 -0.983608723 0.112677999 -0.140766397 13.828216553
-0.142110005 0.003839943 0.989841819 81.044410706 0.111662209 0.993670344 0.012176285 -0.635073721 -0.983531415 0.112258635 -0.141638711 13.570941925
-0.142694592 0.004520550 0.989754856 82.817657471 0.110957667 0.993757725 0.011458033 -0.629831612 -0.983526409 0.111456193 -0.142304823 13.298316002
-0.143986031 0.004769645 0.989566684 84.596389771 0.110316321 0.993831635 0.011261192 -0.629834771 -0.983410299 0.110787123 -0.143623382 13.040449142
-0.144874603 0.004409256 0.989438653 86.399337769 0.110026747 0.993858993 0.011681179 -0.620582521 -0.983312130 0.110557295 -0.144469365 12.766624451
-0.146124780 0.003315565 0.989259064 88.228569031 0.108562201 0.994007409 0.012704301 -0.633744955 -0.983290017 0.109252833 -0.145608410 12.513409615
-0.146577358 0.002835618 0.989193499 90.069000244 0.106616430 0.994214714 0.012948175 -0.608810782 -0.983435452 0.107362464 -0.146031022 12.218482018
-0.147787765 0.003543788 0.989011168 91.896675110 0.106584929 0.994225621 0.012364415 -0.606372952 -0.983257651 0.107241303 -0.147311479 11.937252998
-0.150252253 0.004137835 0.988637328 93.764213562 0.105341367 0.994364381 0.011847802 -0.598275661 -0.983018160 0.105924904 -0.149840787 11.646788597
-0.154366642 0.004843863 0.988000035 95.644615173 0.105759077 0.994322360 0.011649014 -0.594178796 -0.982335508 0.106288545 -0.154001892 11.348071098
-0.158836693 0.004230027 0.987294197 97.515983582 0.103870794 0.994511604 0.012449790 -0.581951380 -0.981824398 0.104528867 -0.158403829 11.049261093
-0.163389221 0.003736028 0.986552894 99.416366577 0.102759145 0.994616687 0.013251944 -0.571146250 -0.981194019 0.103542939 -0.162893087 10.727898598
-0.168196753 0.004258289 0.985742629 101.324142456 0.101692297 0.994728923 0.013054521 -0.566165090 -0.980492592 0.102438532 -0.167742744 10.425573349
-0.172641441 0.006014255 0.984964550 103.225265503 0.101904370 0.994722962 0.011787552 -0.571204543 -0.979697704 0.102407575 -0.172342807 10.064659119
-0.177459270 0.007487495 0.984097779 105.148170471 0.101331517 0.994793832 0.010703837 -0.574563622 -0.978895962 0.101620011 -0.177293584 9.717538834
-0.182288632 0.008124798 0.983209550 107.083084106 0.100301310 0.994901717 0.010374523 -0.572739720 -0.978114426 0.100508742 -0.182173669 9.364528656
-0.187837407 0.007675303 0.982168317 109.010528564 0.098433115 0.995081067 0.011048807 -0.576261044 -0.977253973 0.098753661 -0.187668353 8.996728897
-0.193488628 0.007064180 0.981075227 110.966156006 0.096065044 0.995304167 0.011779328 -0.575407505 -0.976386607 0.096526630 -0.193258107 8.627906799
-0.198762298 0.006334171 0.980025470 112.903190613 0.095354818 0.995358527 0.012905869 -0.572709799 -0.975396276 0.096015774 -0.198443174 8.224245071
-0.204674140 0.006153309 0.978808999 114.863159180 0.095420748 0.995341718 0.013695653 -0.563137650 -0.974166453 0.096202269 -0.204307303 7.829362869
-0.210582286 0.007801030 0.977543175 116.834716797 0.096454114 0.995253384 0.012835683 -0.569739342 -0.972804487 0.096991472 -0.210334763 7.408805847
-0.215513498 0.008286716 0.976463854 118.810043335 0.094741516 0.995422542 0.012462523 -0.568187594 -0.971892416 0.095197946 -0.215311676 6.951942444
-0.221646383 0.008572588 0.975087702 120.793067932 0.096156694 0.995278776 0.013107117 -0.566628814 -0.970372856 0.096666843 -0.221423790 6.503782272
-0.227506936 0.008628510 0.973736525 122.795455933 0.095450826 0.995341718 0.013481394 -0.558654428 -0.969085336 0.096011549 -0.227270260 6.047773361
-0.232586458 0.009338943 0.972529173 124.779731750 0.094602428 0.995428383 0.013065832 -0.555573225 -0.967962086 0.095043026 -0.232406095 5.570663452
-0.238070473 0.009416759 0.971200705 126.795127869 0.093216144 0.995557487 0.013197069 -0.555997014 -0.966762662 0.093673870 -0.237890124 5.087890625
-0.242341012 0.008994849 0.970147967 128.785446167 0.095097154 0.995361149 0.014526376 -0.550248384 -0.965517521 0.095779091 -0.242071688 4.587322235
-0.246174470 0.008917550 0.969182849 130.799774170 0.097212382 0.995141506 0.015535661 -0.535140038 -0.964336276 0.098041497 -0.245844826 4.069608688
-0.249708802 0.009547432 0.968272388 132.821151733 0.098717831 0.994991481 0.015647464 -0.530209661 -0.963273883 0.099493496 -0.249400109 3.542560577
-0.252657324 0.010049487 0.967502236 134.831344604 0.098938189 0.994971693 0.015502186 -0.519826174 -0.962482035 0.099640079 -0.252380610 3.011657715
-0.255620122 0.010004190 0.966724098 136.868850708 0.097902484 0.995072842 0.015589603 -0.506913424 -0.961805403 0.098630130 -0.255339533 2.465465546
-0.259914637 0.010463800 0.965573609 138.931838989 0.096760750 0.995189786 0.015261370 -0.499369144 -0.960769594 0.097396687 -0.259676427 1.905994415
-0.264302909 0.010744291 0.964378536 140.991043091 0.094895951 0.995374441 0.014917985 -0.498271942 -0.959757924 0.095458880 -0.264099479 1.336971283
-0.268936932 0.010687645 0.963096976 143.040344238 0.094114356 0.995443761 0.015233963 -0.479720831 -0.958546638 0.094738655 -0.268717051 0.768440247
-0.273467898 0.011148791 0.961815000 145.088455200 0.094526350 0.995403111 0.015337977 -0.480651379 -0.957223177 0.095111758 -0.273264289 0.193489075
-0.277646273 0.011511537 0.960612833 147.164077759 0.093278684 0.995525599 0.015030377 -0.474484444 -0.956141829 0.093778297 -0.277477562 -0.421535492
-0.282505423 0.011543265 0.959194720 149.252655029 0.092995614 0.995546341 0.015408592 -0.469810486 -0.954745173 0.093554363 -0.282320470 -1.025566101
-0.286519349 0.011030541 0.958009303 151.331832886 0.092643574 0.995565712 0.016244607 -0.456664562 -0.953582585 0.093408220 -0.286270738 -1.650810242
-0.290739119 0.011124605 0.956735909 153.422882080 0.093413681 0.995484352 0.016811917 -0.446516275 -0.952229440 0.094260536 -0.290465295 -2.283195496
-0.294719428 0.011724155 0.955510080 155.523254395 0.094364598 0.995393515 0.016892398 -0.440190315 -0.950911164 0.095145270 -0.294467956 -2.931682587
-0.298173189 0.012750365 0.954424620 157.599304199 0.094265483 0.995415092 0.016151557 -0.425794363 -0.949843705 0.094785698 -0.298007876 -3.583450317
-0.301984876 0.014173524 0.953205407 159.711166382 0.094433770 0.995415449 0.015116309 -0.423429966 -0.948622108 0.094580121 -0.301938772 -4.257076263
-0.305491477 0.015471017 0.952067196 161.822784424 0.095164269 0.995356977 0.014360976 -0.413491249 -0.947425544 0.094990402 -0.305545360 -4.930316925
-0.308787078 0.016085561 0.950993299 163.915267944 0.094823562 0.995395124 0.013952491 -0.409916639 -0.946390748 0.094485365 -0.308890522 -5.602947235
-0.312525570 0.016109211 0.949770689 166.061752319 0.094757579 0.995396554 0.014297171 -0.397105932 -0.945169389 0.094466656 -0.312613428 -6.311252594
-0.316412598 0.016354665 0.948478341 168.162307739 0.094934195 0.995376527 0.014506639 -0.397147894 -0.943857431 0.094633549 -0.316502392 -7.012931824
-0.321127325 0.016959656 0.946881771 170.307281494 0.096124306 0.995258391 0.014773551 -0.386050463 -0.942142904 0.095762998 -0.321234971 -7.724262238
-0.323656410 0.016988056 0.946019828 172.448806763 0.098415323 0.995018661 0.015802231 -0.384570599 -0.941040456 0.098217793 -0.323716044 -8.469409943
-0.325975686 0.016542636 0.945231080 174.559066772 0.099197380 0.994924963 0.016797110 -0.375743628 -0.940157413 0.099240348 -0.325962067 -9.205802917
-0.328952760 0.015863778 0.944210708 176.706924438 0.098807022 0.994948089 0.017706975 -0.368113995 -0.939161122 0.099119864 -0.328858167 -9.955722809
-0.331669897 0.016183004 0.943254173 178.884307861 0.097641975 0.995070815 0.017261058 -0.352685213 -0.938326955 0.097826622 -0.331614971 -10.736591339
-0.333599776 0.017459931 0.942550480 181.002426147 0.096707322 0.995186508 0.015792854 -0.349514246 -0.937739432 0.096420504 -0.333682239 -11.501045227
-0.337917179 0.019467928 0.940971911 183.192260742 0.096223213 0.995260715 0.013963962 -0.341255426 -0.936242104 0.095262475 -0.338188708 -12.266548157
-0.341255397 0.020657541 0.939741075 185.378326416 0.095413245 0.995354652 0.012767966 -0.330482483 -0.935113549 0.094021365 -0.341640949 -13.062469482
-0.344690084 0.021481035 0.938468397 187.542175293 0.093799099 0.995521545 0.011664378 -0.328733921 -0.934016466 0.092048541 -0.345161051 -13.849422455
-0.348382652 0.021901473 0.937094152 189.738845825 0.094353363 0.995467484 0.011811755 -0.329560518 -0.932589829 0.092533432 -0.348869741 -14.673610687
-0.351812601 0.021035424 0.935831606 191.897796631 0.093904756 0.995496154 0.012925450 -0.325796366 -0.931346595 0.092426836 -0.352203012 -15.487842560
-0.355543375 0.020249605 0.934437811 194.078750610 0.093385085 0.995531201 0.013958331 -0.323658943 -0.929980874 0.092225805 -0.355845213 -16.313892365
-0.359042108 0.020052204 0.933103144 196.279647827 0.093516514 0.995509744 0.014590085 -0.322324276 -0.928622603 0.092499495 -0.359304786 -17.176811218
-0.362893224 0.020282816 0.931607246 198.456253052 0.092247888 0.995632768 0.014256800 -0.309286118 -0.927251518 0.091112956 -0.363179147 -18.015949249
-0.366294920 0.021071108 0.930257559 200.642089844 0.091794632 0.995683908 0.013591503 -0.304054499 -0.925958037 0.090371609 -0.366648048 -18.888973236
-0.369647890 0.021336345 0.928924024 202.850372314 0.091652416 0.995696902 0.013601163 -0.306384563 -0.924638629 0.090166271 -0.370012701 -19.757648468
-0.372411609 0.021915503 0.927806199 205.042160034 0.092297368 0.995638430 0.013529300 -0.312841892 -0.923464775 0.090673037 -0.372809887 -20.650863647
-0.374995589 0.021723868 0.926769137 207.247756958 0.093241744 0.995538294 0.014392141 -0.308499813 -0.922323406 0.091811068 -0.375348121 -21.546482086
-0.377563238 0.021523627 0.925730705 209.440490723 0.094669066 0.995387495 0.015467877 -0.297267675 -0.921129704 0.093478695 -0.377859324 -22.442939758
-0.380116373 0.021867270 0.924677312 211.640609741 0.095448054 0.995309353 0.015699023 -0.295330763 -0.919998467 0.094226636 -0.380420536 -23.358798981
-0.382660985 0.022618698 0.923609138 213.845153809 0.095477477 0.995314360 0.015182443 -0.294579983 -0.918939769 0.093994126 -0.383027613 -24.283649445
-0.385516077 0.023066627 0.922409832 216.042404175 0.095126361 0.995352626 0.014866685 -0.285311699 -0.917781770 0.093477398 -0.385918766 -25.199108124
-0.388189167 0.024053134 0.921262860 218.239334106 0.094628468 0.995414257 0.013883963 -0.284461498 -0.916705787 0.092567854 -0.388685256 -26.132598877
-0.391405672 0.024930466 0.919877529 220.451629639 0.094139382 0.995471597 0.013076732 -0.291040182 -0.915387332 0.091715574 -0.391980290 -27.070674896
-0.393684417 0.025269475 0.918895483 222.639724731 0.092255302 0.995659709 0.012144530 -0.289623499 -0.914601684 0.089554638 -0.394307196 -28.014354706
-0.396721333 0.026012110 0.917567432 224.841949463 0.092963606 0.995595753 0.011969657 -0.298406363 -0.913216650 0.090049557 -0.397392482 -28.969295502
-0.399222165 0.025813285 0.916487515 227.058135986 0.094499528 0.995436609 0.013126966 -0.303765059 -0.911968529 0.091848813 -0.399839908 -29.949337006
-0.401780605 0.025047258 0.915390134 229.239227295 0.095238231 0.995346129 0.014566540 -0.301336527 -0.910767198 0.093033306 -0.402296335 -30.916603088
-0.404675514 0.024517491 0.914128363 231.453063965 0.094024584 0.995455980 0.014924867 -0.298146009 -0.909610987 0.091990888 -0.405142188 -31.908855438
-0.407687843 0.024442835 0.912790835 233.629150391 0.092843309 0.995568514 0.014807853 -0.309060097 -0.908386290 0.090784147 -0.408150882 -32.878055573
-0.411119699 0.024045577 0.911260784 235.818923950 0.091428302 0.995696902 0.014974589 -0.298604250 -0.906982124 0.089472003 -0.411549449 -33.867218018
-0.414790064 0.023380503 0.909613311 238.028457642 0.090206727 0.995799541 0.015538946 -0.295532703 -0.905432045 0.088499255 -0.415157199 -34.862937927
-0.417998314 0.023326572 0.908144951 240.194519043 0.089764357 0.995836318 0.015737353 -0.298117399 -0.903999567 0.088097878 -0.418352395 -35.874530792
-0.422007889 0.023043158 0.906296134 242.367767334 0.089065328 0.995892286 0.016151078 -0.292204618 -0.902204037 0.087536067 -0.422327340 -36.879348755
-0.426187485 0.022525446 0.904351294 244.557647705 0.088152833 0.995963931 0.016735770 -0.292937756 -0.900326967 0.086854331 -0.426453531 -37.895610809
-0.429729342 0.022677029 0.902669787 246.717010498 0.087319084 0.996040404 0.016546743 -0.280140877 -0.898723125 0.085931502 -0.430008531 -38.944900513
-0.433585346 0.023166094 0.900811553 248.891632080 0.087315612 0.996042907 0.016412141 -0.281421900 -0.896869600 0.085771561 -0.433893085 -39.985427856
-0.437275380 0.023467325 0.899018347 251.055847168 0.087763175 0.995999038 0.016688371 -0.286039352 -0.895032763 0.086198747 -0.437585920 -41.033782959
-0.440688550 0.023549901 0.897348046 253.193664551 0.087349683 0.996034265 0.016757604 -0.274580956 -0.893397808 0.085768566 -0.440998465 -42.087394714
-0.444610149 0.023656348 0.895408750 255.388351440 0.086268269 0.996132553 0.016518459 -0.278635502 -0.891557992 0.084590226 -0.444931924 -43.170440674
-0.447889358 0.024143254 0.893759787 257.508148193 0.086579539 0.996106207 0.016479462 -0.261237621 -0.889884830 0.084762864 -0.448236078 -44.243408203
-0.450917840 0.026095882 0.892180860 259.664764404 0.087381884 0.996059060 0.015029338 -0.230304003 -0.888275445 0.084738038 -0.451421529 -45.337455750
-0.455187470 0.025973640 0.890013516 261.865936279 0.088319577 0.995959461 0.016104426 -0.247344494 -0.886002123 0.085936747 -0.455642790 -46.453865051
-0.458469570 0.027520472 0.888280571 263.962371826 0.090337493 0.995783746 0.015774800 -0.250849247 -0.884104431 0.087477952 -0.459023118 -47.556404114
-0.461583138 0.028432596 0.886637926 266.105834961 0.091377795 0.995690942 0.015641434 -0.235608578 -0.882375538 0.088239498 -0.462192774 -48.662712097
-0.464717925 0.030381789 0.884934306 268.270904541 0.093189232 0.995536387 0.014758657 -0.228733778 -0.880538642 0.089325599 -0.465475380 -49.801330566
-0.467108518 0.032672144 0.883593082 270.391632080 0.095211655 0.995362520 0.013528251 -0.229970455 -0.879056036 0.090448193 -0.468053639 -50.919357300
-0.469968438 0.033321299 0.882050872 272.571777344 0.095948942 0.995291650 0.013523583 -0.216157675 -0.877450168 0.090988174 -0.470953435 -52.101043701
-0.473584086 0.033342246 0.880114079 274.728637695 0.096126556 0.995267570 0.014020331 -0.223189354 -0.875484407 0.091242820 -0.474548608 -53.246109009
-0.476613998 0.034253996 0.878442109 276.899963379 0.095280886 0.995364249 0.012882949 -0.196138620 -0.873931527 0.089839593 -0.477668822 -54.426078796
-0.479999691 0.035213068 0.876558542 279.098236084 0.095860176 0.995313525 0.012508873 -0.190269470 -0.872013152 0.090032004 -0.481126368 -55.645294189
-0.483265132 0.035551436 0.874748647 281.263854980 0.095248371 0.995376289 0.012167029 -0.184026003 -0.870274723 0.089199029 -0.484417677 -56.837577820
-0.485863894 0.035581201 0.873306572 283.444488525 0.093875803 0.995512664 0.011667461 -0.172935963 -0.868975997 0.087651886 -0.487024844 -58.049919128
-0.488679051 0.036004201 0.871717215 285.673126221 0.094722681 0.995428622 0.011987044 -0.167092323 -0.867303908 0.088429876 -0.489856541 -59.302810669
-0.490910113 0.035877004 0.870467961 287.847442627 0.096319444 0.995258987 0.013299987 -0.164788485 -0.865867078 0.090372771 -0.492039293 -60.524017334
-0.493160725 0.035811637 0.869197667 290.042846680 0.097150467 0.995166779 0.014118957 -0.159690857 -0.864494026 0.091406539 -0.494257331 -61.775642395
-0.495444149 0.035458487 0.867912591 292.292602539 0.096935429 0.995179594 0.014677101 -0.147169113 -0.863211572 0.091403790 -0.496494204 -63.053176880
-0.497227103 0.035198633 0.866902888 294.491424561 0.096759163 0.995190620 0.015090333 -0.122787952 -0.862205744 0.091384739 -0.498242617 -64.336883545
-0.501175880 0.034686949 0.864646733 296.754669189 0.097899169 0.995051205 0.016826902 -0.115552425 -0.859787285 0.093082033 -0.502092600 -65.624816895
-0.502173960 0.034673017 0.864068031 298.947723389 0.098030210 0.995034635 0.017044123 -0.096825600 -0.859189749 0.093264490 -0.503080726 -66.929481506
-0.503860056 0.035502143 0.863052011 301.182769775 0.097631395 0.995090008 0.016064638 -0.080460548 -0.858247519 0.092355900 -0.504853547 -68.243164062
-0.506869137 0.037058916 0.861222744 303.455627441 0.096444942 0.995237589 0.013936502 -0.076110363 -0.856608272 0.090125173 -0.508030772 -69.572578430
-0.509808540 0.036617313 0.859505057 305.662445068 0.094647512 0.995412886 0.013731873 -0.059086323 -0.855063081 0.088351205 -0.510936916 -70.886718750
-0.514118969 0.034750912 0.857011497 307.921997070 0.092598334 0.995584548 0.015179425 -0.046693802 -0.852703273 0.087162420 -0.515067935 -72.235786438
-0.519649804 0.032689840 0.853750348 310.223205566 0.090409517 0.995758057 0.016901888 -0.025417328 -0.849579930 0.085970797 -0.520401955 -73.602287292
-0.523887157 0.031479664 0.851202369 312.453430176 0.089038573 0.995862961 0.017970622 -0.002908707 -0.847118795 0.085204981 -0.524523795 -74.980796814
-0.528296590 0.031254232 0.848480940 314.715606689 0.089129433 0.995839298 0.018812982 0.015806675 -0.844366193 0.085563995 -0.528885305 -76.378562927
-0.533000767 0.032722741 0.845478237 317.005096436 0.091564767 0.995611131 0.019190120 0.034135818 -0.841143012 0.087644897 -0.533658624 -77.804344177
-0.536196947 0.033454284 0.843426287 319.226074219 0.092038199 0.995570540 0.019022856 0.060815811 -0.839057207 0.087827951 -0.536901951 -79.237663269
-0.540305138 0.033323213 0.840805650 321.518859863 0.092537232 0.995504916 0.020010322 0.078124523 -0.836362779 0.088618025 -0.540961206 -80.699203491
-0.543883979 0.032336373 0.838533819 323.723815918 0.093078323 0.995412946 0.021985574 0.105408192 -0.833979487 0.090007454 -0.544400036 -82.132644653
-0.548019171 0.030766053 0.835896134 325.976562500 0.091615058 0.995515704 0.023422256 0.133054256 -0.831430495 0.089417040 -0.548381507 -83.592964172
-0.552047610 0.030550525 0.833248973 328.270385742 0.091106795 0.995552003 0.023859031 0.153094292 -0.828817189 0.089086503 -0.552376688 -85.097862244
-0.555761278 0.029849458 0.830802023 330.471984863 0.090271361 0.995609522 0.024615720 0.186912060 -0.826423168 0.088678658 -0.556017101 -86.559242249
-0.559626818 0.030575531 0.828176558 332.706237793 0.092135295 0.995416224 0.025508894 0.209308624 -0.823604107 0.090580337 -0.559879839 -88.081802368
-0.563920498 0.029585641 0.825294852 334.997711182 0.091880538 0.995397687 0.027097831 0.241782188 -0.820698440 0.091110110 -0.564045012 -89.631958008
-0.566861808 0.028574597 0.823313296 337.165618896 0.090583496 0.995496631 0.027817177 0.275994301 -0.818814218 0.090347610 -0.566898882 -91.111297607
-0.570803165 0.028091904 0.820602238 339.410644531 0.090345070 0.995491147 0.028764049 0.315163612 -0.816098034 0.090556510 -0.570769191 -92.667083740
-0.573794782 0.027518978 0.818532765 341.670837402 0.090827785 0.995404720 0.030205062 0.360532761 -0.813943803 0.091677532 -0.573659122 -94.239036560
-0.576478839 0.026246505 0.816686451 343.875732422 0.088301651 0.995628119 0.030332474 0.394545555 -0.812323809 0.089601316 -0.576277852 -95.792198181
-0.578284144 0.026874019 0.815388918 346.145019531 0.085658126 0.995929539 0.027925247 0.455481529 -0.811323106 0.085993908 -0.578233778 -97.410888672
-0.581247568 0.026151560 0.813302636 348.321502686 0.081739798 0.996300757 0.026381420 0.477283478 -0.809607863 0.081813805 -0.581236601 -98.933921814
-0.585782290 0.022360124 0.810156226 350.523223877 0.078460515 0.996484876 0.029227795 0.521736145 -0.806658447 0.080686875 -0.585479081 -100.524475098
-0.589286208 0.021965051 0.807622075 352.766418457 0.080072537 0.996292830 0.031328820 0.570030212 -0.803943336 0.083130457 -0.588861763 -102.138366699
-0.591884673 0.022789910 0.805696785 354.927673340 0.079995252 0.996322215 0.030584365 0.620453835 -0.802039862 0.082554795 -0.591532290 -103.735519409
-0.595381081 0.021123771 0.803162098 357.103149414 0.076590315 0.996590436 0.030564852 0.658514023 -0.799781144 0.079712637 -0.594970226 -105.341537476
-0.598015189 0.018567815 0.801266074 359.350250244 0.075783886 0.996558785 0.033466823 0.723192215 -0.797890723 0.080737196 -0.597365499 -107.003517151
-0.601184249 0.016442824 0.798937619 361.501037598 0.074185178 0.996615410 0.035311434 0.777756691 -0.795656383 0.080498487 -0.600370407 -108.606140137
-0.604386866 0.016245665 0.796521604 363.668212891 0.073164985 0.996695280 0.035187822 0.840281487 -0.793320894 0.079545006 -0.603579462 -110.232666016
-0.607592523 0.015540160 0.794093132 365.870300293 0.072052173 0.996760786 0.035623532 0.889210701 -0.790970623 0.078861162 -0.606745362 -111.906974792
-0.609798133 0.016099967 0.792389393 368.013244629 0.072902024 0.996690750 0.035851922 0.954804420 -0.789193332 0.079629682 -0.608955204 -113.549636841
-0.612444758 0.015878843 0.790350199 370.155761719 0.073168993 0.996641219 0.036675252 1.010733604 -0.787116528 0.080291145 -0.611550748 -115.194717407
-0.614902854 0.013627665 0.788481653 372.312469482 0.069259152 0.996916771 0.036781855 1.057603836 -0.785552382 0.077227272 -0.613951981 -116.867469788
-0.617402494 0.009988128 0.786580443 374.440887451 0.059266619 0.997664511 0.033850789 1.097500801 -0.784408391 0.067517921 -0.616553783 -118.520271301
-0.621419489 0.014005749 0.783349335 376.573608398 0.053261075 0.998278737 0.024402486 1.177388191 -0.781662166 0.056886543 -0.621097445 -120.164299011
-0.623368263 0.022653680 0.781596720 378.736328125 0.060817614 0.997952998 0.019580815 1.170691490 -0.779556155 0.059741259 -0.623471737 -121.898513794
-0.624727905 0.024077099 0.780467629 380.852935791 0.068511404 0.997356176 0.024071923 1.188499451 -0.777827680 0.068509720 -0.624727547 -123.589134216
-0.626446903 0.014677580 0.779322207 382.889434814 0.067966029 0.997039437 0.035855282 1.215274811 -0.776491702 0.075429276 -0.625591815 -125.260887146
-0.629277706 0.004816135 0.777162075 385.054443359 0.062684074 0.997034013 0.044577152 1.301192284 -0.774645209 0.076767445 -0.627714932 -126.974349976
-0.632607937 -0.001262981 0.774467528 387.160095215 0.057130083 0.997194707 0.048291542 1.394863129 -0.772358954 0.074795373 -0.630763054 -128.667602539
-0.635133922 -0.001245374 0.772397399 389.260742188 0.055978213 0.997291565 0.047638036 1.480543137 -0.770367682 0.073494315 -0.633345664 -130.375274658
-0.637470543 0.003519941 0.770463109 391.345733643 0.060701512 0.997107506 0.045668006 1.546600342 -0.768076599 0.075880639 -0.635842085 -132.089630127
-0.639698386 0.009365199 0.768565536 393.373596191 0.064664528 0.997033536 0.041672748 1.607103348 -0.765897870 0.076357260 -0.638408124 -133.800842285
-0.641987860 0.013677334 0.766589344 395.463134766 0.066783376 0.997035265 0.038139302 1.681289673 -0.763797462 0.075680740 -0.640999734 -135.545547485
-0.645027399 0.012992586 0.764045835 397.529846191 0.066331208 0.997030377 0.039043821 1.739087105 -0.761272073 0.075864725 -0.643975735 -137.281173706
-0.647929490 0.012478426 0.761595011 399.564453125 0.066832967 0.996937931 0.040523730 1.798119545 -0.758759677 0.077156477 -0.646781325 -139.004241943
-0.650169551 0.011817569 0.759694099 401.670593262 0.067404903 0.996830821 0.042180579 1.876516342 -0.756790519 0.078631930 -0.648907304 -140.783935547
-0.652205348 0.011583991 0.757950842 403.714904785 0.067647047 0.996780336 0.042974960 1.949579239 -0.755015194 0.079301916 -0.650890827 -142.549194336
-0.653653204 0.012216591 0.756692588 405.728637695 0.067973085 0.996773124 0.042624306 2.016262054 -0.753732681 0.079296522 -0.652376115 -144.281112671
-0.654851973 0.012462962 0.755651355 407.804321289 0.068480603 0.996726155 0.042906471 2.093887329 -0.752645671 0.079845123 -0.653563380 -146.078399658
-0.656287968 0.011994004 0.754412234 409.818878174 0.069871366 0.996539950 0.044939708 2.158281326 -0.751265705 0.082205474 -0.654857039 -147.831054688
-0.656560421 0.011594253 0.754181445 411.817687988 0.071832918 0.996294856 0.047218300 2.240985870 -0.750842392 0.085176952 -0.654962778 -149.555755615
-0.658055305 0.010942544 0.752887309 413.869018555 0.073201776 0.996084273 0.049504004 2.318418503 -0.749400020 0.087689310 -0.656281888 -151.354995728
-0.659199774 0.011116150 0.751882792 415.890930176 0.071803771 0.996248960 0.048223477 2.406600952 -0.748529017 0.085777208 -0.657527506 -153.096069336
-0.659847617 0.011258840 0.751312137 417.939941406 0.068156265 0.996659458 0.044923224 2.485570908 -0.748299122 0.080849372 -0.658412993 -154.886474609
-0.661672473 0.011143247 0.749707103 419.956726074 0.065607339 0.996911585 0.043085638 2.571310997 -0.746913850 0.077695116 -0.660362482 -156.665344238
-0.663151741 0.010394688 0.748409629 421.946289062 0.064854041 0.996937513 0.043619294 2.650125504 -0.745666742 0.077463850 -0.661797583 -158.451629639
-0.663717985 0.008629146 0.747929811 423.984405518 0.062757798 0.997046471 0.044188265 2.707832336 -0.745342135 0.076267228 -0.662302136 -160.239349365
-0.664556801 0.008020222 0.747191191 425.990112305 0.060161814 0.997266829 0.042803697 2.787002563 -0.744808555 0.073398121 -0.663225889 -162.026397705
-0.665761530 0.007478750 0.746123493 427.979858398 0.059222836 0.997321069 0.042847462 2.857635498 -0.743807197 0.072713993 -0.664424002 -163.806762695
-0.665573239 0.006140480 0.746303797 429.967956543 0.059583616 0.997207761 0.044933245 2.940240860 -0.743946850 0.074374102 -0.664083660 -165.585815430
-0.666147709 0.004758354 0.745801151 431.984954834 0.061465163 0.996924520 0.048539840 3.021003723 -0.743279397 0.078175753 -0.664394140 -167.374481201
-0.664336622 0.004556926 0.747416258 433.966857910 0.066888839 0.996327758 0.053379137 3.114377975 -0.744431138 0.085455790 -0.662204504 -169.154571533
-0.663031042 0.002158257 0.748585224 436.015563965 0.069361545 0.995867491 0.058563065 3.207952499 -0.745368123 0.090752438 -0.660443366 -170.983566284
-0.662429810 0.000442304 0.749120295 438.021301270 0.064190209 0.996351779 0.056173541 3.324596405 -0.746365309 0.085297465 -0.660044134 -172.768981934
-0.660502732 -0.000077595 0.750819683 440.032196045 0.057638120 0.997040093 0.050807666 3.427003860 -0.748604536 0.076834664 -0.658545792 -174.513412476
-0.658823371 -0.001836466 0.752291501 442.047393799 0.052793432 0.997415006 0.048668843 3.536828995 -0.750439405 0.071780428 -0.657025874 -176.261566162
-0.656936944 -0.002504701 0.753937304 444.076690674 0.051336404 0.997521400 0.048045319 3.602651596 -0.752192020 0.070267357 -0.655182898 -178.024719238
-0.653803408 -0.002184175 0.756657302 446.110809326 0.052891411 0.997414231 0.048580777 3.691680908 -0.754809856 0.071783133 -0.652000010 -179.773284912
-0.650919378 -0.002250808 0.759139478 448.121948242 0.053555433 0.997364223 0.048877738 3.783018112 -0.757251918 0.072471693 -0.649085820 -181.512969971
-0.649124980 -0.001799096 0.760675788 450.164215088 0.051329829 0.997610450 0.046161763 3.861112595 -0.758944392 0.069010280 -0.647484243 -183.256149292
-0.647163093 -0.006211614 0.762322485 452.221282959 0.044629306 0.997939408 0.046018742 3.951417923 -0.761040509 0.063803688 -0.645554960 -184.994140625
-0.646919131 -0.011685350 0.762465298 454.257568359 0.037023790 0.998218417 0.046711370 4.047786713 -0.761655569 0.058447957 -0.645336509 -186.762451172
-0.645429373 -0.014818187 0.763672590 456.334167480 0.030188533 0.998532116 0.044889499 4.115036011 -0.763219476 0.052027233 -0.644037008 -188.437118530
-0.645277202 -0.015498568 0.763787627 458.340576172 0.027828112 0.998650253 0.043774441 4.188259125 -0.763437748 0.049501479 -0.643977284 -190.141677856
-0.644334257 -0.016014045 0.764572680 460.411437988 0.029526526 0.998510659 0.045796875 4.262489319 -0.764170110 0.052083727 -0.642904282 -191.884674072
-0.642588437 -0.017400445 0.766009986 462.444824219 0.031033577 0.998327255 0.048710905 4.334821701 -0.765578926 0.055073183 -0.640976131 -193.588165283
-0.640816987 -0.019149618 0.767450690 464.473297119 0.029790478 0.998312175 0.049784835 4.434226990 -0.767111719 0.054765761 -0.639167428 -195.288482666
-0.640406311 -0.019532787 0.767783582 466.552978516 0.027810471 0.998427808 0.048596963 4.522575378 -0.767528951 0.052474279 -0.638858974 -197.005767822
-0.638999641 -0.018449824 0.768981457 468.603881836 0.026707983 0.998574018 0.046151660 4.612586975 -0.768739522 0.050028894 -0.637598336 -198.707397461
-0.638112962 -0.017059399 0.769749701 470.661041260 0.027373830 0.998616338 0.044824004 4.691909790 -0.769452393 0.049673814 -0.636765659 -200.410949707
-0.637072682 -0.016636953 0.770619988 472.709167480 0.029653287 0.998494565 0.046070814 4.760332108 -0.770229697 0.052201908 -0.635622919 -202.106048584
