0.999999881 -0.000000000 0.000000000 0.000000000 -0.000000000 0.999999881 0.000000000 0.000000000 0.000000000 0.000000000 1.000000000 0.000000000
0.999997377 -0.001196965 -0.001884334 -0.011970947 0.001199658 0.999998152 0.001428775 -0.022731325 0.001882621 -0.001431032 0.999997199 1.544382691
0.999993086 -0.002244757 -0.002919398 -0.005275472 0.002254968 0.999991238 0.003499151 -0.046926733 0.002911519 -0.003505711 0.999989629 3.045026302
0.999990225 -0.001324352 -0.004225538 -0.020983873 0.001338449 0.999993443 0.003335040 -0.062498335 0.004221095 -0.003340664 0.999985516 4.558232307
0.999985516 -0.001146798 -0.005260472 -0.024917247 0.001164272 0.999993682 0.003319798 -0.083931997 0.005256633 -0.003325875 0.999980628 6.078433037
0.999976277 -0.000632365 -0.006880466 -0.055951435 0.000655728 0.999993801 0.003393659 -0.108545154 0.006878279 -0.003398089 0.999970555 7.594336987
0.999963224 -0.001004987 -0.008544724 -0.066859439 0.001035035 0.999993026 0.003512814 -0.131580859 0.008541135 -0.003521529 0.999957263 9.105372429
0.999942839 -0.002790578 -0.010349220 -0.095043935 0.002823428 0.999990582 0.003160789 -0.156840935 0.010340307 -0.003189827 0.999941468 10.596547127
0.999918997 -0.003978436 -0.012133454 -0.117910311 0.004007613 0.999988616 0.002381284 -0.160971075 0.012123853 -0.002429716 0.999923468 12.087713242
0.999901950 -0.003943264 -0.013476198 -0.152008206 0.003977074 0.999988496 0.002482999 -0.188566983 0.013466262 -0.002536349 0.999906063 13.572581291
0.999898970 -0.002964293 -0.013955150 -0.179389894 0.003012934 0.999988794 0.003465704 -0.211568281 0.013944732 -0.003507396 0.999896467 15.065608025
0.999881327 -0.002101705 -0.015311331 -0.227154195 0.002161568 0.999989510 0.003894067 -0.241588652 0.015302996 -0.003926698 0.999875009 16.560394287
0.999891222 -0.000543651 -0.014784982 -0.244624406 0.000615465 0.999987662 0.004852844 -0.257365018 0.014782164 -0.004861414 0.999878585 18.040853500
0.999884784 -0.000052364 -0.015226807 -0.274020255 0.000136336 0.999984324 0.005513506 -0.273930311 0.015226283 -0.005514944 0.999868572 19.504741669
0.999898493 0.000739632 -0.014271948 -0.312148482 -0.000657615 0.999982595 0.005750247 -0.299256325 0.014275959 -0.005740273 0.999881208 20.982597351
0.999896646 0.001568039 -0.014341948 -0.338698685 -0.001482925 0.999980569 0.005942843 -0.315565765 0.014350994 -0.005920955 0.999878943 22.447750092
0.999862015 0.001867707 -0.016543895 -0.367606312 -0.001755061 0.999974370 0.006820498 -0.341692507 0.016556213 -0.006790514 0.999839008 23.904844284
0.999823511 0.002397376 -0.018661525 -0.381948620 -0.002277827 0.999975979 0.006424368 -0.340779960 0.018676482 -0.006380719 0.999804378 25.328313828
0.999838233 0.002781427 -0.017784098 -0.416016698 -0.002648606 0.999967635 0.007487253 -0.380141258 0.017804345 -0.007438935 0.999812961 26.762586594
0.999835432 0.003343496 -0.017849082 -0.454194099 -0.003244209 0.999978364 0.005588135 -0.397072911 0.017867375 -0.005529306 0.999824226 28.200490952
0.999875188 0.001467924 -0.015751740 -0.494450390 -0.001402124 0.999989510 0.004187052 -0.407254338 0.015757723 -0.004164444 0.999866128 29.673028946
0.999915659 0.000344507 -0.013008682 -0.533552289 -0.000277075 0.999985754 0.005184546 -0.408316880 0.013010276 -0.005180503 0.999900937 31.127738953
0.999890268 -0.000827092 -0.014800462 -0.546648800 0.000965451 0.999955118 0.009343248 -0.454220533 0.014792067 -0.009356513 0.999845803 32.515209198
0.999898553 -0.001421256 -0.014179102 -0.556257725 0.001550370 0.999956548 0.009098735 -0.467008829 0.014165552 -0.009119794 0.999857008 33.928054810
0.999898672 -0.001628910 -0.014131481 -0.600434184 0.001721499 0.999976218 0.006541949 -0.483031094 0.014120492 -0.006565616 0.999877512 35.324020386
0.999892116 -0.001394188 -0.014619414 -0.666316509 0.001458292 0.999988496 0.004374745 -0.502349436 0.014613150 -0.004395594 0.999882281 36.693840027
0.999909222 -0.000447741 -0.013470015 -0.687334418 0.000497768 0.999992073 0.003710394 -0.530834734 0.013468251 -0.003716764 0.999901116 38.053089142
0.999925673 0.000079077 -0.012214183 -0.698630810 -0.000017136 0.999986291 0.005070701 -0.545090437 0.012214419 -0.005070114 0.999911070 39.378398895
0.999941289 0.000033419 -0.010862095 -0.739032388 0.000040204 0.999976099 0.006777111 -0.568337858 0.010862065 -0.006777147 0.999916553 40.705421448
0.999959409 -0.000067676 -0.009040232 -0.738500714 0.000142887 0.999964356 0.008318500 -0.591417313 0.009039351 -0.008319451 0.999923110 42.000633240
0.999976516 0.000079273 -0.006903130 -0.761624575 -0.000017465 0.999958873 0.008952337 -0.603531301 0.006903564 -0.008952002 0.999934733 43.270034790
0.999994338 -0.000189032 -0.003481824 -0.773796558 0.000218817 0.999962151 0.008554650 -0.625297427 0.003480081 -0.008555357 0.999956071 44.542442322
1.000000238 -0.000638777 0.000517049 -0.764660478 0.000635330 0.999976516 0.006648156 -0.649082065 -0.000521275 -0.006647823 0.999976516 45.796775818
0.999988973 -0.000665056 0.004739293 -0.743668079 0.000640252 0.999984980 0.005234141 -0.671989501 -0.004742691 -0.005231044 0.999973893 47.049133301
0.999968648 -0.000690391 0.007935453 -0.780556262 0.000646071 0.999983072 0.005586920 -0.680271387 -0.007939162 -0.005581615 0.999951720 48.253028870
0.999910891 -0.000381521 0.013376845 -0.763501525 0.000308455 0.999983966 0.005464232 -0.707304478 -0.013378698 -0.005459616 0.999894440 49.479652405
0.999802947 0.000687958 0.019854875 -0.760874271 -0.000784505 0.999986768 0.004855612 -0.720858932 -0.019851251 -0.004870229 0.999789834 50.679523468
0.999621749 0.002199505 0.027422940 -0.738288641 -0.002331693 0.999984682 0.004789676 -0.739838779 -0.027411954 -0.004851804 0.999611318 51.880859375
0.999371171 0.003600779 0.035283599 -0.699842572 -0.003804671 0.999975324 0.005713562 -0.758714497 -0.035262138 -0.005844212 0.999359667 53.033241272
0.998935282 0.005569504 0.045803297 -0.660046339 -0.005861502 0.999962211 0.006243542 -0.778259158 -0.045766771 -0.006505368 0.998929739 54.214363098
0.998239577 0.007821719 0.058803108 -0.596404076 -0.008208268 0.999945045 0.006335299 -0.792984486 -0.058750302 -0.006806817 0.998248398 55.354957581
0.997232735 0.010076748 0.073664822 -0.520613670 -0.010605564 0.999919474 0.006791384 -0.813716948 -0.073590428 -0.007553848 0.997258842 56.488231659
0.995836258 0.012026521 0.090369798 -0.433261395 -0.012776403 0.999887228 0.007724319 -0.821609735 -0.090266719 -0.008846756 0.995877326 57.617477417
0.994139075 0.012229339 0.107419550 -0.327050209 -0.013264316 0.999870956 0.008925963 -0.833243251 -0.107296519 -0.010298493 0.994172692 58.728866577
0.991871595 0.011720661 0.126703888 -0.187312603 -0.012878453 0.999881327 0.008322707 -0.857819915 -0.126591280 -0.009886801 0.991904736 59.823200226
0.989037395 0.010201142 0.147315085 -0.045583725 -0.011390693 0.999907911 0.007233717 -0.868427157 -0.147227690 -0.008832432 0.989062190 60.931297302
0.985732019 0.006764614 0.168188557 0.134574890 -0.008098003 0.999939799 0.007243459 -0.874735713 -0.168129399 -0.008502095 0.985727251 62.010276794
0.981772065 0.002545494 0.190048635 0.332469940 -0.004308649 0.999950230 0.008864834 -0.897478342 -0.190016583 -0.009522088 0.981733739 63.043724060
0.977097452 -0.002720492 0.212778747 0.546892166 0.000487607 0.999943018 0.010545715 -0.896118522 -0.212795302 -0.010200425 0.977042556 64.041709900
0.971533954 -0.008579799 0.236747757 0.811617851 0.006405191 0.999928653 0.009952926 -0.912214279 -0.236816227 -0.008153177 0.971519351 65.063552856
0.965063393 -0.014689968 0.261607856 1.092470169 0.012904090 0.999879122 0.008543042 -0.940890729 -0.261701643 -0.004868748 0.965135694 66.075782776
0.957507551 -0.018784648 0.287799388 1.353443146 0.016808905 0.999814153 0.009334629 -0.939309061 -0.287921160 -0.004100366 0.957644582 67.015968323
0.948760748 -0.020570183 0.315328270 1.724372864 0.017883727 0.999773800 0.011410806 -0.941165805 -0.315491587 -0.005186862 0.948913395 68.027862549
0.938889980 -0.025665717 0.343262583 2.041280746 0.022183854 0.999653637 0.014066888 -0.953038096 -0.343504578 -0.005592359 0.939133465 68.947753906
0.927857697 -0.029009169 0.371807694 2.405769348 0.025610430 0.999571443 0.014076940 -0.975262105 -0.372056633 -0.003539230 0.928202450 69.863243103
0.915943980 -0.028608292 0.400288224 2.816286087 0.026747553 0.999588251 0.010235795 -0.967849433 -0.400416076 0.001331325 0.916331768 70.757919312
0.902665138 -0.029937863 0.429304034 3.215570450 0.030513968 0.999517441 0.005542777 -0.990717232 -0.429262787 0.008096509 0.903142691 71.612495422
0.888338089 -0.031752218 0.458093196 3.663068771 0.034010023 0.999414563 0.003320845 -0.999757051 -0.457930446 0.012629734 0.888897717 72.459266663
0.872609377 -0.032971051 0.487306774 4.127445221 0.034058549 0.999396384 0.006631067 -1.019309998 -0.487231165 0.010810640 0.873205543 73.333099365
0.854880691 -0.032257766 0.517822623 4.609033585 0.030451449 0.999462783 0.011988830 -1.014121890 -0.517930984 0.005519443 0.855404019 74.119628906
0.835162759 -0.032547608 0.549040675 5.153203964 0.028937701 0.999463737 0.015231065 -1.005227327 -0.549241841 0.003167572 0.835656881 74.920410156
0.813693523 -0.026822381 0.580676794 5.712541580 0.024884664 0.999624848 0.011303788 -1.030827522 -0.580761909 0.005252145 0.814055741 75.692497253
0.792005479 -0.019887341 0.610191941 6.249347687 0.021518456 0.999756038 0.004653922 -1.038697600 -0.610135496 0.009444469 0.792239904 76.445991516
0.769332647 -0.016877845 0.638627231 6.888370514 0.020051539 0.999794841 0.002267544 -1.028950095 -0.638534188 0.011060970 0.769513011 77.164405823
0.745945930 -0.020474244 0.665693521 7.462638855 0.022510979 0.999729812 0.005523225 -1.055576563 -0.665626526 0.010865393 0.746205032 77.832420349
0.721473992 -0.020769089 0.692131400 8.103469849 0.022964591 0.999716401 0.006060813 -1.049959183 -0.692060888 0.011521808 0.721746087 78.512008667
0.695567787 -0.019491950 0.718197346 8.773471832 0.023736048 0.999708176 0.004144080 -1.091153383 -0.718068540 0.014164688 0.695827305 79.152351379
0.670040607 -0.017098997 0.742128611 9.395931244 0.023189040 0.999727488 0.002097710 -1.100485563 -0.741962194 0.015803711 0.670254290 79.747390747
0.642694712 -0.014907978 0.765978336 10.134895325 0.021963637 0.999756813 0.001029357 -1.099837065 -0.765807450 0.016162118 0.642865837 80.351264954
0.614540875 -0.013778582 0.788765669 10.816905975 0.022417642 0.999747336 -0.000001810 -1.114919543 -0.788566530 0.017683387 0.614694238 80.885116577
0.585838675 -0.007100580 0.810397744 11.563301086 0.020702038 0.999764979 -0.006205734 -1.134601712 -0.810163319 0.020412445 0.585847676 81.429382324
0.555795729 0.001924415 0.831317961 12.349170685 0.019475620 0.999691367 -0.015334995 -1.148374200 -0.831090689 0.024713552 0.555586219 81.950469971
0.525108874 0.009458547 0.850983739 13.095149994 0.018812850 0.999563336 -0.022718625 -1.195544839 -0.850826919 0.027939171 0.524701178 82.423828125
0.493441671 0.014643663 0.869657040 13.906547546 0.016242115 0.999527216 -0.026046183 -1.211931586 -0.869627118 0.026977321 0.492970020 82.874496460
0.460966706 0.014246790 0.887304544 14.726533890 0.014465694 0.999615908 -0.023565186 -1.243422151 -0.887299359 0.023698224 0.460583061 83.302658081
0.427254230 0.013094226 0.904038012 15.549589157 0.010303808 0.999757886 -0.019350268 -1.267821789 -0.904072523 0.017582504 0.427015483 83.717124939
0.393119723 0.014066065 0.919381022 16.408773422 0.005880336 0.999822199 -0.017811136 -1.298895240 -0.919468105 0.012408164 0.392966807 84.087432861
0.357753247 0.016639456 0.933669209 17.278362274 -0.001035884 0.999845803 -0.017421884 -1.335053444 -0.933815062 0.005265553 0.357715070 84.443817139
0.322353631 0.019042125 0.946429133 18.186161041 -0.006030447 0.999816597 -0.018062294 -1.350503087 -0.946599603 0.000115043 0.322409093 84.760116577
0.286450177 0.018751437 0.957912922 19.079277039 -0.008753715 0.999815762 -0.016954016 -1.378437877 -0.958054662 -0.003528830 0.286561310 85.025115967
0.248926148 0.018332988 0.968350291 20.013229370 -0.009320204 0.999817848 -0.016532857 -1.406221390 -0.968477190 -0.004909776 0.249051377 85.278450012
0.213067800 0.017496651 0.976882160 20.946977615 -0.008757437 0.999831796 -0.015997594 -1.442863703 -0.976997733 -0.005146424 0.213184893 85.481712341
0.178452864 0.016186720 0.983817101 21.863025665 -0.006094711 0.999861956 -0.015345185 -1.452086687 -0.983929336 -0.003257699 0.178526536 85.650093079
0.142491013 0.014684206 0.989688873 22.827766418 0.001131945 0.999885082 -0.014998446 -1.493680716 -0.989795268 0.003257405 0.142457634 85.792961121
0.109666325 0.017679105 0.993812978 23.779216766 0.003477928 0.999827087 -0.018169865 -1.533438206 -0.993962169 0.005449017 0.109585509 85.885070801
0.076035753 0.023697112 0.996825159 24.773000717 0.004813951 0.999695361 -0.024132527 -1.525399208 -0.997093201 0.006633586 0.075898148 85.950904846
0.048301123 0.026299503 0.998488247 25.739540100 0.010089329 0.999587536 -0.026816515 -1.600708008 -0.998781741 0.011369328 0.048015408 86.009132385
0.023061445 0.025299542 0.999415755 26.708276749 0.013119538 0.999584019 -0.025606539 -1.619953513 -0.999647856 0.013702378 0.022719489 86.036926270
0.000237070 0.022644730 0.999745429 27.695075989 0.015118607 0.999627352 -0.022645641 -1.642616510 -0.999885499 0.015120110 -0.000105821 86.051086426
-0.019179154 0.019913150 0.999620020 28.661649704 0.016011542 0.999677658 -0.019607110 -1.688576221 -0.999687731 0.015629394 -0.019492248 86.029991150
-0.035093628 0.022207055 0.999139547 29.632495880 0.017032167 0.999619365 -0.021619499 -1.728311539 -0.999238789 0.016258784 -0.035458937 85.991073608
-0.049968600 0.027357291 0.998378217 30.640493393 0.020159500 0.999446869 -0.026377611 -1.749542713 -0.998547256 0.018808734 -0.050492890 85.945404053
-0.061747350 0.032070432 0.997578323 31.638841629 0.023967864 0.999241114 -0.030640336 -1.798881292 -0.997803986 0.022017850 -0.062469590 85.873985291
-0.071041584 0.036177572 0.996818960 32.622978210 0.029608607 0.998976111 -0.034145717 -1.831280947 -0.997033715 0.027088637 -0.072040461 85.805046082
-0.076878846 0.040977042 0.996199846 33.617862701 0.032723915 0.998718500 -0.038555257 -1.885265470 -0.996503234 0.029635465 -0.078121707 85.726005554
-0.080088496 0.045990925 0.995728135 34.615291595 0.035529088 0.998429835 -0.043258015 -1.928666949 -0.996154368 0.031912841 -0.081597202 85.646148682
-0.083214149 0.049529932 0.995302081 35.604045868 0.036604531 0.998239815 -0.046615724 -1.990903854 -0.995859265 0.032553464 -0.084881127 85.570404053
-0.085302450 0.052796412 0.994957328 36.624069214 0.037435215 0.998057604 -0.049751416 -2.046227932 -0.995651722 0.033002514 -0.087113656 85.491172791
-0.088068902 0.056090642 0.994536221 37.605289459 0.038880717 0.997843802 -0.052834205 -2.112429619 -0.995355248 0.034015201 -0.090060331 85.410064697
-0.089764468 0.059987970 0.994157135 38.628669739 0.040747508 0.997567594 -0.056514595 -2.175942421 -0.995129108 0.035436396 -0.091990933 85.325111389
-0.091394991 0.061108466 0.993940234 39.626804352 0.041756671 0.997470319 -0.057485897 -2.246832609 -0.994938970 0.036249679 -0.093715936 85.201271057
-0.093983904 0.060485907 0.993736863 40.634693146 0.043066531 0.997463107 -0.056639683 -2.308312893 -0.994641900 0.037473552 -0.096350856 85.114608765
-0.096323334 0.060107011 0.993535817 41.657421112 0.043305933 0.997480690 -0.056147188 -2.385468245 -0.994407594 0.037617680 -0.098684117 85.007308960
-0.098035969 0.060984589 0.993314862 42.702026367 0.042259667 0.997473180 -0.057069082 -2.457611084 -0.994285166 0.036382299 -0.100365914 84.910316467
-0.100308418 0.062862344 0.992970884 43.712066650 0.041090123 0.997410119 -0.058992568 -2.517603159 -0.994107485 0.034883816 -0.102632135 84.824333191
-0.102711685 0.065513268 0.992553771 44.764324188 0.039374836 0.997312188 -0.061752792 -2.594026327 -0.993931413 0.032738894 -0.105015717 84.704925537
-0.105310977 0.069276705 0.992025673 45.793537140 0.037659466 0.997130513 -0.065635405 -2.679373503 -0.993725896 0.030447023 -0.107618220 84.611763000
-0.107395515 0.073216975 0.991519094 46.837039948 0.033883434 0.996972501 -0.069949672 -2.749225140 -0.993638694 0.026083779 -0.109551765 84.503578186
-0.109903157 0.075683728 0.991059065 47.875633240 0.031398576 0.996861100 -0.072644956 -2.834031820 -0.993446469 0.023133904 -0.111935072 84.389862061
-0.113137983 0.074053295 0.990818143 48.924888611 0.029441172 0.997028232 -0.071155734 -2.927788019 -0.993143320 0.021120405 -0.114982508 84.287399292
-0.115865074 0.070493512 0.990762711 49.984176636 0.027511194 0.997320950 -0.067742907 -2.985358477 -0.992884219 0.019407997 -0.117494546 84.172088623
-0.117408387 0.068213195 0.990740657 51.050529480 0.026535528 0.997495055 -0.065533713 -3.084694624 -0.992729545 0.018595597 -0.118924864 84.026313782
-0.119205490 0.068807036 0.990484953 52.117126465 0.026290584 0.997462213 -0.066127747 -3.163564444 -0.992521822 0.018157614 -0.120712489 83.897743225
-0.120432571 0.071555614 0.990141630 53.165657043 0.026950991 0.997264445 -0.068792365 -3.244862556 -0.992356062 0.018400434 -0.122032136 83.765525818
-0.120690070 0.074017838 0.989929140 54.234542847 0.027260683 0.997084737 -0.071229398 -3.335248232 -0.992316246 0.018389441 -0.122356527 83.631179810
-0.120326973 0.075194709 0.989884794 55.321949005 0.026823815 0.997006714 -0.072475225 -3.435794353 -0.992372155 0.017831732 -0.121984370 83.490539551
-0.120799862 0.074162208 0.989905119 56.379272461 0.023709476 0.997133613 -0.071810581 -3.513347626 -0.992393970 0.014795396 -0.122212514 83.380279541
-0.120966248 0.073295258 0.989949226 57.468830109 0.020181322 0.997242808 -0.071369350 -3.593038559 -0.992451489 0.011345171 -0.122112483 83.251457214
-0.120763898 0.074064702 0.989916742 58.549678802 0.015836116 0.997226596 -0.072679862 -3.684282780 -0.992554843 0.006899298 -0.121602461 83.115615845
-0.121358164 0.074206054 0.989833415 59.626968384 0.011713814 0.997236252 -0.073325031 -3.772047043 -0.992539644 0.002696095 -0.121892594 83.005210876
-0.119519241 0.074181750 0.990059137 60.780265808 0.007712301 0.997240782 -0.073789045 -3.867647171 -0.992801845 -0.001183618 -0.119762197 82.816993713
-0.119083419 0.069056123 0.990482450 61.880435944 0.007079503 0.997608960 -0.068702057 -3.950815678 -0.992858827 -0.001169190 -0.119288191 82.674308777
-0.119592071 0.061045907 0.990947068 62.982467651 0.010478347 0.998126626 -0.060223863 -4.027032852 -0.992767811 0.003181161 -0.120008320 82.526206970
-0.120362066 0.056103010 0.991146088 64.095939636 0.017165978 0.998366594 -0.054427404 -4.084662437 -0.992581904 0.010462979 -0.121129185 82.423812866
-0.121042110 0.057173908 0.991002142 65.152450562 0.025413122 0.998187661 -0.054484755 -4.183430672 -0.992322206 0.018589497 -0.122276396 82.336662292
-0.119494289 0.062063888 0.990895808 66.288139343 0.030159097 0.997807026 -0.058860086 -4.273727894 -0.992376983 0.022851072 -0.121104710 82.158950806
-0.119172446 0.067808859 0.990558147 67.350608826 0.034025520 0.997354627 -0.064180844 -4.326853752 -0.992290735 0.026055671 -0.121165134 82.048240662
-0.118424982 0.070990667 0.990424812 68.463775635 0.033736397 0.997149587 -0.067439079 -4.463788986 -0.992389977 0.025426904 -0.120483086 81.908874512
-0.118439794 0.070269540 0.990474463 69.599830627 0.032864936 0.997220457 -0.066818446 -4.513111115 -0.992417514 0.024637923 -0.120420672 81.802619934
-0.117686696 0.065843485 0.990868449 70.731369019 0.032698125 0.997512341 -0.062401634 -4.575631142 -0.992512524 0.025055690 -0.119547620 81.659988403
-0.117197342 0.063451722 0.991082311 71.880401611 0.029041914 0.997745991 -0.060444310 -4.661624432 -0.992684126 0.021699008 -0.118776649 81.515747070
-0.117181964 0.064297274 0.991029620 73.042175293 0.027286161 0.997730613 -0.061505876 -4.748616695 -0.992735744 0.019834004 -0.118671186 81.365577698
-0.116815343 0.068595544 0.990784585 74.152481079 0.027384875 0.997452021 -0.065828606 -4.835670471 -0.992776036 0.019442709 -0.118396886 81.245460510
-0.116719432 0.071396902 0.990597963 75.295043945 0.028830878 0.997232735 -0.068478249 -4.926726341 -0.992746413 0.020567048 -0.118455596 81.139610291
-0.117067322 0.069716729 0.990676641 76.404891968 0.026812918 0.997388005 -0.067020811 -5.034776211 -0.992762089 0.018716967 -0.118631557 81.018959045
-0.115152366 0.064838946 0.991232216 77.609535217 0.030835509 0.997616529 -0.061674654 -5.085634232 -0.992869139 0.023463150 -0.116877943 80.848968506
-0.115069464 0.062866382 0.991368771 78.810798645 0.030352456 0.997748554 -0.059748184 -5.179622650 -0.992893636 0.023215277 -0.116719231 80.715042114
-0.115293242 0.065478452 0.991173744 79.946044922 0.027624229 0.997647107 -0.062693119 -5.259805679 -0.992947340 0.020152306 -0.116831437 80.580871582
-0.115511961 0.067915119 0.990984499 81.089210510 0.025984023 0.997521698 -0.065334640 -5.351671219 -0.992966294 0.018202817 -0.116991043 80.470611572
-0.115622222 0.067399949 0.991006851 82.274673462 0.025606461 0.997562468 -0.064858556 -5.431454182 -0.992963314 0.017877074 -0.117066912 80.331718445
-0.114867225 0.064451247 0.991290748 83.457290649 0.025385886 0.997754216 -0.061930150 -5.503211021 -0.993056595 0.018051039 -0.116246089 80.210540771
-0.113608867 0.063513324 0.991496503 84.673095703 0.026236955 0.997794986 -0.060910776 -5.605560780 -0.993179321 0.019093834 -0.115025438 80.060508728
-0.113041401 0.063860483 0.991538942 85.865959167 0.027810575 0.997741520 -0.061089676 -5.693772793 -0.993201315 0.020669598 -0.114562750 79.905059814
-0.111790769 0.063894339 0.991678476 87.053428650 0.029967150 0.997690558 -0.060903791 -5.777904034 -0.993279994 0.022909289 -0.113447972 79.770065308
-0.110681914 0.063876383 0.991803825 88.278572083 0.030046113 0.997688353 -0.060902562 -5.855717182 -0.993401706 0.023059031 -0.112345837 79.655426025
-0.109683052 0.063616961 0.991931558 89.451721191 0.029506480 0.997715235 -0.060725462 -5.958992958 -0.993528664 0.022607844 -0.111310124 79.515022278
-0.107933804 0.062555328 0.992190838 90.675537109 0.032047294 0.997715533 -0.059417680 -6.036677361 -0.993641555 0.025383854 -0.109692514 79.397666931
-0.107722506 0.061409269 0.992285371 91.884017944 0.029653030 0.997841775 -0.058534212 -6.119008541 -0.993738830 0.023118818 -0.109311529 79.264366150
-0.105490766 0.060905609 0.992556036 93.105331421 0.031190252 0.997831106 -0.057914540 -6.196815014 -0.993931174 0.024848625 -0.107162170 79.145523071
-0.103540361 0.061698567 0.992712438 94.326675415 0.029802784 0.997815251 -0.058907490 -6.279170036 -0.994178832 0.023486290 -0.105153501 79.021636963
-0.102665968 0.063918263 0.992662728 95.547981262 0.029131003 0.997695148 -0.061229672 -6.375698090 -0.994289398 0.022631053 -0.104291908 78.896804810
-0.101140089 0.063721105 0.992832005 96.766143799 0.028072767 0.997728705 -0.061175842 -6.441372871 -0.994476259 0.021684203 -0.102699764 78.792449951
-0.100667678 0.062232271 0.992974579 98.030982971 0.025051445 0.997880876 -0.060000286 -6.540146828 -0.994604826 0.018835345 -0.102013886 78.660980225
-0.100422136 0.062354725 0.992991567 99.268714905 0.020646743 0.997946799 -0.060578074 -6.640045166 -0.994730711 0.014418652 -0.101503894 78.560714722
-0.101513498 0.062026881 0.992901146 100.519477844 0.017876228 0.998003781 -0.060518220 -6.720867634 -0.994673431 0.011605906 -0.102420211 78.439468384
-0.102562070 0.060148235 0.992908895 101.793441772 0.017250376 0.998124421 -0.058682524 -6.800504208 -0.994576871 0.011109448 -0.103407837 78.312126160
-0.103132352 0.058269724 0.992961824 103.032501221 0.014317352 0.998262942 -0.057093970 -6.890329361 -0.994564474 0.008328347 -0.103788026 78.214759827
-0.104703754 0.057572186 0.992837906 104.295379639 0.012704651 0.998315692 -0.056550208 -6.978390694 -0.994421959 0.006692640 -0.105259426 78.068832397
-0.107263312 0.057516307 0.992567837 105.567405701 0.011793237 0.998325527 -0.056575678 -7.066360474 -0.994160414 0.005637091 -0.107762568 77.925933838
-0.108820848 0.055749815 0.992498875 106.811027527 0.010636031 0.998430967 -0.054917052 -7.163647652 -0.994004190 0.004580128 -0.109243669 77.812530518
-0.111149363 0.052733377 0.992405772 108.089477539 0.011792492 0.998587549 -0.051741309 -7.218266010 -0.993733466 0.005951926 -0.111614853 77.687164307
-0.115151629 0.051783428 0.991999507 109.317283630 0.009903157 0.998647213 -0.050981104 -7.308148384 -0.993298292 0.003953374 -0.115509294 77.532012939
-0.121045075 0.056306157 0.991051018 110.557632446 0.003797156 0.998405635 -0.056260448 -7.406476498 -0.992639542 -0.003046881 -0.121066488 77.400192261
-0.129421055 0.058722533 0.989851594 111.810859680 -0.000137752 0.998240590 -0.059238430 -7.493140697 -0.991589487 -0.007803066 -0.129185870 77.212333679
-0.137951419 0.056386497 0.988834620 113.051033020 0.005662509 0.998403311 -0.056142345 -7.574983597 -0.990422606 -0.002145644 -0.138051078 77.093032837
-0.147930384 0.054284513 0.987508833 114.303451538 0.008099635 0.998522103 -0.053676769 -7.653500080 -0.988964379 0.000058029 -0.148152083 76.941848755
-0.161402851 0.054453913 0.985387027 115.518569946 0.007975681 0.998512566 -0.053873047 -7.762424469 -0.986856282 -0.000836137 -0.161597788 76.719665527
-0.176033288 0.054017089 0.982902944 116.699798584 0.007485772 0.998534381 -0.053535689 -7.841095924 -0.984355688 -0.002066279 -0.176180378 76.497306824
-0.189649731 0.054129574 0.980360270 117.942329407 0.010998251 0.998529911 -0.053005431 -7.897745132 -0.981790006 0.000729785 -0.189967066 76.284118652
-0.205141917 0.054806791 0.977198243 119.116264343 0.013896829 0.998489559 -0.053083841 -8.000760078 -0.978633404 0.002690237 -0.205594569 76.028266907
-0.220184729 0.058917359 0.973679125 120.302146912 0.014810795 0.998257279 -0.057055581 -8.074655533 -0.975345433 0.001858197 -0.220674440 75.785163879
-0.236161664 0.060932454 0.969803512 121.469223022 0.012738118 0.998136520 -0.059610967 -8.183738708 -0.971630096 -0.001724356 -0.236498624 75.487854004
-0.251702368 0.059503987 0.965975940 122.652687073 0.010118427 0.998211384 -0.058853462 -8.271906853 -0.967751503 -0.005039402 -0.251855224 75.225028992
-0.267457783 0.054541361 0.962026894 123.816276550 0.004964387 0.998457432 -0.055226892 -8.339439392 -0.963556468 -0.009994996 -0.267316997 74.912261963
-0.282783389 0.052132141 0.957768500 125.030014038 0.002478452 0.998554111 -0.053620700 -8.408865929 -0.959180236 -0.012789262 -0.282504916 74.575050354
-0.298567027 0.051542208 0.952998340 126.172744751 -0.000333163 0.998530865 -0.054109499 -8.505960464 -0.954388380 -0.016472824 -0.298112273 74.219596863
-0.312720567 0.053947490 0.948314548 127.321746826 -0.001095912 0.998360693 -0.057156220 -8.587171555 -0.949844480 -0.018913204 -0.312149733 73.874160767
-0.327498168 0.055575307 0.943218529 128.454177856 0.000292355 0.998270631 -0.058717832 -8.679243088 -0.944851577 -0.018954247 -0.326949000 73.494720459
-0.341227472 0.055843677 0.938322902 129.609680176 0.001985069 0.998270452 -0.058689825 -8.765793800 -0.939978302 -0.018163975 -0.340749085 73.094665527
-0.355541617 0.053901225 0.933107436 130.727966309 0.001390667 0.998361409 -0.057141047 -8.850065231 -0.934659004 -0.019018408 -0.355034828 72.668167114
-0.370089769 0.053109903 0.927479088 131.849929810 0.001700738 0.998397827 -0.056492548 -8.933637619 -0.928994119 -0.019329946 -0.369588017 72.228149414
-0.384529173 0.054144550 0.921526194 132.965362549 -0.000099171 0.998272300 -0.058695488 -9.017435074 -0.923112392 -0.022661544 -0.383860201 71.795219421
-0.399555147 0.055905584 0.915005505 134.041259766 0.000227055 0.998140991 -0.060886223 -9.110168457 -0.916708648 -0.024119679 -0.398825943 71.324142456
-0.414298773 0.057923764 0.908298314 135.142501831 0.001782177 0.998018742 -0.062832795 -9.189661026 -0.910138726 -0.024412837 -0.413581997 70.849761963
-0.429058254 0.060788792 0.901231527 136.230987549 0.004914125 0.997871280 -0.064968027 -9.281401634 -0.903263092 -0.023446344 -0.428444773 70.358139038
-0.443367422 0.064334035 0.894030750 137.306732178 0.004963607 0.997577786 -0.069324017 -9.379182816 -0.896325767 -0.026298434 -0.442614019 69.827896118
-0.458622307 0.065401442 0.886224031 138.378494263 0.004136242 0.997430146 -0.071468063 -9.483030319 -0.888621330 -0.029111242 -0.457715482 69.277435303
-0.473803699 0.064570792 0.878262758 139.448760986 0.004017944 0.997452080 -0.071166486 -9.569166183 -0.880620956 -0.030190170 -0.472857207 68.713500977
-0.489360809 0.059695207 0.870038629 140.524215698 0.000507372 0.997669518 -0.068167269 -9.649814606 -0.872080803 -0.032916974 -0.488251925 68.108230591
-0.505876064 0.059449553 0.860557854 141.588775635 0.000213386 0.997626722 -0.068793565 -9.759098053 -0.862605572 -0.034617424 -0.504689455 67.516571045
-0.521899581 0.058146611 0.851025283 142.636566162 -0.001799154 0.997592449 -0.069264598 -9.852922440 -0.853004277 -0.037680332 -0.520540059 66.887451172
-0.537983716 0.057731673 0.840978503 143.687347412 -0.001714821 0.997570634 -0.069578826 -9.942972183 -0.842952788 -0.038874444 -0.536579370 66.248847961
-0.553596556 0.056564290 0.830864489 144.709991455 -0.003978916 0.997495353 -0.070559815 -10.046537399 -0.832774878 -0.042367652 -0.551986516 65.572357178
-0.569010198 0.056450944 0.820393324 145.735626221 -0.003707002 0.997450531 -0.071205668 -10.152753830 -0.822321594 -0.043557987 -0.567351699 64.880493164
-0.584405720 0.053154059 0.809722066 146.756561279 -0.005313740 0.997575819 -0.069321223 -10.249738693 -0.811443985 -0.044814393 -0.582707942 64.172195435
-0.599991500 0.050311279 0.798426032 147.760787964 -0.004764308 0.997773707 -0.066453427 -10.334884644 -0.799992204 -0.043675460 -0.598417401 63.433418274
-0.614608586 0.048117708 0.787366629 148.758804321 -0.004506989 0.997902811 -0.064502567 -10.437973022 -0.788819909 -0.043192483 -0.613104224 62.676425934
-0.629492342 0.046914898 0.775592387 149.743103027 -0.004855555 0.997913957 -0.064304270 -10.522964478 -0.776992142 -0.044245001 -0.627952874 61.904903412
-0.644494236 0.047127597 0.763158798 150.710601807 -0.007107943 0.997681677 -0.067613341 -10.633079529 -0.764576912 -0.049000926 -0.642666578 61.115596771
-0.659816861 0.047016069 0.749957740 151.660217285 -0.008773288 0.997486055 -0.070253268 -10.736509323 -0.751376212 -0.052933916 -0.657747090 60.299259186
-0.675578535 0.043351248 0.736015975 152.614837646 -0.011432217 0.997529447 -0.069248274 -10.836540222 -0.737200379 -0.055196971 -0.673415184 59.454704285
-0.691405058 0.037538167 0.721494734 153.544891357 -0.013710217 0.997783303 -0.065051839 -10.913406372 -0.722338378 -0.054869063 -0.689358950 58.572711945
-0.707821131 0.033801924 0.705586016 154.454513550 -0.016202495 0.997810304 -0.064055495 -11.014989853 -0.706207275 -0.056772124 -0.705724835 57.676471710
-0.726846516 0.032133382 0.686051309 155.390335083 -0.016790489 0.997770309 -0.064523071 -11.114967346 -0.686595976 -0.058417544 -0.724687934 56.788127899
-0.743926108 0.026941935 0.667722285 156.265396118 -0.021710172 0.997680485 -0.064443715 -11.212141037 -0.667910814 -0.062437762 -0.741617203 55.823680878
-0.760116279 0.026979426 0.649230361 157.095657349 -0.020081569 0.997680306 -0.064971544 -11.283979416 -0.649478376 -0.062423542 -0.757813275 54.869251251
-0.776450634 0.026596917 0.629620492 157.924331665 -0.020145649 0.997546017 -0.066983297 -11.420530319 -0.629858077 -0.064693399 -0.774011195 53.881828308
-0.791423500 0.028446298 0.610610068 158.719696045 -0.015301270 0.997677028 -0.066311255 -11.483880997 -0.611078978 -0.061823435 -0.789151609 52.885883331
-0.805884123 0.028835934 0.591375232 159.480789185 -0.012097773 0.997798085 -0.065139957 -11.602252960 -0.591952562 -0.059649598 -0.803762376 51.849674225
-0.820544124 0.030335773 0.570782304 160.238388062 -0.010315793 0.997637331 -0.067852452 -11.699151039 -0.571493089 -0.061564036 -0.818294227 50.796901703
-0.833967507 0.030735012 0.550961792 160.936233521 -0.010642007 0.997361422 -0.071746081 -11.823819160 -0.551714182 -0.065697253 -0.831441820 49.735733032
-0.846858680 0.031737175 0.530874908 161.625442505 -0.007590118 0.997390151 -0.071735255 -11.921660423 -0.531767309 -0.064779043 -0.844409704 48.668693542
-0.858781993 0.032345109 0.511324167 162.303619385 -0.004199286 0.997522652 -0.070154302 -12.007067680 -0.512327850 -0.062394463 -0.856520653 47.563423157
-0.869245887 0.032214750 0.493334353 162.939102173 -0.003572091 0.997434676 -0.071427181 -12.113355637 -0.494371086 -0.063850015 -0.866903126 46.479846954
-0.878796220 0.035053361 0.475913256 163.553680420 -0.000476227 0.997228742 -0.074330926 -12.249009132 -0.477201194 -0.065548398 -0.876346350 45.356155396
-0.888004959 0.032722302 0.458673507 164.156539917 -0.002451437 0.997108996 -0.075881697 -12.351751328 -0.459831834 -0.068507776 -0.885359704 44.241851807
-0.896165431 0.030595992 0.442669421 164.741287231 -0.003385945 0.997114539 -0.075772993 -12.452278137 -0.443711817 -0.069404058 -0.893478274 43.092990875
-0.903330147 0.028441809 0.428007513 165.301193237 -0.004469297 0.997116268 -0.075693414 -12.568866730 -0.428927541 -0.070289098 -0.900600612 41.937152863
-0.909870565 0.027532434 0.413983613 165.832092285 -0.004151587 0.997136712 -0.075440936 -12.677715302 -0.414876789 -0.070360243 -0.907153547 40.799690247
-0.916328073 0.024099618 0.399708718 166.364501953 -0.006315280 0.997188509 -0.074601933 -12.791219711 -0.400384158 -0.070884198 -0.913602173 39.633293152
-0.922017753 0.019863524 0.386644065 166.878479004 -0.008386127 0.997419178 -0.071240470 -12.886541367 -0.387062699 -0.068927512 -0.919473946 38.444358826
-0.926930249 0.015745848 0.374909639 167.360336304 -0.010302379 0.997669935 -0.067373656 -12.992047310 -0.375098228 -0.066313230 -0.924610555 37.264984131
-0.931381643 0.016676808 0.363669068 167.851562500 -0.007571457 0.997842252 -0.065149933 -13.086072922 -0.363971949 -0.063433051 -0.929247856 36.058685303
-0.934429407 0.020191949 0.355582595 168.312179565 -0.003291756 0.997854710 -0.065314852 -13.207265854 -0.356139749 -0.062202711 -0.932360649 34.833492279
-0.936629653 0.026047200 0.349358499 168.770690918 0.002372634 0.997676551 -0.068023741 -13.308283806 -0.350319684 -0.062884271 -0.934517503 33.632034302
-0.938457549 0.028388392 0.344233185 169.204010010 0.004791519 0.997586370 -0.069207467 -13.417721748 -0.345368087 -0.063298993 -0.936330795 32.441673279
-0.940407395 0.026595205 0.339014441 169.651916504 0.003406948 0.997619390 -0.068811938 -13.518104553 -0.340038538 -0.063556366 -0.938262403 31.236936569
-0.942100763 0.019987332 0.334740132 170.113067627 -0.002059950 0.997853875 -0.065380238 -13.606229782 -0.335329562 -0.062284425 -0.940040827 30.025011063
-0.944025278 0.014119348 0.329577446 170.552551270 -0.007163947 0.997966051 -0.063274510 -13.711252213 -0.329801500 -0.062093921 -0.942007124 28.804088593
-0.945556164 0.007753516 0.325373113 171.013275146 -0.014167894 0.997783542 -0.064950481 -13.796981812 -0.325156599 -0.066024311 -0.943353653 27.594774246
-0.946863711 0.004547933 0.321609467 171.422195435 -0.018187096 0.997538924 -0.067652494 -13.909748077 -0.321126699 -0.069906987 -0.944453657 26.363061905
-0.947792292 0.004359220 0.318864882 171.823715210 -0.018842772 0.997389495 -0.069644310 -14.009077072 -0.318337142 -0.072016791 -0.945239186 25.152441025
-0.947885990 0.005455041 0.318569630 172.261550903 -0.018309548 0.997264087 -0.071556523 -14.114103317 -0.318089485 -0.073660441 -0.945196092 23.937213898
-0.947660565 0.007768558 0.319191962 172.668258667 -0.016430743 0.997188270 -0.073052369 -14.228397369 -0.318863183 -0.074473552 -0.944871962 22.732955933
-0.947506607 0.008615449 0.319626927 173.074981689 -0.016115827 0.997075021 -0.074650675 -14.323928833 -0.319336265 -0.075883195 -0.944599926 21.517665863
-0.946788132 0.009630973 0.321720362 173.514419556 -0.015723212 0.996970356 -0.076117694 -14.441217422 -0.321479946 -0.077125907 -0.943771780 20.302387238
-0.946375787 0.011796632 0.322859943 173.953079224 -0.013572634 0.996994734 -0.076213486 -14.560376167 -0.322789818 -0.076508723 -0.943374872 19.068328857
-0.945460558 0.011442627 0.325543225 174.368133545 -0.014080264 0.997008741 -0.075937755 -14.678556442 -0.325439483 -0.076379947 -0.942474425 17.879257202
-0.944193959 0.009686612 0.329255372 174.792236328 -0.016324263 0.996958911 -0.076143607 -14.787889481 -0.328992903 -0.077269197 -0.941167355 16.672046661
-0.942531824 0.008697708 0.334010750 175.250488281 -0.016952805 0.997124255 -0.073804609 -14.903034210 -0.333693296 -0.075225614 -0.939676881 15.456176758
-0.940458953 0.006927113 0.339844376 175.674728394 -0.018174518 0.997333050 -0.070624381 -15.008955956 -0.339428425 -0.072595842 -0.937827766 14.269432068
-0.938123047 0.004968097 0.346275002 176.113906860 -0.019776175 0.997492313 -0.067889392 -15.103191376 -0.345745236 -0.070536554 -0.935674846 13.086265564
-0.935090005 0.006778939 0.354354084 176.567840576 -0.018003358 0.997613251 -0.066593803 -15.219595909 -0.353961080 -0.068650730 -0.932738543 11.913288116
-0.931763530 0.007711216 0.362992138 177.025695801 -0.017987726 0.997561634 -0.067365080 -15.313790321 -0.362627894 -0.069297709 -0.929355443 10.751461029
-0.928179801 0.009280560 0.372024447 177.491928101 -0.017497106 0.997490525 -0.068538480 -15.424356461 -0.371728331 -0.070125356 -0.925690889 9.574153900
-0.923507810 0.011807995 0.383405805 177.999176025 -0.015856771 0.997491956 -0.068915248 -15.520603180 -0.383259386 -0.069723308 -0.921007037 8.359180450
-0.918704093 0.013904250 0.394709706 178.489212036 -0.014780644 0.997465074 -0.069540508 -15.619569778 -0.394677550 -0.069721170 -0.916172326 7.223091125
-0.912845969 0.015120124 0.408031732 179.014556885 -0.015124300 0.997371614 -0.070795521 -15.725758553 -0.408031166 -0.070796557 -0.910220504 6.024715424
-0.906840980 0.018167263 0.421088755 179.559539795 -0.012780059 0.997421384 -0.070555650 -15.835876465 -0.421286136 -0.069364257 -0.904273033 4.895568848
-0.900571048 0.017153682 0.434377223 180.127258301 -0.013827740 0.997580469 -0.068063758 -15.934610367 -0.434495091 -0.067302659 -0.898157835 3.740257263
-0.893672168 0.020329779 0.448266506 180.727828979 -0.011275019 0.997635722 -0.067723528 -16.051126480 -0.448584884 -0.065576784 -0.891332865 2.577301025
-0.886943519 0.021805540 0.461369306 181.284027100 -0.010508619 0.997668862 -0.067355119 -16.146854401 -0.461763918 -0.064588457 -0.884649932 1.474121094
-0.879439831 0.023869583 0.475417376 181.859619141 -0.007785520 0.997882187 -0.064503856 -16.241994858 -0.475951672 -0.060428545 -0.877394557 0.384620667
-0.871390581 0.026062142 0.489903241 182.475921631 -0.004677768 0.998096228 -0.061418280 -16.337406158 -0.490572780 -0.055810865 -0.869612753 -0.756095886
-0.863417089 0.029266657 0.503646672 183.111877441 -0.000913578 0.998218536 -0.059572797 -16.439397812 -0.504494607 -0.051896162 -0.861855328 -1.822029114
-0.854039371 0.032591283 0.519191563 183.750640869 0.002545887 0.998280466 -0.058477953 -16.531600952 -0.520206392 -0.048620552 -0.852656841 -2.882469177
-0.843275547 0.035353873 0.536322355 184.414688110 0.005664890 0.998358488 -0.056904376 -16.623214722 -0.537455440 -0.044947732 -0.842094541 -3.965209961
-0.832380950 0.037199114 0.552958727 185.098983765 0.007597226 0.998411894 -0.055730283 -16.726375580 -0.554155529 -0.042187732 -0.831344545 -4.999008179
-0.820504487 0.038182087 0.570368111 185.818405151 0.008470981 0.998464406 -0.054654635 -16.821260452 -0.571580887 -0.040012661 -0.819570601 -6.050849915
-0.809079349 0.041293059 0.586251676 186.520782471 0.011215752 0.998426616 -0.054846693 -16.897464752 -0.587596238 -0.037799932 -0.808272004 -7.005493164
-0.796557724 0.041512001 0.603140295 187.251892090 0.010800163 0.998452365 -0.054456860 -16.990510941 -0.604469776 -0.036863875 -0.795775831 -8.006706238
-0.782259464 0.042816609 0.621484160 188.029144287 0.013109261 0.998540401 -0.052293524 -17.076881409 -0.622818410 -0.032759745 -0.781681478 -9.000160217
-0.767190158 0.045860607 0.639782786 188.783752441 0.017609900 0.998565197 -0.050462473 -17.149259567 -0.641181409 -0.027447613 -0.766899467 -9.876426697
