1.000000000 -0.000000000 0.000000000 0.000000000 -0.000000000 1.000000000 -0.000000000 0.000000000 0.000000000 -0.000000000 1.000000000 0.000000000
0.999997377 0.001321096 0.001880874 -0.010894132 -0.001311946 0.999987364 -0.004857414 0.001168520 -0.001887267 0.004854934 0.999986410 0.956300378
0.999997377 -0.001088132 0.002039937 -0.000805714 0.001098884 0.999985516 -0.005276878 -0.000304520 -0.002034165 0.005279106 0.999983907 1.908516169
0.999994159 -0.002512626 0.002300208 0.007968348 0.002518489 0.999993682 -0.002549240 -0.003208309 -0.002293787 0.002555016 0.999994040 2.878602505
0.999978960 -0.006333980 0.001233861 0.004358382 0.006328708 0.999971151 0.004231062 0.002369071 -0.001260624 -0.004223166 0.999990106 3.799187183
0.999965370 -0.008305834 -0.000253282 0.010248546 0.008306890 0.999955773 0.004476291 0.001149269 0.000216092 -0.004478242 0.999989688 4.724155426
0.999939799 -0.010934284 -0.000665244 0.010766918 0.010935208 0.999939442 0.001392882 -0.005201167 0.000649974 -0.001400076 0.999998569 5.655110836
0.999925733 -0.012033351 -0.001836885 0.003028856 0.012031514 0.999927461 -0.001011151 -0.005111566 0.001848918 0.000988971 0.999997377 6.589342594
0.999922097 -0.012098238 -0.002991753 -0.004249236 0.012094006 0.999926031 -0.001431238 -0.002694379 0.003008846 0.001394938 0.999994040 7.505768299
0.999919891 -0.012107917 -0.003646503 -0.012075091 0.012108074 0.999926925 0.000018492 -0.003197025 0.003646011 -0.000062647 0.999992967 8.437966347
0.999919534 -0.011949489 -0.004215460 -0.009759404 0.011959260 0.999926090 0.002298385 0.004478121 0.004187681 -0.002348617 0.999988079 9.333811760
0.999912024 -0.012139488 -0.005295582 -0.025825804 0.012162053 0.999917030 0.004247599 0.004391816 0.005243578 -0.004311636 0.999976635 10.248292923
0.999893665 -0.013331434 -0.005875050 -0.032850642 0.013359258 0.999899626 0.004720199 0.008323535 0.005811533 -0.004798187 0.999971330 11.175053596
0.999883354 -0.013598861 -0.006922992 -0.047234964 0.013632246 0.999895573 0.004796128 0.012375895 0.006857046 -0.004889948 0.999964237 12.067717552
0.999883235 -0.013346682 -0.007405353 -0.048054416 0.013377093 0.999902248 0.004070914 0.009957522 0.007350296 -0.004169502 0.999964058 12.962568283
0.999885261 -0.012623708 -0.008344072 -0.042277187 0.012643543 0.999917388 0.002327438 0.009321878 0.008314002 -0.002432672 0.999962211 13.870012283
0.999834716 -0.015019377 -0.010210060 -0.061441690 0.015027666 0.999886811 0.000734723 0.005332289 0.010197869 -0.000888037 0.999947369 14.743795395
0.999804378 -0.014910754 -0.012976473 -0.071278661 0.014915844 0.999888539 0.000295097 0.014037843 0.012970628 -0.000488598 0.999915600 15.648841858
0.999801576 -0.013517614 -0.014615711 -0.086356029 0.013516223 0.999908507 -0.000194383 0.007781885 0.014617003 -0.000003209 0.999892950 16.549873352
0.999785125 -0.012725377 -0.016348228 -0.109558821 0.012719695 0.999918818 -0.000451887 0.011245651 0.016352654 0.000243841 0.999866068 17.429466248
0.999757469 -0.013026914 -0.017742664 -0.125748739 0.013029152 0.999914885 0.000010188 0.014682189 0.017741024 -0.000241362 0.999842405 18.309755325
0.999734104 -0.012997032 -0.019031581 -0.148048162 0.013018277 0.999914527 0.000992365 0.013418620 0.019017056 -0.001239864 0.999818206 19.199466705
0.999729753 -0.012171584 -0.019783333 -0.186761692 0.012202580 0.999924242 0.001446442 0.019487701 0.019764222 -0.001687463 0.999803126 20.063758850
0.999697268 -0.012052529 -0.021428406 -0.201383442 0.012089320 0.999925435 0.001587883 0.014753800 0.021407666 -0.001846462 0.999768913 20.937097549
0.999664545 -0.011527481 -0.023176219 -0.227754921 0.011561918 0.999931931 0.001351974 0.012761926 0.023159061 -0.001619487 0.999730349 21.813911438
0.999643207 -0.011413538 -0.024132550 -0.250799865 0.011453268 0.999933004 0.001508347 0.020069482 0.024113726 -0.001784209 0.999707520 22.659723282
0.999615431 -0.011523779 -0.025202826 -0.273723722 0.011600393 0.999928236 0.002895429 0.032714643 0.025167650 -0.003186684 0.999678075 23.517210007
0.999576509 -0.013829578 -0.025583340 -0.302748084 0.013982462 0.999885142 0.005806402 0.023412272 0.025500108 -0.006161667 0.999655843 24.310972214
0.999553859 -0.014061279 -0.026327725 -0.326754123 0.014247159 0.999874532 0.006885699 0.031104252 0.026227601 -0.007257729 0.999629676 25.140674591
0.999552310 -0.013479069 -0.026688587 -0.349866360 0.013655305 0.999885857 0.006431930 0.032522485 0.026598847 -0.006793499 0.999623060 25.970514297
0.999554276 -0.011388698 -0.027572550 -0.384943873 0.011506443 0.999925196 0.004115388 0.022192664 0.027523618 -0.004430823 0.999611318 26.777196884
0.999537885 -0.010801197 -0.028391520 -0.411047757 0.010884324 0.999936879 0.002774940 0.022915117 0.028359747 -0.003082686 0.999593139 27.585042953
0.999520242 -0.009846822 -0.029345963 -0.442332089 0.009922502 0.999947786 0.002434357 0.025417123 0.029320450 -0.002724380 0.999566436 28.384292603
0.999478102 -0.010453088 -0.030543415 -0.469685316 0.010511504 0.999943137 0.001752681 0.026407078 0.030523352 -0.002072828 0.999532104 29.149955750
0.999414802 -0.010221153 -0.032625545 -0.492854208 0.010249554 0.999947190 0.000703539 0.025489904 0.032616634 -0.001037527 0.999467790 29.912168503
0.999353170 -0.009985020 -0.034530725 -0.524002075 0.010007237 0.999949872 0.000470732 0.021372814 0.034524295 -0.000815986 0.999404013 30.684738159
0.999276519 -0.009909268 -0.036697570 -0.559656858 0.009969931 0.999949157 0.001470557 0.027820067 0.036681145 -0.001835370 0.999325752 31.424388885
0.999205291 -0.010337720 -0.038474999 -0.586014986 0.010478595 0.999939322 0.003461846 0.034017190 0.038436871 -0.003862266 0.999254048 32.171276093
0.999138474 -0.009999680 -0.040258463 -0.625382304 0.010222231 0.999933720 0.005326208 0.039597467 0.040202521 -0.005733158 0.999175668 32.923877716
0.999059677 -0.009412820 -0.042300593 -0.666182697 0.009659499 0.999937654 0.005631223 0.040863857 0.042244937 -0.006034541 0.999089599 33.636589050
0.999003053 -0.006311064 -0.044171639 -0.699630499 0.006527869 0.999967515 0.004766046 0.033193916 0.044140108 -0.005049647 0.999013305 34.346870422
0.998923600 -0.003584052 -0.046226270 -0.751316249 0.003780723 0.999984384 0.004168215 0.026741229 0.046210602 -0.004338503 0.998923004 35.039428711
0.998855293 -0.003246032 -0.047704577 -0.777759910 0.003496784 0.999980688 0.005174248 0.032286823 0.047686856 -0.005335144 0.998848796 35.711910248
0.998802841 -0.002746023 -0.048817512 -0.815142572 0.003075690 0.999973178 0.006679603 0.038555622 0.048797857 -0.006821765 0.998786092 36.405815125
0.998809099 -0.000387713 -0.048761256 -0.845734179 0.000754914 0.999971628 0.007512861 0.041969255 0.048756972 -0.007540741 0.998783112 37.067516327
0.998854041 0.004319709 -0.047636200 -0.894822299 -0.004041607 0.999974191 0.005933398 0.032546297 0.047660615 -0.005734082 0.998848140 37.734287262
0.998927116 0.005669488 -0.045933794 -0.929514408 -0.005540294 0.999980271 0.002940123 0.035907820 0.045949578 -0.002682485 0.998941123 38.381675720
0.999021590 0.006120154 -0.043769635 -0.963951111 -0.006078431 0.999980807 0.001086936 0.038058620 0.043775473 -0.000819820 0.999042034 39.013740540
0.999148846 0.006808726 -0.040651437 -0.988329589 -0.006747181 0.999975801 0.001651785 0.041212007 0.040661708 -0.001376096 0.999172986 39.640121460
0.999243200 0.011461108 -0.037135229 -1.023681521 -0.011311663 0.999926746 0.004232764 0.048234090 0.037181035 -0.003809503 0.999302328 40.284286499
0.999309182 0.016029388 -0.033492725 -1.048601866 -0.015782781 0.999846220 0.007615545 0.053324074 0.033609651 -0.007081687 0.999410987 40.895301819
0.999368787 0.020592181 -0.028901704 -1.065975428 -0.020348541 0.999754846 0.008700263 0.049615860 0.029073760 -0.008106679 0.999545574 41.494079590
0.999405921 0.025279291 -0.023365207 -1.091124177 -0.025072901 0.999644101 0.009086370 0.050391316 0.023586553 -0.008495156 0.999686897 42.077781677
0.999435306 0.028505439 -0.017707674 -1.108639956 -0.028316330 0.999540031 0.010842547 0.056970954 0.018008551 -0.010335031 0.999785602 42.628742218
0.999369621 0.033757035 -0.010862775 -1.106644273 -0.033628073 0.999364078 0.011848813 0.066995114 0.011255777 -0.011476079 0.999871910 43.169586182
0.999303579 0.037054230 -0.004047736 -1.131871343 -0.037003476 0.999243319 0.011980876 0.065839976 0.004488520 -0.011822784 0.999921203 43.702308655
0.999170005 0.040567286 0.003230459 -1.121454120 -0.040602934 0.999105394 0.011838770 0.066135585 -0.002747416 -0.011960145 0.999925852 44.195209503
0.998937488 0.044816229 0.010595359 -1.130005717 -0.044935565 0.998926103 0.011300498 0.067535073 -0.010077667 -0.011764634 0.999881208 44.683097839
0.998600543 0.049523309 0.018476732 -1.122589111 -0.049694229 0.998724878 0.008904776 0.076192915 -0.018012337 -0.009810532 0.999790728 45.148536682
0.998341322 0.051246122 0.026180109 -1.115792990 -0.051423393 0.998658180 0.006140299 0.064789504 -0.025830492 -0.007476408 0.999639511 45.576091766
0.998045921 0.052087985 0.034470588 -1.094148636 -0.052310977 0.998615384 0.005596216 0.082285389 -0.034131557 -0.007388494 0.999391079 45.993598938
0.997815669 0.050892316 0.042076118 -1.085040569 -0.051230438 0.998662591 0.006995064 0.075739831 -0.041664071 -0.009135391 0.999090850 46.391254425
0.997384548 0.052006561 0.050159596 -1.058485746 -0.052447475 0.998595774 0.007512263 0.084030330 -0.049698710 -0.010123392 0.998713851 46.754234314
0.996751130 0.054822497 0.058978051 -1.050969362 -0.055362161 0.998438060 0.007552821 0.087361783 -0.058472134 -0.010793466 0.998231649 47.112598419
0.995938361 0.059604697 0.067459308 -1.028309584 -0.060218666 0.998160243 0.007101710 0.091195405 -0.066912197 -0.011135208 0.997697711 47.423278809
0.994979918 0.064307809 0.076658145 -1.007501841 -0.065060563 0.997854710 0.007358978 0.080601901 -0.076020762 -0.012309499 0.997031212 47.718475342
0.994283974 0.063752405 0.085626610 -0.997666359 -0.064640515 0.997879803 0.007635440 0.079557300 -0.084958613 -0.013126786 0.996298909 48.006649017
0.993368566 0.063140966 0.096066944 -0.951844215 -0.064039409 0.997928083 0.006293551 0.073447317 -0.095470868 -0.012403931 0.995355785 48.255336761
0.992221892 0.061401553 0.108269244 -0.900499821 -0.061963454 0.998077095 0.001828618 0.075459421 -0.107949197 -0.008523159 0.994120657 48.518421173
0.990626812 0.062140375 0.121628754 -0.859375000 -0.062336091 0.998053193 -0.002200312 0.073899053 -0.121529147 -0.005402195 0.992574096 48.782733917
0.988526225 0.063934997 0.136838198 -0.816555977 -0.063926451 0.997945011 -0.004462661 0.079609960 -0.136842772 -0.004336143 0.990584254 49.033573151
0.986007214 0.065724768 0.153187111 -0.770649433 -0.065581016 0.997829378 -0.005997889 0.074608833 -0.153249338 -0.004132224 0.988180041 49.286643982
0.983240068 0.066298418 0.169822350 -0.715579987 -0.066002615 0.997792184 -0.007394069 0.078296423 -0.169938207 -0.003938593 0.985447943 49.518806458
0.980005562 0.065861851 0.187743604 -0.658191681 -0.065433219 0.997820914 -0.008487691 0.075838298 -0.187894121 -0.003966700 0.982182324 49.762161255
0.976161718 0.064763911 0.207147822 -0.586117744 -0.064282253 0.997890770 -0.009063566 0.070496887 -0.207298577 -0.004468445 0.978268564 50.009540558
0.971639276 0.065233663 0.227283627 -0.521471024 -0.064566128 0.997859597 -0.010379544 0.070684493 -0.227474958 -0.004589674 0.973774254 50.227787018
0.966357648 0.067128167 0.248280168 -0.443059921 -0.066056006 0.997735739 -0.012657126 0.068159640 -0.248568475 -0.004169106 0.968606472 50.463771820
0.960117877 0.068397157 0.271094024 -0.348993301 -0.066825956 0.997651517 -0.015034720 0.072250783 -0.271486521 -0.003681029 0.962436378 50.712398529
0.952819526 0.069813408 0.295394003 -0.265798569 -0.068111196 0.997548640 -0.016062181 0.066095948 -0.295792162 -0.004815308 0.955241323 50.930572510
0.944257677 0.072577655 0.321102440 -0.172443390 -0.070995480 0.997337937 -0.016650498 0.051786602 -0.321456999 -0.007074508 0.946898937 51.171028137
0.934344590 0.074428298 0.348507643 -0.049051285 -0.072807387 0.997188091 -0.017766973 0.041146517 -0.348850995 -0.008773507 0.937138319 51.418418884
0.923053920 0.075215742 0.377241254 0.054862976 -0.073452167 0.997116387 -0.019082388 0.040119410 -0.377589762 -0.010095169 0.925919175 51.651981354
0.910315096 0.073818006 0.407276839 0.175477982 -0.071345001 0.997224927 -0.021280004 0.030427694 -0.407718599 -0.009685714 0.913057506 51.884155273
0.895572305 0.071284361 0.439164817 0.343181610 -0.067715563 0.997420847 -0.023809873 0.019613504 -0.439730585 -0.008414875 0.898091614 52.118194580
0.878270686 0.070337288 0.472959161 0.482595444 -0.064770624 0.997505605 -0.028069753 0.010812402 -0.473755091 -0.005981058 0.880637705 52.327598572
0.858729720 0.072487436 0.507272840 0.677370071 -0.064403445 0.997361898 -0.033495191 0.004269123 -0.508363962 -0.003906841 0.861134946 52.560211182
0.836804867 0.074572317 0.542395949 0.828651428 -0.064202979 0.997211337 -0.038051806 -0.001058817 -0.543722391 -0.002981524 0.839261353 52.758247375
0.812210560 0.077401273 0.578203917 1.017070770 -0.065100446 0.996994019 -0.042015404 -0.010779858 -0.579719424 -0.003516008 0.814810097 52.983573914
0.785158873 0.081817195 0.613863409 1.251316071 -0.068374813 0.996627390 -0.045378700 -0.026108861 -0.615507603 -0.006343343 0.788107157 53.209827423
0.755464017 0.086290538 0.649480522 1.456813812 -0.071744934 0.996223569 -0.048906934 -0.018138647 -0.651249766 -0.009649547 0.758803964 53.370834351
0.722484112 0.087639682 0.685808063 1.709287643 -0.071472570 0.996086836 -0.051995672 -0.032116413 -0.687682986 -0.011450465 0.725922644 53.586734772
0.686490655 0.085550249 0.722086191 2.038345337 -0.068408772 0.996249080 -0.052995756 -0.056121111 -0.723913550 -0.013015987 0.689769804 53.837776184
0.647577524 0.084299244 0.757320046 2.284420013 -0.065445162 0.996342719 -0.054944061 -0.070713520 -0.759184062 -0.013982446 0.650727749 54.022216797
0.605387866 0.084058374 0.791477323 2.673826218 -0.063612215 0.996336699 -0.057159588 -0.086211085 -0.793384910 -0.015743954 0.608518779 54.253925323
0.559039056 0.083915234 0.824881673 2.994192123 -0.060416702 0.996343553 -0.060412582 -0.122361422 -0.826937675 -0.016063705 0.562066197 54.465244293
0.510833800 0.082820460 0.855678618 3.412706375 -0.057407390 0.996413231 -0.062170442 -0.146932602 -0.857761204 -0.017363604 0.513757229 54.638729095
0.462296963 0.081121899 0.883004665 3.863582611 -0.055768177 0.996495068 -0.062351041 -0.175945640 -0.884970546 -0.020418942 0.465201706 54.814460754
0.412493289 0.078947447 0.907531261 4.234804153 -0.055677012 0.996560037 -0.061385904 -0.199202776 -0.909258366 -0.025207454 0.415470839 54.959350586
0.362301886 0.079029433 0.928702414 4.672901154 -0.058253311 0.996370792 -0.062062345 -0.213213682 -0.930239379 -0.031614769 0.365591586 55.139968872
0.313473105 0.079790898 0.946237147 5.147596359 -0.056968439 0.996249139 -0.065135524 -0.227418542 -0.947887599 -0.033487506 0.316843599 55.252342224
0.265825957 0.076254569 0.960998654 5.604647636 -0.046237081 0.996728063 -0.066299953 -0.279015541 -0.962912440 -0.026809601 0.268482506 55.353599548
0.221498400 0.071026765 0.972568989 6.107046127 -0.032604668 0.997325838 -0.065409318 -0.296426177 -0.974616468 -0.017222285 0.223222360 55.411869049
0.179204404 0.068872333 0.981396556 6.667960167 -0.022726845 0.997570336 -0.065857537 -0.353093743 -0.983550310 -0.010502118 0.180334687 55.460376740
0.139746368 0.071298167 0.987615466 7.160018921 -0.019286085 0.997411430 -0.069276474 -0.349691212 -0.990000606 -0.009366136 0.140759945 55.555355072
0.106750816 0.071434364 0.991714716 7.684721470 -0.011202558 0.997439384 -0.070640907 -0.400955677 -0.994223773 -0.003568793 0.107277855 55.588439941
0.077524982 0.070256785 0.994510174 8.252506256 -0.003207829 0.997526824 -0.070219867 -0.440123200 -0.996986330 0.002253566 0.077558681 55.598979950
0.052258663 0.068216339 0.996299267 8.812324524 0.003516099 0.997645855 -0.068493001 -0.459022850 -0.998628497 0.007082440 0.051895767 55.602382660
0.034942620 0.067504413 0.997105300 9.377854347 0.008967727 0.997655153 -0.067855947 -0.486887306 -0.999350309 0.011312850 0.034255296 55.570133209
0.017758235 0.069036640 0.997454584 9.955502510 0.010852189 0.997541666 -0.069235861 -0.522502124 -0.999784827 0.012054084 0.016965304 55.588531494
0.004668027 0.069464616 0.997572005 10.534864426 0.012211592 0.997506261 -0.069517203 -0.548779368 -0.999915779 0.012506464 0.003808006 55.572956085
-0.007272810 0.070302978 0.997497737 11.139205933 0.012854730 0.997449934 -0.070205919 -0.563425660 -0.999892175 0.012311983 -0.008158131 55.560577393
-0.016479269 0.072928421 0.997199595 11.757637024 0.017488619 0.997205138 -0.072639853 -0.616915286 -0.999712527 0.016242612 -0.017708793 55.544437408
-0.023090346 0.074549221 0.996948481 12.387812614 0.021626338 0.997020006 -0.074053720 -0.673789322 -0.999500751 0.019850450 -0.024633937 55.513046265
-0.027450854 0.074092656 0.996872067 13.022468567 0.022390746 0.997044623 -0.073488988 -0.708088279 -0.999373674 0.020303402 -0.029028909 55.481884003
-0.031461611 0.071118668 0.996970236 13.673675537 0.020125354 0.997308075 -0.070507735 -0.754608393 -0.999303699 0.017846109 -0.032808404 55.459262848
-0.033805378 0.064937159 0.997315288 14.354078293 0.018272066 0.997760355 -0.064346835 -0.776429057 -0.999262691 0.016047757 -0.034916405 55.429935455
-0.035052352 0.058758028 0.997655451 15.030611992 0.019504834 0.998120248 -0.058100194 -0.805310249 -0.999196410 0.017422581 -0.036132727 55.384773254
-0.035614841 0.056671496 0.997756183 15.724279404 0.022098770 0.998191357 -0.055907488 -0.841099799 -0.999122441 0.020058082 -0.036803000 55.357307434
-0.034683872 0.058661625 0.997674167 16.413578033 0.025681032 0.997998416 -0.057788011 -0.894600332 -0.999069214 0.023617042 -0.036121164 55.332508087
-0.033796266 0.065743916 0.997263074 17.119068146 0.026421871 0.997543991 -0.064867139 -0.933293223 -0.999080420 0.024157343 -0.035450563 55.304695129
-0.031626951 0.073644154 0.996781945 17.816993713 0.025830545 0.997008860 -0.072841451 -0.992482066 -0.999166846 0.023443727 -0.033434834 55.284862518
-0.029902447 0.075048044 0.996730447 18.541370392 0.025999688 0.996898293 -0.074280798 -1.034039140 -0.999215484 0.023693560 -0.031761147 55.251678467
-0.027297009 0.070683949 0.997124195 19.279464722 0.026814019 0.997189581 -0.069954641 -1.060455918 -0.999268532 0.024827410 -0.029115833 55.229259491
-0.024567332 0.064477518 0.997615755 20.013854980 0.027146405 0.997592866 -0.063807629 -1.092962623 -0.999330461 0.025514154 -0.026258737 55.202945709
-0.021772258 0.062766701 0.997789741 20.768676758 0.024891784 0.997751713 -0.062221244 -1.136445165 -0.999453843 0.023482129 -0.023285896 55.175083160
-0.018537588 0.067730710 0.997530401 21.487955093 0.032137413 0.997227371 -0.067112982 -1.199113250 -0.999312341 0.030814001 -0.020663090 55.141452789
-0.015090628 0.073537163 0.997177362 22.213569641 0.034354646 0.996740937 -0.072985135 -1.255245805 -0.999296546 0.033156350 -0.017567990 55.117874146
-0.012979641 0.074586324 0.997129023 22.950107574 0.028094521 0.996847332 -0.074199595 -1.295438409 -0.999521673 0.027050821 -0.015034382 55.127410889
-0.009635984 0.071309671 0.997406542 23.682451248 0.023147078 0.997202456 -0.071071483 -1.327246666 -0.999686360 0.022402244 -0.011259826 55.125015259
-0.004652355 0.067108259 0.997733533 24.437513351 0.027652638 0.997372568 -0.066955023 -1.374412060 -0.999607205 0.027278518 -0.006496037 55.111301422
-0.000530555 0.068272695 0.997665226 25.199716568 0.032316998 0.997146547 -0.068219982 -1.427979946 -0.999477983 0.032205410 -0.002735588 55.094516754
0.002388965 0.072442278 0.997368395 25.931341171 0.031735685 0.996864378 -0.072481669 -1.499632120 -0.999493897 0.031825386 0.000082296 55.087844849
0.005811361 0.074040614 0.997236967 26.666736603 0.027522424 0.996865034 -0.074173369 -1.532446265 -0.999604762 0.027877472 0.003755203 55.099521637
0.009467514 0.072928071 0.997290909 27.416866302 0.027082611 0.996951640 -0.073160402 -1.577627063 -0.999588966 0.027701924 0.007463418 55.107223511
0.013009619 0.070753373 0.997407496 28.131622314 0.031353593 0.996973336 -0.071131542 -1.620979667 -0.999424279 0.032197762 0.010751727 55.102352142
0.016623622 0.070287868 0.997386754 28.881465912 0.036026806 0.996835411 -0.070849508 -1.673602223 -0.999213159 0.037110504 0.014038634 55.107795715
0.020479996 0.071423002 0.997234344 29.636165619 0.039563667 0.996605217 -0.072190471 -1.724095583 -0.999007821 0.040932789 0.017584588 55.115966797
0.023328288 0.071429983 0.997171164 30.370182037 0.039691377 0.996590853 -0.072316974 -1.775216579 -0.998940229 0.041266225 0.020413492 55.128986359
0.026654245 0.070208617 0.997174501 31.109954834 0.040442169 0.996637464 -0.071251795 -1.819377422 -0.998826921 0.042227153 0.023725126 55.141468048
0.030458188 0.068800248 0.997163713 31.868600845 0.044065304 0.996565163 -0.070104912 -1.868458033 -0.998564899 0.046075694 0.027321769 55.153003693
0.033454478 0.069473945 0.997020960 32.609512329 0.042544816 0.996577084 -0.070870571 -1.909644842 -0.998534918 0.044789113 0.030384120 55.173446655
0.036566168 0.070734359 0.996822953 33.361915588 0.038323600 0.996658027 -0.072128460 -1.965989828 -0.998596787 0.040839389 0.033733100 55.206424713
0.038928993 0.069828324 0.996797085 34.108814240 0.039182581 0.996680498 -0.071350344 -2.042325020 -0.998474061 0.041834779 0.036063660 55.243515015
0.043043595 0.072546877 0.996433854 34.880496979 0.038742524 0.996487737 -0.074224345 -2.053947210 -0.998322189 0.041799344 0.040081717 55.261722565
0.045408458 0.073058069 0.996291459 35.687736511 0.036917582 0.996517122 -0.074757189 -2.108280420 -0.998286664 0.040175375 0.042553134 55.300163269
0.047969222 0.073198818 0.996161044 36.365829468 0.035093218 0.996570826 -0.074918784 -2.147317410 -0.998232722 0.038552381 0.045235924 55.330856323
0.050953161 0.074121162 0.995944798 37.144672394 0.031858809 0.996612728 -0.075800776 -2.217398643 -0.998193502 0.035591990 0.048419144 55.379188538
0.053701822 0.076445326 0.995624721 37.907699585 0.031022677 0.996455133 -0.078182399 -2.275475025 -0.998075783 0.035085563 0.051139921 55.432258606
0.057066008 0.078178078 0.995302916 38.653934479 0.031242572 0.996300220 -0.080047727 -2.312743664 -0.997882426 0.035663906 0.054412395 55.471549988
0.060142029 0.080795191 0.994912684 39.430526733 0.025114169 0.996279716 -0.082424350 -2.380463839 -0.997874737 0.029943630 0.057889193 55.529373169
0.062826306 0.080918238 0.994736791 40.218181610 0.020470452 0.996392488 -0.082345806 -2.440013409 -0.997815549 0.025536222 0.060943261 55.574565887
0.066451445 0.080753319 0.994514704 40.975803375 0.022549406 0.996342480 -0.082408458 -2.509512901 -0.997535765 0.027901912 0.064387530 55.630142212
0.070289195 0.082128964 0.994138181 41.762176514 0.023071149 0.996203482 -0.083930820 -2.579791546 -0.997260809 0.028835373 0.068127617 55.674388885
0.073922373 0.083484948 0.993761599 42.556980133 0.017304441 0.996231437 -0.084979676 -2.653347731 -0.997114778 0.023478409 0.072199225 55.736392975
0.078266278 0.082166038 0.993539155 43.359649658 0.016984409 0.996342301 -0.083735868 -2.679067373 -0.996788740 0.023428377 0.076584600 55.807800293
0.083073214 0.080605373 0.993276536 44.151210785 0.019087745 0.996410966 -0.082456186 -2.753473043 -0.996361613 0.025809333 0.081236616 55.862583160
0.087723382 0.084994934 0.992510498 44.955734253 0.014450721 0.996138990 -0.086582907 -2.800751209 -0.996041059 0.021937842 0.086156577 55.933380127
0.093878485 0.093288079 0.991201818 45.743724823 0.011976908 0.995421648 -0.094819613 -2.882775545 -0.995512664 0.020773051 0.092331521 56.013492584
0.101421662 0.098636709 0.989940226 46.555007935 0.010590175 0.994908631 -0.100216724 -2.950137138 -0.994788170 0.020647785 0.099860847 56.104640961
0.108579732 0.101478010 0.988893330 47.353073120 0.005780137 0.994693995 -0.102707915 -3.022724152 -0.994071960 0.016867921 0.107417203 56.201694489
0.115728751 0.100002825 0.988232553 48.164169312 0.002453402 0.994886220 -0.100963436 -3.097459316 -0.993278861 0.014108883 0.114891782 56.295448303
0.123421654 0.098155059 0.987486780 48.971843719 0.001897052 0.995070219 -0.099145979 -3.181033611 -0.992353559 0.014110049 0.122627221 56.398731232
0.130595207 0.094978087 0.986874640 49.780838013 0.001641525 0.995377779 -0.096013673 -3.250582457 -0.991435468 0.014158882 0.129835904 56.504325867
0.138041168 0.088783570 0.986437976 50.596439362 -0.000239797 0.995975971 -0.089608520 -3.332598925 -0.990427673 0.012133089 0.137507215 56.620574951
0.145406529 0.081825845 0.985981464 51.400794983 -0.002344053 0.996598721 -0.082361341 -3.388488770 -0.989370465 0.009664644 0.145104021 56.745517731
0.152827770 0.077866502 0.985179365 52.208305359 -0.002218211 0.996914327 -0.078449987 -3.462542057 -0.988251507 0.009803963 0.152529240 56.869636536
0.160086602 0.080213711 0.983837247 52.998847961 -0.002406437 0.996720314 -0.080872595 -3.524717331 -0.987101197 0.010579039 0.159754932 57.007789612
0.167441860 0.087124214 0.982023180 53.811901093 -0.002798726 0.996123850 -0.087898068 -3.598487854 -0.985879183 0.011969368 0.167037129 57.119850159
0.172631666 0.091751397 0.980702341 54.577140808 -0.004024970 0.995707929 -0.092446819 -3.661188364 -0.984979391 0.012011913 0.172260463 57.252544403
0.177665696 0.093524367 0.979635119 55.348545074 -0.005867040 0.995555162 -0.093980215 -3.739808321 -0.984074712 0.010949461 0.177425206 57.398017883
0.182916895 0.093788803 0.978642941 56.121440887 -0.007443400 0.995541155 -0.094017051 -3.797130585 -0.983101547 0.009912831 0.182799935 57.542388916
0.186214566 0.090737693 0.978308678 56.852272034 -0.004418987 0.995792091 -0.091518186 -3.868896961 -0.982500494 0.012718853 0.185832486 57.679695129
0.190673098 0.084733792 0.977988243 57.624137878 -0.003294324 0.996315897 -0.085679442 -3.919918060 -0.981649518 0.013114935 0.190250292 57.848171234
0.194484279 0.077067979 0.977871954 58.383163452 -0.004822597 0.996970415 -0.077614039 -4.001549244 -0.980895281 0.010378795 0.194267273 57.988716125
0.197398528 0.073871039 0.977534533 59.096706390 -0.008950204 0.997249722 -0.073553540 -4.049096107 -0.980283916 0.005770176 0.197517350 58.138668060
0.200747550 0.073958665 0.976845622 59.840148926 -0.009701549 0.997245967 -0.073509470 -4.108467102 -0.979596436 0.005279880 0.200912759 58.292915344
0.202602610 0.076067686 0.976300597 60.539649963 -0.012713131 0.997097313 -0.075049803 -4.166191101 -0.979179978 0.002793391 0.202982157 58.436584473
0.204319477 0.080281042 0.975605190 61.256431580 -0.017312797 0.996770442 -0.078396924 -4.230844498 -0.978752613 -0.000872514 0.205050096 58.593601227
0.206271380 0.085415564 0.974757969 61.925483704 -0.017734868 0.996343970 -0.083554171 -4.278016090 -0.978335559 -0.000052436 0.207032651 58.734512329
0.207976148 0.090790316 0.973909497 62.597625732 -0.019458361 0.995868444 -0.088682108 -4.336829185 -0.977941811 -0.000506992 0.208884090 58.879787445
0.209600583 0.092377231 0.973411918 63.275531769 -0.018113216 0.995721757 -0.090594217 -4.407539368 -0.977620721 0.001356917 0.210377738 59.027893066
0.210950196 0.092481628 0.973110437 63.937469482 -0.020867910 0.995711982 -0.090105921 -4.459226608 -0.977275431 -0.001298997 0.211976215 59.182205200
0.211573258 0.089404687 0.973262608 64.601882935 -0.019913575 0.995993555 -0.087163843 -4.519459248 -0.977160573 -0.000939676 0.212506548 59.304748535
0.212303489 0.086724631 0.973346174 65.246040344 -0.019895738 0.996229887 -0.084423952 -4.567541599 -0.977002680 -0.001442023 0.213229120 59.459068298
0.212252960 0.085735403 0.973444760 65.891761780 -0.019400226 0.996315897 -0.083519660 -4.620890617 -0.977023602 -0.001157834 0.213134900 59.592155457
0.210739657 0.085034430 0.973834932 66.527526855 -0.019091617 0.996375978 -0.082871236 -4.680052757 -0.977357328 -0.001127921 0.211599976 59.723320007
0.208997518 0.085248187 0.974191725 67.149520874 -0.020646170 0.996354342 -0.082758278 -4.737591267 -0.977699816 -0.002817153 0.209996253 59.874561310
0.206605539 0.088360071 0.974424601 67.764968872 -0.021733347 0.996081114 -0.085715801 -4.784475327 -0.978184462 -0.003468249 0.207716838 59.994426727
0.204507038 0.092692561 0.974464834 68.371955872 -0.020770608 0.995691776 -0.090352677 -4.847778320 -0.978646278 -0.001762565 0.205551833 60.122013092
0.202635944 0.092998967 0.974826396 68.958488464 -0.017688239 0.995663822 -0.091310069 -4.892013550 -0.979095936 0.001259663 0.203402847 60.243305206
0.200603828 0.092070132 0.975334644 69.559753418 -0.018126920 0.995750904 -0.090269133 -4.942667961 -0.979506314 0.000428439 0.201420963 60.349571228
0.198122710 0.089183971 0.976109624 70.139282227 -0.017629297 0.996013582 -0.087424301 -4.989636421 -0.980020285 0.000112535 0.198905677 60.469738007
0.196178302 0.085020252 0.976873636 70.702789307 -0.017365167 0.996377468 -0.083230458 -5.041186810 -0.980416059 -0.000635649 0.196944535 60.570201874
0.194212824 0.083744429 0.977376461 71.259529114 -0.014165103 0.996483326 -0.082566857 -5.094694138 -0.980858684 0.002190843 0.194716632 60.668804169
0.192311332 0.085566230 0.977594554 71.822273254 -0.010345245 0.996311188 -0.085169360 -5.141552448 -0.981280923 0.006265540 0.192487657 60.788902283
0.190189853 0.087621756 0.977827489 72.372741699 -0.006219767 0.996095002 -0.088048942 -5.193300724 -0.981729209 0.010664142 0.189992681 60.878257751
0.188294083 0.089673787 0.978007972 72.899078369 -0.006674382 0.995914936 -0.090030625 -5.229340076 -0.982091725 0.010424632 0.188123927 60.982177734
0.186816588 0.091969952 0.978078187 73.440948486 -0.007952997 0.995715559 -0.092109337 -5.288200378 -0.982364357 0.009428888 0.186748147 61.106605530
0.185871303 0.091002531 0.978348732 73.995033264 -0.006116648 0.995788217 -0.091462597 -5.319270134 -0.982556760 0.011016050 0.185645610 61.172580719
0.186618179 0.088988841 0.978391767 74.537818909 -0.000162445 0.995890379 -0.090549409 -5.377923965 -0.982434154 0.016739247 0.185866192 61.263160706
0.188560426 0.087204292 0.978180110 75.089843750 0.005121859 0.995947242 -0.089775540 -5.417860031 -0.982049882 0.021938261 0.187350109 61.381900787
0.191045567 0.086243473 0.977782965 75.639404297 0.007838000 0.995965421 -0.089378633 -5.467247963 -0.981551588 0.024739314 0.189599276 61.468788147
0.194276184 0.086346813 0.977137029 76.187728882 0.005540409 0.996004224 -0.089115597 -5.517965317 -0.980933011 0.022726819 0.193022057 61.572990417
0.199699759 0.086668588 0.976014495 76.746368408 0.003824919 0.996002495 -0.089226060 -5.562043190 -0.979851544 0.021551641 0.198570475 61.701034546
0.205834284 0.085672662 0.974827409 77.305534363 0.005917109 0.996031523 -0.088785551 -5.611215591 -0.978570879 0.024043310 0.204511106 61.822608948
0.213621467 0.085603923 0.973156750 77.862785339 0.004199543 0.996061981 -0.088540636 -5.662439346 -0.976909339 0.023001028 0.212421417 61.944114685
0.222151175 0.084190018 0.971368730 78.442054749 0.003976519 0.996176779 -0.087249592 -5.697902679 -0.975005984 0.023245299 0.220967799 62.085708618
0.231021434 0.083227441 0.969380617 79.019256592 0.001533109 0.996300519 -0.085904069 -5.750551224 -0.972949326 0.021331865 0.230039954 62.216087341
0.240373641 0.083624043 0.967069745 79.593681335 -0.000704485 0.996295214 -0.085976109 -5.792321205 -0.970682085 0.019985115 0.239542812 62.369770050
0.249946654 0.086517252 0.964384675 80.183425903 -0.005248963 0.996104717 -0.088002533 -5.843883991 -0.968247294 0.016933916 0.249428034 62.544143677
0.259349376 0.089381032 0.961636722 80.770736694 -0.009304328 0.995891631 -0.090055577 -5.882484436 -0.965740561 0.014408459 0.259116411 62.689041138
0.270185977 0.091702469 0.958429098 81.379119873 -0.013226632 0.995711684 -0.091541022 -5.932772636 -0.962719142 0.012056277 0.270241320 62.880737305
0.280445427 0.093624391 0.955290854 81.989631653 -0.015058858 0.995536566 -0.093147852 -6.000948906 -0.959753513 0.011737271 0.280604839 63.062690735
0.290378630 0.094512597 0.952230692 82.607337952 -0.018197952 0.995473921 -0.093255274 -6.054237366 -0.956740558 0.009750643 0.290785611 63.245056152
0.300686657 0.094972998 0.948980212 83.226188660 -0.019394320 0.995430648 -0.093476564 -6.101811409 -0.953527570 0.009702290 0.301156104 63.448448181
0.310842454 0.095753059 0.945623577 83.861427307 -0.023022970 0.995377243 -0.093222991 -6.158775806 -0.950184405 0.007206550 0.311611533 63.666091919
0.321730524 0.091633603 0.942384362 84.549011230 -0.023060452 0.995767236 -0.088951424 -6.202083111 -0.946552277 0.006886550 0.322483480 63.910278320
0.331885219 0.083811514 0.939586818 85.157073975 -0.019661767 0.996441722 -0.081937894 -6.260305405 -0.943116724 0.008720023 0.332353890 64.101593018
0.343093395 0.079307802 0.935944974 85.841979980 -0.018104725 0.996800661 -0.077827655 -6.312732697 -0.939128578 0.009757121 0.343433470 64.349555969
0.353502452 0.075649917 0.932367384 86.520919800 -0.016916975 0.997076809 -0.074486218 -6.352931976 -0.935282528 0.010558225 0.353750736 64.619064331
0.362843484 0.074122824 0.928895116 87.206283569 -0.013364846 0.997141004 -0.074348018 -6.415963173 -0.931756198 0.014562192 0.362798810 64.899536133
0.371678561 0.070350572 0.925689757 87.883689880 -0.006848392 0.997303486 -0.073043264 -6.449931145 -0.928338230 0.020809203 0.371160120 65.137863159
0.379222006 0.060735773 0.923307836 88.658050537 0.002367355 0.997774720 -0.066606492 -6.499532700 -0.925304592 0.027444564 0.378236383 65.474472046
0.386164993 0.054601118 0.920809865 89.332107544 0.008673458 0.997985840 -0.062814787 -6.553823471 -0.922390878 0.032243624 0.384915531 65.730529785
0.393229604 0.054075297 0.917846262 90.084861755 0.012009253 0.997880220 -0.063935548 -6.588254929 -0.919363737 0.036164168 0.391748518 66.044853210
0.400474221 0.060413383 0.914311826 90.782875061 0.013159490 0.997340500 -0.071663402 -6.649009228 -0.916215479 0.040731423 0.398616135 66.331588745
0.407914490 0.065886751 0.910637319 91.500778198 0.015947737 0.996724844 -0.079259031 -6.702815056 -0.912882805 0.046853736 0.405529678 66.634170532
0.413560241 0.067049980 0.908002377 92.197921753 0.014745487 0.996659279 -0.080312699 -6.760794163 -0.910359144 0.046603311 0.411191940 66.976722717
0.417855382 0.068960860 0.905890346 92.896301270 0.008110613 0.996790648 -0.079621792 -6.803564072 -0.908479154 0.040617920 0.415957093 67.297012329
0.421719790 0.072036996 0.903857827 93.577079773 0.002269838 0.996750534 -0.080499530 -6.847115517 -0.906725168 0.036000036 0.420188099 67.627578735
0.426255792 0.075005896 0.901485443 94.272300720 0.001069060 0.996512592 -0.083417878 -6.924090862 -0.904603779 0.036521282 0.424691319 67.968742371
0.430260032 0.079078637 0.899232388 94.930107117 -0.001399265 0.996211231 -0.086937442 -6.970885277 -0.902705550 0.036147624 0.428742856 68.285385132
0.433575988 0.082187712 0.897358894 95.603401184 -0.004544708 0.996017039 -0.089027815 -7.040112019 -0.901107192 0.034522265 0.432224959 68.618873596
0.437243044 0.081635728 0.895628452 96.244941711 -0.006444345 0.996128440 -0.087650128 -7.102173805 -0.899321735 0.032552838 0.436078906 68.931594849
0.441251785 0.077363014 0.894040406 96.887870789 -0.005042024 0.996472955 -0.083738275 -7.167673111 -0.897370756 0.032442056 0.440088123 69.244201660
0.444790661 0.075162329 0.892473042 97.541702271 -0.004969057 0.996662080 -0.081460498 -7.224614143 -0.895622313 0.031798288 0.443682075 69.570320129
0.448229760 0.073945127 0.890852630 98.156105042 -0.005982145 0.996796429 -0.079729147 -7.283796310 -0.893899977 0.030407917 0.447238892 69.882461548
0.451745182 0.075855620 0.888914168 98.776412964 -0.008632954 0.996701717 -0.080666475 -7.339880943 -0.892106831 0.028766884 0.450912803 70.203659058
0.454320788 0.076364174 0.887557089 99.376129150 -0.008929725 0.996657312 -0.081180170 -7.402529716 -0.890794933 0.028956344 0.453486890 70.509674072
0.456356376 0.074774504 0.886647701 99.983695984 -0.006883743 0.996727586 -0.080514997 -7.452578545 -0.889772058 0.030640230 0.455380589 70.805198669
0.458461553 0.073369034 0.885678709 100.572044373 -0.004156136 0.996750414 -0.080418877 -7.515419960 -0.888706565 0.033188127 0.457279652 71.120239258
0.460212857 0.073744372 0.884738743 101.159095764 -0.005920090 0.996774912 -0.080003425 -7.568206787 -0.887790859 0.031581029 0.459168166 71.428222656
0.462260306 0.072937928 0.883737683 101.737304688 -0.004535951 0.996790767 -0.079896048 -7.617218018 -0.886734724 0.032924343 0.461110532 71.720916748
0.464673668 0.074853808 0.882310808 102.286071777 -0.005220929 0.996632695 -0.081803180 -7.665956497 -0.885468662 0.033405460 0.463502765 72.011817932
0.467604607 0.074926808 0.880754828 102.851882935 -0.002824579 0.996520281 -0.083275653 -7.718266010 -0.883935332 0.036452491 0.466192216 72.301918030
0.470935374 0.073483817 0.879100084 103.385154724 0.000233059 0.996511936 -0.083423242 -7.768672943 -0.882169783 0.039492037 0.469278723 72.591812134
0.474106282 0.072012246 0.877516150 103.919349670 0.002633241 0.996526897 -0.083201557 -7.812699318 -0.880465806 0.041757300 0.472273201 72.868057251
0.477414876 0.070922278 0.875809610 104.453529358 0.004164278 0.996541083 -0.082969174 -7.868011475 -0.878670275 0.043258052 0.475471288 73.152915955
0.480810642 0.070613548 0.873975098 104.962356567 0.005037923 0.996510684 -0.083285660 -7.914422512 -0.876812160 0.044447888 0.478780329 73.426734924
0.483991653 0.069804966 0.872282565 105.462959290 0.005855280 0.996530235 -0.082996994 -7.961430550 -0.875055075 0.045277532 0.481906742 73.710449219
0.487502486 0.069011331 0.870388508 105.985801697 0.007958759 0.996476531 -0.083466426 -8.005484581 -0.873087347 0.047617547 0.485238731 73.992835999
0.491243780 0.070393868 0.868171513 106.472511292 0.006710842 0.996391058 -0.084587716 -8.053724289 -0.870998323 0.047379591 0.489001781 74.269485474
0.495878071 0.070258833 0.865543723 106.976257324 0.009522458 0.996219456 -0.086321846 -8.102622032 -0.868341863 0.051047482 0.493337572 74.538833618
0.500718832 0.073599294 0.862473845 107.474403381 0.007105184 0.995993257 -0.089118347 -8.152225494 -0.865582764 0.050751530 0.498192936 74.830566406
0.506002426 0.079602040 0.858849406 107.950309753 0.003809337 0.995513797 -0.094513215 -8.203905106 -0.862525046 0.051095817 0.503432691 75.131561279
0.511590958 0.086947776 0.854816973 108.416236877 -0.001720622 0.994965911 -0.100173473 -8.251822472 -0.859228790 0.049777277 0.509168684 75.411560059
0.517923832 0.093366712 0.850314617 108.903472900 -0.006606092 0.994430125 -0.105167419 -8.296222687 -0.855402768 0.048851695 0.515659273 75.726272583
0.523979783 0.097986147 0.846074104 109.373733521 -0.010740122 0.994038999 -0.108471163 -8.349095345 -0.851664484 0.047750000 0.521912158 76.021072388
0.529638112 0.098286733 0.842508554 109.866813660 -0.014277654 0.994153798 -0.107002243 -8.404009819 -0.848104954 0.044643652 0.527948380 76.347137451
0.535112381 0.097086005 0.839182019 110.359642029 -0.021347374 0.994608641 -0.101455361 -8.458028793 -0.844512343 0.036375873 0.534303427 76.654510498
0.540732801 0.094793275 0.835834801 110.844177246 -0.027420333 0.995086253 -0.095115244 -8.517950058 -0.840748608 0.028513206 0.540678263 76.992355347
0.546582341 0.093043141 0.832218826 111.344047546 -0.033850931 0.995448709 -0.089060180 -8.575585365 -0.836722076 0.020507453 0.547247410 77.341323853
0.552323043 0.090891957 0.828658938 111.852119446 -0.036670297 0.995722890 -0.084775023 -8.622983932 -0.832824469 0.016436117 0.553296924 77.685371399
0.558700144 0.094697043 0.823944509 112.354560852 -0.041763887 0.995409906 -0.086084843 -8.672684669 -0.828318834 0.013684552 0.560093701 78.043487549
0.564936340 0.098738171 0.819204390 112.874198914 -0.045622639 0.995031536 -0.088468745 -8.719960213 -0.823873639 0.012605000 0.566637397 78.411216736
0.570621252 0.102427110 0.814799488 113.398757935 -0.048516482 0.994660914 -0.091060385 -8.772783279 -0.819780231 0.012429863 0.572547257 78.781196594
0.576712430 0.104830027 0.810192287 113.917312622 -0.050983161 0.994416237 -0.092375971 -8.810738564 -0.815356135 0.011968268 0.578839839 79.158279419
