0.999999881 0.000000005 0.000000000 0.000000000 0.000000005 1.000000000 0.000000000 -0.000000000 0.000000000 0.000000000 1.000000000 -0.000000000
0.999999821 -0.000087079 -0.000409808 0.060403496 0.000087645 0.999999106 0.001354774 -0.026452776 0.000409690 -0.001354810 0.999998987 1.317506313
0.999998510 -0.001603758 -0.000337113 0.001174667 0.001604304 0.999997437 0.001595522 -0.041701406 0.000334554 -0.001596061 0.999998689 2.619956017
0.999995232 -0.002972726 -0.000785365 -0.006823904 0.002973411 0.999995291 0.000868157 -0.069764189 0.000782781 -0.000870489 0.999999225 3.946925402
0.999993622 -0.003506637 -0.000512436 -0.013625860 0.003507053 0.999993503 0.000803989 -0.089279756 0.000509613 -0.000805781 0.999999583 5.272957325
0.999993861 -0.003447227 -0.000651358 -0.022630373 0.003448317 0.999992728 0.001671340 -0.115510315 0.000645592 -0.001673575 0.999998510 6.580216885
0.999987423 -0.005002299 -0.000374496 -0.018406153 0.005003309 0.999983847 0.002730951 -0.137537464 0.000360829 -0.002732789 0.999996305 7.914559364
0.999985278 -0.005411553 -0.000404939 -0.029487789 0.005412815 0.999980450 0.003166550 -0.150253683 0.000387795 -0.003168694 0.999994993 9.241137505
0.999990225 -0.004363989 -0.000623391 -0.027137889 0.004365237 0.999988556 0.002003995 -0.175470173 0.000614639 -0.002006695 0.999997854 10.562727928
0.999999225 -0.001081613 -0.000508321 -0.045662157 0.001081324 0.999999225 -0.000582583 -0.205160171 0.000508951 0.000582034 0.999999821 11.893880844
0.999998152 0.001799302 -0.000660780 -0.036113530 -0.001800359 0.999997199 -0.001613929 -0.238029838 0.000657874 0.001615117 0.999998510 13.241785049
0.999989092 0.004643530 -0.000622930 -0.057506964 -0.004644439 0.999988258 -0.001481975 -0.256331056 0.000616041 0.001484853 0.999998748 14.590954781
0.999987006 0.005124997 -0.000193966 -0.073256165 -0.005125115 0.999986887 -0.000667964 -0.286996812 0.000190540 0.000668950 0.999999821 15.940820694
0.999994993 0.003205898 -0.000072202 -0.059953373 -0.003205752 0.999993324 0.001815808 -0.312050998 0.000078023 -0.001815566 0.999998510 17.289026260
0.999999404 -0.001223585 0.000085972 -0.063246019 0.001223239 0.999991238 0.004066442 -0.330945641 -0.000090946 -0.004066331 0.999991953 18.645957947
0.999995351 -0.003083924 -0.000369231 -0.046376102 0.003084687 0.999993503 0.002045972 -0.364167094 0.000362919 -0.002047099 0.999998093 19.989170074
0.999990582 -0.004244932 -0.000897938 -0.056433599 0.004243314 0.999989629 -0.001802200 -0.354845941 0.000905580 0.001798373 0.999998331 21.363979340
0.999997556 -0.002068284 -0.000765070 -0.047973614 0.002065804 0.999992907 -0.003235215 -0.409696847 0.000771756 0.003233628 0.999994874 22.720941544
0.999999881 0.000107250 -0.000071627 -0.056297928 -0.000107378 0.999998450 -0.001856273 -0.409021199 0.000071428 0.001856282 0.999998748 24.087156296
0.999998271 0.000653146 0.001663393 -0.093794905 -0.000660067 0.999991238 0.004165333 -0.452505112 -0.001660659 -0.004166424 0.999990404 25.452775955
0.999998331 -0.000946581 0.001528281 -0.066802263 0.000938587 0.999986172 0.005224795 -0.473579586 -0.001533206 -0.005223352 0.999985576 26.824617386
0.999983311 -0.005453834 0.001929256 -0.092449725 0.005444675 0.999974191 0.004726418 -0.497539163 -0.001954983 -0.004715831 0.999987483 28.192811966
0.999983490 -0.005477763 0.001707418 -0.090873286 0.005474013 0.999982655 0.002199587 -0.510186791 -0.001719438 -0.002190201 0.999996662 29.568361282
0.999982536 -0.005425329 0.002359221 -0.087787151 0.005425240 0.999985278 0.000048695 -0.552183986 -0.002359451 -0.000035890 0.999997735 30.952945709
0.999992609 -0.002604258 0.002845111 -0.094506785 0.002608106 0.999995410 -0.001346195 -0.563551605 -0.002841595 0.001353612 0.999995410 32.340564728
0.999994576 -0.000809165 0.003209348 -0.094847627 0.000819769 0.999993801 -0.003301142 -0.610239029 -0.003206660 0.003303762 0.999989748 33.719558716
0.999993682 -0.000669399 0.003491106 -0.100327916 0.000680165 0.999994636 -0.003081431 -0.616578221 -0.003489027 0.003083793 0.999989510 35.110355377
0.999995410 -0.000844040 0.002920974 -0.087858923 0.000848638 0.999998033 -0.001570513 -0.657322884 -0.002919645 0.001572990 0.999994874 36.502346039
0.999995232 0.000349671 0.003024325 -0.100650400 -0.000349943 0.999999523 0.000094017 -0.679507077 -0.003024294 -0.000095069 0.999995768 37.902233124
0.999992073 0.002971796 0.002600290 -0.097620919 -0.002972622 0.999995232 0.000319348 -0.708246231 -0.002599331 -0.000327070 0.999996901 39.301383972
0.999980688 0.005357240 0.003046101 -0.106861807 -0.005357686 0.999985278 0.000141184 -0.732518971 -0.003045303 -0.000157496 0.999995828 40.706428528
0.999971807 0.006755050 0.003212954 -0.117659584 -0.006756993 0.999976635 0.000596935 -0.750255525 -0.003208850 -0.000618623 0.999995112 42.118976593
0.999966145 0.007648605 0.002975791 -0.121111885 -0.007651018 0.999970078 0.000802846 -0.774949968 -0.002969564 -0.000825582 0.999995708 43.508953094
0.999970376 0.007266933 0.002505097 -0.123616986 -0.007268647 0.999973118 0.000682210 -0.811644137 -0.002500074 -0.000700393 0.999997139 44.928913116
0.999974549 0.006878077 0.001849608 -0.118699990 -0.006877806 0.999976099 -0.000143909 -0.847409606 -0.001850556 0.000131189 0.999998808 46.340354919
0.999977052 0.006667013 0.001219659 -0.139282510 -0.006667270 0.999977529 0.000220666 -0.878656089 -0.001218162 -0.000228788 0.999999702 47.768199921
0.999980628 0.006225245 0.000089219 -0.137137145 -0.006225338 0.999979436 0.001367260 -0.889992595 -0.000080707 -0.001367785 0.999999523 49.166633606
0.999977767 0.006550761 -0.001266118 -0.141061634 -0.006548936 0.999977112 0.001423288 -0.917584658 0.001275413 -0.001414960 0.999998569 50.597713470
0.999974668 0.006774685 -0.002220739 -0.152358964 -0.006771330 0.999975562 0.001504266 -0.940221071 0.002230877 -0.001489186 0.999996722 52.048175812
0.999968946 0.007153125 -0.003372180 -0.158653125 -0.007144922 0.999970853 0.002432942 -0.970925689 0.003389486 -0.002408769 0.999991715 53.443748474
0.999975443 0.005826898 -0.003952726 -0.179713786 -0.005814319 0.999977469 0.003181930 -0.995462179 0.003971181 -0.003158866 0.999987423 54.905918121
0.999981940 0.003701801 -0.004758382 -0.173319131 -0.003684076 0.999985695 0.003725292 -1.017449737 0.004772107 -0.003707692 0.999981999 56.312942505
0.999984860 0.001968132 -0.005160562 -0.185218394 -0.001952777 0.999993205 0.002974870 -1.044805408 0.005166384 -0.002964743 0.999982536 57.739727020
0.999987245 0.000434900 -0.005055876 -0.199127942 -0.000418544 0.999994218 0.003231894 -1.066917181 0.005057257 -0.003229734 0.999982178 59.186557770
0.999988556 -0.001051588 -0.004673676 -0.204725355 0.001070808 0.999990523 0.004108004 -1.087589502 0.004669314 -0.004112960 0.999980867 60.596290588
0.999987662 -0.002573632 -0.004239913 -0.213606730 0.002594451 0.999984145 0.004909480 -1.118769169 0.004227211 -0.004920416 0.999979079 62.054485321
0.999982417 -0.004378270 -0.003945844 -0.218138114 0.004393025 0.999983072 0.003736204 -1.135770798 0.003929419 -0.003753468 0.999985516 63.455619812
0.999976575 -0.005742479 -0.003666949 -0.222058550 0.005752376 0.999979496 0.002692181 -1.159206510 0.003651415 -0.002713207 0.999989867 64.878273010
0.999985516 -0.004573159 -0.002671896 -0.240068004 0.004582499 0.999983013 0.003496210 -1.202761531 0.002655862 -0.003508402 0.999990463 66.334388733
0.999992430 -0.003337873 -0.001783334 -0.257134318 0.003343971 0.999988139 0.003421028 -1.224315524 0.001771893 -0.003426963 0.999992669 67.688507080
0.999998629 0.000157752 -0.001255608 -0.267772883 -0.000151941 0.999988675 0.004617163 -1.252723694 0.001256321 -0.004616965 0.999988675 69.149520874
0.999991536 0.003916109 -0.000617461 -0.273768544 -0.003912348 0.999973953 0.005961335 -1.276599169 0.000640787 -0.005958870 0.999982238 70.519874573
0.999970973 0.007488264 0.000958223 -0.305241704 -0.007494490 0.999949098 0.006674697 -1.303925037 -0.000908198 -0.006681685 0.999977589 71.940505981
0.999926269 0.012019677 0.001383726 -0.310011029 -0.012028077 0.999907553 0.006238130 -1.321036577 -0.001308624 -0.006254311 0.999979973 73.297538757
0.999857605 0.016757613 0.001666998 -0.315010577 -0.016770428 0.999826789 0.008000126 -1.376235247 -0.001532653 -0.008026942 0.999967098 74.730949402
0.999832094 0.018106354 0.002580675 -0.325688362 -0.018126372 0.999803483 0.007960840 -1.388746142 -0.002436034 -0.008006281 0.999965429 76.179626465
0.999854028 0.016870730 0.002455631 -0.325286239 -0.016885215 0.999838829 0.006012051 -1.394477367 -0.002353814 -0.006052632 0.999979377 77.547172546
0.999863982 0.016246250 0.002593734 -0.327457011 -0.016261373 0.999849617 0.005929620 -1.421665192 -0.002497016 -0.005970986 0.999979436 78.970069885
0.999881208 0.015173305 0.002458367 -0.328688502 -0.015184898 0.999872744 0.004778360 -1.443448305 -0.002385557 -0.004815113 0.999985814 80.332008362
0.999886870 0.014837542 0.002170490 -0.325431526 -0.014848082 0.999877036 0.004935307 -1.472599626 -0.002097002 -0.004966967 0.999985754 81.719558716
0.999894023 0.014400888 0.001791134 -0.330512881 -0.014409596 0.999883354 0.004961689 -1.494606495 -0.001719479 -0.004986962 0.999986291 83.129402161
0.999912560 0.013102593 0.001340846 -0.332277775 -0.013108663 0.999902785 0.004639249 -1.515128136 -0.001279936 -0.004656410 0.999988437 84.490760803
0.999899268 0.014125539 0.000508327 -0.337609947 -0.014127855 0.999887586 0.004930994 -1.541614294 -0.000438623 -0.004937673 0.999987841 85.892486572
0.999909282 0.013387360 -0.000788716 -0.341037512 -0.013382689 0.999894023 0.005633709 -1.570015788 0.000864049 -0.005622637 0.999983966 87.250160217
0.999922693 0.012213573 -0.001927377 -0.336559027 -0.012200151 0.999901652 0.006818585 -1.596609354 0.002010465 -0.006794539 0.999975145 88.656913757
0.999947190 0.009568512 -0.003479894 -0.339871794 -0.009539668 0.999920189 0.008207219 -1.625008702 0.003558148 -0.008173587 0.999960482 90.033828735
0.999952137 0.008533018 -0.004584697 -0.343333811 -0.008494643 0.999928653 0.008321842 -1.652546167 0.004655383 -0.008282496 0.999955177 91.370391846
0.999964893 0.006924915 -0.004547736 -0.359478861 -0.006892110 0.999949753 0.007186491 -1.666403294 0.004597276 -0.007154889 0.999964118 92.764556885
0.999978364 0.004915526 -0.004188520 -0.371847957 -0.004891267 0.999970794 0.005778466 -1.682827950 0.004216803 -0.005757845 0.999974906 94.122489929
0.999980330 0.004286472 -0.004408507 -0.381892323 -0.004262946 0.999975979 0.005328762 -1.699413300 0.004431244 -0.005309853 0.999976516 95.529655457
0.999974549 0.005808532 -0.003914666 -0.414368987 -0.005786185 0.999966323 0.005691376 -1.730958343 0.003947591 -0.005668572 0.999976635 96.856285095
0.999970734 0.006623230 -0.003604748 -0.425478727 -0.006605417 0.999965370 0.004926484 -1.760642409 0.003637250 -0.004902519 0.999981940 98.195373535
0.999965966 0.007301162 -0.003591332 -0.440400302 -0.007283474 0.999960780 0.004909968 -1.773638487 0.003627038 -0.004883636 0.999981821 99.562347412
0.999960005 0.007945223 -0.003882656 -0.439588010 -0.007921913 0.999950171 0.005979097 -1.791315556 0.003929966 -0.005948095 0.999974906 100.901954651
0.999952018 0.009010864 -0.003594126 -0.455668867 -0.008984110 0.999931753 0.007387910 -1.814823508 0.003660450 -0.007355262 0.999966621 102.277320862
0.999955773 0.008682218 -0.003354036 -0.466252148 -0.008660433 0.999941170 0.006451438 -1.833171368 0.003409849 -0.006422101 0.999974072 103.595695496
0.999953687 0.008870536 -0.003471214 -0.467426389 -0.008858006 0.999953687 0.003604801 -1.862944722 0.003503027 -0.003573875 0.999988019 104.945358276
0.999961257 0.007963419 -0.003537755 -0.480867147 -0.007955337 0.999965250 0.002289879 -1.884392262 0.003555864 -0.002261632 0.999991834 106.296745300
0.999974549 0.006183531 -0.003348468 -0.486668199 -0.006171550 0.999974072 0.003574319 -1.921383500 0.003370480 -0.003553551 0.999988675 107.614082336
0.999989748 0.003325668 -0.002798583 -0.499093473 -0.003310454 0.999979258 0.005420669 -1.933733106 0.002816549 -0.005411341 0.999982059 108.976783752
0.999996126 0.001543512 -0.002026826 -0.504784882 -0.001531211 0.999979973 0.006052568 -1.956912756 0.002036124 -0.006049432 0.999980330 110.323303223
0.999998450 0.000661310 -0.001244566 -0.509732068 -0.000655255 0.999987483 0.004852782 -1.984569788 0.001247754 -0.004851947 0.999988198 111.644790649
0.999996960 0.002186569 -0.000567624 -0.515753508 -0.002185227 0.999994278 0.002339262 -2.001703739 0.000572729 -0.002337998 0.999997854 112.962959290
0.999985695 0.005213863 0.000705206 -0.528034210 -0.005214076 0.999985754 0.000308828 -2.033952236 -0.000703595 -0.000312480 1.000000358 114.301155090
0.999963641 0.008159635 0.002352773 -0.534938931 -0.008159244 0.999966145 -0.000173053 -2.053985596 -0.002354117 0.000153871 0.999997914 115.630470276
0.999948323 0.009382335 0.003853342 -0.540138006 -0.009388579 0.999953985 0.001606802 -2.078691006 -0.003838104 -0.001642877 0.999991953 116.957038879
0.999950826 0.008747756 0.004645645 -0.543412149 -0.008768165 0.999951363 0.004393617 -2.108452320 -0.004606999 -0.004434118 0.999980152 118.288101196
0.999944627 0.008941282 0.005535268 -0.539318323 -0.008969102 0.999946713 0.005023480 -2.136723995 -0.005490073 -0.005072834 0.999972641 119.645858765
0.999938488 0.008898498 0.006630578 -0.538015485 -0.008925598 0.999951363 0.004070933 -2.149856091 -0.006594049 -0.004129849 0.999970257 120.970893860
0.999894619 0.012096966 0.008032523 -0.544368923 -0.012105000 0.999925792 0.000954024 -2.144372702 -0.008020407 -0.001051139 0.999967873 122.300384521
0.999870479 0.013275982 0.009090496 -0.540381551 -0.013281171 0.999911308 0.000512403 -2.166290760 -0.009082908 -0.000633051 0.999959171 123.652809143
0.999846101 0.014116255 0.010399809 -0.534485221 -0.014127961 0.999899328 0.001053809 -2.205177784 -0.010383908 -0.001200555 0.999946058 124.983070374
0.999826968 0.014750187 0.011316074 -0.524910450 -0.014782606 0.999886513 0.002787468 -2.236584187 -0.011273699 -0.002954248 0.999932766 126.335716248
0.999824643 0.014219614 0.012170584 -0.519234180 -0.014252729 0.999894738 0.002639299 -2.264474392 -0.012131797 -0.002812282 0.999923170 127.662658691
0.999819517 0.013632515 0.013221315 -0.510259509 -0.013663961 0.999903798 0.002292838 -2.290974617 -0.013188812 -0.002473064 0.999910653 129.002014160
0.999828398 0.012055067 0.014050495 -0.495740175 -0.012103966 0.999920607 0.003401953 -2.314987659 -0.014008394 -0.003571422 0.999896049 130.367446899
0.999834418 0.011187305 0.014342264 -0.475872517 -0.011239650 0.999930143 0.003575963 -2.337791443 -0.014301285 -0.003736559 0.999891341 131.705825806
0.999854088 0.009436038 0.014224007 -0.461288333 -0.009494275 0.999946415 0.004033744 -2.367766142 -0.014185211 -0.004168189 0.999891281 133.032760620
0.999866247 0.008311176 0.014066493 -0.446197391 -0.008377787 0.999953568 0.004684669 -2.390003204 -0.014026932 -0.004801876 0.999890566 134.379196167
0.999879003 0.007706312 0.013490955 -0.429988027 -0.007765661 0.999960065 0.004353823 -2.421801090 -0.013456888 -0.004458050 0.999899924 135.740524292
0.999911487 0.004862356 0.012345704 -0.421716690 -0.004918754 0.999977589 0.004543490 -2.431978464 -0.012323351 -0.004603800 0.999913812 137.042297363
0.999928772 0.003369610 0.011396108 -0.411414742 -0.003430794 0.999979854 0.005355179 -2.457577467 -0.011377845 -0.005393884 0.999921203 138.412719727
0.999945819 0.001555469 0.010225674 -0.395293593 -0.001614229 0.999982178 0.005742340 -2.472062111 -0.010216569 -0.005758524 0.999931693 139.736892700
0.999959707 -0.000099175 0.008903465 -0.385796547 0.000047640 0.999983132 0.005790403 -2.495531321 -0.008903896 -0.005789733 0.999944150 141.112884521
0.999969661 0.000223953 0.007702018 -0.379184484 -0.000264451 0.999986053 0.005260051 -2.521430016 -0.007700736 -0.005261913 0.999957085 142.432312012
0.999977231 0.000375698 0.006649714 -0.372145832 -0.000407983 0.999988019 0.004857800 -2.531989574 -0.006647809 -0.004860386 0.999966800 143.764266968
0.999979913 -0.002244338 0.005827356 -0.365049720 0.002227321 0.999993086 0.002929155 -2.553118944 -0.005833886 -0.002916098 0.999979436 145.120773315
0.999967515 -0.006610458 0.004480705 -0.374202251 0.006603594 0.999976814 0.001550382 -2.591312170 -0.004490847 -0.001520722 0.999989390 146.429733276
0.999861717 -0.016258013 0.003362255 -0.363190264 0.016241658 0.999856234 0.004843654 -2.599817753 -0.003440515 -0.004788358 0.999983191 147.795455933
0.999735117 -0.022919448 0.001967165 -0.348063678 0.022907058 0.999718666 0.006122282 -2.622570753 -0.002106926 -0.006075585 0.999979794 149.129821777
0.999681890 -0.025190363 0.001017501 -0.319791615 0.025186839 0.999676943 0.003369902 -2.651591301 -0.001102056 -0.003343187 0.999994278 150.490203857
0.999738634 -0.022820788 0.001136644 -0.331716180 0.022821406 0.999739289 -0.000498871 -2.688894749 -0.001124957 0.000524698 0.999999642 151.889099121
0.999768913 -0.021368489 0.002290375 -0.340806514 0.021373708 0.999768734 -0.002262513 -2.703567505 -0.002241494 0.002310963 0.999995172 153.174789429
0.999751568 -0.022009885 0.003457427 -0.336115479 0.022017347 0.999755025 -0.002124067 -2.724103928 -0.003409825 0.002199682 0.999992192 154.552169800
0.999684453 -0.024819506 0.003828723 -0.332948983 0.024816757 0.999691427 0.000774888 -2.747374773 -0.003846771 -0.000679611 0.999992788 155.865234375
0.999511957 -0.030961316 0.004065412 -0.327470601 0.030944768 0.999512255 0.004083239 -2.783016205 -0.004189851 -0.003955430 0.999983907 157.216857910
0.999414802 -0.033919752 0.004348819 -0.297313273 0.033895936 0.999410093 0.005446729 -2.810063362 -0.004531005 -0.005296124 0.999976218 158.614959717
0.999396145 -0.034482069 0.004201519 -0.281447709 0.034459375 0.999391258 0.005367931 -2.836212635 -0.004384058 -0.005219898 0.999977291 159.959121704
0.999412358 -0.033883471 0.005095986 -0.299068272 0.033853710 0.999409437 0.005829742 -2.846450329 -0.005290507 -0.005653791 0.999970496 161.312454224
0.999484301 -0.031481214 0.006290376 -0.298449397 0.031444352 0.999487877 0.005885696 -2.863198042 -0.006472446 -0.005684856 0.999963343 162.637191772
0.999617994 -0.026659602 0.007285378 -0.296341658 0.026636334 0.999639690 0.003279987 -2.895133972 -0.007370198 -0.003084668 0.999968529 164.008636475
0.999672055 -0.024335027 0.007970614 -0.289971352 0.024316940 0.999701381 0.002364690 -2.912574768 -0.008025781 -0.002170083 0.999965906 165.343658447
0.999720275 -0.022122283 0.008364155 -0.291188002 0.022092145 0.999749005 0.003685343 -2.933497906 -0.008443590 -0.003499520 0.999958694 166.708084106
0.999739647 -0.021279369 0.008217124 -0.281559944 0.021251893 0.999768257 0.003422507 -2.957835674 -0.008288054 -0.003246977 0.999960780 168.069412231
0.999793649 -0.018816212 0.007621607 -0.278877139 0.018807957 0.999822378 0.001159409 -2.983466864 -0.007642070 -0.001015812 0.999970794 169.438354492
0.999882996 -0.013512627 0.007116627 -0.278395772 0.013527891 0.999906242 -0.002095274 -3.028064966 -0.007087648 0.002191315 0.999972999 170.848739624
0.999930739 -0.009454611 0.006954437 -0.280554175 0.009475343 0.999950886 -0.002948526 -3.040507317 -0.006926216 0.003014229 0.999971926 172.177658081
0.999963939 -0.004052319 0.007405058 -0.277858377 0.004066081 0.999990225 -0.001839689 -3.071727037 -0.007397529 0.001869745 0.999971271 173.557418823
0.999965787 -0.002222962 0.007928615 -0.286982894 0.002221917 0.999997735 0.000144435 -3.098163605 -0.007928915 -0.000126803 0.999969065 174.942443848
0.999966621 -0.001967598 0.007873710 -0.283488154 0.001950284 0.999995768 0.002209850 -3.119533062 -0.007878020 -0.002194411 0.999967158 176.290054321
0.999963820 -0.004618566 0.007057743 -0.281123281 0.004595191 0.999984026 0.003329785 -3.144585133 -0.007072999 -0.003297224 0.999970257 177.710174561
0.999956548 -0.007436174 0.005527325 -0.274515271 0.007416901 0.999966562 0.003506185 -3.160758257 -0.005553202 -0.003465029 0.999979138 179.068008423
0.999959588 -0.008268762 0.003366959 -0.269672096 0.008270263 0.999965966 -0.000420389 -3.190343618 -0.003363355 0.000448229 0.999994874 180.405914307
0.999982059 -0.005588056 0.001937896 -0.275382638 0.005597252 0.999973357 -0.004757000 -3.218325615 -0.001911249 0.004767776 0.999987364 181.864303589
0.999997199 -0.001544953 0.001470189 -0.292194337 0.001553502 0.999982238 -0.005813998 -3.247428417 -0.001461167 0.005816283 0.999982536 183.256530762
0.999993920 0.003033195 0.001236956 -0.300288439 -0.003027484 0.999985278 -0.004575256 -3.288772821 -0.001250802 0.004571503 0.999989212 184.650375366
0.999987721 0.004605044 0.001362864 -0.309331864 -0.004603467 0.999989212 -0.001143528 -3.316032648 -0.001368102 0.001137256 0.999998927 186.068038940
0.999983728 0.005316460 0.001722095 -0.316715568 -0.005318494 0.999985576 0.001190007 -3.345191956 -0.001715731 -0.001199134 0.999998271 187.467880249
0.999984384 0.005020172 0.002109215 -0.325640619 -0.005025857 0.999984205 0.002709996 -3.376784325 -0.002095564 -0.002720543 0.999994695 188.859191895
0.999992311 0.003199517 0.001852565 -0.324241370 -0.003205484 0.999990165 0.003241914 -3.403931141 -0.001842161 -0.003247817 0.999993563 190.265411377
0.999997139 0.000512338 0.001960976 -0.322169572 -0.000519025 0.999994636 0.003425613 -3.420022488 -0.001959197 -0.003426610 0.999992669 191.662231445
0.999994695 -0.002224961 0.001995977 -0.319670260 0.002219052 0.999993682 0.002973923 -3.440570831 -0.002002568 -0.002969467 0.999994040 193.112701416
0.999977052 -0.006216776 0.002374199 -0.315223962 0.006207865 0.999974310 0.003758132 -3.464316845 -0.002397489 -0.003743297 0.999990463 194.500274658
0.999939740 -0.010514716 0.002763296 -0.307138026 0.010499090 0.999929667 0.005624503 -3.481364489 -0.002822227 -0.005595145 0.999980688 195.937255859
0.999910891 -0.012892598 0.003093630 -0.301908016 0.012873651 0.999899209 0.006082896 -3.510800362 -0.003171728 -0.006042521 0.999977052 197.369079590
0.999929905 -0.011274647 0.003292378 -0.309939206 0.011268856 0.999935567 0.001785442 -3.533217907 -0.003312279 -0.001748204 0.999993324 198.788253784
0.999982417 -0.004134476 0.003962615 -0.309519112 0.004148342 0.999985993 -0.003490238 -3.557388306 -0.003948113 0.003506630 0.999986351 200.206130981
0.999974370 0.004710400 0.005174417 -0.329910755 -0.004689764 0.999981642 -0.003991656 -3.579869747 -0.005193112 0.003967302 0.999978900 201.641342163
0.999886811 0.013675439 0.006071843 -0.347083926 -0.013676803 0.999907076 0.000181679 -3.620733738 -0.006068783 -0.000264690 0.999981880 203.067825317
0.999854684 0.015362217 0.007218175 -0.340900421 -0.015377547 0.999880254 0.002071841 -3.648154259 -0.007185474 -0.002182528 0.999972105 204.515289307
0.999902606 0.012184205 0.006587648 -0.340331554 -0.012200654 0.999923110 0.002463214 -3.661261320 -0.006557120 -0.002543338 0.999975622 205.934967041
0.999948502 0.008463083 0.005335181 -0.341262102 -0.008477907 0.999960780 0.002764272 -3.686108828 -0.005311567 -0.002809351 0.999982297 207.415191650
0.999967813 0.006674475 0.004117810 -0.332553029 -0.006685242 0.999974787 0.002610087 -3.716810942 -0.004100274 -0.002637522 0.999988437 208.846313477
0.999967039 0.006993780 0.003785589 -0.330670178 -0.006999719 0.999974847 0.001559069 -3.738521099 -0.003774579 -0.001585505 0.999991894 210.308898926
0.999962568 0.007633650 0.003708661 -0.328598559 -0.007639639 0.999970078 0.001604443 -3.768634796 -0.003696291 -0.001632706 0.999992013 211.791702271
0.999950171 0.009163472 0.003584134 -0.337839663 -0.009172360 0.999955416 0.002471421 -3.791765928 -0.003561316 -0.002504164 0.999990761 213.227783203
0.999954581 0.008781543 0.003261660 -0.340910614 -0.008788896 0.999959409 0.002245936 -3.819161415 -0.003241791 -0.002274490 0.999992490 214.691970825
0.999965608 0.007535719 0.002971684 -0.337649226 -0.007539037 0.999971628 0.001107284 -3.840279102 -0.002963242 -0.001129638 0.999995232 216.171478271
0.999969780 0.007055766 0.002681815 -0.342542470 -0.007058088 0.999975443 0.000857943 -3.868425846 -0.002675681 -0.000876835 0.999996305 217.625656128
0.999965489 0.007850481 0.001985821 -0.342124134 -0.007852198 0.999969482 0.000857676 -3.901004314 -0.001979012 -0.000873229 0.999997914 219.083404541
0.999960542 0.008441396 0.002043741 -0.350987107 -0.008442255 0.999964893 0.000413701 -3.923674822 -0.002040161 -0.000430927 0.999998152 220.569915771
0.999964058 0.008077185 0.001831335 -0.352247059 -0.008078491 0.999967754 0.000708978 -3.954569101 -0.001825533 -0.000723736 0.999998450 222.022796631
0.999956250 0.009094277 0.001321926 -0.362596124 -0.009094466 0.999959350 0.000136801 -3.982419729 -0.001320611 -0.000148805 0.999999583 223.522064209
0.999958873 0.008808568 0.001165571 -0.365493298 -0.008808707 0.999961853 0.000113714 -4.005798340 -0.001164508 -0.000123963 0.999999940 225.040573120
0.999955237 0.009235770 0.000712848 -0.369591713 -0.009235804 0.999957919 0.000048657 -4.036076546 -0.000712351 -0.000055224 1.000000238 226.511184692
0.999951065 0.009672289 0.000670567 -0.373760194 -0.009672214 0.999953628 -0.000117510 -4.079134941 -0.000671655 0.000111033 1.000000238 228.001052856
0.999974430 0.006834906 0.000732092 -0.383515358 -0.006834745 0.999976933 -0.000224095 -4.093151093 -0.000733589 0.000219100 1.000000358 229.496414185
0.999978662 0.006187836 0.000676688 -0.392983139 -0.006187873 0.999981284 0.000052354 -4.129203796 -0.000676333 -0.000056527 1.000000358 230.967132568
0.999990284 0.003835833 0.000913303 -0.392702579 -0.003836508 0.999992788 0.000744962 -4.153425217 -0.000910422 -0.000748446 0.999999881 232.450790405
0.999991000 0.003667530 0.000461311 -0.387809932 -0.003668031 0.999993265 0.001117635 -4.182488441 -0.000457190 -0.001119306 1.000000119 234.007369995
0.999988794 0.004208445 0.000649985 -0.386948824 -0.004208893 0.999991536 0.000707869 -4.211428165 -0.000646982 -0.000710584 1.000000358 235.442337036
0.999986112 0.004753465 0.001027447 -0.403570950 -0.004753648 0.999989271 0.000185424 -4.240952492 -0.001026538 -0.000190292 1.000000238 237.004684448
0.999979556 0.005881100 0.001414997 -0.413249552 -0.005882119 0.999983013 0.000722189 -4.273159504 -0.001410710 -0.000730486 0.999999523 238.476654053
0.999976993 0.006144787 0.002021623 -0.410587043 -0.006150707 0.999977171 0.002941123 -4.294948101 -0.002003489 -0.002953483 0.999994457 240.035156250
0.999982774 0.004749594 0.002809574 -0.399955511 -0.004759811 0.999982417 0.003646930 -4.320465088 -0.002792190 -0.003660235 0.999990165 241.595275879
0.999973178 0.006314232 0.003183798 -0.415840328 -0.006319801 0.999978900 0.001748296 -4.347226620 -0.003172678 -0.001768360 0.999994159 243.057540894
0.999967813 0.006677427 0.004012162 -0.404230595 -0.006678039 0.999978006 0.000143327 -4.382997036 -0.004011106 -0.000170102 0.999992609 244.626068115
0.999967873 0.006658751 0.004011060 -0.419120669 -0.006662068 0.999977708 0.000816944 -4.399085522 -0.004005520 -0.000843627 0.999992073 246.098220825
0.999964774 0.007038276 0.004143606 -0.412683010 -0.007045933 0.999973714 0.001838679 -4.431092739 -0.004130547 -0.001867800 0.999990106 247.623031616
0.999968767 0.006715071 0.003680463 -0.422931314 -0.006724341 0.999974310 0.002516138 -4.460239410 -0.003663462 -0.002540800 0.999990523 249.168106079
0.999973416 0.006246296 0.003224461 -0.431564033 -0.006253940 0.999977708 0.002370132 -4.480821133 -0.003209573 -0.002390225 0.999992430 250.647659302
0.999958456 0.008205796 0.003503380 -0.423203170 -0.008215514 0.999962509 0.002771060 -4.511001587 -0.003480498 -0.002799718 0.999990523 252.231811523
0.999949336 0.009258413 0.003449693 -0.436011195 -0.009269043 0.999952435 0.003079855 -4.536832333 -0.003421002 -0.003111668 0.999989748 253.707199097
0.999943912 0.009750958 0.003662008 -0.428560317 -0.009761852 0.999948084 0.002970228 -4.555500507 -0.003632844 -0.003005803 0.999989271 255.292465210
0.999954939 0.008435601 0.003859316 -0.429575562 -0.008447831 0.999959528 0.003164245 -4.594485283 -0.003832455 -0.003196700 0.999987900 256.830444336
0.999971032 0.006330507 0.003757234 -0.421533465 -0.006344639 0.999972880 0.003763107 -4.609550953 -0.003733298 -0.003786831 0.999986291 258.372283936
0.999984920 0.003509732 0.003724310 -0.422999740 -0.003527896 0.999982059 0.004885087 -4.648480415 -0.003707086 -0.004898150 0.999981523 259.891082764
0.999987841 0.002987208 0.003374378 -0.413077712 -0.003000188 0.999988317 0.003852491 -4.670269489 -0.003362818 -0.003862563 0.999987364 261.426025391
0.999988973 0.002336648 0.003531276 -0.420298755 -0.002346012 0.999993980 0.002653711 -4.703495026 -0.003525044 -0.002661958 0.999990761 262.953521729
0.999986768 0.000088156 0.004690620 -0.426743627 -0.000106498 0.999992669 0.003914784 -4.722055435 -0.004690232 -0.003915226 0.999981761 264.482421875
0.999976635 -0.004243580 0.004940793 -0.419298530 0.004213191 0.999972582 0.006151380 -4.730685234 -0.004966754 -0.006130419 0.999969244 266.034393311
0.999983370 -0.003537453 0.004077556 -0.414089799 0.003513379 0.999976873 0.005903742 -4.771644115 -0.004098335 -0.005889315 0.999974608 267.579803467
0.999982059 -0.003809139 0.004171271 -0.416046381 0.003790364 0.999983132 0.004507447 -4.795225143 -0.004188360 -0.004491550 0.999981403 269.075164795
0.999981940 -0.002752023 0.004950928 -0.421969414 0.002730584 0.999987304 0.004337694 -4.821649551 -0.004962794 -0.004324092 0.999978542 270.662139893
0.999977350 -0.001263877 0.006317422 -0.417017698 0.001233602 0.999988198 0.004798123 -4.844752312 -0.006323406 -0.004790216 0.999968648 272.181457520
0.999972522 0.000596550 0.007128584 -0.418261647 -0.000626804 0.999991119 0.004245813 -4.876412392 -0.007125985 -0.004250159 0.999965549 273.729309082
0.999965787 0.001379217 0.007933512 -0.409253359 -0.001413570 0.999990046 0.004327721 -4.893857002 -0.007927462 -0.004338783 0.999958992 275.279815674
0.999955773 0.002261495 0.008936632 -0.398451567 -0.002296350 0.999990165 0.003893038 -4.924842834 -0.008927740 -0.003913382 0.999952376 276.785766602
0.999948323 0.002520796 0.009642930 -0.409368038 -0.002554400 0.999991238 0.003475690 -4.952659607 -0.009634078 -0.003500138 0.999947250 278.368255615
0.999938428 0.002373504 0.010659114 -0.386826515 -0.002405924 0.999993026 0.003031210 -4.982332230 -0.010651841 -0.003056663 0.999938428 279.861236572
0.999932647 0.001596288 0.011329821 -0.379999638 -0.001633037 0.999994099 0.003236260 -5.004795074 -0.011324585 -0.003254538 0.999930263 281.432556152
0.999922574 0.000309769 0.012284776 -0.348619223 -0.000363213 0.999991179 0.004349779 -5.039003372 -0.012283315 -0.004353900 0.999914765 283.033081055
0.999924064 -0.001242073 0.012095487 -0.350306511 0.001185160 0.999988914 0.004713379 -5.055022240 -0.012101199 -0.004698682 0.999915540 284.525512695
0.999917567 -0.002888508 0.012346977 -0.330357552 0.002860272 0.999993920 0.002306354 -5.085549355 -0.012353557 -0.002270840 0.999920845 286.100097656
0.999923885 -0.002372283 0.011936760 -0.324792862 0.002371545 0.999997854 0.000078369 -5.109468460 -0.011936907 -0.000050044 0.999928415 287.632354736
0.999931753 -0.002678890 0.011188434 -0.305917025 0.002679082 0.999997139 0.000000518 -5.138574600 -0.011188390 0.000029468 0.999937117 289.178009033
0.999936998 -0.004152932 0.010220990 -0.300085306 0.004149897 0.999992192 0.000321648 -5.172378540 -0.010222230 -0.000279201 0.999947429 290.754180908
0.999949515 -0.003662458 0.009118896 -0.286064863 0.003666947 0.999994099 -0.000471898 -5.202667713 -0.009117098 0.000505324 0.999958038 292.281372070
0.999953508 -0.003895086 0.008562235 -0.286581278 0.003900980 0.999993026 -0.000668255 -5.233004093 -0.008559559 0.000701636 0.999962866 293.865783691
0.999960124 -0.003575055 0.007930557 -0.282722712 0.003578410 0.999994338 -0.000404412 -5.262399197 -0.007929056 0.000432785 0.999968231 295.418395996
0.999964833 -0.004203020 0.006956391 -0.276303053 0.004203948 0.999992013 -0.000113125 -5.296248913 -0.006955849 0.000142373 0.999975383 296.981658936
0.999970973 -0.004355165 0.005902439 -0.260749578 0.004349011 0.999990821 0.001061550 -5.321635246 -0.005906996 -0.001035842 0.999981642 298.574981689
0.999979615 -0.003269751 0.005114172 -0.269187093 0.003256330 0.999992192 0.002636322 -5.353505135 -0.005122741 -0.002619609 0.999983072 300.143005371
0.999976218 -0.003123098 0.005819931 -0.268070459 0.003108230 0.999992728 0.002567381 -5.376484394 -0.005827896 -0.002549225 0.999979317 301.760498047
0.999971747 -0.002338856 0.006875631 -0.271050215 0.002322217 0.999995351 0.002430288 -5.401844501 -0.006881273 -0.002414247 0.999972880 303.341430664
0.999965549 -0.003651593 0.007189816 -0.265707016 0.003635839 0.999991834 0.002207238 -5.428112984 -0.007197808 -0.002181015 0.999971271 304.938690186
0.999954522 -0.005749463 0.007356544 -0.258511782 0.005740181 0.999983668 0.001287333 -5.454915524 -0.007363817 -0.001245040 0.999971628 306.541595459
0.999938190 -0.007614190 0.007860959 -0.247623444 0.007618526 0.999971986 -0.000516759 -5.484790325 -0.007856796 0.000576621 0.999968410 308.132934570
0.999937415 -0.007972915 0.007600840 -0.255092859 0.007987413 0.999967515 -0.001873598 -5.518492699 -0.007585647 0.001934197 0.999968886 309.763336182
0.999954641 -0.007374661 0.005677239 -0.250012398 0.007388799 0.999970853 -0.002467125 -5.550794601 -0.005658870 0.002508966 0.999980390 311.343994141
0.999969840 -0.006730235 0.003247096 -0.255731344 0.006736907 0.999976337 -0.002038069 -5.589365005 -0.003233291 0.002059888 0.999992251 312.965148926
0.999980271 -0.005352195 0.002455172 -0.246990263 0.005347698 0.999985158 0.001846113 -5.621284485 -0.002465004 -0.001832946 0.999994993 314.573181152
0.999968290 -0.007055901 0.003018363 -0.238036871 0.007041264 0.999964535 0.004843867 -5.657730579 -0.003052421 -0.004822462 0.999983490 316.182464600
0.999966204 -0.007184602 0.003394285 -0.247913003 0.007166960 0.999961674 0.005193088 -5.666116238 -0.003431454 -0.005168586 0.999980509 317.831817627
0.999959767 -0.007996351 0.003499306 -0.247666597 0.007982879 0.999961615 0.003859890 -5.695365906 -0.003530025 -0.003831799 0.999986172 319.457641602
0.999950469 -0.008830296 0.004099649 -0.254168868 0.008814729 0.999954879 0.003811252 -5.717819214 -0.004133107 -0.003774925 0.999984086 321.091247559
0.999948800 -0.009114273 0.003910518 -0.235685229 0.009098312 0.999951065 0.004093387 -5.744539738 -0.003947623 -0.004057596 0.999983788 322.711883545
0.999946296 -0.009185069 0.004364372 -0.232538462 0.009165470 0.999948621 0.004502151 -5.783032417 -0.004405490 -0.004461905 0.999980092 324.337890625
0.999955535 -0.007768105 0.004948735 -0.236117959 0.007750497 0.999964416 0.003575687 -5.805576324 -0.004976324 -0.003537172 0.999981165 325.974304199
0.999955893 -0.007157892 0.005731732 -0.237239480 0.007142018 0.999971449 0.002792118 -5.832620144 -0.005751543 -0.002751056 0.999979556 327.598571777
0.999945998 -0.007975636 0.006334551 -0.233217716 0.007946928 0.999959052 0.004552147 -5.864996433 -0.006370586 -0.004501561 0.999969482 329.220916748
0.999940336 -0.009956215 0.004003244 -0.188862681 0.009929263 0.999929249 0.006708693 -5.905794144 -0.004069744 -0.006668548 0.999969304 330.874145508
0.999936700 -0.010321587 0.003987688 -0.191471338 0.010299599 0.999932766 0.005508032 -5.932850361 -0.004044261 -0.005466614 0.999976635 332.480957031
0.999936819 -0.008956500 0.006465215 -0.213752747 0.008927299 0.999950767 0.004538933 -5.954287529 -0.006505539 -0.004480931 0.999968648 334.086334229
0.999948502 -0.007106165 0.006949042 -0.227428913 0.007087369 0.999972165 0.002732005 -5.978476048 -0.006968251 -0.002682614 0.999971867 335.677734375
0.999963641 -0.005271390 0.006382511 -0.229735851 0.005276342 0.999986708 -0.000753190 -6.019391060 -0.006378446 0.000786843 0.999979079 337.301666260
0.999977410 -0.004127999 0.004931528 -0.211487055 0.004126241 0.999992192 0.000372901 -6.044483185 -0.004933018 -0.000352540 0.999987543 338.914398193
0.999983966 -0.003428379 0.004046370 -0.210718513 0.003415697 0.999989986 0.003144179 -6.077201366 -0.004057098 -0.003130306 0.999986708 340.540252686
0.999991179 -0.002400017 0.002805911 -0.214444280 0.002382340 0.999977827 0.006296951 -6.100277901 -0.002820950 -0.006290213 0.999976218 342.147491455
0.999995172 -0.001888548 0.001485359 -0.217204511 0.001880372 0.999983609 0.005505974 -6.126362324 -0.001495720 -0.005503156 0.999983668 343.734375000
0.999996305 -0.001912512 0.000140424 -0.228109077 0.001911995 0.999991477 0.003760719 -6.157247066 -0.000147602 -0.003760433 0.999992847 345.348510742
0.999992847 -0.002739334 -0.001697182 -0.235531896 0.002747537 0.999984860 0.004834638 -6.182593822 0.001683929 -0.004839266 0.999986887 346.929962158
0.999979734 -0.005199566 -0.003072418 -0.228965938 0.005216967 0.999970675 0.005669126 -6.215213299 0.003042870 -0.005685041 0.999979198 348.531463623
0.999977231 -0.005588918 -0.003176322 -0.254447103 0.005604276 0.999972939 0.004833943 -6.235144138 0.003149238 -0.004851633 0.999983311 350.128967285
0.999974489 -0.005915080 -0.003417769 -0.253782928 0.005928907 0.999974728 0.004039831 -6.271926403 0.003393806 -0.004059990 0.999986112 351.730621338
0.999975801 -0.005854369 -0.003099814 -0.269001842 0.005866057 0.999976218 0.003764330 -6.298547745 0.003077719 -0.003782420 0.999988317 353.342834473
0.999969900 -0.006655644 -0.003399543 -0.274961472 0.006668397 0.999971271 0.003742114 -6.325518131 0.003374556 -0.003764668 0.999987364 354.921600342
0.999965489 -0.007330455 -0.003329613 -0.287637174 0.007341220 0.999968410 0.003219694 -6.359354019 0.003305922 -0.003244022 0.999989450 356.504333496
0.999964714 -0.007406236 -0.003424551 -0.296948433 0.007414959 0.999969780 0.002528324 -6.387505531 0.003405740 -0.002553622 0.999991059 358.128082275
0.999961734 -0.007840847 -0.003349683 -0.310230613 0.007849323 0.999966502 0.002510746 -6.420304775 0.003329902 -0.002536936 0.999991357 359.709197998
0.999962747 -0.007733627 -0.003298706 -0.317154408 0.007739990 0.999968529 0.001908463 -6.442883492 0.003283862 -0.001933916 0.999992847 361.332977295
0.999956727 -0.008491318 -0.003223274 -0.331607342 0.008495015 0.999963641 0.001122741 -6.487684250 0.003213641 -0.001150066 0.999994338 362.896636963
0.999937057 -0.010532265 -0.003328529 -0.336364448 0.010539331 0.999942601 0.002098936 -6.500407696 0.003306252 -0.002133877 0.999992490 364.500396729
0.999891043 -0.014295552 -0.003114800 -0.343383312 0.014305999 0.999892533 0.003340660 -6.538823128 0.003066729 -0.003384852 0.999989748 366.122344971
0.999906600 -0.013199971 -0.003005698 -0.354475796 0.013207854 0.999909878 0.002601984 -6.569780827 0.002971100 -0.002641435 0.999992192 367.668121338
0.999922574 -0.012091083 -0.002304295 -0.359690785 0.012095235 0.999925792 0.001774949 -6.597926140 0.002282682 -0.001802676 0.999995887 369.294311523
0.999944270 -0.010090316 -0.002534993 -0.381863415 0.010096893 0.999946237 0.002577445 -6.630422592 0.002508868 -0.002602891 0.999993682 370.878051758
0.999953508 -0.009317381 -0.001790162 -0.391363293 0.009323309 0.999951601 0.003303387 -6.651817322 0.001759313 -0.003319918 0.999993145 372.502593994
0.999956727 -0.008983546 -0.001691180 -0.395713627 0.008988744 0.999955356 0.003061592 -6.682997227 0.001663618 -0.003076655 0.999993980 374.094787598
0.999959588 -0.008827311 -0.000363413 -0.414114952 0.008827957 0.999959767 0.001658112 -6.704802036 0.000348779 -0.001661244 0.999998808 375.681945801
0.999962151 -0.008546483 0.000234467 -0.416489929 0.008546286 0.999963105 0.001048054 -6.732892990 -0.000243399 -0.001046001 0.999999583 377.310974121
0.999967694 -0.007859879 0.000183711 -0.430053800 0.007859719 0.999968588 0.001136441 -6.768921375 -0.000192620 -0.001134951 0.999999523 378.897277832
0.999973297 -0.007160611 -0.000135191 -0.437636346 0.007160956 0.999971926 0.002268758 -6.795684814 0.000118958 -0.002269656 0.999997556 380.534454346
0.999980986 -0.005968759 -0.000362819 -0.449450433 0.005969772 0.999978602 0.002695076 -6.828240871 0.000346741 -0.002697182 0.999996424 382.132232666
0.999987423 -0.004785296 -0.000148795 -0.455637932 0.004785645 0.999986410 0.002052563 -6.856464386 0.000138988 -0.002053240 0.999997914 383.758056641
