1.000000000 -0.000000000 -0.000000000 0.000000000 -0.000000000 1.000000000 0.000000000 -0.000000000 -0.000000000 0.000000000 1.000000000 -0.000000000
0.999997497 -0.001517865 -0.001632049 -0.006995286 0.001517542 0.999998808 -0.000198523 -0.018827058 0.001632348 0.000196046 0.999998629 0.565207958
0.999994099 -0.001749149 -0.002958151 -0.009335384 0.001743846 0.999996841 -0.001794205 -0.033265308 0.002961280 0.001789036 0.999994040 1.139219999
0.999987423 -0.001830151 -0.004669682 -0.012406439 0.001816722 0.999994218 -0.002878339 -0.050171550 0.004674923 0.002869819 0.999984980 1.678912044
0.999972224 -0.003037206 -0.006807976 -0.014391264 0.003004738 0.999984086 -0.004774201 -0.076972865 0.006822369 0.004753612 0.999965429 2.233662128
0.999941051 -0.006470505 -0.008717891 -0.012085966 0.006413207 0.999957740 -0.006584475 -0.080824420 0.008760127 0.006528177 0.999940336 2.807991743
0.999925613 -0.006924749 -0.010041595 -0.025696177 0.006853814 0.999951422 -0.007081408 -0.104091920 0.010090145 0.007012058 0.999924481 3.354516506
0.999902248 -0.008616555 -0.011005094 -0.038568746 0.008538164 0.999937952 -0.007150231 -0.095128797 0.011066023 0.007055570 0.999913812 3.938447952
0.999886096 -0.008877147 -0.012198864 -0.045673884 0.008786830 0.999933720 -0.007437391 -0.110576414 0.012264079 0.007329354 0.999897957 4.524246216
0.999879539 -0.008226176 -0.013154625 -0.064863384 0.008099193 0.999920309 -0.009677292 -0.135786474 0.013233184 0.009569583 0.999866784 5.111377716
0.999865651 -0.007224747 -0.014709021 -0.075611003 0.007018869 0.999877334 -0.014000514 -0.148792118 0.014808369 0.013895392 0.999793887 5.711360455
0.999859631 -0.005704469 -0.015742172 -0.089066938 0.005428526 0.999831915 -0.017516244 -0.158929065 0.015839444 0.017428335 0.999722719 6.321191311
0.999847949 -0.004649091 -0.016800085 -0.103581764 0.004346875 0.999828994 -0.017980943 -0.166128248 0.016880807 0.017905183 0.999697268 6.952352047
0.999837220 -0.000832039 -0.018020086 -0.129898220 0.000627354 0.999935329 -0.011361312 -0.183931351 0.018028375 0.011348163 0.999773204 7.593928814
0.999826610 0.000321080 -0.018609311 -0.148312107 -0.000330516 0.999999940 -0.000503890 -0.207766831 0.018609148 0.000509955 0.999826908 8.258444786
0.999808252 0.000817130 -0.019550664 -0.163148314 -0.000687817 0.999977946 0.006620187 -0.221565753 0.019555645 -0.006605469 0.999787092 8.925334930
0.999778330 0.002408531 -0.020904684 -0.182023287 -0.002285006 0.999980032 0.005930894 -0.234792948 0.020918554 -0.005881806 0.999764144 9.601546288
0.999759197 0.005080175 -0.021340121 -0.202905715 -0.005115051 0.999985933 -0.001579895 -0.244172648 0.021331793 0.001688677 0.999771297 10.293107986
0.999727130 0.005187332 -0.022763887 -0.241686910 -0.005360750 0.999957323 -0.007563617 -0.246669143 0.022723678 0.007683593 0.999712467 10.996159554
0.999714732 0.002894128 -0.023697646 -0.257019937 -0.003058687 0.999971688 -0.006910748 -0.251570940 0.023676977 0.006981270 0.999695539 11.728745461
0.999704897 0.001384818 -0.024241176 -0.269713104 -0.001325933 0.999996245 0.002445071 -0.268283308 0.024244471 -0.002412203 0.999703288 12.476464272
0.999697447 0.000949602 -0.024570907 -0.289757222 -0.000687660 0.999942958 0.010666950 -0.263714820 0.024579626 -0.010646824 0.999641299 13.258497238
0.999675333 0.000169346 -0.025472067 -0.312989354 0.000164334 0.999914229 0.013097242 -0.272366971 0.025472095 -0.013097176 0.999589801 14.049627304
0.999665797 -0.001601794 -0.025796359 -0.338438153 0.001919334 0.999922633 0.012289470 -0.288334846 0.025774673 -0.012334876 0.999591768 14.858737946
0.999681234 -0.001904499 -0.025174199 -0.349388599 0.002151707 0.999949753 0.009796537 -0.288527310 0.025154268 -0.009847580 0.999635220 15.682698250
0.999687850 0.000085697 -0.024984118 -0.382947683 0.000067220 0.999981284 0.006119733 -0.281936049 0.024984173 -0.006119498 0.999669313 16.509178162
0.999716103 -0.002667999 -0.023675319 -0.401478410 0.002689372 0.999996006 0.000871024 -0.296539336 0.023672897 -0.000934443 0.999719560 17.370338440
0.999721885 -0.005806810 -0.022866419 -0.425431430 0.005683105 0.999968648 -0.005471032 -0.299607426 0.022897467 0.005339568 0.999724030 18.209690094
0.999756873 -0.005294346 -0.021413619 -0.450724512 0.005059724 0.999926388 -0.010995973 -0.315409184 0.021470256 0.010884966 0.999710679 19.117031097
0.999769688 -0.002831953 -0.021290520 -0.480008990 0.002573601 0.999922454 -0.012152165 -0.332087845 0.021323282 0.012094587 0.999699950 20.003547668
0.999763966 -0.002585364 -0.021586644 -0.505181372 0.002343484 0.999934018 -0.011222813 -0.356206357 0.021614233 0.011169590 0.999704421 20.913761139
0.999767780 -0.001530807 -0.021508085 -0.532679200 0.001273758 0.999927282 -0.011959908 -0.381759524 0.021524832 0.011929747 0.999697566 21.873357773
0.999760211 0.001321291 -0.021884622 -0.563234627 -0.001634195 0.999896169 -0.014286513 -0.403451115 0.021863477 0.014318864 0.999659061 22.818721771
0.999748528 0.005011906 -0.021881999 -0.597223461 -0.005345973 0.999869108 -0.015235459 -0.425528049 0.021802777 0.015348627 0.999644935 23.796972275
0.999736726 0.006422359 -0.022046644 -0.621584296 -0.006761856 0.999858558 -0.015359685 -0.456165820 0.021944884 0.015504732 0.999639511 24.732322693
0.999730706 0.006872690 -0.022179052 -0.650020480 -0.007216423 0.999853909 -0.015455960 -0.489319503 0.022069592 0.015611869 0.999635041 25.736049652
0.999722481 0.006977300 -0.022515791 -0.679606676 -0.007323647 0.999855042 -0.015337400 -0.519435287 0.022405513 0.015498060 0.999629319 26.706455231
0.999706864 0.007954235 -0.022872975 -0.707873821 -0.008278298 0.999865592 -0.014108756 -0.548092365 0.022757670 0.014293982 0.999639153 27.700723648
0.999693513 0.009019982 -0.023063093 -0.743724644 -0.009302661 0.999881923 -0.012179301 -0.582954228 0.022950510 0.012390123 0.999660194 28.736791611
0.999680996 0.009670954 -0.023339406 -0.774944961 -0.009922544 0.999893129 -0.010688284 -0.606269300 0.023233535 0.010916467 0.999670863 29.719915390
0.999687612 0.009126418 -0.023282599 -0.802337468 -0.009394266 0.999890089 -0.011421211 -0.643777311 0.023175795 0.011636371 0.999664009 30.762252808
0.999668717 0.010277149 -0.023617296 -0.833947241 -0.010575735 0.999864638 -0.012552976 -0.670948267 0.023485068 0.012798588 0.999642611 31.765628815
0.999666274 0.009837592 -0.023901235 -0.865094066 -0.010132042 0.999873161 -0.012229946 -0.697294533 0.023777870 0.012468035 0.999639869 32.795463562
0.999662161 0.008880980 -0.024446733 -0.896847248 -0.009116329 0.999912381 -0.009532673 -0.735394835 0.024359908 0.009752316 0.999656081 33.883651733
0.999635398 0.010541985 -0.024875490 -0.934259057 -0.010677884 0.999928117 -0.005337002 -0.771750927 0.024817422 0.005600670 0.999676704 34.916065216
0.999639511 0.008902223 -0.025349069 -0.962291777 -0.008985529 0.999953866 -0.003174558 -0.778745353 0.025319623 0.003401183 0.999674201 35.989776611
0.999622464 0.008957796 -0.025991490 -0.999420941 -0.009031714 0.999954700 -0.002728255 -0.803837061 0.025965864 0.002961969 0.999659061 37.036762238
0.999609470 0.008915515 -0.026501171 -1.028616071 -0.009025581 0.999950409 -0.004036768 -0.829240322 0.026463855 0.004274376 0.999641180 38.128513336
0.999582648 0.009391416 -0.027336346 -1.067584753 -0.009516713 0.999943972 -0.004457199 -0.851852417 0.027292948 0.004715487 0.999616921 39.174819946
0.999569535 0.008867001 -0.027973726 -1.095289469 -0.008946633 0.999955297 -0.002722690 -0.881639481 0.027948346 0.002971785 0.999605417 40.252666473
0.999562323 0.007921806 -0.028509108 -1.132495880 -0.007951046 0.999966979 -0.000912305 -0.908556402 0.028500957 0.001138577 0.999593556 41.346588135
0.999544799 0.006765703 -0.029405069 -1.173014283 -0.006719574 0.999974966 0.001667351 -0.928928733 0.029415630 -0.001469011 0.999566555 42.416156769
0.999529004 0.008189064 -0.029581990 -1.212379694 -0.008136091 0.999963939 0.001910804 -0.951598644 0.029596590 -0.001669232 0.999560893 43.498016357
0.999488652 0.010961410 -0.030041613 -1.257051229 -0.011027251 0.999935985 -0.002026945 -0.979502201 0.030017488 0.002357180 0.999546945 44.556278229
0.999466836 0.013258074 -0.029832523 -1.297499657 -0.013464307 0.999885440 -0.006722969 -0.997091174 0.029739993 0.007121062 0.999532580 45.650032043
0.999443710 0.014745161 -0.029906243 -1.336670756 -0.014951841 0.999864578 -0.006699404 -1.024516106 0.029803423 0.007142836 0.999530554 46.705780029
0.999470174 0.013110738 -0.029784316 -1.374220490 -0.013235502 0.999903202 -0.003995831 -1.046764493 0.029729059 0.004387923 0.999548793 47.780754089
0.999468327 0.013659199 -0.029600568 -1.409273744 -0.013748525 0.999900222 -0.002816457 -1.069806457 0.029559158 0.003221921 0.999558270 48.895217896
0.999488533 0.012597438 -0.029384520 -1.454853773 -0.012634546 0.999918044 -0.001077509 -1.100392222 0.029368546 0.001448211 0.999568164 49.964553833
0.999491572 0.013352405 -0.028940408 -1.490218282 -0.013398094 0.999907732 -0.001385404 -1.124844432 0.028919240 0.001772441 0.999580741 51.066234589
0.999511898 0.012764432 -0.028500715 -1.532016277 -0.012843101 0.999912560 -0.002578934 -1.162413001 0.028465314 0.002943711 0.999591053 52.121688843
0.999505937 0.013328857 -0.028453313 -1.558433175 -0.013510174 0.999887943 -0.006189879 -1.179031968 0.028367627 0.006571237 0.999576569 53.182037354
0.999535441 0.011705931 -0.028126668 -1.601017237 -0.011940389 0.999893725 -0.008182583 -1.213403702 0.028027894 0.008514636 0.999571562 54.258407593
0.999547899 0.010261011 -0.028248005 -1.634411097 -0.010600874 0.999871314 -0.011908125 -1.251829386 0.028122185 0.012202215 0.999530613 55.337253571
0.999568045 0.009511233 -0.027795184 -1.675114155 -0.009882522 0.999861836 -0.013251316 -1.292619705 0.027665313 0.013520301 0.999526441 56.412540436
0.999584556 0.007686315 -0.027768435 -1.700811982 -0.008003728 0.999902129 -0.011337707 -1.326025248 0.027678575 0.011555266 0.999550819 57.491630554
0.999609351 0.005583633 -0.027383601 -1.732286930 -0.005731749 0.999967694 -0.005333378 -1.342798710 0.027352944 0.005488253 0.999611616 58.580539703
0.999623239 0.004077021 -0.027147178 -1.760930538 -0.004066629 0.999989867 0.000438228 -1.365123868 0.027148711 -0.000327677 0.999632001 59.687210083
0.999629259 0.002609540 -0.027102148 -1.793706179 -0.002572346 0.999993920 0.001407448 -1.398102045 0.027105674 -0.001337224 0.999632299 60.778659821
0.999644160 -0.000743571 -0.026668051 -1.828059554 0.000698599 0.999996424 -0.001694994 -1.411858320 0.026669236 0.001675754 0.999643505 61.843868256
0.999642909 -0.002058831 -0.026642906 -1.861852169 0.001916102 0.999981821 -0.005380810 -1.438011646 0.026653519 0.005327842 0.999631107 62.946083069
0.999648571 0.000315370 -0.026510237 -1.903092623 -0.000532773 0.999964356 -0.008193525 -1.470086813 0.026506733 0.008204781 0.999615669 64.038810730
0.999648631 0.000069226 -0.026506042 -1.937326431 -0.000407030 0.999916971 -0.012738775 -1.503189802 0.026502969 0.012745108 0.999568164 65.108802795
0.999662995 0.003237539 -0.025753988 -1.968600035 -0.003588452 0.999899387 -0.013590897 -1.529790759 0.025707399 0.013678752 0.999576628 66.190490723
0.999660254 0.006667846 -0.025193859 -2.010367393 -0.006934127 0.999919057 -0.010496853 -1.556132078 0.025121830 0.010667995 0.999628127 67.284652710
0.999653578 0.007533129 -0.025213128 -2.039092779 -0.007730047 0.999938607 -0.007721883 -1.602079630 0.025153408 0.007914109 0.999652982 68.362716675
0.999657512 0.007851275 -0.024954602 -2.078496218 -0.008026784 0.999942124 -0.006940940 -1.630338430 0.024898650 0.007138866 0.999665201 69.455085754
0.999666929 0.006669169 -0.024923148 -2.111414194 -0.006829435 0.999954939 -0.006350941 -1.660937190 0.024879659 0.006519033 0.999669969 70.559921265
0.999672174 0.005607073 -0.024972929 -2.145467043 -0.005741166 0.999968052 -0.005301226 -1.681198359 0.024942383 0.005442852 0.999675035 71.639106750
0.999674737 0.003548997 -0.025243510 -2.174957752 -0.003632827 0.999986649 -0.003275888 -1.712287664 0.025231520 0.003366513 0.999676883 72.747123718
0.999661922 0.002183672 -0.025900794 -2.203997374 -0.002224609 0.999994934 -0.001551880 -1.741250515 0.025897250 0.001608955 0.999664307 73.824409485
0.999650121 0.001621692 -0.026391586 -2.238922596 -0.001682556 0.999994516 -0.002284140 -1.770069838 0.026387718 0.002327729 0.999650061 74.887168884
0.999631166 0.002500726 -0.027034482 -2.278640032 -0.002655692 0.999978960 -0.005697943 -1.801200390 0.027019642 0.005767631 0.999619186 75.980262756
0.999618769 0.003358259 -0.027397133 -2.318543673 -0.003581275 0.999959528 -0.008095302 -1.830904961 0.027368814 0.008190331 0.999592781 77.046470642
0.999588788 0.005482180 -0.028142847 -2.355741262 -0.005673310 0.999960065 -0.006716363 -1.860609174 0.028104881 0.006873257 0.999582350 78.133705139
0.999567986 0.005345445 -0.028888030 -2.387334824 -0.005408237 0.999981821 -0.002096279 -1.885037065 0.028876280 0.002251589 0.999581397 79.220237732
0.999549270 0.005978073 -0.029409958 -2.422491312 -0.005902276 0.999977469 0.002663054 -1.904985070 0.029425209 -0.002488298 0.999564826 80.269378662
0.999528527 0.006414822 -0.030017646 -2.462129354 -0.006322445 0.999973476 0.003170970 -1.931400537 0.030037191 -0.002979722 0.999545217 81.352310181
0.999509752 0.007667138 -0.030347833 -2.503247976 -0.007618602 0.999967933 0.001714259 -1.955097914 0.030360006 -0.001482238 0.999538839 82.392173767
0.999490738 0.007559576 -0.030995123 -2.550276279 -0.007569339 0.999969721 -0.000198315 -1.979207158 0.030992687 0.000432804 0.999520600 83.465034485
0.999480665 0.007169386 -0.031407982 -2.592208624 -0.007190809 0.999972403 -0.000569792 -2.008415222 0.031403031 0.000795324 0.999507487 84.503669739
0.999466598 0.005605767 -0.032163993 -2.628228426 -0.005612392 0.999982715 -0.000116252 -2.036403179 0.032162778 0.000296685 0.999483526 85.535057068
0.999445856 0.005061018 -0.032891206 -2.667169571 -0.005021108 0.999984980 0.001295366 -2.065163612 0.032897271 -0.001129524 0.999459028 86.539230347
0.999437332 0.003488634 -0.033352777 -2.703314066 -0.003363162 0.999985456 0.003816889 -2.083080053 0.033365615 -0.003702603 0.999437332 87.522338867
0.999404848 0.004217376 -0.034228113 -2.742693901 -0.004034850 0.999975562 0.005399432 -2.107248783 0.034250062 -0.005258149 0.999400139 88.528190613
0.999333322 0.002928716 -0.036384374 -2.787239313 -0.002737261 0.999980509 0.005310300 -2.127993584 0.036399230 -0.005207201 0.999324322 89.463584900
0.999210775 0.002110485 -0.039659001 -2.833029270 -0.001925663 0.999985516 0.004697540 -2.153788328 0.039668351 -0.004617496 0.999202788 90.410888672
0.999077916 0.001924934 -0.042885870 -2.880649090 -0.001755927 0.999988914 0.003977844 -2.173011065 0.042893089 -0.003898903 0.999072552 91.311424255
0.998932242 0.002069849 -0.046154756 -2.915796280 -0.001871813 0.999987125 0.004333158 -2.190915823 0.046163172 -0.004242167 0.998925328 92.213485718
0.998769045 0.003093581 -0.049506865 -2.966620207 -0.002812913 0.999977887 0.005737588 -2.211997986 0.049523566 -0.005591300 0.998757660 93.089393616
0.998629212 0.004049828 -0.052185446 -3.019665241 -0.003713669 0.999969900 0.006536650 -2.232722998 0.052210398 -0.006333925 0.998616397 93.912933350
0.998466730 0.004937917 -0.055136919 -3.071721554 -0.004491316 0.999954343 0.008220465 -2.245223522 0.055175059 -0.007960260 0.998445272 94.725006104
0.998301327 0.005893046 -0.057968184 -3.126727104 -0.005377976 0.999943018 0.009037020 -2.255457878 0.058018189 -0.008709954 0.998277962 95.504913330
0.998137891 0.008156522 -0.060454883 -3.178657532 -0.007578917 0.999921799 0.009777054 -2.272282124 0.060529966 -0.009300707 0.998123407 96.265708923
0.997961581 0.009312585 -0.063139938 -3.238529682 -0.008777300 0.999921441 0.008749422 -2.289330959 0.063216530 -0.008177426 0.997966707 96.996170044
0.997775912 0.012120955 -0.065549061 -3.288295507 -0.011815473 0.999915481 0.005045462 -2.314209461 0.065604769 -0.004259781 0.997836947 97.676208496
0.997555554 0.015084756 -0.068231679 -3.345579863 -0.015025911 0.999884129 0.001374882 -2.334475517 0.068244584 -0.000346302 0.997668982 98.341667175
0.997380614 0.017201271 -0.070259221 -3.399788380 -0.017332250 0.999846756 -0.001255658 -2.350439310 0.070226945 0.002470103 0.997528434 98.977188110
0.997282922 0.019057458 -0.071162209 -3.450910091 -0.019261068 0.999809980 -0.002176732 -2.369596481 0.071107313 0.003541463 0.997462809 99.574661255
0.997300267 0.020919999 -0.070392415 -3.494434595 -0.021109568 0.999773145 -0.001950831 -2.387290239 0.070335746 0.003431503 0.997517943 100.156814575
0.997413218 0.024380872 -0.067621112 -3.548611164 -0.024506122 0.999697149 -0.001024051 -2.400576830 0.067575783 0.002678516 0.997711062 100.715751648
0.997748494 0.025694754 -0.061949167 -3.592302084 -0.025694393 0.999667466 0.000801606 -2.409730911 0.061949272 0.000791925 0.998079538 101.259216309
0.998141229 0.027587440 -0.054342706 -3.614244938 -0.027476771 0.999616504 0.002781567 -2.429832697 0.054398686 -0.001283262 0.998519003 101.776199341
0.998621345 0.027330345 -0.044814233 -3.631474495 -0.027116556 0.999615908 0.005370189 -2.444124699 0.044943824 -0.004147612 0.998981416 102.262420654
0.999106646 0.026284903 -0.033088036 -3.632956743 -0.026064547 0.999633431 0.007072025 -2.448130131 0.033261802 -0.006203323 0.999427974 102.748481750
0.999471307 0.025935521 -0.019600485 -3.638385534 -0.025804341 0.999641299 0.006913848 -2.460935354 0.019772723 -0.006404455 0.999784708 103.199531555
0.999671876 0.025219049 -0.004436661 -3.624514580 -0.025190236 0.999660313 0.006424588 -2.471285582 0.004597098 -0.006310760 0.999970138 103.624450684
0.999615014 0.024279624 0.013409719 -3.612313509 -0.024329565 0.999695778 0.003577259 -2.483735561 -0.013318915 -0.003902169 0.999904275 104.042823792
0.999135017 0.023143541 0.034542616 -3.586630583 -0.023127761 0.999730408 -0.000855186 -2.497265100 -0.034553278 0.000055528 0.999403417 104.455528259
0.998029053 0.021977821 0.058777731 -3.539804935 -0.021664882 0.999745727 -0.005955476 -2.518850088 -0.058893915 0.004670312 0.998253822 104.872505188
0.996118009 0.019141180 0.085921012 -3.493979454 -0.018496824 0.999792814 -0.008288956 -2.528145313 -0.086062163 0.006667504 0.996268034 105.250701904
0.993174374 0.016454117 0.115471661 -3.418703079 -0.015453309 0.999833107 -0.009556796 -2.534623384 -0.115610003 0.007707141 0.993265390 105.649452209
0.988897324 0.013917295 0.147947103 -3.336006165 -0.012338137 0.999855101 -0.011586065 -2.547483444 -0.148087323 0.009632037 0.988927960 106.011413574
0.982895255 0.012165030 0.183762476 -3.226716995 -0.009910264 0.999862254 -0.013183328 -2.569468260 -0.183898091 0.011136700 0.982882798 106.398925781
0.975081682 0.007365282 0.221723065 -3.115407944 -0.004499568 0.999898016 -0.013427019 -2.572994947 -0.221799925 0.012094792 0.975017965 106.729125977
0.965018332 0.006434756 0.262102634 -2.974634171 -0.002728635 0.999889374 -0.014501402 -2.597449303 -0.262167633 0.013278952 0.964931786 107.107872009
0.953035474 0.006574898 0.302786648 -2.846612930 -0.002033754 0.999879062 -0.015310626 -2.613660097 -0.302851409 0.013975793 0.952936232 107.411048889
0.937893093 0.008173740 0.346827418 -2.692211151 -0.002854686 0.999868691 -0.015844382 -2.623791933 -0.346912265 0.013870270 0.937795818 107.741035461
0.919965446 0.006264295 0.391948432 -2.508811951 -0.000747336 0.999896824 -0.014226638 -2.629802704 -0.391998082 0.012795118 0.919878244 108.088623047
0.899957299 0.005317149 0.435944974 -2.346046448 0.000383471 0.999913752 -0.012987377 -2.628941536 -0.435977578 0.011855271 0.899880707 108.345962524
0.876686454 0.004330187 0.481041968 -2.130825043 0.002605866 0.999900222 -0.013749873 -2.655065536 -0.481054783 0.013307874 0.876590788 108.671234131
0.851904273 0.004279350 0.523679376 -1.925334930 0.004404224 0.999870896 -0.015335257 -2.672365665 -0.523678899 0.015370591 0.851778448 108.910293579
0.824199975 0.005611087 0.566270351 -1.697425842 0.005510904 0.999822378 -0.017928116 -2.680942535 -0.566272020 0.017897040 0.824025571 109.205490112
0.794178605 0.009932229 0.607602477 -1.470546722 0.003999848 0.999757707 -0.021570679 -2.702175617 -0.607671380 0.019561324 0.793949366 109.419776917
0.760397196 0.015604310 0.649270117 -1.198791504 0.001225205 0.999673426 -0.025460646 -2.725795269 -0.649457574 0.020155732 0.760132372 109.726158142
0.723712325 0.020898882 0.689784527 -0.937885284 -0.001540442 0.999586105 -0.028668910 -2.722598553 -0.690100491 0.019685511 0.723447621 109.904838562
0.684492469 0.020865552 0.728720605 -0.654739380 0.000610689 0.999571919 -0.029194463 -2.735538721 -0.729020357 0.020428456 0.684189081 110.133621216
0.643192887 0.017615899 0.765500963 -0.322650909 0.004773661 0.999622047 -0.027014468 -2.768395424 -0.765690088 0.021029804 0.642867863 110.357635498
0.600113690 0.015792707 0.799758196 -0.028060913 0.006495425 0.999674141 -0.024614345 -2.765931129 -0.799889207 0.019966217 0.599817634 110.515342712
0.553173661 0.013496454 0.832955837 0.324234009 0.007446737 0.999746919 -0.021144399 -2.779029369 -0.833033681 0.017899359 0.552935362 110.725227356
0.506628096 0.011018654 0.862093449 0.634826660 0.008953978 0.999795198 -0.018040633 -2.768274784 -0.862119138 0.016859081 0.506427824 110.831832886
0.455814213 0.006233408 0.890052259 1.044605255 0.011501783 0.999848723 -0.012892623 -2.814518690 -0.890001655 0.016113851 0.455675364 111.014984131
0.404800415 0.006413058 0.914381683 1.382343292 0.009486564 0.999890149 -0.011212481 -2.806332588 -0.914357007 0.013213171 0.404696673 111.103256226
0.353715122 0.010821486 0.935289860 1.747867584 0.006079338 0.999883413 -0.013867944 -2.820750237 -0.935334802 0.010591244 0.353609502 111.216651917
0.302112311 0.016607825 0.953126848 2.178070068 0.004174592 0.999813557 -0.018744506 -2.842032194 -0.953264534 0.009641856 0.301987827 111.341537476
0.255495936 0.018701689 0.966628194 2.569801331 0.006010465 0.999760747 -0.020931337 -2.851242065 -0.966792822 0.011157757 0.255323112 111.406929016
0.212953836 0.018317383 0.976889610 3.000061035 0.013037421 0.999679744 -0.021586720 -2.874798298 -0.976976633 0.017333126 0.212647378 111.496444702
0.178772628 0.017882006 0.983727098 3.434415817 0.020882573 0.999538422 -0.021964371 -2.895323753 -0.983670115 0.024469446 0.178317145 111.510452271
0.147242546 0.019007890 0.988916993 3.880424500 0.024877872 0.999425590 -0.022913976 -2.919757843 -0.988788843 0.027976140 0.146685436 111.564186096
0.120029345 0.017665222 0.992612422 4.334636688 0.023149205 0.999517739 -0.020587344 -2.936111927 -0.992501795 0.025449334 0.119562775 111.586441040
0.094321296 0.014045598 0.995442033 4.817448616 0.017483413 0.999720633 -0.015762545 -2.927986145 -0.995389640 0.018890504 0.094049513 111.626083374
0.069434032 0.011314879 0.997521639 5.332339287 0.012794146 0.999840915 -0.012231717 -2.936447620 -0.997506022 0.013611744 0.069278270 111.666938782
0.047469646 0.007886411 0.998840868 5.839095116 0.016713804 0.999820113 -0.008688438 -2.952507019 -0.998734355 0.017106893 0.047329247 111.664558411
0.027531266 0.008330148 0.999585629 6.375691414 0.023611825 0.999678493 -0.008981233 -2.976205111 -0.999343574 0.023849364 0.027325585 111.656669617
0.009618028 0.010083660 0.999902606 6.945110321 0.028819542 0.999528289 -0.010357097 -2.991627932 -0.999539793 0.028916424 0.009322873 111.677215576
-0.004127229 0.015324285 0.999873757 7.497797966 0.028730353 0.999468982 -0.015199484 -3.002864838 -0.999580204 0.028664079 -0.004565383 111.664398193
-0.015552260 0.020197572 0.999674737 8.109004021 0.025891040 0.999466181 -0.019790556 -3.002636909 -0.999545276 0.025574891 -0.016067013 111.662307739
-0.021747090 0.020319199 0.999556601 8.717206001 0.028063310 0.999409199 -0.019705627 -3.009608030 -0.999371052 0.027622398 -0.022304621 111.641456604
-0.024944037 0.016855447 0.999546349 9.350728035 0.033622012 0.999303699 -0.016012292 -3.042352200 -0.999124885 0.033207431 -0.025493555 111.618682861
-0.024569998 0.015424713 0.999578714 10.015421867 0.035720695 0.999253273 -0.014541650 -3.055351019 -0.999061286 0.035348464 -0.025102802 111.600784302
-0.022321029 0.014578593 0.999644160 10.696741104 0.035203196 0.999282360 -0.013787247 -3.080372095 -0.999132514 0.034883030 -0.022818396 111.587600708
-0.020953991 0.014846699 0.999669790 11.383411407 0.031647872 0.999395728 -0.014179246 -3.078639984 -0.999280989 0.031340405 -0.021411365 111.585723877
-0.019711846 0.015632214 0.999683022 12.088561058 0.030295879 0.999425173 -0.015030787 -3.106025696 -0.999348104 0.029990079 -0.020174265 111.573173523
-0.018504895 0.016469281 0.999692678 12.811964035 0.030203307 0.999414384 -0.015905600 -3.122589827 -0.999374032 0.029899782 -0.018991644 111.558662415
-0.017846089 0.016517639 0.999703944 13.584896088 0.030450955 0.999405622 -0.015969105 -3.152168989 -0.999378622 0.030157022 -0.018338621 111.560943604
-0.017426794 0.015340570 0.999730110 14.327814102 0.029143052 0.999462128 -0.014828442 -3.175840378 -0.999425054 0.028876835 -0.017864648 111.560516357
-0.017040560 0.013925661 0.999757409 15.103149414 0.029146794 0.999481857 -0.013425013 -3.200999737 -0.999431670 0.028911011 -0.017437773 111.550788879
-0.017482329 0.011449978 0.999781072 15.886624336 0.029899227 0.999490023 -0.010923810 -3.218407869 -0.999401569 0.029701773 -0.017815908 111.531570435
-0.018532589 0.010559440 0.999771953 16.672046661 0.028249472 0.999547362 -0.010033400 -3.235579252 -0.999430716 0.028057143 -0.018822653 111.519119263
-0.020383276 0.009265208 0.999748945 17.457611084 0.026519291 0.999606907 -0.008723194 -3.247991323 -0.999442041 0.026334880 -0.020621141 111.522323608
-0.022026865 0.006407102 0.999736547 18.250312805 0.028166767 0.999583066 -0.005785516 -3.274480343 -0.999361992 0.028031971 -0.022198323 111.509323120
-0.023289083 0.004142917 0.999719858 19.071149826 0.029800611 0.999546528 -0.003447961 -3.300937414 -0.999285996 0.029712036 -0.023402167 111.500679016
-0.024828963 0.004374248 0.999681890 19.880620956 0.027750067 0.999604762 -0.003684672 -3.306579351 -0.999308050 0.027649812 -0.024940722 111.485610962
-0.024485562 0.008409726 0.999664426 20.710855484 0.024859944 0.999657273 -0.007800741 -3.327440977 -0.999392569 0.024660643 -0.024686417 111.443542480
-0.025449168 0.013784057 0.999580622 21.550519943 0.025759615 0.999578774 -0.013128184 -3.343657017 -0.999345779 0.025414761 -0.025793705 111.435226440
-0.026547026 0.015521063 0.999526501 22.378225327 0.026616331 0.999532700 -0.014814227 -3.375287056 -0.999294698 0.026210515 -0.026947930 111.415206909
-0.027982175 0.013133837 0.999521613 23.243782043 0.023241663 0.999648750 -0.012484828 -3.400427103 -0.999339640 0.022881245 -0.028277798 111.399200439
-0.029058902 0.008675975 0.999539495 24.060396194 0.019872082 0.999766648 -0.008100205 -3.414010525 -0.999381602 0.019627593 -0.029224738 111.383483887
-0.029178688 0.002640155 0.999570251 24.908117294 0.017259974 0.999845624 -0.002137030 -3.449821234 -0.999426603 0.017190233 -0.029219968 111.356529236
-0.029122299 -0.002657920 0.999571741 25.758716583 0.014127534 0.999892414 0.003070387 -3.460656881 -0.999477446 0.014210922 -0.029081818 111.333816528
-0.028786486 -0.003365939 0.999579370 26.598964691 0.011814471 0.999920249 0.003707339 -3.462644577 -0.999517083 0.011916232 -0.028744631 111.319541931
-0.028528433 0.003054248 0.999587834 27.439695358 0.014299150 0.999891162 -0.002647064 -3.500333309 -0.999492109 0.014217752 -0.028569205 111.305976868
-0.027420415 0.013570153 0.999531329 28.269184113 0.017069045 0.999765337 -0.013105055 -3.531644583 -0.999479413 0.016701719 -0.027645802 111.291053772
-0.027138753 0.018550441 0.999459028 29.097881317 0.018716661 0.999658763 -0.018045917 -3.567041397 -0.999457657 0.018216817 -0.027476890 111.280364990
-0.025660232 0.013734173 0.999576032 29.929220200 0.020201579 0.999705374 -0.013217346 -3.580207825 -0.999467731 0.019853888 -0.025930319 111.258132935
-0.024747208 0.006946770 0.999669313 30.764923096 0.023632143 0.999697268 -0.006361938 -3.603028774 -0.999415576 0.023466945 -0.024904076 111.236648560
-0.024583466 0.004220872 0.999688566 31.594280243 0.024684655 0.999685585 -0.003613831 -3.632158756 -0.999394178 0.024588186 -0.024680123 111.224769592
-0.024448780 0.003815286 0.999693692 32.412170410 0.023932060 0.999705136 -0.003230040 -3.643065691 -0.999415874 0.023845818 -0.024533082 111.203948975
-0.025624786 0.004225282 0.999662638 33.226367950 0.021104844 0.999767184 -0.003684734 -3.662981510 -0.999450028 0.021003354 -0.025708202 111.200904846
-0.027149746 0.004160710 0.999622643 34.034599304 0.019376151 0.999802411 -0.003635203 -3.684504986 -0.999444842 0.019270184 -0.027225211 111.180236816
-0.029545462 0.004325022 0.999554038 34.849742889 0.018671203 0.999815345 -0.003774258 -3.705200434 -0.999390304 0.018551406 -0.029620983 111.158729553
-0.031415433 0.004924752 0.999494135 35.661651611 0.017907742 0.999826849 -0.004363529 -3.734714985 -0.999347210 0.017761635 -0.031498417 111.136856079
-0.033598445 0.004915927 0.999423265 36.465789795 0.015590093 0.999865413 -0.004394006 -3.754698277 -0.999315262 0.015433498 -0.033670794 111.116584778
-0.035890993 0.003960353 0.999347746 37.268688202 0.013051808 0.999905288 -0.003493822 -3.778654814 -0.999271929 0.012917913 -0.035939526 111.106277466
-0.037948143 0.003023652 0.999275029 38.074474335 0.012894371 0.999910355 -0.002535909 -3.808958769 -0.999197900 0.012788805 -0.037983987 111.081390381
-0.040025070 0.003258816 0.999193192 38.848579407 0.012777759 0.999911189 -0.002749322 -3.827362776 -0.999118388 0.012657421 -0.040063430 111.060905457
-0.041720975 0.003663681 0.999122441 39.640583038 0.012151963 0.999917805 -0.003159167 -3.851094961 -0.999056816 0.012009508 -0.041762337 111.031219482
-0.042941030 0.003554552 0.999071121 40.404510498 0.013530130 0.999900639 -0.002975968 -3.864706755 -0.998987436 0.013389778 -0.042985126 110.992736816
-0.043903574 0.002389844 0.999032617 41.186248779 0.014729172 0.999886632 -0.001744598 -3.889297724 -0.998928487 0.014638348 -0.043934070 110.954238892
-0.045357592 0.001553116 0.998969376 41.949787140 0.016698064 0.999856949 -0.000796332 -3.901665211 -0.998832524 0.016644767 -0.045377299 110.926971436
-0.046796817 0.001091657 0.998903513 42.705036163 0.016464967 0.999861121 -0.000321350 -3.919469595 -0.998769999 0.016431900 -0.046808552 110.901023865
-0.047761101 0.000255475 0.998858452 43.467136383 0.014296154 0.999894381 0.000427839 -3.938182116 -0.998757660 0.014300282 -0.047759980 110.873458862
-0.048641901 -0.000718576 0.998815715 44.185127258 0.013509440 0.999904513 0.001377261 -3.954920769 -0.998726189 0.013560444 -0.048627835 110.844551086
-0.049219638 -0.000832636 0.998787224 44.913864136 0.013654341 0.999902368 0.001506441 -3.976804256 -0.998695791 0.013711941 -0.049203750 110.813636780
-0.049759496 0.001006257 0.998760223 45.613040924 0.012799729 0.999914765 -0.000369726 -3.996502399 -0.998680413 0.012765480 -0.049768414 110.789245605
-0.050052680 0.003879192 0.998738468 46.315704346 0.012430899 0.999914169 -0.003260778 -4.026991844 -0.998670518 0.012252023 -0.050096869 110.758392334
-0.049984589 0.006488981 0.998728395 47.014411926 0.010895341 0.999919593 -0.005951434 -4.045352936 -0.998691857 0.010584010 -0.050051551 110.738067627
-0.050590225 0.006677016 0.998696685 47.707042694 0.011243942 0.999914706 -0.006115590 -4.065595150 -0.998657465 0.010919905 -0.050661273 110.698226929
-0.050260976 0.006510737 0.998714507 48.402534485 0.012094148 0.999906003 -0.005909868 -4.065298557 -0.998664081 0.011781576 -0.050335277 110.669662476
-0.050725404 0.005232198 0.998698652 49.097995758 0.012387675 0.999909222 -0.004609364 -4.083204269 -0.998637080 0.012137755 -0.050785907 110.637023926
-0.050879192 0.005405087 0.998689890 49.786872864 0.009681189 0.999937654 -0.004918634 -4.093976498 -0.998659074 0.009418250 -0.050928630 110.615997314
-0.050873242 0.005255643 0.998690963 50.451911926 0.007986339 0.999952912 -0.004855472 -4.107976437 -0.998674273 0.007728862 -0.050913103 110.590148926
-0.050926846 0.004425749 0.998692155 51.142410278 0.009057304 0.999947667 -0.003969460 -4.139070511 -0.998662353 0.008843304 -0.050964557 110.562118530
-0.052010477 0.004051300 0.998637855 51.824432373 0.007886944 0.999958575 -0.003645906 -4.158104897 -0.998616338 0.007686581 -0.052040596 110.532325745
-0.055345513 0.003242506 0.998461425 52.488250732 0.004793562 0.999980450 -0.002981740 -4.177052498 -0.998456717 0.004621152 -0.055360299 110.496368408
-0.059929676 0.003486156 0.998195887 53.170249939 0.003555766 0.999984741 -0.003278932 -4.187241554 -0.998197198 0.003352832 -0.059941508 110.468734741
-0.065747812 0.005921970 0.997818172 53.819679260 0.005327890 0.999966562 -0.005583670 -4.207817078 -0.997823060 0.004949144 -0.065777540 110.425003052
-0.072518952 0.009574765 0.997320592 54.509937286 0.006086846 0.999935925 -0.009157288 -4.223589420 -0.997349560 0.005406452 -0.072572999 110.378616333
-0.079510070 0.010328196 0.996780097 55.163528442 0.005456982 0.999932230 -0.009925585 -4.243998528 -0.996820152 0.004650214 -0.079561487 110.321205139
-0.085873969 0.009841362 0.996257007 55.853195190 0.002219192 0.999947011 -0.009686541 -4.262150288 -0.996304572 0.001379035 -0.085891739 110.269950867
-0.091684207 0.009178575 0.995745480 56.534889221 0.002635312 0.999952614 -0.008974720 -4.288533688 -0.995785952 0.001801218 -0.091704570 110.209243774
-0.096174195 0.009012461 0.995323300 57.197181702 0.000683799 0.999955654 -0.008988346 -4.312588692 -0.995365560 -0.000183898 -0.096176654 110.157745361
-0.100149401 0.008927453 0.994932055 57.913436890 -0.002620530 0.999950290 -0.009236276 -4.323344231 -0.994970202 -0.003532327 -0.100121602 110.090629578
-0.102848873 0.006018464 0.994678438 58.618782043 -0.001804568 0.999975204 -0.006237117 -4.348149300 -0.994696677 -0.002436508 -0.102836058 110.019332886
-0.105245933 0.003664061 0.994439125 59.361610413 0.001542398 0.999988854 -0.003521286 -4.371340752 -0.994446456 0.001163176 -0.105251029 109.949356079
-0.106638521 0.000844138 0.994297087 60.050529480 0.001159064 0.999995410 -0.000724679 -4.385024071 -0.994298577 0.001075134 -0.106639653 109.875381470
-0.107982256 0.000347553 0.994152308 60.798255920 0.000571204 0.999996126 -0.000287567 -4.399559975 -0.994154036 0.000536767 -0.107982695 109.803375244
-0.108368963 0.003271244 0.994105041 61.518104553 0.001881097 0.999989927 -0.003085561 -4.407518387 -0.994110107 0.001535597 -0.108374707 109.735504150
-0.108917266 0.007253167 0.994024158 62.236827850 0.007095358 0.999949992 -0.006518968 -4.417265892 -0.994026601 0.006342921 -0.108963981 109.662780762
-0.109167263 0.011442106 0.993957341 62.964736938 0.013673546 0.999852777 -0.010008209 -4.447365284 -0.993930399 0.012498374 -0.109308347 109.576972961
-0.109686792 0.013084998 0.993879974 63.689373016 0.015377345 0.999812305 -0.011466042 -4.462426186 -0.993848264 0.014025591 -0.109868124 109.501289368
-0.110090092 0.011077272 0.993859708 64.463058472 0.013167730 0.999862611 -0.009685605 -4.485045910 -0.993835330 0.012020600 -0.110221557 109.420562744
-0.110114217 0.006738969 0.993896306 65.220344543 0.014577083 0.999876678 -0.005164537 -4.495119572 -0.993812859 0.013919444 -0.110199600 109.334800720
-0.110324889 0.004395806 0.993885994 65.953666687 0.016044376 0.999864042 -0.002641282 -4.523221970 -0.993766844 0.015654918 -0.110381141 109.254211426
-0.111139223 0.004623787 0.993794322 66.704727173 0.017153790 0.999845326 -0.002733598 -4.537800312 -0.993657589 0.016743565 -0.111202069 109.174369812
-0.112806395 0.005083411 0.993604183 67.436737061 0.016560061 0.999853849 -0.003235301 -4.557210445 -0.993479788 0.016089212 -0.112874813 109.102539062
-0.114859931 0.005218047 0.993368030 68.185119629 0.015450069 0.999870777 -0.003465782 -4.580587864 -0.993262231 0.014949557 -0.114926465 109.018302917
-0.117317699 0.005406118 0.993079722 68.933357239 0.014093927 0.999889791 -0.003778219 -4.592246532 -0.992995024 0.013553170 -0.117381707 108.925888062
-0.119132712 0.005591858 0.992862582 69.683471680 0.014184154 0.999887884 -0.003929497 -4.611630440 -0.992777646 0.013614809 -0.119199440 108.841354370
-0.121136032 0.005307551 0.992621660 70.423759460 0.015006185 0.999877632 -0.003515067 -4.633200169 -0.992523015 0.014469680 -0.121201567 108.763336182
-0.122684024 0.005665291 0.992429495 71.167335510 0.013883803 0.999892116 -0.003991597 -4.647990227 -0.992349207 0.013289014 -0.122750178 108.676734924
-0.123753838 0.006772966 0.992289662 71.922164917 0.013323990 0.999894381 -0.005163192 -4.670387268 -0.992224038 0.012582306 -0.123831727 108.589317322
-0.125011459 0.007338895 0.992127836 72.656944275 0.013428643 0.999890208 -0.005704282 -4.680788994 -0.992064893 0.012609852 -0.125096992 108.508567810
-0.126126587 0.007447675 0.991985857 73.443946838 0.013146173 0.999893188 -0.005835585 -4.707955360 -0.991927385 0.012304819 -0.126211762 108.417686462
-0.127090961 0.005936000 0.991872847 74.215690613 0.012910337 0.999904037 -0.004329848 -4.721259117 -0.991807282 0.012255162 -0.127156138 108.315734863
-0.128095224 0.004468204 0.991751254 75.004959106 0.012753695 0.999911249 -0.002857710 -4.750909328 -0.991680205 0.012282464 -0.128141612 108.235771179
-0.130950421 0.001371118 0.991387427 75.794921875 0.007113419 0.999971092 -0.000443407 -4.752365589 -0.991363823 0.006994102 -0.130957231 108.139556885
-0.133011952 0.000514079 0.991113842 76.553321838 0.006574048 0.999974906 0.000363577 -4.769177437 -0.991092920 0.006564001 -0.133012831 108.038520813
-0.135317609 0.000849341 0.990801334 77.374748230 0.007095243 0.999971390 0.000111808 -4.797824383 -0.990777075 0.007045118 -0.135320649 107.933944702
-0.137294710 0.001851916 0.990527987 78.149940491 0.007143061 0.999970734 -0.000879503 -4.801516533 -0.990504801 0.006954664 -0.137304813 107.828964233
-0.137873769 0.006213125 0.990429759 78.969123840 0.009747243 0.999937236 -0.004915913 -4.820808411 -0.990401983 0.008976198 -0.137926579 107.716201782
-0.137562484 0.010110347 0.990440905 79.766067505 0.013711342 0.999868214 -0.008302229 -4.837425232 -0.990398288 0.012438226 -0.137683913 107.635887146
-0.138362348 0.013978859 0.990282416 80.592704773 0.014658755 0.999816537 -0.012065338 -4.869028091 -0.990273297 0.012846945 -0.138542801 107.511924744
-0.138167441 0.015309628 0.990289986 81.406379700 0.016211903 0.999778211 -0.013194418 -4.883186817 -0.990276277 0.014231474 -0.138385907 107.413177490
-0.137758896 0.014703980 0.990355968 82.228843689 0.019556168 0.999732077 -0.012122937 -4.924445629 -0.990272760 0.017697567 -0.138010457 107.299255371
-0.138052434 0.012686419 0.990342915 83.070312500 0.019601440 0.999753833 -0.010074571 -4.938971043 -0.990231037 0.018021384 -0.138268054 107.165473938
-0.137399644 0.010833460 0.990455687 83.915191650 0.018537544 0.999789894 -0.008363970 -4.962741852 -0.990342319 0.017211460 -0.137572542 107.044075012
-0.135823861 0.008432491 0.990696430 84.752082825 0.018340308 0.999810576 -0.005995635 -4.978664875 -0.990563333 0.017355377 -0.135953739 106.945365906
-0.134299964 0.005988835 0.990922034 85.598281860 0.019300004 0.999804616 -0.003426790 -5.001893044 -0.990752816 0.018664647 -0.134390265 106.838508606
-0.132372886 0.002186268 0.991196930 86.451843262 0.019089796 0.999814451 0.000344128 -5.021034718 -0.991016150 0.018967364 -0.132390961 106.724464417
-0.130884185 0.002168145 0.991394639 87.295227051 0.017863007 0.999836922 0.000171662 -5.037784100 -0.991236687 0.017731825 -0.130902514 106.633644104
-0.129093260 0.005961962 0.991613805 88.141548157 0.018862594 0.999812245 -0.003555635 -5.060371399 -0.991453052 0.018245475 -0.129182398 106.515548706
-0.127619639 0.011874504 0.991751492 88.982490540 0.018457511 0.999779940 -0.009595513 -5.089639187 -0.991651416 0.017080747 -0.127811685 106.419677734
-0.126051009 0.015044214 0.991908967 89.852973938 0.016217552 0.999779224 -0.013102681 -5.111438751 -0.991891444 0.014434773 -0.126268044 106.325515747
-0.125218749 0.012932942 0.992044032 90.719268799 0.015244147 0.999818683 -0.011110147 -5.124724865 -0.992012322 0.013731722 -0.125394061 106.231475830
