1.000000000 0.000000000 0.000000000 -0.000000000 0.000000000 0.999999881 0.000000000 -0.000000000 0.000000000 0.000000000 0.999999881 0.000000000
0.999998033 0.000013581 0.001968349 -0.002143260 -0.000014320 0.999999821 0.000375194 -0.036755823 -0.001968344 -0.000375221 0.999997854 1.190986037
0.999993384 0.000165885 0.003632216 -0.006022577 -0.000168685 0.999999583 0.000770618 -0.053044271 -0.003632086 -0.000771225 0.999992967 2.386939764
0.999990225 0.000483557 0.004386829 -0.010003559 -0.000483820 0.999999821 0.000058882 -0.073051609 -0.004386798 -0.000061004 0.999990344 3.597537518
0.999986112 0.000034885 0.005259942 -0.009517189 -0.000035383 0.999999940 0.000094642 -0.097838156 -0.005259938 -0.000094826 0.999986112 4.793343067
0.999980509 0.000121580 0.006233662 -0.001146600 -0.000122287 1.000000000 0.000113008 -0.119007692 -0.006233648 -0.000113767 0.999980628 5.987164021
0.999974728 -0.000301418 0.007084678 -0.004962426 0.000306327 0.999999583 -0.000691803 -0.148497611 -0.007084468 0.000693957 0.999974728 7.189690590
0.999969006 -0.000313360 0.007851533 -0.005987830 0.000321941 0.999999166 -0.001091680 -0.165897861 -0.007851187 0.001094174 0.999968529 8.387597084
0.999965012 -0.000501600 0.008317445 0.000656828 0.000500348 0.999999583 0.000152533 -0.195306614 -0.008317520 -0.000148366 0.999965310 9.577323914
0.999969721 -0.000701854 0.007690681 -0.000971466 0.000692619 0.999998689 0.001203474 -0.223930880 -0.007691518 -0.001198112 0.999969721 10.772509575
0.999983132 -0.002226345 0.005274134 -0.002526253 0.002221861 0.999996841 0.000855815 -0.245657817 -0.005276022 -0.000844083 0.999985814 11.979975700
0.999991238 -0.002787713 0.002943224 -0.005003639 0.002786292 0.999995589 0.000486870 -0.264168382 -0.002944564 -0.000478665 0.999995649 13.178051949
0.999995649 -0.002273257 0.001536816 -0.008326447 0.002272920 0.999997020 0.000221195 -0.296201706 -0.001537309 -0.000217700 0.999998868 14.367956161
0.999998987 -0.000524659 0.000417359 -0.008530185 0.000524563 0.999999523 0.000228395 -0.317540795 -0.000417471 -0.000228176 0.999999583 15.544257164
0.999998868 -0.000904555 0.000323502 -0.006354351 0.000904441 0.999999285 0.000349220 -0.346953809 -0.000323810 -0.000348927 0.999999642 16.760955811
0.999998212 -0.001453026 -0.000162606 -0.006867003 0.001453136 0.999998391 0.000679010 -0.369946718 0.000161627 -0.000679246 0.999999523 17.983127594
0.999998271 -0.001234930 -0.000849848 -0.019207001 0.001235717 0.999998629 0.000926666 -0.398623526 0.000848710 -0.000927716 0.999999046 19.162345886
0.999997556 -0.001657232 -0.001280045 -0.031170735 0.001657390 0.999998569 0.000122382 -0.419871688 0.001279849 -0.000124503 0.999999225 20.368913651
0.999995410 -0.001956693 -0.002219769 -0.049296498 0.001954650 0.999997735 -0.000922233 -0.441966265 0.002221578 0.000917890 0.999997139 21.555217743
0.999995530 -0.001116873 -0.002682577 -0.045598157 0.001115639 0.999999166 -0.000461381 -0.470486879 0.002683099 0.000458386 0.999996305 22.737560272
0.999993622 -0.000905115 -0.003383314 -0.052293293 0.000903460 0.999999344 -0.000490866 -0.494274795 0.003383765 0.000487807 0.999994159 23.962865829
0.999991417 -0.000720189 -0.004073892 -0.068296768 0.000715233 0.999998808 -0.001218012 -0.522301257 0.004074775 0.001215087 0.999991000 25.130413055
0.999988079 0.000141240 -0.004880813 -0.075659767 -0.000145218 0.999999464 -0.000815052 -0.545303345 0.004880706 0.000815751 0.999987781 26.352840424
0.999982953 -0.000839414 -0.005770925 -0.090433881 0.000845684 0.999998868 0.001084065 -0.574030161 0.005770019 -0.001088928 0.999982774 27.529176712
0.999976099 -0.002291424 -0.006515954 -0.099194780 0.002300794 0.999996364 0.001430837 -0.598127067 0.006512657 -0.001445796 0.999977708 28.725618362
0.999971449 -0.002324466 -0.007184003 -0.105658263 0.002326648 0.999997258 0.000295415 -0.621590257 0.007183301 -0.000312123 0.999974012 29.930339813
0.999960363 -0.003443540 -0.008196389 -0.127344459 0.003441059 0.999994218 -0.000316620 -0.647392213 0.008197436 0.000288401 0.999966145 31.115474701
0.999957144 -0.002999917 -0.008749175 -0.144133598 0.002995125 0.999995589 -0.000560665 -0.671883404 0.008750822 0.000534434 0.999961376 32.333255768
0.999950647 -0.003461338 -0.009307018 -0.155978218 0.003461404 0.999994218 -0.000009025 -0.695316017 0.009307001 -0.000023192 0.999956369 33.499996185
0.999955714 -0.003742713 -0.008643011 -0.179595098 0.003750226 0.999992967 0.000853338 -0.723980248 0.008639764 -0.000885714 0.999961972 34.668731689
0.999951124 -0.004799509 -0.008664173 -0.183414295 0.004804670 0.999988675 0.000575077 -0.754361451 0.008661322 -0.000616679 0.999961972 35.879341125
0.999928236 -0.004640203 -0.011075104 -0.205920681 0.004640026 0.999989569 -0.000041380 -0.766717076 0.011075184 -0.000010013 0.999938309 37.103103638
0.999924839 -0.005582110 -0.010947488 -0.212918609 0.005587136 0.999984503 0.000428883 -0.795533299 0.010944931 -0.000490017 0.999939620 38.322273254
0.999924779 -0.005418786 -0.011030486 -0.231357366 0.005437082 0.999984086 0.001629727 -0.817450702 0.011021484 -0.001689578 0.999937534 39.514228821
0.999926031 -0.005062939 -0.011079412 -0.262835979 0.005090636 0.999984264 0.002473423 -0.840963244 0.011066720 -0.002529641 0.999935269 40.716003418
0.999930322 -0.003791058 -0.011195627 -0.291214317 0.003815460 0.999990642 0.002159437 -0.862616658 0.011187340 -0.002202003 0.999934614 41.926811218
0.999932587 -0.003239870 -0.011156281 -0.317633808 0.003262210 0.999992967 0.001985169 -0.885771394 0.011149775 -0.002021430 0.999935389 43.117359161
0.999947011 -0.000758725 -0.010277498 -0.334407151 0.000796144 0.999993443 0.003637487 -0.904435039 0.010274672 -0.003645476 0.999939919 44.327491760
0.999958813 -0.000434300 -0.009064844 -0.358282149 0.000494432 0.999978244 0.006632597 -0.925717115 0.009061771 -0.006636802 0.999936223 45.536045074
0.999974906 0.000835917 -0.007035003 -0.365536511 -0.000768690 0.999954343 0.009553832 -0.941506445 0.007042674 -0.009548179 0.999928951 46.719551086
0.999986291 0.000620513 -0.005173633 -0.375062972 -0.000553648 0.999916732 0.012915989 -0.951467097 0.005181228 -0.012912944 0.999902666 47.948772430
0.999991357 0.000298975 -0.004117085 -0.392998517 -0.000239890 0.999897242 0.014344530 -0.961879075 0.004120963 -0.014343412 0.999888122 49.136138916
0.999995112 -0.001453120 -0.002762694 -0.413768530 0.001487987 0.999918938 0.012661456 -0.971389055 0.002744083 -0.012665500 0.999915540 50.338951111
0.999999046 -0.000960492 -0.001151358 -0.407686442 0.000973183 0.999938488 0.011074245 -0.989059865 0.001140664 -0.011075354 0.999937594 51.555995941
0.999999702 -0.000647562 -0.000506165 -0.418110818 0.000652911 0.999943435 0.010643270 -0.984229922 0.000499258 -0.010643602 0.999942839 52.737876892
0.999999762 -0.000555193 -0.000495726 -0.435017884 0.000560152 0.999949574 0.010063623 -1.011265516 0.000490128 -0.010063902 0.999948800 53.982425690
0.999998152 -0.001434162 -0.001365408 -0.440982461 0.001446475 0.999958396 0.009061586 -1.026180625 0.001352369 -0.009063553 0.999957502 55.158195496
0.999994636 -0.001109501 -0.003097733 -0.450904012 0.001137781 0.999958098 0.009143409 -1.028237462 0.003087471 -0.009146892 0.999952912 56.367408752
0.999990225 -0.001206276 -0.004264479 -0.460723311 0.001251052 0.999944389 0.010513424 -1.049078941 0.004251570 -0.010518660 0.999935150 57.591785431
0.999984443 -0.000782519 -0.005521310 -0.486151099 0.000842714 0.999940395 0.010908793 -1.062177181 0.005512453 -0.010913282 0.999924779 58.793807983
0.999979496 -0.000147805 -0.006401278 -0.488963664 0.000215361 0.999944448 0.010554407 -1.074837327 0.006399373 -0.010555573 0.999923289 60.008739471
0.999967456 0.000441178 -0.008054574 -0.512177110 -0.000363978 0.999954224 0.009583942 -1.080621243 0.008058446 -0.009580701 0.999921143 61.212795258
0.999966919 -0.000316210 -0.008144409 -0.539905369 0.000390029 0.999959111 0.009064045 -1.090896010 0.008141224 -0.009066925 0.999925137 62.405616760
0.999966443 -0.001824046 -0.007992717 -0.540385306 0.001894887 0.999959230 0.008864965 -1.115107894 0.007976236 -0.008879818 0.999928176 63.613445282
0.999967694 -0.001898927 -0.007822315 -0.547777712 0.001977220 0.999948323 0.010013860 -1.129477024 0.007802912 -0.010029010 0.999918520 64.807098389
0.999963641 -0.002807341 -0.008066209 -0.558436871 0.002902537 0.999926269 0.011814813 -1.142041922 0.008032462 -0.011837801 0.999896884 66.035339355
0.999964774 -0.001610391 -0.008221851 -0.576959431 0.001696437 0.999943972 0.010469615 -1.163436413 0.008204547 -0.010483203 0.999910712 67.216354370
0.999966383 0.000005665 -0.008189056 -0.594070375 0.000066768 0.999961138 0.008845160 -1.174179554 0.008188804 -0.008845421 0.999926567 68.413742065
0.999963224 0.001990860 -0.008321626 -0.610613227 -0.001914588 0.999956548 0.009163989 -1.184831977 0.008339520 -0.009147734 0.999922633 69.619880676
0.999959826 0.003882497 -0.008055191 -0.626456022 -0.003805057 0.999946833 0.009607431 -1.207758665 0.008092075 -0.009576409 0.999920666 70.785377502
0.999956787 0.005392261 -0.007556854 -0.654544830 -0.005318745 0.999938965 0.009715602 -1.217011571 0.007608794 -0.009675001 0.999923527 71.989425659
0.999959886 0.005738023 -0.006875392 -0.668966770 -0.005664195 0.999926865 0.010710336 -1.232555151 0.006936361 -0.010670973 0.999918163 73.175743103
0.999960005 0.007459035 -0.004952409 -0.678088307 -0.007401371 0.999906003 0.011562064 -1.233708620 0.005038206 -0.011524954 0.999920011 74.363845825
0.999970138 0.007461483 -0.002013474 -0.688449860 -0.007439693 0.999916136 0.010622890 -1.252830267 0.002092592 -0.010607601 0.999940693 75.551010132
0.999992549 0.003830151 0.000219909 -0.694115281 -0.003831184 0.999981046 0.004875038 -1.282750130 -0.000201206 -0.004875860 0.999987125 76.730712891
0.999988437 0.003978915 0.002680113 -0.707226217 -0.003988191 0.999986231 0.003462394 -1.294299126 -0.002666270 -0.003473061 0.999989390 77.907157898
0.999978423 0.003838898 0.005339890 -0.700892568 -0.003879441 0.999963760 0.007601615 -1.313818216 -0.005310480 -0.007622179 0.999955773 79.084304810
0.999958992 0.003015967 0.008546436 -0.693022430 -0.003094277 0.999953449 0.009163557 -1.333429217 -0.008518363 -0.009189638 0.999920368 80.262870789
0.999907792 0.004069534 0.012956749 -0.692496777 -0.004160825 0.999966681 0.007026089 -1.337514877 -0.012927684 -0.007079368 0.999890327 81.434143066
0.999861956 0.003303623 0.016285114 -0.675187111 -0.003374192 0.999984980 0.004307349 -1.370023966 -0.016270595 -0.004361723 0.999857068 82.605667114
0.999802053 0.002112728 0.019781081 -0.663125396 -0.002127005 0.999997377 0.000700391 -1.386096716 -0.019779500 -0.000742351 0.999802887 83.776199341
0.999736786 0.000888023 0.022921411 -0.648071408 -0.000886941 0.999999464 -0.000057671 -1.410775185 -0.022921402 0.000037302 0.999736071 84.929542542
0.999645889 0.000933247 0.026592229 -0.614933729 -0.000970174 0.999998569 0.001375550 -1.437736630 -0.026590860 -0.001400885 0.999644160 86.089431763
0.999533176 0.001639324 0.030509811 -0.576302767 -0.001708514 0.999996006 0.002241669 -1.454885840 -0.030505963 -0.002292770 0.999530733 87.244827271
0.999423325 0.001376367 0.033924438 -0.548473597 -0.001388288 0.999998629 0.000327655 -1.483211160 -0.033923890 -0.000374586 0.999422967 88.402084351
0.999292612 0.001453115 0.037576202 -0.512675285 -0.001366798 0.999996006 -0.002322888 -1.509696722 -0.037579373 0.002269860 0.999289811 89.550689697
0.999174774 0.001653675 0.040580042 -0.471626997 -0.001540515 0.999994397 -0.002819815 -1.539167047 -0.040584408 0.002754948 0.999171019 90.707107544
0.999061167 -0.000183661 0.043317776 -0.422751904 0.000248877 0.999998271 -0.001500269 -1.559136391 -0.043317366 0.001509616 0.999059081 91.861846924
0.998931587 -0.001066769 0.046192974 -0.384149551 0.001073855 0.999998689 -0.000128712 -1.579627991 -0.046192717 0.000178154 0.998931468 93.033889771
0.998819113 -0.001741826 0.048544057 -0.324277401 0.001667748 0.999996483 0.001566341 -1.605697989 -0.048546560 -0.001483558 0.998818815 94.185310364
0.998673618 -0.003610119 0.051348880 -0.268670082 0.003470931 0.999989033 0.002799415 -1.624773502 -0.051358376 -0.002617500 0.998675644 95.344970703
0.998567045 -0.004165641 0.053340834 -0.215343475 0.004123772 0.999989927 0.000894843 -1.654112697 -0.053343996 -0.000673620 0.998574853 96.492149353
0.998424053 -0.005794042 0.055806205 -0.154538155 0.005965907 0.999976754 -0.002913719 -1.678806067 -0.055787992 0.003242041 0.998436213 97.627479553
0.998312652 -0.005131158 0.057826113 -0.098484993 0.005479299 0.999966562 -0.005863694 -1.695572019 -0.057794075 0.006170627 0.998308361 98.817451477
0.998209357 -0.005288158 0.059567906 -0.032190800 0.005696251 0.999960184 -0.006683317 -1.728475928 -0.059530165 0.007010644 0.998200774 99.972663879
0.998155773 -0.005052890 0.060478915 0.018418789 0.005433253 0.999965250 -0.006126513 -1.759765387 -0.060445830 0.006443794 0.998149514 101.147361755
0.998226404 -0.004977660 0.059307240 0.086728573 0.005244559 0.999975622 -0.004345616 -1.784197807 -0.059284143 0.004648932 0.998229027 102.322395325
0.998292506 -0.005437407 0.058142461 0.159404278 0.005611416 0.999979138 -0.002830099 -1.812234640 -0.058125831 0.003151511 0.998303056 103.508255005
0.998357236 -0.005345717 0.057025362 0.197065353 0.005532403 0.999978721 -0.003116503 -1.824836135 -0.057007473 0.003426852 0.998366594 104.683036804
0.998500884 -0.005452063 0.054439861 0.262856960 0.005602028 0.999979854 -0.002602591 -1.848573565 -0.054424554 0.002903644 0.998512387 105.868400574
0.998657942 -0.004686864 0.051553335 0.314097881 0.004828703 0.999983788 -0.002627259 -1.872651577 -0.051540170 0.002872651 0.998665512 107.077896118
0.998903155 -0.002818863 0.046705294 0.375861168 0.002909910 0.999993026 -0.001881742 -1.910605192 -0.046699636 0.002015568 0.998905659 108.305786133
0.999077260 -0.002654316 0.042827971 0.419146538 0.002726816 0.999993980 -0.001634728 -1.939117193 -0.042823352 0.001749986 0.999079764 109.512512207
0.999236882 -0.002116152 0.038955260 0.457214117 0.002145061 0.999996543 -0.000700643 -1.958601117 -0.038953591 0.000783651 0.999239266 110.734222412
0.999401152 -0.002197189 0.034480106 0.490675926 0.002183292 0.999996543 0.000440370 -1.986975312 -0.034480900 -0.000364847 0.999403894 111.942817688
0.999541223 -0.002034998 0.030155389 0.523555517 0.002005223 0.999996305 0.001017254 -2.009927988 -0.030157279 -0.000956341 0.999543488 113.171836853
0.999681711 -0.001260904 0.025116835 0.533888340 0.001228786 0.999997079 0.001293717 -2.041057348 -0.025118317 -0.001262464 0.999682426 114.381568909
0.999788463 -0.000745574 0.020461347 0.554500937 0.000725682 0.999997854 0.000979046 -2.053740263 -0.020461954 -0.000964011 0.999788940 115.593055725
0.999875903 0.000146289 0.015621739 0.575504541 -0.000157271 0.999998450 0.000701092 -2.086757660 -0.015621524 -0.000703483 0.999876440 116.831512451
0.999939203 0.000720490 0.010805481 0.568527222 -0.000722284 0.999998391 0.000161073 -2.105127811 -0.010805249 -0.000168888 0.999940276 118.043464661
0.999967456 0.003018775 0.007181128 0.580040395 -0.003021188 0.999994040 0.000323392 -2.138243198 -0.007180000 -0.000345097 0.999972820 119.292808533
0.999973178 0.005016723 0.004929402 0.565915942 -0.005018077 0.999985933 0.000259656 -2.148541212 -0.004927917 -0.000284404 0.999986351 120.507629395
0.999972284 0.005789343 0.004213212 0.566707790 -0.005789961 0.999981821 0.000130947 -2.177597761 -0.004212261 -0.000155357 0.999989748 121.744522095
0.999962032 0.007938112 0.003023501 0.563577354 -0.007938998 0.999967098 0.000275230 -2.203667164 -0.003021098 -0.000299243 0.999994040 123.009864807
0.999949753 0.009612636 0.002061697 0.545687914 -0.009614819 0.999951899 0.001043850 -2.224480629 -0.002051443 -0.001063641 0.999996066 124.228172302
0.999946237 0.010038247 0.001725643 0.550737321 -0.010040694 0.999947309 0.001406590 -2.254462957 -0.001711311 -0.001423861 0.999996305 125.481842041
0.999918759 0.012581777 0.000449338 0.526754558 -0.012583185 0.999914229 0.003240496 -2.268638849 -0.000408406 -0.003245911 0.999993443 126.728973389
0.999892533 0.014508591 -0.000094396 0.521447659 -0.014507675 0.999871790 0.006564248 -2.278304100 0.000189745 -0.006562207 0.999977231 127.971549988
0.999913752 0.012957567 -0.000633798 0.531445503 -0.012952832 0.999890208 0.007000242 -2.322599411 0.000724559 -0.006991462 0.999974072 129.245880127
0.999910116 0.013192085 -0.001254136 0.509471178 -0.013185740 0.999899387 0.004950825 -2.329676390 0.001319448 -0.004933870 0.999985814 130.487335205
0.999940813 0.010591424 -0.001563933 0.504714608 -0.010582279 0.999926031 0.005755260 -2.334968567 0.001624901 -0.005738394 0.999981046 131.745559692
0.999969006 0.006943488 -0.003133037 0.488714486 -0.006918602 0.999943554 0.007890144 -2.352368355 0.003187777 -0.007868254 0.999962866 132.993316650
0.999981046 0.004610755 -0.003572846 0.475198895 -0.004575844 0.999940991 0.009722777 -2.368717194 0.003617596 -0.009706277 0.999945223 134.255462646
0.999988973 0.003019556 -0.003086835 0.485038966 -0.002985155 0.999932885 0.011094343 -2.385285139 0.003120260 -0.011085037 0.999932528 135.537887573
0.999991596 -0.001047298 -0.003492820 0.457803726 0.001080304 0.999953508 0.009465085 -2.398053169 0.003482878 -0.009468810 0.999947906 136.794189453
0.999989331 -0.002924571 -0.003061003 0.466018468 0.002948540 0.999963641 0.007859965 -2.408319950 0.003038036 -0.007868935 0.999963224 138.076187134
0.999980330 -0.005094514 -0.003117466 0.458883613 0.005119074 0.999954402 0.007925667 -2.432948589 0.003077077 -0.007941502 0.999962509 139.335769653
0.999980688 -0.005132355 -0.002899898 0.446551114 0.005155831 0.999952257 0.008150955 -2.438331842 0.002858056 -0.008165782 0.999961317 140.613571167
0.999984562 -0.004801941 -0.001957264 0.450797737 0.004821417 0.999936223 0.010076188 -2.459758997 0.001908885 -0.010085505 0.999946058 141.903625488
0.999993801 -0.002496576 -0.001504462 0.433122337 0.002514328 0.999924302 0.011923914 -2.460819244 0.001474710 -0.011927661 0.999926388 143.178436279
0.999993980 -0.002682547 -0.000893511 0.420063436 0.002691820 0.999939144 0.010558998 -2.485243320 0.000865261 -0.010561374 0.999942482 144.452575684
0.999996901 -0.001437042 -0.000032421 0.414177179 0.001437253 0.999961257 0.008501288 -2.499987602 0.000020329 -0.008501336 0.999962449 145.735626221
0.999996543 -0.001676803 -0.000285144 0.392673463 0.001678608 0.999975801 0.006496843 -2.521244526 0.000274370 -0.006497324 0.999977469 147.016723633
0.999994457 -0.002610072 0.000568714 0.399321735 0.002608788 0.999992430 0.002225339 -2.554349422 -0.000574394 -0.002223859 0.999995947 148.276123047
0.999994755 -0.002433779 0.000792070 0.397489250 0.002434928 0.999993980 -0.001467842 -2.565850019 -0.000788369 0.001469758 0.999997139 149.533020020
0.999993563 -0.002789145 0.001038659 0.393473089 0.002791497 0.999991477 -0.002280774 -2.594944477 -0.001032165 0.002283655 0.999995470 150.800033569
0.999992013 -0.003215783 0.001269602 0.399818480 0.003218244 0.999990940 -0.001950152 -2.625573874 -0.001263197 0.001954218 0.999995887 152.071670532
0.999993920 -0.002618352 0.000953559 0.369420588 0.002619836 0.999993265 -0.001570870 -2.656851768 -0.000949314 0.001573353 0.999996841 153.337600708
0.999994695 -0.002288516 0.000931774 0.372502238 0.002288852 0.999995291 -0.000373435 -2.680967808 -0.000930791 0.000375557 0.999998033 154.614486694
0.999996722 -0.001350720 0.000626999 0.348522931 0.001350697 0.999997020 0.000017991 -2.708617926 -0.000626896 -0.000017154 0.999998450 155.861297607
0.999997377 -0.000996909 0.000206303 0.344848126 0.000996881 0.999997497 0.000072913 -2.744579077 -0.000206249 -0.000072717 0.999998689 157.114303589
0.999997675 -0.000775454 -0.000315482 0.340064853 0.000775528 0.999997675 0.000269799 -2.769864798 0.000315399 -0.000270053 0.999998689 158.412597656
0.999996722 -0.000967686 -0.001343509 0.330806196 0.000969484 0.999996603 0.001346900 -2.796867132 0.001342331 -0.001348212 0.999997020 159.671005249
0.999996722 -0.000631542 -0.001554422 0.328113496 0.000634081 0.999996483 0.001640649 -2.817256689 0.001553510 -0.001641643 0.999996245 160.935119629
0.999994755 -0.000302653 -0.002616474 0.309035569 0.000304601 0.999997556 0.000748606 -2.847703695 0.002616375 -0.000749410 0.999995172 162.194076538
0.999992192 0.000384363 -0.003455333 0.289491653 -0.000385298 0.999997795 -0.000266791 -2.877663612 0.003455360 0.000268112 0.999992847 163.462020874
0.999990702 0.000924892 -0.003762520 0.276734591 -0.000926375 0.999997318 -0.000389544 -2.894136429 0.003762288 0.000393019 0.999991655 164.723800659
0.999985933 0.000688962 -0.004878687 0.269017577 -0.000695326 0.999996603 -0.001300372 -2.929216146 0.004877914 0.001303741 0.999986172 166.003829956
0.999982893 0.000798676 -0.005459718 0.253897488 -0.000811555 0.999994457 -0.002355185 -2.956311703 0.005457950 0.002359574 0.999981225 167.268753052
0.999977052 0.001049325 -0.006383285 0.236765623 -0.001063593 0.999994516 -0.002230681 -2.982254028 0.006381053 0.002237418 0.999976099 168.536712646
0.999973118 0.001137566 -0.006949317 0.216109991 -0.001142881 0.999996424 -0.000759479 -3.014160633 0.006948577 0.000767395 0.999974728 169.799057007
0.999970555 0.001315209 -0.007271363 0.205414295 -0.001316453 0.999996543 -0.000164854 -3.045091391 0.007271267 0.000174413 0.999972761 171.063430786
0.999961674 0.001726116 -0.008332465 0.190549970 -0.001724645 0.999995828 0.000185032 -3.068595409 0.008332901 -0.000170664 0.999964535 172.335876465
0.999955952 0.002038334 -0.008905420 0.160116076 -0.002033027 0.999994755 0.000606134 -3.100693703 0.008906769 -0.000588014 0.999959350 173.605850220
0.999945581 0.002476438 -0.009906843 0.142107248 -0.002477059 0.999993980 -0.000049492 -3.126774549 0.009906828 0.000074021 0.999950111 174.878860474
0.999937594 0.003517595 -0.010382202 0.116439939 -0.003523972 0.999990702 -0.000595069 -3.153058529 0.010380180 0.000631612 0.999945104 176.143890381
0.999937415 0.003555661 -0.010400730 0.099906206 -0.003559843 0.999990642 -0.000382782 -3.174913168 0.010399435 0.000419777 0.999944985 177.399551392
0.999932408 0.003405834 -0.010913827 0.088398337 -0.003419938 0.999990344 -0.001273033 -3.202943802 0.010909552 0.001310270 0.999938786 178.667282104
0.999935091 0.002516218 -0.010911698 0.058169365 -0.002546371 0.999990046 -0.002749444 -3.233485937 0.010904842 0.002777054 0.999935865 179.927383423
0.999936700 -0.001192784 -0.010988304 0.039799333 0.001160036 0.999991834 -0.002985029 -3.275396347 0.010991952 0.002972096 0.999934375 181.191635132
0.999930501 -0.000638584 -0.011581907 0.004912138 0.000640437 0.999996662 0.000157317 -3.288397789 0.011581949 -0.000164735 0.999932051 182.456558228
0.999929786 -0.001705546 -0.011539511 -0.011445284 0.001760916 0.999983788 0.004791006 -3.317240000 0.011531334 -0.004811022 0.999921143 183.729553223
0.999929130 -0.000532187 -0.011706633 -0.026180029 0.000587460 0.999985576 0.004719565 -3.343648672 0.011704129 -0.004726140 0.999919534 184.941253662
0.999934196 0.001311627 -0.011196923 -0.045313835 -0.001294557 0.999994934 0.001532548 -3.365277529 0.011199049 -0.001517969 0.999935269 186.206558228
0.999930382 0.001847146 -0.011452459 -0.073435068 -0.001852963 0.999995112 -0.000496575 -3.390320301 0.011451658 0.000517752 0.999933362 187.446990967
0.999929368 0.001418323 -0.011601690 -0.104761124 -0.001425028 0.999995768 -0.000568934 -3.420393467 0.011601009 0.000585418 0.999931574 188.698791504
0.999927163 0.001035745 -0.011833893 -0.119147778 -0.001026381 0.999996245 0.000798049 -3.446072817 0.011834852 -0.000785859 0.999928534 189.987152100
0.999926507 0.000856789 -0.011913474 -0.144948006 -0.000824058 0.999992967 0.002752836 -3.469068050 0.011915928 -0.002742839 0.999924064 191.211364746
0.999936104 0.000110781 -0.011108444 -0.169173837 -0.000068461 0.999989927 0.003810897 -3.500901937 0.011108929 -0.003809920 0.999929845 192.480926514
0.999950647 0.000726359 -0.009687592 -0.176493406 -0.000693741 0.999991179 0.003370894 -3.518088818 0.009690130 -0.003364032 0.999946296 193.678588867
0.999964356 -0.000219279 -0.008188371 -0.179892302 0.000233162 0.999995530 0.001695826 -3.551053524 0.008188135 -0.001697693 0.999963939 194.907226562
0.999969959 -0.001055892 -0.007401194 -0.207288980 0.001063718 0.999995589 0.001054845 -3.571846485 0.007400214 -0.001062700 0.999971151 196.178344727
0.999976337 -0.002752837 -0.005947676 -0.221383095 0.002754803 0.999992847 0.000324478 -3.598515034 0.005946898 -0.000340865 0.999981344 197.386032104
0.999984264 -0.002159675 -0.004735542 -0.245388925 0.002165038 0.999993801 0.001130242 -3.627838612 0.004733223 -0.001140491 0.999987304 198.610687256
0.999991357 -0.002006130 -0.002953349 -0.246547163 0.002013352 0.999991894 0.002448604 -3.648156404 0.002948557 -0.002454551 0.999991655 199.802963257
0.999995470 -0.001089485 -0.001797782 -0.258573145 0.001095129 0.999991477 0.003148040 -3.677762747 0.001794476 -0.003150020 0.999992430 201.011199951
0.999997199 -0.000914581 -0.000353802 -0.262386799 0.000915524 0.999992967 0.002706162 -3.699482918 0.000351459 -0.002706503 0.999995291 202.232147217
0.999996960 -0.000939128 0.000673334 -0.281520545 0.000936963 0.999991477 0.003191130 -3.725418091 -0.000676195 -0.003190516 0.999993742 203.394500732
0.999995768 -0.001028306 0.001680900 -0.285313368 0.001022463 0.999990582 0.003466277 -3.754462242 -0.001684322 -0.003464572 0.999991596 204.609054565
0.999994516 -0.000700483 0.002432717 -0.293683290 0.000692342 0.999991238 0.003341193 -3.775819302 -0.002434914 -0.003339517 0.999990463 205.756423950
0.999991953 -0.000714607 0.003315688 -0.304409027 0.000703610 0.999991417 0.003313452 -3.795534134 -0.003317907 -0.003311120 0.999987841 206.938415527
0.999987304 -0.001911376 0.004148630 -0.302900612 0.001896725 0.999989152 0.003529940 -3.830427885 -0.004155215 -0.003522054 0.999984026 208.091918945
0.999988079 -0.002059018 0.003881855 -0.304490209 0.002043778 0.999987364 0.003922761 -3.853314161 -0.003889765 -0.003914810 0.999983609 209.250274658
0.999987543 -0.002761405 0.003576509 -0.308076799 0.002742533 0.999979556 0.005267281 -3.874528170 -0.003590862 -0.005257440 0.999978602 210.398864746
0.999991894 -0.002150015 0.002682211 -0.310660779 0.002136403 0.999982119 0.005062913 -3.892762184 -0.002692926 -0.005057173 0.999982357 211.511291504
0.999993503 -0.001916089 0.002229004 -0.316237360 0.001906469 0.999986231 0.004304428 -3.921011448 -0.002237096 -0.004300179 0.999987006 212.617355347
0.999992728 -0.001871405 0.002607426 -0.319165111 0.001863992 0.999991655 0.002838102 -3.937759399 -0.002612592 -0.002833246 0.999991238 213.680633545
0.999994159 -0.002003455 0.001892751 -0.325425237 0.001998092 0.999991477 0.002824932 -3.962694645 -0.001898268 -0.002821158 0.999992967 214.744750977
0.999994397 -0.002670989 0.000359170 -0.324833095 0.002669733 0.999987960 0.003420366 -3.993117094 -0.000368171 -0.003419413 0.999993026 215.819885254
0.999993742 -0.002658685 -0.001293259 -0.329196602 0.002663708 0.999986231 0.003907244 -4.013000965 0.001282989 -0.003910692 0.999990523 216.861068726
0.999983549 -0.004092204 -0.003483205 -0.344831586 0.004110854 0.999974489 0.005367787 -4.036917210 0.003461295 -0.005382052 0.999978483 217.903823853
0.999974668 -0.003910384 -0.005568700 -0.358292103 0.003952824 0.999960542 0.007633274 -4.053099155 0.005538786 -0.007655137 0.999954402 218.925201416
0.999958396 -0.003694349 -0.008073900 -0.372025847 0.003756743 0.999960542 0.007728390 -4.071944237 0.008045194 -0.007758445 0.999936521 219.927062988
0.999936104 -0.003078719 -0.010667891 -0.389790177 0.003154286 0.999967396 0.007075389 -4.090707779 0.010645933 -0.007108629 0.999916971 220.915924072
0.999900520 -0.003123099 -0.013596534 -0.416885138 0.003220098 0.999966979 0.007119079 -4.107108116 0.013574034 -0.007162196 0.999881089 221.880111694
0.999863029 -0.002687843 -0.016185351 -0.439481974 0.002812270 0.999964178 0.007670759 -4.131111145 0.016164340 -0.007715276 0.999838114 222.815933228
0.999811232 -0.002345091 -0.019165050 -0.463884115 0.002490605 0.999965787 0.007573164 -4.153142452 0.019146830 -0.007619515 0.999786258 223.750839233
0.999746263 -0.002271837 -0.022300508 -0.488024712 0.002429899 0.999969661 0.007063999 -4.170643806 0.022283992 -0.007116442 0.999724984 224.641616821
0.999671578 -0.002543038 -0.025408396 -0.516219616 0.002710888 0.999972463 0.006574426 -4.189159393 0.025391193 -0.006641192 0.999654174 225.530410767
0.999582171 -0.001240462 -0.028804023 -0.546818256 0.001416901 0.999978125 0.006106417 -4.206827164 0.028796066 -0.006144721 0.999565184 226.372497559
0.999502957 -0.000921137 -0.031445954 -0.583213806 0.001089562 0.999982893 0.005339751 -4.232595921 0.031440757 -0.005371400 0.999490023 227.193771362
0.999419212 0.001202243 -0.033994973 -0.618492603 -0.001018316 0.999982536 0.005427623 -4.255313396 0.034001172 -0.005389891 0.999406278 228.014999390
0.999382079 0.001746422 -0.035050794 -0.663684845 -0.001551860 0.999980927 0.005577655 -4.264395237 0.035060149 -0.005519854 0.999368966 228.814041138
0.999400735 0.001612494 -0.034527373 -0.693325996 -0.001384140 0.999974787 0.006636961 -4.278531551 0.034537494 -0.006585237 0.999380827 229.598632812
0.999421000 0.001815756 -0.033923909 -0.717782497 -0.001555710 0.999967039 0.007690732 -4.287560463 0.033937041 -0.007633551 0.999393940 230.338699341
0.999439836 0.001706826 -0.033365659 -0.744043350 -0.001458093 0.999968708 0.007478042 -4.306812286 0.033377655 -0.007425250 0.999414384 231.074066162
0.999454796 0.002082867 -0.032893021 -0.778267384 -0.001896884 0.999979854 0.005684747 -4.314898968 0.032904472 -0.005619297 0.999441803 231.813949585
0.999479055 0.002249949 -0.032131083 -0.802997112 -0.002146395 0.999990165 0.003257340 -4.334979057 0.032138381 -0.003186716 0.999477386 232.532119751
0.999507487 0.001920568 -0.031256136 -0.838759899 -0.001865566 0.999994516 0.001789147 -4.355411053 0.031259675 -0.001729990 0.999508798 233.289123535
0.999547541 0.002477425 -0.029907402 -0.864649296 -0.002436624 0.999993980 0.001400958 -4.365387917 0.029910957 -0.001327484 0.999550700 233.997329712
0.999595881 0.001914337 -0.028290387 -0.889751434 -0.001883818 0.999995589 0.001105791 -4.383452892 0.028292637 -0.001052082 0.999598205 234.721099854
0.999655128 0.001700158 -0.026130768 -0.913669109 -0.001670638 0.999995947 0.001151902 -4.399562359 0.026132882 -0.001107881 0.999657154 235.445907593
0.999699235 0.001780374 -0.024383510 -0.932417870 -0.001753001 0.999995828 0.001144342 -4.414820194 0.024385709 -0.001101285 0.999701321 236.150222778
0.999749124 0.001589411 -0.022257270 -0.957207203 -0.001571257 0.999996483 0.000833617 -4.432375431 0.022258777 -0.000798467 0.999751270 236.867462158
0.999804854 0.001429815 -0.019604240 -0.976663828 -0.001410550 0.999996543 0.000997095 -4.440444946 0.019605845 -0.000969279 0.999806523 237.561248779
0.999862075 0.000642345 -0.016478512 -0.987277508 -0.000617737 0.999996722 0.001499141 -4.460729599 0.016479667 -0.001488788 0.999862313 238.264358521
0.999908745 -0.000534711 -0.013358740 -0.998937845 0.000564511 0.999995351 0.002228149 -4.477045059 0.013357720 -0.002235522 0.999907315 238.978744507
0.999942660 -0.000366952 -0.010525247 -1.004582644 0.000390651 0.999995291 0.002251102 -4.494319439 0.010524596 -0.002255120 0.999941170 239.656433105
0.999970734 -0.000710010 -0.007357647 -1.020480037 0.000724878 0.999995530 0.002020262 -4.511248112 0.007356395 -0.002025571 0.999970019 240.356842041
0.999987841 -0.001282882 -0.004339734 -1.026190639 0.001290202 0.999995410 0.001687726 -4.520763874 0.004337751 -0.001693337 0.999988437 241.032455444
0.999997139 -0.000522192 -0.001336827 -1.030369282 0.000523304 0.999997199 0.000842845 -4.536017895 0.001336576 -0.000843571 0.999998093 241.719818115
0.999997914 0.000270257 0.000791996 -1.025498867 -0.000270723 0.999997437 0.000570222 -4.551248550 -0.000791657 -0.000570463 0.999998689 242.448760986
0.999992549 0.000005401 0.003380609 -1.027649760 -0.000009033 0.999996960 0.001070099 -4.564239025 -0.003380418 -0.001070151 0.999992967 243.142089844
0.999979794 0.000027486 0.006091805 -1.037551641 -0.000036757 0.999996483 0.001519417 -4.572962761 -0.006091576 -0.001519640 0.999979556 243.850479126
0.999966204 0.000037841 0.008016898 -1.030074120 -0.000050146 0.999996483 0.001532895 -4.596367359 -0.008016654 -0.001533275 0.999965966 244.550735474
0.999935150 -0.000504734 0.011235972 -1.026605368 0.000504101 0.999997675 0.000057918 -4.607209682 -0.011235825 -0.000052276 0.999936163 245.252212524
0.999915540 -0.000005191 0.012870301 -1.025525808 0.000039925 0.999994099 -0.002699569 -4.628643036 -0.012870070 0.002699838 0.999912798 245.960510254
0.999900460 -0.000859282 0.013971427 -1.018924952 0.000914175 0.999989629 -0.003924046 -4.637212753 -0.013967771 0.003936415 0.999893963 246.676940918
0.999895573 -0.001023376 0.014300217 -1.010807276 0.001088399 0.999986768 -0.004540929 -4.646568298 -0.014295245 0.004556010 0.999886751 247.392974854
0.999896944 -0.001444706 0.014172434 -0.999989033 0.001512931 0.999984980 -0.004805421 -4.669871807 -0.014165146 0.004826360 0.999887228 248.118179321
0.999893844 -0.000729046 0.014442590 -0.999633312 0.000803480 0.999984086 -0.005149605 -4.686095238 -0.014438477 0.005160655 0.999881864 248.855606079
0.999889016 0.000133018 0.014788766 -0.995518446 -0.000049722 0.999981701 -0.005633513 -4.699804783 -0.014789119 0.005632147 0.999874115 249.587005615
0.999888003 -0.000208615 0.014856638 -0.984010458 0.000322237 0.999968290 -0.007646841 -4.722344398 -0.014854441 0.007650769 0.999859691 250.342330933
0.999871671 -0.004767072 0.015194871 -0.969737768 0.004918423 0.999935865 -0.009939891 -4.743361950 -0.015146387 0.010013352 0.999834478 251.099563599
0.999853134 -0.006960017 0.015555277 -0.955591679 0.007127632 0.999914229 -0.010747242 -4.761681557 -0.015479016 0.010856545 0.999820530 251.855804443
0.999847710 -0.006430453 0.016124329 -0.952410221 0.006546901 0.999950171 -0.007180497 -4.773524761 -0.016077228 0.007284963 0.999843478 252.643188477
0.999854684 -0.001274755 0.016909979 -0.951231003 0.001292975 0.999996066 -0.001067238 -4.784237862 -0.016908424 0.001088921 0.999855638 253.411270142
0.999838531 -0.001933262 0.017779781 -0.942213058 0.001871477 0.999989688 0.003490299 -4.819651127 -0.017786220 -0.003456502 0.999834895 254.201629639
0.999798596 -0.003885636 0.019604970 -0.905616283 0.003855215 0.999988794 0.001588517 -4.820801735 -0.019610805 -0.001512651 0.999805570 255.005584717
0.999719441 -0.001979920 0.023537194 -0.911803722 0.002108918 0.999980390 -0.005457547 -4.847312927 -0.023525823 0.005505641 0.999707162 255.787750244
0.999597490 -0.000101260 0.028310882 -0.910943985 0.000377297 0.999950111 -0.009745433 -4.840597153 -0.028308388 0.009752191 0.999550581 256.610748291
0.999510825 0.001679333 0.031180218 -0.880943298 -0.001383611 0.999951601 -0.009503740 -4.876659393 -0.031194583 0.009455947 0.999467552 257.415344238
0.999409854 0.000455324 0.034300476 -0.864590645 -0.000220802 0.999974310 -0.006841043 -4.896225929 -0.034302633 0.006829424 0.999387026 258.241210938
0.999303699 -0.003492595 0.037102520 -0.832873344 0.003626243 0.999984920 -0.003535782 -4.910394192 -0.037089553 0.003667845 0.999304056 259.101989746
0.999182642 -0.006245798 0.039892852 -0.788577080 0.006320006 0.999976277 -0.001734730 -4.931548595 -0.039881036 0.001985416 0.999201357 259.911773682
0.999037027 -0.006722766 0.043313231 -0.756711960 0.006776510 0.999974191 -0.001094521 -4.945881844 -0.043304730 0.001386958 0.999059737 260.751281738
0.998947859 -0.003851674 0.045655344 -0.729619026 0.004000451 0.999984622 -0.003168108 -4.966431141 -0.045642421 0.003347402 0.998951018 261.585296631
0.998841882 -0.003071961 0.047975134 -0.689223289 0.003339439 0.999976933 -0.005496508 -4.985396385 -0.047957137 0.005650344 0.998832226 262.413024902
0.998709619 -0.002879463 0.050666101 -0.660676956 0.003176485 0.999975681 -0.005783094 -5.009125233 -0.050648220 0.005936564 0.998697460 263.277252197
0.998568892 -0.002180477 0.053398229 -0.620485306 0.002381640 0.999987781 -0.003704190 -5.030386448 -0.053389508 0.003826052 0.998564959 264.097106934
0.998385131 -0.001603687 0.056749705 -0.581192970 0.001698015 0.999994695 -0.001614277 -5.044497967 -0.056746814 0.001708013 0.998385787 264.969238281
0.998230815 -0.000239140 0.059423964 -0.532028198 0.000340915 0.999996066 -0.001702824 -5.072279453 -0.059423313 0.001720053 0.998229980 265.786621094
0.998091280 -0.000046778 0.061722003 -0.482717514 0.000208166 0.999994338 -0.002608583 -5.089766026 -0.061721504 0.002616439 0.998088479 266.643981934
0.997927368 -0.001417585 0.064303562 -0.428707123 0.001599550 0.999992490 -0.002778628 -5.109848499 -0.064299144 0.002875712 0.997924984 267.511138916
0.997804642 -0.003979017 0.066075914 -0.376794815 0.004142166 0.999986410 -0.002332558 -5.128090858 -0.066065721 0.002601120 0.997810364 268.338897705
0.997727871 -0.006044200 0.067070328 -0.325767517 0.006185099 0.999976873 -0.001893576 -5.149155617 -0.067057304 0.002304094 0.997744918 269.202758789
0.997703910 -0.006088665 0.067422234 -0.263725281 0.006254050 0.999975622 -0.002242442 -5.168517113 -0.067406915 0.002658940 0.997720480 270.035095215
0.997661531 -0.006991569 0.067961894 -0.217660904 0.007152171 0.999969900 -0.002120363 -5.190750122 -0.067945004 0.002601464 0.997684062 270.887115479
0.997688591 -0.007133969 0.067547604 -0.162837982 0.007287495 0.999969184 -0.002027026 -5.207359314 -0.067531012 0.002514579 0.997712374 271.768341064
0.997723997 -0.006621470 0.067075148 -0.112771988 0.006722325 0.999974370 -0.001278321 -5.228990555 -0.067064933 0.001726296 0.997745395 272.608795166
0.997799516 -0.006712384 0.065932527 -0.061050415 0.006856808 0.999972463 -0.001964756 -5.252064705 -0.065917462 0.002412504 0.997820556 273.477630615
0.997908473 -0.006408790 0.064293206 -0.013076782 0.006600894 0.999972463 -0.002776301 -5.266168118 -0.064273551 0.003194874 0.997925460 274.315704346
0.998017669 -0.005444608 0.062666491 0.029439926 0.005684460 0.999975204 -0.003650118 -5.287441254 -0.062644966 0.003999096 0.998026133 275.177093506
0.998100877 -0.004179885 0.061427556 0.074493408 0.004375655 0.999983788 -0.003053177 -5.319659233 -0.061413694 0.003316153 0.998105288 276.032257080
0.998196185 -0.003261425 0.059914686 0.111703873 0.003466723 0.999986470 -0.003323235 -5.335573673 -0.059902921 0.003524938 0.998196483 276.869384766
0.998327613 -0.003376894 0.057675149 0.154957771 0.003562312 0.999986827 -0.003112738 -5.350400448 -0.057663754 0.003312977 0.998328984 277.727386475
0.998499751 -0.003317300 0.054614887 0.194220543 0.003440443 0.999989569 -0.002161270 -5.368373871 -0.054607019 0.002345913 0.998503685 278.572479248
0.998705506 -0.004613857 0.050612122 0.237704277 0.004588188 0.999987125 0.000622925 -5.384093761 -0.050614197 -0.000389923 0.998716772 279.405853271
0.998935938 -0.006187269 0.045655563 0.267505646 0.006083041 0.999976337 0.002421014 -5.408842087 -0.045669317 -0.002140740 0.998952806 280.268218994
0.999139726 -0.006340482 0.040933270 0.291461945 0.006202476 0.999972284 0.003497101 -5.430458546 -0.040954158 -0.003240235 0.999154389 281.087829590
0.999324441 -0.007215695 0.035978716 0.302966118 0.007076829 0.999964595 0.003984938 -5.450954914 -0.036006026 -0.003727663 0.999343216 281.924468994
0.999473214 -0.007491909 0.031511426 0.322909355 0.007352918 0.999960303 0.004523695 -5.461871624 -0.031543881 -0.004289645 0.999491870 282.733886719
0.999608755 -0.008435499 0.026589978 0.344666958 0.008315600 0.999952257 0.004615750 -5.477324009 -0.026627433 -0.004392867 0.999634624 283.528503418
0.999711037 -0.008791744 0.022279589 0.353043556 0.008694876 0.999949872 0.004440027 -5.490576744 -0.022317287 -0.004245060 0.999740779 284.324066162
0.999787569 -0.008451404 0.018690895 0.366772175 0.008375892 0.999953926 0.004113660 -5.508140087 -0.018724581 -0.003956266 0.999815762 285.082336426
0.999857306 -0.007879023 0.014799857 0.367467403 0.007817512 0.999958158 0.004208107 -5.528095245 -0.014832156 -0.004091841 0.999880612 285.838958740
