0.999999881 -0.000000000 0.000000001 0.000000000 -0.000000000 1.000000000 0.000000000 0.000000000 0.000000001 0.000000000 1.000000000 0.000000000
0.999978900 0.000430043 -0.006464825 -0.004764745 -0.000428750 0.999999881 0.000201456 0.002037429 0.006464913 -0.000198680 0.999979079 0.095790043
0.999911845 0.000459189 -0.013262109 -0.012135522 -0.000455306 0.999999881 0.000295848 -0.001675156 0.013262247 -0.000289783 0.999912024 0.194258168
0.999780536 0.000432944 -0.020940565 -0.019012569 -0.000436693 0.999999881 -0.000174461 -0.001517551 0.020940488 0.000183568 0.999780715 0.291187793
0.999547541 0.000749429 -0.030064834 -0.036148287 -0.000765139 0.999999583 -0.000511035 -0.004267487 0.030064441 0.000533808 0.999547839 0.400760710
0.999142468 0.000632367 -0.041396294 -0.052675091 -0.000737630 0.999996543 -0.002527591 -0.007136423 0.041394554 0.002555959 0.999139607 0.507903695
0.998488367 0.000678171 -0.054956995 -0.072845243 -0.000903363 0.999991298 -0.004072861 -0.001155304 0.054953761 0.004116351 0.998480439 0.642558455
0.997460604 0.000658122 -0.071215555 -0.101336211 -0.000945525 0.999991536 -0.004002037 -0.002124924 0.071212329 0.004059211 0.997452915 0.775725245
0.995974422 0.000137928 -0.089636482 -0.124670878 -0.000514601 0.999991119 -0.004179132 -0.004784887 0.089635119 0.004208436 0.995965779 0.929950476
0.993960261 -0.000213162 -0.109739557 -0.159056634 -0.000234893 0.999991715 -0.004069955 -0.013159409 0.109739527 0.004071150 0.993952036 1.091673970
0.991251647 -0.000051600 -0.131984532 -0.210069031 -0.000496458 0.999991417 -0.004119530 -0.018245893 0.131983623 0.004149016 0.991243243 1.251166940
0.987765193 0.003803976 -0.155901134 -0.264515877 -0.004697689 0.999974549 -0.005364521 -0.028380372 0.155876786 0.006031263 0.987758100 1.430790305
0.983400762 0.007732542 -0.181281149 -0.331307411 -0.009180056 0.999932349 -0.007147219 -0.030056706 0.181213632 0.008692754 0.983405352 1.616274118
0.977961242 0.010265732 -0.208533332 -0.396753520 -0.012201834 0.999893546 -0.008000071 -0.033448197 0.208429039 0.010368250 0.977982521 1.787679672
0.971327066 0.011816328 -0.237453118 -0.492724150 -0.014257186 0.999861658 -0.008564622 -0.039354853 0.237319127 0.011704465 0.971361339 1.969956398
0.963203311 0.013645829 -0.268426895 -0.554130793 -0.016457787 0.999830663 -0.008228214 -0.046682835 0.268269241 0.012343157 0.963264942 2.140248537
0.953913152 0.016434239 -0.299632311 -0.676407874 -0.019387869 0.999788284 -0.006887044 -0.043452699 0.299455762 0.012378875 0.954029918 2.353325129
0.942576885 0.018173153 -0.333493978 -0.779803276 -0.021311134 0.999756336 -0.005753220 -0.048743296 0.333308250 0.012529990 0.942734540 2.543212175
0.929847956 0.020417510 -0.367376834 -0.864610314 -0.024084821 0.999695241 -0.005400270 -0.049030900 0.367154777 0.013869638 0.930056334 2.710943937
0.916263103 0.023297817 -0.399898648 -1.026633501 -0.027372172 0.999615312 -0.004479282 -0.047666602 0.399640560 0.015050298 0.916548252 2.923924446
0.900370181 0.023897849 -0.434467793 -1.159660459 -0.028406622 0.999588966 -0.003886246 -0.044793237 0.434196472 0.015840821 0.900678873 3.118557692
0.881900489 0.020194652 -0.471002758 -1.268378973 -0.025333293 0.999668717 -0.004572116 -0.042925213 0.470754534 0.015964203 0.882119775 3.288596630
0.860971272 0.015656190 -0.508412600 -1.434462547 -0.020867873 0.999772251 -0.004551454 -0.053639967 0.508225858 0.014528162 0.861101270 3.489473581
0.836200058 0.018934829 -0.548097610 -1.569156647 -0.022698790 0.999742568 -0.000092638 -0.056431040 0.547955036 0.012518617 0.836414039 3.649286509
0.807772398 0.024493517 -0.588985443 -1.787582636 -0.027519014 0.999614239 0.003828565 -0.046963498 0.588852227 0.013115694 0.808134139 3.856030226
0.775600731 0.027010752 -0.630645812 -2.000432968 -0.030085599 0.999530792 0.005809387 -0.055181500 0.630506992 0.014467599 0.776048601 4.019670486
0.739693582 0.026682435 -0.672414720 -2.193463087 -0.030340439 0.999520242 0.006286308 -0.065409675 0.672260165 0.015751420 0.740147173 4.154372692
0.700587988 0.023178872 -0.713189423 -2.466027260 -0.025348127 0.999650180 0.007588676 -0.080329776 0.713116050 0.012761483 0.700929463 4.351173878
0.658304453 0.020123973 -0.752482533 -2.683651447 -0.020658560 0.999749362 0.008663724 -0.085115060 0.752468467 0.009841844 0.658554375 4.485559464
0.613908947 0.020208102 -0.789117873 -2.903258801 -0.018638266 0.999764979 0.011102451 -0.083693385 0.789157033 0.007891903 0.614140570 4.614570618
0.566554189 0.020254627 -0.823775113 -3.208448887 -0.015511777 0.999783397 0.013913940 -0.062367007 0.823878706 0.004895226 0.566744983 4.758518219
0.515739799 0.021428872 -0.856476784 -3.506640673 -0.014207367 0.999764144 0.016458690 -0.068352997 0.856627703 0.003679890 0.515921891 4.873730183
0.463333756 0.022991242 -0.885885179 -3.791108370 -0.013645102 0.999730587 0.018809184 -0.058819339 0.886078954 0.003373070 0.463522047 4.956099510
0.409106433 0.024875198 -0.912147105 -4.191798210 -0.012479829 0.999687970 0.021665167 -0.055468112 0.912401378 0.002520089 0.409288585 5.088215351
0.353854924 0.027107816 -0.934906960 -4.482024193 -0.011917811 0.999630034 0.024473635 -0.046350136 0.935224473 0.002481932 0.354046464 5.152822971
0.298954308 0.029747179 -0.953803062 -4.902273178 -0.009686629 0.999557793 0.028138006 -0.037687629 0.954218328 0.000827170 0.299109578 5.253479004
0.245583251 0.031217579 -0.968872130 -5.266519547 -0.005325542 0.999510229 0.030854831 -0.038451195 0.969360888 -0.002417646 0.245628610 5.302742004
0.194639951 0.032666393 -0.980330050 -5.608190536 -0.003040002 0.999461114 0.032700244 -0.040145606 0.980870008 -0.003384556 0.194633767 5.322503090
0.147082120 0.033332683 -0.988561928 -6.059613705 -0.004720096 0.999444902 0.032997306 -0.030763552 0.989112973 -0.000187194 0.147157162 5.334814072
0.104370505 0.033244789 -0.993982136 -6.465225220 -0.007173098 0.999440908 0.032674119 -0.009497821 0.994512439 0.003719729 0.104549974 5.352920055
0.066381223 0.032663140 -0.997258961 -6.936494827 -0.007870812 0.999450505 0.032210954 -0.002351522 0.997763097 0.005711046 0.066601135 5.350735664
0.031547695 0.030781928 -0.999027431 -7.402137756 -0.006675544 0.999510348 0.030585933 0.003434077 0.999479651 0.005704146 0.031737048 5.327127457
0.000451885 0.027718047 -0.999615073 -7.837901115 -0.006721451 0.999593675 0.027714357 0.001496464 0.999976993 0.006706346 0.000637315 5.323317051
-0.026806496 0.025954913 -0.999302924 -8.353062630 -0.007069411 0.999633431 0.026153065 0.013065100 0.999615252 0.007765561 -0.026613861 5.278000832
-0.048078284 0.023092657 -0.998575866 -8.856683731 -0.006810107 0.999702334 0.023446530 0.022838011 0.998820007 0.007927680 -0.047907382 5.267550945
-0.063794009 0.022279797 -0.997713506 -9.389011383 -0.006701381 0.999719143 0.022752998 0.041865110 0.997940123 0.008137564 -0.063627422 5.197450638
-0.076844834 0.022450486 -0.996789336 -9.934711456 -0.005823961 0.999719858 0.022965396 0.045705721 0.997025549 0.007570039 -0.076693185 5.136338234
-0.086600408 0.023365138 -0.995968163 -10.503669739 -0.006298737 0.999692678 0.024000118 0.047617197 0.996222675 0.008351765 -0.086427234 5.080329895
-0.093646415 0.025050092 -0.995289385 -11.060433388 -0.007467766 0.999638140 0.025862105 0.050830185 0.995576918 0.009854485 -0.093426064 5.018743992
-0.097901627 0.026091620 -0.994853139 -11.644277573 -0.008126998 0.999602616 0.027015856 0.065643147 0.995162189 0.010730068 -0.097651206 4.957656384
-0.099485815 0.027332483 -0.994662642 -12.256878853 -0.006311579 0.999585807 0.028098963 0.074446142 0.995018363 0.009073344 -0.099272631 4.896662712
-0.098647706 0.028996717 -0.994698882 -12.882347107 -0.005175833 0.999547482 0.029651271 0.086070210 0.995108366 0.008073431 -0.098453507 4.838541985
-0.097222485 0.031073350 -0.994776487 -13.514632225 -0.004560110 0.999488652 0.031666119 0.101711452 0.995251775 0.007614953 -0.097031578 4.778436184
-0.095477007 0.031452168 -0.994933546 -14.174180031 -0.005139989 0.999472499 0.032088801 0.109027326 0.995417774 0.008177695 -0.095265463 4.703537464
-0.093697779 0.029706720 -0.995156348 -14.835749626 -0.007559990 0.999505281 0.030548247 0.113402277 0.995571494 0.010385677 -0.093427345 4.633399487
-0.092384659 0.028936405 -0.995301783 -15.523984909 -0.009482408 0.999507189 0.029938731 0.129326642 0.995677829 0.012203737 -0.092065267 4.566496849
-0.090708338 0.031035049 -0.995392799 -16.213829041 -0.009791445 0.999438524 0.032053370 0.146852046 0.995828927 0.012653843 -0.090354070 4.496324539
-0.090381198 0.034197666 -0.995319068 -16.937351227 -0.010059688 0.999328017 0.035248827 0.170245767 0.995856106 0.013198430 -0.089976996 4.456061363
-0.088411942 0.036045156 -0.995430768 -17.666835785 -0.009437273 0.999269903 0.037022315 0.185485184 0.996038973 0.012667367 -0.088007800 4.382538319
-0.085122228 0.036855899 -0.995687664 -18.414136887 -0.012543713 0.999196947 0.038058106 0.188237160 0.996291280 0.015729213 -0.084592097 4.290868759
-0.083350927 0.034290694 -0.995929122 -19.170957565 -0.015815672 0.999236524 0.035728153 0.202075660 0.996394396 0.018729270 -0.082745515 4.219298363
-0.081914157 0.033421595 -0.996077955 -19.929462433 -0.017147528 0.999242485 0.034937881 0.221682489 0.996491432 0.019942183 -0.081279553 4.151445389
-0.080318764 0.035197373 -0.996146619 -20.721132278 -0.013390797 0.999248207 0.036386613 0.244894177 0.996678531 0.016261738 -0.079787649 4.088440895
-0.080207609 0.035894550 -0.996130824 -21.516567230 -0.011199234 0.999255955 0.036908880 0.277453125 0.996714771 0.014116282 -0.079746544 4.038389206
-0.079129860 0.037087470 -0.996173203 -22.329961777 -0.010615263 0.999219716 0.038044058 0.298140883 0.996807337 0.013585069 -0.078675024 3.971803904
-0.078680068 0.034954906 -0.996285856 -23.108980179 -0.009582585 0.999312401 0.035817806 0.289152682 0.996853292 0.012365152 -0.078291588 3.911109924
-0.078454658 0.028422588 -0.996511340 -23.918127060 -0.009843902 0.999522686 0.029283429 0.304724693 0.996868432 0.012106989 -0.078138024 3.843890667
-0.078760929 0.024379987 -0.996594310 -24.730459213 -0.007789338 0.999655306 0.025070403 0.309995025 0.996862531 0.009737380 -0.078544468 3.787022114
-0.078941740 0.024815775 -0.996569335 -25.561342239 -0.008237455 0.999639690 0.025544703 0.323510855 0.996844649 0.010225737 -0.078709453 3.711413383
-0.077227898 0.031376567 -0.996518791 -26.407165527 -0.004149859 0.999485672 0.031791545 0.342217326 0.997004032 0.006590609 -0.077058509 3.605737209
-0.075709589 0.038388755 -0.996389806 -27.244691849 -0.006132432 0.999221504 0.038963780 0.360787570 0.997110307 0.009060230 -0.075415798 3.511820793
-0.076089591 0.043573745 -0.996147633 -28.098842621 -0.006580069 0.999000609 0.044201110 0.382229447 0.997078598 0.009917971 -0.075727411 3.438721180
-0.076956466 0.045871407 -0.995977819 -28.924446106 -0.009157241 0.998865962 0.046711929 0.377273858 0.996991873 0.012715210 -0.076449700 3.372766495
-0.077183940 0.042953432 -0.996090293 -29.755222321 -0.009313163 0.998996496 0.043800339 0.395640135 0.996972919 0.012657451 -0.076706998 3.303020716
-0.077760704 0.040438488 -0.996150732 -30.583759308 -0.010328421 0.999090374 0.041364003 0.404067874 0.996918082 0.013505172 -0.077272892 3.227166653
-0.077943079 0.038879793 -0.996198356 -31.443317413 -0.011133443 0.999142885 0.039865687 0.461022139 0.996895254 0.014198392 -0.077443950 3.153899193
-0.077892303 0.041871093 -0.996081054 -32.294410706 -0.011264796 0.999016702 0.042875282 0.478083670 0.996897757 0.014560324 -0.077344596 3.080573320
-0.077702053 0.039965928 -0.996174216 -33.112655640 -0.012284851 0.999081612 0.041040692 0.495609224 0.996900618 0.015426817 -0.077140287 3.009847641
-0.077908434 0.035253439 -0.996336043 -33.933345795 -0.013875348 0.999239087 0.036441043 0.496005118 0.996863544 0.016663596 -0.077360548 2.947255373
-0.077931464 0.031785514 -0.996450901 -34.758075714 -0.016577706 0.999311805 0.033173207 0.498992980 0.996820390 0.019104129 -0.077351443 2.867918015
-0.077270724 0.031839740 -0.996500671 -35.584835052 -0.015459755 0.999331176 0.033128873 0.518998742 0.996889770 0.017965568 -0.076727368 2.797582626
-0.076513223 0.034254320 -0.996478975 -36.440010071 -0.013325252 0.999285102 0.035373844 0.524513125 0.996978998 0.015984925 -0.076002620 2.726972342
-0.075867258 0.039055336 -0.996351838 -37.278923035 -0.013835981 0.999095380 0.040216308 0.549427986 0.997021198 0.016836639 -0.075258784 2.661872864
-0.075387910 0.044000551 -0.996182024 -38.129127502 -0.011576606 0.998920202 0.044997461 0.573168993 0.997086406 0.014924705 -0.074797660 2.596331835
-0.075425930 0.046779301 -0.996052563 -38.979888916 -0.013394046 0.998761475 0.047920678 0.596655726 0.997060776 0.016955670 -0.074706487 2.524178267
-0.075070962 0.046855260 -0.996075869 -39.801834106 -0.012086557 0.998779535 0.047893260 0.616371512 0.997104228 0.015634554 -0.074413553 2.462440252
-0.074928686 0.042850062 -0.996267021 -40.618740082 -0.013203162 0.998946369 0.043958198 0.636595726 0.997100770 0.016447641 -0.074284531 2.391069174
-0.074483536 0.039408654 -0.996442616 -41.447746277 -0.013626258 0.999085426 0.040531639 0.643936992 0.997128606 0.016596751 -0.073878981 2.324074507
-0.074317582 0.036737453 -0.996556997 -42.230628967 -0.016967531 0.999129891 0.038097553 0.661385298 0.997089744 0.019740457 -0.073630147 2.255603552
-0.074690700 0.035127908 -0.996587157 -43.067985535 -0.019890299 0.999127984 0.036708083 0.678970158 0.997007906 0.022564195 -0.073927432 2.181591988
-0.075596377 0.033358213 -0.996579647 -43.894893646 -0.017822040 0.999235392 0.034798913 0.694934189 0.996978641 0.020391786 -0.074944615 2.108649015
-0.076479279 0.029868539 -0.996623039 -44.705623627 -0.015239782 0.999399483 0.031121133 0.698170543 0.996954203 0.017568469 -0.075978719 2.047218084
-0.077218048 0.029282108 -0.996583521 -45.549800873 -0.011385073 0.999477506 0.030249197 0.701561809 0.996948719 0.013681985 -0.076844893 1.984685659
-0.078836724 0.031802665 -0.996379614 -46.359737396 -0.009666088 0.999419630 0.032664437 0.714877844 0.996840179 0.012206278 -0.078484140 1.912219048
-0.080951951 0.037063975 -0.996028185 -47.186584473 -0.007907054 0.999253094 0.037826549 0.736184001 0.996686161 0.010937820 -0.080599047 1.841762304
-0.082693905 0.041213937 -0.995721996 -47.993614197 -0.006663263 0.999099314 0.041907042 0.750533700 0.996552229 0.010100256 -0.082345434 1.764782190
-0.084212139 0.040802520 -0.995611668 -48.811641693 -0.006731855 0.999115288 0.041515440 0.753158331 0.996424556 0.010198461 -0.083863594 1.698757172
-0.085357815 0.036772292 -0.995671153 -49.621879578 -0.007078642 0.999271154 0.037512016 0.760615706 0.996324599 0.010249984 -0.085035942 1.617522717
-0.086652718 0.033726476 -0.995667100 -50.427577972 -0.012278083 0.999314725 0.034918524 0.772468925 0.996162295 0.015250705 -0.086179882 1.526653767
-0.088201277 0.031992201 -0.995588422 -51.196720123 -0.017063061 0.999289036 0.033622701 0.786324620 0.995955765 0.019953385 -0.087593347 1.445193768
-0.088760309 0.032597527 -0.995519221 -51.999313354 -0.020339703 0.999196708 0.034531370 0.803250253 0.995844245 0.023313614 -0.088026620 1.372314930
-0.089429028 0.034108672 -0.995408654 -52.774635315 -0.019079896 0.999171376 0.035951715 0.809402347 0.995809495 0.022207454 -0.088704750 1.304201126
-0.090187669 0.034089159 -0.995340884 -53.573890686 -0.019070467 0.999171734 0.035948273 0.815498948 0.995741248 0.022223741 -0.089463510 1.227353573
-0.091154397 0.033753499 -0.995264053 -54.355216980 -0.022078818 0.999111235 0.035906050 0.830548167 0.995590866 0.025247294 -0.090328783 1.140790939
-0.091654450 0.035418630 -0.995160341 -55.128417969 -0.021231413 0.999070406 0.037513152 0.843839049 0.995563328 0.024566948 -0.090817899 1.063510418
-0.091917761 0.038521230 -0.995020926 -55.907512665 -0.020342100 0.998970151 0.040553212 0.854684353 0.995557606 0.023968425 -0.091040090 0.991834164
-0.091937587 0.042725552 -0.994847536 -56.667133331 -0.020465223 0.998786867 0.044785932 0.878257990 0.995553255 0.024477337 -0.090952255 0.915654659
-0.092569232 0.044754948 -0.994699836 -57.438568115 -0.019679373 0.998712003 0.046766821 0.888536096 0.995510578 0.023904290 -0.091569819 0.838322163
-0.093402497 0.045175765 -0.994602859 -58.190040588 -0.018883981 0.998709977 0.047135629 0.900018215 0.995448232 0.023184700 -0.092429474 0.763037682
-0.093619943 0.043299109 -0.994665861 -58.930423737 -0.018512504 0.998805404 0.045221690 0.914477468 0.995434821 0.022647468 -0.092707120 0.692958832
-0.093609527 0.039492916 -0.994825304 -59.676517487 -0.018434973 0.998972893 0.041392192 0.930013180 0.995437384 0.022214331 -0.092785925 0.611988544
-0.093310043 0.036003813 -0.994985878 -60.392662048 -0.019681804 0.999083996 0.037997831 0.941508889 0.995441556 0.023128744 -0.092516549 0.540859222
-0.092137434 0.034155097 -0.995160282 -61.113399506 -0.019371914 0.999161005 0.036085915 0.948272467 0.995556831 0.022603072 -0.091399059 0.464597702
-0.089680821 0.033564262 -0.995404720 -61.808528900 -0.019876627 0.999172688 0.035482045 0.955575466 0.995771229 0.022967394 -0.088940062 0.396984577
-0.085699640 0.034288332 -0.995730758 -62.477085114 -0.020993605 0.999123693 0.036211975 0.968688130 0.996098816 0.024007378 -0.084905267 0.333684444
-0.079916574 0.035769105 -0.996159315 -63.135955811 -0.021661073 0.999057949 0.037610877 0.983168364 0.996565044 0.024583656 -0.079067022 0.284962654
-0.073067404 0.037144840 -0.996634841 -63.773670197 -0.022386633 0.998993576 0.038873948 0.993189573 0.997074664 0.025151754 -0.072162852 0.227528095
-0.063963406 0.039596573 -0.997166157 -64.416290283 -0.022167549 0.998909831 0.041087687 0.996900082 0.997704864 0.024732880 -0.063016467 0.192973137
-0.052173875 0.041368715 -0.997780681 -65.039161682 -0.024017263 0.998800933 0.042666815 1.002989173 0.998348057 0.026190095 -0.051118329 0.157030821
-0.037506472 0.042738408 -0.998381853 -65.623519897 -0.026129913 0.998701751 0.043733671 1.015926123 0.998953581 0.027727969 -0.036341637 0.134332657
-0.018899221 0.044009328 -0.998852193 -66.222969055 -0.027794162 0.998621941 0.044525020 1.026471496 0.999433756 0.028603788 -0.017650593 0.125319600
0.002816230 0.044792496 -0.998992264 -66.774032593 -0.029107839 0.998577058 0.044691771 1.036297917 0.999571025 0.028952677 0.004115380 0.134547651
0.028830320 0.045014538 -0.998570204 -67.325042725 -0.029554462 0.998587668 0.044162005 1.043086052 0.999145746 0.028239034 0.030119235 0.173532724
0.057905778 0.044764206 -0.997317910 -67.836982727 -0.029417379 0.998637438 0.043115370 1.046995878 0.997886956 0.026841877 0.059142917 0.218841553
0.092444256 0.044910707 -0.994704425 -68.335968018 -0.024965059 0.998773456 0.042774200 1.048092365 0.995403290 0.020878669 0.093451187 0.265202522
0.129747763 0.045114376 -0.990520060 -68.805686951 -0.025871351 0.998778939 0.042101599 1.062957048 0.991207898 0.020163549 0.130755559 0.354312897
0.169608459 0.044897784 -0.984488249 -69.251396179 -0.027021157 0.998798549 0.040895134 1.063041210 0.985139549 0.019665897 0.170616850 0.480561256
0.215128958 0.045838129 -0.975509346 -69.704223633 -0.024372060 0.998839200 0.041559570 1.071843386 0.976280153 0.014834565 0.215995312 0.581560135
0.261547714 0.044306140 -0.964173079 -70.117462158 -0.022311678 0.998956859 0.039852098 1.085875988 0.964931428 0.011089160 0.262262285 0.776565552
0.312451720 0.039468907 -0.949113309 -70.530586243 -0.014287775 0.999219179 0.036848918 1.077015877 0.949825108 0.002047289 0.312770456 0.930675507
0.362309039 0.034317583 -0.931426048 -70.922050476 -0.009271974 0.999405801 0.033215530 1.072468281 0.932010889 -0.003398039 0.362410635 1.172163010
0.414932996 0.029891163 -0.909360826 -71.308975220 -0.003980709 0.999510825 0.031038018 1.068207979 0.909842432 -0.009258701 0.414847642 1.364027023
0.464123666 0.028440688 -0.885313630 -71.660720825 -0.004049526 0.999542534 0.029987236 1.090271235 0.885760665 -0.010332592 0.464025319 1.645887375
0.512940824 0.026642801 -0.858010471 -72.020202637 -0.001841588 0.999550462 0.029936837 1.111228347 0.858421564 -0.013775625 0.512758017 1.872877121
0.558038473 0.022546051 -0.829508781 -72.357177734 0.005371624 0.999512315 0.030780306 1.116646290 0.829797387 -0.021632299 0.557643712 2.148777008
0.600935638 0.015856605 -0.799140215 -72.661636353 0.015980460 0.999365509 0.031846330 1.098495483 0.799137473 -0.031908102 0.600299478 2.485019684
0.643632889 0.011128685 -0.765253484 -72.970054626 0.017640298 0.999413371 0.029370584 1.095816016 0.765130877 -0.032403067 0.643057466 2.755825043
0.684208393 0.005333905 -0.729267120 -73.244949341 0.015084646 0.999656379 0.021464050 1.117326498 0.729130626 -0.025686517 0.683891118 3.110530853
0.724736869 -0.000091536 -0.689025819 -73.501861572 0.011401573 0.999865234 0.011859532 1.106735229 0.688931525 -0.016450934 0.724638522 3.392238617
0.763595164 -0.003827032 -0.645683825 -73.777389526 0.007147029 0.999971986 0.002525108 1.106400132 0.645656109 -0.006542814 0.763599217 3.802871704
0.800817311 -0.005041857 -0.598887265 -74.018226624 0.005684359 0.999984205 -0.000817744 1.112933040 0.598882020 -0.002749369 0.800831378 4.159755707
0.834719360 -0.006619073 -0.550635576 -74.246902466 0.006306880 0.999977827 -0.002459967 1.108081460 0.550639868 -0.001419356 0.834740639 4.577285767
0.865014970 -0.006659502 -0.501701593 -74.481613159 0.004422585 0.999975026 -0.005648428 1.110897183 0.501726985 0.002667206 0.865020871 5.086967468
0.891245246 -0.004877068 -0.453495264 -74.675865173 0.003145878 0.999985278 -0.004571910 1.087489247 0.453511417 0.002648101 0.891245484 5.533853531
0.912662923 0.000441404 -0.408712566 -74.904113770 -0.002328137 0.999989510 -0.004119024 1.088091373 0.408707082 0.004710872 0.912652493 6.051984787
0.930124581 0.005680747 -0.367199570 -75.086395264 -0.008107727 0.999955058 -0.005067548 1.077356696 0.367155105 0.007690658 0.930126965 6.536346436
0.943743527 0.010137176 -0.330522448 -75.260307312 -0.012260652 0.999916136 -0.004340650 1.074570179 0.330451667 0.008148939 0.943786740 7.087827682
0.953858495 0.010732859 -0.300063908 -75.427703857 -0.011996114 0.999925971 -0.002368251 1.066048145 0.300017267 0.005858642 0.953914762 7.669017792
0.961345553 0.009805935 -0.275169343 -75.571380615 -0.010503074 0.999945045 -0.001060386 1.049118161 0.275144845 0.003909587 0.961393952 8.216316223
0.967337489 0.010468533 -0.253275275 -75.744430542 -0.010533995 0.999944627 0.001097349 1.041193843 0.253273785 0.001606562 0.967392504 8.826467514
0.971855402 0.012775049 -0.235231072 -75.887214661 -0.012236378 0.999918640 0.003749182 1.039878964 0.235260785 -0.000765211 0.971931398 9.422666550
0.975435972 0.017355325 -0.219597608 -76.028015137 -0.016521415 0.999848068 0.005633085 1.033548594 0.219663054 -0.001866569 0.975573421 10.049642563
0.978385985 0.019163314 -0.205896273 -76.179122925 -0.018315144 0.999814510 0.006024309 1.035390019 0.205974624 -0.002122998 0.978554428 10.698708534
0.981049776 0.018499957 -0.192869484 -76.303054810 -0.017623452 0.999825478 0.006258877 1.020005226 0.192952678 -0.002741161 0.981203616 11.341398239
0.983625531 0.018693915 -0.179251894 -76.415397644 -0.017959367 0.999822736 0.005719409 1.015577793 0.179328173 -0.002406422 0.983785808 12.018723488
0.986248255 0.020515850 -0.163992122 -76.539611816 -0.019718161 0.999784887 0.006490193 1.009738803 0.164091140 -0.003167232 0.986439526 12.716329575
0.988374352 0.024815576 -0.150000542 -76.644584656 -0.024018461 0.999686480 0.007123105 1.010198593 0.150131464 -0.003437419 0.988659501 13.418226242
0.990258515 0.024500396 -0.137068495 -76.752059937 -0.024142399 0.999699712 0.004273179 0.997467279 0.137133360 -0.000922295 0.990551770 14.136683464
0.991639078 0.026353853 -0.126322120 -76.837142944 -0.026678812 0.999643981 -0.000881771 0.985307634 0.126255229 0.004244615 0.991988420 14.867447853
0.992942154 0.022487342 -0.116448149 -76.937011719 -0.023479167 0.999699116 -0.007153269 0.966257572 0.116253585 0.009836972 0.993170559 15.603890419
0.993827701 0.022998014 -0.108524948 -77.007659912 -0.023962647 0.999684334 -0.007593495 0.957755685 0.108317383 0.010147254 0.994064212 16.369205475
0.994567335 0.023038784 -0.101514071 -77.098541260 -0.023357784 0.999725521 -0.001955620 0.949964404 0.101442486 0.004316227 0.994831681 17.130655289
0.994952917 0.027751923 -0.096428514 -77.176010132 -0.027304173 0.999609649 0.005959135 0.943062186 0.096557602 -0.003296060 0.995321572 17.885839462
0.995412529 0.026487093 -0.091935538 -77.258285522 -0.025715975 0.999623775 0.009561356 0.933608353 0.092155561 -0.007153183 0.995718539 18.668666840
0.995736778 0.027144747 -0.088156022 -77.336654663 -0.026399322 0.999605477 0.009610028 0.910174549 0.088383444 -0.007241703 0.996059835 19.435476303
0.996086776 0.027394466 -0.084028006 -77.422012329 -0.026759766 0.999604583 0.008669646 0.902002990 0.084233634 -0.006387053 0.996425390 20.202274323
0.996305227 0.026149791 -0.081806324 -77.477165222 -0.025360033 0.999621570 0.010677401 0.898353100 0.082055934 -0.008563241 0.996590793 20.970735550
0.996540606 0.025487019 -0.079102233 -77.538360596 -0.024529004 0.999614000 0.013058361 0.894074678 0.079405896 -0.011072789 0.996780515 21.735908508
0.996831357 0.022243382 -0.076368652 -77.598327637 -0.021174831 0.999666870 0.014772317 0.886316061 0.076673232 -0.013108320 0.996969700 22.516778946
0.996946454 0.020302087 -0.075399987 -77.623214722 -0.019522663 0.999748468 0.011058791 0.876011610 0.075606965 -0.009552924 0.997091472 23.264648438
0.996997297 0.023267560 -0.073856749 -77.685752869 -0.023052061 0.999727428 0.003767868 0.865225196 0.073925704 -0.002053915 0.997261107 24.018245697
0.997135043 0.024190050 -0.071663558 -77.757461548 -0.024481783 0.999695241 -0.003196444 0.849749506 0.071565852 0.004941823 0.997422993 24.780076981
0.997240126 0.024714997 -0.070002936 -77.818489075 -0.025276754 0.999654949 -0.007151433 0.827770293 0.069803484 0.008901229 0.997520268 25.532966614
0.997345567 0.026878400 -0.067665204 -77.885795593 -0.027348077 0.999607861 -0.006025546 0.820018113 0.067478187 0.007860154 0.997689009 26.318809509
0.997416019 0.029778283 -0.065375336 -77.943328857 -0.030006904 0.999546647 -0.002519015 0.805965424 0.065272145 0.004474310 0.997856796 27.076879501
0.997448504 0.033178005 -0.063202292 -78.000328064 -0.033069290 0.999449372 0.002764552 0.789533198 0.063260704 -0.000667343 0.997996271 27.830928802
0.997693419 0.030615501 -0.060573615 -78.045845032 -0.030389031 0.999527454 0.004655228 0.775324941 0.060689010 -0.002803620 0.998152196 28.591878891
0.997853160 0.027387355 -0.059478324 -78.089218140 -0.027149407 0.999620020 0.004803755 0.756000221 0.059588790 -0.003178550 0.998217344 29.339210510
0.997953355 0.026252065 -0.058296084 -78.130767822 -0.026026173 0.999650717 0.004629356 0.743761301 0.058398753 -0.003102568 0.998287857 30.084901810
0.998011947 0.026004912 -0.057394478 -78.185241699 -0.025872955 0.999660850 0.003039288 0.733616233 0.057455555 -0.001548192 0.998346269 30.841066360
0.998089075 0.024752025 -0.056603201 -78.237358093 -0.024678178 0.999693871 0.002001515 0.714176655 0.056636907 -0.000600740 0.998393953 31.600948334
0.998152077 0.024222054 -0.055713467 -78.275398254 -0.024159979 0.999706924 0.001785652 0.697842240 0.055741891 -0.000436231 0.998444378 32.360198975
0.998171270 0.024802111 -0.055110756 -78.340682983 -0.024703350 0.999692023 0.002470778 0.697536886 0.055156566 -0.001104753 0.998476446 33.139167786
0.998180866 0.024697820 -0.054983262 -78.388114929 -0.024636384 0.999695241 0.001792957 0.682773888 0.055012278 -0.000435021 0.998484910 33.912471771
0.998096704 0.024556734 -0.056550898 -78.430679321 -0.024499828 0.999698699 0.001697609 0.673348367 0.056577042 -0.000308806 0.998397529 34.684944153
0.997990727 0.023974212 -0.058633406 -78.479003906 -0.023892835 0.999712646 0.002086830 0.658201694 0.058668070 -0.000681634 0.998276591 35.488376617
0.997814834 0.023790909 -0.061623450 -78.539718628 -0.023697499 0.999716938 0.002244572 0.647717118 0.061660890 -0.000779261 0.998096108 36.277244568
0.997559428 0.026140340 -0.064730056 -78.603187561 -0.026073422 0.999658525 0.001876938 0.631512165 0.064758509 -0.000184535 0.997900188 37.071594238
0.997407794 0.026007561 -0.067077652 -78.669738770 -0.026229469 0.999653280 -0.002431022 0.614605546 0.066992655 0.004184219 0.997743964 37.861419678
0.997222543 0.027059278 -0.069378361 -78.741462708 -0.027562024 0.999600649 -0.006300835 0.607385278 0.069181673 0.008195631 0.997569561 38.663467407
0.997082531 0.027278390 -0.071278371 -78.800537109 -0.027885400 0.999583125 -0.007536117 0.589875698 0.071044587 0.009501843 0.997427046 39.484745026
0.996950448 0.026525257 -0.073377572 -78.871055603 -0.027082369 0.999611735 -0.006609124 0.575685740 0.073175296 0.008576296 0.997281253 40.304073334
0.996795297 0.026066761 -0.075616241 -78.936592102 -0.026563577 0.999632001 -0.005573165 0.549766243 0.075444646 0.007564029 0.997120440 41.128746033
0.996664107 0.026186651 -0.077284865 -79.017211914 -0.026573356 0.999639392 -0.003980708 0.532175958 0.077154249 0.006021236 0.997000039 41.970535278
0.996600449 0.024981769 -0.078493454 -79.091957092 -0.025082953 0.999685764 -0.000304599 0.523597956 0.078462675 0.002272501 0.996913552 42.798889160
0.996530473 0.024191277 -0.079617955 -79.159622192 -0.023886025 0.999703526 0.004782992 0.505075097 0.079711623 -0.002864552 0.996813059 43.653781891
0.996573150 0.025254773 -0.078750469 -79.242462158 -0.024790652 0.999669313 0.006864655 0.497480601 0.078899361 -0.004888765 0.996869862 44.499462128
0.996672571 0.026788199 -0.076963626 -79.308258057 -0.026323618 0.999628901 0.007043485 0.489794731 0.077125326 -0.004993994 0.997008145 45.373252869
0.996789932 0.027783941 -0.075066924 -79.371467590 -0.027437840 0.999607861 0.005636965 0.469909102 0.075195685 -0.003559101 0.997161686 46.244281769
0.997002244 0.025037581 -0.073190004 -79.449020386 -0.024841579 0.999685109 0.003585993 0.463173687 0.073258370 -0.001756996 0.997310579 47.109584808
0.997195005 0.021748262 -0.071597576 -79.511260986 -0.021617794 0.999763191 0.002595393 0.433430493 0.071638666 -0.001040244 0.997429252 47.982963562
0.997334003 0.021072762 -0.069842130 -79.578208923 -0.020978030 0.999777973 0.002088418 0.426237643 0.069872260 -0.000617615 0.997554898 48.855049133
0.997450769 0.019216020 -0.068700932 -79.639678955 -0.019000441 0.999812484 0.003788697 0.418737233 0.068762489 -0.002473609 0.997629166 49.730991364
0.997573256 0.014963776 -0.067979805 -79.699874878 -0.014547551 0.999872386 0.006612381 0.407873839 0.068071760 -0.005607320 0.997663975 50.613113403
0.997670054 0.013102226 -0.066935293 -79.767044067 -0.012655496 0.999894738 0.007092374 0.391084582 0.067022845 -0.006228679 0.997731328 51.467639923
0.997692466 0.015856080 -0.065997548 -79.828155518 -0.015603368 0.999868691 0.004341468 0.373452336 0.066059396 -0.003301589 0.997809410 52.345474243
0.997656405 0.019861586 -0.065457381 -79.912460327 -0.019981056 0.999799609 -0.001172196 0.351474226 0.065422647 0.002477444 0.997853816 53.214355469
0.997713625 0.020296445 -0.064443953 -79.979080200 -0.020846458 0.999751449 -0.007874934 0.344289780 0.064269766 0.009200450 0.997889459 54.066314697
0.997624934 0.026448611 -0.063580118 -80.049713135 -0.027358761 0.999534488 -0.013488133 0.311002254 0.063195430 0.015195678 0.997884810 54.928546906
0.997689247 0.025993947 -0.062752932 -80.102615356 -0.026913619 0.999541402 -0.013855893 0.280704618 0.062365644 0.015512887 0.997932255 55.775745392
0.997802913 0.022308460 -0.062359076 -80.151992798 -0.022875810 0.999702096 -0.008400008 0.266918004 0.062154748 0.009808154 0.998017907 56.635864258
0.997795582 0.021675322 -0.062701881 -80.213348389 -0.021625565 0.999764144 0.001471050 0.235483736 0.062720634 -0.000111776 0.998030663 57.494091034
0.997796059 0.017736893 -0.063919157 -80.276199341 -0.017232498 0.999815047 0.008432814 0.243764639 0.064058580 -0.007312694 0.997918963 58.352680206
0.997641981 0.017831225 -0.066256747 -80.345466614 -0.017320344 0.999814868 0.008275970 0.207324803 0.066393726 -0.007108818 0.997767866 59.201839447
0.997573912 0.012944032 -0.068383507 -80.401908875 -0.012620136 0.999906123 0.005165280 0.182421267 0.068445623 -0.004289696 0.997645319 60.037620544
0.997417808 0.009991433 -0.071102113 -80.465805054 -0.009774749 0.999945581 0.003393707 0.183099300 0.071133822 -0.002689894 0.997462869 60.874839783
0.997160494 0.014743005 -0.073833749 -80.528182983 -0.014765447 0.999890327 0.000240860 0.148268491 0.073830836 0.000850064 0.997270167 61.701442719
0.996870160 0.016424723 -0.077315435 -80.607559204 -0.016727246 0.999854028 -0.003267792 0.132108644 0.077252120 0.004550898 0.997000992 62.525276184
0.996554792 0.016749684 -0.081214070 -80.690872192 -0.017370557 0.999824286 -0.006945242 0.115837038 0.081085101 0.008332114 0.996672153 63.340152740
0.996219158 0.021623546 -0.084128082 -80.762542725 -0.022624178 0.999683201 -0.010959725 0.072752178 0.083866104 0.012821697 0.996394396 64.146408081
0.995825112 0.025851598 -0.087530345 -80.849586487 -0.026922202 0.999575436 -0.011073492 0.054892600 0.087208577 0.013383862 0.996099949 64.960731506
0.995490789 0.027369061 -0.090811715 -80.935165405 -0.028250985 0.999564350 -0.008440783 0.034538686 0.090542816 0.010968339 0.995832086 65.757774353
0.995094538 0.029539892 -0.094402999 -81.032966614 -0.029960867 0.999545515 -0.003045416 0.022085637 0.094271816 0.005858965 0.995529294 66.557762146
0.994666338 0.029614625 -0.098790020 -81.106994629 -0.029458487 0.999560297 0.003038526 0.000601768 0.098838292 -0.000112036 0.995103657 67.371833801
0.994163394 0.028452830 -0.104054034 -81.202835083 -0.027996881 0.999590099 0.005839532 -0.021509320 0.104179263 -0.002892190 0.994554400 68.193466187
0.993479609 0.028848145 -0.110287145 -81.303703308 -0.028218111 0.999574542 0.007268987 -0.029277682 0.110451654 -0.004109432 0.993873179 68.962913513
0.992973506 0.022853749 -0.116096489 -81.396286011 -0.021840438 0.999710798 0.009992331 -0.029298902 0.116292998 -0.007386477 0.993187606 69.749832153
0.992180586 0.026242077 -0.122009248 -81.490676880 -0.024993049 0.999617696 0.011755951 -0.040035844 0.122272834 -0.008614596 0.992459178 70.527389526
0.991311371 0.031373065 -0.127728239 -81.603683472 -0.030182542 0.999480307 0.011245552 -0.044614136 0.128016397 -0.007292624 0.991745412 71.293945312
0.990291357 0.035077583 -0.134497344 -81.729736328 -0.034434076 0.999380827 0.007108026 -0.075032115 0.134665146 -0.002407654 0.990888178 72.073806763
0.989550054 0.034115400 -0.140085012 -81.860374451 -0.033805460 0.999417186 0.004591685 -0.083249211 0.140161708 0.000192014 0.990128636 72.847534180
0.988787413 0.034728173 -0.145225033 -81.990303040 -0.034644283 0.999394059 0.003107012 -0.100147426 0.145246699 0.001959124 0.989393532 73.603828430
0.988034904 0.036059409 -0.149945721 -82.105834961 -0.035318997 0.999346316 0.007598535 -0.108938038 0.150123477 -0.002211613 0.988664865 74.369750977
0.987065256 0.036193393 -0.156171173 -82.236938477 -0.034700643 0.999321461 0.012274938 -0.117806077 0.156511232 -0.006696863 0.987653494 75.131202698
0.986240983 0.032041796 -0.162170738 -82.364776611 -0.030135600 0.999443889 0.014200994 -0.124750137 0.162537396 -0.009118440 0.986660302 75.882202148
0.984921753 0.032766297 -0.169861898 -82.512542725 -0.031330332 0.999446094 0.011127851 -0.130785525 0.170134306 -0.005638171 0.985404909 76.661560059
0.983386457 0.031818461 -0.178707272 -82.661003113 -0.031779122 0.999489069 0.003083359 -0.136744916 0.178715989 0.002647109 0.983897328 77.428756714
0.981851161 0.028467929 -0.187498569 -82.802932739 -0.028682664 0.999586046 0.001568201 -0.152367175 0.187467664 0.003838296 0.982263565 78.152801514
0.979792476 0.028902877 -0.197912350 -82.960960388 -0.028493471 0.999580622 0.004916642 -0.172568470 0.197973579 0.000821992 0.980207324 78.893936157
0.977435529 0.029062118 -0.209220424 -83.129981995 -0.027498508 0.999566495 0.010379024 -0.173772335 0.209433541 -0.004391520 0.977813363 79.633346558
0.974941373 0.028444536 -0.220630944 -83.310623169 -0.025001610 0.999516904 0.018382238 -0.172546864 0.221049443 -0.012405444 0.975184143 80.352355957
0.972316086 0.030215288 -0.231702968 -83.495948792 -0.025572719 0.999406457 0.023014819 -0.191422224 0.232263058 -0.016452391 0.972514451 81.068374634
0.969385505 0.031442299 -0.243517905 -83.685150146 -0.027695466 0.999438167 0.018795630 -0.192376137 0.243974343 -0.011475837 0.969714344 81.789619446
0.966342986 0.032448042 -0.255198121 -83.901046753 -0.030975603 0.999470770 0.009787792 -0.192344069 0.255382955 -0.001553385 0.966839314 82.491485596
0.963101327 0.028633351 -0.267607510 -84.117614746 -0.028526975 0.999582350 0.004286300 -0.195872098 0.267620772 0.003505964 0.963518560 83.206809998
0.959698021 0.027491622 -0.279681295 -84.317802429 -0.026084691 0.999619901 0.008751967 -0.194526374 0.279817969 -0.001103790 0.960053086 83.905265808
0.956283033 0.028855938 -0.291011602 -84.549430847 -0.025033964 0.999542952 0.016848881 -0.211457372 0.291367203 -0.008827094 0.956571221 84.631980896
0.952473640 0.031325765 -0.303001583 -84.786270142 -0.025788102 0.999417901 0.022260778 -0.213925362 0.303524911 -0.013388960 0.952730179 85.353164673
0.948345363 0.027910970 -0.316005290 -85.020164490 -0.022566708 0.999532223 0.020559464 -0.222372293 0.316433728 -0.012366263 0.948534787 86.057678223
0.944409311 0.026868105 -0.327668339 -85.273605347 -0.022901896 0.999608636 0.015957743 -0.215547442 0.327971339 -0.007566385 0.944658279 86.773101807
0.941399932 0.022546710 -0.336534172 -85.537292480 -0.020615518 0.999742389 0.009310999 -0.230223179 0.336659938 -0.001827504 0.941625416 87.473190308
0.938785613 0.018735740 -0.343988061 -85.808868408 -0.018881269 0.999815643 0.002926955 -0.225329906 0.343982100 0.003747212 0.938969553 88.170898438
0.936000168 0.018495958 -0.351509124 -86.078338623 -0.019415991 0.999809325 0.000907717 -0.238583475 0.351461560 0.005975347 0.936184049 88.875976562
0.933050394 0.023678171 -0.358961195 -86.362823486 -0.024904087 0.999687314 0.001209049 -0.249795303 0.358880371 0.007811594 0.933351815 89.563369751
0.930027246 0.024445692 -0.366672188 -86.658157349 -0.025149321 0.999677837 0.002858863 -0.264387310 0.366626769 0.006562828 0.930346012 90.275833130
0.926882863 0.024356658 -0.374555588 -86.939254761 -0.022366336 0.999701262 0.009660557 -0.267701149 0.374682009 -0.000576707 0.927154303 90.970001221
0.923967957 0.027657496 -0.381464690 -87.226516724 -0.022693805 0.999587417 0.017505512 -0.276653767 0.381794363 -0.007517610 0.924217820 91.682830811
0.921297491 0.034384802 -0.387331337 -87.536354065 -0.026500074 0.999316931 0.025680529 -0.289246082 0.387952685 -0.013395075 0.921583056 92.377639771
0.918669343 0.042048037 -0.392779380 -87.875015259 -0.035808858 0.999087334 0.023201769 -0.284262180 0.393399417 -0.007249711 0.919340253 93.076095581
0.916226745 0.040930025 -0.398560256 -88.188903809 -0.038183834 0.999158740 0.014829834 -0.272480369 0.398834825 0.001631171 0.917022586 93.763717651
0.914270818 0.033644948 -0.403700382 -88.507400513 -0.033578392 0.999407828 0.007246274 -0.288902104 0.403708100 0.006930671 0.914862931 94.467407227
0.912535846 0.034899306 -0.407501191 -88.822982788 -0.035465475 0.999349892 0.006167204 -0.285178304 0.407454461 0.008824555 0.913184106 95.161163330
0.910439432 0.040232226 -0.411677182 -89.169288635 -0.038985547 0.999172449 0.011428849 -0.286265016 0.411799341 0.005644306 0.911258340 95.861526489
0.908085644 0.041275848 -0.416741610 -89.501724243 -0.038099572 0.999144852 0.015940147 -0.298708320 0.417046219 0.001402764 0.908885539 96.577453613
0.905594647 0.038404096 -0.422397912 -89.823486328 -0.035358652 0.999259412 0.015045261 -0.318387985 0.422665924 0.001310615 0.906285882 97.268188477
0.903521717 0.037324667 -0.426909924 -90.164596558 -0.037285395 0.999266803 0.008454189 -0.312296152 0.426915586 0.008279095 0.904254913 97.953186035
0.901351511 0.034291729 -0.431723952 -90.506355286 -0.037154164 0.999305964 0.001804390 -0.323762536 0.431489199 0.014414123 0.902004242 98.638076782
