1.000000000 -0.000000001 0.000000002 0.000000000 -0.000000001 1.000000000 -0.000000000 0.000000000 0.000000002 -0.000000000 1.000000000 0.000000000
0.999999225 0.001220028 0.000114214 -0.018564753 -0.001220112 0.999998987 0.000724319 -0.020222213 -0.000113326 -0.000724458 0.999999702 0.793883502
0.999984622 0.005498706 0.000742960 -0.018132282 -0.005499528 0.999984264 0.001105668 -0.041346751 -0.000736864 -0.001109737 0.999999106 1.548018932
0.999976099 0.006834875 0.001034507 -0.028111810 -0.006836558 0.999975264 0.001631051 -0.057981372 -0.001023331 -0.001638085 0.999998093 2.295195103
0.999964833 0.008312436 0.001099124 -0.035410639 -0.008314043 0.999964416 0.001466345 -0.072538272 -0.001086893 -0.001475431 0.999998271 3.024431705
0.999962449 0.008561322 0.001390072 -0.033980332 -0.008563397 0.999962151 0.001494489 -0.100835755 -0.001377223 -0.001506336 0.999997854 3.747370958
0.999961197 0.008554418 0.002063777 -0.047379140 -0.008558615 0.999961436 0.002035529 -0.119666606 -0.002046282 -0.002053112 0.999995768 4.441699505
0.999952257 0.009455292 0.002399941 -0.045425642 -0.009467040 0.999943316 0.004932257 -0.126424104 -0.002353168 -0.004954741 0.999984980 5.117896557
0.999945819 0.009569224 0.004050592 -0.052792937 -0.009606366 0.999911368 0.009253019 -0.144850254 -0.003961687 -0.009291429 0.999949038 5.759363174
0.999943435 0.009138787 0.005409341 -0.052877259 -0.009205098 0.999881446 0.012364647 -0.152616963 -0.005295699 -0.012413742 0.999908924 6.396971226
0.999938965 0.008887636 0.006542451 -0.051159199 -0.008984709 0.999847949 0.014961873 -0.164175451 -0.006408476 -0.015019741 0.999866605 7.010756969
0.999939144 0.007790990 0.007826652 -0.052929629 -0.007909411 0.999853075 0.015216355 -0.181357950 -0.007706946 -0.015277325 0.999853492 7.597517490
0.999923468 0.008740658 0.008774827 -0.048157297 -0.008853803 0.999876976 0.012940481 -0.192524821 -0.008660635 -0.013017172 0.999877691 8.146299362
0.999921024 0.008189675 0.009560745 -0.050907157 -0.008283720 0.999917209 0.009839504 -0.201589406 -0.009479366 -0.009917917 0.999905765 8.664364815
0.999920964 0.006497405 0.010778901 -0.038570076 -0.006586334 0.999944270 0.008236210 -0.204675168 -0.010724784 -0.008306543 0.999907851 9.161828995
0.999911964 0.003809783 0.012716660 -0.035611928 -0.003888948 0.999973059 0.006207054 -0.236458868 -0.012692668 -0.006255955 0.999899745 9.630523682
0.999888301 0.001160687 0.014910067 -0.038770720 -0.001239734 0.999984980 0.005293780 -0.264527649 -0.014903696 -0.005311665 0.999874711 10.073344231
0.999844313 0.005147871 0.016880713 -0.032975093 -0.005206062 0.999980450 0.003405549 -0.253527880 -0.016862849 -0.003492893 0.999851525 10.478898048
0.999761522 0.009488172 0.019666415 -0.019513562 -0.009526640 0.999952555 0.001863591 -0.251147509 -0.019647803 -0.002050494 0.999804556 10.859543800
0.999683201 0.010650410 0.022804363 -0.000207931 -0.010707953 0.999939382 0.002402946 -0.257878006 -0.022777393 -0.002646365 0.999736845 11.206962585
0.999633312 0.006636130 0.026252706 0.010566562 -0.006720070 0.999972224 0.003110745 -0.278882772 -0.026231337 -0.003286016 0.999650240 11.522630692
0.999582767 0.001906478 0.028823087 0.015883088 -0.002005269 0.999991715 0.003399200 -0.298910022 -0.028816372 -0.003455571 0.999578595 11.811066628
0.999508858 -0.001949583 0.031278171 0.028761595 0.001805998 0.999987245 0.004618336 -0.309684277 -0.031286780 -0.004559573 0.999499917 12.066843033
0.999427617 -0.003135711 0.033685826 0.036041379 0.002946399 0.999978960 0.005668127 -0.306596071 -0.033702906 -0.005565623 0.999416292 12.298111916
0.999365747 -0.001781186 0.035568506 0.047807097 0.001619205 0.999987543 0.004582417 -0.318625957 -0.035576232 -0.004521911 0.999356568 12.500123978
0.999285042 -0.001100728 0.037790917 0.052748293 0.000975387 0.999993265 0.003335066 -0.324779868 -0.037794348 -0.003295812 0.999280035 12.684540749
0.999190390 0.000586853 0.040224224 0.062459052 -0.000688819 0.999996006 0.002521268 -0.325908989 -0.040222593 -0.002546925 0.999187469 12.863780975
0.999106348 0.004032568 0.042071648 0.059063286 -0.004117672 0.999988973 0.001936533 -0.338661373 -0.042063396 -0.002108031 0.999112546 13.032162666
0.999050915 0.005101325 0.043253433 0.070337445 -0.005131871 0.999985993 0.000595414 -0.344545245 -0.043249808 -0.000816811 0.999063790 13.183609962
0.998970747 0.004560406 0.045124821 0.081308961 -0.004506019 0.999988317 -0.001306726 -0.353882939 -0.045130271 0.001102058 0.998980224 13.330938339
0.998899877 0.003580244 0.046752930 0.092011511 -0.003465499 0.999990106 -0.002535004 -0.368310422 -0.046761565 0.002370205 0.998903036 13.475438118
0.998847008 0.002790031 0.047923200 0.095826745 -0.002629366 0.999990046 -0.003415187 -0.381215572 -0.047932275 0.003285254 0.998844981 13.615343094
0.998777211 0.003092629 0.049336113 0.109198451 -0.002859188 0.999983728 -0.004801399 -0.376725614 -0.049350172 0.004654480 0.998770535 13.737978935
0.998687744 0.003428844 0.051089413 0.096989095 -0.003067683 0.999968648 -0.007145799 -0.365167737 -0.051112328 0.006979717 0.998668551 13.882978439
0.998647094 0.003489143 0.051874608 0.088739991 -0.003015270 0.999951899 -0.009210296 -0.365528464 -0.051904265 0.009041443 0.998611152 13.997093201
0.998599946 0.002675828 0.052820724 0.102497160 -0.002069200 0.999930203 -0.011535894 -0.373356938 -0.052847918 0.011410477 0.998537481 14.121727943
0.998628020 0.001756902 0.052324213 0.108377814 -0.001057847 0.999908805 -0.013384638 -0.380774170 -0.052342959 0.013310958 0.998540461 14.257094383
0.998736918 0.001397817 0.050214276 0.115084887 -0.000662904 0.999891400 -0.014649091 -0.393070281 -0.050229296 0.014597336 0.998631120 14.376885414
0.998888433 0.001312354 0.047107726 0.127275527 -0.000590065 0.999881089 -0.015343225 -0.394576490 -0.047122248 0.015298410 0.998771966 14.496249199
0.999065518 0.001906316 0.043168772 0.126271904 -0.001192447 0.999861240 -0.016556256 -0.399989218 -0.043194324 0.016489346 0.998930633 14.630125046
0.999283671 0.002206145 0.037765965 0.110399544 -0.001540968 0.999842346 -0.017633045 -0.404107392 -0.037798882 0.017562257 0.999131083 14.752268791
0.999511659 0.002131641 0.031156091 0.108426750 -0.001557772 0.999827981 -0.018431643 -0.412149191 -0.031189986 0.018374149 0.999344647 14.869294167
0.999713004 0.002151124 0.023831662 0.108635396 -0.001691238 0.999811292 -0.019300420 -0.417354643 -0.023868626 0.019254621 0.999529719 15.001676559
0.999872625 0.002066497 0.015788246 0.109506458 -0.001744792 0.999790192 -0.020362496 -0.418460459 -0.015826937 0.020332407 0.999668121 15.129073143
0.999980748 0.001205482 0.005970161 0.086324275 -0.001076811 0.999767125 -0.021507865 -0.427158594 -0.005994607 0.021501083 0.999750912 15.277176857
0.999975681 -0.000136590 -0.006902926 0.083953209 -0.000022988 0.999731898 -0.023112748 -0.437645048 0.006904330 0.023112401 0.999708951 15.420026779
0.999736309 -0.001074842 -0.022905398 0.068657398 0.000506726 0.999691367 -0.024794325 -0.435497731 0.022925138 0.024776246 0.999429941 15.566330910
0.999106646 -0.000545597 -0.042241201 0.036691546 -0.000552249 0.999661446 -0.025974020 -0.438679934 0.042241253 0.025974208 0.998769581 15.748219490
0.997957230 0.000129076 -0.063875414 0.006735802 -0.001771757 0.999668121 -0.025661055 -0.444440097 0.063851118 0.025721872 0.997627676 15.939229965
0.996152699 0.000965416 -0.087621197 -0.043091416 -0.003122763 0.999694228 -0.024487615 -0.458450258 0.087571025 0.024667090 0.995852590 16.129179001
0.993471026 0.001928524 -0.114062823 -0.104333401 -0.004569395 0.999726355 -0.022895901 -0.469884574 0.113987751 0.023267671 0.993209422 16.369651794
0.989555240 0.003071889 -0.144117475 -0.158948183 -0.006151158 0.999761164 -0.020925719 -0.476246059 0.144019097 0.021593696 0.989339054 16.586837769
0.984181523 0.003446176 -0.177126631 -0.234118223 -0.006669987 0.999821723 -0.017608434 -0.487142891 0.177034736 0.018511375 0.984030306 16.857658386
0.976879001 0.004540573 -0.213742465 -0.332712173 -0.007678051 0.999873638 -0.013850936 -0.490895361 0.213652998 0.015171863 0.976791620 17.119176865
0.967393398 0.006003212 -0.253206700 -0.435416698 -0.008229245 0.999935508 -0.007733200 -0.505652785 0.253144264 0.009564772 0.967381179 17.340190887
0.955662191 0.010402258 -0.294280916 -0.570858479 -0.011915453 0.999922633 -0.003349513 -0.497158110 0.294223726 0.006707517 0.955713034 17.644960403
0.941587985 0.014327031 -0.336461753 -0.711356640 -0.014790089 0.999889255 0.001186671 -0.503994882 0.336441904 0.003858968 0.941696227 17.920265198
0.925247669 0.017264217 -0.378970206 -0.880144119 -0.015961738 0.999850273 0.006578546 -0.504723310 0.379027486 -0.000037742 0.925385356 18.178619385
0.906125903 0.020347966 -0.422517955 -1.070759296 -0.015832229 0.999773264 0.014194341 -0.515223444 0.422711313 -0.006172444 0.906243265 18.507623672
0.884637296 0.024751673 -0.465622187 -1.287395954 -0.017106179 0.999639928 0.020639060 -0.514415324 0.465965837 -0.010293053 0.884742796 18.802503586
0.860192478 0.029794103 -0.509098172 -1.490382671 -0.019539252 0.999483407 0.025478821 -0.521120787 0.509594798 -0.011969272 0.860331059 19.049993515
0.832317710 0.033528361 -0.553283930 -1.745709419 -0.020972230 0.999358118 0.029010989 -0.524499297 0.553902090 -0.012542739 0.832487166 19.359251022
0.802095175 0.037433639 -0.596021891 -1.990953445 -0.023795206 0.999243319 0.030735997 -0.513921738 0.596722066 -0.010470702 0.802379489 19.594070435
0.768724203 0.040141914 -0.638319671 -2.293369293 -0.024449008 0.999142408 0.033389196 -0.515535057 0.639113188 -0.010060774 0.769046605 19.906726837
0.732304037 0.044443782 -0.679526210 -2.589949608 -0.025688507 0.998959720 0.037652414 -0.502048612 0.680493236 -0.010116970 0.732684314 20.154983521
0.694202185 0.045694835 -0.718328118 -2.918937683 -0.023717059 0.998892069 0.040621847 -0.488569319 0.719389379 -0.011163116 0.694517255 20.398973465
0.653441608 0.046160970 -0.755568206 -3.297980309 -0.021434218 0.998866022 0.042488098 -0.483522236 0.756673992 -0.011568445 0.653689981 20.676040649
0.611046374 0.044762090 -0.790328205 -3.671406746 -0.016672004 0.998905182 0.043685347 -0.459143817 0.791419625 -0.013517387 0.611123562 20.927104950
0.567167997 0.045294065 -0.822355628 -4.066801071 -0.011496693 0.998823822 0.047084585 -0.469451606 0.823522210 -0.017250478 0.567021430 21.140039444
0.520438910 0.046800770 -0.852615416 -4.514323235 -0.009892328 0.998759508 0.048784487 -0.445918798 0.853842020 -0.016954966 0.520255983 21.379354477
0.471884310 0.046662796 -0.880424798 -4.968324184 -0.009022993 0.998800874 0.048100736 -0.415787578 0.881614685 -0.014753887 0.471739262 21.568004608
0.419936121 0.046160128 -0.906378984 -5.483403206 -0.004409862 0.998797357 0.048823711 -0.401555538 0.907543242 -0.016505810 0.419634163 21.761903763
0.366948068 0.045119781 -0.929146647 -5.989835262 0.000700411 0.998809099 0.048779283 -0.390984058 0.930241466 -0.018550225 0.366478950 21.903493881
0.313304752 0.043940481 -0.948635638 -6.478191376 0.003388569 0.998870611 0.047386523 -0.379535377 0.949646890 -0.018060923 0.312801361 22.023960114
0.259985834 0.048988894 -0.964368999 -7.081084728 0.004105283 0.998646915 0.051836960 -0.320472121 0.965604067 -0.017435854 0.259432256 22.152936935
0.208488077 0.054472372 -0.976506829 -7.652938366 0.006861200 0.998341382 0.057155315 -0.297726810 0.978001058 -0.018616175 0.207767934 22.255781174
0.160324737 0.055972636 -0.985476077 -8.189358711 0.011862407 0.998209178 0.058625780 -0.287901282 0.986993313 -0.021089235 0.159372911 22.313220978
0.115316987 0.057556879 -0.991659820 -8.851477623 0.014661159 0.998111963 0.059636354 -0.266888618 0.993220747 -0.021415921 0.114254698 22.360879898
0.076003484 0.056774989 -0.995489895 -9.474336624 0.014885302 0.998201370 0.058066167 -0.242088795 0.996996701 -0.019231357 0.075020917 22.387229919
0.039911661 0.052192014 -0.997839212 -10.170023918 0.012183053 0.998534918 0.052715790 -0.212500572 0.999129236 -0.014260661 0.039216600 22.382600784
0.011629483 0.051726632 -0.998593628 -10.814183235 0.010165191 0.998603106 0.051845599 -0.165259421 0.999881029 -0.010753784 0.011086682 22.341445923
-0.010575950 0.055548679 -0.998399973 -11.542936325 0.008723305 0.998422503 0.055457629 -0.145438015 0.999906123 -0.008122779 -0.011044595 22.342512131
-0.023421062 0.061709996 -0.997819424 -12.285558701 0.009735281 0.998059213 0.061496444 -0.101621568 0.999678016 -0.008273684 -0.023977147 22.322732925
-0.031261176 0.064223059 -0.997445881 -13.027837753 0.010100330 0.997902274 0.063936017 -0.079195142 0.999459863 -0.008075761 -0.031845041 22.290313721
-0.035049029 0.061644170 -0.997482598 -13.802286148 0.010790015 0.998060405 0.061300866 -0.041813254 0.999327004 -0.008614263 -0.035646953 22.257614136
-0.034287393 0.057940584 -0.997731090 -14.575367928 0.018443979 0.998184085 0.057333194 0.018343329 0.999241531 -0.016436283 -0.035294555 22.234308243
-0.020496102 0.055388413 -0.998254478 -15.303429604 0.029806912 0.998053670 0.054765426 0.020326555 0.999345124 -0.028632367 -0.022107916 22.126749039
-0.015077597 0.055436157 -0.998348296 -16.119146347 0.031315021 0.997997582 0.054943897 0.069750667 0.999395311 -0.030434839 -0.016784132 22.128826141
-0.010225715 0.053819068 -0.998498142 -16.991304398 0.029349284 0.998135805 0.053499106 0.150072396 0.999516487 -0.028758116 -0.011786945 22.120746613
-0.016923228 0.049675617 -0.998621762 -17.935764313 0.032983415 0.998248339 0.049098223 0.116150141 0.999311984 -0.032107029 -0.018532805 22.163457870
-0.015231506 0.038988858 -0.999123156 -18.819614410 0.030646807 0.998787344 0.038508683 0.130609572 0.999413550 -0.030033382 -0.016408665 22.131557465
-0.014719415 0.029666275 -0.999451160 -19.729555130 0.023649335 0.999289632 0.029313330 0.196849406 0.999611318 -0.023204872 -0.015411295 22.111349106
-0.015621481 0.026809966 -0.999517977 -20.640220642 0.017743126 0.999489605 0.026532050 0.205659598 0.999719679 -0.017320100 -0.016089942 22.078113556
-0.019162957 0.032354563 -0.999292195 -21.598180771 0.008353792 0.999445736 0.032199491 0.242093444 0.999780595 -0.007730828 -0.019423358 22.046537399
-0.023978723 0.039999638 -0.998911381 -22.533660889 0.003223709 0.999196291 0.039933808 0.303363919 0.999706447 -0.002262616 -0.024089143 21.993488312
-0.028388839 0.050128475 -0.998338640 -23.529033661 0.001892863 0.998741865 0.050095044 0.289190114 0.999594390 -0.000467544 -0.028448749 21.939441681
-0.030279331 0.059956856 -0.997740746 -24.567203522 0.000414787 0.998198926 0.059971940 0.357014418 0.999540567 0.001402103 -0.030250419 21.906436920
-0.031612791 0.068557948 -0.997145236 -25.567190170 0.002533457 0.997646034 0.068512186 0.364675164 0.999496222 -0.000360317 -0.031712819 21.863204956
-0.033131547 0.070310757 -0.996973813 -26.605619431 0.004115609 0.997522473 0.070212826 0.388576031 0.999441803 -0.001776850 -0.033339586 21.818092346
-0.035255205 0.067179926 -0.997116923 -27.580686569 0.002938051 0.997739553 0.067118153 0.462205768 0.999373317 -0.000563272 -0.035373647 21.766540527
-0.037982933 0.062428176 -0.997325659 -28.641956329 0.000660107 0.998046696 0.062448353 0.518630862 0.999277711 0.001713675 -0.037950724 21.744701385
-0.042604797 0.056522809 -0.997491002 -29.669542313 -0.000702103 0.998395264 0.056604199 0.558888078 0.999091208 0.003111995 -0.042497523 21.667453766
-0.048449848 0.052464336 -0.997446001 -30.679361343 -0.000021084 0.998618245 0.052527197 0.590791464 0.998825014 0.002566003 -0.048382591 21.604806900
-0.054817837 0.049658857 -0.997259855 -31.754508972 -0.001527828 0.998755634 0.049817514 0.648798943 0.998494208 0.004254569 -0.054674558 21.543869019
-0.061620850 0.053265184 -0.996676385 -32.753822327 -0.000372152 0.998572111 0.053389691 0.673147798 0.998098612 0.003660873 -0.061513852 21.449876785
-0.068366639 0.057965774 -0.995974064 -33.845241547 -0.001694718 0.998300850 0.058217730 0.699842930 0.997657895 0.005668091 -0.068153061 21.357830048
-0.073955931 0.060727336 -0.995409966 -34.934024811 -0.003972974 0.998116374 0.061187856 0.764607430 0.997252584 0.008479994 -0.073576219 21.275630951
-0.077992722 0.062721640 -0.994978189 -35.960205078 -0.007365376 0.997953594 0.063486770 0.804677010 0.996925652 0.012279955 -0.077372015 21.191417694
-0.081285864 0.064824611 -0.994579673 -37.076869965 -0.011492939 0.997753382 0.065970987 0.853076696 0.996623516 0.016793223 -0.080359079 21.083267212
-0.083118461 0.065271296 -0.994399250 -38.111225128 -0.015809370 0.997638762 0.066805616 0.917885065 0.996413171 0.021273676 -0.081891179 20.985809326
-0.084980153 0.064822294 -0.994271159 -39.215114594 -0.017150570 0.997636437 0.066507794 0.943433762 0.996233940 0.022704231 -0.083668441 20.880401611
-0.086255267 0.064591981 -0.994176388 -40.305110931 -0.017400481 0.997644126 0.066327199 0.985276937 0.996119976 0.023020290 -0.084929034 20.788743973
-0.087321281 0.063992567 -0.994122028 -41.343685150 -0.018373724 0.997659326 0.065834478 1.044954538 0.996009707 0.024014546 -0.085942075 20.688140869
-0.088774994 0.063077897 -0.994051754 -42.452987671 -0.020304274 0.997668743 0.065121017 1.091471434 0.995843649 0.025964683 -0.087288246 20.573085785
-0.089378677 0.060969334 -0.994129300 -43.552597046 -0.024134649 0.997696996 0.063358285 1.136972904 0.995704055 0.029655924 -0.087702349 20.469619751
-0.089308783 0.055755470 -0.994441271 -44.609127045 -0.029996332 0.997826517 0.058639437 1.186594486 0.995550990 0.035066705 -0.087443188 20.342746735
-0.088706180 0.054463342 -0.994566858 -45.726325989 -0.032170717 0.997824371 0.057511322 1.252636909 0.995536983 0.037097640 -0.086762071 20.231885910
-0.086751170 0.058350135 -0.994518697 -46.820938110 -0.032222111 0.997594535 0.061341546 1.309056520 0.995707631 0.037367053 -0.084663317 20.144271851
-0.085595898 0.062713660 -0.994352996 -47.962295532 -0.032992341 0.997289240 0.065739147 1.337363482 0.995782495 0.038433142 -0.083295785 20.034875870
-0.083841421 0.062418874 -0.994520962 -49.038799286 -0.029965028 0.997424960 0.065127522 1.377537251 0.996027410 0.035261329 -0.081756145 19.928989410
-0.081807695 0.061210457 -0.994765341 -50.152652740 -0.029890206 0.997510493 0.063837722 1.423659086 0.996198654 0.034956258 -0.079775438 19.827363968
-0.077434711 0.061804179 -0.995078564 -51.283344269 -0.033655498 0.997343838 0.064564101 1.484199047 0.996427894 0.038489476 -0.075149976 19.731393814
-0.071758077 0.062791236 -0.995442450 -52.401451111 -0.039410423 0.997056663 0.065734252 1.530438662 0.996641934 0.043947898 -0.069073208 19.643718719
-0.066762820 0.063032113 -0.995774686 -53.546215057 -0.042648315 0.996908247 0.065963499 1.585119367 0.996855795 0.046872150 -0.063869141 19.553787231
-0.060643516 0.061901305 -0.996237159 -54.645481110 -0.044154428 0.996929765 0.064632386 1.643859506 0.997181296 0.047907941 -0.057725027 19.481550217
-0.055139959 0.061396126 -0.996588171 -55.807613373 -0.043450218 0.997012556 0.063826583 1.691449642 0.997531712 0.046821471 -0.052308485 19.388219833
-0.050047964 0.061001889 -0.996881068 -56.927658081 -0.041302234 0.997150481 0.063092202 1.735692024 0.997891307 0.044331159 -0.047386739 19.314048767
-0.043484639 0.061704330 -0.997145832 -58.050197601 -0.040505163 0.997158825 0.063471809 1.788839698 0.998231471 0.043149687 -0.040862646 19.272592545
-0.038482599 0.063825913 -0.997217953 -59.219062805 -0.038405687 0.997123718 0.065302253 1.838708162 0.998519659 0.040811915 -0.035921529 19.229019165
-0.032798048 0.064339511 -0.997387946 -60.368560791 -0.040386233 0.997023046 0.065644309 1.892903328 0.998644531 0.042433836 -0.030102866 19.187784195
-0.026759090 0.064357176 -0.997567117 -61.504608154 -0.039975006 0.997055769 0.065396793 1.939938784 0.998841047 0.041627795 -0.024108503 19.146720886
-0.022687983 0.060417961 -0.997914314 -62.664875031 -0.040209718 0.997307181 0.061295655 1.988699913 0.998932362 0.041516613 -0.020198373 19.111373901
-0.017304948 0.055670470 -0.998298049 -63.795646667 -0.040413260 0.997591674 0.056331884 2.024713278 0.999031842 0.041319385 -0.015014314 19.072912216
-0.013718679 0.054408953 -0.998423278 -64.976997375 -0.041204825 0.997637391 0.054932561 2.073037386 0.999055207 0.041893538 -0.011445215 19.052417755
-0.010727034 0.056419306 -0.998348236 -66.138595581 -0.039833467 0.997588277 0.056804620 2.126419544 0.999147534 0.040377066 -0.008454639 19.037052155
-0.009529383 0.056340553 -0.998364925 -67.331138611 -0.039374005 0.997613966 0.056674268 2.163310528 0.999177814 0.039849736 -0.007289145 19.008329391
-0.008786278 0.055740256 -0.998405397 -68.515068054 -0.041481081 0.997563362 0.056058556 2.207490444 0.999099433 0.041907519 -0.006453555 18.989746094
-0.007356314 0.056733929 -0.998360932 -69.666175842 -0.042479344 0.997468293 0.056996450 2.255265236 0.999069095 0.042829037 -0.004928516 18.971912384
-0.008003934 0.056515168 -0.998368323 -70.875343323 -0.042258065 0.997488558 0.056804385 2.305986166 0.999073505 0.042643797 -0.005596461 18.920492172
-0.006428328 0.054570138 -0.998487890 -72.057861328 -0.043052319 0.997566998 0.054797221 2.349321842 0.999050915 0.043339513 -0.004064162 18.906471252
-0.004943203 0.053249143 -0.998567402 -73.227371216 -0.042286422 0.997674882 0.053411111 2.381502151 0.999092102 0.042489901 -0.002680838 18.904706955
-0.006042877 0.053362943 -0.998555362 -74.438652039 -0.038479999 0.997821093 0.053556815 2.424701691 0.999239922 0.038748082 -0.003977153 18.863025665
-0.006049233 0.053998791 -0.998521149 -75.608749390 -0.036290698 0.997869134 0.054183640 2.467925072 0.999321759 0.036564816 -0.004077539 18.854024887
-0.005623240 0.056707572 -0.998373389 -76.781211853 -0.035746232 0.997739017 0.056873139 2.497691631 0.999343991 0.036007941 -0.003584293 18.842906952
-0.006204960 0.060216963 -0.998164415 -77.995010376 -0.037243523 0.997476399 0.060407247 2.545908928 0.999285758 0.037550028 -0.003947462 18.827249527
-0.005175295 0.060688943 -0.998141706 -79.159568787 -0.039226603 0.997373819 0.060845904 2.583251238 0.999215782 0.039468657 -0.002781931 18.816150665
-0.005107604 0.058428485 -0.998277068 -80.354202271 -0.040429559 0.997460961 0.058587845 2.629871845 0.999168158 0.040659182 -0.002733243 18.790254593
-0.004645678 0.056259606 -0.998403847 -81.526924133 -0.040998824 0.997563720 0.056403294 2.676085472 0.999147177 0.041195448 -0.002328626 18.774780273
-0.004978944 0.055527903 -0.998443186 -82.733154297 -0.039406355 0.997668326 0.055681579 2.709078550 0.999209642 0.039622284 -0.002780028 18.752939224
-0.005022856 0.056910750 -0.998364806 -83.936080933 -0.037509046 0.997663796 0.057059716 2.753485680 0.999282539 0.037734386 -0.002877301 18.740900040
-0.005069763 0.059715055 -0.998200655 -85.100563049 -0.036937196 0.997520924 0.059862189 2.793709278 0.999303699 0.037174296 -0.002852335 18.728322983
-0.004294392 0.061911099 -0.998070478 -86.259475708 -0.036990594 0.997386575 0.062028032 2.835861206 0.999305427 0.037185661 -0.001993884 18.713747025
-0.004216819 0.062016435 -0.998064220 -87.449020386 -0.038492460 0.997323155 0.062133215 2.879705191 0.999249041 0.038680036 -0.001819209 18.694770813
-0.003941176 0.060258266 -0.998172998 -88.603103638 -0.038085900 0.997447371 0.060365014 2.922003984 0.999265790 0.038254298 -0.001636967 18.684413910
-0.003408273 0.058500025 -0.998279452 -89.769737244 -0.035981704 0.997631490 0.058585078 2.983549833 0.999345660 0.036119543 -0.001296110 18.679088593
-0.003139652 0.058457863 -0.998282969 -90.920944214 -0.034037814 0.997702837 0.058531139 3.024508953 0.999414563 0.034163196 -0.001143503 18.671531677
-0.002631128 0.061636936 -0.998093128 -92.068260193 -0.032020304 0.997579157 0.061689828 3.063766718 0.999482691 0.032121614 -0.000651965 18.664182663
-0.003162507 0.064521581 -0.997909307 -93.249565125 -0.029864047 0.997462690 0.064587571 3.119173527 0.999547958 0.030005917 -0.001228447 18.651824951
-0.003128289 0.066657305 -0.997768819 -94.407546997 -0.031030908 0.997286379 0.066722572 3.167218924 0.999512553 0.031170461 -0.001052203 18.655784607
-0.002678554 0.068405151 -0.997651815 -95.557708740 -0.033183038 0.997099519 0.068456590 3.229249001 0.999444664 0.033288557 -0.000401731 18.653636932
-0.002588084 0.067640357 -0.997704268 -96.721885681 -0.035446484 0.997074068 0.067689799 3.281205893 0.999367237 0.035540376 -0.000183735 18.635938644
-0.002645765 0.064198896 -0.997931600 -97.910011292 -0.038347866 0.997193933 0.064253390 3.315217018 0.999259889 0.038438648 -0.000177283 18.627338409
-0.002458549 0.061941419 -0.998074770 -99.064620972 -0.039938096 0.997274816 0.061990406 3.364231825 0.999198139 0.040013708 0.000021140 18.601951599
-0.002417529 0.060750950 -0.998147905 -100.218360901 -0.040170778 0.997338772 0.060799237 3.397967815 0.999188900 0.040243462 0.000028485 18.601371765
-0.002241825 0.060874932 -0.998140693 -101.368171692 -0.037903253 0.997420490 0.060916364 3.461090088 0.999278009 0.037969433 0.000070483 18.605983734
-0.002526178 0.063517749 -0.997975409 -102.544975281 -0.037823081 0.997257888 0.063568078 3.510926008 0.999280334 0.037907191 -0.000117647 18.606338501
-0.002131930 0.065617308 -0.997840405 -103.682113647 -0.035691161 0.997201562 0.065651804 3.557092667 0.999359727 0.035754159 0.000215163 18.598144531
-0.002682834 0.064485006 -0.997912943 -104.855766296 -0.040142741 0.997104585 0.064540982 3.609851837 0.999189615 0.040232245 -0.000087293 18.575847626
-0.002871506 0.065224059 -0.997864366 -106.031272888 -0.044509314 0.996870577 0.065287471 3.667291164 0.999004066 0.044601880 0.000039726 18.563695908
-0.002831924 0.064642161 -0.997902334 -107.182571411 -0.047808163 0.996755898 0.064703852 3.721946478 0.998851776 0.047891267 0.000266856 18.549453735
-0.003591706 0.061533149 -0.998096228 -108.367462158 -0.048270624 0.996928155 0.061635084 3.772140980 0.998826921 0.048400261 -0.000611263 18.542032242
-0.004398727 0.056705642 -0.998378932 -109.555351257 -0.049765881 0.997138619 0.056854714 3.819465637 0.998750269 0.049935449 -0.001564972 18.526205063
-0.005576814 0.055989329 -0.998413563 -110.703697205 -0.045794334 0.997366726 0.056186687 3.873755693 0.998934329 0.046035159 -0.002998979 18.530271530
-0.005877405 0.055219296 -0.998454690 -111.925056458 -0.040325824 0.997646034 0.055412233 3.916986942 0.999168217 0.040589303 -0.003637653 18.518985748
-0.005928940 0.057162695 -0.998345077 -113.124511719 -0.039718989 0.997560620 0.057353955 3.967929602 0.999192059 0.039993405 -0.003644881 18.500207901
-0.006653623 0.061854802 -0.998060822 -114.363708496 -0.038981613 0.997307420 0.062068295 4.017437458 0.999216437 0.039319098 -0.004225359 18.498603821
-0.007243255 0.062165949 -0.998037398 -115.581611633 -0.037273154 0.997352362 0.062394109 4.071777344 0.999277651 0.037652034 -0.004907811 18.483701706
-0.007509217 0.057301760 -0.998326540 -116.785415649 -0.037193991 0.997646868 0.057542838 4.120603561 0.999278843 0.037563946 -0.005361119 18.458446503
-0.008626442 0.053442739 -0.998531401 -118.023986816 -0.038562357 0.997807145 0.053737435 4.163422585 0.999217987 0.038969409 -0.006547504 18.418455124
-0.009075074 0.051954497 -0.998606026 -119.247093201 -0.037060183 0.997942805 0.052257106 4.197106361 0.999270916 0.037482865 -0.007131820 18.384462357
-0.010024101 0.053060390 -0.998538792 -120.513244629 -0.038044840 0.997844875 0.053405773 4.251841545 0.999224901 0.038524702 -0.007984689 18.367567062
-0.011009357 0.057736740 -0.998269141 -121.766868591 -0.042539917 0.997397900 0.058155846 4.312043190 0.999033391 0.043106653 -0.008525459 18.386325836
-0.011491858 0.061906911 -0.998013675 -122.999374390 -0.048227251 0.996882915 0.062392447 4.354709625 0.998769522 0.048848592 -0.008471306 18.360784531
-0.011525003 0.061545350 -0.998035789 -124.280174255 -0.055332467 0.996532738 0.062091973 4.418663979 0.998400748 0.055939540 -0.008080452 18.315153122
-0.011534348 0.059074089 -0.998184979 -125.544883728 -0.059108078 0.996464610 0.059655666 4.469759941 0.998184144 0.059689060 -0.008002689 18.294538498
-0.012232292 0.058084473 -0.998234689 -126.784439087 -0.061143856 0.996396780 0.058727168 4.515190125 0.998053253 0.061754454 -0.008637585 18.265302658
-0.012768419 0.057502344 -0.998261690 -128.066345215 -0.061492499 0.996407270 0.058182433 4.566816807 0.998025060 0.062128667 -0.009187466 18.246444702
-0.013158171 0.056751419 -0.998299420 -129.306396484 -0.058841996 0.996610701 0.057431389 4.607667446 0.998179615 0.059497762 -0.009775092 18.219940186
-0.013930210 0.056872893 -0.998281956 -130.587707520 -0.059094511 0.996585906 0.057601277 4.652106285 0.998154283 0.059795521 -0.010522667 18.201080322
-0.014441403 0.062240228 -0.997954309 -131.837020874 -0.059449442 0.996238351 0.062993899 4.702674389 0.998125851 0.060237706 -0.010687828 18.167444229
-0.014763486 0.067350402 -0.997617662 -133.070159912 -0.058661211 0.995948672 0.068106227 4.739256859 0.998167753 0.059527107 -0.010753716 18.140935898
-0.014569819 0.065881476 -0.997718573 -134.352951050 -0.058619898 0.996051133 0.066627793 4.811028481 0.998172998 0.059457082 -0.010651219 18.115020752
-0.014221482 0.063490935 -0.997878373 -135.596435547 -0.057767000 0.996259689 0.064211577 4.875107288 0.998227656 0.058557793 -0.010501510 18.086599350
-0.012983287 0.063742906 -0.997879148 -136.820388794 -0.057060208 0.996289372 0.064384073 4.925374985 0.998285174 0.057775278 -0.009298824 18.068801880
-0.012059811 0.062821187 -0.997949243 -138.099594116 -0.057764228 0.996310830 0.063416436 4.977128029 0.998256207 0.058410723 -0.008387394 18.041568756
-0.011422718 0.064778022 -0.997831702 -139.321182251 -0.057226088 0.996218324 0.065328740 5.025561333 0.998294592 0.057848413 -0.007673414 18.011680603
-0.010374261 0.068730384 -0.997578561 -140.584960938 -0.058351569 0.995890200 0.069221221 5.074355602 0.998240888 0.058928579 -0.006321979 17.984989166
-0.009230616 0.070104823 -0.997494221 -141.847671509 -0.059215132 0.995747328 0.070530355 5.136306286 0.998201311 0.059717983 -0.005040967 17.966936111
-0.008621260 0.067082718 -0.997707367 -143.053405762 -0.061712787 0.995806456 0.067488499 5.189118385 0.998055458 0.062153328 -0.004446115 17.943674088
-0.008499671 0.064120777 -0.997903228 -144.331222534 -0.061098158 0.996041000 0.064521857 5.257569790 0.998094320 0.061518662 -0.004549228 17.920555115
-0.008301378 0.063071415 -0.997971773 -145.568603516 -0.058558766 0.996262312 0.063450806 5.303965569 0.998248219 0.058966924 -0.004577836 17.899007797
-0.007707024 0.062443726 -0.998016059 -146.792770386 -0.056331187 0.996433258 0.062780015 5.353662968 0.998381078 0.056703467 -0.004162875 17.887109756
-0.008710789 0.061947323 -0.998038709 -148.047576904 -0.053765994 0.996603429 0.062327821 5.414561272 0.998514295 0.054203644 -0.005351414 17.855619431
-0.008521404 0.061000921 -0.998098612 -149.271545410 -0.051188510 0.996799171 0.061358858 5.440473557 0.998651385 0.051614206 -0.005372456 17.828872681
-0.008988799 0.060775217 -0.998108149 -150.525955200 -0.051216785 0.996810198 0.061157729 5.494825363 0.998645842 0.051669799 -0.005848290 17.811355591
-0.008775731 0.063054472 -0.997968733 -151.764663696 -0.048677914 0.996796727 0.063408785 5.546838284 0.998774707 0.049135651 -0.005679135 17.802091599
-0.008889779 0.065579191 -0.997804821 -152.952453613 -0.045878410 0.996766567 0.065919966 5.607634544 0.998906016 0.046363875 -0.005853244 17.789062500
-0.009439996 0.063583992 -0.997928798 -154.201049805 -0.043788642 0.996989489 0.063938633 5.664697170 0.998994768 0.044301674 -0.006628204 17.760276794
-0.009945476 0.063565619 -0.997925043 -155.432495117 -0.045082565 0.996931016 0.063951872 5.717610359 0.998932242 0.045625214 -0.007050139 17.742815018
-0.010020399 0.068594947 -0.997590959 -156.643890381 -0.045184582 0.996591032 0.068980314 5.773898125 0.998926878 0.045767117 -0.006887692 17.716611862
-0.009880317 0.075172529 -0.997118235 -157.906585693 -0.049555611 0.995904982 0.075572371 5.843608856 0.998720944 0.050159689 -0.006115519 17.682516098
-0.008508246 0.075768463 -0.997085750 -159.093582153 -0.055112034 0.995570958 0.076123878 5.900424957 0.998442411 0.055599332 -0.004295681 17.670066833
-0.007384915 0.071845867 -0.997385025 -160.364517212 -0.059048582 0.995640635 0.072157674 5.967696667 0.998226225 0.059427310 -0.003111186 17.635753632
-0.005679373 0.066218212 -0.997785628 -161.588485718 -0.061355371 0.995898843 0.066442497 6.019046783 0.998098254 0.061597116 -0.001594090 17.631158829
-0.005265272 0.064484991 -0.997901320 -162.773040771 -0.063246682 0.995895863 0.064689346 6.089001179 0.997982383 0.063454829 -0.001166053 17.604497910
-0.004419734 0.061651986 -0.998084366 -164.023529053 -0.058999144 0.996339679 0.061805688 6.123828411 0.998246491 0.059159569 -0.000766994 17.588518143
-0.003920421 0.056888845 -0.998369336 -165.243087769 -0.054720752 0.996869147 0.057018455 6.179131031 0.998492241 0.054855291 -0.000795999 17.578521729
-0.003768054 0.054443177 -0.998506248 -166.435119629 -0.049200762 0.997294247 0.054562949 6.212272644 0.998780072 0.049333084 -0.001080065 17.569351196
-0.004840702 0.056093320 -0.998410225 -167.683654785 -0.045602705 0.997371197 0.056256220 6.267324448 0.998946130 0.045802731 -0.002270828 17.531154633
-0.003927731 0.063902229 -0.997944891 -168.878311157 -0.046557769 0.996859014 0.064016111 6.306295395 0.998906076 0.046713728 -0.000941102 17.549274445
-0.002771772 0.066747621 -0.997762561 -170.132232666 -0.047320899 0.996640146 0.066804163 6.371654034 0.998873830 0.047400370 0.000395250 17.523740768
-0.001189353 0.063770764 -0.997960508 -171.353118896 -0.049723171 0.996723115 0.063751176 6.407112122 0.998760343 0.049697753 0.001984590 17.519144058
-0.000227039 0.063117661 -0.998002708 -172.528488159 -0.051292408 0.996688426 0.063046433 6.465684891 0.998681605 0.051204458 0.003010336 17.513261795
0.000309887 0.064463004 -0.997916639 -173.773574829 -0.050003927 0.996669292 0.064367108 6.531363964 0.998746991 0.049879991 0.003531424 17.505073547
0.001515392 0.063115083 -0.998001695 -174.971862793 -0.048883259 0.996814251 0.062965989 6.574251652 0.998801410 0.048690345 0.004595008 17.474630356
0.002757669 0.061400179 -0.998106122 -176.124450684 -0.049841922 0.996877551 0.061187103 6.610169411 0.998751223 0.049578968 0.005808542 17.479753494
0.004194590 0.063351020 -0.997979105 -177.303619385 -0.051109772 0.996696949 0.063055009 6.660154819 0.998682201 0.050742168 0.007417778 17.486927032
0.005676020 0.065574437 -0.997828305 -178.408584595 -0.050999958 0.996564567 0.065201491 6.699606419 0.998680472 0.050519280 0.009000006 17.497520447
0.006319994 0.066851847 -0.997739673 -179.534896851 -0.051563185 0.996453702 0.066439278 6.735414505 0.998647809 0.051026870 0.009743867 17.478698730
0.006795851 0.068136141 -0.997649670 -180.619781494 -0.052510057 0.996320307 0.067687869 6.783444405 0.998595238 0.051926799 0.010347871 17.480003357
0.006699884 0.069172621 -0.997579098 -181.623825073 -0.051319674 0.996310234 0.068740167 6.816823483 0.998657882 0.050735034 0.010224273 17.470735550
0.007003995 0.068579763 -0.997617900 -182.665206909 -0.051416457 0.996347070 0.068131633 6.853919983 0.998650730 0.050816931 0.010503737 17.466915131
0.008211312 0.068412915 -0.997620165 -183.620971680 -0.052124683 0.996326387 0.067895375 6.885146618 0.998604715 0.051443283 0.011746354 17.472911835
0.009238660 0.068959422 -0.997573555 -184.600387573 -0.052749287 0.996260345 0.068380348 6.933532238 0.998562992 0.051989693 0.012840882 17.484689713
0.008403176 0.067738041 -0.997664690 -185.548416138 -0.052073572 0.996375322 0.067212105 6.963880062 0.998605728 0.051387303 0.011899289 17.486446381
0.005729105 0.064623334 -0.997890234 -186.455398560 -0.048766848 0.996736825 0.064268850 6.990746498 0.998791456 0.048295874 0.008861081 17.497247696
0.000923621 0.061472751 -0.998105228 -187.405197144 -0.048554134 0.996930778 0.061355677 7.019072533 0.998817861 0.048405580 0.003904715 17.471504211
-0.003786096 0.058231369 -0.998292744 -188.312515259 -0.050879739 0.996995091 0.058348835 7.064190388 0.998695254 0.051013917 -0.000812771 17.448610306
-0.007741520 0.057375435 -0.998319447 -189.206390381 -0.052349869 0.996956527 0.057703245 7.103557587 0.998596311 0.052708734 -0.004715228 17.420600891
-0.010865705 0.057894550 -0.998260260 -190.161102295 -0.054518308 0.996799588 0.058403425 7.137434483 0.998451233 0.055058222 -0.007675495 17.393482208
-0.012751216 0.059521563 -0.998142242 -191.053909302 -0.053366072 0.996759772 0.060121056 7.171385765 0.998491108 0.054033700 -0.009534354 17.390525818
-0.014090938 0.061377134 -0.998011649 -192.027450562 -0.050383914 0.996798873 0.062014110 7.200813770 0.998627841 0.051157713 -0.010954313 17.383337021
-0.015452130 0.061666884 -0.997973680 -192.932678223 -0.048671033 0.996862948 0.062352039 7.237811089 0.998692632 0.049536020 -0.012403172 17.369602203
-0.016334923 0.061062142 -0.997996807 -193.822616577 -0.048833620 0.996889651 0.061793894 7.258466721 0.998670578 0.049745332 -0.013303141 17.347282410
-0.017019708 0.059818335 -0.998060763 -194.748397827 -0.050565690 0.996876061 0.060609814 7.300309181 0.998572946 0.051499341 -0.013942694 17.309852600
-0.016865129 0.058904633 -0.998117745 -195.632934570 -0.054683629 0.996710837 0.059745792 7.340654373 0.998358369 0.055588491 -0.013589448 17.297431946
-0.016758349 0.057343103 -0.998210669 -196.569107056 -0.056888338 0.996678233 0.058210373 7.374727726 0.998236716 0.057762247 -0.013441438 17.253763199
-0.016207101 0.055085555 -0.998346865 -197.466186523 -0.057451338 0.996776402 0.055931788 7.408360481 0.998213589 0.058263063 -0.012991025 17.227804184
-0.015444708 0.052164324 -0.998515844 -198.358963013 -0.057376672 0.996942461 0.052969836 7.435198307 0.998229921 0.058109816 -0.012405377 17.195804596
-0.014965234 0.052155670 -0.998523653 -199.310470581 -0.057409950 0.996942520 0.052933730 7.463213921 0.998235404 0.058117546 -0.011926131 17.185005188
-0.014154186 0.054593958 -0.998405099 -200.236648560 -0.054969661 0.996951818 0.055294015 7.501098156 0.998384595 0.055664822 -0.011110935 17.169992447
-0.014158228 0.055866253 -0.998334467 -201.177703857 -0.053922445 0.996938229 0.056553051 7.543111801 0.998441637 0.054633517 -0.011103339 17.149290085
-0.013796393 0.052323557 -0.998531461 -202.145248413 -0.049685035 0.997356355 0.052948665 7.562255859 0.998666465 0.050342727 -0.011161130 17.137809753
-0.012979306 0.048446082 -0.998737991 -203.078399658 -0.047449093 0.997666359 0.049010932 7.585881710 0.998786211 0.048025485 -0.010651198 17.111310959
-0.012688261 0.049316321 -0.998699188 -204.047973633 -0.052576795 0.997364283 0.049918577 7.617400169 0.998533130 0.053141948 -0.010062827 17.085887909
-0.011681397 0.052837078 -0.998531401 -204.991165161 -0.053535633 0.997133613 0.053389575 7.680042267 0.998494327 0.054080848 -0.008820140 17.066104889
-0.009583320 0.053122181 -0.998538554 -205.932266235 -0.051046897 0.997255862 0.053544015 7.699066162 0.998647034 0.051485587 -0.006846181 17.047779083
-0.007273940 0.053600397 -0.998532474 -206.947952271 -0.049791325 0.997300327 0.053897124 7.732773781 0.998729885 0.050110444 -0.004586341 17.033840179
-0.005766258 0.058300000 -0.998278916 -207.900054932 -0.050272651 0.997015655 0.058516767 7.783329010 0.998715699 0.050523695 -0.002819019 17.023706436
-0.003985973 0.062774420 -0.998016238 -208.928909302 -0.047398042 0.996890008 0.062893033 7.827454090 0.998864889 0.047554839 -0.000999050 17.026184082
-0.002328947 0.063855924 -0.997952878 -209.936782837 -0.046593927 0.996864200 0.063895151 7.859709740 0.998907983 0.046647485 0.000652804 17.021976471
-0.000062377 0.064414091 -0.997919679 -210.915359497 -0.049949270 0.996673226 0.064336911 7.903477669 0.998748541 0.049849510 0.003154427 17.011465073
0.002673168 0.065656237 -0.997835279 -211.932250977 -0.052624106 0.996464789 0.065425217 7.967701435 0.998607635 0.052335437 0.006117992 16.997703552
0.005572850 0.066165239 -0.997789741 -212.928558350 -0.053032722 0.996419966 0.065778345 8.013967514 0.998573899 0.052549072 0.009061007 16.993289948
0.008546114 0.063733570 -0.997927010 -213.985961914 -0.056056596 0.996424079 0.063157663 8.062118530 0.998387694 0.055400789 0.012087438 16.979560852
