1.000000000 -0.000000000 0.000000000 0.000000000 -0.000000000 1.000000000 0.000000000 0.000000000 0.000000000 0.000000000 1.000000000 0.000000000
0.999951243 -0.001452059 0.009765213 0.015601989 0.001445757 0.999998748 0.000652398 -0.009479337 -0.009766148 -0.000638248 0.999952078 0.265551418
0.999841273 -0.003467345 0.017474426 0.010230419 0.003441138 0.999992907 0.001529578 -0.021143166 -0.017479606 -0.001469203 0.999846160 0.572363317
0.999798000 -0.006790271 0.018917250 0.025371499 0.006804498 0.999976635 -0.000687778 -0.002574303 -0.018912137 0.000816361 0.999820828 0.882812858
0.999823034 -0.007828412 0.017107010 0.030679567 0.007848139 0.999968588 -0.001086332 -0.016956139 -0.017097969 0.001220398 0.999853075 1.162598372
0.999879062 -0.011489410 0.010483600 0.021677652 0.011531927 0.999925494 -0.004004166 -0.009248609 -0.010436813 0.004124577 0.999937057 1.497705102
0.999927521 -0.011928873 -0.001624485 0.018725995 0.011921549 0.999919057 -0.004445535 -0.030170340 0.001677384 0.004425846 0.999988794 1.809372306
0.999786496 -0.011982849 -0.016834702 -0.025341915 0.011898897 0.999916315 -0.005078210 -0.027499780 0.016894145 0.004876811 0.999845386 2.153160572
0.999336123 -0.008082912 -0.035523534 -0.036748663 0.007898243 0.999954522 -0.005335759 -0.031315189 0.035565041 0.005051643 0.999354541 2.513038397
0.998455107 -0.005992271 -0.055241533 -0.085517548 0.005683952 0.999967456 -0.005736699 -0.045493416 0.055274099 0.005413847 0.998456419 2.870344162
0.997185051 -0.003971117 -0.074876949 -0.129428506 0.003486580 0.999972165 -0.006600715 -0.046369143 0.074901089 0.006321067 0.997170985 3.217376947
0.995348573 -0.004447832 -0.096237637 -0.184153363 0.003867514 0.999973118 -0.006215753 -0.052321896 0.096262708 0.005814637 0.995339036 3.606273890
0.993273437 -0.004911494 -0.115688980 -0.248450473 0.004278866 0.999974489 -0.005716071 -0.054385498 0.115714118 0.005182600 0.993269086 3.999327660
0.991061091 -0.004816429 -0.133323163 -0.320311219 0.004218871 0.999979794 -0.004764156 -0.058853835 0.133343399 0.004159094 0.991061330 4.376038551
0.988759160 -0.004374069 -0.149453849 -0.382290900 0.003785948 0.999983907 -0.004219417 -0.067482449 0.149469957 0.003606159 0.988759816 4.780715466
0.986724615 -0.003438848 -0.162366211 -0.468363047 0.002870427 0.999988794 -0.003735311 -0.065577298 0.162377283 0.003219659 0.986723721 5.185463905
0.984583259 -0.004238374 -0.174866050 -0.566114664 0.003472667 0.999982893 -0.004684569 -0.066917136 0.174882963 0.004005091 0.984581351 5.632854939
0.982810557 -0.007534646 -0.184463561 -0.661049485 0.006501056 0.999959588 -0.006207375 -0.077893645 0.184502900 0.004901460 0.982819915 6.073966503
0.981275439 -0.006497277 -0.192500129 -0.746734560 0.005067362 0.999955714 -0.007919533 -0.080181211 0.192543119 0.006795772 0.981265128 6.517745972
0.979788244 -0.006930514 -0.199916109 -0.853686273 0.004928701 0.999932528 -0.010509213 -0.103858337 0.199975580 0.009311473 0.979756713 6.994339466
0.978278995 -0.007704203 -0.207148001 -0.970421314 0.005093972 0.999900639 -0.013131229 -0.110567681 0.207228765 0.011790799 0.978221476 7.479004860
0.976502061 -0.011580266 -0.215195343 -1.087799311 0.008421104 0.999842763 -0.015591499 -0.127531707 0.215342239 0.013412949 0.976446688 8.009522438
0.974696398 -0.016958190 -0.222886890 -1.198655963 0.013554158 0.999766886 -0.016793460 -0.143035844 0.223119929 0.013347482 0.974699795 8.522241592
0.972750843 -0.018085875 -0.231144905 -1.325413227 0.013998376 0.999715388 -0.019311629 -0.174209490 0.231428608 0.015549753 0.972727716 9.036812782
0.970555365 -0.013939879 -0.240472376 -1.479358554 0.008621218 0.999694526 -0.023155414 -0.164950013 0.240721896 0.020400455 0.970380127 9.567669868
0.968396664 -0.011577691 -0.249144286 -1.631302595 0.005249582 0.999646604 -0.026048783 -0.178882778 0.249358088 0.023917664 0.968116283 10.070918083
0.965920866 -0.014580449 -0.258424073 -1.790107727 0.007546494 0.999573886 -0.028189722 -0.197595075 0.258725226 0.025278857 0.965620637 10.633006096
0.963628590 -0.015966637 -0.266765505 -1.959614635 0.008286706 0.999518633 -0.029890023 -0.232886195 0.267114609 0.026592284 0.963298202 11.181367874
0.961644173 -0.015820984 -0.273841143 -2.127913475 0.007181210 0.999444962 -0.032524068 -0.249072179 0.274203867 0.029310087 0.961225390 11.777899742
0.959336042 -0.014627933 -0.281885147 -2.315846443 0.004737764 0.999349833 -0.035735507 -0.263708025 0.282224745 0.032946873 0.958782911 12.395718575
0.957240164 -0.016145147 -0.288841546 -2.508053303 0.004413076 0.999140084 -0.041222904 -0.300242484 0.289258838 0.038185567 0.956489444 12.971653938
0.955354035 -0.016562376 -0.294996738 -2.705386162 0.002485480 0.998842597 -0.048029996 -0.335272938 0.295450926 0.045152485 0.954290748 13.588229179
0.954120636 -0.017515106 -0.298907042 -2.914220810 0.000652275 0.998406827 -0.056421738 -0.377944231 0.299419135 0.053638235 0.952613294 14.214859009
0.952893555 -0.018142141 -0.302758783 -3.120044947 -0.001787431 0.997856319 -0.065419994 -0.432227612 0.303296626 0.062879533 0.950819731 14.824267387
0.951407313 -0.016824476 -0.307472259 -3.342391253 -0.006275868 0.997239590 -0.073986977 -0.463597178 0.307868242 0.072321512 0.948676765 15.452109337
0.950038910 -0.015835430 -0.311726511 -3.576237440 -0.009887256 0.996684313 -0.080763772 -0.515881300 0.311971843 0.079810962 0.946733594 16.092521667
0.948657990 -0.014416607 -0.315971673 -3.807003498 -0.013991124 0.996070504 -0.087453268 -0.583379149 0.315990746 0.087384157 0.944730043 16.772132874
0.947173953 -0.012661082 -0.320467114 -4.052078247 -0.018264463 0.995469630 -0.093311779 -0.651181817 0.320196569 0.094235785 0.942652941 17.449897766
0.945486248 -0.010741632 -0.325481623 -4.310480118 -0.022723235 0.994844079 -0.098840490 -0.723378301 0.324865043 0.100848459 0.940368593 18.115488052
0.943780601 -0.006887170 -0.330497295 -4.588210583 -0.028296528 0.994430423 -0.101527408 -0.782317162 0.329355687 0.105171680 0.938330650 18.831502914
0.942000210 -0.007309366 -0.335528463 -4.823717117 -0.029045166 0.994236410 -0.103203744 -0.875253558 0.334348828 0.106963657 0.936360240 19.508771896
0.939750493 -0.006300133 -0.341798872 -5.116546154 -0.030574281 0.994274855 -0.102388449 -0.959342837 0.340486944 0.106670089 0.934179187 20.244276047
0.937444389 -0.006258810 -0.348074466 -5.381165504 -0.030754685 0.994440675 -0.100710690 -1.045740008 0.346769601 0.105115853 0.932041883 20.946773529
0.935019553 -0.006673892 -0.354528904 -5.659987926 -0.030332213 0.994653106 -0.098720945 -1.129986525 0.353291810 0.103059873 0.929819405 21.668548584
0.932266772 -0.005996183 -0.361717075 -5.939360619 -0.030462151 0.995011032 -0.095005572 -1.215438962 0.360481828 0.099589437 0.927434742 22.350742340
0.928434968 -0.003272745 -0.371476054 -6.283006668 -0.032633618 0.995377481 -0.090331063 -1.290625453 0.370054185 0.095989339 0.924038053 23.187534332
0.925120056 -0.000360475 -0.379669935 -6.590067863 -0.034437131 0.995798290 -0.084856540 -1.369266510 0.378104866 0.091577455 0.921222508 23.897167206
0.921632528 0.002732611 -0.388049036 -6.922355652 -0.037037142 0.996030271 -0.080950886 -1.439104915 0.386287004 0.088979438 0.918077171 24.645709991
0.917733908 0.003779132 -0.397173077 -7.255054474 -0.038144741 0.996171892 -0.078661166 -1.509540200 0.395355016 0.087340310 0.914366782 25.377740860
0.913846910 0.004543760 -0.406028956 -7.626846313 -0.039637703 0.996160448 -0.078064665 -1.586097479 0.404114902 0.087433405 0.910520256 26.145462036
0.910050333 0.004186220 -0.414472222 -7.987866402 -0.039760154 0.996220052 -0.077238932 -1.661632776 0.412581712 0.086770967 0.906778574 26.906459808
0.906350017 0.005096313 -0.422492415 -8.375962257 -0.040783655 0.996313930 -0.075473040 -1.734204054 0.420549959 0.085635953 0.903218925 27.711887360
0.902473867 0.005007480 -0.430711091 -8.761604309 -0.040449314 0.996499360 -0.073168606 -1.810296297 0.428836495 0.083454877 0.899519145 28.498813629
0.898660898 0.005462495 -0.438605875 -9.163272858 -0.039788473 0.996815860 -0.069108248 -1.880666852 0.436831295 0.079556502 0.896018565 29.288629532
0.894699275 0.006587839 -0.446616709 -9.594192505 -0.038923517 0.997237921 -0.063265055 -1.939629436 0.444965810 0.073987246 0.892485976 30.097354889
0.890974343 0.006648315 -0.454001248 -10.011430740 -0.037443314 0.997563303 -0.058874156 -2.002651453 0.452503145 0.069454819 0.889053822 30.865354538
0.887216866 0.005683847 -0.461314023 -10.445197105 -0.035945546 0.997736454 -0.056838799 -2.070286989 0.459946185 0.067010656 0.885414541 31.701656342
0.884318054 0.006391772 -0.466837525 -10.881202698 -0.036625221 0.997774959 -0.055717058 -2.126500130 0.465442210 0.066369779 0.882586122 32.503555298
0.881238818 0.006460563 -0.472623318 -11.342556000 -0.036276832 0.997882128 -0.054000106 -2.184874535 0.471272856 0.064732410 0.879608452 33.330482483
0.878213048 0.005804413 -0.478230774 -11.810129166 -0.035208680 0.997998178 -0.052543577 -2.249669075 0.476967782 0.062982462 0.876661003 34.176624298
0.875580490 0.003482030 -0.483056217 -12.291752815 -0.032940917 0.998077154 -0.052513804 -2.300763607 0.481943846 0.061892513 0.874013186 34.993785858
0.873526454 0.002626804 -0.486766458 -12.771837234 -0.032520074 0.998066843 -0.052972939 -2.361689091 0.485685587 0.062103096 0.871924579 35.857208252
0.872124553 0.002394082 -0.489274949 -13.274616241 -0.032718003 0.998035610 -0.053435821 -2.415639877 0.488185257 0.062610932 0.870491087 36.717521667
0.871830344 0.002804026 -0.489796698 -13.787361145 -0.032844927 0.998068094 -0.052749667 -2.478935242 0.488701850 0.062076248 0.870239496 37.598636627
0.871494293 0.003813939 -0.490387499 -14.286896706 -0.033098396 0.998147547 -0.051057965 -2.540962458 0.489283860 0.060727924 0.870007336 38.477088928
0.871141195 0.002725482 -0.491021723 -14.779191971 -0.031542990 0.998230219 -0.050420865 -2.603105068 0.490014851 0.059412144 0.869686723 39.378604889
0.870833874 0.000921029 -0.491573334 -15.298025131 -0.029902175 0.998246193 -0.051102042 -2.661450148 0.490663767 0.059200648 0.869335115 40.261367798
0.869757831 -0.002898140 -0.493467361 -15.859671593 -0.026376698 0.998280764 -0.052352995 -2.716791391 0.492770106 0.058550615 0.868186712 41.199432373
0.868845880 0.000932003 -0.495079458 -16.410568237 -0.029256387 0.998347759 -0.049464379 -2.796227694 0.494214743 0.057461288 0.867438018 42.101276398
0.866723120 0.001770071 -0.498784214 -16.965290070 -0.028268682 0.998561084 -0.045577951 -2.863599300 0.497985274 0.053603563 0.865526378 43.058963776
0.863876522 0.001931000 -0.503697813 -17.525541306 -0.026347080 0.998797417 -0.041357961 -2.925931215 0.503011644 0.048999261 0.862888813 43.986408234
0.859142900 -0.001922021 -0.511729956 -18.015430450 -0.021361938 0.998987198 -0.039616592 -2.966428280 0.511286914 0.044967987 0.858232141 44.855991364
0.853998721 -0.005343124 -0.520245552 -18.590080261 -0.019197065 0.998943329 -0.041772027 -3.024911404 0.519918144 0.045660578 0.852994382 45.771369934
0.847495377 -0.008214368 -0.530736864 -19.156309128 -0.018343138 0.998830497 -0.044749968 -3.081949711 0.530482829 0.047660910 0.846354246 46.665721893
0.841789782 -0.009355157 -0.539722025 -19.731567383 -0.017339559 0.998865962 -0.044357628 -3.150606155 0.539523780 0.046698492 0.840673864 47.564651489
0.835574746 -0.006035771 -0.549341321 -20.325700760 -0.018320525 0.999078155 -0.038843516 -3.203068256 0.549068272 0.042521033 0.834694803 48.469917297
0.830643237 -0.001346741 -0.556801021 -20.916030884 -0.021336569 0.999186337 -0.034246892 -3.264871120 0.556392968 0.040327314 0.829939783 49.312999725
0.826804578 -0.001586009 -0.562484741 -21.556892395 -0.022334617 0.999115646 -0.035647094 -3.318616867 0.562042773 0.042036202 0.826039076 50.225234985
0.823369861 -0.003861605 -0.567489684 -22.157924652 -0.023093885 0.998921394 -0.040304221 -3.371417999 0.567032099 0.046290949 0.822394133 51.080368042
0.820548952 -0.007545999 -0.571524322 -22.795909882 -0.023765963 0.998598456 -0.047306024 -3.442720652 0.571079254 0.052399859 0.819221020 51.936061859
0.817190409 -0.007932710 -0.576311231 -23.418609619 -0.024810972 0.998495162 -0.048925038 -3.500323296 0.575830996 0.054280035 0.815765202 52.825237274
0.813878298 -0.006010783 -0.581002235 -24.030208588 -0.024641400 0.998690724 -0.044850104 -3.554587841 0.580509841 0.050819356 0.812665701 53.663017273
0.810945272 -0.003871736 -0.585107028 -24.693851471 -0.023831006 0.998930812 -0.039639302 -3.613146782 0.584633648 0.046089116 0.809987068 54.550922394
0.807350397 -0.002215444 -0.590066075 -25.305841446 -0.023698527 0.999065340 -0.036176272 -3.673435688 0.589593470 0.043190729 0.806544363 55.389293671
0.804388702 -0.001543895 -0.594099224 -25.960897446 -0.025184009 0.999010026 -0.036694378 -3.717854023 0.593566537 0.044478454 0.803554714 56.253692627
0.801014185 -0.002926091 -0.598635375 -26.605575562 -0.025045307 0.998949468 -0.038395114 -3.777394295 0.598118067 0.045748170 0.800101161 57.093006134
0.797429323 -0.004840503 -0.603390336 -27.265010834 -0.025343698 0.998817444 -0.041506466 -3.833313465 0.602876782 0.048390739 0.796365440 57.938102722
0.793283463 -0.005931102 -0.608820856 -27.902475357 -0.024422392 0.998838544 -0.041552637 -3.882872820 0.608359218 0.047832023 0.792219162 58.742416382
0.788583934 -0.006337470 -0.614891768 -28.600303650 -0.023571406 0.998901248 -0.040525116 -3.941127300 0.614471912 0.046451461 0.787569940 59.609424591
0.783580780 -0.006913590 -0.621248662 -29.274044037 -0.022533296 0.998964787 -0.039538287 -4.006652355 0.620877981 0.044980373 0.782615662 60.466224670
0.777924597 -0.008085459 -0.628302932 -29.980812073 -0.021986404 0.998955429 -0.040077478 -4.067087173 0.627969742 0.044991534 0.776936114 61.308933258
0.772396386 -0.009335848 -0.635069311 -30.678606033 -0.021591973 0.998928964 -0.040945806 -4.124723911 0.634770393 0.045338966 0.771369457 62.146289825
0.767204583 -0.010505933 -0.641313970 -31.383594513 -0.021445382 0.998887479 -0.042018827 -4.186785221 0.641040981 0.045990419 0.766127527 62.977272034
0.761792004 -0.012477260 -0.647699237 -32.106803894 -0.020375535 0.998859406 -0.043206729 -4.246459961 0.647498310 0.046111908 0.760670364 63.811813354
0.755296350 -0.014657442 -0.655216992 -32.837089539 -0.018562591 0.998871386 -0.043743018 -4.305595398 0.655117512 0.045201633 0.754173458 64.583801270
0.749274313 -0.015624779 -0.662072957 -33.573284149 -0.017968446 0.998875022 -0.043908283 -4.366659164 0.662013233 0.044795942 0.748151958 65.420280457
0.743341923 -0.015300260 -0.668733716 -34.308300018 -0.017896123 0.998926759 -0.042747602 -4.430380821 0.668669224 0.043744031 0.742271602 66.273963928
0.736990988 -0.015492427 -0.675722003 -35.071010590 -0.017743336 0.998950422 -0.042255297 -4.490936756 0.675666571 0.043131538 0.735943973 67.106712341
0.730447292 -0.017022287 -0.682754099 -35.828258514 -0.016556980 0.998955190 -0.042619273 -4.554471970 0.682765424 0.042435668 0.729403794 67.887832642
0.724101722 -0.018946759 -0.689430177 -36.596416473 -0.015998395 0.998893142 -0.044254277 -4.623434544 0.689504862 0.043074556 0.722998679 68.687088013
0.718228042 -0.018142840 -0.695568502 -37.378345490 -0.017568775 0.998869359 -0.044195067 -4.683115482 0.695583224 0.043962609 0.717098832 69.468482971
0.712685466 -0.017978998 -0.701250792 -38.208721161 -0.017421039 0.998910308 -0.043315623 -4.745432377 0.701264918 0.043087106 0.711597085 70.289710999
0.707762063 -0.017164731 -0.706239820 -39.026115417 -0.019011598 0.998880684 -0.043329746 -4.800325394 0.706192553 0.044094071 0.706645012 71.078552246
0.702859759 -0.017369486 -0.711113870 -39.841846466 -0.019605493 0.998849750 -0.043775555 -4.869756222 0.711055696 0.044709980 0.701712132 71.884719849
0.697681546 -0.020207345 -0.716120243 -40.677917480 -0.018865839 0.998737812 -0.046562254 -4.943021774 0.716157079 0.045995999 0.696421206 72.677009583
0.692504108 -0.022446118 -0.721062005 -41.517395020 -0.018320078 0.998647034 -0.048681613 -5.001525879 0.721178830 0.046922319 0.691157281 73.429428101
0.687334776 -0.022961721 -0.725975156 -42.363006592 -0.019239610 0.998574615 -0.049799252 -5.072458267 0.726083517 0.048196424 0.685914576 74.249000549
0.682831764 -0.022737853 -0.730219245 -43.230995178 -0.018643972 0.998648643 -0.048530310 -5.146632195 0.730335593 0.046752412 0.681486011 75.044860840
0.678162813 -0.022748943 -0.734557033 -44.070480347 -0.018158840 0.998697996 -0.047693938 -5.215406418 0.734685302 0.045683142 0.676867723 75.813430786
0.672921300 -0.023842214 -0.739327192 -44.955921173 -0.017158393 0.998709381 -0.047824059 -5.285081387 0.739512980 0.044867687 0.671644688 76.582496643
0.668296695 -0.024748864 -0.743480325 -45.838111877 -0.016615901 0.998701453 -0.048180159 -5.354583740 0.743707180 0.044552445 0.667018533 77.368103027
0.664355874 -0.025791653 -0.746968508 -46.740013123 -0.015508711 0.998714447 -0.048277423 -5.428354263 0.747253478 0.043658126 0.663102567 78.155670166
0.659892082 -0.026494756 -0.750890255 -47.616783142 -0.014298906 0.998754859 -0.047806494 -5.495279312 0.751222551 0.042284239 0.658692420 78.920005798
0.656104743 -0.029390719 -0.754094541 -48.516399384 -0.011197326 0.998752594 -0.048668452 -5.567531109 0.754585028 0.040375628 0.654958069 79.675613403
0.651539445 -0.033738203 -0.757861555 -49.415519714 -0.008563345 0.998620212 -0.051818088 -5.646586418 0.758564889 0.040251501 0.650352061 80.465362549
0.646894813 -0.037977159 -0.761630416 -50.322616577 -0.004580832 0.998547971 -0.053681254 -5.708301067 0.762563765 0.038215172 0.645782232 81.231964111
0.640385032 -0.042224634 -0.766889870 -51.259811401 0.001267696 0.998544693 -0.053920813 -5.782043457 0.768051207 0.033558041 0.639507413 81.981819153
0.631681204 -0.045424040 -0.773893654 -52.188819885 0.005712534 0.998527646 -0.053946208 -5.879104614 0.775205135 0.029656053 0.631011724 82.768890381
0.622930110 -0.046402663 -0.780897379 -53.135406494 0.007892968 0.998561382 -0.053040374 -5.961242199 0.782235563 0.026876993 0.622401237 83.518486023
0.613592148 -0.045298062 -0.788320243 -54.103225708 0.009504412 0.998704672 -0.049989212 -6.033290863 0.789563835 0.023180611 0.613229036 84.267715454
0.604845524 -0.044812683 -0.795078576 -55.080478668 0.009094072 0.998739243 -0.049373262 -6.114738464 0.796288967 0.022632835 0.604491532 84.988967896
0.595271528 -0.046304185 -0.802187085 -56.071807861 0.007912456 0.998627782 -0.051771652 -6.183209419 0.803483844 0.024471056 0.594822109 85.713722229
0.585233927 -0.048571490 -0.809406519 -57.071067810 0.008840124 0.998527467 -0.053528614 -6.272727966 0.810814977 0.024171632 0.584802508 86.427932739
0.575171947 -0.050395768 -0.816476822 -58.116291046 0.009444392 0.998443425 -0.054974198 -6.335577965 0.817976594 0.023908615 0.574753642 87.123580933
0.565314233 -0.051009629 -0.823295116 -59.118267059 0.011944970 0.998487890 -0.053662203 -6.423841000 0.824787796 0.020501897 0.565069795 87.847038269
0.555136800 -0.050287481 -0.830235839 -60.140655518 0.011965350 0.998550415 -0.052481696 -6.507886887 0.831671596 0.019200580 0.554934859 88.529251099
0.544914722 -0.051368862 -0.836914897 -61.193416595 0.013497669 0.998529971 -0.052500315 -6.594127655 0.838381290 0.017311918 0.544808567 89.185485840
0.534629881 -0.052816790 -0.843432724 -62.251876831 0.013093499 0.998443246 -0.054224148 -6.666834831 0.844983339 0.017946489 0.534490585 89.827529907
0.524785042 -0.052628182 -0.849604905 -63.285518646 0.011165202 0.998426974 -0.054950364 -6.752191544 0.851160049 0.019351244 0.524548650 90.456558228
0.514553487 -0.053356830 -0.855795145 -64.382812500 0.009299523 0.998350978 -0.056653485 -6.839332581 0.857406437 0.021192886 0.514202535 91.117996216
0.505278945 -0.053616688 -0.861287236 -65.487716675 0.009124198 0.998344362 -0.056796044 -6.927829742 0.862906456 0.020839417 0.504933178 91.745697021
0.496032834 -0.051786311 -0.866756558 -66.591705322 0.008360855 0.998458683 -0.054870412 -7.007752895 0.868262112 0.019970827 0.495702863 92.381828308
0.488147229 -0.049598187 -0.871349394 -67.717681885 0.008630773 0.998609662 -0.052006926 -7.103418827 0.872717202 0.017866734 0.487898231 93.001197815
0.480522752 -0.049849343 -0.875562966 -68.824539185 0.008787211 0.998606861 -0.052032243 -7.182742596 0.876936972 0.017309036 0.480292857 93.605697632
0.472745895 -0.053089920 -0.879596829 -69.951011658 0.010619111 0.998454213 -0.054556563 -7.267397881 0.881133556 0.016450975 0.472580433 94.192092896
0.465841740 -0.056110963 -0.883085966 -71.088394165 0.012489229 0.998305023 -0.056843728 -7.361037731 0.884778678 0.015451251 0.465754420 94.804580688
0.459680647 -0.060166378 -0.886042535 -72.227722168 0.015799861 0.998098552 -0.059578568 -7.435921669 0.887942553 0.013387898 0.459758759 95.325859070
0.454221368 -0.063073903 -0.888651848 -73.362060547 0.016550448 0.997915745 -0.062369652 -7.541020393 0.890734017 0.013622182 0.454320133 95.930809021
0.448942333 -0.063817933 -0.891277492 -74.471282959 0.018385148 0.997894883 -0.062191345 -7.642705917 0.893370569 0.011534202 0.449172080 96.494445801
0.444699556 -0.061698817 -0.893550813 -75.609962463 0.020277409 0.998062372 -0.058823679 -7.734893322 0.895449281 0.008040107 0.445090532 97.063545227
0.441220582 -0.060239941 -0.895373106 -76.757881165 0.024855109 0.998181939 -0.054908805 -7.823138237 0.897053540 0.001972422 0.441917151 97.617080688
0.437711924 -0.059297293 -0.897156477 -77.908859253 0.025644328 0.998240173 -0.053466886 -7.915768623 0.898748815 0.000396239 0.438463777 98.173019409
0.434951425 -0.058821060 -0.898529232 -79.032508850 0.026168928 0.998268187 -0.052682795 -8.002912521 0.900072873 -0.000598977 0.435739130 98.732421875
0.432415575 -0.059030384 -0.899738669 -80.158805847 0.030198429 0.998242795 -0.050979741 -8.083840370 0.901167870 -0.005126155 0.433440000 99.243988037
0.429499716 -0.057068478 -0.901260674 -81.259124756 0.030392464 0.998349190 -0.048732590 -8.179077148 0.902554750 -0.006460796 0.430526793 99.778793335
0.427595824 -0.057995480 -0.902106404 -82.409179688 0.032795761 0.998277783 -0.048633229 -8.260951042 0.903374076 -0.008789803 0.428763002 100.297157288
0.424634993 -0.058174893 -0.903492391 -83.518730164 0.034700170 0.998245478 -0.047967203 -8.339208603 0.904698610 -0.010982683 0.425910294 100.819961548
0.422635704 -0.057666410 -0.904461920 -84.622589111 0.038355943 0.998217165 -0.045721211 -8.411611557 0.905486703 -0.015367975 0.424095660 101.304779053
0.421036839 -0.057040296 -0.905246973 -85.707244873 0.040185776 0.998213053 -0.044207584 -8.488666534 0.906151891 -0.017764919 0.422578454 101.821151733
0.419278055 -0.057651229 -0.906024277 -86.805809021 0.041449711 0.998155832 -0.044332214 -8.569433212 0.906910181 -0.018966809 0.420896232 102.331542969
0.417193532 -0.058497764 -0.906931758 -87.866874695 0.043033455 0.998077750 -0.044581238 -8.639711380 0.907797277 -0.020429289 0.418910682 102.812675476
0.416607887 -0.060151853 -0.907092750 -88.940429688 0.043667313 0.997980177 -0.046123527 -8.717148781 0.908035934 -0.020394763 0.418394834 103.291976929
0.417431533 -0.060471755 -0.906692684 -89.979377747 0.042412598 0.997991621 -0.047034726 -8.798159599 0.907716990 -0.018821307 0.419159770 103.759307861
0.419955760 -0.060218222 -0.905543268 -91.028572083 0.040165201 0.998050988 -0.047742996 -8.880880356 0.906654298 -0.016321257 0.421557814 104.248428345
0.424130917 -0.060920972 -0.903548241 -92.056648254 0.039205860 0.998033583 -0.048888221 -8.965087891 0.904750764 -0.014689246 0.425687253 104.720748901
0.428924382 -0.060984630 -0.901278436 -93.071968079 0.037694942 0.998056948 -0.049593966 -9.030490875 0.902552605 -0.012701437 0.430391610 105.178863525
0.434971660 -0.060384832 -0.898416042 -94.076156616 0.035826053 0.998118341 -0.049740899 -9.104885101 0.899730027 -0.010550668 0.436318427 105.644561768
0.441890448 -0.059691705 -0.895079851 -95.089599609 0.035078127 0.998169303 -0.049249098 -9.183482170 0.896381795 -0.009634864 0.443177313 106.151611328
0.449759424 -0.058865473 -0.891206801 -96.086853027 0.034396823 0.998226106 -0.048575588 -9.251893997 0.892486036 -0.008807193 0.450988233 106.668830872
0.458273709 -0.058395296 -0.886889756 -97.070373535 0.034512959 0.998255074 -0.047894504 -9.324136734 0.888139367 -0.008660226 0.459491491 107.141555786
0.468378305 -0.058350965 -0.881598055 -98.050003052 0.034279298 0.998264790 -0.047861006 -9.394397736 0.882861316 -0.007803331 0.469567835 107.665481567
0.476600200 -0.058655143 -0.877160251 -99.065277100 0.033066180 0.998260796 -0.048786893 -9.470081329 0.878496647 -0.005752318 0.477712989 108.188888550
0.487557828 -0.059052516 -0.871090531 -100.018066406 0.029088276 0.998253942 -0.051392294 -9.541618347 0.872604549 -0.000281619 0.488426417 108.700538635
0.499520272 -0.059880547 -0.864229620 -100.968467712 0.027382199 0.998200178 -0.053336512 -9.623710632 0.865867972 0.002978363 0.500263035 109.226501465
0.511489153 -0.058053590 -0.857325792 -101.915855408 0.024697153 0.998295307 -0.052864939 -9.693920135 0.858933210 0.005866542 0.512053013 109.771354675
0.524751604 -0.055626623 -0.849435389 -102.824157715 0.023111504 0.998424828 -0.051106181 -9.768413544 0.850939989 0.007186518 0.525212765 110.337638855
0.536795795 -0.054571468 -0.841944814 -103.746238708 0.024554092 0.998492777 -0.049063634 -9.835886955 0.843353033 0.005664160 0.537328839 110.921150208
0.548288941 -0.053263646 -0.834590197 -104.655502319 0.023875359 0.998558879 -0.048043307 -9.903413773 0.835946023 0.006415673 0.548772573 111.482658386
0.560099661 -0.053700782 -0.826682031 -105.535324097 0.023874845 0.998527646 -0.048688125 -9.983428001 0.828078985 0.007533496 0.560559154 112.099044800
0.571209788 -0.054442536 -0.818995774 -106.393203735 0.023794167 0.998475790 -0.049778372 -10.043792725 0.820456982 0.008946780 0.571636736 112.701263428
0.581598282 -0.055447657 -0.811583340 -107.256011963 0.024717340 0.998417199 -0.050499439 -10.111029625 0.813098490 0.009310421 0.582050264 113.283378601
0.592230201 -0.055272534 -0.803869843 -108.103927612 0.025559826 0.998429954 -0.049819816 -10.195033073 0.805361211 0.008958244 0.592715442 113.892074585
0.602702796 -0.053386848 -0.796176970 -108.907844543 0.024867246 0.998530328 -0.048131283 -10.254791260 0.797576129 0.009210335 0.603147030 114.518226624
0.613163412 -0.050541833 -0.788336694 -109.739227295 0.023836384 0.998679340 -0.045487769 -10.312170029 0.789594173 0.009100543 0.613560736 115.156173706
0.622441351 -0.050358452 -0.781043828 -110.534530640 0.025310557 0.998699963 -0.044221386 -10.383971214 0.782254755 0.007756755 0.622909009 115.743988037
0.632672131 -0.049318559 -0.772846878 -111.295715332 0.023336831 0.998729885 -0.044629231 -10.453382492 0.774065733 0.010200054 0.633021653 116.375396729
0.641890407 -0.048555601 -0.765256763 -112.080871582 0.021354942 0.998736799 -0.045457885 -10.519428253 0.766496718 0.012837151 0.642118633 117.010643005
0.651532650 -0.048649371 -0.757058382 -112.861251831 0.021652397 0.998726428 -0.045545224 -10.582313538 0.758309245 0.013282255 0.651758313 117.649391174
0.660625219 -0.046471976 -0.749275446 -113.598876953 0.020758230 0.998830080 -0.043648079 -10.640334129 0.750426471 0.013281577 0.660819232 118.295166016
0.669134438 -0.045337845 -0.741756260 -114.327674866 0.021096354 0.998892546 -0.042024016 -10.687430382 0.742839515 0.012471549 0.669352233 118.934043884
0.677246153 -0.044494770 -0.734409213 -115.013786316 0.021204002 0.998934150 -0.040967971 -10.742367744 0.735448539 0.012173173 0.677470028 119.565490723
0.685073793 -0.043974862 -0.727144480 -115.740173340 0.021108108 0.998954117 -0.040526334 -10.814655304 0.728165388 0.012415066 0.685287833 120.223472595
0.692761421 -0.042844877 -0.719892144 -116.425292969 0.020587325 0.999000072 -0.039645068 -10.879147530 0.720870256 0.012644103 0.692953289 120.882820129
0.700326502 -0.040481046 -0.712673247 -117.097320557 0.019667355 0.999104321 -0.037424531 -10.927518845 0.713549018 0.012193168 0.700497866 121.560379028
0.707149267 -0.037872862 -0.706048548 -117.772171021 0.018490762 0.999211907 -0.035079058 -10.980781555 0.706819654 0.011750922 0.707294643 122.228469849
0.714492500 -0.036498185 -0.698689699 -118.403358459 0.018006936 0.999265194 -0.033785798 -11.023460388 0.699408650 0.011558607 0.714627087 122.859519958
0.722294748 -0.035389755 -0.690678954 -119.052696228 0.017539579 0.999304235 -0.032861356 -11.083410263 0.691360354 0.011621526 0.722414911 123.503662109
0.730693102 -0.032306775 -0.681940913 -119.674026489 0.013729833 0.999371290 -0.032633964 -11.119089127 0.682565570 0.014482628 0.730679154 124.167800903
0.738856375 -0.029710520 -0.673207283 -120.235977173 0.013678726 0.999481261 -0.029097661 -11.158996582 0.673721552 0.012290520 0.738881350 124.789642334
0.748676598 -0.026461814 -0.662407100 -120.843627930 0.012424888 0.999586046 -0.025888769 -11.197055817 0.662816465 0.011152107 0.748696983 125.436889648
0.758644819 -0.023894789 -0.651065946 -121.419075012 0.010213509 0.999639034 -0.024787052 -11.257203102 0.651421607 0.012155025 0.758616745 126.116203308
0.768558562 -0.023448091 -0.639349580 -121.964149475 0.009091237 0.999625981 -0.025733100 -11.274755478 0.639712334 0.013965035 0.768485606 126.758941650
0.778210640 -0.023954859 -0.627546310 -122.529289246 0.008935454 0.999591768 -0.027076399 -11.329015732 0.627937436 0.015463848 0.778108358 127.414237976
0.788300872 -0.023544444 -0.614839196 -123.044754028 0.008904370 0.999597669 -0.026862180 -11.364447594 0.615222871 0.015700843 0.788195193 128.099960327
0.798368752 -0.021842236 -0.601772428 -123.540992737 0.008237822 0.999642730 -0.025354911 -11.386062622 0.602109909 0.015285395 0.798265278 128.791931152
0.808340549 -0.019692708 -0.588385582 -124.032073975 0.007563670 0.999703467 -0.023068409 -11.407417297 0.588663995 0.014196899 0.808251500 129.466461182
0.818125308 -0.018513799 -0.574741840 -124.549270630 0.008119581 0.999752104 -0.020646911 -11.449306488 0.574980199 0.012225229 0.818074465 130.172653198
0.826822340 -0.017040668 -0.562204957 -125.010772705 0.008847333 0.999809682 -0.017293552 -11.490169525 0.562391043 0.009324812 0.826817274 130.847137451
0.836055636 -0.016706552 -0.548389852 -125.514144897 0.009358796 0.999823749 -0.016191753 -11.499315262 0.548561811 0.008405072 0.836066246 131.561080933
0.841836512 -0.016828407 -0.539469898 -125.920188904 0.011699948 0.999846399 -0.012932392 -11.553156853 0.539602876 0.004575326 0.841905832 132.258483887
0.848326266 -0.016927190 -0.529202998 -126.368347168 0.012181512 0.999846518 -0.012454499 -11.580511093 0.529331088 0.004119122 0.848404050 132.961303711
0.855108380 -0.016198874 -0.518195808 -126.816070557 0.011502139 0.999856830 -0.012275746 -11.592054367 0.518318892 0.004536867 0.855173945 133.671569824
0.862383962 -0.014460892 -0.506047726 -127.263183594 0.009603337 0.999877691 -0.012207579 -11.614917755 0.506160915 0.005667999 0.862418950 134.420623779
0.869154751 -0.012761789 -0.494375110 -127.663253784 0.007838281 0.999895155 -0.012031421 -11.626624107 0.494475305 0.006582238 0.869165182 135.193649292
0.875167012 -0.012985433 -0.483646274 -128.092361450 0.008306325 0.999893904 -0.011816275 -11.664918900 0.483746976 0.006324012 0.875183403 135.978179932
0.880366027 -0.013889577 -0.474091053 -128.494720459 0.009150596 0.999880731 -0.012302089 -11.699290276 0.474204004 0.006492245 0.880389392 136.738754272
0.884135485 -0.015266085 -0.466980994 -128.924240112 0.010294711 0.999858081 -0.013195970 -11.715043068 0.467114955 0.006859706 0.884168088 137.453292847
0.887777925 -0.014900045 -0.460030705 -129.338317871 0.010271710 0.999866486 -0.012562917 -11.725755692 0.460155278 0.006427890 0.887813330 138.211242676
0.890879154 -0.013300356 -0.454045594 -129.746368408 0.010159417 0.999902725 -0.009357037 -11.749117851 0.454124749 0.003723261 0.890928566 138.963088989
0.894213974 -0.009148569 -0.447546273 -130.152175903 0.007739609 0.999955714 -0.004977298 -11.767888069 0.447570980 0.000987037 0.894246042 139.786788940
0.896855056 -0.006760594 -0.442272931 -130.511459351 0.006283080 0.999974966 -0.002545236 -11.770380020 0.442277998 -0.000496032 0.896876097 140.595046997
0.900788367 -0.003683062 -0.434242964 -130.958282471 0.004062728 0.999989629 -0.000054443 -11.793303490 0.434237510 -0.001715078 0.900795162 141.417144775
0.904297709 -0.001835093 -0.426898748 -131.361740112 0.003052162 0.999990880 0.002166113 -11.784614563 0.426889658 -0.003261688 0.904296219 142.274139404
0.907314181 -0.000573387 -0.420453370 -131.766906738 0.002956832 0.999981046 0.005016304 -11.809858322 0.420441240 -0.005794488 0.907299459 143.112747192
0.910973966 -0.000183691 -0.412464529 -132.184692383 0.003481100 0.999965727 0.007242389 -11.814650536 0.412447810 -0.008033372 0.910944045 143.995376587
0.914482117 -0.000394861 -0.404627055 -132.575057983 0.004056196 0.999956191 0.008190744 -11.822498322 0.404604882 -0.009131446 0.914444327 144.893280029
0.918125212 -0.001199723 -0.396289319 -132.964096069 0.004710444 0.999955833 0.007885224 -11.791068077 0.396261096 -0.009106234 0.918091059 145.779602051
0.921898544 -0.003912094 -0.387412071 -133.343002319 0.007480295 0.999940336 0.007702221 -11.834381104 0.387357712 -0.009998532 0.921873629 146.679321289
0.925779700 -0.005528963 -0.378023028 -133.727935791 0.008565539 0.999941170 0.006351169 -11.823966980 0.377964467 -0.009117664 0.925773561 147.607635498
0.930351079 -0.006704637 -0.366609067 -134.110290527 0.008980295 0.999947488 0.004501426 -11.847961426 0.366558433 -0.007480069 0.930363357 148.560852051
0.935743213 -0.004975745 -0.352647126 -134.485198975 0.006712714 0.999968588 0.003702030 -11.844360352 0.352616429 -0.005831276 0.935748160 149.528839111
0.941635311 -0.001411103 -0.336632490 -134.855255127 0.003229821 0.999981105 0.004841964 -11.854974747 0.336617947 -0.005646538 0.941622913 150.484741211
0.947796345 0.002513076 -0.318866968 -135.166793823 -0.000010300 0.999967277 0.007849528 -11.852586746 0.318874985 -0.007436388 0.947766125 151.450180054
0.954355717 0.005370503 -0.298623502 -135.503555298 -0.002670306 0.999949813 0.009448465 -11.860535622 0.298657924 -0.008219708 0.954323351 152.472259521
0.960738122 0.007273419 -0.277360976 -135.807601929 -0.004522851 0.999932051 0.010554381 -11.877232552 0.277417451 -0.008885464 0.960706770 153.533813477
0.966686368 0.008713344 -0.255815566 -136.100082397 -0.005871676 0.999910414 0.011868767 -11.863160133 0.255894423 -0.009971241 0.966651678 154.555343628
0.972290993 0.009182082 -0.233593047 -136.370361328 -0.005908074 0.999872506 0.014710478 -11.878552437 0.233696565 -0.012922716 0.972222149 155.657653809
0.977263331 0.011460487 -0.211719170 -136.634689331 -0.007790313 0.999802947 0.018159730 -11.858763695 0.211883754 -0.016097423 0.977160633 156.756118774
0.981768131 0.013375737 -0.189610630 -136.844863892 -0.009282129 0.999702811 0.022459606 -11.863681793 0.189852759 -0.020290082 0.981601238 157.839569092
0.985845923 0.015399591 -0.166944206 -137.051528931 -0.011271405 0.999605715 0.025645476 -11.845571518 0.167271391 -0.023400746 0.985631585 158.970504761
0.989338756 0.016761880 -0.144663841 -137.212722778 -0.013162380 0.999578536 0.025801051 -11.825429916 0.145033434 -0.023621814 0.989143193 160.067169189
0.992273211 0.016322047 -0.122994192 -137.365951538 -0.013503414 0.999625504 0.023713149 -11.826917648 0.123333246 -0.021869030 0.992122769 161.217605591
0.994708955 0.016381335 -0.101419605 -137.500717163 -0.014159974 0.999642491 0.022580974 -11.807059288 0.101751342 -0.021025337 0.994586051 162.390274048
0.996599436 0.014770686 -0.081063971 -137.609237671 -0.012839308 0.999620259 0.024291370 -11.794086456 0.081390031 -0.023167897 0.996411502 163.572311401
0.998007476 0.015396224 -0.061188105 -137.695556641 -0.013802366 0.999554515 0.026381360 -11.782897949 0.061565023 -0.025484182 0.997776270 164.753616333
0.999060512 0.015511392 -0.040468376 -137.742507935 -0.014416900 0.999524236 0.027191212 -11.765869141 0.040868886 -0.026582161 0.998809457 165.937957764
0.999653578 0.017202126 -0.019921437 -137.800949097 -0.016643144 0.999470711 0.027877737 -11.748483658 0.020388424 -0.027536448 0.999411345 167.171203613
0.999844491 0.017631968 0.000456546 -137.796890259 -0.017637506 0.999439180 0.028390840 -11.728299141 0.000042263 -0.028394395 0.999595284 168.409957886
0.999582469 0.019737080 0.021101113 -137.796020508 -0.020322029 0.999402344 0.027891366 -11.708890915 -0.020540049 -0.028308449 0.999386549 169.637405396
0.998938560 0.020916771 0.041039936 -137.770629883 -0.022031046 0.999393284 0.026896859 -11.687234879 -0.040454503 -0.027772376 0.998793781 170.890975952
0.997929573 0.020810192 0.060857043 -137.696426392 -0.022334760 0.999448359 0.024484735 -11.676462173 -0.060316022 -0.025793182 0.997844636 172.162521362
0.996514559 0.022733564 0.080260113 -137.639755249 -0.024567494 0.999455094 0.021940636 -11.654647827 -0.079719692 -0.023835870 0.996530771 173.437881470
0.994788826 0.023198105 0.099280983 -137.510070801 -0.025317816 0.999474108 0.020147359 -11.649028778 -0.098763511 -0.022555867 0.994853556 174.722076416
0.992661297 0.023254033 0.118668661 -137.347595215 -0.025460880 0.999526918 0.017117200 -11.658370972 -0.118216597 -0.020012910 0.992784500 176.042114258
0.990267515 0.024490388 0.137003735 -137.204788208 -0.026361665 0.999579728 0.011863040 -11.638875961 -0.136657670 -0.015359142 0.990497470 177.324920654
0.987593532 0.025677489 0.154917046 -137.011352539 -0.026830439 0.999623418 0.005357881 -11.653883934 -0.154723212 -0.009447811 0.987910926 178.633193970
0.984590292 0.028194448 0.172587663 -136.817855835 -0.028606359 0.999588847 -0.000098549 -11.646610260 -0.172521427 -0.004839990 0.984992146 179.944976807
0.981288552 0.030216400 0.190155402 -136.581527710 -0.030017784 0.999539733 -0.003923579 -11.677373886 -0.190188318 -0.001857796 0.981744111 181.265563965
0.977652669 0.032777067 0.207654595 -136.324035645 -0.032019664 0.999460697 -0.007006813 -11.702772141 -0.207774147 0.000201281 0.978174984 182.608871460
0.973793626 0.031888857 0.225185022 -136.018234253 -0.031107912 0.999489427 -0.007014765 -11.721101761 -0.225295588 -0.000174012 0.974288583 183.940246582
0.969642401 0.030403562 0.242627665 -135.683959961 -0.029610107 0.999535620 -0.006915734 -11.732114792 -0.242727041 -0.000478351 0.970092595 185.270217896
0.965291619 0.030441267 0.259391993 -135.354217529 -0.028281134 0.999525368 -0.012055067 -11.797147751 -0.259637594 0.004300846 0.965694547 186.614181519
0.960802495 0.031715833 0.275411636 -134.985504150 -0.028236680 0.999461710 -0.016588241 -11.829321861 -0.275791287 0.008161400 0.961180866 187.949783325
0.955683649 0.033951920 0.292429835 -134.595306396 -0.030296924 0.999394059 -0.017018719 -11.855874062 -0.292832285 0.007404864 0.956132948 189.315795898
0.950137794 0.035642978 0.309785068 -134.177932739 -0.031865999 0.999341428 -0.017244594 -11.898792267 -0.310197502 0.006513208 0.950647593 190.666992188
0.944072545 0.039869275 0.327317506 -133.736358643 -0.035059478 0.999171317 -0.020583156 -11.941198349 -0.327868670 0.007956475 0.944687545 192.016647339
0.937761188 0.040757727 0.344879895 -133.247909546 -0.034461308 0.999107063 -0.024369454 -11.994747162 -0.345566839 0.010967774 0.938327909 193.412292480
0.931338668 0.041496977 0.361781001 -132.752899170 -0.034010366 0.999053955 -0.027039044 -12.042471886 -0.362562537 0.012878266 0.931868255 194.727081299
0.924355268 0.041694004 0.379246622 -132.232177734 -0.031988494 0.998978555 -0.031858820 -12.112800598 -0.380189508 0.017317411 0.924744308 196.074829102
0.916316688 0.044914834 0.397926003 -131.673645020 -0.032503970 0.998751760 -0.037882656 -12.189008713 -0.399132609 0.021778416 0.916632354 197.416931152
0.906740725 0.048346519 0.418906510 -131.080749512 -0.034004502 0.998552144 -0.041639131 -12.256935120 -0.420314997 0.023511259 0.907071412 198.759338379
0.895309746 0.051252231 0.442484319 -130.462921143 -0.035911165 0.998428345 -0.042983919 -12.332281113 -0.443993717 0.022593863 0.895742774 200.079254150
