0.999999881 -0.000000000 0.000000000 0.000000000 -0.000000000 1.000000000 -0.000000000 -0.000000000 0.000000000 -0.000000000 0.999999881 0.000000000
0.999844909 0.000511840 0.017596103 -0.013768677 -0.000509412 0.999999881 -0.000142485 0.001622000 -0.017596172 0.000133500 0.999845028 0.138143584
0.999280989 0.004866634 0.037597403 0.048665427 -0.004852970 0.999988139 -0.000454701 0.007964058 -0.037599169 0.000271915 0.999292731 0.279106945
0.997901857 0.005684155 0.064492606 0.069442786 -0.005744506 0.999983191 0.000750381 0.002936091 -0.064487256 -0.001119285 0.997917771 0.424050212
0.995137513 0.005268189 0.098353900 0.106071010 -0.005578796 0.999980271 0.002883316 0.003403410 -0.098336771 -0.003417993 0.995147228 0.609412491
0.990824282 0.002065724 0.135139942 0.230961561 -0.002738778 0.999984741 0.004794696 0.013728576 -0.135127977 -0.005120820 0.990814865 0.828381479
0.984482944 -0.001189158 0.175475731 0.250335753 0.000194710 0.999983788 0.005684265 -0.004688470 -0.175479621 -0.005561895 0.984467208 0.997085154
0.975780189 -0.001592672 0.218747333 0.347951084 0.000081488 0.999976158 0.006917203 -0.003919859 -0.218753099 -0.006731842 0.975756824 1.210585833
0.963758290 -0.001528872 0.266772449 0.440887809 -0.001190778 0.999949157 0.010032579 0.020138908 -0.266774178 -0.009986646 0.963707089 1.428535104
0.949313700 -0.005249423 0.314286083 0.554482102 0.000020741 0.999861658 0.016637743 0.006599616 -0.314329743 -0.015787905 0.949182451 1.638001680
0.931886911 -0.015228407 0.362429023 0.635672987 0.006680395 0.999669433 0.024826944 -0.005500127 -0.362687081 -0.020714724 0.931680560 1.846076131
0.911027968 -0.020625765 0.411828190 0.853332698 0.009229436 0.999518037 0.029642353 -0.006904416 -0.412240833 -0.023204062 0.910779357 2.073509216
0.886275470 -0.022623852 0.462605357 1.060135722 0.008113696 0.999411523 0.033332024 -0.005456753 -0.463087052 -0.025787916 0.885937572 2.331988573
0.857621193 -0.024263728 0.513708949 1.211203694 0.005669940 0.999271810 0.037732273 0.027507879 -0.514250278 -0.029447289 0.857134342 2.529347420
0.825395226 -0.029915536 0.563762128 1.429648280 0.007024829 0.999061942 0.042729404 0.009109914 -0.564511478 -0.031308290 0.824830949 2.738096237
0.788920045 -0.035589583 0.613464355 1.650680780 0.009424941 0.998904824 0.045830023 0.017393813 -0.614423335 -0.030374339 0.788391352 2.983497381
0.751079023 -0.040021516 0.658998013 1.900971174 0.010361740 0.998752594 0.048845530 0.017812014 -0.660130739 -0.029858474 0.750556827 3.175672770
0.711415172 -0.043435954 0.701428235 2.218036652 0.011681396 0.998680949 0.049995646 0.036221713 -0.702674747 -0.027373994 0.710984290 3.393017530
0.669730842 -0.045329440 0.741219044 2.503371716 0.010685720 0.998619914 0.051415779 0.058188498 -0.742527008 -0.026514256 0.669291139 3.588806391
0.627465248 -0.045664433 0.777304471 2.867903709 0.006367564 0.998546183 0.053521693 0.084674761 -0.778618455 -0.028633447 0.626843989 3.800443649
0.585556030 -0.046429198 0.809301198 3.197301865 0.003403796 0.998490214 0.054820146 0.100719631 -0.810624719 -0.029345557 0.584830165 4.007617474
0.545008421 -0.047422696 0.837088287 3.578819036 0.001482559 0.998451889 0.055599015 0.114825100 -0.838429391 -0.029060891 0.544235170 4.237789154
0.506112695 -0.050199497 0.861005247 4.008084297 0.000444329 0.998319507 0.057944220 0.122200578 -0.862467408 -0.028943719 0.505284667 4.467037201
0.468901128 -0.049917333 0.881838977 4.396471977 -0.002655527 0.998317242 0.057922747 0.151770100 -0.883246779 -0.029501770 0.467979699 4.651090145
0.433017284 -0.049320120 0.900035262 4.867667198 -0.003682445 0.998396575 0.056481794 0.181295112 -0.901378214 -0.027771903 0.432141423 4.834135056
0.398892254 -0.047967114 0.915742576 5.386338234 -0.002311468 0.998574913 0.053312808 0.198508531 -0.916994929 -0.023382744 0.398213059 5.033599854
0.369039387 -0.046232138 0.928263366 5.868985176 -0.000453283 0.998752594 0.049923092 0.219937071 -0.929413736 -0.018844321 0.368558288 5.189781189
0.343321741 -0.044315819 0.938171983 6.430903435 0.000753816 0.998898506 0.046908483 0.245360047 -0.939217627 -0.015397463 0.342977136 5.384359837
0.322949111 -0.043730941 0.945405662 7.030130386 0.002094140 0.998962045 0.045492932 0.270635694 -0.946414053 -0.012712057 0.322705626 5.562694073
0.307938993 -0.044333648 0.950372875 7.597501755 0.003255052 0.998956561 0.045545347 0.303749025 -0.951400757 -0.010931639 0.307762057 5.761421680
0.297067612 -0.045938108 0.953750908 8.235817909 0.004029475 0.998892665 0.046857364 0.311078101 -0.954848409 -0.010076656 0.296923876 5.944267273
0.286951512 -0.047961012 0.956743836 8.873632431 0.003252365 0.998788059 0.049093235 0.352512479 -0.957939923 -0.010975661 0.286759824 6.121691704
0.276222974 -0.049372308 0.959824622 9.537678719 0.001128615 0.998694658 0.051046986 0.370371312 -0.961093187 -0.013017041 0.275918245 6.321895599
0.265728533 -0.051393978 0.962677002 10.232439041 0.000652694 0.998586416 0.053130932 0.411461145 -0.964048028 -0.013490036 0.265386522 6.513621807
0.256410569 -0.053325526 0.965095758 10.954934120 -0.000357045 0.998470783 0.055264518 0.429703176 -0.966568351 -0.014514953 0.255999446 6.684202194
0.245198995 -0.054820221 0.967921138 11.677456856 -0.000850947 0.998386383 0.056761261 0.460753739 -0.969472647 -0.014741421 0.244756758 6.871956825
0.234035656 -0.055899192 0.970619321 12.426226616 -0.001608814 0.998321116 0.057882510 0.484331340 -0.972226977 -0.015108081 0.233552843 7.029983521
0.224286720 -0.058691375 0.972753882 13.182778358 -0.002772975 0.998141348 0.060862511 0.516464710 -0.974519491 -0.016348040 0.223707154 7.233073235
0.213175878 -0.061953805 0.975047231 13.972176552 -0.004911609 0.997906029 0.064480074 0.553750038 -0.977001786 -0.018534610 0.212425232 7.395446301
0.200219288 -0.066515341 0.977490246 14.790858269 -0.004469564 0.997619569 0.068800598 0.612516522 -0.979741275 -0.018144125 0.199445397 7.540612221
0.187950984 -0.068932168 0.979756176 15.549830437 -0.005647911 0.997440994 0.071259901 0.652584553 -0.982162535 -0.018926913 0.187080741 7.701867104
0.173471898 -0.069590993 0.982376754 16.352783203 -0.005926787 0.997407794 0.071702413 0.691942275 -0.984821498 -0.018260667 0.172609955 7.858784676
0.159244597 -0.068508700 0.984858990 17.143093109 -0.007754663 0.997471094 0.070639946 0.727247059 -0.987209141 -0.018886255 0.158310786 7.992823601
0.142898485 -0.067452431 0.987435997 17.945444107 -0.008837757 0.997547507 0.069422208 0.759715855 -0.989698410 -0.018647015 0.141952068 8.111686707
0.121911004 -0.066061728 0.990339935 18.778987885 -0.011284411 0.997625113 0.067936875 0.792252660 -0.992477417 -0.019457623 0.120876119 8.206567764
0.097228639 -0.064886630 0.993144512 19.569324493 -0.015415471 0.997653961 0.066690482 0.845317841 -0.995143294 -0.021793986 0.096000358 8.303377151
0.066638917 -0.064252026 0.995706081 20.424905777 -0.019713448 0.997644126 0.065696500 0.883867085 -0.997582912 -0.024006715 0.065215334 8.347514153
0.033079535 -0.064172059 0.997390389 21.273891449 -0.022728659 0.997629464 0.064941302 0.928460300 -0.999194920 -0.024817539 0.031542551 8.359855652
-0.001407094 -0.063334107 0.997991323 22.127740860 -0.024382731 0.997697115 0.063281104 0.961245716 -0.999702394 -0.024244679 -0.002948184 8.361815453
-0.035115901 -0.062265623 0.997441709 22.989664078 -0.025856029 0.997779071 0.061376445 0.993634105 -0.999049485 -0.023634557 -0.036647968 8.318247795
-0.067732029 -0.060533948 0.995865524 23.809194565 -0.028029852 0.997878373 0.058749963 1.024206519 -0.997310400 -0.023934674 -0.069285244 8.263608932
-0.099957705 -0.057453442 0.993331611 24.649946213 -0.029188171 0.998070419 0.054790422 1.072118998 -0.994564235 -0.023516769 -0.101441965 8.182329178
-0.132558629 -0.052752204 0.989770591 25.465616226 -0.027460435 0.998394012 0.049534153 1.094707012 -0.990795553 -0.020613292 -0.133794665 8.044317245
-0.164671093 -0.047456805 0.985206425 26.346645355 -0.022473261 0.998762310 0.044353597 1.105769634 -0.986093342 -0.014836976 -0.165534139 7.854502201
-0.196481228 -0.041263405 0.979639053 27.166286469 -0.016256528 0.999113142 0.038823254 1.107074022 -0.980373561 -0.008297419 -0.196978152 7.623110771
-0.225190073 -0.035633162 0.973663092 27.976991653 -0.010249613 0.999361575 0.034203172 1.125018597 -0.974261761 -0.002277373 -0.225411966 7.441683769
-0.251289517 -0.028744230 0.967485011 28.785478592 -0.001490201 0.999568641 0.029310463 1.153932810 -0.967911601 0.005923749 -0.251224548 7.255695820
-0.277488619 -0.018492425 0.960550845 29.586862564 0.004105212 0.999782205 0.020433713 1.164631963 -0.960720837 0.009613475 -0.277352840 7.013531685
-0.302955091 -0.003328252 0.952998698 30.375398636 0.008190243 0.999947369 0.006095935 1.142403960 -0.952970207 0.009652168 -0.302912414 6.742969513
-0.328725517 0.013632955 0.944326878 31.132616043 0.008801249 0.999895990 -0.011371356 1.099418521 -0.944385111 0.004573276 -0.328811884 6.488339424
-0.353361785 0.028524056 0.935051560 31.922695160 0.008507306 0.999591112 -0.027277824 1.081275702 -0.935448647 -0.001684107 -0.353460521 6.175362587
-0.376676679 0.038975563 0.925524294 32.694152832 0.012961788 0.999237657 -0.036804423 1.058153391 -0.926254749 -0.001866857 -0.376895368 5.831704140
-0.400218010 0.044150934 0.915355623 33.442077637 0.016443450 0.999023199 -0.040996946 1.012114525 -0.916273117 -0.001356052 -0.400553793 5.478807449
-0.423181772 0.043452889 0.905002058 34.180088043 0.018739305 0.999054670 -0.039206129 0.962850571 -0.905851662 0.000367853 -0.423596740 5.129159927
-0.443622053 0.040091313 0.895316541 34.926689148 0.023656679 0.999173880 -0.033020180 0.943238497 -0.895902336 0.006531808 -0.444204688 4.755215645
-0.461337209 0.038157079 0.886403859 35.664894104 0.029702708 0.999178112 -0.027552567 0.890978754 -0.886728108 0.013617665 -0.462092131 4.364745140
-0.475149870 0.038888440 0.879044950 36.377281189 0.033509836 0.999096990 -0.026086351 0.822030902 -0.879267156 0.017061824 -0.476024687 3.991342545
-0.486270368 0.042368229 0.872780681 37.078388214 0.036549784 0.998934746 -0.028128482 0.788793802 -0.873044729 0.018221995 -0.487301707 3.574270248
-0.495951295 0.045497011 0.867157459 37.767509460 0.039267279 0.998778760 -0.029944684 0.765965998 -0.867462933 0.019199906 -0.497133046 3.173974037
-0.506762385 0.044572674 0.860932529 38.459388733 0.032474156 0.998939455 -0.032602675 0.697493434 -0.861474633 0.011436322 -0.507673442 2.778606415
-0.517353058 0.043186225 0.854681551 39.158245087 0.030860674 0.999016643 -0.031798825 0.696614146 -0.855216026 0.009924906 -0.518178046 2.340835571
-0.525885105 0.044694889 0.849380314 39.833015442 0.033289358 0.998933673 -0.031953681 0.657203078 -0.849904716 0.011471439 -0.526813209 1.923601151
-0.533568799 0.048750486 0.844350100 40.533260345 0.036685269 0.998730481 -0.034481518 0.606575727 -0.844961345 0.012577025 -0.534680843 1.482549667
-0.537170351 0.052135818 0.841860414 41.227661133 0.037663750 0.998573720 -0.037808623 0.569578528 -0.842633069 0.011398016 -0.538368881 1.041717529
-0.536406934 0.053541921 0.842258930 41.932262421 0.036603432 0.998521090 -0.040163890 0.513931155 -0.843166173 0.009285443 -0.537574470 0.581108093
-0.533131063 0.054613225 0.844267607 42.664340973 0.039196067 0.998435855 -0.039834701 0.477977276 -0.845124841 0.011854935 -0.534438908 0.120435715
-0.527701735 0.052362356 0.847813785 43.391006470 0.037739988 0.998556435 -0.038182102 0.443149924 -0.848591566 0.011847806 -0.528917253 -0.320430756
-0.520763159 0.050931673 0.852180123 44.148246765 0.035811447 0.998642027 -0.037800957 0.397791743 -0.852950454 0.010832530 -0.521881044 -0.776880264
-0.513675809 0.049913626 0.856530726 44.928123474 0.033724956 0.998707891 -0.037973482 0.338888764 -0.857321918 0.009380481 -0.514696717 -1.235496521
-0.507413983 0.048661739 0.860326767 45.738197327 0.030970458 0.998787403 -0.038227223 0.295225859 -0.861146212 0.007247759 -0.508307159 -1.690402985
-0.503155828 0.046363320 0.862950563 46.539268494 0.026996747 0.998914003 -0.037927359 0.250597000 -0.863774598 0.004213553 -0.503862441 -2.137475967
-0.501818836 0.043214630 0.863892019 47.356113434 0.021736516 0.999064147 -0.037350040 0.205654383 -0.864700317 0.000035095 -0.502289712 -2.617462158
-0.501839995 0.040759381 0.863999069 48.184265137 0.019280784 0.999166250 -0.035937004 0.163379908 -0.864746332 -0.001376007 -0.502208710 -3.103946686
-0.502830982 0.039081346 0.863500237 49.054222107 0.017496930 0.999231219 -0.035035659 0.110914469 -0.864208519 -0.002508366 -0.503129363 -3.604946136
-0.503424942 0.038870022 0.863163292 49.921714783 0.017808136 0.999240398 -0.034611549 0.066077948 -0.863856137 -0.002052949 -0.503736019 -4.093393326
-0.503926158 0.037825335 0.862917185 50.784717560 0.017680803 0.999281168 -0.033477519 0.024072766 -0.863566399 -0.001613087 -0.504233897 -4.599006653
-0.503978193 0.037457541 0.862902880 51.675914764 0.017843805 0.999295473 -0.032956496 -0.028678179 -0.863532901 -0.001211839 -0.504292488 -5.099531174
-0.504169047 0.036915749 0.862814546 52.566322327 0.017541602 0.999315560 -0.032505874 -0.076552749 -0.863427579 -0.001253257 -0.504472494 -5.623001099
-0.504158556 0.035428721 0.862883091 53.462623596 0.015806848 0.999367297 -0.031797055 -0.126581907 -0.863467455 -0.002391238 -0.504400373 -6.136882782
-0.504467785 0.033943456 0.862761974 54.354270935 0.015536421 0.999419987 -0.030235596 -0.185432076 -0.863291740 -0.001848590 -0.504703164 -6.643974304
-0.503741503 0.032566149 0.863239348 55.238624573 0.014210749 0.999464273 -0.029412633 -0.235351205 -0.863738537 -0.002549031 -0.503935158 -7.159040451
-0.502530694 0.032508172 0.863947034 56.144287109 0.014092072 0.999466121 -0.029410489 -0.279073119 -0.864445508 -0.002604815 -0.502721250 -7.679529190
-0.500669479 0.031022612 0.865081489 57.039710999 0.014729086 0.999516308 -0.027319035 -0.327985883 -0.865514219 -0.000935890 -0.500885189 -8.186510086
-0.497949868 0.029155320 0.866714597 57.928840637 0.014794791 0.999572575 -0.025124529 -0.378879547 -0.867080450 0.000312168 -0.498169601 -8.698495865
-0.495470762 0.028794574 0.868146241 58.825862885 0.014594248 0.999583066 -0.024824783 -0.431892753 -0.868502975 0.000370049 -0.495685518 -9.210485458
-0.493446857 0.029295959 0.869281471 59.717311859 0.015398620 0.999567866 -0.024945779 -0.473925114 -0.869640708 0.001076383 -0.493685871 -9.708021164
-0.492256224 0.029515281 0.869948864 60.609359741 0.015202242 0.999561608 -0.025310630 -0.528165698 -0.870319188 0.000765929 -0.492490292 -10.206188202
-0.493272007 0.030832730 0.869327605 61.495159149 0.014573161 0.999521792 -0.027181311 -0.574370503 -0.869754493 -0.000738865 -0.493486822 -10.690612793
-0.496204913 0.032228742 0.867606163 62.371810913 0.013195681 0.999472797 -0.029580239 -0.628996372 -0.868106723 -0.003229151 -0.496370018 -11.190841675
-0.500244379 0.032873683 0.865259111 63.240673065 0.012124711 0.999444306 -0.030961957 -0.681553721 -0.865801096 -0.004997492 -0.500366867 -11.696603775
-0.505648136 0.031439260 0.862165868 64.118057251 0.012033932 0.999493003 -0.029389229 -0.729510665 -0.862657487 -0.004485326 -0.505771995 -12.210083008
-0.510839343 0.029536696 0.859167635 64.970214844 0.015548375 0.999560893 -0.025118513 -0.764778733 -0.859537125 0.000527202 -0.511076272 -12.730552673
-0.517349124 0.028434621 0.855300963 65.844245911 0.012386237 0.999589443 -0.025739403 -0.805218995 -0.855686426 -0.002722249 -0.517491043 -13.205604553
-0.522061586 0.030087490 0.852375925 66.690132141 0.013078141 0.999539912 -0.027272066 -0.868357897 -0.852809072 -0.003090154 -0.522217035 -13.725744247
-0.527118862 0.032287847 0.849176884 67.524253845 0.013849475 0.999468923 -0.029405398 -0.919354320 -0.849680245 -0.003739436 -0.527288377 -14.244594574
-0.531611741 0.031221215 0.846411347 68.353912354 0.012358394 0.999497056 -0.029106010 -0.973659337 -0.846899748 -0.005012770 -0.531732798 -14.761941910
-0.535217643 0.031815737 0.844113529 69.171401978 0.011643793 0.999470592 -0.030288495 -1.021393299 -0.844635725 -0.006382220 -0.535307288 -15.277320862
-0.538284779 0.030908335 0.842194736 69.992897034 0.011601870 0.999501586 -0.029266173 -1.083899379 -0.842684925 -0.005982469 -0.538377523 -15.809421539
-0.541690111 0.024350915 0.840224206 70.823883057 0.013573773 0.999700546 -0.020221796 -1.119231939 -0.840470314 0.000451134 -0.541861117 -16.316255569
-0.542306066 0.017209535 0.840003550 71.664566040 0.014130954 0.999832690 -0.011361086 -1.144854307 -0.840063751 0.005708955 -0.542461336 -16.894966125
-0.544015110 0.015134080 0.838937759 72.488777161 0.014084998 0.999858260 -0.008903502 -1.167068124 -0.838958859 0.006972893 -0.544153869 -17.426059723
-0.544827044 0.020098941 0.838306308 73.291275024 0.014440024 0.999786317 -0.014585763 -1.212696552 -0.838425636 0.004158528 -0.545003593 -17.945861816
-0.546060443 0.023954311 0.837401986 74.098342896 0.014518667 0.999708533 -0.019129716 -1.259721041 -0.837621510 0.001712048 -0.546251714 -18.473461151
-0.546722114 0.030416111 0.836760104 74.902793884 0.021840245 0.999514818 -0.022062259 -1.279640317 -0.837030649 0.006213220 -0.547123730 -18.995080948
-0.546585083 0.032029714 0.836789489 75.688308716 0.025498474 0.999438167 -0.021599999 -1.316474080 -0.837016642 0.009530741 -0.547097266 -19.523439407
-0.546178102 0.028850548 0.837170720 76.483627319 0.025049781 0.999519050 -0.018102698 -1.360013485 -0.837295830 0.011083778 -0.546640694 -20.027999878
-0.545425832 0.023812242 0.837819397 77.297317505 0.023170393 0.999639452 -0.013327392 -1.387767911 -0.837840199 0.012143631 -0.545783460 -20.560956955
-0.544656157 0.017915837 0.838466704 78.088867188 0.021375053 0.999740362 -0.007476933 -1.415854692 -0.838388443 0.013850046 -0.544900179 -21.076450348
-0.544040084 0.011063736 0.838984787 78.896110535 0.012021806 0.999909997 -0.005390344 -1.452693224 -0.838974476 0.007153636 -0.544126689 -21.578172684
-0.542682052 0.006023696 0.839915216 79.712150574 0.004023061 0.999978125 -0.004572302 -1.466071248 -0.839929819 0.000897773 -0.542697012 -22.074590683
-0.541039705 0.006285884 0.840972185 80.480461121 0.007037243 0.999967456 -0.002946936 -1.499421716 -0.840969026 0.004323783 -0.541068912 -22.552700043
-0.537992954 0.009531523 0.842894077 81.268569946 0.012575660 0.999912024 -0.003280493 -1.524298310 -0.842856884 0.008835164 -0.538068056 -23.069030762
-0.532636225 0.013686895 0.846232176 82.064918518 0.014457288 0.999866962 -0.007072100 -1.539411783 -0.846222222 0.008467466 -0.532765806 -23.562643051
-0.524839997 0.015103966 0.851065576 82.861373901 0.018952608 0.999798417 -0.006055790 -1.570655823 -0.850991368 0.012951719 -0.525023103 -24.052597046
-0.516959727 0.017212490 0.855835438 83.667846680 0.025650978 0.999656737 -0.004610820 -1.612440109 -0.855626881 0.019569574 -0.517226338 -24.551900864
-0.507401824 0.017613387 0.861528337 84.464065552 0.025471089 0.999657154 -0.005436056 -1.629043579 -0.861334801 0.019185975 -0.507679105 -24.997711182
-0.496147215 0.015276324 0.868102908 85.291793823 0.021837790 0.999744713 -0.005111970 -1.649063587 -0.867965519 0.016421309 -0.496356845 -25.456041336
-0.484715223 0.011697887 0.874592721 86.086662292 0.022866329 0.999734640 -0.000698808 -1.671685338 -0.874374866 0.019660175 -0.484856695 -25.904314041
-0.473325193 0.010929220 0.880818903 86.914108276 0.022917064 0.999733806 -0.000089845 -1.688764811 -0.880591571 0.020143436 -0.473452032 -26.339824677
-0.461268246 0.009440976 0.887209475 87.769660950 0.021850562 0.999757290 0.000721626 -1.715737224 -0.886993647 0.019719062 -0.461364776 -26.769752502
-0.449538291 0.012639880 0.893170655 88.562713623 0.027633961 0.999614418 -0.000237955 -1.716831088 -0.892835557 0.024575079 -0.449716330 -27.171272278
-0.437423617 0.014844636 0.899132252 89.394378662 0.025941046 0.999652386 -0.003884084 -1.765136242 -0.898883522 0.021625616 -0.437658399 -27.565992355
-0.424978048 0.026220541 0.904823065 90.266685486 0.029810723 0.999439955 -0.014960952 -1.783798337 -0.904714763 0.020615529 -0.425523371 -27.961801529
-0.412910581 0.029871080 0.910280824 91.063339233 0.028506976 0.999392569 -0.019864377 -1.817409515 -0.910327494 0.017747307 -0.413512826 -28.310651779
-0.401064038 0.026221156 0.915673971 91.940048218 0.025871105 0.999511957 -0.017290499 -1.842001557 -0.915686727 0.016755046 -0.401548117 -28.692932129
-0.389512897 0.021719556 0.920764208 92.764236450 0.025609588 0.999587119 -0.012745271 -1.895441055 -0.920666993 0.018616097 -0.389909625 -29.028347015
-0.379400849 0.022335786 0.924962223 93.605514526 0.023557555 0.999614000 -0.014475701 -1.913591981 -0.924934626 0.016297894 -0.379781634 -29.385650635
-0.372659057 0.025931064 0.927605391 94.453392029 0.017976504 0.999619901 -0.020722359 -1.948531032 -0.927796364 0.008952824 -0.372984678 -29.708293915
-0.367049426 0.032134213 0.929645598 95.305809021 0.012249565 0.999479711 -0.029711721 -1.976518631 -0.930123031 0.000482140 -0.367253095 -30.033584595
-0.364297479 0.033676151 0.930672944 96.148727417 0.008954545 0.999422848 -0.032658819 -2.023201466 -0.931241870 -0.003563735 -0.364389747 -30.344236374
-0.360882699 0.032596938 0.932040751 96.975921631 0.007121288 0.999452710 -0.032197334 -2.076082468 -0.932586312 -0.004982101 -0.360918224 -30.658115387
-0.355691969 0.032588452 0.934034288 97.842201233 0.006234932 0.999448836 -0.032496516 -2.130028725 -0.934584796 -0.005735086 -0.355700046 -30.976436615
-0.349850863 0.028708497 0.936365008 98.690307617 0.003379696 0.999558806 -0.029383348 -2.169932127 -0.936801732 -0.007115155 -0.349794328 -31.286621094
-0.344522208 0.025057066 0.938443124 99.551437378 0.003210199 0.999665618 -0.025513317 -2.218709707 -0.938775003 -0.005777307 -0.344488293 -31.600023270
-0.338767767 0.022229569 0.940606833 100.410240173 0.002032783 0.999732077 -0.022894870 -2.259852171 -0.940870166 -0.005843988 -0.338723063 -31.892332077
-0.332792789 0.020401420 0.942778409 101.257209778 -0.003797264 0.999725282 -0.022974228 -2.301092148 -0.942994535 -0.011225660 -0.332624704 -32.177768707
-0.326892734 0.019848434 0.944852293 102.088020325 -0.015475274 0.999529362 -0.026351135 -2.331645250 -0.944937050 -0.023235938 -0.326432467 -32.444026947
-0.320329815 0.023310816 0.947018564 102.939201355 -0.012837650 0.999494910 -0.028944958 -2.376530647 -0.947221458 -0.021429507 -0.319869459 -32.725254059
-0.313122332 0.027474631 0.949314654 103.795410156 -0.010495686 0.999416709 -0.032386653 -2.426899672 -0.949657083 -0.020104762 -0.312651932 -32.999477386
-0.306486070 0.026152207 0.951515138 104.651252747 -0.010689569 0.999461055 -0.030913232 -2.459299803 -0.951817214 -0.019645821 -0.306042045 -33.266784668
-0.299546540 0.020778682 0.953854620 105.517715454 -0.012184403 0.999594092 -0.025601519 -2.502396107 -0.954006016 -0.019291062 -0.299172401 -33.523998260
-0.292259008 0.018372077 0.956161916 106.380554199 -0.012055750 0.999661326 -0.022892931 -2.542451143 -0.956265330 -0.018217979 -0.291939110 -33.777423859
-0.285758466 0.022001788 0.958048403 107.236610413 -0.014327994 0.999522626 -0.027227974 -2.583519220 -0.958196700 -0.021507615 -0.285307288 -34.033950806
-0.279170215 0.025576372 0.959900320 108.099082947 -0.013804805 0.999431014 -0.030644640 -2.622251749 -0.960144520 -0.021806384 -0.278658688 -34.275085449
-0.272892743 0.025035825 0.961718023 108.958328247 -0.015846137 0.999404669 -0.030513419 -2.667806387 -0.961916089 -0.023566484 -0.272333890 -34.507663727
-0.265752077 0.023913689 0.963744223 109.822952271 -0.016702097 0.999423742 -0.029404730 -2.714270830 -0.963898838 -0.023910994 -0.265200049 -34.738876343
-0.257722706 0.024359191 0.965911329 110.688224792 -0.013633380 0.999486685 -0.028843675 -2.754190922 -0.966124773 -0.020602359 -0.257258773 -34.963962555
-0.250296921 0.024978215 0.967846513 111.538429260 -0.009480265 0.999552011 -0.028248295 -2.800450563 -0.968124688 -0.016245926 -0.249948353 -35.180404663
-0.244036227 0.024701476 0.969451308 112.394599915 -0.008572792 0.999577463 -0.027627198 -2.847970963 -0.969730139 -0.015052956 -0.243721709 -35.387638092
-0.237502754 0.023553291 0.971101165 113.241477966 -0.015571766 0.999481142 -0.028050138 -2.890662909 -0.971264064 -0.021783799 -0.237013042 -35.573516846
-0.231145158 0.022090971 0.972668469 114.140586853 -0.019400619 0.999434710 -0.027309371 -2.930537701 -0.972727656 -0.025182886 -0.230586082 -35.779067993
-0.225671872 0.023073515 0.973930061 115.038513184 -0.014606840 0.999523044 -0.027064549 -2.966303825 -0.974095643 -0.020333810 -0.225227371 -35.994731903
-0.221367031 0.023745019 0.974901259 115.884033203 -0.013103655 0.999536932 -0.027320562 -3.001586914 -0.975104094 -0.018822690 -0.220953494 -36.176841736
-0.217716858 0.024821639 0.975696087 116.747390747 -0.012526829 0.999519467 -0.028223040 -3.040484667 -0.975933075 -0.018367058 -0.217301384 -36.349578857
-0.211715490 0.023723062 0.977043152 117.615814209 -0.007104176 0.999637902 -0.025811179 -3.081010818 -0.977307081 -0.012405735 -0.211470380 -36.539039612
-0.205797270 0.022343583 0.978339374 118.478500366 0.000871162 0.999739408 -0.022649184 -3.121188641 -0.978595853 -0.003808827 -0.205763146 -36.738365173
-0.200946361 0.021528067 0.979365468 119.358016968 0.003290462 0.999764025 -0.021301435 -3.167771339 -0.979598403 -0.001057847 -0.200969785 -36.916927338
-0.196896642 0.023304634 0.980147064 120.208938599 0.002229642 0.999721825 -0.023322273 -3.192170858 -0.980423450 -0.002406671 -0.196893841 -37.075088501
-0.192792445 0.025157617 0.980916798 121.098915100 -0.000128915 0.999667048 -0.025663953 -3.231871128 -0.981241345 -0.005074249 -0.192724928 -37.246978760
-0.191074222 0.024549071 0.981268287 121.985595703 -0.001863423 0.999672771 -0.025372464 -3.265471458 -0.981575608 -0.006676529 -0.190965816 -37.406703949
-0.189999223 0.023350824 0.981506288 122.844741821 -0.004019864 0.999686658 -0.024561623 -3.311971426 -0.981777728 -0.008612211 -0.189845681 -37.566532135
-0.189001918 0.020803455 0.981756091 123.722991943 -0.000304862 0.999770641 -0.021243993 -3.333056450 -0.981978238 -0.004314439 -0.188952088 -37.731201172
-0.188102663 0.015398303 0.982028365 124.588218689 0.000721780 0.999875307 -0.015540013 -3.363967896 -0.982150614 -0.002214287 -0.188090235 -37.882667542
-0.187825352 0.010108517 0.982149959 125.440605164 -0.002933192 0.999933183 -0.010852596 -3.427496672 -0.982199430 -0.004919228 -0.187783062 -38.040031433
-0.187157884 0.015476834 0.982207298 126.313888550 -0.004954137 0.999844611 -0.016698856 -3.456227303 -0.982318640 -0.007991324 -0.187052056 -38.178615570
-0.186630964 0.018067384 0.982263327 127.160217285 -0.006819244 0.999779284 -0.019685334 -3.500524044 -0.982407689 -0.010372208 -0.186466530 -38.354999542
-0.186641052 0.018195746 0.982258976 128.006256104 -0.007770772 0.999766171 -0.019996697 -3.522703886 -0.982398748 -0.011365142 -0.186455965 -38.503715515
-0.185792997 0.017977336 0.982423604 128.869720459 -0.007955020 0.999768376 -0.019799247 -3.549865246 -0.982557893 -0.011493792 -0.185607001 -38.663604736
-0.185285315 0.017504202 0.982528090 129.718383789 -0.005829531 0.999800146 -0.018911343 -3.590094566 -0.982668698 -0.009231688 -0.185146332 -38.823970795
-0.184359848 0.020281922 0.982648790 130.558776855 -0.006825777 0.999732494 -0.021915248 -3.630320072 -0.982836306 -0.010747653 -0.184172198 -38.982223511
-0.184204504 0.021250706 0.982657373 131.398101807 -0.015847327 0.999568045 -0.024587175 -3.657554865 -0.982761383 -0.020101633 -0.183788255 -39.129486084
-0.183690727 0.023593130 0.982700109 132.258163452 -0.018977741 0.999436498 -0.027542446 -3.696295738 -0.982802331 -0.023708791 -0.183139592 -39.267147064
-0.183398396 0.027967740 0.982639968 133.082977295 -0.015415021 0.999386430 -0.031321511 -3.738417864 -0.982919157 -0.020891784 -0.182854891 -39.419391632
-0.182772040 0.028239876 0.982748806 133.919296265 -0.013776422 0.999411523 -0.031280931 -3.783310175 -0.983060241 -0.019256091 -0.182275623 -39.571792603
-0.181388080 0.029549971 0.982966602 134.722183228 -0.014810950 0.999348819 -0.032775637 -3.823829651 -0.983301461 -0.020503832 -0.180832386 -39.705497742
-0.179349288 0.029807858 0.983332992 135.556442261 -0.006149065 0.999483109 -0.031419054 -3.855520248 -0.983767629 -0.011681566 -0.179073423 -39.863929749
-0.175926134 0.025527364 0.984071612 136.376556396 -0.001924178 0.999648631 -0.026275555 -3.909266233 -0.984402776 -0.006516055 -0.175815418 -40.014842987
-0.174276143 0.020481283 0.984483242 137.181976318 0.000993046 0.999782443 -0.020623913 -3.946568489 -0.984697640 -0.002616568 -0.174258798 -40.162338257
-0.170095533 0.019971242 0.985224605 138.007156372 0.004338245 0.999795556 -0.019517759 -3.984696388 -0.985419214 0.000954340 -0.170147657 -40.304260254
-0.165046185 0.024790943 0.985973716 138.805908203 0.003601728 0.999687970 -0.024533000 -4.028113365 -0.986280441 -0.000497797 -0.165084198 -40.433818817
-0.158413604 0.028200570 0.986969292 139.609375000 0.006680385 0.999595404 -0.027489221 -4.060414314 -0.987351298 0.002238755 -0.158537984 -40.563877106
-0.150403991 0.029642416 0.988179386 140.394134521 0.003223425 0.999555290 -0.029493168 -4.093928337 -0.988620281 -0.001250502 -0.150432706 -40.682266235
-0.140642583 0.024830686 0.989748061 141.207000732 0.008477773 0.999674499 -0.023875158 -4.126389027 -0.990025043 0.005033084 -0.140807316 -40.789508820
-0.128200829 0.023757029 0.991462827 142.012557983 0.018170258 0.999596953 -0.021602564 -4.166730881 -0.991582632 0.015245819 -0.128580749 -40.898178101
-0.115149006 0.025743812 0.993013620 142.781768799 0.016571583 0.999570191 -0.023992283 -4.200065613 -0.993210614 0.013693269 -0.115525983 -40.981987000
-0.100450560 0.026768379 0.994580925 143.588958740 0.013745949 0.999575317 -0.025514606 -4.241046906 -0.994847715 0.011108637 -0.100775614 -41.060653687
-0.086702697 0.026796600 0.995872736 144.368011475 0.017883586 0.999514341 -0.025337728 -4.269482136 -0.996074498 0.015613087 -0.087139487 -41.124687195
-0.072854906 0.027649969 0.996958375 145.192413330 0.018108562 0.999482930 -0.026396794 -4.311519146 -0.997178912 0.016130509 -0.073317535 -41.181903839
-0.059018631 0.034115326 0.997672796 145.927947998 0.017663460 0.999290526 -0.033125870 -4.359509468 -0.998101652 0.015667485 -0.059578858 -41.216697693
-0.046481661 0.043410599 0.997974455 146.663818359 0.011938966 0.999003589 -0.042899430 -4.396832943 -0.998848736 0.009920895 -0.046953056 -41.231590271
-0.033008840 0.051563062 0.998123050 147.425781250 0.003745241 0.998663068 -0.051467240 -4.443682671 -0.999448955 0.002039442 -0.033157174 -41.235759735
-0.019180357 0.053194545 0.998398781 148.223815918 0.005953494 0.998567343 -0.053089298 -4.483093262 -0.999799192 0.004925802 -0.019468829 -41.252258301
-0.007349529 0.049637660 0.998739004 149.014129639 0.005970753 0.998746932 -0.049594257 -4.538569450 -0.999956071 0.005598843 -0.007635867 -41.237861633
0.004116859 0.046974719 0.998886406 149.784439087 0.006540318 0.998868763 -0.047000974 -4.594200134 -0.999970913 0.006726651 0.003805872 -41.223529816
0.012567371 0.052339580 0.998548865 150.524932861 -0.002091992 0.998623669 -0.052317284 -4.662327766 -0.999919593 -0.001431382 0.012660529 -41.200466156
0.019014547 0.061618283 0.997917414 151.266616821 -0.010464750 0.998052001 -0.061427332 -4.704675198 -0.999765158 -0.009274905 0.019623330 -41.177185059
0.022856506 0.064367667 0.997663200 152.032241821 -0.007495821 0.997903645 -0.064211547 -4.753740788 -0.999711394 -0.006010609 0.023292100 -41.153316498
0.022251850 0.060077198 0.997944295 152.787719727 -0.010384928 0.998148382 -0.059858005 -4.813221931 -0.999699175 -0.009031611 0.022835569 -41.118434906
0.020700883 0.054095440 0.998319864 153.538558960 -0.007883231 0.998508394 -0.053942293 -4.891456127 -0.999755323 -0.006753307 0.021097470 -41.097908020
0.017992027 0.052051555 0.998480737 154.290878296 -0.009466305 0.998603463 -0.051887434 -4.931213379 -0.999794185 -0.008518345 0.018460628 -41.082057953
0.015121691 0.052244034 0.998518169 155.042587280 -0.007359412 0.998608112 -0.052137353 -4.982889175 -0.999859333 -0.006560071 0.015486100 -41.067878723
0.011380058 0.052307401 0.998564482 155.787597656 -0.005409049 0.998614788 -0.052248452 -5.030355453 -0.999921381 -0.004806650 0.011648176 -41.052536011
0.006765406 0.050650220 0.998691678 156.524887085 -0.005003511 0.998700798 -0.050616864 -5.090936661 -0.999965191 -0.004654479 0.007010965 -41.048797607
0.001132113 0.051243853 0.998683572 157.265792847 -0.007016587 0.998657048 -0.051234622 -5.136746407 -0.999975264 -0.006949321 0.001491029 -41.037769318
-0.004730878 0.049411602 0.998765349 158.021270752 -0.007137120 0.998746395 -0.049444556 -5.184500694 -0.999963820 -0.007362203 -0.004371454 -41.038734436
-0.010574181 0.047021609 0.998835921 158.756713867 -0.007666574 0.998855710 -0.047103785 -5.237276077 -0.999915242 -0.008155720 -0.010200789 -41.054855347
-0.015704945 0.045818198 0.998824120 159.487426758 -0.006232723 0.998920798 -0.045920722 -5.290752888 -0.999857724 -0.006946566 -0.015401669 -41.055530548
-0.021375846 0.046491671 0.998687744 160.224090576 -0.007379634 0.998878777 -0.046658605 -5.335638523 -0.999744713 -0.008367315 -0.021008072 -41.071086884
-0.025090117 0.049463220 0.998458564 160.955215454 -0.008353787 0.998724997 -0.049686436 -5.387061119 -0.999650836 -0.009587551 -0.024644237 -41.078628540
-0.027600914 0.050953675 0.998317420 161.660018921 -0.007789210 0.998653829 -0.051186293 -5.441369534 -0.999589264 -0.009188890 -0.027166203 -41.095951080
-0.028907221 0.053071216 0.998170197 162.376464844 -0.004796418 0.998565555 -0.053231258 -5.489044189 -0.999571145 -0.006326376 -0.028610544 -41.117397308
-0.028263995 0.052026954 0.998243570 163.098800659 -0.000188556 0.998639226 -0.052053016 -5.530189514 -0.999600947 -0.001659385 -0.028215066 -41.144565582
-0.024406331 0.047974356 0.998548210 163.818130493 0.000685080 0.998843372 -0.047971886 -5.586013794 -0.999702275 -0.000486660 -0.024410278 -41.153381348
-0.017057523 0.047694393 0.998714328 164.520690918 0.002457079 0.998855352 -0.047659278 -5.635490417 -0.999852002 0.001641059 -0.017154448 -41.166217804
-0.005759727 0.048837997 0.998787999 165.217422485 0.005767598 0.998786569 -0.048804764 -5.680328846 -0.999967217 0.005479626 -0.006033590 -41.165035248
0.008373651 0.048576981 0.998782158 165.903884888 0.008062624 0.998778522 -0.048644491 -5.731419563 -0.999932826 0.008460280 0.007972697 -41.146465302
0.023364790 0.046534307 0.998641133 166.603088379 0.007832481 0.998871863 -0.046728387 -5.770645142 -0.999696553 0.008913784 0.022975000 -41.129005432
0.039628118 0.041161373 0.998364031 167.296615601 0.002599301 0.999138415 -0.041296553 -5.820191860 -0.999211431 0.004231660 0.039488163 -41.083786011
0.056103978 0.034968477 0.997810066 167.968322754 0.000691422 0.999379754 -0.035062440 -5.858868599 -0.998425007 0.002657140 0.056046307 -41.029228210
0.073074058 0.027808864 0.996936202 168.652084351 -0.000354001 0.999606788 -0.027857481 -5.894286633 -0.997326851 0.001682813 0.073056608 -40.960182190
0.090934128 0.020225743 0.995648980 169.330856323 -0.000918678 0.999789953 -0.020226033 -5.928142548 -0.995856941 0.000924613 0.090935178 -40.884437561
0.108206987 0.014168408 0.994024932 169.988235474 -0.002848255 0.999893665 -0.013942080 -5.955805302 -0.994124889 -0.001322574 0.108237535 -40.801948547
0.126049608 0.012043225 0.991948247 170.659133911 -0.000540715 0.999922037 -0.012071395 -5.974951267 -0.992024302 0.000985284 0.126048133 -40.711845398
0.144104004 0.011039363 0.989498258 171.293502808 -0.002365693 0.999933779 -0.010811337 -6.003344536 -0.989560246 -0.000782857 0.144122645 -40.605674744
0.161709279 0.010717358 0.986777544 171.935333252 -0.004173329 0.999934435 -0.010176423 -6.025608063 -0.986830175 -0.002472504 0.161745667 -40.485450745
0.177959830 0.010104608 0.983983219 172.591430664 -0.009146098 0.999916077 -0.008614168 -6.033419609 -0.983995795 -0.007466654 0.178039655 -40.358333588
0.192200094 0.006327413 0.981332660 173.195968628 -0.011812434 0.999916732 -0.004133776 -6.058735847 -0.981285036 -0.010797474 0.192261249 -40.217460632
0.204578876 0.001857173 0.978845716 173.835250854 -0.007079463 0.999969900 -0.000417720 -6.076529980 -0.978824914 -0.006844274 0.204588428 -40.081424713
0.215536073 0.000383663 0.976493061 174.461425781 -0.004810287 0.999983251 0.000668780 -6.095930099 -0.976484478 -0.004841373 0.215536922 -39.941310883
0.225002885 0.004317296 0.974345863 175.060317993 -0.009703062 0.999945521 -0.002190104 -6.115780354 -0.974310160 -0.008961389 0.225035310 -39.781875610
0.234031275 0.011318270 0.972160399 175.661499023 -0.015137910 0.999848366 -0.007996503 -6.139840126 -0.972111523 -0.012845101 0.234170035 -39.615139008
0.243005708 0.021043945 0.969793737 176.243652344 -0.013303287 0.999737978 -0.018360326 -6.151746273 -0.969933927 -0.008439792 0.243224904 -39.462318420
0.251438439 0.027890168 0.967468619 176.827484131 -0.008648012 0.999604523 -0.026569100 -6.155930519 -0.967834890 -0.001686134 0.251583189 -39.309989929
0.258049399 0.026386399 0.965768337 177.442810059 -0.007669666 0.999646485 -0.025262769 -6.173467636 -0.966101408 -0.000888027 0.258163571 -39.150920868
0.263773173 0.018637013 0.964401782 178.037307739 -0.007872887 0.999816656 -0.017168164 -6.189604282 -0.964552641 -0.003064098 0.263874680 -38.973712921
0.268264443 0.007848680 0.963310421 178.645202637 -0.012248669 0.999908805 -0.004735909 -6.215450764 -0.963267505 -0.010528839 0.268339366 -38.791965485
0.270622790 -0.001326658 0.962681592 179.243881226 -0.013316761 0.999893308 0.005121389 -6.246167183 -0.962593257 -0.014205853 0.270579517 -38.610412598
0.271338165 -0.002388656 0.962478161 179.856445312 -0.010678411 0.999922872 0.005491937 -6.267920017 -0.962424755 -0.011767977 0.271295100 -38.433830261
0.272739500 0.000973740 0.962084413 180.467239380 -0.006847646 0.999970913 0.000929075 -6.261613369 -0.962063551 -0.006841422 0.272741944 -38.267349243
0.274529099 0.000564994 0.961575568 181.064025879 -0.005960453 0.999976456 0.001114082 -6.268465996 -0.961560309 -0.006037284 0.274529666 -38.082859039
0.276023239 -0.000898785 0.961147368 181.679473877 -0.005879015 0.999974072 0.002623368 -6.270125866 -0.961132944 -0.006374727 0.276014477 -37.909740448
0.278558761 -0.005692706 0.960399389 182.280456543 -0.007095019 0.999937773 0.007984875 -6.291756630 -0.960393012 -0.009038351 0.278504670 -37.710277557
0.281951308 -0.010966924 0.959362984 182.909927368 -0.006651608 0.999883175 0.013384930 -6.299725533 -0.959405661 -0.010155264 0.281848997 -37.533535004
0.286093831 -0.014290126 0.958092213 183.538635254 -0.003740685 0.999859393 0.016030019 -6.307476997 -0.958194554 -0.008170053 0.286003530 -37.341373444
0.292056978 -0.015719546 0.956268966 184.138854980 -0.002248631 0.999845743 0.017122572 -6.296199799 -0.956398547 -0.007151096 0.291979939 -37.156181335
0.299991697 -0.019059740 0.953748584 184.777038574 -0.001150444 0.999787331 0.020341568 -6.295101643 -0.953941345 -0.007199576 0.299909383 -36.951980591
0.309440911 -0.021604240 0.950670421 185.373184204 0.001820751 0.999748588 0.022126829 -6.306890488 -0.950917006 -0.005116037 0.309405893 -36.755474091
0.320434809 -0.019373747 0.947069705 186.000106812 0.000305455 0.999787927 0.020348758 -6.313112259 -0.947270572 -0.006231194 0.320376307 -36.529495239
0.332498193 -0.015969845 0.942966163 186.608306885 0.000306343 0.999853432 0.016825190 -6.311556339 -0.943103850 -0.005305492 0.332457870 -36.295627594
0.344070017 -0.012457397 0.938858807 187.205734253 -0.001370409 0.999899268 0.013769482 -6.299850941 -0.938942909 -0.006024307 0.344021946 -36.062351227
0.355878025 -0.011504271 0.934459031 187.833984375 -0.000256153 0.999918044 0.012407637 -6.296275139 -0.934532225 -0.004654979 0.355849564 -35.809291840
0.367202371 -0.014675408 0.930022657 188.460662842 -0.000200618 0.999869347 0.015856709 -6.307420731 -0.930140793 -0.006009224 0.367155224 -35.551219940
0.377946377 -0.016801886 0.925672472 189.076934814 0.000373676 0.999832928 0.017995348 -6.311749458 -0.925827146 -0.006455403 0.377893418 -35.293201447
