1.000000000 0.000000000 -0.000000004 0.000000000 0.000000000 1.000000000 -0.000000000 0.000000000 -0.000000004 -0.000000000 1.000000000 -0.000000000
0.999997914 -0.001395090 -0.001490264 -0.017182501 0.001393676 0.999998569 -0.000949322 -0.023146342 0.001491578 0.000947243 0.999998450 0.658727288
0.999977052 -0.001247065 -0.006655555 -0.017447285 0.001230592 0.999996185 -0.002478616 -0.023792466 0.006658612 0.002470369 0.999974787 1.364751220
0.999941349 -0.001034100 -0.010782217 -0.020577783 0.001000759 0.999994695 -0.003097150 -0.024723805 0.010785355 0.003086178 0.999937057 2.086620092
0.999881327 0.000191428 -0.015404069 -0.048288830 -0.000259078 0.999990284 -0.004389828 -0.031962395 0.015403074 0.004393296 0.999871731 2.811217070
0.999797881 -0.000722200 -0.020091362 -0.057402149 0.000631744 0.999989629 -0.004508285 -0.046072003 0.020094404 0.004494682 0.999788046 3.563691378
0.999699354 0.000394824 -0.024518641 -0.084700346 -0.000526724 0.999985397 -0.005373436 -0.058364991 0.024516156 0.005384737 0.999684989 4.322395325
0.999562681 0.003764748 -0.029325964 -0.118859738 -0.003941897 0.999974430 -0.005985244 -0.073947124 0.029302668 0.006098227 0.999552071 5.100663662
0.999408484 0.005345089 -0.033971962 -0.148231059 -0.005522735 0.999971509 -0.005137558 -0.081472866 0.033943534 0.005322139 0.999409616 5.897296906
0.999236047 0.006141548 -0.038594145 -0.172600687 -0.006232574 0.999978065 -0.002238721 -0.093611881 0.038579557 0.002477555 0.999252439 6.698528290
0.999126494 0.003906800 -0.041607030 -0.219753370 -0.003904010 0.999992311 0.000148273 -0.095966995 0.041607302 0.000014293 0.999134123 7.508473396
0.999004424 0.004045707 -0.044431590 -0.262295008 -0.004044962 0.999991715 0.000106657 -0.108763769 0.044431668 0.000073174 0.999012470 8.319847107
0.998907924 0.004212989 -0.046534568 -0.314801306 -0.004238867 0.999990821 -0.000457508 -0.120841026 0.046532210 0.000654262 0.998916626 9.146083832
0.998824179 0.002631768 -0.048406556 -0.346717536 -0.002669981 0.999996066 -0.000724861 -0.147213846 0.048404470 0.000853253 0.998827338 9.985915184
0.998720884 0.002636020 -0.050492719 -0.395675987 -0.002654945 0.999996245 -0.000307826 -0.153361604 0.050491706 0.000441487 0.998724341 10.832417488
0.998647511 -0.000120507 -0.051992338 -0.442441702 0.000096618 0.999999821 -0.000462019 -0.172478288 0.051992398 0.000456370 0.998647213 11.687719345
0.998560965 0.002240088 -0.053582769 -0.506486893 -0.002389345 0.999993324 -0.002721668 -0.190748096 0.053576324 0.002845778 0.998559594 12.550823212
0.998460531 0.003407395 -0.055361114 -0.546195924 -0.003701222 0.999979436 -0.005205853 -0.189966187 0.055342246 0.005402746 0.998452842 13.416080475
0.998365164 0.007248156 -0.056695860 -0.616133094 -0.007634975 0.999948740 -0.006609122 -0.201165065 0.056645058 0.007031192 0.998369694 14.291687012
0.998286426 0.007849254 -0.057985052 -0.667436779 -0.008256963 0.999942601 -0.006795032 -0.216299981 0.057928387 0.007262172 0.998294353 15.179416656
0.998211920 0.007605455 -0.059286982 -0.729737639 -0.007932900 0.999954402 -0.005289690 -0.234747455 0.059244052 0.005750552 0.998226941 16.073478699
0.998117626 0.007358074 -0.060885783 -0.777492583 -0.007632208 0.999961555 -0.004271106 -0.254418910 0.060852017 0.004727761 0.998135626 16.987615585
0.998043239 0.007973381 -0.062016774 -0.836131454 -0.008203848 0.999960244 -0.003462536 -0.274932384 0.061986707 0.003964537 0.998069227 17.906818390
0.997980297 0.007375987 -0.063093729 -0.912179649 -0.007646400 0.999962449 -0.004045608 -0.282916635 0.063061535 0.004519877 0.997999489 18.805778503
0.997915328 0.006862951 -0.064170942 -0.968182862 -0.007171323 0.999963641 -0.004576434 -0.306739032 0.064137228 0.005027085 0.997928619 19.739740372
0.997858107 0.006415119 -0.065098651 -1.023708463 -0.006654862 0.999971569 -0.003466747 -0.322334230 0.065074570 0.003892543 0.997872949 20.654424667
0.997861326 0.006917816 -0.064997680 -1.086325288 -0.006917435 0.999975801 0.000230721 -0.333118647 0.064997718 0.000219387 0.997885466 21.571315765
0.997920334 0.008038148 -0.063954160 -1.165554285 -0.007783086 0.999960482 0.004236198 -0.344393969 0.063985713 -0.003729632 0.997943938 22.529214859
0.998023689 0.007426414 -0.062395651 -1.218476057 -0.007012313 0.999951720 0.006852853 -0.357098103 0.062443517 -0.006401780 0.998028100 23.460672379
0.998144448 0.006531214 -0.060536563 -1.288623095 -0.006090197 0.999953330 0.007466604 -0.363812268 0.060582481 -0.007084077 0.998138189 24.391597748
0.998207808 0.007081522 -0.059420578 -1.340693712 -0.006801855 0.999964595 0.004907294 -0.374202609 0.059453212 -0.004494335 0.998221099 25.357175827
0.998246670 0.010352147 -0.058274716 -1.408560395 -0.010344596 0.999946177 0.000431012 -0.397659183 0.058276020 0.000172568 0.998300672 26.298347473
0.998317242 0.009539270 -0.057197798 -1.468217373 -0.009716229 0.999948561 -0.002816773 -0.404702693 0.057167973 0.003367777 0.998359025 27.270763397
0.998388052 0.006133120 -0.056421924 -1.513978958 -0.006244714 0.999978721 -0.001802031 -0.422280967 0.056409657 0.002151462 0.998405516 28.239206314
0.998396277 0.002276630 -0.056564577 -1.572166800 -0.002128890 0.999993801 0.002671723 -0.423448861 0.056570299 -0.002547025 0.998395503 29.208339691
0.998347998 -0.000368695 -0.057455160 -1.630007029 0.000761414 0.999976456 0.006813284 -0.439088404 0.057451256 -0.006845783 0.998324990 30.178314209
0.998232841 -0.009333089 -0.058686767 -1.680444121 0.009718663 0.999932945 0.006287846 -0.453460932 0.058624104 -0.006847098 0.998256922 31.176813126
0.998150408 -0.009979481 -0.059964769 -1.739782214 0.010146995 0.999945402 0.002489471 -0.465355039 0.059936613 -0.003093337 0.998197496 32.167106628
0.998065531 -0.007288122 -0.061737340 -1.804591179 0.007204598 0.999972880 -0.001575583 -0.485765934 0.061747104 0.001127735 0.998091280 33.142993927
0.997958183 -0.007821611 -0.063383527 -1.877341747 0.007677430 0.999967337 -0.002518130 -0.487730563 0.063401118 0.002026360 0.997986197 34.132987976
0.997946560 -0.010006532 -0.063263334 -1.952871323 0.009935774 0.999949753 -0.001433139 -0.506826162 0.063274428 0.000801618 0.997995734 35.139713287
0.997889340 -0.007673300 -0.064481519 -2.026420355 0.007796580 0.999968410 0.001660297 -0.512858510 0.064466693 -0.002159536 0.997917414 36.121879578
0.997748077 -0.005316419 -0.066858888 -2.090333223 0.005521987 0.999980807 0.002890120 -0.535055101 0.066842169 -0.003252818 0.997758031 37.159683228
0.997737169 -0.004879274 -0.067052022 -2.170613766 0.005307555 0.999966919 0.006210515 -0.548476636 0.067019410 -0.006552358 0.997729838 38.131725311
0.997739673 -0.004885450 -0.067015626 -2.234829903 0.005532346 0.999940157 0.009470597 -0.568794727 0.066965245 -0.009819956 0.997706652 39.142280579
0.997656226 0.000365048 -0.068416879 -2.310332537 0.000401545 0.999937594 0.011190579 -0.563722849 0.068416610 -0.011191837 0.997593641 40.172653198
0.997673571 0.000175776 -0.068164788 -2.387156010 0.000567528 0.999940813 0.010884902 -0.570673704 0.068162598 -0.010898277 0.997614384 41.149791718
0.997665346 0.000134445 -0.068284273 -2.462435007 0.000504062 0.999956608 0.009333336 -0.584236920 0.068282500 -0.009345980 0.997621775 42.148136139
0.997670650 0.003168555 -0.068134367 -2.529331684 -0.002739407 0.999976039 0.006391023 -0.591840029 0.068152905 -0.006189502 0.997655213 43.158866882
0.997598112 0.003296172 -0.069182456 -2.608812571 -0.002830137 0.999972880 0.006833185 -0.604356408 0.069203041 -0.006620992 0.997580171 44.136306763
0.997515798 -0.000107738 -0.070436209 -2.680865526 0.000685418 0.999966562 0.008177216 -0.615143657 0.070432894 -0.008205194 0.997482300 45.126304626
0.997451186 -0.000205395 -0.071345702 -2.756327152 0.000848320 0.999959707 0.008981116 -0.617895961 0.071340889 -0.009018763 0.997410715 46.135974884
0.997447312 0.001782115 -0.071377188 -2.828381300 -0.001308922 0.999977171 0.006675615 -0.645145416 0.071387380 -0.006565162 0.997426569 47.086688995
0.997359097 0.004579415 -0.072474979 -2.908419132 -0.004494094 0.999989450 0.001340187 -0.646571040 0.072480276 -0.001010956 0.997368932 48.096603394
0.997335494 0.005585474 -0.072728537 -2.993237734 -0.005568759 0.999984741 0.000432563 -0.664009273 0.072729774 -0.000026421 0.997351289 49.050014496
0.997316897 0.004931851 -0.073031448 -3.059531212 -0.004695017 0.999983549 0.003414148 -0.672010064 0.073047005 -0.003062120 0.997323334 50.022224426
0.997313678 0.000119690 -0.073241495 -3.131799459 0.000420806 0.999973297 0.007364046 -0.693277657 0.073240355 -0.007375100 0.997286677 51.028347015
0.997294486 0.000326634 -0.073497809 -3.206635952 0.000232563 0.999971688 0.007599497 -0.706669271 0.073498122 -0.007596044 0.997266173 51.969573975
0.997280240 -0.004791043 -0.073536508 -3.275981426 0.005304339 0.999963582 0.006786190 -0.714349687 0.073501207 -0.007157809 0.997269213 52.930774689
0.997242391 -0.005641354 -0.073988304 -3.345656395 0.006043441 0.999968708 0.005211437 -0.740167737 0.073956497 -0.005644221 0.997245252 53.925056458
0.997143388 -0.005815535 -0.075294875 -3.420208216 0.006321492 0.999959707 0.006482817 -0.752325058 0.075254060 -0.006940288 0.997139931 54.859409332
0.997063398 -0.006633742 -0.076279484 -3.490750790 0.007487415 0.999913156 0.010910552 -0.770156741 0.076200388 -0.011449660 0.997026443 55.810981750
0.996964335 -0.011382428 -0.077009901 -3.559402943 0.012633506 0.999796391 0.015777640 -0.771178007 0.076814555 -0.016702665 0.996905148 56.764125824
0.996932089 -0.010099863 -0.077604152 -3.634395123 0.011502030 0.999778926 0.017642129 -0.763003945 0.077408709 -0.018480621 0.996827841 57.713565826
0.996854722 -0.009611918 -0.078655049 -3.720034122 0.010786779 0.999836981 0.014525311 -0.774933040 0.078502528 -0.015328068 0.996795774 58.658363342
0.996752441 -0.005961471 -0.080295861 -3.800012112 0.006509323 0.999957979 0.006562578 -0.785314679 0.080253296 -0.007063948 0.996749103 59.582885742
0.996710479 -0.005032995 -0.080878116 -3.879151821 0.005157111 0.999986529 0.001325514 -0.808153987 0.080870278 -0.001738264 0.996722877 60.498985291
0.996627450 0.000824519 -0.082045175 -3.969932318 -0.000703916 0.999999344 0.001498717 -0.812672973 0.082046285 -0.001435924 0.996627212 61.422748566
0.996558189 0.002882921 -0.082836241 -4.049160480 -0.002535716 0.999988258 0.004296217 -0.830162227 0.082847603 -0.004071394 0.996553540 62.300613403
0.996438980 0.004429895 -0.084192462 -4.132745743 -0.003924662 0.999974072 0.006165388 -0.841989160 0.084217511 -0.005813017 0.996430159 63.190254211
0.996341765 0.005804092 -0.085254349 -4.203996181 -0.005320118 0.999969184 0.005902858 -0.859070897 0.085285909 -0.005427709 0.996341407 64.078369141
0.996209800 0.007014642 -0.086692058 -4.293307781 -0.006472120 0.999958336 0.006537463 -0.867061496 0.086734258 -0.005951615 0.996213377 64.912528992
0.996078551 0.008107123 -0.088091917 -4.372300148 -0.007491205 0.999946117 0.007320052 -0.882524490 0.088146403 -0.006631446 0.996085048 65.764877319
0.995944798 0.008674276 -0.089536689 -4.452704430 -0.007993956 0.999937475 0.007953962 -0.899018824 0.089599952 -0.007205969 0.995951414 66.577896118
0.995836735 0.008065443 -0.090788290 -4.530956268 -0.007303352 0.999936223 0.008723201 -0.905208349 0.090852752 -0.008023835 0.995831788 67.389915466
0.995708585 0.010581740 -0.091926940 -4.610633373 -0.009559759 0.999888599 0.011550529 -0.913524270 0.092038810 -0.010622175 0.995698452 68.215522766
0.995603740 0.011712600 -0.092920743 -4.681508064 -0.010360250 0.999834359 0.015022904 -0.910140872 0.093081176 -0.013994187 0.995559990 68.981376648
0.995378673 0.014571699 -0.094905272 -4.778630733 -0.012980187 0.999765992 0.017365351 -0.923716068 0.095135972 -0.016053226 0.995334506 69.752449036
0.995233893 0.017427957 -0.095935747 -4.852910042 -0.016111743 0.999766350 0.014477477 -0.942500591 0.096165538 -0.012862802 0.995281816 70.513870239
0.995060265 0.018692622 -0.097487666 -4.940310478 -0.018157043 0.999815702 0.006378324 -0.946929812 0.097588815 -0.004576749 0.995215774 71.238059998
0.994956791 0.017094105 -0.098827921 -5.010803223 -0.017136313 0.999854028 0.000421945 -0.960219979 0.098820604 0.001273706 0.995103955 71.962783813
0.994859815 0.018487070 -0.099550016 -5.089225769 -0.018662579 0.999826252 -0.000831848 -0.965822518 0.099517234 0.002685413 0.995031595 72.641983032
0.994775534 0.020197788 -0.100057639 -5.159148216 -0.020110589 0.999796808 0.001880259 -0.974972725 0.100075178 0.000141764 0.994979203 73.318550110
0.994626939 0.021242321 -0.101313189 -5.237696648 -0.020796744 0.999769449 0.005452449 -1.004494429 0.101405546 -0.003316187 0.994839251 73.984809875
0.994560361 0.019104382 -0.102385387 -5.308469772 -0.018993337 0.999818265 0.002059518 -1.021744013 0.102405995 -0.000103695 0.994742334 74.610481262
0.994702220 0.010685472 -0.102232717 -5.354901314 -0.011035813 0.999935687 -0.002861919 -1.038475513 0.102195464 0.003974959 0.994755864 75.215454102
0.994847000 0.005994695 -0.101202138 -5.421102524 -0.006798809 0.999948621 -0.007602605 -1.054345250 0.101151258 0.008251462 0.994836450 75.808975220
0.995143831 0.007938804 -0.098102793 -5.478396416 -0.008805568 0.999926627 -0.008405460 -1.060245037 0.098028764 0.009228473 0.995140433 76.385826111
0.995458484 0.013845875 -0.094175212 -5.543869495 -0.014457870 0.999879122 -0.005819208 -1.068793535 0.094083168 0.007154331 0.995538175 76.959396362
0.995907068 0.011861630 -0.089589596 -5.595319748 -0.012144851 0.999923348 -0.002616818 -1.081017017 0.089551620 0.003694143 0.995974779 77.523475647
0.996402681 0.008975727 -0.084253594 -5.634219170 -0.008864943 0.999959767 0.001688857 -1.093105555 0.084265262 -0.000935897 0.996442437 78.058082581
0.997110367 0.002955627 -0.075895078 -5.659305573 -0.002560958 0.999983132 0.005296815 -1.112769604 0.075909384 -0.005087162 0.997101247 78.606483459
0.997834802 0.006104232 -0.065469608 -5.696285725 -0.005769955 0.999969840 0.005293575 -1.122927785 0.065499857 -0.004904373 0.997839868 79.101104736
0.998658001 0.011707054 -0.050428357 -5.724895954 -0.011478455 0.999923050 0.004820375 -1.130030870 0.050480824 -0.004235081 0.998715639 79.608001709
0.999330878 0.017574407 -0.032042675 -5.744210243 -0.017414397 0.999835014 0.005266197 -1.137118816 0.032129876 -0.004704686 0.999472022 80.101303101
0.999814272 0.016321177 -0.010120869 -5.724432468 -0.016268583 0.999854267 0.005257818 -1.147405624 0.010205120 -0.005092207 0.999934554 80.563484192
0.999812603 0.010978009 0.015883669 -5.705241680 -0.011081374 0.999918401 0.006434263 -1.160687685 -0.015811816 -0.006609086 0.999852598 81.044929504
0.998942912 0.009924601 0.044857968 -5.661075592 -0.010306288 0.999912977 0.008285660 -1.163382053 -0.044771943 -0.008739240 0.998958528 81.495544434
0.996919572 0.009789154 0.077803500 -5.595958233 -0.010593851 0.999894977 0.009936749 -1.170475245 -0.077698179 -0.010730394 0.996918797 81.940658569
0.993254662 0.009552605 0.115548782 -5.533515930 -0.010723267 0.999897778 0.009514015 -1.173542619 -0.115446195 -0.010688919 0.993255734 82.404411316
0.987557054 0.009220057 0.156983390 -5.455148697 -0.010873252 0.999894440 0.009675509 -1.183008790 -0.156877771 -0.011262055 0.987553418 82.805908203
0.979276001 0.008847898 0.202331170 -5.346897125 -0.011001340 0.999894679 0.009521060 -1.182634592 -0.202225760 -0.011549681 0.979270279 83.213729858
0.967954457 0.009204110 0.250952572 -5.200139999 -0.011566167 0.999902010 0.007939097 -1.179666996 -0.250855088 -0.010587264 0.967966199 83.659057617
0.952660978 0.009396096 0.303885430 -5.063673019 -0.011803458 0.999912322 0.006086001 -1.199846745 -0.303801805 -0.009384816 0.952688575 84.002410889
0.933299363 0.009452608 0.358971596 -4.843126297 -0.011578507 0.999926388 0.003772798 -1.205143332 -0.358909607 -0.007677523 0.933340251 84.434707642
0.909302413 0.009570926 0.416023254 -4.679594040 -0.011365224 0.999934256 0.001836800 -1.212128639 -0.415978491 -0.006398421 0.909351349 84.735542297
0.880778193 0.009388914 0.473433435 -4.460201263 -0.010540409 0.999944866 -0.000220964 -1.200423360 -0.473409623 -0.004795578 0.880828857 85.060760498
0.848041475 0.008217438 0.529863834 -4.143115997 -0.008001205 0.999964774 -0.002702147 -1.230296135 -0.529867589 -0.001948032 0.848077595 85.434753418
0.811579704 0.008202424 0.584182084 -3.926677704 -0.007149055 0.999966621 -0.004108470 -1.237160921 -0.584196448 -0.000842017 0.811611295 85.662384033
0.772149444 0.007830396 0.635390937 -3.597408295 -0.006937399 0.999968946 -0.003892748 -1.266159773 -0.635401845 -0.001402197 0.772179723 85.994689941
0.729628205 0.007205825 0.683804274 -3.354774475 -0.007542494 0.999969065 -0.002489541 -1.260148048 -0.683801293 -0.003341168 0.729660034 86.177368164
0.684665561 0.005273432 0.728836775 -3.045017242 -0.005913159 0.999981761 -0.001680448 -1.255964518 -0.728832364 -0.003159201 0.684684157 86.397476196
0.638341069 0.002791478 0.769747019 -2.670719147 -0.002097665 0.999996662 -0.001886875 -1.261421204 -0.769749761 -0.000410219 0.638344884 86.676971436
0.591732085 0.000612733 0.806133032 -2.386924744 0.002663466 0.999993324 -0.002715134 -1.307249308 -0.806129575 0.003753722 0.591726422 86.793411255
0.545206249 0.002143322 0.838297844 -2.027637482 0.001622518 0.999992788 -0.003611945 -1.301441550 -0.838299632 0.003329389 0.545198679 87.018875122
0.498026609 0.004247387 0.867149949 -1.727706909 -0.000957177 0.999990702 -0.004348292 -1.285347223 -0.867160559 0.001335531 0.498026133 87.112586975
0.452405423 0.005587241 0.891793609 -1.368453979 -0.001801132 0.999984622 -0.005351335 -1.292263508 -0.891809881 0.000814717 0.452408463 87.254417419
0.409912199 0.004237954 0.912113965 -0.971532822 0.005524242 0.999959946 -0.007128729 -1.292329073 -0.912107587 0.007960872 0.409872323 87.417465210
0.370641023 -0.004011312 0.928766251 -0.641530991 0.019371498 0.999807119 -0.003412384 -1.334589481 -0.928573608 0.019256344 0.370647192 87.468185425
0.335091978 -0.007903937 0.942151189 -0.281404495 0.025062837 0.999686360 -0.000527384 -1.340692759 -0.941851497 0.023789691 0.335184902 87.555763245
0.302037179 -0.004232912 0.953285456 0.105157852 0.022461344 0.999744654 -0.002677374 -1.342838764 -0.953031003 0.022220721 0.302055180 87.660667419
0.271077812 0.003860821 0.962548375 0.435266495 0.011464293 0.999908566 -0.007239278 -1.335726500 -0.962488711 0.012997323 0.271008819 87.752365112
0.242556185 0.008638564 0.970097601 0.833345413 0.006177982 0.999926925 -0.010448857 -1.335048795 -0.970117271 0.008527666 0.242485061 87.834609985
0.216465235 0.010322304 0.976234496 1.243652344 0.007742668 0.999894977 -0.012289274 -1.360505819 -0.976259172 0.010218846 0.216362625 87.899620056
0.193110704 0.011223225 0.981111586 1.639574051 0.014868498 0.999786973 -0.014363374 -1.373692870 -0.981063843 0.017361365 0.192902625 87.956901550
0.172681779 0.016870409 0.984831989 2.024157524 0.022281319 0.999531090 -0.021029018 -1.391119123 -0.984725237 0.025574666 0.172224939 88.008781433
0.152868643 0.023988118 0.987954140 2.470808983 0.023688160 0.999329805 -0.027929626 -1.378236055 -0.987962246 0.027672369 0.152197972 88.055610657
0.136048660 0.025050180 0.990384221 2.921824455 0.021633515 0.999367476 -0.028249146 -1.397210360 -0.990465403 0.025268739 0.135420650 88.137016296
0.120587371 0.021212835 0.992474914 3.369071007 0.020571718 0.999504268 -0.023862541 -1.416716218 -0.992489040 0.023294419 0.120091185 88.187225342
0.105654866 0.017769638 0.994242966 3.852108002 0.020980984 0.999578714 -0.020094544 -1.436154962 -0.994180918 0.022983272 0.105237521 88.224304199
0.092619970 0.015126576 0.995585382 4.326994896 0.023069359 0.999584317 -0.017333459 -1.448576450 -0.995433748 0.024572935 0.092232481 88.270553589
0.080936037 0.013941439 0.996620476 4.818953037 0.028059518 0.999474704 -0.016260056 -1.467983603 -0.996323764 0.029280711 0.080502272 88.295913696
0.070697680 0.014409486 0.997392356 5.333165169 0.030802114 0.999387920 -0.016621612 -1.483731747 -0.997021556 0.031896900 0.070210502 88.326820374
0.062779531 0.014598158 0.997919381 5.871506691 0.032580383 0.999330759 -0.016668415 -1.498906970 -0.997494996 0.033559028 0.062261850 88.347961426
0.056780286 0.015120124 0.998270869 6.414572239 0.034816299 0.999247909 -0.017115187 -1.507614136 -0.997778952 0.035727900 0.056211084 88.380905151
0.051261127 0.016207039 0.998552322 6.976665974 0.035191290 0.999218762 -0.018024374 -1.525320530 -0.998064458 0.036064290 0.050650697 88.415359497
0.045358311 0.016993945 0.998824775 7.565835953 0.036138732 0.999173641 -0.018640961 -1.540053010 -0.998316288 0.036941778 0.044706661 88.428749084
0.041101933 0.016939221 0.999009967 8.160679817 0.038748145 0.999077737 -0.018534534 -1.555754423 -0.998402715 0.039471582 0.040407650 88.451995850
0.038038950 0.016948694 0.999131143 8.790036201 0.039534952 0.999048412 -0.018452425 -1.573336720 -0.998493373 0.040202506 0.037332647 88.476089478
0.034962479 0.016757907 0.999246716 9.435518265 0.040404838 0.999018848 -0.018167758 -1.589817882 -0.998570979 0.041009590 0.034251031 88.494842529
0.032752257 0.016289890 0.999329329 10.094707489 0.042609230 0.998935997 -0.017679922 -1.605487823 -0.998554230 0.043159731 0.032023259 88.512290955
0.031894941 0.015999274 0.999361634 10.765858650 0.046537984 0.998764217 -0.017474942 -1.628412724 -0.998406470 0.047065649 0.031110900 88.523849487
0.032661315 0.015807111 0.999340057 11.460022926 0.049597915 0.998617947 -0.017416654 -1.648952603 -0.998234510 0.050134037 0.031832129 88.544433594
0.035258994 0.015255090 0.999260247 12.164049149 0.052396622 0.998480618 -0.017091960 -1.664995193 -0.998002946 0.052960537 0.034406070 88.567214966
0.038898420 0.015277342 0.999124825 12.898200989 0.053729229 0.998405218 -0.017358104 -1.685507417 -0.997796714 0.054357450 0.038015515 88.600891113
0.043070454 0.015155924 0.998955548 13.635441780 0.054675870 0.998351157 -0.017504089 -1.705582619 -0.997573972 0.055372696 0.042170744 88.637359619
0.047211133 0.012964436 0.998799324 14.400991440 0.056370072 0.998288155 -0.015622252 -1.725668430 -0.997292280 0.057039969 0.046399474 88.671363831
0.051191397 0.011483964 0.998621404 15.177768707 0.056679420 0.998289406 -0.014385602 -1.744917870 -0.997078300 0.057337716 0.050452877 88.716331482
0.055215038 0.009907493 0.998423934 15.951545715 0.053799134 0.998469412 -0.012883103 -1.761510849 -0.997023106 0.054425701 0.054597452 88.765487671
0.059441675 0.008882044 0.998190761 16.757078171 0.051951438 0.998578310 -0.011979122 -1.779665470 -0.996878088 0.052569523 0.058895689 88.820732117
0.063374929 0.009676311 0.997941554 17.565370560 0.049674846 0.998683631 -0.012838092 -1.803528309 -0.996751785 0.050386220 0.062810779 88.877471924
0.066553570 0.013044176 0.997696280 18.372150421 0.047510181 0.998739481 -0.016227044 -1.833286285 -0.996650159 0.048480697 0.065849885 88.939315796
0.068634316 0.017558351 0.997486055 19.186939240 0.043821927 0.998827517 -0.020597193 -1.852550030 -0.996678054 0.045125447 0.067784362 89.013984680
0.068349928 0.021323562 0.997432172 20.004005432 0.039308134 0.998938143 -0.024049338 -1.887543321 -0.996885836 0.040850971 0.067439117 89.070999146
0.068611592 0.021233276 0.997416139 20.838485718 0.037467081 0.999013960 -0.023844577 -1.912629366 -0.996938765 0.039006293 0.067748331 89.137924194
0.068501599 0.019636866 0.997456551 21.663988113 0.035247825 0.999134958 -0.022090558 -1.947234392 -0.997027159 0.036671422 0.067750119 89.203041077
0.068520583 0.018431969 0.997478187 22.486207962 0.035689052 0.999144495 -0.020914337 -1.978882432 -0.997010171 0.037032131 0.067804106 89.253120422
0.068734609 0.017822433 0.997474551 23.305908203 0.033431783 0.999238253 -0.020157641 -2.010056973 -0.997073591 0.034732889 0.068086348 89.320289612
0.068955049 0.017614275 0.997462988 24.122966766 0.032216128 0.999283671 -0.019873502 -2.041622877 -0.997098386 0.033504792 0.068338133 89.376724243
0.069075331 0.018514218 0.997438371 24.937620163 0.029178247 0.999362946 -0.020570576 -2.072614193 -0.997183740 0.030524438 0.068491049 89.443634033
0.067952320 0.019743493 0.997492015 25.754983902 0.025662966 0.999439240 -0.021530237 -2.107836723 -0.997357428 0.027061656 0.067407511 89.507446289
0.065110020 0.019632192 0.997683644 26.574836731 0.023221681 0.999506474 -0.021183491 -2.137474537 -0.997606814 0.024547173 0.064621933 89.572883606
0.061820738 0.018491831 0.997914851 27.388504028 0.020433452 0.999595940 -0.019788785 -2.171733856 -0.997877181 0.021614216 0.061417848 89.617256165
0.056824058 0.016338257 0.998249412 28.212867737 0.018600961 0.999675751 -0.017420394 -2.201860905 -0.998210073 0.019558312 0.056501675 89.674194336
0.050581098 0.013928056 0.998621821 29.027252197 0.017967217 0.999728680 -0.014853507 -2.229117155 -0.998557448 0.018693773 0.050317079 89.724205017
0.043141037 0.014074045 0.998968601 29.837997437 0.017419584 0.999738634 -0.014837118 -2.261870861 -0.998916268 0.018041721 0.042884544 89.761161804
0.034906667 0.015248319 0.999273121 30.645458221 0.015166877 0.999760926 -0.015785523 -2.289783001 -0.999274552 0.015706891 0.034667015 89.803146362
0.025196306 0.015870402 0.999555528 31.444757462 0.015791934 0.999743521 -0.016271412 -2.318957329 -0.999556899 0.016194914 0.024939187 89.817070007
0.014920406 0.015004156 0.999774992 32.247543335 0.015859934 0.999758601 -0.015240550 -2.345363855 -0.999761999 0.016083779 0.014678814 89.831130981
0.004032753 0.014147094 0.999890685 33.052570343 0.015512475 0.999779344 -0.014208031 -2.369488478 -0.999870598 0.015568095 0.003812386 89.836982727
-0.007171837 0.013120268 0.999886990 33.832679749 0.016750798 0.999775767 -0.012998610 -2.395556450 -0.999832928 0.016655702 -0.007390016 89.823745728
-0.018133840 0.013157113 0.999747872 34.622196198 0.016828628 0.999776363 -0.012852192 -2.421144485 -0.999692798 0.016591344 -0.018351207 89.812515259
-0.029227752 0.013536504 0.999480069 35.412151337 0.016995067 0.999770999 -0.013043408 -2.446299791 -0.999427319 0.016605018 -0.029451117 89.783309937
-0.039160624 0.014448177 0.999127388 36.176597595 0.017126249 0.999758899 -0.013785997 -2.473336220 -0.999085128 0.016571460 -0.039398625 89.750839233
-0.049712066 0.015669748 0.998639524 36.943988800 0.017669357 0.999734879 -0.014807306 -2.500843763 -0.998606145 0.016909249 -0.049975745 89.708969116
-0.059313059 0.016308270 0.998105049 37.716876984 0.017897947 0.999723792 -0.015271072 -2.525358677 -0.998077869 0.016958281 -0.059588537 89.666221619
-0.068836734 0.016881190 0.997483969 38.459522247 0.019170878 0.999695122 -0.015595572 -2.553554296 -0.997442603 0.018049126 -0.069139354 89.601333618
-0.078236073 0.017231906 0.996784806 39.213062286 0.018360237 0.999706447 -0.015841300 -2.580240011 -0.996764719 0.017061867 -0.078529455 89.543586731
-0.086811364 0.016456928 0.996087730 39.956687927 0.018159259 0.999724090 -0.014934338 -2.604211807 -0.996058166 0.016791770 -0.087086223 89.477615356
-0.094182067 0.015549188 0.995432436 40.692726135 0.020694820 0.999693096 -0.013657670 -2.630052328 -0.995338857 0.019314012 -0.094474904 89.399963379
-0.099497125 0.013860665 0.994940400 41.411525726 0.025125016 0.999619782 -0.011413227 -2.653603554 -0.994719565 0.023862328 -0.099807516 89.323249817
-0.103231460 0.012426693 0.994578660 42.131370544 0.027017178 0.999588430 -0.009685016 -2.679771900 -0.994289458 0.025870927 -0.103524648 89.246032715
-0.106377333 0.011176066 0.994262099 42.814033508 0.029198058 0.999541044 -0.008111426 -2.701832771 -0.993896127 0.028167661 -0.106654793 89.163284302
-0.108100012 0.010741981 0.994080961 43.507377625 0.029904341 0.999524653 -0.007548854 -2.727216244 -0.993689299 0.028911320 -0.108369812 89.089622498
-0.108464494 0.010831023 0.994040132 44.175056458 0.030085666 0.999518752 -0.007607880 -2.741319180 -0.993644059 0.029081194 -0.108738065 89.016357422
-0.107569858 0.011458787 0.994130254 44.838211060 0.030251216 0.999508679 -0.008247402 -2.762495756 -0.993736267 0.029186502 -0.107863568 88.950263977
-0.104810841 0.012941025 0.994406819 45.480377197 0.031748790 0.999449551 -0.009660271 -2.785952568 -0.993984342 0.030558726 -0.105163939 88.869682312
-0.099474914 0.013485000 0.994947433 46.099605560 0.032088090 0.999431908 -0.010337563 -2.804931402 -0.994521618 0.030897664 -0.099851027 88.825767517
-0.091846757 0.014075104 0.995672524 46.707241058 0.031525619 0.999440312 -0.011220213 -2.824031115 -0.995273113 0.030358676 -0.092239015 88.769775391
-0.079922147 0.014616967 0.996692955 47.258365631 0.030862102 0.999449730 -0.012182601 -2.840816498 -0.996322513 0.029786393 -0.080329232 88.747108459
-0.066286005 0.014845090 0.997689366 47.826751709 0.030470815 0.999453366 -0.012846830 -2.867140770 -0.997334599 0.029548850 -0.066702075 88.724212646
-0.049132831 0.016040683 0.998662472 48.373508453 0.029483464 0.999458909 -0.014602886 -2.882763624 -0.998356283 0.028726561 -0.049579110 88.702804565
-0.027796853 0.018798023 0.999435902 48.916748047 0.028092235 0.999443233 -0.018016798 -2.909377813 -0.999218106 0.027575588 -0.028309405 88.716018677
-0.003359772 0.021890132 0.999753892 49.450210571 0.025520036 0.999436975 -0.021797385 -2.928420782 -0.999667943 0.025440531 -0.003916450 88.731788635
0.024894990 0.023614645 0.999410152 49.955101013 0.023571463 0.999429464 -0.024202216 -2.946349621 -0.999411464 0.024160087 0.024324201 88.758651733
0.058900639 0.023364561 0.997989595 50.497173309 0.021975119 0.999453664 -0.024695762 -2.971095562 -0.998021305 0.023385540 0.058355097 88.825302124
0.096662074 0.021428339 0.995085657 51.006103516 0.020873668 0.999504864 -0.023551129 -2.991132259 -0.995097756 0.023047591 0.096166991 88.901748657
0.138621598 0.018113421 0.990179002 51.498191833 0.020125965 0.999574900 -0.021102842 -3.012436628 -0.990140259 0.022853620 0.138198227 89.000976562
0.183071509 0.013330017 0.983008385 51.995429993 0.015885653 0.999737740 -0.016515316 -3.039000511 -0.982970476 0.018639212 0.182811767 89.127029419
0.230755657 0.010168316 0.972957790 52.490573883 0.011846635 0.999842048 -0.013258909 -3.056851625 -0.972938836 0.014585852 0.230598852 89.282127380
0.281739920 0.008443678 0.959452808 52.951023102 0.007761462 0.999908686 -0.011078803 -3.074073792 -0.959458709 0.010568102 0.281648755 89.447555542
0.335225105 0.008491683 0.942098856 53.406234741 0.006860188 0.999911189 -0.011453786 -3.078240395 -0.942112327 0.010302576 0.335137099 89.666984558
0.392630428 0.008676694 0.919654727 53.855396271 0.008166871 0.999883294 -0.012920298 -3.111490488 -0.919659376 0.012583616 0.392513752 89.901153564
0.452471524 0.011501165 0.891703963 54.252174377 0.009569936 0.999796689 -0.017751317 -3.124998569 -0.891726673 0.016565530 0.452269495 90.129302979
0.510937929 0.015291214 0.859480858 54.642990112 0.011016314 0.999643326 -0.024333742 -3.143592834 -0.859546363 0.021901350 0.510587215 90.439758301
0.568868041 0.019905148 0.822187066 55.001831055 0.006522303 0.999566495 -0.028712220 -3.159779549 -0.822402239 0.021696027 0.568491459 90.703086853
0.623675883 0.022495728 0.781358600 55.344131470 0.002239693 0.999530435 -0.030564684 -3.174548149 -0.781679034 0.020812469 0.623332620 91.063591003
0.676524639 0.024098327 0.736024737 55.660041809 0.000252164 0.999456942 -0.032955147 -3.193565607 -0.736419201 0.022480579 0.676150978 91.414543152
0.725307941 0.022665478 0.688050389 55.924987793 -0.000567987 0.999477327 -0.032325588 -3.210797310 -0.688423455 0.023055220 0.724941552 91.757041931
0.770170748 0.019403566 0.637541652 56.213737488 -0.002802921 0.999630570 -0.027037662 -3.243837833 -0.637830794 0.019036643 0.769940376 92.162628174
0.811298728 0.013827789 0.584467173 56.439155579 -0.002449285 0.999792159 -0.020253962 -3.248820782 -0.584625781 0.015000501 0.811163664 92.572906494
0.847889245 0.011810854 0.530040741 56.629734039 -0.005385075 0.999892235 -0.013666132 -3.273623466 -0.530145168 0.008733071 0.847861290 92.958114624
0.878957093 0.009687753 0.476801127 56.823715210 -0.007077695 0.999948442 -0.007269779 -3.273221970 -0.476847142 0.003015179 0.878980398 93.422157288
0.904900908 0.008806519 0.425529331 57.000408173 -0.009359369 0.999956012 -0.000791480 -3.293925285 -0.425517589 -0.003266464 0.904943347 93.880966187
0.925163925 0.011203388 0.379400820 57.134677887 -0.013158976 0.999910414 0.002561564 -3.312005997 -0.379338086 -0.007362381 0.925228000 94.277702332
0.940546513 0.016217031 0.339275301 57.263854980 -0.019039512 0.999806583 0.004992083 -3.304775238 -0.339128733 -0.011154911 0.940672994 94.773529053
0.952512264 0.021679139 0.303725123 57.374847412 -0.024102446 0.999700606 0.004231653 -3.320470095 -0.303542495 -0.011351209 0.952749491 95.226516724
0.961876571 0.023851046 0.272439480 57.479812622 -0.025669238 0.999665916 0.003111123 -3.298357725 -0.272274256 -0.009985818 0.962167025 95.702133179
0.968012571 0.018982118 0.250179350 57.600708008 -0.020703088 0.999776840 0.004248979 -3.332735538 -0.250042796 -0.009292539 0.968189418 96.175415039
0.972066939 0.016217031 0.234139577 57.716613770 -0.017825302 0.999830008 0.004754198 -3.335530758 -0.234022647 -0.008794995 0.972190619 96.666580200
0.974965811 0.019693058 0.221477419 57.808307648 -0.021196129 0.999765694 0.004411696 -3.337979794 -0.221338585 -0.008995703 0.975154698 97.173400879
0.977065802 0.025035284 0.211456731 57.895935059 -0.026528267 0.999639153 0.004226105 -3.331097364 -0.211274698 -0.009738752 0.977377355 97.688102722
0.978202343 0.031166911 0.205298260 57.993095398 -0.032547545 0.999464750 0.003350704 -3.339093447 -0.205083892 -0.009959609 0.978692949 98.208656311
0.978528321 0.039079737 0.202369958 58.083404541 -0.039806467 0.999207437 -0.000479219 -3.338823557 -0.202228323 -0.007586694 0.979308188 98.726058960
0.978751540 0.040396396 0.201027736 58.189804077 -0.040649738 0.999169469 -0.002869311 -3.355010509 -0.200976893 -0.005363381 0.979580343 99.264572144
0.978359699 0.037803113 0.203424305 58.302894592 -0.037349526 0.999283969 -0.006069650 -3.366506338 -0.203508273 -0.001659498 0.979070902 99.800590515
0.977541208 0.038275823 0.207235754 58.428665161 -0.036443032 0.999255657 -0.012655796 -3.378303051 -0.207566127 0.004819264 0.978208184 100.355239868
0.976600766 0.040364411 0.211234793 58.559085846 -0.037618589 0.999147475 -0.017003002 -3.387614250 -0.211741254 0.008658794 0.977286458 100.917182922
0.975463331 0.043607220 0.215796620 58.673439026 -0.040858865 0.999017298 -0.017182836 -3.401198864 -0.216334045 0.007944023 0.976286232 101.496643066
0.974158168 0.044948786 0.221346006 58.799732208 -0.043068074 0.998983383 -0.013318239 -3.414838791 -0.221719816 0.003441122 0.975103319 102.091979980
0.973136187 0.042926367 0.226190463 58.944541931 -0.042006787 0.999077976 -0.008879349 -3.427522898 -0.226363227 -0.000860719 0.974041581 102.701431274
0.972512007 0.037461165 0.229816511 59.098606110 -0.037708584 0.999283314 -0.003316655 -3.441050768 -0.229776233 -0.005440563 0.973227322 103.307495117
0.971729875 0.034549125 0.233550534 59.251892090 -0.035866067 0.999355793 0.001392897 -3.450960159 -0.233352140 -0.009730050 0.972342730 103.932060242
0.971222997 0.028616218 0.236443236 59.414688110 -0.030083265 0.999544144 0.002598663 -3.467150688 -0.236261219 -0.009636858 0.971640885 104.583900452
0.971109748 0.026530221 0.237150475 59.567459106 -0.027190059 0.999630213 -0.000488417 -3.473372698 -0.237075910 -0.005973821 0.971471846 105.214942932
0.971243262 0.025761856 0.236688331 59.731910706 -0.024667816 0.999666989 -0.007582933 -3.488206148 -0.236805022 0.001526297 0.971555114 105.866371155
0.971334755 0.029607112 0.235861585 59.883472443 -0.026950212 0.999531865 -0.014481083 -3.497609615 -0.236180112 0.007709466 0.971677780 106.528320312
0.971855938 0.032930233 0.233259216 60.042396545 -0.029463449 0.999397516 -0.018332044 -3.514585972 -0.233722612 0.010943484 0.972240746 107.195777893
0.972519100 0.031817019 0.230634481 60.202003479 -0.029350830 0.999469399 -0.014116833 -3.528275013 -0.230961442 0.006959576 0.972937107 107.899093628
0.972928107 0.027100584 0.229509234 60.374805450 -0.026272072 0.999632418 -0.006665225 -3.549005032 -0.229605734 0.000455098 0.973282695 108.604446411
0.973608971 0.025545249 0.226784497 60.541580200 -0.026055928 0.999660015 -0.000741782 -3.560811520 -0.226726577 -0.005186879 0.973943710 109.336166382
0.973856211 0.030429494 0.225114420 60.693206787 -0.030941496 0.999520123 -0.001253944 -3.575286865 -0.225044847 -0.005744223 0.974330664 110.055107117
0.974231362 0.035005670 0.222814977 60.842914581 -0.034619719 0.999384582 -0.005639016 -3.577483892 -0.222875521 -0.002220087 0.974843383 110.777976990
0.975018799 0.036723837 0.219062582 61.006847382 -0.035196710 0.999321222 -0.010870882 -3.597640753 -0.219313383 0.002889029 0.975649238 111.538383484
0.975901544 0.037669927 0.214931563 61.171394348 -0.035432935 0.999270320 -0.014252544 -3.604418278 -0.215311885 0.006293423 0.976524174 112.286460876
0.976841748 0.035274729 0.211032689 61.334335327 -0.033359557 0.999363661 -0.012629396 -3.626251698 -0.211344078 0.005296963 0.977396607 113.046089172
0.977558792 0.034960710 0.207738966 61.501327515 -0.033432040 0.999381900 -0.010865861 -3.641187668 -0.207990617 0.003676880 0.978123128 113.853858948
0.978027642 0.032542616 0.205916986 61.662269592 -0.031615563 0.999469519 -0.007791554 -3.659842014 -0.206061557 0.001110171 0.978537679 114.643257141
0.978445947 0.027155051 0.204707697 61.830001831 -0.026478836 0.999631047 -0.006042105 -3.674278259 -0.204796478 0.000491452 0.978803694 115.430534363
0.978697777 0.022127360 0.204107657 62.008880615 -0.021670418 0.999755025 -0.004473586 -3.697510719 -0.204156876 -0.000044807 0.978937387 116.241806030
0.978873432 0.021737806 0.203305855 62.164779663 -0.021621129 0.999762297 -0.002795023 -3.708163738 -0.203318447 -0.001659726 0.979110539 117.050521851
0.978663623 0.027132865 0.203667372 62.326774597 -0.026839973 0.999630928 -0.004200498 -3.724415541 -0.203706339 -0.001355552 0.979030430 117.884422302
0.978402734 0.032633871 0.204112977 62.485366821 -0.031741858 0.999466836 -0.007643367 -3.738127708 -0.204253733 0.000999368 0.978916824 118.701004028
0.977871358 0.040403269 0.205266193 62.642322540 -0.039311178 0.999182820 -0.009397203 -3.758200169 -0.205478281 0.001119998 0.978660345 119.527717590
0.977066040 0.045742251 0.207963005 62.806400299 -0.044923261 0.998952806 -0.008661709 -3.778223038 -0.208141595 -0.000879315 0.978097618 120.373756409
0.976256907 0.048393026 0.211138427 62.977294922 -0.048033036 0.998822272 -0.006836299 -3.795715570 -0.211220756 -0.003467638 0.977431476 121.226112366
0.975883305 0.050323397 0.212411299 63.172676086 -0.049738158 0.998729467 -0.008101203 -3.812609196 -0.212549254 -0.002659122 0.977145970 122.054107666
0.975581050 0.048883274 0.214128792 63.351631165 -0.047762055 0.998804510 -0.010409771 -3.834275484 -0.214381784 -0.000071661 0.976749122 122.896255493
0.975470662 0.043206416 0.215845540 63.542968750 -0.041971665 0.999065697 -0.010303115 -3.858919144 -0.216089144 0.000990986 0.976372361 123.737869263
0.975763083 0.037204258 0.215641171 63.738677979 -0.035757691 0.999304295 -0.010606909 -3.881847858 -0.215885907 0.002638997 0.976414323 124.563911438
0.975616574 0.034123797 0.216811687 63.928520203 -0.032521289 0.999410927 -0.010955814 -3.920045137 -0.217057988 0.003637674 0.976151168 125.419403076
0.975103438 0.036197342 0.218774378 64.101768494 -0.035155430 0.999344409 -0.008654480 -3.936998844 -0.218944341 0.000747903 0.975736260 126.250251770
0.974434316 0.039286695 0.221209511 64.269470215 -0.039884854 0.999202847 -0.001763847 -3.951721430 -0.221102595 -0.007104149 0.975223780 127.097145081
0.973951876 0.043090843 0.222620875 64.454421997 -0.044326998 0.999017000 0.000556664 -3.951062679 -0.222378224 -0.010410273 0.974904060 127.945465088
0.973712504 0.042505294 0.223777920 64.634887695 -0.042473391 0.999085307 -0.004958034 -3.975378036 -0.223784149 -0.004676905 0.974626660 128.766525269
0.974027455 0.038835466 0.223073468 64.823997498 -0.035398342 0.999185324 -0.019387525 -4.002693653 -0.223644808 0.010987547 0.974607885 129.591781616
