1.000000000 0.000000000 0.000000000 0.000000000 0.000000000 0.999999881 0.000000000 0.000000000 0.000000000 0.000000000 1.000000000 0.000000000
0.999045253 -0.001090346 0.043674443 0.039778929 0.001189158 0.999996722 -0.002236539 -0.021171091 -0.043671876 0.002286341 0.999043226 0.993075788
0.995949984 -0.004943423 0.089773737 0.116492495 0.005574306 0.999961436 -0.006778139 -0.048336975 -0.089736767 0.007251115 0.995939016 2.030644894
0.990949810 -0.005230746 0.134132653 0.269099057 0.006766601 0.999916553 -0.010996954 -0.108619601 -0.134063944 0.011805050 0.990902305 2.977389812
0.983449161 -0.003443091 0.181151330 0.431279778 0.006063072 0.999884725 -0.013911180 -0.093620740 -0.181082547 0.014779280 0.983356714 4.001443863
0.973990023 -0.005892635 0.226514041 0.664214790 0.009167003 0.999867857 -0.013406279 -0.136130720 -0.226405159 0.015134042 0.973915398 4.959128857
0.962278306 -0.007229758 0.271970510 0.931450009 0.011469865 0.999835849 -0.014003839 -0.165729076 -0.271824658 0.016595060 0.962203443 5.897970200
0.948539138 -0.010185802 0.316496104 1.235605955 0.016442770 0.999718130 -0.017105049 -0.197644129 -0.316232741 0.021428889 0.948439300 6.874985695
0.933386505 -0.011429762 0.358690292 1.600077152 0.019046793 0.999661446 -0.017709229 -0.267460287 -0.358366549 0.023361463 0.933288395 7.773110390
0.915919185 -0.011998242 0.401183099 1.994830966 0.021594586 0.999578118 -0.019406896 -0.260321647 -0.400781155 0.026438534 0.915791988 8.670337677
0.896148264 -0.012662805 0.443573773 2.431179285 0.023027997 0.999572575 -0.017988229 -0.314397216 -0.443156630 0.026334742 0.896057010 9.584469795
0.874344826 -0.012718149 0.485138416 2.897932768 0.023445470 0.999595940 -0.016049882 -0.357188642 -0.484738499 0.025407443 0.874289632 10.403938293
0.849785328 -0.012992783 0.526968539 3.423577309 0.025048245 0.999561846 -0.015747691 -0.384080708 -0.526533306 0.026581805 0.849738419 11.295288086
0.824304402 -0.013362973 0.565988779 3.961655855 0.026656203 0.999528348 -0.015223190 -0.408148885 -0.565518856 0.027635664 0.824271858 12.059329033
0.796774626 -0.014589955 0.604100287 4.541938782 0.029630003 0.999448836 -0.014942083 -0.461291552 -0.603549659 0.029804973 0.796767712 12.841226578
0.767493367 -0.014683838 0.640888393 5.176071644 0.031789839 0.999378979 -0.015172316 -0.466604441 -0.640268028 0.032018393 0.767483413 13.614351273
0.737006009 -0.017554201 0.675657928 5.823459625 0.036507793 0.999236822 -0.013861518 -0.540516853 -0.674899399 0.034882803 0.737084210 14.299174309
0.704840899 -0.016854251 0.709164977 6.499081612 0.036957063 0.999232054 -0.012983625 -0.564421117 -0.708401918 0.035360049 0.704922318 14.968795776
0.669816613 -0.016232496 0.742348850 7.233053684 0.039001539 0.999149859 -0.013343021 -0.561868012 -0.741501212 0.037890133 0.669879854 15.651556015
0.635178030 -0.017241238 0.772173047 7.944478989 0.043430254 0.998965979 -0.013419945 -0.629636645 -0.771143496 0.042059723 0.635269821 16.242519379
0.597529709 -0.015826775 0.801690221 8.737583160 0.044129863 0.998938680 -0.013170826 -0.642770767 -0.800631166 0.043248449 0.597593725 16.833593369
0.560239494 -0.015026062 0.828194201 9.512102127 0.047320344 0.998783052 -0.013889193 -0.681835413 -0.826977611 0.046971712 0.560268223 17.328615189
0.520932317 -0.013332521 0.853493750 10.312501907 0.051439501 0.998551071 -0.015797762 -0.703093350 -0.852046430 0.052132860 0.520862877 17.825515747
0.481709033 -0.012085868 0.876247883 11.196311951 0.054289751 0.998395860 -0.016074663 -0.724124908 -0.874647796 0.055314586 0.481591672 18.316059113
0.443686247 -0.014098407 0.896071315 12.024040222 0.059375793 0.998141706 -0.013695356 -0.754019737 -0.894212961 0.059281368 0.443698168 18.730907440
0.406116486 -0.014780524 0.913701832 12.924349785 0.063414723 0.997914612 -0.012043383 -0.795844078 -0.911618352 0.062833138 0.406206101 19.122673035
0.370288849 -0.013070658 0.928824782 13.850526810 0.064821653 0.997827113 -0.011800374 -0.811288953 -0.926652193 0.064577483 0.370330691 19.468969345
0.337031871 -0.013297069 0.941399455 14.729539871 0.065771915 0.997789919 -0.009453541 -0.837001920 -0.939192951 0.065103769 0.337160915 19.796272278
0.303156018 -0.014476222 0.952830970 15.691567421 0.068293162 0.997643530 -0.006571336 -0.852830946 -0.950490415 0.067063957 0.303429604 20.103172302
0.270321637 -0.014626507 0.962659180 16.635227203 0.069318429 0.997585177 -0.004307948 -0.882383049 -0.960271060 0.067894503 0.270682156 20.369098663
0.238316551 -0.011813766 0.971115708 17.608978271 0.066544250 0.997774541 -0.004192201 -0.902989626 -0.968904734 0.065621175 0.238571778 20.601430893
0.206227034 -0.010180479 0.978451312 18.605701447 0.066435657 0.997784019 -0.003620925 -0.902288139 -0.976245821 0.065750688 0.206445843 20.822589874
0.175884366 -0.009749861 0.984362721 19.581981659 0.068329655 0.997659981 -0.002327453 -0.918447196 -0.982036114 0.067670435 0.176138401 20.994743347
0.144981205 -0.010057151 0.989383459 20.603075027 0.070150182 0.997536361 -0.000139544 -0.936607480 -0.986943960 0.069425583 0.145328924 21.143020630
0.113869675 -0.010639464 0.993438840 21.661630630 0.069208197 0.997598290 0.002751265 -0.950523138 -0.991081774 0.068440750 0.114331961 21.274898529
0.084661618 -0.010601552 0.996353567 22.699142456 0.069609731 0.997563124 0.004699598 -0.952675521 -0.993975043 0.068957932 0.085192710 21.365699768
0.056996480 -0.010248905 0.998321950 23.784467697 0.072297946 0.997364163 0.006111438 -0.952037334 -0.995753050 0.071828187 0.057586618 21.423473358
0.031654477 -0.009826595 0.999450564 24.839479446 0.076423168 0.997047842 0.007382523 -0.965467513 -0.996572554 0.076147407 0.032311421 21.464023590
0.008815453 -0.009151801 0.999919236 25.951728821 0.080969609 0.996680796 0.008408335 -0.962385774 -0.996677101 0.080888852 0.009526631 21.468471527
-0.011798671 -0.009491631 0.999885321 27.049325943 0.086479880 0.996198118 0.010477111 -0.978374124 -0.996183276 0.086593479 -0.010933561 21.454757690
-0.029600501 -0.009625466 0.999515474 28.176317215 0.091031782 0.995771885 0.012285325 -0.968863487 -0.995407522 0.091351241 -0.028599711 21.423742294
-0.045245815 -0.009721016 0.998928666 29.301305771 0.093952127 0.995478690 0.013942969 -0.966355503 -0.994547725 0.094482213 -0.044128530 21.374933243
-0.060203280 -0.010241748 0.998133779 30.435243607 0.096440591 0.995209217 0.016028672 -0.969275355 -0.993516028 0.097225495 -0.058927748 21.317497253
-0.073366575 -0.011005946 0.997244418 31.566051483 0.096700296 0.995148599 0.018097026 -0.958113194 -0.992605507 0.097761430 -0.071946971 21.234573364
-0.085677452 -0.010609932 0.996266484 32.727218628 0.096457757 0.995157063 0.018893389 -0.947121203 -0.991642237 0.097716257 -0.084239751 21.140583038
-0.097295709 -0.008215968 0.995221853 33.897270203 0.096507408 0.995174885 0.017650472 -0.943568885 -0.990564883 0.097763464 -0.096034005 21.030858994
-0.107247308 -0.004731099 0.994221330 35.058090210 0.097082064 0.995159328 0.015207918 -0.939515948 -0.989480853 0.098151952 -0.106269486 20.908462524
-0.116763853 -0.002392848 0.993157208 36.275650024 0.097811587 0.995106995 0.013897146 -0.933150530 -0.988330901 0.098764807 -0.115959130 20.764390945
-0.123870045 -0.001009214 0.992298424 37.486614227 0.097570553 0.995140195 0.013192030 -0.920199811 -0.987489462 0.098453045 -0.123170212 20.617465973
-0.129833311 -0.000033808 0.991536140 38.739620209 0.097501338 0.995151937 0.012800954 -0.904239893 -0.986730218 0.098337911 -0.129201233 20.461374283
-0.135075718 0.001287242 0.990834534 40.020843506 0.098053187 0.995106876 0.012074372 -0.902209520 -0.985971570 0.098785289 -0.134541631 20.289964676
-0.139434442 0.003014701 0.990226924 41.256568909 0.097484939 0.995178461 0.010697180 -0.894131303 -0.985420763 0.098023616 -0.139056683 20.116041183
-0.143583924 0.003655188 0.989631414 42.594379425 0.097708717 0.995158732 0.010500826 -0.895015478 -0.984802723 0.098203212 -0.143246531 19.932085037
-0.146592453 0.003308022 0.989191473 43.943275452 0.097794645 0.995143116 0.011164710 -0.896243095 -0.984350860 0.098374128 -0.146204516 19.736572266
-0.149216413 0.001468972 0.988803387 45.284854889 0.098338082 0.995062470 0.013361578 -0.888463497 -0.983902216 0.099230669 -0.148624659 19.537961960
-0.151211038 0.000530705 0.988501728 46.644783020 0.098808683 0.994998515 0.014580612 -0.869759023 -0.983550489 0.099877097 -0.150507852 19.337802887
-0.153556362 0.000466324 0.988140106 48.056674957 0.099824011 0.994890213 0.015043125 -0.868112028 -0.983084559 0.100949876 -0.152818918 19.111572266
-0.154085666 0.001211766 0.988057137 49.446250916 0.100937031 0.994785607 0.014520962 -0.843223870 -0.982887983 0.101968840 -0.153405115 18.899076462
-0.154953882 0.001850033 0.987920463 50.909614563 0.101560175 0.994728625 0.014066823 -0.846256554 -0.982687354 0.102512896 -0.154325530 18.678174973
-0.154829726 0.002704792 0.987937927 52.339565277 0.102033406 0.994691193 0.013267450 -0.818558097 -0.982657850 0.102856711 -0.154284403 18.453445435
-0.154271677 0.003732541 0.988021851 53.819656372 0.101206802 0.994791090 0.012044560 -0.826474369 -0.982831120 0.101852499 -0.153846547 18.230953217
-0.153089821 0.003628573 0.988206327 55.327026367 0.101509072 0.994759977 0.012072871 -0.820365787 -0.982984722 0.102159940 -0.152656645 17.990663528
-0.151733965 0.003025548 0.988417327 56.839115143 0.102033615 0.994699597 0.012618647 -0.802909493 -0.983140647 0.102766268 -0.151239097 17.768157959
-0.150135651 0.003170431 0.988660932 58.377960205 0.101848044 0.994722903 0.012276566 -0.803984880 -0.983405292 0.102536142 -0.149666965 17.525024414
-0.149369389 0.004131818 0.988773406 59.945278168 0.102059759 0.994713187 0.011261092 -0.789702415 -0.983499885 0.102595836 -0.149002090 17.302249908
-0.148039222 0.004888377 0.988969922 61.516078949 0.102236174 0.994704664 0.010387082 -0.788820148 -0.983682752 0.102646023 -0.147755727 17.060970306
-0.147407562 0.004594294 0.989065886 63.135028839 0.102449812 0.994679868 0.010648501 -0.779713690 -0.983755350 0.102899097 -0.147094697 16.829544067
-0.146940097 0.003131443 0.989141107 64.722518921 0.103865504 0.994514167 0.012281141 -0.784843266 -0.983676851 0.104542032 -0.146459922 16.608736038
-0.146427274 0.002043176 0.989220023 66.375923157 0.106230132 0.994246244 0.013670986 -0.770102441 -0.983500719 0.107086591 -0.145802468 16.362308502
-0.145526037 0.002723295 0.989351273 68.036689758 0.108069308 0.994055033 0.013159967 -0.754656732 -0.983434200 0.108833440 -0.144955799 16.125209808
-0.144616514 0.003547576 0.989481986 69.688995361 0.107388102 0.994141936 0.012130930 -0.770959258 -0.983642876 0.108012728 -0.144150928 15.880612373
-0.143879414 0.004022568 0.989587545 71.365692139 0.108756818 0.993997395 0.011772053 -0.751608491 -0.983600676 0.109317973 -0.143453866 15.635920525
-0.143716052 0.003339536 0.989613891 73.064819336 0.108531564 0.994014323 0.012407074 -0.766008735 -0.983649373 0.109187238 -0.143218905 15.390580177
-0.143449530 0.003288683 0.989652812 74.768180847 0.109022781 0.993959486 0.012499811 -0.738166809 -0.983633876 0.109687559 -0.142942160 15.149926186
-0.143808618 0.002864829 0.989602089 76.505065918 0.110160135 0.993825734 0.013131401 -0.747239113 -0.983454764 0.110902838 -0.143236920 14.900298119
-0.143038884 0.002990579 0.989713252 78.231864929 0.111307353 0.993698537 0.013084157 -0.731126904 -0.983437777 0.112033635 -0.142471015 14.645266533
-0.143464729 0.003759630 0.989648998 79.989654541 0.111487903 0.993687212 0.012386933 -0.730390251 -0.983355403 0.112110719 -0.142978877 14.398909569
-0.144392937 0.004638883 0.989510179 81.768013000 0.111217402 0.993727148 0.011570630 -0.723776996 -0.983250022 0.111721210 -0.144003764 14.147797585
-0.145255193 0.005246380 0.989381075 83.552589417 0.110436082 0.993821561 0.010943696 -0.721267104 -0.983211040 0.110852696 -0.144937783 13.900768280
-0.146598890 0.005397212 0.989182055 85.344276428 0.109215178 0.993958473 0.010762695 -0.729906678 -0.983147919 0.109611191 -0.146303356 13.642873764
-0.147443280 0.005488993 0.989056051 87.154983521 0.109653085 0.993909478 0.010830619 -0.714635968 -0.982972920 0.110049628 -0.147147819 13.369250298
-0.148635745 0.004586874 0.988882065 88.979652405 0.108452767 0.994031489 0.011690473 -0.730575204 -0.982926548 0.108984284 -0.148246780 13.116976738
-0.149184674 0.003987651 0.988802135 90.823165894 0.106018871 0.994290531 0.011985767 -0.707532644 -0.983108878 0.106619440 -0.148756400 12.835758209
-0.150673017 0.004635043 0.988573492 92.689933777 0.105874337 0.994311988 0.011474889 -0.716834188 -0.982897341 0.106393203 -0.150307447 12.560378075
-0.152846992 0.005101886 0.988237381 94.558746338 0.104363464 0.994476795 0.011007451 -0.707559586 -0.982723296 0.104818024 -0.152535915 12.273180008
-0.157329276 0.005958598 0.987528682 96.445251465 0.104684480 0.994446754 0.010677618 -0.708775401 -0.981981218 0.105058558 -0.157079950 11.978701591
-0.161870271 0.005405006 0.986797571 98.336135864 0.102686726 0.994647205 0.011396335 -0.701177359 -0.981454134 0.103175469 -0.161559418 11.680080414
-0.166749373 0.005034083 0.985986948 100.237991333 0.101757176 0.994734168 0.012130389 -0.692065120 -0.980733931 0.102353714 -0.166384190 11.362375259
-0.171554670 0.005552758 0.985159457 102.156021118 0.100697629 0.994844317 0.011928072 -0.690392494 -0.980014265 0.101249278 -0.171229959 11.065069199
-0.176236615 0.007160900 0.984322071 104.077713013 0.100607440 0.994866610 0.010775541 -0.702699661 -0.979192555 0.100928918 -0.176052988 10.714080811
-0.180945054 0.008684914 0.983455062 106.001647949 0.100214422 0.994917810 0.009652253 -0.706922531 -0.978373766 0.100302659 -0.180896446 10.365594864
-0.185771450 0.009318442 0.982549071 107.946533203 0.099191226 0.995023549 0.009317457 -0.708325863 -0.977573216 0.099190898 -0.185771957 10.017278671
-0.190866411 0.008939117 0.981575787 109.895507812 0.097097017 0.995225191 0.009817043 -0.713417053 -0.976801515 0.097181603 -0.190823689 9.639734268
-0.196516231 0.008321283 0.980465472 111.861228943 0.094737679 0.995444953 0.010540050 -0.716158748 -0.975912571 0.094958082 -0.196410134 9.276433945
-0.202056006 0.007757319 0.979343534 113.819259644 0.094231814 0.995481968 0.011556585 -0.719373584 -0.974829853 0.094620153 -0.201874807 8.878828049
-0.207962334 0.007577274 0.978107750 115.789138794 0.094307899 0.995465398 0.012339753 -0.713649988 -0.973579645 0.094809242 -0.207734570 8.488853455
-0.213910043 0.009271104 0.976809621 117.775115967 0.095276602 0.995384097 0.011417102 -0.724265933 -0.972195566 0.095509082 -0.213806659 8.071903229
-0.218898147 0.009995954 0.975696802 119.745750427 0.094006382 0.995510697 0.010891465 -0.722342610 -0.971208334 0.094105572 -0.218855873 7.619188309
-0.224925831 0.010129457 0.974323511 121.742980957 0.095178284 0.995391071 0.011623774 -0.728680253 -0.969715655 0.095348656 -0.224854067 7.177295685
-0.230559036 0.010317209 0.973003924 123.768341064 0.094229646 0.995479584 0.011772774 -0.718413472 -0.968484581 0.094399862 -0.230489805 6.715396881
-0.235957444 0.010868028 0.971703112 125.746513367 0.093565643 0.995544314 0.011585790 -0.724543929 -0.967247903 0.093651503 -0.235923871 6.249645233
-0.241343975 0.011042362 0.970377207 127.761146545 0.092291482 0.995662868 0.011623895 -0.728113174 -0.966040611 0.092362620 -0.241317213 5.767591476
-0.245674536 0.010735156 0.969293296 129.756271362 0.094044983 0.995484114 0.012811200 -0.726889133 -0.964779139 0.094304278 -0.245575488 5.271347046
-0.249586135 0.010855774 0.968292058 131.788848877 0.096234202 0.995263636 0.013647115 -0.717553020 -0.963558614 0.096588656 -0.249449521 4.757242203
-0.253234714 0.011292680 0.967339456 133.837280273 0.097638220 0.995122731 0.013943218 -0.722929358 -0.962464690 0.097979903 -0.253102988 4.228286743
-0.256264567 0.011751637 0.966535747 135.854721069 0.097837783 0.995104551 0.013841475 -0.716956615 -0.961642206 0.098110422 -0.256160676 3.700145721
-0.259225339 0.011702722 0.965746462 137.901458740 0.096808955 0.995204091 0.013925772 -0.708716393 -0.960952580 0.097102463 -0.259115875 3.157791138
-0.263347447 0.012217900 0.964624107 139.950149536 0.095679618 0.995318830 0.013514386 -0.707108617 -0.959944189 0.095853522 -0.263284445 2.608829498
-0.267733693 0.012491670 0.963412464 142.018585205 0.093824476 0.995499909 0.013166245 -0.710913658 -0.958913565 0.093916364 -0.267701596 2.043964386
-0.272430986 0.012566950 0.962093830 144.075088501 0.093312964 0.995544791 0.013419072 -0.698853135 -0.957639456 0.093431279 -0.272390604 1.481864929
-0.277481943 0.012931727 0.960644305 146.110198975 0.093653925 0.995509684 0.013650881 -0.704481721 -0.956154764 0.093755670 -0.277447820 0.909469604
-0.281636655 0.013503239 0.959426761 148.191665649 0.092973888 0.995578468 0.013280182 -0.698345304 -0.955005586 0.092941508 -0.281647682 0.313674927
-0.286286294 0.013561754 0.958048761 150.307327271 0.092695430 0.995600045 0.013606177 -0.702693582 -0.953649223 0.092701681 -0.286284626 -0.301193237
-0.290338844 0.013105529 0.956834793 152.393737793 0.092480466 0.995608568 0.014425408 -0.692849398 -0.952444255 0.092676461 -0.290276706 -0.925361633
-0.294556648 0.013197617 0.955543458 154.482788086 0.093138292 0.995539427 0.014960901 -0.689090967 -0.951084137 0.093404211 -0.294472724 -1.557819366
-0.298394173 0.014024449 0.954340100 156.625701904 0.094189845 0.995442510 0.014821991 -0.688718319 -0.949783325 0.094311655 -0.298355997 -2.213481903
-0.302061141 0.014933356 0.953172028 158.678985596 0.094083063 0.995461285 0.014219172 -0.679350138 -0.948634148 0.093972102 -0.302095979 -2.854389191
-0.305942267 0.016469343 0.951907992 160.794815063 0.094341777 0.995451868 0.013098683 -0.684486151 -0.947363734 0.093811832 -0.306105345 -3.522876740
-0.309389651 0.017726928 0.950770497 162.948287964 0.095081516 0.995390654 0.012381618 -0.681427598 -0.946169376 0.094231158 -0.309650064 -4.208702087
-0.312544078 0.018077964 0.949731708 165.030288696 0.094192907 0.995479047 0.012048927 -0.683993101 -0.945221126 0.093223497 -0.312834859 -4.881088257
-0.316297114 0.018216960 0.948485613 167.192596436 0.094231188 0.995472312 0.012304487 -0.678269386 -0.943968117 0.093268536 -0.316582620 -5.591476440
-0.320045650 0.018639758 0.947218776 169.293426514 0.094619483 0.995434582 0.012381454 -0.682864189 -0.942664802 0.093587779 -0.320349127 -6.279029846
-0.324935257 0.019376958 0.945537746 171.440460205 0.095790461 0.995320737 0.012521417 -0.677917480 -0.940872014 0.094641961 -0.325271934 -6.986400604
-0.327494889 0.019281063 0.944656372 173.610961914 0.098037057 0.995086789 0.013677325 -0.684236765 -0.939752400 0.097090386 -0.327777117 -7.745246887
-0.329683989 0.018893810 0.943902373 175.729919434 0.098679580 0.995010853 0.014549822 -0.677686453 -0.938919425 0.097940512 -0.329904675 -8.471881866
-0.332716733 0.018373916 0.942847848 177.882629395 0.098691300 0.994996250 0.015436569 -0.676626682 -0.937847853 0.098186672 -0.332866192 -9.221893311
-0.335336596 0.018589068 0.941915035 180.071929932 0.097256355 0.995144427 0.014985307 -0.667434454 -0.937064350 0.096632101 -0.335517228 -9.996902466
-0.337436706 0.019968366 0.941136539 182.200607300 0.096302539 0.995259583 0.013411864 -0.667869091 -0.936408818 0.095159248 -0.337761313 -10.752647400
-0.341755152 0.021648385 0.939539850 184.383834839 0.095496960 0.995357633 0.011802359 -0.670614243 -0.934924126 0.093756475 -0.342237055 -11.524562836
-0.344849646 0.022926163 0.938378096 186.583724976 0.094870582 0.995431662 0.010544530 -0.666945100 -0.933850944 0.092660524 -0.345450282 -12.323272705
-0.348317057 0.023872670 0.937073052 188.739379883 0.093368918 0.995585501 0.009342699 -0.674311638 -0.932714641 0.090747498 -0.349009573 -13.093563080
-0.351876289 0.024360605 0.935729861 190.956375122 0.093825743 0.995542467 0.009365033 -0.683616281 -0.931331873 0.091090649 -0.352594733 -13.902893066
-0.355413526 0.023634257 0.934410810 193.128143311 0.093271263 0.995585382 0.010295321 -0.682191372 -0.930043519 0.090812489 -0.356050402 -14.722610474
-0.359026521 0.022962620 0.933045328 195.325836182 0.092939034 0.995606124 0.011259862 -0.688180208 -0.928688109 0.090758644 -0.359584630 -15.550128937
-0.362703234 0.022699086 0.931628823 197.556777954 0.093004242 0.995591998 0.011951134 -0.693778515 -0.927251816 0.090979815 -0.363217086 -16.422012329
-0.366542011 0.022869589 0.930120885 199.722213745 0.091745913 0.995711923 0.011672994 -0.690159082 -0.925866723 0.089613080 -0.367069960 -17.250522614
-0.370043069 0.023568714 0.928715825 201.907897949 0.091197170 0.995769143 0.011066870 -0.692584991 -0.924527347 0.088791087 -0.370628536 -18.122295380
-0.373377830 0.024066385 0.927367449 204.152328491 0.091282800 0.995762885 0.010911142 -0.702353239 -0.923177123 0.088726260 -0.373994291 -19.006599426
-0.376285136 0.024373885 0.926183522 206.319473267 0.091851756 0.995708168 0.011113625 -0.714299917 -0.921939492 0.089253090 -0.376910686 -19.893302917
-0.378718197 0.024378171 0.925191224 208.536468506 0.092901632 0.995602906 0.011795012 -0.718766689 -0.920837402 0.090418339 -0.379319549 -20.793006897
-0.381534487 0.024414442 0.924032271 210.728134155 0.094610780 0.995429873 0.012764164 -0.719004393 -0.919499815 0.092292957 -0.382102668 -21.678348541
-0.383801043 0.024751272 0.923084199 212.944412231 0.095499977 0.995341539 0.013018413 -0.723614454 -0.918464243 0.093150556 -0.384378731 -22.600872040
-0.386368424 0.025408350 0.921994746 215.166748047 0.095268309 0.995370448 0.012492482 -0.730800152 -0.917411387 0.092663117 -0.387002140 -23.532154083
-0.389208674 0.025859829 0.920786858 217.359512329 0.094979919 0.995401561 0.012191894 -0.728331327 -0.916239977 0.092200965 -0.389877051 -24.437957764
-0.391732246 0.026894934 0.919686556 219.573852539 0.094503343 0.995459199 0.011142100 -0.735617638 -0.915213227 0.091277666 -0.392497092 -25.375587463
-0.395165503 0.027867155 0.918187618 221.786956787 0.094082408 0.995508313 0.010276960 -0.752589464 -0.913779378 0.090445869 -0.396014333 -26.315673828
-0.397381842 0.028300779 0.917217374 223.972045898 0.092442386 0.995671332 0.009328988 -0.757446766 -0.912985206 0.088496424 -0.398279935 -27.252593994
-0.400353134 0.028935406 0.915904641 226.169235229 0.092758365 0.995644152 0.009091329 -0.771595359 -0.911653996 0.088597029 -0.401295125 -28.202426910
-0.402945846 0.028702930 0.914774477 228.391326904 0.094345100 0.995482802 0.010322491 -0.788425922 -0.910348058 0.090463370 -0.403835654 -29.178810120
-0.405482233 0.027952800 0.913676262 230.566223145 0.095021226 0.995402992 0.011716581 -0.790204763 -0.909151077 0.091568902 -0.406276375 -30.138813019
-0.408691466 0.027573153 0.912256896 232.808471680 0.094116911 0.995484650 0.012075751 -0.798283577 -0.907807171 0.090793490 -0.409443170 -31.130222321
-0.411780536 0.027329767 0.910874128 234.987777710 0.092667669 0.995621324 0.012020001 -0.815901041 -0.906559467 0.089357615 -0.412512034 -32.097694397
-0.415172905 0.027072594 0.909340680 237.180694580 0.091308877 0.995746672 0.012043468 -0.811645508 -0.905149043 0.088030428 -0.415881127 -33.093048096
-0.418778062 0.026547022 0.907701492 239.403335571 0.090351917 0.995827615 0.012560559 -0.819586277 -0.903582811 0.087272100 -0.419431567 -34.090946198
-0.421928704 0.026503071 0.906242609 241.567092896 0.089874864 0.995868683 0.012719901 -0.829239607 -0.902163327 0.086814769 -0.422569931 -35.105743408
-0.426002979 0.026276290 0.904341280 243.745330811 0.089297660 0.995915353 0.013127998 -0.831810713 -0.900304019 0.086347543 -0.426611602 -36.112953186
-0.430311143 0.025528161 0.902320862 245.945724487 0.088125341 0.996010065 0.013847710 -0.843926430 -0.898368716 0.085475571 -0.430846065 -37.132415771
-0.433760285 0.025873063 0.900658011 248.095687866 0.087523341 0.996067584 0.013537752 -0.839546204 -0.896767318 0.084700130 -0.434321016 -38.166610718
-0.437761754 0.026311664 0.898707211 250.269454956 0.087440483 0.996076465 0.013430139 -0.845431089 -0.894828737 0.084461994 -0.438346982 -39.207244873
-0.441383719 0.026509272 0.896928132 252.442001343 0.087820485 0.996038198 0.013778561 -0.857871294 -0.893010557 0.084849723 -0.441965133 -40.278480530
-0.444607079 0.026563525 0.895333230 254.569427490 0.087345384 0.996079385 0.013821756 -0.854720116 -0.891456842 0.084347896 -0.445186198 -41.330200195
-0.448483318 0.026712447 0.893393338 256.789489746 0.086314887 0.996172845 0.013544578 -0.867027760 -0.889613569 0.083187081 -0.449074596 -42.408714294
-0.451435953 0.027176544 0.891891122 258.908752441 0.086565599 0.996152163 0.013462304 -0.855992556 -0.888094604 0.083283879 -0.452053487 -43.493293762
-0.454774112 0.029063856 0.890134037 261.074462891 0.087336048 0.996102512 0.012096643 -0.834330082 -0.886314452 0.083241448 -0.455541909 -44.560791016
-0.459152400 0.028934658 0.887887955 263.277618408 0.088305831 0.996003032 0.013207645 -0.860846519 -0.883957803 0.084469415 -0.459874243 -45.670860291
-0.462458998 0.030513503 0.886117101 265.380126953 0.090465225 0.995812833 0.012922422 -0.871706247 -0.882013619 0.086138293 -0.463284910 -46.769332886
-0.465739250 0.031508587 0.884362698 267.516662598 0.091469936 0.995723844 0.012695402 -0.861788988 -0.880182147 0.086804762 -0.466631711 -47.876068115
-0.468930572 0.033576921 0.882598281 269.713958740 0.093333796 0.995562792 0.011714470 -0.864674330 -0.878289819 0.087868914 -0.469985723 -49.027641296
-0.470743537 0.035842888 0.881543458 271.835815430 0.095285937 0.995392144 0.010410738 -0.875422239 -0.877109706 0.088898882 -0.471991867 -50.145591736
-0.474124014 0.036562644 0.879700422 274.037872314 0.096104465 0.995313406 0.010428729 -0.868693352 -0.875197470 0.089487016 -0.475417912 -51.321197510
-0.477262497 0.036606863 0.877999783 276.164215088 0.096151635 0.995305121 0.010768339 -0.881340265 -0.873484790 0.089559831 -0.478543848 -52.470481873
-0.480491698 0.037542958 0.876197278 278.350219727 0.095555656 0.995372832 0.009751763 -0.868733168 -0.871778250 0.088410623 -0.481858134 -53.644081116
-0.484210879 0.038625274 0.874100327 280.560363770 0.096046768 0.995330334 0.009223174 -0.870524645 -0.869663835 0.088419855 -0.485662103 -54.862533569
-0.487057984 0.038987495 0.872500837 282.722900391 0.095602602 0.995376170 0.008890307 -0.877945185 -0.868121564 0.087742805 -0.488535643 -56.044792175
-0.489749789 0.038966388 0.870993674 284.910186768 0.094374776 0.995496452 0.008529487 -0.873032570 -0.866740406 0.086376481 -0.491224051 -57.260795593
-0.492585212 0.039379340 0.869374573 287.160797119 0.095278740 0.995407283 0.008896546 -0.880643606 -0.865033090 0.087214604 -0.494077325 -58.523368835
-0.494695187 0.039352383 0.868177056 289.320251465 0.096696742 0.995259941 0.009985900 -0.883783102 -0.863670707 0.088889211 -0.496158063 -59.742874146
-0.496686161 0.039266549 0.867043555 291.519226074 0.097592890 0.995163500 0.010837239 -0.888738632 -0.862426400 0.089999303 -0.498118460 -60.995674133
-0.499238104 0.038965371 0.865590215 293.781738281 0.097430810 0.995173097 0.011395546 -0.889642477 -0.860969782 0.090023570 -0.500627339 -62.268989563
-0.500968039 0.038750675 0.864599764 295.968505859 0.097301595 0.995181382 0.011775436 -0.870943308 -0.859979153 0.090025388 -0.502327085 -63.529434204
-0.504747689 0.038159624 0.862425029 298.227691650 0.098630592 0.995025992 0.013698286 -0.875140667 -0.857614517 0.091975041 -0.506002963 -64.809181213
-0.505847991 0.038346298 0.861771822 300.424621582 0.098589592 0.995031357 0.013594719 -0.869275808 -0.856970787 0.091837928 -0.507117450 -66.122627258
-0.507715166 0.039157946 0.860636592 302.645019531 0.098278426 0.995073974 0.012702676 -0.856217384 -0.855901480 0.091030665 -0.509064913 -67.428642273
-0.510906637 0.040564939 0.858680367 304.932617188 0.097027160 0.995220065 0.010715004 -0.864792109 -0.854143679 0.088789068 -0.512402773 -68.769485474
-0.513947010 0.040230792 0.856879771 307.134002686 0.095282897 0.995391667 0.010415635 -0.862249136 -0.852514505 0.086998485 -0.515414059 -70.078048706
-0.517987430 0.038435586 0.854526162 309.404174805 0.093153834 0.995579064 0.011686976 -0.858746529 -0.850301921 0.085655533 -0.519280016 -71.420570374
-0.523369849 0.036475942 0.851326466 311.724914551 0.091069967 0.995751143 0.013323087 -0.849741459 -0.847226202 0.084502578 -0.524470210 -72.807937622
-0.527671039 0.035257608 0.848718882 313.951507568 0.089796223 0.995851099 0.014458902 -0.837474346 -0.844690442 0.083840713 -0.528649986 -74.168457031
-0.531967640 0.035123013 0.846038342 316.223144531 0.089737952 0.995846987 0.015082689 -0.832459450 -0.841997623 0.083944634 -0.532912552 -75.563507080
-0.536557496 0.036594365 0.843072355 318.516784668 0.092150144 0.995621324 0.015431291 -0.823253155 -0.838819027 0.085968383 -0.537582397 -76.988273621
-0.539789081 0.037399016 0.840971470 320.742492676 0.092927583 0.995549798 0.015373501 -0.812755108 -0.836657107 0.086447246 -0.540864587 -78.407081604
-0.543868363 0.037338398 0.838341951 323.074218750 0.093279518 0.995504081 0.016176246 -0.808907986 -0.833971858 0.086997233 -0.544908345 -79.894424438
-0.547373295 0.036366712 0.836100578 325.262481689 0.093689270 0.995433569 0.018038882 -0.785245895 -0.831629634 0.088207006 -0.548283219 -81.329765320
-0.551831365 0.034800336 0.833231747 327.503356934 0.092509829 0.995512545 0.019689118 -0.773457050 -0.828810751 0.087946534 -0.552576959 -82.782203674
-0.555741429 0.034655862 0.830635190 329.815338135 0.091977820 0.995555460 0.020001559 -0.765463829 -0.826253355 0.087515026 -0.556461573 -84.294837952
-0.559473336 0.034022778 0.828152359 332.022491455 0.091229275 0.995609581 0.020729136 -0.744899273 -0.823814154 0.087148480 -0.560123503 -85.760864258
-0.563432336 0.034657501 0.825437665 334.250610352 0.093203247 0.995403528 0.021825345 -0.725979805 -0.820889950 0.089229979 -0.564075053 -87.270164490
-0.567955852 0.033638056 0.822374046 336.547485352 0.092761241 0.995410264 0.023347745 -0.707763195 -0.817816913 0.089544311 -0.568471849 -88.832809448
-0.570890784 0.032623507 0.820380270 338.718811035 0.091479160 0.995511591 0.024071097 -0.684437752 -0.815915704 0.088789031 -0.571315229 -90.311706543
-0.574466109 0.032056648 0.817903101 340.968811035 0.091049552 0.995530128 0.024931408 -0.653160095 -0.813450694 0.088791370 -0.574819386 -91.874664307
-0.577522337 0.031558126 0.815767527 343.233184814 0.091549762 0.995448828 0.026303399 -0.623176575 -0.811227441 0.089873523 -0.577785313 -93.438644409
-0.580324292 0.030147295 0.813830018 345.405303955 0.088868849 0.995686769 0.026486354 -0.602512360 -0.809524298 0.087694205 -0.580502748 -94.981369019
-0.581863463 0.030356565 0.812722802 347.716247559 0.085970677 0.995995820 0.024347844 -0.552509308 -0.808732390 0.084036820 -0.582145274 -96.619781494
-0.584830046 0.029615637 0.810618341 349.897003174 0.082066432 0.996361673 0.022805920 -0.541234493 -0.806996405 0.079861470 -0.585134566 -98.141220093
-0.589461565 0.026159752 0.807375908 352.080444336 0.078964598 0.996550441 0.025362352 -0.509575844 -0.803930283 0.078703560 -0.589495897 -99.717208862
-0.592740119 0.026132060 0.804972768 354.326141357 0.081213675 0.996314049 0.027457712 -0.470184326 -0.801291347 0.081649423 -0.592679501 -101.335494995
-0.595296979 0.026418384 0.803074419 356.486968994 0.080466792 0.996390641 0.026869817 -0.435845375 -0.799468994 0.080615692 -0.595275998 -102.922180176
-0.598793387 0.024740295 0.800524473 358.666625977 0.077079169 0.996658862 0.026853273 -0.408841133 -0.797188580 0.077782653 -0.598701596 -104.526275635
-0.601546109 0.022289740 0.798530102 360.900909424 0.076218657 0.996647239 0.029596686 -0.358360291 -0.795196414 0.078665979 -0.601230085 -106.192283630
-0.604709148 0.020164017 0.796194136 363.055572510 0.074636720 0.996710420 0.031444129 -0.315198898 -0.792944252 0.078439191 -0.604226768 -107.793258667
-0.607468843 0.019822633 0.794098973 365.240783691 0.073456466 0.996802211 0.031309813 -0.262518883 -0.790942371 0.077350773 -0.606984615 -109.435127258
-0.610667348 0.019114675 0.791659296 367.447235107 0.072360784 0.996868372 0.031747717 -0.225333214 -0.788576663 0.076671720 -0.610140622 -111.106781006
-0.613376796 0.019009206 0.789564312 369.595458984 0.072383165 0.996851206 0.032231163 -0.180972099 -0.786469221 0.076920353 -0.612823486 -112.753341675
-0.616011977 0.018791318 0.787515402 371.741577148 0.072664037 0.996803880 0.033053879 -0.135813713 -0.784380972 0.077584960 -0.615410686 -114.396789551
-0.618273079 0.016622789 0.785790801 373.876770020 0.068831824 0.997075379 0.033065367 -0.104766846 -0.782946527 0.074530132 -0.617611051 -116.042984009
-0.620793462 0.012941496 0.783870518 376.009124756 0.058850735 0.997807145 0.030133555 -0.075884819 -0.781765282 0.064837314 -0.620195746 -117.693397522
-0.624979734 0.016927805 0.780460477 378.146759033 0.052932277 0.998378158 0.020732662 -0.001991272 -0.778847337 0.054268271 -0.624864101 -119.343093872
-0.626897693 0.025588553 0.778684318 380.312500000 0.060500994 0.998036623 0.015910679 -0.019856453 -0.776751876 0.057084803 -0.627216935 -121.075355530
-0.628069937 0.027126336 0.777686954 382.450042725 0.067921050 0.997484326 0.020060569 -0.017100811 -0.775189877 0.065420024 -0.628334284 -122.763206482
-0.629783690 0.017757699 0.776570559 384.490295410 0.067386106 0.997214019 0.031845421 -0.001903534 -0.773845017 0.072385073 -0.629227698 -124.432106018
-0.632531941 0.007985502 0.774496198 386.636260986 0.062123496 0.997243583 0.040453892 0.070359230 -0.772041976 0.073702075 -0.631286442 -126.150581360
-0.635867000 0.001898351 0.771799386 388.746093750 0.056587696 0.997415483 0.044167686 0.151908875 -0.769724429 0.071758404 -0.634333014 -127.841438293
-0.638600230 0.001797859 0.769539595 390.871612549 0.055523809 0.997493804 0.043745574 0.227352142 -0.767536283 0.070662975 -0.637101531 -129.563644409
-0.640912473 0.006574059 0.767588854 392.960144043 0.060261581 0.997303367 0.041774780 0.281908035 -0.765248239 0.073029384 -0.639582336 -131.275848389
-0.643293023 0.012120674 0.765527129 395.005065918 0.063711606 0.997249424 0.037748754 0.329935074 -0.762967825 0.073055767 -0.642297924 -132.990020752
-0.645566463 0.016429663 0.763530493 397.097717285 0.065844439 0.997238517 0.034212720 0.392464638 -0.760863662 0.072360121 -0.644867599 -134.733245850
-0.648450315 0.016136276 0.761089087 399.164276123 0.066194274 0.997178733 0.035255738 0.440441132 -0.758376896 0.073240645 -0.647691190 -136.456115723
-0.651338220 0.015628209 0.758629739 401.202331543 0.066712260 0.997090757 0.036736377 0.488389015 -0.755852520 0.074537039 -0.650488079 -138.176940918
-0.653335869 0.014849260 0.756925762 403.298553467 0.066973627 0.997016251 0.038248271 0.552340508 -0.754103482 0.075682335 -0.652383149 -139.944473267
-0.655362189 0.014618742 0.755176485 405.346771240 0.067228064 0.996968389 0.039042674 0.613815308 -0.752320409 0.076355480 -0.654360414 -141.707000732
-0.656684279 0.015256482 0.754014611 407.357513428 0.067582980 0.996958256 0.038686782 0.669113159 -0.751134753 0.076362900 -0.655719995 -143.444229126
-0.658065259 0.015947362 0.752795398 409.440399170 0.068207867 0.996922731 0.038505424 0.734495163 -0.749868691 0.076684989 -0.657129943 -145.233657837
-0.659489810 0.015488807 0.751557350 411.458557129 0.069609061 0.996745169 0.040539596 0.786176682 -0.748487294 0.079049990 -0.658423424 -146.983520508
-0.659458101 0.014875938 0.751597643 413.469909668 0.071708277 0.996484876 0.043194320 0.855983734 -0.748316884 0.082379960 -0.658208847 -148.712539673
-0.660942256 0.014234240 0.750305295 415.525482178 0.073087148 0.996282816 0.045481272 0.921478271 -0.746872723 0.084897533 -0.659527898 -150.508316040
-0.662477195 0.014225430 0.748950243 417.529327393 0.071725152 0.996425271 0.044517647 0.997625351 -0.745643497 0.083209872 -0.661131680 -152.251953125
-0.663133204 0.014346530 0.748367310 419.581817627 0.068081692 0.996822715 0.041217837 1.065576553 -0.745402038 0.078282364 -0.662005424 -154.040130615
-0.664680958 0.014484017 0.746990085 421.609436035 0.065753564 0.997061431 0.039175227 1.134828568 -0.744231522 0.075155653 -0.663682580 -155.822158813
-0.666156530 0.013734745 0.745688677 423.603057861 0.065009490 0.997089088 0.039710335 1.202234268 -0.742976606 0.074929506 -0.665112674 -157.605010986
-0.666749895 0.012304601 0.745183051 425.645507812 0.063192032 0.997191548 0.040074792 1.248741150 -0.742600977 0.073808849 -0.665657103 -159.375015259
-0.667594492 0.011684128 0.744436562 427.655334473 0.060601838 0.997406900 0.038691595 1.315926552 -0.742058098 0.070943847 -0.666573584 -161.158996582
-0.668890834 0.011055598 0.743281484 429.654907227 0.059806202 0.997443497 0.038984291 1.371053696 -0.740954161 0.070528381 -0.667844474 -162.944183350
-0.668701291 0.009724629 0.743470669 431.646636963 0.060167722 0.997337997 0.041071296 1.442428589 -0.741096139 0.072196655 -0.667508721 -164.720245361
-0.669341385 0.007768178 0.742917240 433.664062500 0.061077461 0.997130871 0.044601988 1.506015778 -0.740443528 0.075228788 -0.667897880 -166.509460449
-0.667520404 0.007598303 0.744555712 435.649597168 0.066494517 0.996555865 0.049444392 1.587965012 -0.741619885 0.082513377 -0.665729046 -168.286712646
-0.666087091 0.005201156 0.745858788 437.673156738 0.069095165 0.996100962 0.054758798 1.658737183 -0.742669940 0.088008754 -0.663852215 -170.100173950
-0.665503025 0.003462939 0.746389925 439.682739258 0.063921168 0.996574759 0.052370053 1.764242172 -0.743655860 0.082561925 -0.663448036 -171.882598877
-0.663457930 0.003016135 0.748210549 441.709594727 0.057545818 0.997230291 0.047007143 1.860857010 -0.746000588 0.074242942 -0.661796808 -173.625427246
-0.661798954 0.001237462 0.749683380 443.729309082 0.052693378 0.997597098 0.044869252 1.959630966 -0.747830272 0.069197036 -0.660276771 -175.370269775
-0.660180390 0.000776592 0.751109719 445.745361328 0.051663224 0.997672856 0.044377074 2.022758484 -0.749331594 0.068100907 -0.658687115 -177.154174805
-0.656903625 0.001188907 0.753976703 447.775726318 0.052994318 0.997593224 0.044598069 2.090988159 -0.752113581 0.069252402 -0.655388296 -178.886779785
-0.654247463 0.000956437 0.756283104 449.793670654 0.053452697 0.997551739 0.044979159 2.174415588 -0.754392684 0.069852151 -0.652699530 -180.631423950
-0.652492404 0.001230460 0.757797360 451.819458008 0.051220130 0.997778356 0.042482059 2.235086441 -0.756065786 0.066532977 -0.651108503 -182.387161255
-0.650332153 -0.003178471 0.759646535 453.887695312 0.044311345 0.998124897 0.042110872 2.310239792 -0.758360147 0.061046276 -0.648974597 -184.118011475
-0.650111198 -0.008674376 0.759792864 455.928192139 0.036705185 0.998404086 0.042804774 2.395179749 -0.758955657 0.055715419 -0.648758054 -185.883453369
-0.648494661 -0.011927991 0.761129081 458.021270752 0.029949849 0.998698294 0.041168522 2.458997726 -0.760633290 0.049492482 -0.647295892 -187.551849365
-0.648349047 -0.012618243 0.761242092 460.032226562 0.027590146 0.998811543 0.040054362 2.521526337 -0.760846794 0.046971183 -0.647233009 -189.252716064
-0.647721410 -0.012760413 0.761773765 462.090515137 0.029395979 0.998691618 0.041723546 2.586870193 -0.761313379 0.049417537 -0.646501780 -191.006958008
-0.645829201 -0.014189285 0.763353646 464.146118164 0.030772110 0.998526037 0.044594910 2.645599365 -0.762865067 0.052289933 -0.644443393 -192.715759277
-0.644336700 -0.015772130 0.764582753 466.177246094 0.029444363 0.998529077 0.045411423 2.734733582 -0.764178395 0.051772129 -0.642927170 -194.416992188
-0.643753052 -0.016364755 0.765061855 468.255065918 0.027480438 0.998626828 0.044483569 2.807752609 -0.764743328 0.049659885 -0.642422080 -196.131301880
-0.642444909 -0.015530925 0.766178250 470.304962158 0.026304446 0.998753369 0.042301513 2.884572983 -0.765883863 0.047329493 -0.641238332 -197.828308105
-0.641528845 -0.013465428 0.766984522 472.341033936 0.027144991 0.998816073 0.040240150 2.950170517 -0.766622245 0.046634190 -0.640406787 -199.526153564
-0.640696347 -0.013510238 0.767678916 474.409545898 0.029196575 0.998688161 0.041942589 3.011255264 -0.767242491 0.049285278 -0.639464617 -201.230682373
