0.999999881 -0.000000000 0.000000000 0.000000000 -0.000000000 1.000000000 0.000000000 -0.000000000 0.000000000 0.000000000 0.999999881 -0.000000000
0.999997377 -0.001199052 -0.001883045 -0.013127405 0.001201747 0.999998271 0.001430566 -0.023999091 0.001881327 -0.001432825 0.999997079 1.544619560
0.999991775 -0.001854371 -0.003571904 -0.023467539 0.001864907 0.999993920 0.002948686 -0.051801592 0.003566416 -0.002955324 0.999989212 3.115313053
0.999987781 -0.001060690 -0.004791784 -0.039407242 0.001075022 0.999994934 0.002989555 -0.066197246 0.004788589 -0.002994669 0.999983966 4.605200291
0.999982476 -0.000885234 -0.005825433 -0.045359284 0.000902584 0.999995112 0.002976370 -0.089416228 0.005822771 -0.002981575 0.999978662 6.125629425
0.999973059 -0.000658498 -0.007278030 -0.076794356 0.000682528 0.999994278 0.003299942 -0.117076695 0.007275818 -0.003304821 0.999967992 7.638168812
0.999959230 -0.001033159 -0.008941001 -0.089448929 0.001063779 0.999993563 0.003420830 -0.141508356 0.008937412 -0.003430203 0.999954104 9.149435043
0.999939084 -0.002379679 -0.010743736 -0.106371105 0.002410667 0.999992967 0.002872206 -0.168782711 0.010736832 -0.002897934 0.999938011 10.642683029
0.999916315 -0.003646772 -0.012395541 -0.137663290 0.003675584 0.999990463 0.002302216 -0.182171419 0.012387039 -0.002347588 0.999920428 12.135815620
0.999898791 -0.003613658 -0.013736959 -0.173301548 0.003647047 0.999990225 0.002406143 -0.211125761 0.013728142 -0.002456004 0.999902666 13.620907784
0.999893606 -0.002824171 -0.014279542 -0.187436163 0.002869642 0.999990761 0.003164842 -0.230415702 0.014270487 -0.003205490 0.999892950 15.116008759
0.999875307 -0.001963537 -0.015634369 -0.236827001 0.002019978 0.999991477 0.003595164 -0.262123287 0.015627190 -0.003626304 0.999871254 16.611011505
0.999880314 -0.000442987 -0.015437542 -0.260514557 0.000510648 0.999990225 0.004379163 -0.278207779 0.015435467 -0.004386528 0.999871135 18.085870743
0.999873400 0.000046636 -0.015878012 -0.292000800 0.000033421 0.999987245 0.005041637 -0.296702147 0.015878059 -0.005041536 0.999861002 19.549961090
0.999884784 0.000591328 -0.015126877 -0.315326899 -0.000512718 0.999986351 0.005199820 -0.319127560 0.015129760 -0.005191471 0.999871969 21.029071808
0.999882877 0.001417796 -0.015195623 -0.344254702 -0.001335958 0.999984622 0.005394172 -0.337475866 0.015203053 -0.005373246 0.999869943 22.494436264
0.999853432 0.001540343 -0.017010828 -0.407518476 -0.001436919 0.999980390 0.006090057 -0.361883163 0.017019896 -0.006064727 0.999836683 23.948984146
0.999823689 0.001910918 -0.018633001 -0.453424394 -0.001795669 0.999979198 0.006199648 -0.374819309 0.018644473 -0.006165104 0.999807179 25.385538101
0.999834716 0.002442661 -0.017954309 -0.473219037 -0.002325227 0.999975741 0.006558456 -0.403216302 0.017969912 -0.006515633 0.999817193 26.829174042
0.999832153 0.003002316 -0.018017368 -0.512752652 -0.002918774 0.999984920 0.004661063 -0.422709554 0.018031107 -0.004607701 0.999826670 28.267282486
0.999864995 0.001341557 -0.016300110 -0.534086466 -0.001282772 0.999992728 0.003616047 -0.440722436 0.016304858 -0.003594656 0.999860644 29.728443146
0.999899566 0.000483767 -0.014062112 -0.535782695 -0.000409793 0.999986172 0.005262411 -0.455738962 0.014064482 -0.005256129 0.999887168 31.179040909
0.999881148 -0.000789380 -0.015300162 -0.581974566 0.000916066 0.999965429 0.008274234 -0.483452559 0.015293118 -0.008287277 0.999848545 32.560485840
0.999889731 -0.001385758 -0.014677543 -0.593404174 0.001503766 0.999966621 0.008031452 -0.498962551 0.014665941 -0.008052649 0.999859869 33.973545074
0.999895513 -0.001500936 -0.014278062 -0.626347542 0.001596574 0.999976337 0.006688595 -0.519481778 0.014267704 -0.006710700 0.999875486 35.363437653
0.999887943 -0.001340353 -0.014803236 -0.686333299 0.001407081 0.999988914 0.004497673 -0.538200915 0.014797057 -0.004518000 0.999880075 36.722518921
0.999905109 -0.000396121 -0.013652589 -0.708710611 0.000448525 0.999992609 0.003835030 -0.567723215 0.013650982 -0.003840789 0.999899209 38.082008362
0.999914408 -0.000091320 -0.012959884 -0.747260034 0.000150223 0.999989688 0.004543745 -0.589755416 0.012959350 -0.004545303 0.999905527 39.417144775
0.999930978 -0.000137798 -0.011606822 -0.789750814 0.000210380 0.999980509 0.006252160 -0.614905953 0.011605742 -0.006254174 0.999912918 40.744354248
0.999953628 -0.000065911 -0.009461253 -0.788976789 0.000136263 0.999972343 0.007435227 -0.639500856 0.009460512 -0.007436177 0.999927402 42.059192657
0.999971628 0.000079209 -0.007322889 -0.813736320 -0.000020104 0.999967396 0.008070840 -0.653930902 0.007323296 -0.008070470 0.999940395 43.328800201
0.999990106 -0.000236713 -0.004060788 -0.834054828 0.000268382 0.999969661 0.007799867 -0.673597097 0.004058819 -0.007800886 0.999961078 44.601924896
0.999997854 -0.000881762 -0.000426165 -0.842687368 0.000884268 0.999982238 0.005915484 -0.694231987 0.000420939 -0.005915854 0.999982297 45.854442596
0.999990702 -0.000911468 0.003797703 -0.823965073 0.000894359 0.999989569 0.004504324 -0.719239831 -0.003801778 -0.004500888 0.999982536 47.107028961
0.999972343 -0.000792271 0.007157317 -0.853723288 0.000757867 0.999988258 0.004808209 -0.729054928 -0.007161056 -0.004802657 0.999962747 48.302032471
0.999918044 -0.000334052 0.012658407 -0.836548984 0.000272721 0.999988139 0.004846284 -0.759511352 -0.012659905 -0.004842441 0.999907970 49.521854401
0.999814808 0.000732911 0.019137753 -0.835876405 -0.000814189 0.999990642 0.004239281 -0.774988294 -0.019134503 -0.004254083 0.999807715 50.721969604
0.999636292 0.002007199 0.026833523 -0.810560107 -0.002120517 0.999988914 0.004194908 -0.796663523 -0.026824854 -0.004250288 0.999630988 51.934127808
0.999391377 0.003366738 0.034671701 -0.777828217 -0.003539171 0.999981701 0.004912814 -0.819931149 -0.034654569 -0.005032541 0.999386430 53.097003937
0.998962224 0.005333773 0.045192789 -0.739835501 -0.005585600 0.999969721 0.005447524 -0.841597915 -0.045162413 -0.005694309 0.998963118 54.278343201
0.998284280 0.007605359 0.058027826 -0.683495522 -0.007938692 0.999953389 0.005515659 -0.857721210 -0.057983249 -0.005966871 0.998299420 55.410289764
0.997281849 0.009915533 0.072984874 -0.606073856 -0.010384911 0.999927700 0.006054149 -0.877431333 -0.072919674 -0.006795651 0.997314334 56.530319214
0.995878398 0.011936170 0.089889020 -0.509989262 -0.012604654 0.999896824 0.006872428 -0.886914074 -0.089797862 -0.007977141 0.995927811 57.660545349
0.994200885 0.012150758 0.106832393 -0.405270100 -0.013084346 0.999882042 0.008041963 -0.905125201 -0.106722236 -0.009393177 0.994244099 58.772979736
0.991944492 0.011787902 0.126109049 -0.272656918 -0.012833956 0.999889612 0.007485323 -0.930445433 -0.126007110 -0.009043523 0.991987705 59.867382050
0.989132762 0.010444581 0.146641374 -0.130491257 -0.011514744 0.999912858 0.006450639 -0.942468047 -0.146561503 -0.008069091 0.989168346 60.971679688
0.985842288 0.007005753 0.167518318 0.047852516 -0.008203702 0.999945581 0.006460056 -0.950795472 -0.167464226 -0.007742883 0.985847414 62.051002502
0.981831968 0.002478864 0.189727262 0.247683525 -0.004074481 0.999959469 0.008020356 -0.973345399 -0.189700171 -0.008647699 0.981803477 63.101730347
0.977164090 -0.002788985 0.212459967 0.460705757 0.000743010 0.999952674 0.009709113 -0.973997951 -0.212477475 -0.009329554 0.977120996 64.100028992
0.971574724 -0.008380487 0.236578152 0.721382141 0.006381365 0.999937117 0.009214628 -0.992963850 -0.236640975 -0.007443018 0.971568227 65.120880127
0.965178251 -0.014596066 0.261179298 1.002552032 0.013026903 0.999885142 0.007738358 -1.027568817 -0.261262745 -0.004066545 0.965258718 66.133102417
0.957633853 -0.018693168 0.287375331 1.262027740 0.016955100 0.999819696 0.008535910 -1.027918577 -0.287483692 -0.003301803 0.957779527 67.073654175
0.948971272 -0.020756340 0.314673573 1.624914169 0.018304160 0.999774873 0.010746136 -1.034280062 -0.314826250 -0.004437943 0.949138522 68.066513062
0.939089358 -0.025732376 0.342703968 1.945928574 0.022481389 0.999656737 0.013456208 -1.038464069 -0.342933148 -0.004932121 0.939346492 68.987670898
0.928021252 -0.029264390 0.371371597 2.316699982 0.026109422 0.999567688 0.013521851 -1.059672832 -0.371607125 -0.002852277 0.928385317 69.914062500
0.916134238 -0.028679622 0.399839997 2.726680756 0.027047107 0.999586880 0.009726335 -1.051112652 -0.399954230 0.001903886 0.916532695 70.812683105
0.902934313 -0.029827576 0.428738564 3.116333008 0.030660601 0.999517441 0.004964982 -1.076814294 -0.428680331 0.008662335 0.903414488 71.659828186
0.888516426 -0.031741746 0.457741827 3.577238083 0.034317270 0.999407291 0.002690316 -1.092152953 -0.457556516 0.013318069 0.889080524 72.489028931
0.872630835 -0.032799434 0.487274438 4.056903839 0.034310788 0.999394119 0.005826117 -1.113302231 -0.487170935 0.011634725 0.873229086 73.372978210
0.855195403 -0.032183778 0.517302394 4.498458862 0.030905444 0.999460518 0.011088735 -1.104169130 -0.517380953 0.006504422 0.855730355 74.183334351
0.835495591 -0.032474272 0.548533618 5.041086197 0.029425459 0.999463737 0.014351031 -1.097247720 -0.548706293 0.004150617 0.836004734 74.984680176
0.814265430 -0.027067125 0.579858422 5.585845947 0.025749292 0.999613106 0.010502380 -1.124326706 -0.579918981 0.006379220 0.814649045 75.748672485
0.792400897 -0.019783575 0.609676838 6.136825562 0.021858554 0.999752700 0.004031548 -1.134686232 -0.609606445 0.010132066 0.792639196 76.495338440
0.769745767 -0.016777210 0.638127446 6.774307251 0.020414494 0.999789953 0.001660664 -1.126631260 -0.638022065 0.011748774 0.769928336 77.214416504
0.746377409 -0.020205049 0.665213585 7.345870972 0.022731967 0.999729574 0.004860034 -1.156032562 -0.665132642 0.011494197 0.746636510 77.897727966
0.721749008 -0.020734280 0.691841722 8.006114960 0.023592837 0.999707162 0.005348198 -1.149091363 -0.691750884 0.012462453 0.722028434 78.559165955
0.695852280 -0.019460261 0.717918873 8.674816132 0.024390170 0.999696195 0.003457776 -1.192030072 -0.717768967 0.015104068 0.696117222 79.199951172
0.670133471 -0.016838081 0.742047310 9.319656372 0.023719629 0.999717474 0.001264081 -1.198847771 -0.741859972 0.016753992 0.670345306 79.786163330
0.642924666 -0.014987735 0.765780568 10.035156250 0.022771755 0.999740124 0.000448333 -1.201325655 -0.765589476 0.017149933 0.643100619 80.405593872
0.614776611 -0.013860867 0.788577378 10.715988159 0.023246121 0.999729276 -0.000550424 -1.217990160 -0.788357377 0.018669758 0.614934027 80.939842224
0.586157322 -0.007453841 0.810160697 11.443218231 0.021665972 0.999743879 -0.006477401 -1.243548393 -0.809906244 0.021349719 0.586170435 81.477752686
0.556002378 0.001950945 0.831176341 12.244949341 0.020000892 0.999675989 -0.015725736 -1.251271605 -0.830938935 0.025367850 0.555784822 81.992645264
0.525139630 0.009808442 0.850957394 12.995372772 0.019256666 0.999540150 -0.023404660 -1.293736100 -0.850797176 0.028677367 0.524710894 82.472030640
0.493539959 0.014816996 0.869594812 13.799072266 0.016943069 0.999500811 -0.026646521 -1.321242690 -0.869557202 0.027884778 0.493044108 82.920532227
0.461065441 0.014418452 0.887246907 14.617961884 0.015187776 0.999592781 -0.024136618 -1.354356527 -0.887235284 0.024603907 0.460660338 83.348945618
0.427677423 0.013285781 0.903831899 15.440395355 0.011031288 0.999740243 -0.019915381 -1.382237792 -0.903863549 0.018487817 0.427421331 83.761764526
0.393547893 0.014257980 0.919191718 16.298341751 0.006627665 0.999809146 -0.018346075 -1.414901972 -0.919279695 0.013312173 0.393379807 84.132690430
0.358185470 0.016832612 0.933496833 17.166715622 -0.000269600 0.999838710 -0.017925425 -1.452635527 -0.933650017 0.006168960 0.358133674 84.489654541
0.322770715 0.018914532 0.946286142 18.055635452 -0.005221307 0.999820232 -0.018203620 -1.468816638 -0.946462274 0.000934739 0.322812855 84.801765442
0.286871403 0.018623371 0.957786024 18.947601318 -0.007940966 0.999822557 -0.017062278 -1.497931242 -0.957935691 -0.002711081 0.286969841 85.067329407
0.249350905 0.018203435 0.968240142 19.880399704 -0.008505085 0.999825418 -0.016606931 -1.526874065 -0.968375444 -0.004094028 0.249463484 85.321281433
0.213495195 0.017365105 0.976787925 20.813018799 -0.007941455 0.999839306 -0.016039150 -1.564631701 -0.976911604 -0.004332853 0.213600025 85.525131226
0.178886756 0.016382642 0.983731389 21.741298676 -0.005611001 0.999861419 -0.015630927 -1.574939251 -0.983853519 -0.002723570 0.178955033 85.684234619
0.142927900 0.014875170 0.989619553 22.704940796 0.001624278 0.999881446 -0.015264009 -1.617866516 -0.989731610 0.003789067 0.142887890 85.827682495
0.110104367 0.017867003 0.993757486 23.655292511 0.003977222 0.999821603 -0.018416690 -1.658922434 -0.993912101 0.005980159 0.110014625 85.920455933
0.076474287 0.023882367 0.996783614 24.648008347 0.005319665 0.999688327 -0.024360090 -1.652172565 -0.997057259 0.007165486 0.076324336 85.986877441
0.048329927 0.026350500 0.998482049 25.617010117 0.010432389 0.999583542 -0.026884535 -1.730665088 -0.998776972 0.011715904 0.048035715 86.049377441
0.023089111 0.025348412 0.999410212 26.584686279 0.013462460 0.999579430 -0.025663726 -1.751029491 -0.999642849 0.014047100 0.022738900 86.077392578
0.000263568 0.022691507 0.999740660 27.570434570 0.015460942 0.999622285 -0.022692893 -1.774804592 -0.999880373 0.015462946 -0.000086665 86.091789246
-0.019343639 0.020265412 0.999605656 28.527742386 0.016621564 0.999662459 -0.019944910 -1.814527154 -0.999674737 0.016229231 -0.019673279 86.064567566
-0.035258949 0.022557329 0.999121785 29.497535706 0.017645610 0.999602914 -0.021945478 -1.855632544 -0.999222338 0.016856372 -0.035642356 86.025642395
-0.050134011 0.027705871 0.998356223 30.504474640 0.020775810 0.999427438 -0.026692297 -1.878238916 -0.998526394 0.019403514 -0.050680310 85.979972839
-0.061602999 0.032227572 0.997578442 31.489957809 0.024508955 0.999225557 -0.030767294 -1.929627895 -0.997799814 0.022554290 -0.062344559 85.907234192
-0.070897587 0.036331899 0.996819794 32.473037720 0.030148843 0.998957515 -0.034265507 -1.963195086 -0.997027814 0.027623689 -0.071918473 85.838592529
-0.076735891 0.041128904 0.996200860 33.466892242 0.033262860 0.998697877 -0.038669799 -2.018344402 -0.996496499 0.030169198 -0.078003481 85.759857178
-0.080306359 0.046321265 0.995691538 34.464267731 0.036149334 0.998397648 -0.043531571 -2.059333801 -0.996114433 0.032497793 -0.081851639 85.679389954
-0.083432838 0.049858294 0.995263457 35.451915741 0.037223637 0.998206258 -0.046885252 -2.122888803 -0.995817840 0.033135634 -0.085138582 85.603569031
-0.085522130 0.053122774 0.994917274 36.470867157 0.038052909 0.998023152 -0.050017592 -2.179533482 -0.995609164 0.033581976 -0.087374032 85.524230957
-0.088095084 0.056346841 0.994515419 37.464836121 0.039256699 0.997819304 -0.053056646 -2.247788429 -0.995338440 0.034367420 -0.090114459 85.453292847
-0.089791290 0.060242090 0.994135439 38.487144470 0.041121855 0.997541666 -0.056734368 -2.312568665 -0.995111585 0.035786495 -0.092047319 85.368446350
-0.091429472 0.061101645 0.993933558 39.499549866 0.042199738 0.997456789 -0.057436377 -2.384705067 -0.994917154 0.036692426 -0.093774922 85.276611328
-0.093788810 0.060657814 0.993740797 40.499584198 0.043308001 0.997445703 -0.056796569 -2.442744493 -0.994649649 0.037710108 -0.096175730 85.173164368
-0.096129589 0.060276862 0.993540227 41.521255493 0.043545775 0.997463465 -0.056301620 -2.521090031 -0.994415760 0.037852291 -0.098510079 85.066238403
-0.098122619 0.061371475 0.993278325 42.560607910 0.042695206 0.997436941 -0.057410710 -2.596673965 -0.994257927 0.036774993 -0.100490876 84.956726074
-0.100396618 0.063247010 0.992933452 43.569557190 0.041524459 0.997373939 -0.059331290 -2.658044100 -0.994080424 0.035274424 -0.102758728 84.870773315
-0.102705158 0.065718748 0.992536664 44.612457275 0.039817203 0.997286737 -0.061913069 -2.734166622 -0.993914425 0.033161297 -0.105042674 84.751838684
-0.105306312 0.069480069 0.992007792 45.640598297 0.038100280 0.997105360 -0.065792568 -2.820710421 -0.993709564 0.030867469 -0.107648142 84.658843994
-0.107392952 0.073418230 0.991500318 46.683044434 0.034322627 0.996948838 -0.070104063 -2.891750336 -0.993623912 0.026502267 -0.109584607 84.550765991
-0.109978721 0.075854085 0.991033316 47.716148376 0.031569920 0.996846914 -0.072795592 -2.976850271 -0.993431926 0.023280941 -0.112026110 84.437080383
-0.113215007 0.074221484 0.990792632 48.764339447 0.029610971 0.997014701 -0.071304031 -3.071783543 -0.993128657 0.021265697 -0.115074269 84.334678650
-0.115943663 0.070659548 0.990737379 49.822555542 0.027679374 0.997308671 -0.067888953 -3.130527496 -0.992869377 0.019551743 -0.117586896 84.219429016
-0.117718048 0.068572842 0.990674853 50.887897491 0.027223211 0.997460663 -0.065807723 -3.228292465 -0.992673397 0.019222638 -0.119285353 84.085563660
-0.119516507 0.069164470 0.990418315 51.953372955 0.026976725 0.997428119 -0.066398643 -3.308466434 -0.992465138 0.018782554 -0.121074431 83.956771851
-0.120744675 0.071911000 0.990073740 53.000801086 0.027635437 0.997229457 -0.069060460 -3.391059875 -0.992298424 0.019022485 -0.122396924 83.824325562
-0.121549897 0.074226394 0.989804089 54.065128326 0.027683396 0.997065365 -0.071371332 -3.482409954 -0.992198765 0.018726014 -0.123247474 83.686904907
-0.121188156 0.075400718 0.989759743 55.151329041 0.027244460 0.996987641 -0.072615460 -3.584114313 -0.992255092 0.018165385 -0.122876801 83.545455933
-0.121662922 0.074363522 0.989779949 56.207489014 0.024128171 0.997116268 -0.071948886 -3.662828922 -0.992277801 0.015128116 -0.123105764 83.434440613
-0.121165350 0.073540479 0.989902496 57.304649353 0.020759523 0.997221410 -0.071543194 -3.744291782 -0.992414773 0.011881389 -0.122354768 83.302291870
-0.120965339 0.074306943 0.989869773 58.384361267 0.016412277 0.997207582 -0.072852127 -3.836721182 -0.992520452 0.007433466 -0.121846527 83.166351318
-0.121561900 0.074445359 0.989786267 59.460578918 0.012288061 0.997219741 -0.073495269 -3.925682545 -0.992507279 0.003228355 -0.122138172 83.055862427
-0.119797558 0.074564002 0.989992499 60.603717804 0.008193844 0.997215807 -0.074116528 -4.026426315 -0.992764056 -0.000767112 -0.120074362 82.863548279
-0.119363427 0.069436431 0.990417778 61.702754974 0.007558856 0.997586012 -0.069028027 -4.110943794 -0.992821395 -0.000752976 -0.119599514 82.720642090
-0.119872138 0.061425630 0.990885496 62.803668976 0.010955827 0.998105049 -0.060547817 -4.188507080 -0.992728472 0.003597993 -0.120317318 82.572357178
-0.121425800 0.055887919 0.991024017 63.901363373 0.018314492 0.998369575 -0.054058202 -4.246523380 -0.992431223 0.011586075 -0.122250773 82.497436523
-0.120779060 0.057759766 0.990995705 64.982124329 0.025270989 0.998161018 -0.055097461 -4.345039368 -0.992357314 0.018388867 -0.122015953 82.376243591
-0.119229689 0.062646367 0.990886569 66.116760254 0.030014023 0.997778416 -0.059470661 -4.437032223 -0.992412627 0.022649884 -0.120844446 82.199012756
-0.119240656 0.068459600 0.990500629 67.179489136 0.033925276 0.997318149 -0.064846762 -4.491871357 -0.992285311 0.025870703 -0.121242777 82.103042603
-0.118324503 0.071176946 0.990418851 68.293762207 0.033975128 0.997133553 -0.067600563 -4.627564907 -0.992393196 0.025650874 -0.120402932 81.944335938
-0.118340902 0.070453890 0.990468681 69.428817749 0.033101659 0.997205138 -0.066978112 -4.678062439 -0.992420793 0.024859978 -0.120341636 81.838287354
-0.117555030 0.066101320 0.990862072 70.562461853 0.033333734 0.997482359 -0.062588304 -4.734754562 -0.992506325 0.025671635 -0.119461849 81.704811096
-0.117067963 0.063707963 0.991076529 71.710456848 0.029675467 0.997718811 -0.060629640 -4.821935654 -0.992679954 0.022312928 -0.118690841 81.560791016
-0.117120251 0.064567246 0.991014600 72.871109009 0.028292878 0.997695982 -0.061658841 -4.907323837 -0.992714405 0.020817222 -0.118676580 81.432083130
-0.116962902 0.068922535 0.990739882 73.980476379 0.027728384 0.997426450 -0.066114217 -5.004142761 -0.992748797 0.019738771 -0.118572377 81.294517517
-0.116314493 0.071835563 0.990609407 75.144195557 0.028729191 0.997206688 -0.068940692 -5.103168011 -0.992796600 0.020440670 -0.118052751 81.165916443
-0.116664730 0.070154145 0.990688741 76.253005981 0.026709357 0.997362494 -0.067481443 -5.212698936 -0.992811859 0.018588006 -0.118230186 81.045860291
-0.115010880 0.065146357 0.991223931 77.444221497 0.030774841 0.997601688 -0.061994728 -5.253563881 -0.992887080 0.023374757 -0.116739310 80.890136719
-0.114929356 0.063171826 0.991361141 78.644424438 0.030289734 0.997734427 -0.060066424 -5.348899364 -0.992911398 0.023124740 -0.116581813 80.756507874
-0.115155160 0.065782189 0.991165102 79.778594971 0.027559545 0.997632086 -0.063009471 -5.430408001 -0.992964804 0.020060256 -0.116694801 80.622596741
-0.115429156 0.068305589 0.990962625 80.920288086 0.025724934 0.997503459 -0.065759979 -5.529396057 -0.992982328 0.017901892 -0.116897576 80.508651733
-0.115541287 0.067788407 0.990985096 82.104675293 0.025345398 0.997544646 -0.065282054 -5.610642433 -0.992978990 0.017574197 -0.116975151 80.370033264
-0.114787780 0.064837717 0.991270065 83.286239624 0.025122482 0.997737586 -0.062351651 -5.683851719 -0.993072033 0.017746018 -0.116156414 80.249084473
-0.113293998 0.063716687 0.991514504 84.494079590 0.026011661 0.997789383 -0.061147783 -5.783415794 -0.993220687 0.018863324 -0.114700355 80.115211487
-0.112726964 0.064061306 0.991556942 85.685913086 0.027583128 0.997736335 -0.061324753 -5.872866154 -0.993242741 0.020437354 -0.114238240 79.960243225
-0.111477293 0.064092398 0.991696179 86.872344971 0.029737417 0.997686028 -0.061136756 -5.958223343 -0.993321657 0.022675192 -0.113124698 79.825759888
-0.110314071 0.064277813 0.991814196 88.088928223 0.030113898 0.997664332 -0.061307568 -6.031995773 -0.993440211 0.023104385 -0.111991480 79.705345154
-0.109316736 0.064016528 0.991941571 89.261062622 0.029571857 0.997691512 -0.061128661 -6.136693478 -0.993566751 0.022651248 -0.110956855 79.565467834
-0.107567668 0.062951855 0.992200971 90.483833313 0.032109961 0.997692406 -0.059819140 -6.215814590 -0.993678868 0.025424996 -0.109340228 79.448669434
-0.107785568 0.061894059 0.992243707 91.694038391 0.029691437 0.997814953 -0.059016291 -6.301642418 -0.993730426 0.023100121 -0.109387189 79.299713135
-0.105554558 0.061388507 0.992515028 92.914283752 0.031225566 0.997804880 -0.058394857 -6.380973816 -0.993922770 0.024828086 -0.107239142 79.180885315
-0.103606217 0.062179286 0.992670894 94.134513855 0.029835148 0.997788668 -0.059385974 -6.464852333 -0.994170427 0.023463806 -0.105231635 79.057037354
-0.102545686 0.064063355 0.992661297 95.361343384 0.028610144 0.997700632 -0.061433088 -6.564866066 -0.994316578 0.022100560 -0.104142152 78.924339294
-0.101021156 0.063864261 0.992830336 96.578414917 0.027549569 0.997733951 -0.061376531 -6.631701469 -0.994502485 0.021151796 -0.102551058 78.820259094
-0.100526594 0.062687524 0.992955685 97.846168518 0.025264081 0.997851551 -0.060438942 -6.726478100 -0.994613290 0.019010462 -0.101893805 78.695617676
-0.100284293 0.062808514 0.992972493 99.082824707 0.020857261 0.997918427 -0.061014943 -6.827850342 -0.994739830 0.014591911 -0.101384990 78.595603943
-0.101162322 0.062377010 0.992910743 100.323989868 0.017629592 0.997987628 -0.060899846 -6.911240578 -0.994713426 0.011343905 -0.102057867 78.470016479
-0.102212563 0.060496524 0.992919564 101.596946716 0.017002149 0.998108923 -0.059062559 -6.992285728 -0.994616866 0.010844895 -0.103047296 78.343238831
-0.102785140 0.058616947 0.992973089 102.834953308 0.014067323 0.998247385 -0.057472229 -7.083491325 -0.994603753 0.008061239 -0.103429027 78.246459961
-0.104116425 0.057956841 0.992873371 104.093009949 0.012670687 0.998296499 -0.056944780 -7.168487072 -0.994483829 0.006651551 -0.104672894 78.121047974
-0.106677726 0.057899486 0.992604792 105.364036560 0.011758289 0.998306215 -0.056968447 -7.257873535 -0.994223595 0.005594117 -0.107177332 77.978981018
-0.108963758 0.056080319 0.992461085 106.602706909 0.010520990 0.998415887 -0.055261809 -7.360695839 -0.993989408 0.004420184 -0.109380692 77.852592468
-0.111293271 0.053062074 0.992368519 107.880081177 0.011676245 0.998573840 -0.052084513 -7.416661263 -0.993718266 0.005790529 -0.111753628 77.727142334
-0.115089133 0.052589707 0.991960585 109.117401123 0.011009356 0.998603106 -0.051664654 -7.498675346 -0.993293524 0.004974852 -0.115506925 77.607925415
-0.120988622 0.057110526 0.991008162 110.356620789 0.004905378 0.998365104 -0.056935731 -7.598769665 -0.992641151 -0.002027267 -0.121070549 77.476150513
-0.129369080 0.059524924 0.989806831 111.608764648 0.000974096 0.998203099 -0.059902657 -7.687154770 -0.991595268 -0.006785352 -0.129194200 77.288345337
-0.137734786 0.056855798 0.988834381 112.837409973 0.006236390 0.998380363 -0.056536116 -7.772354126 -0.990449011 -0.001620193 -0.137865856 77.150329590
-0.147714525 0.054751307 0.987511933 114.088813782 0.008675389 0.998498976 -0.054062907 -7.852274895 -0.988991439 0.000581217 -0.147967398 76.999488831
-0.161274925 0.054825373 0.985383868 115.297889709 0.008408578 0.998495102 -0.054178763 -7.961712360 -0.986873209 -0.000451958 -0.161492839 76.777023315
-0.175751582 0.054604921 0.982917428 116.497390747 0.008436669 0.998506665 -0.053962532 -8.043342590 -0.984397888 -0.001191411 -0.175949439 76.555557251
-0.189293250 0.054645721 0.980397224 117.730712891 0.012017159 0.998503864 -0.053334806 -8.098316193 -0.981846571 0.001685718 -0.189666405 76.348999023
-0.204655290 0.055529494 0.977256179 118.941459656 0.015382273 0.998448193 -0.053512450 -8.202319145 -0.978712738 0.004080866 -0.205191523 76.110122681
-0.219734833 0.059663720 0.973731875 120.131820679 0.015900221 0.998213887 -0.057575837 -8.279782295 -0.975429714 0.002831185 -0.220290765 75.855728149
-0.236613110 0.061706949 0.969640911 121.291595459 0.012683541 0.998091757 -0.060422588 -8.386649132 -0.971520841 -0.001998253 -0.236944064 75.519569397
-0.251875550 0.060206845 0.965883374 122.472297668 0.010729630 0.998174727 -0.059421804 -8.476470947 -0.967699707 -0.004603296 -0.252061605 75.270271301
-0.267635107 0.055241384 0.961933732 123.634773254 0.005582523 0.998426735 -0.055783987 -8.545564651 -0.963503718 -0.009559712 -0.267522216 74.957382202
-0.282278627 0.052829240 0.957875013 124.815017700 0.003205289 0.998528361 -0.054126903 -8.613734245 -0.959326744 -0.012208592 -0.282032490 74.658988953
-0.298067808 0.052239105 0.953112423 125.956779480 0.000399587 0.998507500 -0.054602318 -8.712291718 -0.954544306 -0.015894335 -0.297643840 74.304176331
-0.312096536 0.054457601 0.948486745 127.096389771 -0.000342583 0.998348713 -0.057433281 -8.795664787 -0.950049996 -0.018249661 -0.311562538 73.953193665
-0.326877385 0.056083295 0.943399847 128.227966309 0.001047525 0.998257875 -0.058981709 -8.888934135 -0.945065975 -0.018291548 -0.326366812 73.574516296
-0.340565205 0.056365322 0.938528299 129.382354736 0.002915827 0.998259246 -0.058894645 -8.975778580 -0.940216184 -0.017320877 -0.340136826 73.171707153
-0.354884863 0.054421429 0.933323085 130.499816895 0.002322051 0.998351872 -0.057330392 -9.061141968 -0.934906960 -0.018178467 -0.354426444 72.746063232
-0.369438022 0.053628240 0.927705109 131.621032715 0.002632531 0.998388886 -0.056666076 -9.145799637 -0.929251492 -0.018492386 -0.368984193 72.306808472
-0.383937716 0.054761842 0.921732187 132.734680176 0.000883764 0.998260379 -0.058940515 -9.228439331 -0.923358321 -0.021814901 -0.383318275 71.870452881
-0.398968846 0.056521602 0.915219307 133.809768677 0.001211387 0.998129308 -0.061113961 -9.322301865 -0.916963518 -0.023273891 -0.398291081 71.400115967
-0.413773507 0.058004856 0.908528626 134.894577026 0.002025162 0.998023689 -0.062796451 -9.401483536 -0.910377383 -0.024143595 -0.413073421 70.917953491
-0.428348869 0.061033580 0.901548207 135.982574463 0.005413059 0.997870922 -0.064982712 -9.491842270 -0.903596818 -0.022955149 -0.427767396 70.430000305
-0.442664564 0.064578854 0.894357324 137.057693481 0.005460175 0.997578025 -0.069329709 -9.590497971 -0.896670222 -0.025806468 -0.441945255 69.900657654
-0.458146483 0.065500803 0.886458397 138.136642456 0.004844279 0.997449875 -0.071198463 -9.702106476 -0.888863087 -0.028325090 -0.457295716 69.350708008
-0.473333150 0.064668633 0.878504813 139.206100464 0.004718667 0.997472942 -0.070883811 -9.788759232 -0.880870521 -0.029406317 -0.472442359 68.787330627
-0.488745093 0.060297515 0.870338380 140.278274536 0.001422943 0.997661948 -0.068319567 -9.863185883 -0.872424901 -0.032152437 -0.487688571 68.190452576
-0.505267739 0.060050901 0.860868692 141.342132568 0.001129075 0.997620583 -0.068927556 -9.973516464 -0.862961292 -0.033854917 -0.504133642 67.599548340
-0.521462917 0.059011731 0.851228952 142.398529053 -0.000492081 0.997584045 -0.069459394 -10.069873810 -0.853273213 -0.036639411 -0.520174801 66.980117798
-0.537553072 0.058595277 0.841189742 143.448516846 -0.000406918 0.997563958 -0.069748081 -10.161022186 -0.843229175 -0.037835635 -0.536220551 66.342025757
-0.553200901 0.057398882 0.831066310 144.476455688 -0.002711944 0.997493267 -0.070698738 -10.261385918 -0.833043098 -0.041364443 -0.551659107 65.668670654
-0.568620145 0.057283938 0.820601285 145.501296997 -0.002440323 0.997449756 -0.071320318 -10.368618011 -0.822596133 -0.042556752 -0.567030966 64.977210999
-0.583828807 0.053833731 0.810087979 146.515441895 -0.004175809 0.997586191 -0.069303408 -10.468141556 -0.811865389 -0.043844141 -0.582195699 64.269195557
-0.599423349 0.050988134 0.798804462 147.519134521 -0.003629625 0.997784793 -0.066412985 -10.554097176 -0.800423145 -0.042708885 -0.597911537 63.531097412
-0.614394903 0.049316525 0.787453592 148.518707275 -0.002889685 0.997896552 -0.064750858 -10.654267311 -0.788992345 -0.042058159 -0.612961292 62.784244537
-0.629283309 0.048111882 0.775682986 149.502014160 -0.003236548 0.997910440 -0.064521372 -10.740406036 -0.777168214 -0.043112841 -0.627813816 62.012935638
-0.644033313 0.048113972 0.763480663 150.469161987 -0.005612428 0.997695386 -0.067608498 -10.850278854 -0.764975786 -0.047827173 -0.642280161 61.207225800
-0.659366369 0.048002485 0.750285447 151.418014526 -0.007280947 0.997504294 -0.070218071 -10.954524994 -0.751785338 -0.051762298 -0.657372594 60.391441345
-0.675198257 0.044085369 0.736315489 152.375015259 -0.010242582 0.997555196 -0.069119111 -11.055883408 -0.737564087 -0.054210961 -0.673097134 59.549907684
-0.691291749 0.038436882 0.721550465 153.300903320 -0.012571928 0.997792602 -0.065197095 -11.131334305 -0.722465456 -0.054141589 -0.689283729 58.672183990
-0.707713544 0.034698848 0.705644667 154.209579468 -0.015063962 0.997824371 -0.064174533 -11.233922958 -0.706337810 -0.056047093 -0.705652356 57.776092529
-0.726149559 0.032922171 0.686745703 155.131896973 -0.015722221 0.997795999 -0.064458162 -11.336559296 -0.687355757 -0.057603545 -0.724032760 56.881549835
-0.743252695 0.027732657 0.668433428 156.006866455 -0.020646801 0.997713208 -0.064352103 -11.434459686 -0.668691099 -0.061630987 -0.740981579 55.918025970
-0.759634614 0.027800908 0.649753332 156.834854126 -0.018776894 0.997731268 -0.064642213 -11.504962921 -0.650077641 -0.061304916 -0.757390499 54.970832825
-0.775984466 0.027417840 0.630153596 157.663101196 -0.018852640 0.997599602 -0.066621006 -11.641917229 -0.630468786 -0.063577034 -0.773606062 53.983974457
-0.790968418 0.029262973 0.611154437 158.458099365 -0.014020025 0.997725964 -0.065917738 -11.705632210 -0.611694694 -0.060707357 -0.788760841 52.988616943
-0.805491924 0.029611360 0.591864169 159.222152710 -0.010906171 0.997840345 -0.064765424 -11.821815491 -0.592504859 -0.058623087 -0.803430557 51.941509247
-0.820165157 0.031110194 0.571278095 159.979309082 -0.009136755 0.997680306 -0.067448348 -11.919050217 -0.572052419 -0.060538493 -0.817979574 50.889213562
-0.833602726 0.031509850 0.551462770 160.676742554 -0.009475750 0.997408330 -0.071314491 -12.044007301 -0.552281737 -0.064673565 -0.831144810 49.828418732
-0.846635878 0.032147087 0.531198323 161.371002197 -0.006727200 0.997446835 -0.071085714 -12.146558762 -0.532128394 -0.063757248 -0.844259501 48.761608124
-0.858566701 0.032751899 0.511652410 162.048645020 -0.003354142 0.997576594 -0.069485456 -12.231958389 -0.512689292 -0.061374079 -0.856377542 47.656597137
-0.869102836 0.032971870 0.493528843 162.688690186 -0.002357654 0.997487724 -0.070792615 -12.332838058 -0.494623870 -0.062689692 -0.866843164 46.566192627
-0.878659248 0.035982195 0.476089269 163.306198120 0.000918649 0.997281194 -0.073678032 -12.465869904 -0.477446616 -0.064300574 -0.876304626 45.438255310
-0.887716115 0.033512700 0.459167331 163.902038574 -0.001291715 0.997161269 -0.075276196 -12.569189072 -0.460387349 -0.067417063 -0.885154128 44.322257996
-0.895902455 0.031705339 0.443115115 164.487411499 -0.001954114 0.997158527 -0.075298838 -12.667436600 -0.444244176 -0.068326406 -0.893296123 43.183967590
-0.903258383 0.028950516 0.428116351 165.043243408 -0.003604830 0.997173607 -0.075037740 -12.787020683 -0.429079473 -0.069321871 -0.900602281 42.033821106
-0.909801364 0.028038984 0.414092660 165.573150635 -0.003300066 0.997194409 -0.074772701 -12.895891190 -0.415028274 -0.069394946 -0.907157600 40.896369934
-0.916054487 0.024853883 0.400279850 166.106964111 -0.005218916 0.997254074 -0.073864669 -13.009778976 -0.401017427 -0.069753200 -0.913410604 39.720413208
-0.921755075 0.020614453 0.387220681 166.620574951 -0.007303233 0.997485280 -0.070488244 -13.104990005 -0.387700886 -0.067800976 -0.919287980 38.531711578
-0.926677704 0.016493030 0.375491500 167.102127075 -0.009231972 0.997736037 -0.066608265 -13.210380554 -0.375740767 -0.065191045 -0.924428701 37.352622986
-0.931128383 0.017356839 0.364275128 167.594619751 -0.006604597 0.997899890 -0.064429894 -13.298655510 -0.364629179 -0.062398493 -0.929059505 36.148540497
-0.934402049 0.020949401 0.355600178 168.049377441 -0.002273738 0.997897387 -0.064763874 -13.419939995 -0.356209993 -0.061324112 -0.932391107 34.941219330
-0.936598837 0.026802385 0.349373102 168.506713867 0.003384635 0.997715175 -0.067467153 -13.521100998 -0.350383848 -0.062007234 -0.934551179 33.739719391
-0.938425660 0.029141361 0.344246000 168.939056396 0.005797982 0.997623622 -0.068646371 -13.630685806 -0.345429033 -0.062423676 -0.936366141 32.549343109
-0.940354645 0.027046124 0.339115322 169.383941650 0.004094326 0.997661591 -0.068215333 -13.735620499 -0.340168059 -0.062758222 -0.938267887 31.336381912
-0.942133665 0.020081569 0.334631473 169.838027954 -0.001651922 0.997913241 -0.064536981 -13.824035645 -0.335229754 -0.061355323 -0.940136075 30.115163803
-0.944058418 0.014211469 0.329467684 170.276214600 -0.006763462 0.998025894 -0.062429894 -13.928833008 -0.329704970 -0.061165888 -0.942100108 28.894111633
-0.945589960 0.007843051 0.325261950 170.735748291 -0.013774158 0.997847378 -0.064105205 -14.014341354 -0.325065136 -0.065097533 -0.943448067 27.684709549
-0.946685970 0.005035886 0.322114289 171.150833130 -0.017447049 0.997608364 -0.066873200 -14.121988297 -0.321681172 -0.068927981 -0.944335461 26.472370148
-0.947616994 0.004846132 0.319368124 171.551895142 -0.018107589 0.997461081 -0.068864055 -14.221183777 -0.318891495 -0.071039833 -0.945124745 25.261936188
-0.947710931 0.005940652 0.319070965 171.989257812 -0.017577117 0.997336626 -0.070777200 -14.326085091 -0.318642139 -0.072684772 -0.945083797 24.046894073
-0.947637498 0.008376209 0.319233716 172.404846191 -0.015578598 0.997252584 -0.072411351 -14.441790581 -0.318963647 -0.073593080 -0.944905043 22.840915680
-0.947483718 0.009220977 0.319666535 172.810516357 -0.015265910 0.997139871 -0.074011177 -14.537364006 -0.319435209 -0.075004533 -0.944634795 21.625621796
-0.946765184 0.010234379 0.321758002 173.248855591 -0.014874385 0.997035563 -0.075481214 -14.654723167 -0.321577191 -0.076249078 -0.943807960 20.410305023
-0.946213961 0.012270678 0.323304921 173.666366577 -0.012867839 0.997062087 -0.075502850 -14.769400597 -0.323282093 -0.075602233 -0.943277657 19.194328308
-0.945297897 0.011914438 0.325986922 174.080795288 -0.013376036 0.997076035 -0.075230107 -14.887558937 -0.325930476 -0.075475417 -0.942376018 18.005374908
-0.944214761 0.009904398 0.329177469 174.509338379 -0.015787207 0.997036636 -0.075283520 -14.996585846 -0.328948230 -0.076280788 -0.941262066 16.793979645
-0.942518532 0.009105192 0.334025651 174.958251953 -0.016226813 0.997201443 -0.072970025 -15.108423233 -0.333755910 -0.074195944 -0.939734995 15.576103210
-0.940446258 0.007332389 0.339859426 175.381393433 -0.017446013 0.997408271 -0.069795042 -15.214179039 -0.339490950 -0.071567856 -0.937882602 14.389301300
-0.938026249 0.005380440 0.346519262 175.811553955 -0.019081416 0.997560501 -0.067142732 -15.308802605 -0.346035749 -0.069593899 -0.935636580 13.209621429
-0.935028434 0.007372208 0.354493022 176.286453247 -0.017175237 0.997668087 -0.066050448 -15.424640656 -0.354153931 -0.067847714 -0.932722688 12.008556366
-0.931700706 0.008302399 0.363128901 176.743316650 -0.017157180 0.997616291 -0.066830389 -15.519046783 -0.362818837 -0.068496339 -0.929338872 10.846778870
-0.928041756 0.009939568 0.372340232 177.219726562 -0.016581299 0.997549832 -0.067957804 -15.629885674 -0.372104049 -0.069241725 -0.925604701 9.663661957
-0.923591256 0.012054901 0.383186251 177.715667725 -0.015292201 0.997551203 -0.068241432 -15.731422424 -0.383071363 -0.068887115 -0.921146631 8.463043213
-0.918790162 0.014148966 0.394490004 178.204315186 -0.014210355 0.997523665 -0.068874553 -15.830446243 -0.394488424 -0.068887264 -0.916315198 7.326847076
-0.912935615 0.015362402 0.407811791 178.728286743 -0.014546960 0.997430682 -0.070138790 -15.936652184 -0.407842398 -0.069964781 -0.910367906 6.128303528
-0.906830490 0.018302493 0.421095520 179.268432617 -0.012368887 0.997470677 -0.069990642 -16.046138763 -0.421312213 -0.068678267 -0.904311597 4.999542236
-0.900538564 0.017245488 0.434431255 179.825042725 -0.013309553 0.997650981 -0.067193173 -16.135976791 -0.434570342 -0.066292278 -0.898194969 3.830551147
-0.893639028 0.020419281 0.448319077 180.424636841 -0.010745857 0.997704208 -0.066861711 -16.252252579 -0.448655933 -0.064567946 -0.891369343 2.667602539
-0.886962533 0.021764494 0.461325794 180.991424561 -0.010095922 0.997736335 -0.066482313 -16.347545624 -0.461729348 -0.063624963 -0.884736240 1.562110901
-0.879375815 0.024493540 0.475495130 181.573196411 -0.006876830 0.997918189 -0.064122491 -16.446403503 -0.476076633 -0.059657820 -0.877378106 0.475708008
-0.871323347 0.026683429 0.489980668 182.188385010 -0.003765476 0.998127162 -0.061052367 -16.542198181 -0.490693003 -0.055041496 -0.869592488 -0.664955139
-0.863587439 0.029220121 0.503349125 182.807922363 -0.000646380 0.998253942 -0.059059165 -16.647914886 -0.504196763 -0.051328242 -0.862062097 -1.717430115
-0.854215980 0.032543715 0.518896163 183.445266724 0.002819772 0.998314083 -0.057969637 -16.740371704 -0.519908726 -0.048055567 -0.852869034 -2.778083801
-0.843359649 0.035923265 0.536144972 184.110046387 0.006582803 0.998378277 -0.056539606 -16.827735901 -0.537307441 -0.044154003 -0.842229843 -3.859298706
-0.832826257 0.037652537 0.552249551 184.752197266 0.008461606 0.998432934 -0.055312995 -16.925472260 -0.553467631 -0.041393317 -0.831841588 -4.872520447
-0.820964515 0.038635176 0.569667995 185.469512939 0.009341240 0.998483121 -0.054255877 -17.020736694 -0.570900917 -0.039220847 -0.820081711 -5.925025940
-0.809638083 0.042747982 0.585367978 186.190216064 0.013245405 0.998420596 -0.054592285 -17.089584351 -0.586778224 -0.036446661 -0.808927417 -6.886955261
-0.797134519 0.042965751 0.602268457 186.918945312 0.012831955 0.998444915 -0.054245301 -17.183212280 -0.603663683 -0.035512622 -0.796447992 -7.889045715
-0.782851994 0.044272408 0.620628536 187.694091797 0.015142594 0.998525202 -0.052129101 -17.270252228 -0.622022271 -0.031411529 -0.782369673 -8.883323669
-0.767764091 0.046011485 0.639076114 188.479141235 0.018208494 0.998581707 -0.050019901 -17.356771469 -0.640472353 -0.026766937 -0.767514884 -9.803466797
