1.000000000 -0.000000000 0.000000000 0.000000000 -0.000000000 1.000000000 0.000000000 -0.000000000 0.000000000 0.000000000 1.000000000 0.000000000
0.999995887 0.001349067 0.002532134 -0.016985826 -0.001335504 0.999984801 -0.005349821 0.003864765 -0.002539314 0.005346416 0.999982476 0.952605724
0.999997079 -0.000570407 0.002373921 -0.005827785 0.000582943 0.999985874 -0.005283337 -0.002943637 -0.002370875 0.005284704 0.999983251 1.907085180
0.999994576 -0.001996118 0.002641316 0.002628324 0.002002870 0.999994755 -0.002556221 -0.007775699 -0.002636200 0.002561496 0.999993384 2.884242058
0.999980152 -0.006160155 0.001333754 0.002326040 0.006154455 0.999972224 0.004236561 -0.000657085 -0.001359815 -0.004228272 0.999990225 3.816364527
0.999966919 -0.008132381 -0.000147634 0.007675228 0.008132963 0.999957025 0.004481660 -0.003788499 0.000111181 -0.004482715 0.999989986 4.748406410
0.999942064 -0.010760835 -0.000554419 0.007663039 0.010761602 0.999941349 0.001397934 -0.012050317 0.000539343 -0.001403824 0.999998927 5.686436653
0.999930799 -0.011665399 -0.001544488 -0.005163806 0.011663212 0.999931216 -0.001418057 -0.007606288 0.001560922 0.001399940 0.999997914 6.615095615
0.999927580 -0.011730480 -0.002693798 -0.012787820 0.011725552 0.999929607 -0.001838105 -0.007482606 0.002715169 0.001806382 0.999994755 7.538597107
0.999925613 -0.011740913 -0.003342303 -0.020945346 0.011739681 0.999931276 -0.000388524 -0.010285756 0.003346632 0.000349253 0.999994338 8.477869987
0.999925196 -0.011583510 -0.003904711 -0.018958842 0.011590961 0.999931216 0.001891191 -0.004900690 0.003882534 -0.001936313 0.999990642 9.380793571
0.999917507 -0.011812919 -0.005065154 -0.033209421 0.011832976 0.999922276 0.003948104 -0.007690810 0.005018121 -0.004007717 0.999979556 10.296031952
0.999899507 -0.013005329 -0.005638756 -0.040615991 0.013030334 0.999905407 0.004420501 -0.005957309 0.005580733 -0.004493536 0.999974430 11.229863167
0.999889612 -0.013273126 -0.006680964 -0.055379517 0.013303325 0.999901474 0.004496382 -0.004091196 0.006620625 -0.004584767 0.999967635 12.129606247
0.999875724 -0.013898660 -0.007447251 -0.063782953 0.013924080 0.999897301 0.003372318 -0.003976844 0.007399612 -0.003475599 0.999966681 13.032885551
0.999878109 -0.013176090 -0.008379295 -0.058620561 0.013190176 0.999911666 0.001627938 -0.007165570 0.008357102 -0.001738267 0.999963641 13.947406769
0.999826491 -0.015572118 -0.010238691 -0.078386590 0.015573283 0.999878705 0.000033815 -0.013699336 0.010236919 -0.000193262 0.999947786 14.828256607
0.999813795 -0.014961946 -0.012197354 -0.093786292 0.014959271 0.999887884 -0.000310303 -0.009440792 0.012200626 0.000127780 0.999925733 15.739245415
0.999812245 -0.013568746 -0.013830872 -0.108724780 0.013558968 0.999907553 -0.000800246 -0.018168189 0.013840446 0.000612562 0.999904215 16.647352219
0.999797404 -0.012776630 -0.015557677 -0.131795704 0.012761702 0.999917865 -0.001058216 -0.017164055 0.015569917 0.000859457 0.999878526 17.534042358
0.999770939 -0.013078867 -0.016946446 -0.147843212 0.013070631 0.999914229 -0.000596592 -0.016187882 0.016952794 0.000374952 0.999856412 18.421424866
0.999748766 -0.013050107 -0.018229727 -0.169982269 0.013059295 0.999914467 0.000385139 -0.019918520 0.018223139 -0.000623111 0.999833941 19.318225861
0.999730229 -0.012730273 -0.019432891 -0.195481017 0.012747847 0.999918103 0.000780524 -0.013543854 0.019421361 -0.001028043 0.999810994 20.176759720
0.999698520 -0.012611602 -0.021072350 -0.210329965 0.012633805 0.999919534 0.000920676 -0.020785481 0.021059034 -0.001186625 0.999777734 21.057172775
0.999666810 -0.012086803 -0.022814343 -0.236919075 0.012105549 0.999926150 0.000683423 -0.025294688 0.022804391 -0.000959377 0.999739766 21.941072464
0.999646008 -0.011973245 -0.023765057 -0.260187685 0.011996567 0.999927342 0.000838882 -0.020482972 0.023753274 -0.001123686 0.999717355 22.793962479
0.999618769 -0.012084337 -0.024830397 -0.283323616 0.012143299 0.999923587 0.002224990 -0.010341901 0.024801606 -0.002525668 0.999689341 23.658540726
0.999585629 -0.013312611 -0.025517635 -0.306745082 0.013448282 0.999895930 0.005152486 -0.019707024 0.025446380 -0.005493520 0.999661267 24.495948792
0.999563336 -0.013544745 -0.026255751 -0.331210911 0.013712819 0.999886096 0.006231785 -0.014484718 0.026168354 -0.006589106 0.999636054 25.332736969
0.999561667 -0.012962852 -0.026611146 -0.354776472 0.013121027 0.999896884 0.005777807 -0.015537187 0.026533503 -0.006124441 0.999629378 26.169660568
0.999552369 -0.011214805 -0.027736187 -0.384627968 0.011313473 0.999929845 0.003402872 -0.023202926 0.027696073 -0.003715138 0.999609649 26.966259003
0.999535918 -0.010627857 -0.028549669 -0.411365479 0.010691065 0.999940276 0.002062181 -0.024986014 0.028526044 -0.002366446 0.999590397 27.781173706
0.999517977 -0.009673869 -0.029498450 -0.443272322 0.009728868 0.999950767 0.001721382 -0.024983268 0.029480346 -0.002007536 0.999563396 28.587484360
0.999476135 -0.010280563 -0.030690309 -0.471234620 0.010317324 0.999945939 0.001039539 -0.026469637 0.030677956 -0.001355632 0.999528587 29.360218048
0.999419808 -0.009593274 -0.032685671 -0.504174590 0.009604378 0.999953389 0.000182697 -0.029939899 0.032682408 -0.000496511 0.999465823 30.125835419
0.999358058 -0.009357474 -0.034585282 -0.535855711 0.009361371 0.999955714 -0.000049283 -0.036385879 0.034584209 -0.000274508 0.999401867 30.905467987
0.999281585 -0.009281990 -0.036745790 -0.572027385 0.009323247 0.999955595 0.000951541 -0.032247569 0.036735334 -0.001293441 0.999324322 31.652214050
0.999211490 -0.009364083 -0.038588636 -0.596717596 0.009476191 0.999950826 0.002723314 -0.031710364 0.038561247 -0.003086835 0.999251664 32.402870178
0.999143541 -0.008697840 -0.040452406 -0.637144029 0.008892559 0.999949276 0.004636086 -0.030026406 0.040410034 -0.004991837 0.999170899 33.150882721
0.999063969 -0.008111265 -0.042488426 -0.678554118 0.008328717 0.999952614 0.004943414 -0.031167313 0.042446323 -0.005292656 0.999084830 33.870662689
0.999005854 -0.005803093 -0.044196285 -0.708524823 0.005995209 0.999972820 0.004215585 -0.028084368 0.044170614 -0.004476356 0.999014199 34.596076965
0.998925388 -0.003076428 -0.046245519 -0.760693431 0.003247221 0.999987781 0.003618440 -0.036839351 0.046233833 -0.003764716 0.998923779 35.295726776
0.998861730 -0.002458985 -0.047637600 -0.790164530 0.002681741 0.999985218 0.004612612 -0.032845706 0.047625590 -0.004735110 0.998854041 35.985725403
0.998809457 -0.001959432 -0.048743654 -0.827950954 0.002260322 0.999978065 0.006118468 -0.028895915 0.048730630 -0.006221357 0.998792529 36.686710358
0.998810828 0.000105446 -0.048755009 -0.861234128 0.000225963 0.999976397 0.006791771 -0.020353675 0.048754610 -0.006794711 0.998787642 37.343986511
0.998850942 0.004696984 -0.047697663 -0.908411086 -0.004452264 0.999975860 0.005235422 -0.032325685 0.047721144 -0.005017039 0.998847842 38.016368866
0.998923659 0.006046242 -0.045990694 -0.943585217 -0.005949448 0.999979258 0.002241031 -0.031347878 0.046003323 -0.001964994 0.998939157 38.670845032
0.999018252 0.006496480 -0.043821521 -0.978495181 -0.006485761 0.999978304 0.000386548 -0.031570591 0.043823123 -0.000101947 0.999038994 39.309997559
0.999145865 0.007184757 -0.040697403 -1.003338337 -0.007152018 0.999973476 0.000949722 -0.030790750 0.040703181 -0.000657836 0.999170899 39.943447113
0.999226391 0.012291713 -0.037361424 -1.045193791 -0.012162053 0.999918580 0.003695353 -0.027716294 0.037403852 -0.003238095 0.999294639 40.592758179
0.999286354 0.016814955 -0.033827890 -1.068093181 -0.016587108 0.999837458 0.007004346 -0.023570627 0.033940207 -0.006438235 0.999402821 41.204879761
0.999344230 0.021377670 -0.029230345 -1.086096644 -0.021149712 0.999743223 0.008084975 -0.029581696 0.029395718 -0.007461454 0.999539733 41.810714722
0.999379754 0.026064459 -0.023687873 -1.111860871 -0.025870284 0.999628901 0.008466253 -0.031093895 0.023899799 -0.007848184 0.999683261 42.401493073
0.999408484 0.029290762 -0.018023280 -1.129969597 -0.029109856 0.999523520 0.010217534 -0.026787728 0.018314019 -0.009686831 0.999785066 42.959514618
0.999340951 0.034542222 -0.011171909 -1.128554702 -0.034416907 0.999344110 0.011217993 -0.019045651 0.011552123 -0.010826090 0.999874294 43.507457733
0.999275863 0.037808970 -0.004325426 -1.158798933 -0.037758090 0.999222636 0.011293358 -0.016561329 0.004749095 -0.011121853 0.999926627 44.053176880
0.999141634 0.041321579 0.002958381 -1.148930788 -0.041352130 0.999081850 0.011145378 -0.018549234 -0.002495078 -0.011258139 0.999933302 44.553161621
0.998907804 0.045569945 0.010328606 -1.158023715 -0.045679193 0.998899460 0.010601209 -0.019416213 -0.009834103 -0.011061430 0.999890208 45.048110962
0.998569489 0.050275978 0.018213926 -1.151130915 -0.050431784 0.998693347 0.008199241 -0.013021708 -0.017777860 -0.009106064 0.999800086 45.520626068
0.998310924 0.051997755 0.025920987 -1.144858241 -0.052155025 0.998623908 0.005428698 -0.026661947 -0.025602996 -0.006771436 0.999648929 45.955265045
0.998016894 0.052839223 0.034216836 -1.123707771 -0.053036306 0.998580277 0.004878179 -0.011407197 -0.033910457 -0.006683234 0.999402285 46.379894257
0.997773290 0.052036561 0.041721366 -1.109385014 -0.052336525 0.998610139 0.006130152 -0.017652631 -0.041344360 -0.008300046 0.999110222 46.779430389
0.997343361 0.053150717 0.049811285 -1.083345175 -0.053546146 0.998542845 0.006638038 -0.011625916 -0.049385853 -0.009287602 0.998736322 47.149497986
0.996709406 0.055966329 0.058635674 -1.076344728 -0.056452576 0.998382270 0.006668537 -0.010532409 -0.058167588 -0.009956723 0.998256922 47.514938354
0.995893955 0.060747977 0.067122325 -1.054181814 -0.061300915 0.998099566 0.006207803 -0.008915842 -0.066617616 -0.010296968 0.997725129 47.832687378
0.994935930 0.065031737 0.076641828 -1.032641649 -0.065717913 0.997816801 0.006463376 -0.012134641 -0.076054163 -0.011467380 0.997037590 48.134868622
0.994240046 0.064475983 0.085616216 -1.023195744 -0.065289468 0.997843206 0.006733586 -0.015367329 -0.084997371 -0.012284631 0.996305346 48.430126190
0.993324935 0.063864194 0.096061289 -0.977765560 -0.064678490 0.997891128 0.005384567 -0.023658425 -0.095514841 -0.011561716 0.995360732 48.685886383
0.992201984 0.062295485 0.107958615 -0.925800323 -0.062762707 0.998027623 0.000932796 -0.021953441 -0.107687540 -0.007701291 0.994154751 48.947776794
0.990605414 0.063101210 0.121325202 -0.885133266 -0.063205391 0.997995675 -0.002992747 -0.028493583 -0.121270880 -0.004703771 0.992608190 49.213439941
0.988507152 0.064895049 0.136538744 -0.842763424 -0.064782947 0.997884989 -0.005268704 -0.024932206 -0.136591882 -0.003637224 0.990620613 49.471374512
0.986019492 0.066225342 0.152906030 -0.801111221 -0.065957412 0.997798562 -0.006829196 -0.025586426 -0.153021693 -0.003351562 0.988217115 49.734031677
0.983256161 0.066798583 0.169547021 -0.746478081 -0.066364497 0.997761071 -0.008231951 -0.024041682 -0.169717297 -0.003157784 0.985487700 49.973289490
0.980025589 0.066361718 0.187474281 -0.689529419 -0.065779381 0.997789979 -0.009332364 -0.028652370 -0.187679261 -0.003185975 0.982225120 50.223731995
0.976186335 0.065263584 0.206884921 -0.617897987 -0.064611256 0.997860789 -0.009915263 -0.036157101 -0.207089454 -0.003687942 0.978314996 50.478191376
0.971668065 0.065733008 0.227026835 -0.553681374 -0.064877056 0.997829497 -0.011238175 -0.038106740 -0.227272809 -0.003809052 0.973823607 50.703521729
0.966389477 0.067627013 0.248029202 -0.475698471 -0.066347748 0.997704446 -0.013522590 -0.042789519 -0.248374343 -0.003388079 0.968658090 50.946601868
0.960153639 0.068895519 0.270848930 -0.382068634 -0.067096613 0.997619390 -0.015907127 -0.040874124 -0.271300048 -0.002899752 0.962490380 51.202327728
0.952858984 0.070311658 0.295155734 -0.299295425 -0.068359189 0.997516632 -0.016941473 -0.049175739 -0.295613915 -0.004033767 0.955298901 51.427585602
0.944285214 0.073545173 0.320807159 -0.206949234 -0.071637064 0.997272134 -0.017763721 -0.055169761 -0.321238548 -0.006207658 0.946977973 51.667308807
0.934376478 0.075395815 0.348219603 -0.083993912 -0.073415726 0.997121990 -0.018898711 -0.068077028 -0.348642349 -0.007906275 0.937222660 51.921806335
0.923217535 0.076265931 0.376634955 0.025779724 -0.073968887 0.997047663 -0.020580752 -0.066385686 -0.377092689 -0.008858758 0.926133156 52.138214111
0.910497308 0.074867666 0.406681776 0.145889282 -0.071811981 0.997157276 -0.022794727 -0.078421235 -0.407232225 -0.008450087 0.913285613 52.377517700
0.895776093 0.072333068 0.438581586 0.313062668 -0.068128511 0.997354209 -0.025340345 -0.091629505 -0.439254224 -0.007180630 0.898334086 52.618713379
0.878495991 0.071384236 0.472387433 0.451980591 -0.065124430 0.997437179 -0.029614985 -0.102767348 -0.473290861 -0.004747322 0.880893409 52.835247040
0.858973920 0.073532611 0.506712437 0.646249771 -0.064695045 0.997288823 -0.035053216 -0.111731291 -0.507916212 -0.002671974 0.861402273 53.075057983
0.837067842 0.075616479 0.541849017 0.797039032 -0.064428985 0.997135162 -0.039620630 -0.119394541 -0.543292582 -0.001745611 0.839541674 53.280246735
0.812491119 0.078445166 0.577672362 0.984964371 -0.065257266 0.996915400 -0.043592621 -0.131523252 -0.579310119 -0.002278694 0.815104067 53.512729645
0.785170972 0.083076306 0.613681972 1.243240356 -0.068848595 0.996527731 -0.046815656 -0.146954179 -0.615440369 -0.005492815 0.788164496 53.769466400
0.755313933 0.087180667 0.649539351 1.435712814 -0.071888305 0.996152937 -0.050107919 -0.145471573 -0.651408732 -0.008847037 0.758675575 53.966667175
0.722325444 0.088529065 0.685864151 1.687852859 -0.071556158 0.996016324 -0.053202365 -0.161791682 -0.687841773 -0.010648349 0.725782871 54.189586639
0.686325312 0.086439177 0.722140312 2.016586304 -0.068430066 0.996182024 -0.054205358 -0.188236952 -0.724068522 -0.012213558 0.689620137 54.447631836
0.647405446 0.085187726 0.757370472 2.262327194 -0.065402314 0.996277571 -0.056153227 -0.205142021 -0.759334683 -0.013179848 0.650567174 54.639102936
0.605207562 0.084946193 0.791523099 2.651411057 -0.063503169 0.996273279 -0.058364734 -0.223119020 -0.793531001 -0.014941412 0.608346641 54.877765656
0.559630930 0.084691890 0.824403703 2.956485748 -0.060017236 0.996293902 -0.061608825 -0.250008345 -0.826565921 -0.015000192 0.562640190 55.047100067
0.511482060 0.083977319 0.855181098 3.363677979 -0.057405323 0.996328831 -0.063503832 -0.284184575 -0.857374370 -0.016610870 0.514425159 55.242694855
0.462964475 0.082280956 0.882550001 3.814060211 -0.055691272 0.996414542 -0.063682392 -0.315774679 -0.884625614 -0.019667642 0.465887129 55.425827026
0.413175911 0.080110088 0.907121301 4.184782028 -0.055525839 0.996485531 -0.062711164 -0.341496587 -0.908956885 -0.024457933 0.416172177 55.578079224
0.362990260 0.079880625 0.928363144 4.642242432 -0.057808939 0.996329546 -0.063125484 -0.350156784 -0.929997921 -0.030753741 0.366275907 55.734031677
0.314170957 0.080642946 0.945935667 5.116497040 -0.056468949 0.996208489 -0.066173993 -0.366783023 -0.947685540 -0.032626040 0.317533791 55.853813171
0.266609728 0.076842815 0.960736990 5.580780983 -0.045563228 0.996706486 -0.067075789 -0.420130491 -0.962727010 -0.025891209 0.269233048 55.957885742
0.222278893 0.071588114 0.972352028 6.075418472 -0.031861652 0.997300982 -0.066141479 -0.443570673 -0.974462390 -0.016278883 0.223960102 56.029621124
0.179991961 0.069427937 0.981215477 6.635912895 -0.021952242 0.997540712 -0.066556260 -0.502527416 -0.983423054 -0.009560284 0.181073636 56.085586548
0.139420360 0.072180368 0.987599552 7.132799149 -0.018732188 0.997353077 -0.070248842 -0.498647213 -0.990056217 -0.008705776 0.140403613 56.174877167
0.106424928 0.072318062 0.991688013 7.657130241 -0.010616081 0.997376859 -0.071593717 -0.552335382 -0.994264126 -0.002908476 0.106913716 56.214763641
0.077199504 0.071142100 0.994474649 8.224546432 -0.002593134 0.997461438 -0.071154505 -0.593949199 -0.997012436 0.002914296 0.077188194 56.232128143
0.051932879 0.069103047 0.996257424 8.784010887 0.004154720 0.997578979 -0.069411352 -0.615283132 -0.998642027 0.007743908 0.051520266 56.242351532
0.034695763 0.068403050 0.997054994 9.350008011 0.010102293 0.997579575 -0.068790630 -0.646303952 -0.999347031 0.012459290 0.033921003 56.211936951
0.018161157 0.069815181 0.997395456 9.935642242 0.011308272 0.997480690 -0.070027135 -0.691286087 -0.999771297 0.012550597 0.017326167 56.220771790
0.005066341 0.070242740 0.997517884 10.514654160 0.012678414 0.997444570 -0.070302062 -0.719949245 -0.999907017 0.013003117 0.004163073 56.212444305
-0.006879788 0.071080878 0.997447729 11.118650436 0.013331314 0.997387826 -0.070984751 -0.737001717 -0.999887705 0.012808931 -0.007809166 56.207309723
-0.016088504 0.073704422 0.997151077 11.736707687 0.017972728 0.997139156 -0.073413618 -0.792906642 -0.999709308 0.016740413 -0.017366897 56.198394775
-0.022072369 0.075530298 0.996899903 12.379527092 0.022233518 0.996932149 -0.075040542 -0.846963108 -0.999509275 0.020508280 -0.023683701 56.160926819
-0.026628025 0.075520173 0.996789396 13.006124496 0.022774009 0.996928811 -0.074922420 -0.875624955 -0.999386191 0.020705862 -0.028265877 56.138751984
-0.030647673 0.072548255 0.996894479 13.656935692 0.020514766 0.997197449 -0.071939684 -0.925010860 -0.999319851 0.018246291 -0.032049835 56.123622894
-0.032999936 0.066368610 0.997250080 14.336996078 0.018665250 0.997659326 -0.065778278 -0.949738920 -0.999281406 0.016443253 -0.034161218 56.101844788
-0.034250826 0.060188711 0.997599900 15.013172150 0.019900186 0.998027623 -0.059531346 -0.981513083 -0.999215364 0.017813431 -0.035380781 56.064147949
-0.034815229 0.058100041 0.997704148 15.706469536 0.022495287 0.998100936 -0.057338230 -1.020227551 -0.999140739 0.020447409 -0.036055826 56.044197083
-0.034608144 0.059571728 0.997624516 16.369550705 0.026635313 0.997921884 -0.058665574 -1.069190502 -0.999046266 0.024541745 -0.036122683 56.028736115
-0.033725914 0.066653416 0.997206509 17.074668884 0.027375765 0.997460485 -0.065744601 -1.110433817 -0.999056458 0.025082007 -0.035464689 56.007892609
-0.031562865 0.074553028 0.996718049 17.772212982 0.026782934 0.996918917 -0.073719993 -1.172174692 -0.999143243 0.024368227 -0.033462092 55.995006561
-0.029843885 0.075956635 0.996664882 18.496206284 0.026950933 0.996806920 -0.075160503 -1.216293454 -0.999191463 0.024617976 -0.031795435 55.968791962
-0.027243510 0.071592592 0.997062445 19.233953476 0.027763311 0.997101068 -0.070836850 -1.245293975 -0.999243498 0.025751920 -0.029151924 55.953319550
-0.024519218 0.065386340 0.997559309 19.967973709 0.028093651 0.997509241 -0.064692609 -1.280377507 -0.999304891 0.026438877 -0.026294824 55.933963776
-0.021512089 0.063599207 0.997744143 20.727127075 0.025409134 0.997686744 -0.063047767 -1.328652263 -0.999446154 0.023995532 -0.023078060 55.918899536
-0.018276973 0.068560876 0.997480094 21.446023941 0.032652371 0.997154832 -0.067940257 -1.393837452 -0.999300063 0.031328369 -0.020463374 55.892364502
-0.014833835 0.074366257 0.997121215 22.171257019 0.034867093 0.996662199 -0.073813364 -1.452499151 -0.999282479 0.033671796 -0.017376985 55.875858307
-0.012733784 0.075416721 0.997071266 22.907421112 0.028605700 0.996770620 -0.075028695 -1.495243788 -0.999510109 0.027566532 -0.014849745 55.892486572
-0.009399942 0.072141200 0.997350693 23.639404297 0.023655931 0.997130752 -0.071902417 -1.529595971 -0.999676406 0.022917390 -0.011079274 55.897163391
-0.004653014 0.067842208 0.997685730 24.393121719 0.027967248 0.997314334 -0.067686521 -1.579236627 -0.999598503 0.027587596 -0.006537609 55.884166718
-0.000782149 0.069071867 0.997611880 25.137201309 0.032961469 0.997071147 -0.069008596 -1.636923909 -0.999456763 0.032828800 -0.003056298 55.879806519
0.002131292 0.073241033 0.997312546 25.868429184 0.032378230 0.996786058 -0.073271580 -1.711076379 -0.999473929 0.032447398 -0.000246702 55.879825592
0.005544560 0.074838109 0.997180939 26.603469849 0.028162722 0.996788085 -0.074965261 -1.746406674 -0.999588430 0.028498987 0.003419377 55.898193359
0.009278401 0.073798485 0.997230589 27.364097595 0.027216587 0.996884763 -0.074026138 -1.796624780 -0.999586880 0.027828081 0.007241222 55.909095764
0.012818570 0.071624607 0.997349918 28.078487396 0.031484872 0.996907711 -0.071997546 -1.842527151 -0.999422312 0.032324351 0.010524108 55.910984039
0.016430890 0.071159974 0.997330189 28.827955246 0.036155328 0.996769607 -0.071715638 -1.897730112 -0.999211431 0.037237171 0.013805266 55.923164368
0.020297784 0.072452426 0.997165799 29.578166962 0.039204888 0.996545792 -0.073205449 -1.956324339 -0.999025345 0.040579699 0.017387450 55.931278229
0.022961736 0.072530538 0.997102439 30.306760788 0.039678119 0.996512830 -0.073401406 -2.003501177 -0.998949051 0.041248586 0.020004055 55.946094513
0.026282806 0.071309537 0.997108340 31.046155930 0.040425688 0.996560633 -0.072335958 -2.050392866 -0.998837352 0.042210005 0.023309942 55.965179443
0.030040886 0.069897979 0.997102439 31.808078766 0.043819398 0.996500671 -0.071176007 -2.104450226 -0.998588085 0.045830641 0.026873138 55.993865967
0.033029824 0.070571035 0.996960461 32.548606873 0.042296086 0.996511519 -0.071940556 -2.148355246 -0.998559356 0.044543736 0.029929988 56.020854950
0.036131211 0.071829610 0.996762872 33.300640106 0.038071897 0.996590436 -0.073197216 -2.207427740 -0.998621881 0.040593397 0.033273585 56.060356140
0.038287558 0.070973717 0.996743798 34.039138794 0.039571263 0.996584177 -0.072482429 -2.264679909 -0.998483360 0.042217616 0.035348509 56.089988708
0.042165138 0.073130943 0.996431291 34.812061310 0.038915906 0.996440172 -0.074778460 -2.302311420 -0.998352826 0.041930109 0.039169349 56.117225647
0.044523299 0.073640615 0.996291280 35.618984222 0.037090074 0.996469676 -0.075311415 -2.359022141 -0.998320043 0.040305678 0.041635063 56.161796570
0.047077544 0.073779844 0.996163607 36.296745300 0.035264712 0.996523678 -0.075473167 -2.400362253 -0.998268962 0.038682543 0.044312347 56.198734283
0.050536457 0.075543299 0.995861888 37.090805054 0.032395717 0.996486127 -0.077234730 -2.462384224 -0.998197079 0.036164861 0.047911867 56.234481812
0.052974738 0.077845111 0.995557785 37.848754883 0.031134622 0.996343076 -0.079563282 -2.528846979 -0.998110771 0.035211205 0.050357621 56.287647247
0.056333642 0.079577982 0.995236337 38.594631195 0.031350244 0.996185601 -0.081428468 -2.569072723 -0.997919977 0.035788115 0.053624250 56.333190918
0.059395481 0.082190469 0.994845808 39.370853424 0.025218012 0.996162534 -0.083804920 -2.639797211 -0.997916281 0.030065715 0.057095155 56.397262573
0.061866231 0.081691988 0.994736493 40.165832520 0.020540411 0.996329069 -0.083100326 -2.685278416 -0.997873366 0.025573449 0.059961423 56.450191498
0.065487608 0.081529193 0.994517863 40.923103333 0.022617020 0.996278822 -0.083162896 -2.757274389 -0.997597396 0.027939219 0.063400261 56.511875153
0.069462866 0.082994439 0.994126737 41.710124969 0.023754995 0.996112525 -0.084820129 -2.823314667 -0.997302055 0.029507365 0.067221604 56.566730499
0.073085487 0.084345751 0.993753076 42.504600525 0.017985528 0.996143341 -0.085871406 -2.899513245 -0.997163832 0.024149176 0.071286909 56.634811401
0.077303410 0.083273396 0.993524432 43.283432007 0.017009629 0.996249914 -0.084825397 -2.942290306 -0.996862888 0.023456817 0.075597368 56.702663422
0.082107387 0.081714980 0.993268430 44.074649811 0.019108100 0.996320248 -0.083545662 -3.019489050 -0.996440589 0.025839228 0.080244124 56.763484955
0.086747102 0.086100228 0.992503285 44.878860474 0.014466407 0.996043861 -0.087671824 -3.069576502 -0.996125579 0.021963276 0.085158691 56.840290070
0.093019783 0.094224691 0.991196334 45.673213959 0.012470425 0.995323300 -0.095787361 -3.149842739 -0.995586455 0.021270806 0.091410026 56.933891296
0.100407369 0.099386960 0.989970565 46.468280792 0.011366763 0.994818449 -0.101026572 -3.214335918 -0.994881749 0.021396630 0.098757677 57.020172119
0.107557207 0.102224030 0.988930106 47.266052246 0.006551269 0.994605005 -0.103523187 -3.289514303 -0.994177580 0.017613469 0.106307536 57.123126984
0.114698932 0.100745857 0.988279104 48.076873779 0.003219054 0.994800806 -0.101784378 -3.366852283 -0.993395329 0.014855930 0.113778569 57.222778320
0.122386828 0.098898001 0.987543285 48.884239197 0.002656718 0.994986355 -0.099972680 -3.453026772 -0.992479146 0.014859017 0.121510774 57.331932068
0.129555434 0.095721021 0.986941695 49.692966461 0.002395597 0.995296121 -0.096845821 -3.525184631 -0.991569579 0.014911262 0.128717005 57.443405151
0.137289464 0.089817539 0.986450970 50.522670746 0.000274517 0.995876491 -0.090714037 -3.606319904 -0.990531206 0.012724918 0.136698931 57.563018799
0.144477248 0.082864486 0.986032903 51.329719543 -0.001612758 0.996505380 -0.083508335 -3.663403511 -0.989507198 0.010474859 0.144106239 57.696540833
0.151894048 0.078905329 0.985242665 52.136936188 -0.001495116 0.996825337 -0.079602510 -3.740326881 -0.988395989 0.010618133 0.151530012 57.826591492
0.159148067 0.081252791 0.983905911 52.927230835 -0.001691414 0.996628046 -0.082029901 -3.805365562 -0.987253547 0.011390747 0.158749089 57.970714569
0.166313663 0.087936454 0.982144654 53.738666534 -0.002230976 0.996046364 -0.088803455 -3.878185749 -0.986070752 0.012578127 0.165852547 58.105525970
0.171497926 0.092563100 0.980827034 54.503665924 -0.003461569 0.995626628 -0.093354613 -3.943517208 -0.985178828 0.012614960 0.171068534 58.244068146
0.176525980 0.094334468 0.979765713 55.274887085 -0.005307886 0.995473087 -0.094890609 -4.024785995 -0.984282136 0.011550217 0.176227823 58.395370483
0.181771398 0.094597466 0.978780568 56.047534943 -0.006888692 0.995459855 -0.094930232 -4.084748268 -0.983317137 0.010513128 0.181598023 58.545539856
0.186638802 0.091653317 0.978144586 56.805816650 -0.004663006 0.995709836 -0.092409566 -4.170822144 -0.982417941 0.012686157 0.186265692 58.695281982
0.189774618 0.085546009 0.978094459 57.533187866 -0.003077851 0.996243477 -0.086536273 -4.210981369 -0.981823504 0.013412002 0.189325243 58.836833954
0.193579704 0.077877961 0.977989376 58.291954041 -0.004609026 0.996905148 -0.078472026 -4.295190811 -0.981074393 0.010683058 0.193339750 58.983398438
0.196485609 0.074676760 0.977659523 59.005336761 -0.008738760 0.997188747 -0.074412264 -4.345284462 -0.980468571 0.006077450 0.196586043 59.139419556
0.199829027 0.074763626 0.976974785 59.748508453 -0.009492608 0.997185111 -0.074368693 -4.407225609 -0.979785442 0.005587025 0.199976444 59.299682617
0.201748967 0.076684341 0.976431429 60.452808380 -0.011473660 0.997046471 -0.075932771 -4.458380222 -0.979370713 0.004116157 0.202033177 59.448474884
0.203457758 0.080894031 0.975736856 61.169353485 -0.016074497 0.996722102 -0.079282105 -4.525615692 -0.978952348 0.000446119 0.204091400 59.611492157
0.205370918 0.086134732 0.974887073 61.858257294 -0.017125098 0.996282816 -0.084417589 -4.571758270 -0.978535116 0.000641917 0.206082776 59.764923096
0.207208693 0.091618605 0.973998010 62.529693604 -0.019170489 0.995793760 -0.089590572 -4.639747143 -0.978109539 -0.000108036 0.208093733 59.915664673
0.208828956 0.093206525 0.973501086 63.207298279 -0.017826403 0.995644867 -0.091502734 -4.713008404 -0.977790415 0.001754439 0.209581167 60.069950104
0.210171044 0.093308546 0.973202527 63.869026184 -0.020581940 0.995636523 -0.091014706 -4.767240047 -0.977448642 -0.000901697 0.211174607 60.230434418
0.210789353 0.090231791 0.973358810 64.533149719 -0.019627715 0.995920181 -0.088072792 -4.830000401 -0.977335155 -0.000539965 0.211700574 60.359153748
0.211514160 0.087551206 0.973446488 65.177093506 -0.019610107 0.996159136 -0.085333079 -4.880614281 -0.977178872 -0.001040194 0.212418824 60.519607544
0.211367816 0.086850509 0.973540902 65.824851990 -0.019372404 0.996220410 -0.084667861 -4.940587997 -0.977215350 -0.000963722 0.212251648 60.657619476
0.210055351 0.086017773 0.973898947 66.453300476 -0.019077452 0.996292710 -0.083881021 -4.997592926 -0.977504015 -0.000959808 0.210917845 60.784225464
0.208339915 0.086375609 0.974235713 67.076210022 -0.020551261 0.996258914 -0.083933420 -5.055010796 -0.977841318 -0.002535050 0.209335789 60.938873291
0.205940828 0.089486435 0.974465132 67.691390991 -0.021635113 0.995982528 -0.086890221 -5.104554176 -0.978326023 -0.003188383 0.207049698 61.065013885
0.203837395 0.093819253 0.974499702 68.298065186 -0.020669375 0.995587587 -0.091526188 -5.170507908 -0.978787422 -0.001485808 0.204877377 61.198867798
0.201963887 0.094127357 0.974860132 68.884353638 -0.017584279 0.995558560 -0.092483036 -5.217369080 -0.979235768 0.001536065 0.202722207 61.326435089
0.199825644 0.093171954 0.975392342 69.476829529 -0.018457960 0.995649457 -0.091325670 -5.273366928 -0.979658365 0.000245497 0.200676203 61.449993134
0.197481260 0.090170935 0.976151466 70.064041138 -0.018813167 0.995925367 -0.088191621 -5.320488930 -0.980126977 -0.000948268 0.198373184 61.569763184
0.195531264 0.086006775 0.976919532 70.627265930 -0.018547066 0.996292651 -0.084000275 -5.374408722 -0.980522871 -0.001694273 0.196401745 61.676582336
0.193563133 0.084732562 0.977422595 71.183654785 -0.015345051 0.996402621 -0.083339192 -5.430278301 -0.980968654 0.001132835 0.194167212 61.781543732
0.191571698 0.086385131 0.977670312 71.732551575 -0.011263913 0.996246457 -0.085819475 -5.476127625 -0.981414735 0.005428234 0.191825882 61.898818970
0.189447328 0.088443525 0.977900207 72.282752991 -0.007136594 0.996032298 -0.088700965 -5.530171394 -0.981865823 0.009825337 0.189327046 61.994472504
0.187568903 0.090384275 0.978084803 72.812004089 -0.007153122 0.995856166 -0.090654857 -5.563703537 -0.982226312 0.010007719 0.187438369 62.094020844
0.186129600 0.092743769 0.978139162 73.360198975 -0.008300958 0.995647490 -0.092824370 -5.626209259 -0.982491016 0.009157915 0.186089575 62.223999023
0.185180053 0.091777250 0.978410423 73.914024353 -0.006463477 0.995721221 -0.092177793 -5.659606934 -0.982684255 0.010745601 0.184981138 62.296264648
0.185925871 0.089767404 0.978455544 74.456550598 -0.000509362 0.995826066 -0.091264375 -5.720578194 -0.982564449 0.016470069 0.185195819 62.393112183
0.187867031 0.087986387 0.978246570 75.008308411 0.004773961 0.995885611 -0.090489805 -5.762825966 -0.982183695 0.021670215 0.186674237 62.518100739
0.190060914 0.087149695 0.977897525 75.560478210 0.007743873 0.995887816 -0.090258159 -5.810634613 -0.981742620 0.024727311 0.188604712 62.603080750
0.193284258 0.087250851 0.977256477 76.108535767 0.005443817 0.995926976 -0.089994550 -5.863753796 -0.981128514 0.022714591 0.192022219 62.713371277
0.198701829 0.087571248 0.976140559 76.666969299 0.003723898 0.995924950 -0.090104260 -5.910259247 -0.980053842 0.021538978 0.197566152 62.847488403
0.204895243 0.086739525 0.974933803 77.229736328 0.005375481 0.995950341 -0.089739196 -5.958280563 -0.978769898 0.023627926 0.203599438 62.971214294
0.212744981 0.086572275 0.973266006 77.789535522 0.003105692 0.996001720 -0.089273602 -6.014007092 -0.977103591 0.022015231 0.211625800 63.103614807
0.221270770 0.085158512 0.971488059 78.368583679 0.002876714 0.996118188 -0.087972857 -6.051801682 -0.975208938 0.022260571 0.220167160 63.251335144
0.230135024 0.084194131 0.969510853 78.945579529 0.000427201 0.996241093 -0.086616963 -6.106798172 -0.973159313 0.020347822 0.229234263 63.387870789
0.239481688 0.084589273 0.967209995 79.519798279 -0.001816774 0.996234000 -0.086677939 -6.150882721 -0.970900059 0.019000629 0.238733828 63.547691345
0.249047056 0.087479301 0.964533508 80.109390259 -0.006367674 0.996038079 -0.088692598 -6.204763889 -0.968471229 0.015946843 0.248617694 63.728187561
0.258442849 0.090340309 0.961794078 80.696533203 -0.010429241 0.995820045 -0.090734005 -6.245703697 -0.965971112 0.013418825 0.258305013 63.879199982
0.269319564 0.092393115 0.958609700 81.302352905 -0.013494384 0.995651245 -0.092172161 -6.292042732 -0.962957203 0.011887966 0.269395351 64.079818726
0.279598445 0.094576232 0.955448627 81.913635254 -0.015905550 0.995455801 -0.093882002 -6.356736183 -0.959986031 0.011052360 0.279832423 64.270462036
0.289525837 0.095462404 0.952398956 82.531181335 -0.019051749 0.995391190 -0.093980171 -6.412413597 -0.956981242 0.009064851 0.290010482 64.458900452
0.299830079 0.095922433 0.949159026 83.149871826 -0.020255458 0.995347321 -0.094191931 -6.462364197 -0.953778267 0.009015961 0.300378412 64.668380737
0.309980035 0.096699990 0.945813656 83.785003662 -0.023891216 0.995291889 -0.093928665 -6.521713257 -0.950443566 0.006519414 0.310831100 64.892089844
0.321131498 0.092732988 0.942484677 84.495643616 -0.023828404 0.995669961 -0.089847125 -6.570938110 -0.946735382 0.006394883 0.321951091 65.151901245
0.331286967 0.084912471 0.939702749 85.103500366 -0.020438923 0.996353984 -0.082826063 -6.631664276 -0.943309307 0.008232720 0.331814945 65.349426270
0.342493802 0.080409519 0.936074138 85.788223267 -0.018891968 0.996718228 -0.078706823 -6.686653137 -0.939330816 0.009272354 0.342889428 65.603607178
0.352901369 0.076752171 0.932508469 86.467018127 -0.017713515 0.996998787 -0.075356767 -6.729394436 -0.935493469 0.010075543 0.353202134 65.879257202
0.362158746 0.074623197 0.929125845 87.141014099 -0.013711693 0.997108459 -0.074738786 -6.791897774 -0.932016373 0.014327471 0.362135231 66.144653320
0.370994210 0.070855357 0.925929487 87.818328857 -0.007198504 0.997273743 -0.073430791 -6.828063965 -0.928608179 0.020577146 0.370493501 66.389068604
0.378539205 0.061245482 0.923558116 88.592636108 0.002014588 0.997751117 -0.066991434 -6.879899025 -0.925583959 0.027219519 0.377564967 66.731658936
0.385547012 0.055280335 0.921032131 89.265762329 0.008163091 0.997959673 -0.063314781 -6.934886932 -0.922652841 0.031929325 0.384309709 66.990463257
0.392889827 0.054381032 0.917977571 89.992904663 0.012066456 0.997858465 -0.064277716 -6.964515209 -0.919507265 0.036330823 0.391392678 67.309677124
0.400130302 0.060720608 0.914445937 90.690773010 0.013214502 0.997316241 -0.072005682 -7.027444839 -0.916363657 0.040895641 0.398254573 67.602722168
0.407567322 0.066196106 0.910774171 91.408515930 0.016000452 0.996697843 -0.079601415 -7.083432198 -0.913035870 0.047015779 0.405162811 67.911605835
0.413096130 0.067768022 0.908163846 92.127281189 0.014393101 0.996616423 -0.080915570 -7.144765854 -0.910574436 0.046497241 0.410723478 68.252395630
0.417643279 0.069528721 0.905948281 92.829948425 0.007682557 0.996761322 -0.080040172 -7.192372799 -0.908579350 0.040388294 0.415757149 68.590805054
0.421499550 0.072603628 0.903918684 93.510528564 0.001840492 0.996718466 -0.080915757 -7.238153458 -0.906827390 0.035769671 0.419983476 68.927757263
0.425651103 0.076052628 0.901687086 94.199234009 -0.000462328 0.996479332 -0.083829761 -7.324842453 -0.904888093 0.035265412 0.424188316 69.264617920
0.429649293 0.080124684 0.899435401 94.856887817 -0.002932017 0.996173203 -0.087342001 -7.373833656 -0.902991831 0.034889322 0.428240716 69.587371826
0.432957947 0.083232388 0.897564590 95.530052185 -0.006078428 0.995974243 -0.089426130 -7.445252419 -0.901394427 0.033262029 0.431721449 69.927047729
0.436951339 0.082388632 0.895705402 96.185913086 -0.007051118 0.996078730 -0.088181578 -7.500900269 -0.899458230 0.032215390 0.435819507 70.249534607
0.441098332 0.078563981 0.894014716 96.838363647 -0.006085265 0.996398985 -0.084559046 -7.573000908 -0.897439003 0.031858567 0.439988583 70.568588257
0.444632292 0.076363280 0.892453313 97.492004395 -0.006015029 0.996590376 -0.082277231 -7.632448196 -0.895693600 0.031215018 0.443576276 70.901161194
0.448065549 0.075145870 0.890838087 98.106109619 -0.007030784 0.996725500 -0.080541797 -7.694091320 -0.893973708 0.029824750 0.447127312 71.219711304
0.451573133 0.077055827 0.888901711 98.726142883 -0.009684292 0.996627510 -0.081474602 -7.752636433 -0.892182350 0.028183401 0.450796843 71.547332764
0.454386353 0.077319503 0.887444019 99.324134827 -0.008936508 0.996570587 -0.082251795 -7.812620640 -0.890760541 0.029443482 0.453519642 71.863380432
0.456418693 0.075729616 0.886537731 99.931358337 -0.006892486 0.996641517 -0.081586540 -7.865305901 -0.889739096 0.031127216 0.455408365 72.165405273
0.458386242 0.074240126 0.885648131 100.508735657 -0.004318353 0.996678591 -0.081312425 -7.919591904 -0.888743341 0.033448000 0.457184851 72.469436646
0.460131109 0.074615195 0.884711325 101.095535278 -0.006083597 0.996703088 -0.080896541 -7.974885941 -0.887830913 0.031840831 0.459068537 72.783851624
0.462340027 0.073456272 0.883656085 101.673454285 -0.004443870 0.996741176 -0.080531865 -8.022529602 -0.886692405 0.033306278 0.461160481 73.082183838
0.464747876 0.075371921 0.882230401 102.221878052 -0.005130089 0.996582031 -0.082439020 -8.073571205 -0.885429025 0.033787481 0.463546693 73.379577637
0.467674911 0.075444490 0.880676210 102.787399292 -0.002735351 0.996468544 -0.083911613 -8.128199577 -0.883897185 0.036834437 0.466230333 73.676147461
0.470866680 0.074281313 0.879072845 103.327056885 0.000035966 0.996446192 -0.084218800 -8.184793472 -0.882205129 0.039687473 0.469191462 73.972496033
0.474034578 0.072809890 0.877491951 103.860923767 0.002433727 0.996462345 -0.083996348 -8.231194496 -0.880503654 0.041952804 0.472181082 74.255142212
0.477220803 0.071934775 0.875835538 104.394653320 0.003577444 0.996475816 -0.083792746 -8.286724091 -0.878776968 0.043120932 0.475282431 74.545585632
0.480519772 0.071562462 0.874060452 104.900794983 0.004488443 0.996450543 -0.084050655 -8.335377693 -0.876973271 0.044311233 0.478493661 74.825653076
0.483697206 0.070754111 0.872372150 105.401252747 0.005303526 0.996470988 -0.083759956 -8.384736061 -0.875220239 0.045141153 0.481615633 75.115692139
0.487205565 0.069961168 0.870481730 105.923973083 0.007404439 0.996418059 -0.084227175 -8.431167603 -0.873256743 0.047481429 0.484943241 75.404350281
0.490941554 0.071343526 0.868267596 106.410446167 0.006153741 0.996331513 -0.085345864 -8.481734276 -0.871171713 0.047242977 0.488702178 75.687263489
0.495574445 0.071209602 0.865642786 106.914093018 0.008961827 0.996160269 -0.087076977 -8.532986641 -0.868520200 0.050910916 0.493034154 75.962936401
0.500256360 0.074283905 0.862686276 107.410507202 0.006632160 0.995954335 -0.089605331 -8.584859848 -0.865852892 0.050547168 0.497740626 76.254638672
0.505547106 0.080352277 0.859050512 107.891052246 0.003368744 0.995461762 -0.095094308 -8.635625839 -0.862793326 0.050968632 0.502982855 76.558761597
0.511418343 0.087668762 0.854849458 108.361213684 -0.002336637 0.994919717 -0.100635827 -8.685341835 -0.859329462 0.049469594 0.509025693 76.849418640
0.517743587 0.094087116 0.850347757 108.848297119 -0.007225020 0.994379103 -0.105624609 -8.731910706 -0.855506063 0.048542731 0.515513778 77.170524597
0.523792446 0.098706000 0.846109092 109.318328857 -0.011361792 0.993984401 -0.108923443 -8.786937714 -0.851770937 0.047440026 0.521763623 77.471679688
0.529444158 0.099005930 0.842548966 109.811256409 -0.014901829 0.994097948 -0.107450157 -8.844019890 -0.848214686 0.044333391 0.527795434 77.804122925
0.534977853 0.098214157 0.839139283 110.307411194 -0.021846810 0.994495511 -0.102469347 -8.903491974 -0.844584465 0.036486369 0.534179211 78.139747620
0.540510178 0.095818855 0.835864663 110.793418884 -0.027941618 0.994988978 -0.095991723 -8.955856323 -0.840874255 0.028529126 0.540479481 78.468345642
0.546326756 0.094136819 0.832266569 111.296188354 -0.034518290 0.995349407 -0.089924201 -9.015750885 -0.836861193 0.020399617 0.547036171 78.815048218
0.552060604 0.091984667 0.828715920 111.804031372 -0.037343118 0.995625556 -0.085634619 -9.065586090 -0.832968056 0.016328698 0.553081632 79.165382385
0.558378756 0.095279410 0.824097812 112.301681519 -0.042027444 0.995355070 -0.086603485 -9.111577988 -0.828521550 0.013722863 0.559790194 79.522880554
0.564757049 0.099272043 0.819266021 112.825874329 -0.046030473 0.994981527 -0.088833116 -9.160806656 -0.823973298 0.012457950 0.566492975 79.909774780
0.570556283 0.103060216 0.814767540 113.349174500 -0.049137130 0.994600296 -0.091398343 -9.218428612 -0.819787920 0.012112585 0.572540343 80.290542603
