1.000000000 0.000000002 0.000000000 -0.000000000 0.000000002 1.000000000 0.000000000 -0.000000000 0.000000000 0.000000000 1.000000000 -0.000000000
0.999999940 -0.000085096 -0.000407970 0.055600990 0.000085655 0.999999046 0.001361186 -0.026459839 0.000407854 -0.001361221 0.999998987 1.315979600
0.999999225 -0.001171865 0.000436958 0.038922623 0.001171166 0.999997914 0.001612153 -0.045908306 -0.000438846 -0.001611641 0.999998629 2.588520288
0.999997437 -0.002133043 -0.000700278 0.019348573 0.002133848 0.999997079 0.001142605 -0.075928763 0.000697838 -0.001144097 0.999999106 3.936525822
0.999995828 -0.002869969 -0.000405289 0.021715930 0.002870357 0.999995410 0.000947632 -0.090522982 0.000402566 -0.000948792 0.999999464 5.268626690
0.999995530 -0.002997011 -0.000465346 0.003277636 0.002997708 0.999994397 0.001502578 -0.113826193 0.000460839 -0.001503967 0.999998808 6.576547623
0.999991715 -0.004070339 -0.000379155 0.001158694 0.004071251 0.999988914 0.002431865 -0.149421006 0.000369252 -0.002433389 0.999996960 7.909225941
0.999990046 -0.004477611 -0.000407348 -0.014732704 0.004478765 0.999985933 0.002873904 -0.162477762 0.000394473 -0.002875701 0.999995768 9.234279633
0.999993443 -0.003548325 -0.000808840 -0.018234760 0.003549865 0.999992132 0.001903291 -0.193207696 0.000802080 -0.001906150 0.999997854 10.561040878
0.999999523 -0.000917449 -0.000561654 -0.036223613 0.000917112 0.999999583 -0.000611201 -0.210729614 0.000562214 0.000610684 0.999999642 11.880151749
0.999997914 0.001965404 -0.000712449 -0.031533070 -0.001966561 0.999996960 -0.001636112 -0.243568480 0.000709231 0.001637507 0.999998271 13.226531029
0.999985814 0.005332275 -0.000606920 -0.061630681 -0.005333176 0.999984980 -0.001513553 -0.263350219 0.000598840 0.001516767 0.999998510 14.573568344
0.999983251 0.005815716 -0.000175558 -0.082154222 -0.005815825 0.999983132 -0.000693426 -0.293958604 0.000171522 0.000694435 0.999999642 15.921908379
0.999992728 0.003898561 -0.000050237 -0.073617160 -0.003898453 0.999991119 0.001796672 -0.318958402 0.000057240 -0.001796461 0.999998212 17.268587112
0.999999940 -0.000663909 0.000273941 -0.085659385 0.000662846 0.999992430 0.003905422 -0.339230478 -0.000276531 -0.003905236 0.999992192 18.622169495
0.999996841 -0.002521887 -0.000180550 -0.073327765 0.002522236 0.999995291 0.001891618 -0.372561336 0.000175778 -0.001892064 0.999998152 19.963851929
0.999994695 -0.003244756 -0.000415902 -0.085665204 0.003243980 0.999993086 -0.001887931 -0.371777505 0.000422025 0.001886573 0.999998152 21.329332352
0.999999404 -0.001065418 -0.000282633 -0.081367902 0.001064491 0.999994040 -0.003314667 -0.426619768 0.000286162 0.003314366 0.999994516 22.684764862
0.999999225 0.001111440 0.000414030 -0.093789868 -0.001110626 0.999997556 -0.001930011 -0.425901711 -0.000416175 0.001929551 0.999998033 24.049449921
0.999997139 0.001175778 0.002061778 -0.131314099 -0.001184195 0.999990940 0.004093773 -0.459276706 -0.002056945 -0.004096202 0.999989450 25.417774200
0.999998033 -0.000422392 0.001929068 -0.108546093 0.000412451 0.999986768 0.005159714 -0.480302989 -0.001931221 -0.005158906 0.999984741 26.788082123
0.999984920 -0.004989534 0.002301292 -0.140664458 0.004979225 0.999977529 0.004469254 -0.506558776 -0.002323538 -0.004457727 0.999987245 28.154943466
0.999985278 -0.005010543 0.002080122 -0.143337160 0.005006502 0.999985516 0.001948932 -0.519383788 -0.002089854 -0.001938489 0.999995828 29.528968811
0.999983966 -0.004955320 0.002732756 -0.144505739 0.004955885 0.999987721 -0.000195859 -0.561543763 -0.002731749 0.000209399 0.999996006 30.912012100
0.999992907 -0.002263058 0.003002746 -0.152624398 0.002267536 0.999996245 -0.001484525 -0.570617497 -0.002999373 0.001491322 0.999994278 32.302482605
0.999994218 -0.000465663 0.003368145 -0.157507509 0.000477239 0.999993861 -0.003433191 -0.617292106 -0.003366524 0.003434777 0.999988317 33.679939270
0.999993443 -0.000230507 0.003654549 -0.166602477 0.000242120 0.999994934 -0.003175801 -0.628219426 -0.003653795 0.003176665 0.999988198 35.069038391
0.999995291 -0.000403405 0.003086914 -0.158661366 0.000408532 0.999998510 -0.001658227 -0.668878675 -0.003086236 0.001659481 0.999993801 36.459484100
0.999994934 0.000718955 0.003123316 -0.175418615 -0.000718319 0.999999523 -0.000201855 -0.690491021 -0.003123454 0.000199611 0.999994993 37.862068176
0.999990702 0.003343044 0.002701202 -0.176995367 -0.003343128 0.999994218 0.000030038 -0.719404936 -0.002701081 -0.000039068 0.999996245 39.259696960
0.999977589 0.005938136 0.003122161 -0.185853377 -0.005937923 0.999982297 -0.000074046 -0.746627808 -0.003122542 0.000055506 0.999994814 40.661533356
0.999962330 0.008103047 0.003144230 -0.197508663 -0.008103797 0.999967039 0.000229515 -0.772330523 -0.003142264 -0.000254986 0.999994755 42.085010529
0.999956787 0.008833949 0.002926549 -0.204868823 -0.008834996 0.999960899 0.000350384 -0.795800686 -0.002923337 -0.000376224 0.999995351 43.470355988
0.999965429 0.007948056 0.002475243 -0.213524684 -0.007949033 0.999968350 0.000388693 -0.820794523 -0.002472075 -0.000408355 0.999996543 44.896327972
0.999970675 0.007481982 0.001643989 -0.207108304 -0.007481606 0.999971926 -0.000226370 -0.855331123 -0.001645636 0.000214064 0.999998331 46.294731140
0.999973774 0.007161902 0.000982324 -0.227757931 -0.007162287 0.999974191 0.000401764 -0.883661091 -0.000979422 -0.000408787 0.999998987 47.719898224
0.999973118 0.007298673 -0.000214053 -0.223640248 -0.007298388 0.999972343 0.001246157 -0.906956196 0.000223142 -0.001244558 0.999998808 49.121025085
0.999968052 0.007865209 -0.001223535 -0.238189921 -0.007863698 0.999968052 0.001227955 -0.935422897 0.001233153 -0.001218292 0.999998152 50.546390533
0.999964714 0.008091115 -0.002176204 -0.254169166 -0.008088251 0.999966323 0.001316603 -0.958008170 0.002186783 -0.001298952 0.999996245 51.995319366
0.999960542 0.008200583 -0.003356231 -0.274471641 -0.008192955 0.999963701 0.002277834 -0.990702510 0.003374786 -0.002250246 0.999991357 53.398841858
0.999968410 0.006876337 -0.003934150 -0.300244570 -0.006864415 0.999971747 0.003033850 -1.015108585 0.003954896 -0.003006749 0.999987304 54.859497070
0.999979794 0.004362783 -0.004567042 -0.301540434 -0.004346723 0.999984324 0.003518805 -1.032206774 0.004582317 -0.003498883 0.999982893 56.258209229
0.999982834 0.003180357 -0.004879586 -0.317902267 -0.003165966 0.999990642 0.002951147 -1.065272331 0.004888922 -0.002935648 0.999983490 57.674404144
0.999987066 0.001649036 -0.004772747 -0.336136371 -0.001633690 0.999993503 0.003214465 -1.087044001 0.004778014 -0.003206626 0.999983251 59.119731903
0.999989152 0.000705269 -0.004527283 -0.343342245 -0.000688130 0.999992609 0.003782595 -1.112355590 0.004529916 -0.003779438 0.999982417 60.534408569
0.999990344 -0.001239845 -0.004138126 -0.351424605 0.001259589 0.999987721 0.004768120 -1.132467270 0.004132163 -0.004773284 0.999979913 61.996932983
0.999986410 -0.003525361 -0.003787904 -0.364109576 0.003537753 0.999988377 0.003267213 -1.152781010 0.003776338 -0.003280568 0.999987245 63.386928558
0.999981701 -0.004887426 -0.003508055 -0.372518212 0.004895275 0.999985516 0.002229366 -1.176480174 0.003497104 -0.002246500 0.999991059 64.808052063
0.999985754 -0.004535709 -0.002727845 -0.384019464 0.004541332 0.999987543 0.002054771 -1.213651657 0.002718486 -0.002067131 0.999993920 66.265800476
0.999997377 -0.001396493 -0.001685153 -0.406944126 0.001401923 0.999993682 0.003215971 -1.252436638 0.001680647 -0.003218326 0.999993145 67.617736816
0.999998093 0.001454529 -0.001094213 -0.423286855 -0.001449995 0.999990284 0.004118215 -1.282706141 0.001100187 -0.004116621 0.999990642 69.089164734
0.999986231 0.005214635 -0.000452469 -0.433778763 -0.005212067 0.999971271 0.005467972 -1.306817532 0.000480965 -0.005465539 0.999984562 70.457954407
0.999965310 0.008257455 0.000979581 -0.468778193 -0.008263234 0.999947309 0.006067035 -1.326488733 -0.000929436 -0.006074922 0.999980867 71.904670715
0.999917030 0.012790819 0.001406599 -0.478211671 -0.012798538 0.999902010 0.005636547 -1.343962073 -0.001334370 -0.005654084 0.999982893 73.260169983
0.999822736 0.018723670 0.001785037 -0.481914639 -0.018735724 0.999799728 0.007004187 -1.391226768 -0.001653540 -0.007036394 0.999973774 74.668357849
0.999794483 0.020074334 0.002700494 -0.497136414 -0.020092722 0.999773502 0.006969509 -1.404673815 -0.002559979 -0.007022341 0.999971986 76.115501404
0.999825358 0.018470043 0.002761368 -0.502180457 -0.018485462 0.999812782 0.005674570 -1.421967626 -0.002656047 -0.005724628 0.999979973 77.472305298
0.999836147 0.017847579 0.002901194 -0.508636057 -0.017863588 0.999824524 0.005598323 -1.449128270 -0.002800775 -0.005649235 0.999980032 78.893692017
0.999860406 0.016470570 0.002678210 -0.513583302 -0.016482327 0.999854147 0.004434365 -1.468672872 -0.002604792 -0.004477896 0.999986470 80.251174927
0.999866545 0.016136760 0.002392388 -0.514725983 -0.016147619 0.999858737 0.004598091 -1.497786641 -0.002317862 -0.004636116 0.999986470 81.637161255
0.999871850 0.015859284 0.001946638 -0.521160424 -0.015867991 0.999863446 0.004555654 -1.520441175 -0.001874133 -0.004585966 0.999987781 83.056259155
0.999892473 0.014563045 0.001497733 -0.527405977 -0.014569259 0.999884546 0.004240277 -1.540975094 -0.001435820 -0.004261648 0.999989986 84.416145325
0.999882519 0.015282713 0.000820605 -0.539052725 -0.015286177 0.999872863 0.004425109 -1.566380262 -0.000752885 -0.004437140 0.999989867 85.807182312
0.999893725 0.014546309 -0.000473772 -0.546744764 -0.014543664 0.999880612 0.005135741 -1.594914198 0.000548410 -0.005128311 0.999986768 87.163345337
0.999906659 0.013544074 -0.001609001 -0.547950208 -0.013533434 0.999887049 0.006436879 -1.624408007 0.001695989 -0.006414511 0.999977946 88.536972046
0.999931931 0.011271678 -0.002962848 -0.556003809 -0.011248304 0.999905944 0.007783528 -1.649438143 0.003050294 -0.007749678 0.999965131 89.926910400
0.999939144 0.010238118 -0.004065600 -0.563481152 -0.010205717 0.999916136 0.007906458 -1.676968694 0.004146197 -0.007864491 0.999960244 91.261955261
0.999956667 0.008438259 -0.003861026 -0.585596681 -0.008413847 0.999944448 0.006289358 -1.690393448 0.003913873 -0.006256609 0.999972641 92.665557861
0.999961972 0.007624281 -0.004194438 -0.600449681 -0.007599179 0.999952912 0.005962234 -1.715343714 0.004239689 -0.005930144 0.999973297 93.990623474
0.999965608 0.006997216 -0.004413788 -0.615201652 -0.006972789 0.999960124 0.005519547 -1.731055021 0.004452223 -0.005488590 0.999974906 95.396263123
0.999965250 0.007364295 -0.003854838 -0.638657510 -0.007344991 0.999960363 0.004989841 -1.759616256 0.003891418 -0.004961367 0.999979973 96.731101990
0.999960005 0.008181011 -0.003544257 -0.654373169 -0.008165960 0.999957561 0.004230881 -1.789610624 0.003578708 -0.004201783 0.999984622 98.068618774
0.999954939 0.008745924 -0.003616755 -0.670867980 -0.008730829 0.999953032 0.004160023 -1.801993847 0.003652952 -0.004128272 0.999984622 99.436309814
0.999948502 0.009483479 -0.003557851 -0.678871930 -0.009463299 0.999939084 0.005638007 -1.826798677 0.003611086 -0.005604062 0.999977589 100.759338379
0.999941051 0.010243799 -0.003519954 -0.697962284 -0.010219816 0.999924958 0.006756496 -1.848463178 0.003588884 -0.006720140 0.999970913 102.139503479
0.999945164 0.009917203 -0.003279163 -0.713100314 -0.009897954 0.999934077 0.005826140 -1.866979003 0.003336708 -0.005793379 0.999977648 103.456298828
0.999943316 0.010114757 -0.003213592 -0.726447105 -0.010104319 0.999943733 0.003238676 -1.891358733 0.003246151 -0.003206034 0.999989569 104.789360046
0.999952078 0.009166258 -0.003276615 -0.738085389 -0.009160351 0.999956667 0.001804874 -1.916150928 0.003292997 -0.001774787 0.999993026 106.140647888
0.999967396 0.007388031 -0.003083933 -0.748201609 -0.007378455 0.999968171 0.003095503 -1.953097701 0.003106686 -0.003072662 0.999990523 107.456436157
0.999987423 0.004210685 -0.002500052 -0.756109059 -0.004198319 0.999979317 0.004917926 -1.967282772 0.002520690 -0.004907384 0.999984741 108.796607971
0.999995053 0.002547189 -0.001598292 -0.766302347 -0.002537860 0.999980271 0.005791537 -1.992992401 0.001612993 -0.005787466 0.999981821 110.149406433
0.999996185 0.002458355 -0.000946110 -0.778782368 -0.002454092 0.999987364 0.004446235 -2.018326759 0.000957009 -0.004443910 0.999989510 111.471214294
0.999991477 0.003986337 -0.000271836 -0.789053559 -0.003985769 0.999990404 0.001937904 -2.035270691 0.000279540 -0.001936820 0.999997973 112.787849426
0.999976814 0.006700663 0.000789764 -0.799555480 -0.006700641 0.999977946 0.000008521 -2.070724487 -0.000789710 -0.000013828 0.999999583 114.125671387
0.999958396 0.008776279 0.002335225 -0.812335253 -0.008775348 0.999961853 -0.000397299 -2.093756914 -0.002338643 0.000376776 0.999997199 115.458229065
0.999942303 0.010000990 0.003838736 -0.822167516 -0.010006354 0.999949455 0.001388035 -2.118014097 -0.003824681 -0.001426381 0.999991655 116.783325195
0.999940336 0.009805855 0.004741922 -0.825042784 -0.009824856 0.999944031 0.004006458 -2.139644146 -0.004702391 -0.004052821 0.999980628 118.112739563
0.999933839 0.010001301 0.005634064 -0.825443983 -0.010027471 0.999939382 0.004641782 -2.167680740 -0.005587318 -0.004697983 0.999973238 119.468978882
0.999922037 0.010528572 0.006670857 -0.824175000 -0.010551809 0.999938667 0.003462148 -2.186604500 -0.006634019 -0.003532280 0.999971628 120.792610168
0.999885857 0.012740524 0.008081956 -0.827317297 -0.012747221 0.999918699 0.000782045 -2.198746204 -0.008071358 -0.000884987 0.999967039 122.126869202
0.999861062 0.013921537 0.009141491 -0.827860236 -0.013925247 0.999903381 0.000346134 -2.220107317 -0.009135812 -0.000473393 0.999958158 123.477806091
0.999821961 0.015729407 0.010397109 -0.826157212 -0.015724020 0.999876440 -0.000596448 -2.251307726 -0.010405230 0.000432849 0.999945760 124.808959961
0.999807775 0.015921319 0.011403757 -0.825514317 -0.015935555 0.999872744 0.001161408 -2.280885220 -0.011383839 -0.001342919 0.999934316 126.151969910
0.999805987 0.015392753 0.012259936 -0.824334502 -0.015406361 0.999881148 0.001018640 -2.310111523 -0.012242823 -0.001207331 0.999924421 127.477317810
0.999809861 0.014270187 0.013259999 -0.817789197 -0.014298026 0.999896169 0.002009623 -2.331724167 -0.013229966 -0.002198842 0.999910057 128.810302734
0.999819696 0.012694696 0.014091733 -0.807805181 -0.012739887 0.999914348 0.003124594 -2.355296373 -0.014050880 -0.003303569 0.999895751 130.174255371
0.999826193 0.011828912 0.014385463 -0.792467475 -0.011877577 0.999924421 0.003304801 -2.377636909 -0.014345308 -0.003475100 0.999891043 131.511199951
0.999847651 0.009877689 0.014365780 -0.779348493 -0.009931665 0.999944210 0.003693386 -2.405246496 -0.014328519 -0.003835511 0.999889910 132.838806152
0.999860406 0.008754721 0.014210404 -0.768641949 -0.008817316 0.999952078 0.004350763 -2.427090883 -0.014171655 -0.004475465 0.999889493 134.183731079
0.999873340 0.008151889 0.013636568 -0.756814122 -0.008207455 0.999958634 0.004026553 -2.458482027 -0.013603203 -0.004137976 0.999898791 135.543533325
0.999899745 0.006746129 0.012421370 -0.747947931 -0.006798160 0.999968767 0.004154218 -2.476056576 -0.012392974 -0.004238258 0.999914050 136.841766357
0.999920011 0.005255314 0.011475157 -0.742158055 -0.005312641 0.999974012 0.004974077 -2.501295805 -0.011448742 -0.005034658 0.999921560 138.210662842
0.999939740 0.003709228 0.010295696 -0.728980303 -0.003765139 0.999978840 0.005420175 -2.519631386 -0.010275394 -0.005458630 0.999932110 139.527053833
0.999956787 0.002188012 0.008997126 -0.727154016 -0.002235767 0.999983847 0.005305491 -2.539116859 -0.008985393 -0.005325392 0.999945283 140.890228271
0.999966264 0.002513166 0.007796326 -0.725043654 -0.002550477 0.999985814 0.004784274 -2.564737320 -0.007784212 -0.004804012 0.999958038 142.208160400
0.999973774 0.002456454 0.006770357 -0.722614229 -0.002484746 0.999988675 0.004179146 -2.578341961 -0.006760032 -0.004195875 0.999968171 143.548629761
0.999982238 -0.000027381 0.005944077 -0.715509295 0.000013254 0.999997735 0.002383066 -2.603317499 -0.005944150 -0.002382962 0.999979258 144.914337158
0.999979675 -0.004391388 0.004596226 -0.729142606 0.004386812 0.999990344 0.001013675 -2.641255140 -0.004600653 -0.000993511 0.999988675 146.221771240
0.999895394 -0.014037577 0.003486944 -0.722534537 0.014022529 0.999892950 0.004315826 -2.649563313 -0.003547175 -0.004266496 0.999984384 147.585968018
0.999780178 -0.020858616 0.002041902 -0.706125677 0.020846186 0.999765515 0.005954656 -2.669667244 -0.002165652 -0.005910799 0.999979794 148.900772095
0.999673009 -0.025532579 0.001222299 -0.683733225 0.025528556 0.999669433 0.003241053 -2.683598518 -0.001304671 -0.003208810 0.999993563 150.214859009
0.999730587 -0.023160238 0.001344600 -0.699888587 0.023161143 0.999732077 -0.000621273 -2.720125198 -0.001329874 0.000652226 0.999998510 151.612304688
0.999792039 -0.020247519 0.002376216 -0.711287439 0.020253800 0.999792099 -0.002627542 -2.745840549 -0.002322544 0.002675096 0.999993145 152.925994873
0.999789596 -0.020246020 0.003266398 -0.717140555 0.020254925 0.999791741 -0.002700167 -2.780332327 -0.003211073 0.002765732 0.999990404 154.302764893
0.999727488 -0.023053229 0.003644652 -0.718784750 0.023052689 0.999734998 0.000204533 -2.803369999 -0.003648422 -0.000120482 0.999992788 155.614334106
0.999547124 -0.029824495 0.003936159 -0.713532805 0.029809490 0.999548793 0.003834681 -2.830713272 -0.004048774 -0.003715631 0.999984324 156.948043823
0.999415219 -0.033949841 0.003997287 -0.699711740 0.033929355 0.999411762 0.005103212 -2.841823578 -0.004168214 -0.004964623 0.999978423 158.295333862
0.999396622 -0.034510218 0.003851837 -0.688834786 0.034490749 0.999392986 0.005030814 -2.867424488 -0.004023136 -0.004894946 0.999979377 159.637969971
0.999448061 -0.032864418 0.004825382 -0.699818015 0.032838527 0.999446690 0.005365030 -2.890217304 -0.004999059 -0.005203628 0.999973476 161.012924194
0.999508500 -0.030753806 0.006060265 -0.707617939 0.030722879 0.999515057 0.005145067 -2.905255318 -0.006215584 -0.004956366 0.999967933 162.333175659
0.999637425 -0.025970614 0.007074368 -0.710397959 0.025952064 0.999659956 0.002710246 -2.935167789 -0.007142378 -0.002525688 0.999970913 163.706222534
0.999690056 -0.023644198 0.007760816 -0.708832026 0.023630958 0.999719441 0.001800875 -2.952318430 -0.007801250 -0.001616940 0.999967933 165.039718628
0.999744833 -0.021079483 0.008076078 -0.710689664 0.021053951 0.999773324 0.003240944 -2.977905750 -0.008142594 -0.003070103 0.999961793 166.402420044
0.999763429 -0.020234630 0.007930623 -0.705985904 0.020211574 0.999791563 0.002984654 -3.001777649 -0.007989393 -0.002823678 0.999963701 167.762344360
0.999807000 -0.018167127 0.007412373 -0.705167651 0.018162139 0.999835134 0.000747692 -3.025548220 -0.007424760 -0.000612946 0.999971986 169.121536255
0.999892890 -0.012862166 0.006907116 -0.709508538 0.012879758 0.999914169 -0.002500268 -3.069636345 -0.006874389 0.002588938 0.999972761 170.530395508
0.999941766 -0.008413689 0.006675969 -0.709558606 0.008437932 0.999958277 -0.003602629 -3.086562395 -0.006645407 0.003658725 0.999970913 171.855453491
0.999969363 -0.003009050 0.007129582 -0.711766839 0.003026908 0.999992669 -0.002487866 -3.117574930 -0.007122070 0.002509347 0.999971211 173.233749390
0.999969006 -0.000605801 0.007755618 -0.727306485 0.000608960 1.000000000 -0.000399173 -3.148178101 -0.007755405 0.000403861 0.999969423 174.640426636
0.999969542 -0.000348097 0.007705897 -0.728568196 0.000335261 0.999998748 0.001672723 -3.169149399 -0.007706501 -0.001670111 0.999968410 175.986465454
0.999970496 -0.003232000 0.006882978 -0.722912669 0.003213240 0.999991357 0.002741812 -3.193631411 -0.006891813 -0.002719637 0.999972045 177.402618408
0.999966681 -0.006047617 0.005354648 -0.721053600 0.006032055 0.999977887 0.002926728 -3.209462881 -0.005372263 -0.002894355 0.999980807 178.758956909
0.999970615 -0.006878910 0.003190670 -0.720969915 0.006882151 0.999976218 -0.000990448 -3.238676548 -0.003183816 0.001012355 0.999993861 180.095352173
0.999987125 -0.004674925 0.001637459 -0.732345164 0.004683561 0.999975324 -0.005284457 -3.268290997 -0.001612749 0.005292032 0.999984264 181.514434814
0.999998450 -0.000630123 0.001170610 -0.754070222 0.000637564 0.999979913 -0.006334615 -3.296949387 -0.001166629 0.006335326 0.999978840 182.905181885
0.999989569 0.004333060 0.000809165 -0.766854644 -0.004328799 0.999977469 -0.005147979 -3.335273266 -0.000831485 0.005144394 0.999985814 184.279266357
0.999984682 0.005279522 0.001049882 -0.776416123 -0.005277523 0.999984443 -0.001858438 -3.361633539 -0.001059708 0.001852847 0.999997199 185.700363159
0.999981463 0.005760393 0.001549079 -0.784632564 -0.005761263 0.999983370 0.000581832 -3.391654491 -0.001545734 -0.000590767 0.999998033 187.084564209
0.999979198 0.005970486 0.002047050 -0.794765830 -0.005974352 0.999980569 0.001907023 -3.424326420 -0.002035659 -0.001919235 0.999995470 188.505889893
0.999988854 0.004151857 0.001792745 -0.797946930 -0.004156192 0.999988496 0.002445593 -3.451395035 -0.001782607 -0.002453039 0.999994814 189.910552979
0.999995768 0.001691447 0.001984208 -0.795450926 -0.001697265 0.999994516 0.002956776 -3.476557255 -0.001979231 -0.002960154 0.999993026 191.282257080
0.999996722 -0.000930815 0.001933757 -0.799023271 0.000925563 0.999996066 0.002739690 -3.496787548 -0.001936337 -0.002737915 0.999993801 192.725555420
0.999984324 -0.004920618 0.002314836 -0.799155116 0.004912482 0.999981999 0.003529815 -3.519630432 -0.002332202 -0.003518413 0.999990404 194.111572266
0.999948084 -0.009772097 0.002541772 -0.796920538 0.009759475 0.999940395 0.004954205 -3.533922434 -0.002590071 -0.004929165 0.999983907 195.566650391
0.999916971 -0.012500331 0.002818956 -0.794873238 0.012485530 0.999908686 0.005228139 -3.561933279 -0.002884093 -0.005192532 0.999981701 196.988983154
0.999941826 -0.010274029 0.002971787 -0.808789253 0.010270898 0.999947131 0.001084240 -3.590388060 -0.002982810 -0.001053679 0.999994338 198.403091431
0.999988914 -0.002887524 0.003439433 -0.817972898 0.002901410 0.999987960 -0.004024223 -3.617255688 -0.003427814 0.004034133 0.999985397 199.824645996
0.999975085 0.004880449 0.004885709 -0.831248879 -0.004856838 0.999976814 -0.004824457 -3.632100582 -0.004909185 0.004800581 0.999975860 201.264007568
0.999891520 0.013331901 0.006101527 -0.852029324 -0.013328131 0.999911129 -0.000652516 -3.672434092 -0.006109728 0.000571094 0.999980688 202.707519531
0.999859869 0.015020616 0.007249046 -0.850231051 -0.015029987 0.999886453 0.001244445 -3.699769497 -0.007229573 -0.001353254 0.999972522 204.153442383
0.999889612 0.013267342 0.006547958 -0.845714092 -0.013278874 0.999910593 0.001726217 -3.724261761 -0.006524513 -0.001813005 0.999976635 205.560501099
0.999936938 0.009851317 0.005246617 -0.845872760 -0.009861778 0.999949813 0.001979063 -3.749629736 -0.005226898 -0.002030709 0.999983728 207.031738281
0.999958575 0.008064696 0.004030870 -0.841768265 -0.008072098 0.999966025 0.001832967 -3.780133247 -0.004015991 -0.001865458 0.999989688 208.461380005
0.999955297 0.008646119 0.003634222 -0.848948479 -0.008649712 0.999962330 0.000984796 -3.802452803 -0.003625613 -0.001016216 0.999992311 209.922653198
0.999949753 0.009287975 0.003559205 -0.851578891 -0.009291681 0.999956727 0.001036701 -3.832072496 -0.003549463 -0.001069749 0.999992549 211.404022217
0.999940455 0.010327354 0.003279273 -0.863165438 -0.010333237 0.999945343 0.001793548 -3.852457523 -0.003260613 -0.001827356 0.999992371 212.849975586
0.999940038 0.010460765 0.002973762 -0.871002436 -0.010465660 0.999944210 0.001648839 -3.887990952 -0.002956390 -0.001679892 0.999993563 214.305908203
0.999947190 0.009835460 0.002687851 -0.875390589 -0.009836869 0.999951780 0.000526524 -3.910950184 -0.002682583 -0.000552964 0.999995530 215.774703979
0.999961495 0.008348252 0.002425599 -0.882222354 -0.008348572 0.999965429 0.000139556 -3.934170246 -0.002424390 -0.000159827 0.999996305 217.231048584
0.999958277 0.008870199 0.001766721 -0.884103179 -0.008870659 0.999960840 0.000274028 -3.966177464 -0.001764260 -0.000289719 0.999997735 218.703704834
0.999952137 0.009547645 0.001667746 -0.892010868 -0.009547129 0.999954641 -0.000293485 -3.992387533 -0.001670511 0.000277517 0.999997973 220.180358887
0.999960423 0.008652188 0.001526641 -0.900197864 -0.008651647 0.999962747 -0.000335072 -4.019341946 -0.001529523 0.000321820 0.999998212 221.659240723
0.999946296 0.010231153 0.000966468 -0.914616764 -0.010230496 0.999947667 -0.000646015 -4.052001953 -0.000973067 0.000636061 0.999998868 223.152053833
0.999950588 0.009840182 0.000549248 -0.922423840 -0.009839711 0.999951422 -0.000790766 -4.076405525 -0.000557043 0.000785290 0.999999046 224.633544922
0.999945641 0.010340703 0.000183288 -0.931223333 -0.010340526 0.999946654 -0.000759348 -4.106727123 -0.000191172 0.000757375 0.999999166 226.125823975
0.999940991 0.010779123 0.000142651 -0.940624654 -0.010778956 0.999941885 -0.000919057 -4.149541378 -0.000152592 0.000917427 0.999999046 227.614151001
0.999962151 0.008590497 0.000311711 -0.949835598 -0.008590118 0.999962866 -0.001081741 -4.169795036 -0.000321035 0.001078985 0.999998748 229.110122681
0.999967456 0.007945545 0.000258625 -0.964374661 -0.007945295 0.999968469 -0.000798784 -4.205625057 -0.000265007 0.000796666 0.999998987 230.579330444
0.999983370 0.005595838 0.000498292 -0.969144225 -0.005595748 0.999984741 -0.000100183 -4.229629993 -0.000498888 0.000097356 0.999999285 232.061523438
0.999980211 0.006140855 0.000323752 -0.969088435 -0.006140927 0.999981582 0.000348998 -4.263577938 -0.000321647 -0.000351014 0.999999285 233.614532471
0.999976635 0.006683697 0.000513250 -0.972881317 -0.006683627 0.999978125 -0.000054824 -4.292122841 -0.000513649 0.000051357 0.999999285 235.048034668
0.999972939 0.007181069 0.000780031 -0.987992227 -0.007180475 0.999974310 -0.000704713 -4.321791649 -0.000785115 0.000699059 0.999998808 236.609039307
0.999963760 0.008310811 0.001170720 -1.002490282 -0.008310582 0.999965668 -0.000162482 -4.353763580 -0.001172073 0.000152712 0.999998629 238.079467773
0.999959588 0.008702344 0.001793893 -1.005259871 -0.008705957 0.999960244 0.002039208 -4.378840446 -0.001776119 -0.002054778 0.999995708 239.592453003
0.999969006 0.007309319 0.002585492 -0.999430120 -0.007316377 0.999969780 0.002749407 -4.404248714 -0.002565361 -0.002768273 0.999992251 241.151062012
0.999959350 0.008429695 0.002928521 -1.015062809 -0.008433082 0.999964118 0.001159875 -4.433274746 -0.002918682 -0.001184558 0.999994516 242.605941772
0.999953389 0.008794466 0.003755328 -1.008299828 -0.008792832 0.999961734 -0.000440438 -4.468429089 -0.003759100 0.000407365 0.999992371 244.172988892
0.999946535 0.009533840 0.003811691 -1.025119066 -0.009533797 0.999954939 -0.000020379 -4.487286568 -0.003811760 -0.000015994 0.999992132 245.648666382
0.999942243 0.009915546 0.003949017 -1.023440361 -0.009919561 0.999950647 0.001007376 -4.518996716 -0.003938881 -0.001046522 0.999991179 247.171997070
0.999942958 0.009982487 0.003572477 -1.032795191 -0.009989114 0.999948919 0.001851785 -4.555411339 -0.003553857 -0.001887399 0.999991179 248.737945557
0.999949098 0.009515694 0.003117845 -1.046020508 -0.009521035 0.999953806 0.001713671 -4.575333118 -0.003101443 -0.001743303 0.999992967 250.215988159
0.999925911 0.011615270 0.003398253 -1.041465759 -0.011621875 0.999930918 0.001940247 -4.606512547 -0.003375529 -0.001979629 0.999991596 251.794845581
0.999913275 0.012669867 0.003347466 -1.058878899 -0.012677424 0.999917328 0.002255630 -4.631891251 -0.003318659 -0.002297902 0.999991119 253.268768311
0.999906242 0.013164364 0.003561252 -1.056015730 -0.013172047 0.999911189 0.002151683 -4.650245667 -0.003532658 -0.002198420 0.999990582 254.852523804
0.999924958 0.011600778 0.003733461 -1.053682327 -0.011610018 0.999929607 0.002472694 -4.690983772 -0.003704563 -0.002515884 0.999989212 256.390716553
0.999947429 0.009497800 0.003635120 -1.050237417 -0.009508967 0.999950111 0.003078281 -4.705478668 -0.003605752 -0.003112716 0.999987841 257.931030273
0.999970436 0.006679192 0.003607599 -1.056367278 -0.006694309 0.999968886 0.004206766 -4.743770599 -0.003579439 -0.004230822 0.999983847 259.448394775
0.999974906 0.006158532 0.003256240 -1.051052451 -0.006168853 0.999975920 0.003181686 -4.764949322 -0.003236616 -0.003201722 0.999988914 260.981811523
0.999977529 0.005735931 0.003239760 -1.052105427 -0.005742616 0.999981463 0.002071906 -4.800336838 -0.003227864 -0.002090492 0.999991834 262.516845703
0.999985516 0.002818828 0.004419510 -1.055336714 -0.002833809 0.999990344 0.003397741 -4.821039200 -0.004409939 -0.003410244 0.999983549 264.056243896
0.999987304 -0.001510350 0.004677643 -1.052679300 0.001484010 0.999983072 0.005640051 -4.828776836 -0.004686131 -0.005633065 0.999972224 265.606689453
0.999986708 -0.000029483 0.005028990 -1.046726823 0.000004990 0.999988139 0.004879947 -4.874325275 -0.005029125 -0.004879885 0.999974489 267.179565430
0.999989808 -0.000969313 0.004256666 -1.067226768 0.000951494 0.999990940 0.004199204 -4.891577244 -0.004260746 -0.004195139 0.999981284 268.667297363
0.999986708 0.000089806 0.005037688 -1.077427149 -0.000110071 0.999992073 0.004033640 -4.916730404 -0.005037333 -0.004034169 0.999978423 270.252777100
0.999978721 0.001375342 0.006267466 -1.077767611 -0.001401525 0.999990404 0.004184002 -4.936969757 -0.006261698 -0.004192724 0.999970853 271.763519287
0.999970078 0.003356681 0.006883048 -1.086112261 -0.003382402 0.999987721 0.003735658 -4.968064785 -0.006870469 -0.003758856 0.999968529 273.311462402
0.999958217 0.004386445 0.007936251 -1.077954769 -0.004415796 0.999983728 0.003690571 -4.992444038 -0.007919976 -0.003725490 0.999960959 274.888854980
0.999947548 0.004994576 0.008860812 -1.077471495 -0.005024986 0.999981761 0.003418183 -5.020466805 -0.008843625 -0.003462557 0.999953985 276.385711670
0.999943495 0.004396594 0.009608152 -1.086345911 -0.004423820 0.999986529 0.002818880 -5.039563179 -0.009595676 -0.002861253 0.999948919 277.961303711
0.999932706 0.004747992 0.010506857 -1.072284937 -0.004772304 0.999986231 0.002293762 -5.074667454 -0.010495868 -0.002343779 0.999941170 279.462280273
0.999924302 0.004782797 0.011266543 -1.070368052 -0.004810646 0.999985576 0.002449268 -5.104757309 -0.011254713 -0.002503311 0.999932587 281.009033203
0.999922037 0.003269275 0.011985660 -1.051059246 -0.003313285 0.999988079 0.003657161 -5.130764008 -0.011973606 -0.003696617 0.999920428 282.595123291
0.999924600 0.000776327 0.012195538 -1.043883085 -0.000824967 0.999991953 0.003987274 -5.143021584 -0.012192394 -0.003997062 0.999916673 284.089965820
0.999923706 -0.000288497 0.012280637 -1.032678604 0.000267501 0.999998748 0.001715039 -5.180980206 -0.012281165 -0.001711653 0.999922097 285.668975830
0.999928892 0.001782812 0.011710759 -1.033681154 -0.001777428 0.999998689 -0.000466382 -5.216174126 -0.011711619 0.000445500 0.999930322 287.193908691
0.999937713 0.000500338 0.011089267 -1.013101578 -0.000494760 1.000000000 -0.000501913 -5.238687515 -0.011089568 0.000496363 0.999937356 288.744750977
0.999943137 -0.002149328 0.010381833 -1.010534763 0.002152469 0.999997973 -0.000287110 -5.269225597 -0.010381244 0.000309409 0.999944985 290.322204590
0.999955893 -0.001176749 0.009240116 -1.003428936 0.001186045 0.999999285 -0.000995472 -5.301836967 -0.009238986 0.001006357 0.999955893 291.839874268
0.999960899 -0.000679993 0.008717423 -1.002647877 0.000690933 0.999999583 -0.001246514 -5.332524776 -0.008716611 0.001252457 0.999960303 293.416137695
0.999963582 -0.000011064 0.008451936 -0.978441715 0.000019163 1.000000119 -0.000952588 -5.366761208 -0.008451969 0.000952682 0.999962986 294.985717773
0.999972999 -0.000862540 0.007174423 -0.996654034 0.000866611 1.000000000 -0.000557931 -5.397796631 -0.007173989 0.000564102 0.999973118 296.550994873
0.999979496 -0.001422130 0.006119284 -0.985019803 0.001419296 0.999999344 0.000474480 -5.421229362 -0.006120005 -0.000465816 0.999980032 298.172393799
0.999984384 -0.000298537 0.005450362 -0.990517735 0.000287541 0.999998391 0.002025788 -5.455902100 -0.005451009 -0.002024218 0.999981999 299.728393555
0.999980211 -0.000224055 0.006178390 -0.992345929 0.000211534 0.999998271 0.002034956 -5.476753712 -0.006178888 -0.002033636 0.999977708 301.326416016
0.999972880 0.001068252 0.007204046 -0.998964787 -0.001081356 0.999998093 0.001821507 -5.501313210 -0.007202139 -0.001829276 0.999971271 302.912567139
0.999971867 0.000071782 0.007403188 -0.998472452 -0.000084436 0.999998808 0.001714698 -5.533436775 -0.007403107 -0.001715303 0.999969959 304.513092041
0.999967933 -0.002162240 0.007607764 -0.992552042 0.002157702 0.999997556 0.000610314 -5.557692528 -0.007609119 -0.000593906 0.999969721 306.125976562
0.999957800 -0.004264854 0.008026023 -0.984464407 0.004274253 0.999990463 -0.001148055 -5.590104580 -0.008021102 0.001182282 0.999965966 307.709045410
0.999955475 -0.005060391 0.007861574 -0.997249365 0.005080299 0.999984145 -0.002507873 -5.623961449 -0.007848811 0.002547670 0.999964774 309.350463867
0.999973893 -0.003930640 0.005910553 -0.996661901 0.003948798 0.999987841 -0.003056049 -5.655792236 -0.005898522 0.003079274 0.999976814 310.919158936
0.999989033 -0.002747729 0.003537100 -0.994930148 0.002757481 0.999992609 -0.002742826 -5.689305305 -0.003529592 0.002752513 0.999988854 312.542175293
0.999994040 -0.001477612 0.002817579 -1.001967192 0.001474777 0.999998510 0.001024363 -5.723290443 -0.002819144 -0.001020238 0.999994576 314.161590576
0.999988258 -0.003180468 0.003394228 -0.996818900 0.003166842 0.999986947 0.004026320 -5.759062767 -0.003407045 -0.004015562 0.999985158 315.769287109
0.999985039 -0.003608791 0.003915878 -1.002336979 0.003590735 0.999983013 0.004620312 -5.773515701 -0.003932539 -0.004606217 0.999980688 317.396545410
0.999981463 -0.004417886 0.004017978 -1.005607724 0.004404713 0.999985099 0.003293147 -5.801642418 -0.004032521 -0.003275424 0.999985516 319.020843506
0.999975622 -0.005262061 0.004383764 -1.004937053 0.005248068 0.999981284 0.003208440 -5.823704720 -0.004400617 -0.003185390 0.999984264 320.651367188
0.999973714 -0.005543685 0.004483383 -1.000379324 0.005529022 0.999979556 0.003287231 -5.850471973 -0.004501565 -0.003262391 0.999983549 322.272888184
0.999971688 -0.005447933 0.005009888 -1.011753440 0.005429753 0.999979019 0.003645154 -5.887899399 -0.005029695 -0.003617882 0.999979913 323.900421143
0.999974847 -0.004248089 0.005503622 -1.012190938 0.004233329 0.999987781 0.002699196 -5.912750721 -0.005515075 -0.002675863 0.999980330 325.526702881
0.999973416 -0.003644887 0.006161157 -1.015672922 0.003632688 0.999991715 0.001996424 -5.942215443 -0.006168435 -0.001974021 0.999978185 327.148651123
0.999966204 -0.004131712 0.006980809 -1.016479731 0.004108432 0.999986291 0.003351608 -5.977322578 -0.006994613 -0.003322846 0.999969065 328.770477295
0.999967277 -0.006113955 0.005079651 -0.985577822 0.006085026 0.999965727 0.005701459 -6.008671761 -0.005114387 -0.005670397 0.999970019 330.414916992
0.999965012 -0.006476072 0.005061333 -0.990807652 0.006453329 0.999969542 0.004507260 -6.035192490 -0.005090419 -0.004474475 0.999976218 332.020233154
0.999961078 -0.005292555 0.006900397 -1.001074076 0.005266451 0.999979317 0.003802344 -6.068213940 -0.006920428 -0.003765886 0.999968112 333.636169434
0.999967277 -0.003803590 0.006983852 -1.007462263 0.003789890 0.999991238 0.001979759 -6.087242603 -0.006991369 -0.001953258 0.999972820 335.228149414
0.999976516 -0.001966695 0.006407652 -1.014059782 0.001976365 0.999997258 -0.001497150 -6.127184868 -0.006404739 0.001509747 0.999977469 336.850494385
0.999984801 -0.000534525 0.005317933 -1.009322643 0.000537737 1.000000000 -0.000595477 -6.157030106 -0.005317661 0.000598295 0.999984920 338.444580078
0.999989271 0.000165996 0.004444584 -1.012237668 -0.000175673 0.999997973 0.002185363 -6.189126015 -0.004444260 -0.002186153 0.999987066 340.068817139
0.999992669 0.001081653 0.003397987 -1.018324971 -0.001099908 0.999985278 0.005386123 -6.216540813 -0.003392154 -0.005389853 0.999979079 341.691284180
0.999995530 0.001595565 0.002076540 -1.024458170 -0.001605080 0.999988496 0.004606154 -6.241849899 -0.002069210 -0.004609499 0.999986529 343.276702881
0.999997616 0.001482798 0.000471546 -1.039096594 -0.001484042 0.999995649 0.002733640 -6.271564960 -0.000467531 -0.002734364 0.999995589 344.897003174
0.999997735 0.000657596 -0.001360556 -1.050281525 -0.000652353 0.999993026 0.003820214 -6.296298027 0.001363019 -0.003819347 0.999991238 346.476928711
0.999993682 -0.001812839 -0.002681093 -1.049539089 0.001825752 0.999987125 0.004806212 -6.336753845 0.002672307 -0.004811106 0.999984264 348.094421387
0.999992609 -0.002199891 -0.002785977 -1.078667283 0.002211006 0.999990046 0.003977797 -6.355760098 0.002777160 -0.003983959 0.999987602 349.690368652
0.999990761 -0.002397658 -0.003270768 -1.076029301 0.002407890 0.999992669 0.003115235 -6.390727520 0.003263237 -0.003123113 0.999989092 351.262329102
0.999991894 -0.002334923 -0.002951936 -1.095295787 0.002343362 0.999993682 0.002845031 -6.416548729 0.002945236 -0.002851956 0.999990821 352.873016357
0.999989450 -0.002972700 -0.003212849 -1.104268789 0.002981540 0.999992311 0.002737309 -6.447207451 0.003204648 -0.002746889 0.999990404 354.476928711
0.999987543 -0.003645446 -0.003142997 -1.120957851 0.003652478 0.999991357 0.002221049 -6.480335236 0.003134834 -0.002232531 0.999991834 356.058044434
0.999988258 -0.003501771 -0.003044670 -1.137903929 0.003506711 0.999992907 0.001603644 -6.512027740 0.003038993 -0.001614332 0.999993563 357.670593262
0.999986887 -0.003934401 -0.002968024 -1.154886723 0.003939184 0.999991298 0.001592188 -6.543961048 0.002961693 -0.001603890 0.999993801 359.250244141
0.999987125 -0.003760485 -0.003069831 -1.160796642 0.003763168 0.999992847 0.000854624 -6.568297386 0.003066556 -0.000866196 0.999994457 360.875213623
0.999984205 -0.004516028 -0.002995676 -1.179231882 0.004516318 0.999990046 0.000075023 -6.612391472 0.002995269 -0.000088582 0.999995053 362.437377930
0.999972701 -0.006443528 -0.003291822 -1.184531927 0.006446694 0.999979019 0.000939014 -6.628106117 0.003285663 -0.000960239 0.999993742 364.016601562
0.999942183 -0.010205040 -0.003071168 -1.195806146 0.010211828 0.999945581 0.002186272 -6.666054249 0.003048650 -0.002217537 0.999992549 365.637084961
0.999949336 -0.009583718 -0.002696762 -1.213041902 0.009587789 0.999953032 0.001481264 -6.697855949 0.002682399 -0.001507074 0.999994934 367.185607910
0.999960899 -0.008472544 -0.001996511 -1.222011328 0.008473922 0.999963999 0.000658107 -6.725464344 0.001990822 -0.000675029 0.999997377 368.810302734
0.999975383 -0.006469968 -0.002222456 -1.247960806 0.006473290 0.999977946 0.001467847 -6.757293701 0.002212869 -0.001482229 0.999996066 370.392456055
0.999982893 -0.005452465 -0.001522913 -1.255219579 0.005455979 0.999982536 0.002282480 -6.782697678 0.001510399 -0.002290778 0.999996066 372.007385254
0.999984860 -0.005116574 -0.001423021 -1.263417006 0.005119526 0.999984741 0.002046716 -6.813109875 0.001412483 -0.002053999 0.999996662 373.598175049
0.999986231 -0.004979015 -0.000486676 -1.278300881 0.004979586 0.999986827 0.001080489 -6.843802452 0.000481247 -0.001082923 0.999999285 375.193908691
0.999987662 -0.004696268 0.000110693 -1.285121202 0.004696261 0.999988675 0.000474545 -6.870417118 -0.000112966 -0.000474043 0.999999881 376.821563721
0.999990642 -0.004007651 0.000062120 -1.303148985 0.004007660 0.999991596 0.000569538 -6.904883385 -0.000064447 -0.000569307 0.999999881 378.406311035
0.999993324 -0.003321960 0.000287019 -1.320733666 0.003321709 0.999993682 0.001030234 -6.933829308 -0.000290487 -0.001029298 0.999999404 380.053649902
0.999996662 -0.002128286 0.000062876 -1.336128712 0.002128237 0.999996305 0.001463835 -6.965884209 -0.000066037 -0.001463720 0.999998927 381.649963379
0.999998331 -0.000942550 0.000276274 -1.345862508 0.000942365 0.999999046 0.000826913 -6.993640423 -0.000277100 -0.000826675 0.999999523 383.274169922
