1.000000000 -0.000000000 0.000000000 0.000000000 -0.000000000 1.000000000 0.000000000 0.000000000 0.000000000 0.000000000 0.999999881 -0.000000000
0.999997497 -0.001518029 -0.001632017 -0.007809917 0.001517707 0.999998808 -0.000198449 -0.018252151 0.001632317 0.000195971 0.999998510 0.565237343
0.999994099 -0.001749478 -0.002958088 -0.010964604 0.001744176 0.999996841 -0.001794056 -0.032115407 0.002961216 0.001788886 0.999993920 1.139278650
0.999987423 -0.001830645 -0.004669586 -0.014850210 0.001817218 0.999994218 -0.002878116 -0.048446581 0.004674828 0.002869594 0.999984860 1.679000258
0.999972224 -0.003037864 -0.006807848 -0.017649539 0.003005399 0.999984086 -0.004773905 -0.074672751 0.006822241 0.004753312 0.999965310 2.233779430
0.999941051 -0.006471328 -0.008717729 -0.016158719 0.006414034 0.999957740 -0.006584107 -0.077949047 0.008759967 0.006527802 0.999940217 2.808138609
0.999925613 -0.006925736 -0.010041401 -0.030583357 0.006854807 0.999951422 -0.007080968 -0.100641251 0.010089952 0.007011608 0.999924421 3.354692698
0.999906480 -0.007791406 -0.011254808 -0.042311866 0.007712890 0.999945641 -0.007002889 -0.106267318 0.011308759 0.006915425 0.999912024 3.937998295
0.999889076 -0.008142363 -0.012474972 -0.048631698 0.008051752 0.999940932 -0.007296578 -0.121444859 0.012533644 0.007195323 0.999895394 4.517055511
0.999881744 -0.007492171 -0.013432341 -0.068812698 0.007364412 0.999927521 -0.009535704 -0.145987511 0.013502804 0.009435656 0.999864101 5.104211330
0.999866545 -0.006492112 -0.014989865 -0.080546282 0.006284473 0.999884307 -0.013857716 -0.158330202 0.015078093 0.013761664 0.999791503 5.704223633
0.999850452 -0.005619734 -0.016362889 -0.096982285 0.005331006 0.999830186 -0.017635744 -0.170320928 0.016459215 0.017545875 0.999710381 6.312321663
0.999843240 -0.003517882 -0.017363610 -0.110002033 0.003206079 0.999833584 -0.017952612 -0.181976050 0.017423866 0.017894128 0.999687970 6.946358204
0.999827385 0.000302688 -0.018576059 -0.137501046 -0.000513251 0.999935508 -0.011331519 -0.199167028 0.018571429 0.011339106 0.999762952 7.587946892
0.999815583 0.001461602 -0.019152893 -0.157116801 -0.001470936 0.999998689 -0.000473365 -0.222399101 0.019152166 0.000501458 0.999816298 8.252481461
0.999796391 0.001961328 -0.020086065 -0.173144758 -0.001828041 0.999976158 0.006651856 -0.235598519 0.020098623 -0.006613770 0.999776065 8.919397354
0.999763250 0.003739059 -0.021436151 -0.188213602 -0.003607607 0.999974489 0.006167583 -0.254848391 0.021458656 -0.006088780 0.999751031 9.604804993
0.999744534 0.005752627 -0.021858873 -0.216755033 -0.005786696 0.999982297 -0.001495750 -0.258316427 0.021849856 0.001621875 0.999759734 10.295070648
0.999711752 0.005856498 -0.023286605 -0.256715775 -0.006032111 0.999954104 -0.007478446 -0.260161608 0.023241714 0.007616771 0.999700665 10.998132706
0.999700248 0.003563502 -0.024219884 -0.273245454 -0.003729807 0.999969900 -0.006824880 -0.264425695 0.024194809 0.006913184 0.999683142 11.730737686
0.999691367 0.002058907 -0.024757085 -0.287150711 -0.001996840 0.999994934 0.002531375 -0.280500829 0.024762155 -0.002481139 0.999689996 12.478481293
0.999686539 0.001470627 -0.024995908 -0.310686469 -0.001209563 0.999944746 0.010456054 -0.277378500 0.025009884 -0.010422519 0.999632657 13.258438110
0.999673009 0.001001200 -0.025554176 -0.336518168 -0.000667926 0.999914825 0.013046950 -0.283825099 0.025565041 -0.013025591 0.999588013 14.038743019
0.999664664 -0.000759876 -0.025884748 -0.353934973 0.001078102 0.999924123 0.012282148 -0.300179303 0.025873434 -0.012305911 0.999589264 14.842588425
0.999680340 -0.001062969 -0.025264652 -0.365780413 0.001310647 0.999951422 0.009788760 -0.299809694 0.025253005 -0.009818720 0.999632657 15.666574478
0.999685049 0.000926720 -0.025077634 -0.400229007 -0.000773674 0.999981105 0.006111863 -0.292637467 0.025082806 -0.006090515 0.999666452 16.493078232
0.999715745 -0.001827640 -0.023773221 -0.419670492 0.001848659 0.999998152 0.000862126 -0.306673110 0.023771578 -0.000905812 0.999716818 17.354265213
0.999716163 -0.004750818 -0.023344880 -0.441085398 0.004623436 0.999974370 -0.005507506 -0.320526421 0.023370428 0.005398024 0.999711990 18.202545166
0.999751151 -0.004241185 -0.021897893 -0.467637688 0.004000272 0.999931335 -0.011033910 -0.335779399 0.021943172 0.010943582 0.999699116 19.109903336
0.999761343 -0.001779534 -0.021775976 -0.498172075 0.001514311 0.999924660 -0.012190159 -0.351903647 0.021796012 0.012154291 0.999688327 19.996431351
0.999753654 -0.002302284 -0.022076191 -0.518327117 0.002045349 0.999930143 -0.011654180 -0.377542019 0.022101466 0.011606168 0.999688148 20.916555405
0.999756575 -0.001234697 -0.022023479 -0.551920116 0.000958415 0.999921024 -0.012551135 -0.404507279 0.022037221 0.012526983 0.999678373 21.879718781
0.999754727 0.002232327 -0.022029130 -0.583047628 -0.002561843 0.999885380 -0.014941395 -0.434401810 0.021993242 0.014994178 0.999645352 22.818429947
0.999739707 0.005922615 -0.022027347 -0.617999136 -0.006273402 0.999854267 -0.015890267 -0.456531465 0.021930009 0.016024327 0.999630749 23.796689987
0.999728799 0.007405600 -0.022078197 -0.650276601 -0.007755366 0.999845386 -0.015799029 -0.485150039 0.021957766 0.015965978 0.999631166 24.737957001
0.999722362 0.007855759 -0.022210669 -0.679575145 -0.008209821 0.999840200 -0.015895100 -0.518161535 0.022082236 0.016073043 0.999626637 25.741691589
0.999710858 0.008185404 -0.022606334 -0.707251668 -0.008537843 0.999843001 -0.015537959 -0.549376965 0.022475589 0.015726486 0.999623299 26.707565308
0.999698281 0.008991534 -0.022853725 -0.728376091 -0.009326532 0.999850094 -0.014594271 -0.582044899 0.022719059 0.014803022 0.999631882 27.695318222
0.999683738 0.010057072 -0.023041813 -0.765041471 -0.010350811 0.999866366 -0.012664557 -0.616819978 0.022911344 0.012899065 0.999653935 28.731401443
0.999666870 0.010577691 -0.023534130 -0.796558559 -0.010847683 0.999876618 -0.011374452 -0.639388502 0.023410896 0.011625968 0.999657929 29.717483521
0.999675333 0.010032354 -0.023422467 -0.826203585 -0.010318474 0.999873400 -0.012126786 -0.674215257 0.023297826 0.012364547 0.999651670 30.764631271
0.999647319 0.011726620 -0.023825167 -0.864677727 -0.012036165 0.999844611 -0.012890651 -0.696141541 0.023670293 0.013172883 0.999632597 31.764238358
0.999645650 0.011286975 -0.024108602 -0.896871328 -0.011592414 0.999854028 -0.012567138 -0.722248435 0.023963232 0.012842175 0.999629855 32.794082642
0.999646783 0.009900487 -0.024663409 -0.922426581 -0.010151627 0.999897897 -0.010078212 -0.754575014 0.024561102 0.010325043 0.999644458 33.865848541
0.999626756 0.010852237 -0.025074294 -0.958268702 -0.011004819 0.999921799 -0.005955053 -0.788920701 0.025007695 0.006228791 0.999667287 34.900127411
0.999632776 0.009353979 -0.025435476 -0.986429930 -0.009458847 0.999947309 -0.004005671 -0.806747913 0.025396653 0.004244813 0.999667883 35.985229492
0.999615669 0.009409424 -0.026077667 -1.024473190 -0.009505403 0.999948502 -0.003558996 -0.832128644 0.026042826 0.003805529 0.999653041 37.032226562
0.999607146 0.009798067 -0.026260400 -1.049450636 -0.009923044 0.999940097 -0.004632920 -0.858005702 0.026213424 0.004891706 0.999643862 38.128730774
0.999572277 0.010899559 -0.027143763 -1.093559623 -0.011041628 0.999926031 -0.005089575 -0.885278821 0.027086277 0.005387132 0.999617994 39.169681549
0.999546766 0.010906207 -0.028063294 -1.129126072 -0.011026896 0.999930382 -0.004149668 -0.908018172 0.028016081 0.004457258 0.999597251 40.245178223
0.999541521 0.009961028 -0.028594960 -1.167292595 -0.010031951 0.999946713 -0.002338107 -0.935904920 0.028570142 0.002623919 0.999588132 41.339099884
0.999526620 0.008804996 -0.029485621 -1.208755016 -0.008801639 0.999961078 0.000243479 -0.957204640 0.029486613 0.000016179 0.999564826 42.408641815
0.999505162 0.010878398 -0.029519426 -1.247560740 -0.010876152 0.999940515 0.000236435 -0.983981848 0.029520245 0.000084761 0.999564052 43.494964600
0.999473095 0.012235912 -0.030064350 -1.290257931 -0.012343528 0.999917805 -0.003396762 -1.012883902 0.030020315 0.003766094 0.999541998 44.558059692
0.999446452 0.014276875 -0.030055946 -1.335044026 -0.014513114 0.999864995 -0.007656858 -1.043461561 0.029942570 0.008088846 0.999518871 45.656810760
0.999421775 0.015763773 -0.030129604 -1.375284910 -0.016000524 0.999842465 -0.007633146 -1.071287394 0.030004529 0.008110845 0.999516726 46.712535858
0.999451935 0.014069139 -0.029964291 -1.412281632 -0.014229031 0.999885261 -0.005129849 -1.093140602 0.029888682 0.005553422 0.999537647 47.789802551
0.999447405 0.014382747 -0.029965717 -1.448925734 -0.014524401 0.999883950 -0.004515059 -1.105846763 0.029897297 0.004947819 0.999540627 48.902973175
0.999482393 0.012462956 -0.029660758 -1.496329784 -0.012547901 0.999917328 -0.002679642 -1.135512590 0.029624922 0.003050456 0.999556184 49.961585999
0.999485731 0.013217674 -0.029216580 -1.532809854 -0.013310566 0.999906600 -0.002987428 -1.161153436 0.029174376 0.003374802 0.999568403 51.063247681
0.999506176 0.012629209 -0.028776698 -1.575707674 -0.012754679 0.999909580 -0.004180845 -1.199837923 0.028721308 0.004545840 0.999576867 52.118652344
0.999495208 0.013820342 -0.028601222 -1.610028148 -0.014029717 0.999875724 -0.007133181 -1.219909191 0.028499100 0.007530868 0.999565244 53.192218781
0.999518752 0.012690090 -0.028304659 -1.645893693 -0.012946778 0.999876082 -0.008904346 -1.252224445 0.028188180 0.009266535 0.999559462 54.268013000
0.999532402 0.011244358 -0.028429640 -1.680322766 -0.011607174 0.999852359 -0.012629671 -1.290847778 0.028283443 0.012953773 0.999515891 55.346878052
0.999553263 0.010494184 -0.027978100 -1.722061038 -0.010888333 0.999842644 -0.013973232 -1.331825137 0.027827077 0.014271649 0.999510646 56.422142029
0.999570131 0.009000959 -0.027897032 -1.751100779 -0.009340396 0.999883294 -0.012061528 -1.367088199 0.027785223 0.012316936 0.999537706 57.497303009
0.999598145 0.006621295 -0.027558411 -1.785815120 -0.006799378 0.999956191 -0.006373620 -1.391436577 0.027515020 0.006558460 0.999599576 58.569389343
0.999613583 0.005115528 -0.027315969 -1.815481782 -0.005133885 0.999986351 -0.000602210 -1.414336324 0.027312532 0.000742238 0.999626338 59.676055908
0.999622643 0.003658506 -0.027223231 -1.847416162 -0.003637686 0.999992609 0.000813971 -1.451049685 0.027226031 -0.000714614 0.999628663 60.757202148
0.999637008 0.000812422 -0.026928943 -1.879060626 -0.000881761 0.999995828 -0.002563371 -1.471367598 0.026926769 0.002586205 0.999633670 61.831787109
0.999637663 -0.000503967 -0.026909500 -1.913991094 0.000335924 0.999979913 -0.006249143 -1.497892022 0.026912129 0.006237861 0.999617934 62.933998108
0.999637365 0.001530364 -0.026880315 -1.956256986 -0.001784000 0.999953687 -0.009414514 -1.527327776 0.026864672 0.009459075 0.999594033 64.007453918
0.999638915 0.001937542 -0.026798440 -1.996382475 -0.002306215 0.999902546 -0.013733407 -1.564428091 0.026769234 0.013790272 0.999546230 65.088317871
0.999647558 0.005105398 -0.026047941 -2.028806686 -0.005486665 0.999878228 -0.014586873 -1.591521025 0.025970314 0.014724674 0.999553919 66.169952393
0.999638736 0.008536381 -0.025482016 -2.071731329 -0.008831554 0.999894559 -0.011493864 -1.618347645 0.025381217 0.011714779 0.999608994 67.264160156
0.999629140 0.009829290 -0.025387427 -2.107315302 -0.010057556 0.999909580 -0.008879720 -1.662448168 0.025297865 0.009131784 0.999637842 68.362617493
0.999634326 0.009758331 -0.025206940 -2.136869669 -0.009964863 0.999917269 -0.008081378 -1.694450378 0.025126006 0.008329630 0.999649167 69.440551758
0.999645948 0.008576231 -0.025174323 -2.170921564 -0.008767345 0.999932945 -0.007491376 -1.725718379 0.025108408 0.007709456 0.999654591 70.545341492
0.999652624 0.007686280 -0.025204021 -2.205365896 -0.007853289 0.999947429 -0.006534624 -1.752090096 0.025152495 0.006730310 0.999660492 71.622528076
0.999659598 0.005628539 -0.025470363 -2.235977888 -0.005745165 0.999972939 -0.004508659 -1.783962488 0.025444314 0.004653476 0.999664962 72.730537415
0.999649346 0.004263459 -0.026124023 -2.266126633 -0.004337613 0.999986410 -0.002783200 -1.813670039 0.026111815 0.002895561 0.999654293 73.807777405
0.999638617 0.003701156 -0.026616305 -2.302157402 -0.003796002 0.999986172 -0.003514347 -1.843202114 0.026602948 0.003614132 0.999639034 74.870521545
0.999612629 0.004059417 -0.027533960 -2.343903065 -0.004249203 0.999967217 -0.006838406 -1.876359463 0.027505325 0.006952771 0.999596953 75.962738037
0.999598622 0.004915565 -0.027900305 -2.385188580 -0.005175010 0.999943733 -0.009235092 -1.906682849 0.027853360 0.009375785 0.999567568 77.028930664
0.999564946 0.007039964 -0.028643828 -2.423777103 -0.007267701 0.999942422 -0.007854910 -1.937035203 0.028586909 0.008059682 0.999558330 78.116127014
0.999544740 0.007683103 -0.029175326 -2.460009336 -0.007796281 0.999962091 -0.003768053 -1.963480234 0.029145302 0.003993811 0.999566674 79.199745178
0.999524653 0.008316895 -0.029686093 -2.496321201 -0.008291063 0.999964714 0.000992583 -1.984591484 0.029693330 -0.000745967 0.999558210 80.248878479
0.999502659 0.008753609 -0.030292556 -2.537139416 -0.008712079 0.999960542 0.001502024 -2.012217283 0.030304534 -0.001237351 0.999539375 81.331817627
0.999479592 0.009974319 -0.030671950 -2.584169865 -0.009988515 0.999949634 -0.000310290 -2.040418148 0.030667340 0.000616510 0.999528885 82.374694824
0.999457419 0.009564729 -0.031510070 -2.624232531 -0.009609028 0.999952674 -0.001255405 -2.060864687 0.031496592 0.001557520 0.999502122 83.433479309
0.999448001 0.009174194 -0.031923637 -2.667567730 -0.009230772 0.999955654 -0.001625969 -2.090570927 0.031907327 0.001919766 0.999488354 84.472053528
0.999436677 0.007610690 -0.032678686 -2.704984903 -0.007653013 0.999969661 -0.001170817 -2.119060516 0.032668807 0.001420263 0.999464631 85.503410339
0.999418139 0.007124918 -0.033348791 -2.741914749 -0.007116818 0.999974132 0.000360982 -2.145750284 0.033350542 -0.000123421 0.999443054 86.517486572
0.999412775 0.005553559 -0.033805117 -2.779360771 -0.005459159 0.999980569 0.002883545 -2.163996935 0.033820510 -0.002697291 0.999423623 87.500549316
0.999384165 0.005775678 -0.034603864 -2.813827038 -0.005631071 0.999974549 0.004274359 -2.194720507 0.034627721 -0.004076857 0.999391377 88.505699158
0.999312639 0.004705513 -0.036762040 -2.861435890 -0.004554568 0.999980450 0.004188223 -2.216990232 0.036781065 -0.004017898 0.999314606 89.438293457
0.999190390 0.003886899 -0.040037666 -2.908449888 -0.003746470 0.999986053 0.003581491 -2.243246078 0.040051077 -0.003428579 0.999191046 90.385589600
0.999056399 0.003700912 -0.043265741 -2.957266092 -0.003580158 0.999989033 0.002867746 -2.262872458 0.043275904 -0.002710131 0.999058783 91.286125183
0.998917282 0.003474546 -0.046388492 -2.998693466 -0.003348768 0.999989867 0.002788484 -2.282549143 0.046397761 -0.002630108 0.998919010 92.162994385
0.998752058 0.004498424 -0.049738556 -3.050567627 -0.004294884 0.999981344 0.004197955 -2.304389000 0.049756560 -0.003979082 0.998752892 93.038864136
0.998610139 0.005454673 -0.052415941 -3.104652405 -0.005199601 0.999973297 0.005001071 -2.325786114 0.052441865 -0.004721566 0.998612344 93.862449646
0.998445034 0.006360602 -0.055378027 -3.158098936 -0.006005164 0.999959648 0.006582154 -2.344712973 0.055417709 -0.006239356 0.998443305 94.686393738
0.998277485 0.007315737 -0.058208048 -3.214126348 -0.006896307 0.999948144 0.007403084 -2.355628967 0.058259241 -0.006988902 0.998276651 95.466293335
0.998110414 0.009579163 -0.060693625 -3.267085314 -0.009101161 0.999924719 0.008146981 -2.373106718 0.060767144 -0.007579196 0.998122871 96.227081299
0.997931480 0.010734775 -0.063380077 -3.327977896 -0.010303741 0.999920905 0.007123499 -2.390745878 0.063451581 -0.006455705 0.997963667 96.957519531
0.997748613 0.013255007 -0.065739125 -3.383494377 -0.013054736 0.999907970 0.003474847 -2.416047573 0.065779179 -0.002608807 0.997830510 97.648742676
0.997524142 0.016217832 -0.068425819 -3.441743374 -0.016269105 0.999866843 -0.000192349 -2.436764479 0.068413638 0.001305112 0.997655869 98.314170837
0.997346163 0.018333588 -0.070456281 -3.496908903 -0.018578339 0.999822676 -0.002820295 -2.453133106 0.070392132 0.004121785 0.997510731 98.949729919
0.997246206 0.020189364 -0.071360283 -3.548981428 -0.020508325 0.999781966 -0.003740175 -2.472635984 0.071269251 0.005193367 0.997443318 99.547149658
0.997261465 0.022051714 -0.070590191 -3.593451262 -0.022355398 0.999743044 -0.003515173 -2.490658045 0.070494592 0.005083634 0.997498930 100.129302979
0.997371078 0.025512485 -0.067817874 -3.648566723 -0.025747361 0.999664485 -0.002591786 -2.504223347 0.067729011 0.004331117 0.997694075 100.688232422
0.997706354 0.026826534 -0.062143911 -3.693183661 -0.026926573 0.999636352 -0.000773099 -2.513641834 0.062100608 0.002444661 0.998066664 101.231689453
0.998098433 0.028719403 -0.054535251 -3.716060400 -0.028696777 0.999586821 0.001197587 -2.533989429 0.054547142 0.000369687 0.998510838 101.748657227
0.998581171 0.028462702 -0.045003921 -3.734214306 -0.028321361 0.999590993 0.003774721 -2.548480988 0.045092978 -0.002494783 0.998979390 102.234870911
0.999055445 0.027717851 -0.033461105 -3.745559216 -0.027556976 0.999605656 0.005258710 -2.560241699 0.033593703 -0.004331645 0.999425888 102.707328796
0.999425471 0.027368395 -0.019973889 -3.751992226 -0.027272010 0.999614239 0.005080627 -2.573297501 0.020105261 -0.004532970 0.999787271 103.158355713
0.999632895 0.026651753 -0.004810821 -3.739110708 -0.026629776 0.999634147 0.004569388 -2.583878279 0.004930856 -0.004439590 0.999977708 103.583312988
0.999584198 0.025711292 0.013031516 -3.727899075 -0.025735518 0.999666631 0.001696717 -2.596543789 -0.012983546 -0.002031372 0.999913394 104.001693726
0.999114037 0.024573578 0.034158282 -3.703203440 -0.024493331 0.999695420 -0.002764955 -2.610296726 -0.034215819 0.001925870 0.999412298 104.414390564
0.998019397 0.023405945 0.058386538 -3.657378197 -0.022983400 0.999703825 -0.007897696 -2.632142305 -0.058554139 0.006540150 0.998262584 104.831398010
0.996123254 0.020568449 0.085527234 -3.612524033 -0.019761886 0.999751329 -0.010266228 -2.641624928 -0.085717157 0.008536270 0.996282637 105.209594727
0.993195474 0.017880883 0.115077212 -3.538228989 -0.016659010 0.999793410 -0.011570668 -2.648370504 -0.115260392 0.009574879 0.993288815 105.608329773
0.988935113 0.015343194 0.147551373 -3.456497192 -0.013477124 0.999815464 -0.013638223 -2.661441326 -0.147733495 0.011498768 0.988959968 105.970344543
0.982950449 0.013590198 0.183366835 -3.348196030 -0.010973873 0.999822378 -0.015275361 -2.683721542 -0.183541954 0.013002697 0.982925534 106.357902527
0.975159168 0.008789974 0.221330047 -3.237833023 -0.005481329 0.999863267 -0.015558602 -2.687439919 -0.221436650 0.013958951 0.975074589 106.688148499
0.965113819 0.007858817 0.261711836 -3.098051071 -0.003620743 0.999853849 -0.016671844 -2.712218761 -0.261804789 0.015142661 0.965001702 107.066917419
0.953147471 0.007998508 0.302399307 -2.970985413 -0.002832882 0.999841750 -0.017516803 -2.728593349 -0.302491814 0.015839459 0.953020096 107.370117188
0.938020885 0.009597212 0.346445173 -2.817543030 -0.003550048 0.999829352 -0.018085230 -2.738978624 -0.346559823 0.015734451 0.937895536 107.700164795
0.920126259 0.008962097 0.391518921 -2.624786377 -0.002467431 0.999850273 -0.017088290 -2.757811069 -0.391613692 0.014757361 0.920011044 108.064727783
0.900354683 0.008393941 0.435075313 -2.453125000 -0.001675284 0.999872684 -0.015823716 -2.752625942 -0.435153008 0.013518106 0.900254607 108.324325562
0.877168775 0.006578409 0.480136752 -2.240924835 0.001464179 0.999864340 -0.016374169 -2.774472237 -0.480179369 0.015065939 0.877040505 108.647583008
0.852433145 0.006525287 0.522795200 -2.036521912 0.003393389 0.999831438 -0.018012438 -2.792074203 -0.522824764 0.017128471 0.852267683 108.886863708
0.824773848 0.007854233 0.565407932 -1.809738159 0.004637470 0.999775350 -0.020652920 -2.801100731 -0.565443218 0.019656077 0.824552298 109.182235718
0.794790506 0.012173396 0.606761575 -1.583946228 0.003266957 0.999697983 -0.024336180 -2.822641373 -0.606874764 0.021324450 0.794510841 109.396728516
0.761044502 0.017844519 0.648454010 -1.313335419 0.000642029 0.999599934 -0.028261034 -2.846831083 -0.648698926 0.021924254 0.760728538 109.703346252
0.724393845 0.023139179 0.688997746 -1.053405762 -0.001969345 0.999501407 -0.031496555 -2.843955994 -0.689383209 0.021459058 0.724078417 109.882377625
0.685217559 0.023104912 0.727971613 -0.771286011 0.000338737 0.999485910 -0.032041274 -2.857354879 -0.728337765 0.022201860 0.684857845 110.111427307
0.643963993 0.019854615 0.764797926 -0.440338135 0.004659403 0.999542356 -0.029871950 -2.890772820 -0.765041113 0.022799991 0.643576980 110.335739136
0.600922644 0.018032439 0.799103379 -0.146690369 0.006538549 0.999600649 -0.027473779 -2.888670444 -0.799279809 0.021734623 0.600565076 110.493789673
0.553944945 0.015675385 0.832405686 0.223831177 0.007696317 0.999683201 -0.023947153 -2.909188747 -0.832517385 0.019671887 0.553648770 110.702690125
0.506892383 0.013580218 0.861901879 0.530040741 0.009064035 0.999736130 -0.021082580 -2.909817696 -0.861961067 0.018498935 0.506635964 110.822578430
0.456092805 0.008795165 0.889888287 0.938884735 0.011787918 0.999803305 -0.015923137 -2.956830978 -0.889853537 0.017752385 0.455899864 111.005798340
0.405080974 0.008975570 0.914236188 1.275802612 0.009943524 0.999848902 -0.014221854 -2.949073792 -0.914226115 0.014851756 0.404930919 111.094184875
0.353992820 0.013384541 0.935151815 1.640438080 0.006701759 0.999835074 -0.016847210 -2.964032650 -0.935223579 0.012230975 0.353845268 111.207695007
0.302390337 0.019170787 0.952990890 2.069759369 0.004958786 0.999751985 -0.021684902 -2.986040592 -0.953170776 0.011283006 0.302220792 111.332702637
0.256409645 0.020630686 0.966347575 2.443897247 0.007085846 0.999704540 -0.023222970 -2.983049154 -0.966541588 0.012802008 0.256188214 111.378654480
0.213794172 0.020582801 0.976661384 2.882089615 0.013999574 0.999610424 -0.024130978 -3.008186817 -0.976777852 0.018831935 0.213423103 111.472633362
0.179543406 0.020016283 0.983545959 3.303861618 0.022091251 0.999458313 -0.024372799 -3.024306774 -0.983501256 0.026103765 0.179004461 111.484390259
0.148025692 0.021139167 0.988757014 3.748971939 0.026162721 0.999337375 -0.025282152 -3.049204826 -0.988636732 0.029611018 0.147375003 111.538436890
0.120811656 0.019798407 0.992477596 4.202310562 0.024498641 0.999436557 -0.022919375 -3.065988541 -0.992372394 0.027083308 0.120259047 111.560997009
0.095093541 0.016183902 0.995336413 4.684304237 0.018892858 0.999657869 -0.018059174 -3.058384418 -0.995288372 0.020522090 0.094755732 111.601043701
0.070197731 0.013457185 0.997441947 5.198332310 0.014260579 0.999792874 -0.014492527 -3.067438841 -0.997430503 0.015241470 0.069991745 111.642295837
0.048242688 0.010025941 0.998784900 5.704246998 0.018229462 0.999773741 -0.010916367 -3.084001303 -0.998668671 0.018733973 0.048049495 111.640319824
0.028319687 0.010464229 0.999543786 6.239981651 0.025171332 0.999620140 -0.011178196 -3.108259201 -0.999281287 0.025476441 0.028046057 111.632804871
0.009931400 0.012425990 0.999873102 6.804707527 0.031131746 0.999433637 -0.012729749 -3.134964943 -0.999465287 0.031254254 0.009539410 111.632560730
-0.003543220 0.017778754 0.999835193 7.369321823 0.030936033 0.999364853 -0.017660759 -3.147746325 -0.999514699 0.030868396 -0.004090535 111.619956970
-0.014975185 0.022653438 0.999630868 7.979715824 0.028124815 0.999356806 -0.022225901 -3.148440838 -0.999491930 0.027781628 -0.015602242 111.618225098
-0.021164870 0.022773709 0.999516070 8.587099075 0.030311916 0.999294996 -0.022126812 -3.156283379 -0.999315858 0.029828979 -0.021839835 111.597656250
-0.024348292 0.019306680 0.999516666 9.219739914 0.035877876 0.999185801 -0.018426301 -3.189958096 -0.999059141 0.035411920 -0.025020722 111.575180054
-0.023969220 0.017874559 0.999552429 9.883597374 0.037975416 0.999134362 -0.016956428 -3.203974724 -0.998990774 0.037552029 -0.024626832 111.557609558
-0.021747516 0.017385481 0.999611855 10.553926468 0.037191957 0.999170065 -0.016568651 -3.234771729 -0.999071002 0.036817230 -0.022375651 111.548698425
-0.020389983 0.017655421 0.999635756 11.239789009 0.033633012 0.999289572 -0.016963277 -3.234395504 -0.999225855 0.033274896 -0.020968881 111.547187805
-0.019151652 0.018441489 0.999645948 11.944053650 0.032277554 0.999319375 -0.017817076 -3.263163328 -0.999294937 0.031924918 -0.019733438 111.534912109
-0.017978499 0.019349080 0.999650538 12.671658516 0.032166783 0.999305665 -0.018763889 -3.286996126 -0.999320149 0.031818233 -0.018587986 111.525489807
-0.017134354 0.019112233 0.999669909 13.427002907 0.031819634 0.999320507 -0.018560162 -3.316182852 -0.999346077 0.031491153 -0.017730426 111.518806458
-0.016718704 0.017935967 0.999698758 14.169044495 0.030510634 0.999381840 -0.017420029 -3.341213465 -0.999394000 0.030210230 -0.017255181 111.518913269
-0.016332513 0.016520932 0.999729633 14.943504333 0.030513287 0.999405324 -0.016017081 -3.367800236 -0.999400198 0.030243473 -0.016826486 111.509613037
-0.016914034 0.014034582 0.999757767 15.717468262 0.032474868 0.999381125 -0.013479877 -3.386148214 -0.999328613 0.032239042 -0.017358910 111.499885559
-0.017968545 0.013144840 0.999751449 16.502038956 0.030827848 0.999444962 -0.012586739 -3.404746771 -0.999362409 0.030594062 -0.018363373 111.487808228
-0.019812150 0.012850110 0.999720275 17.310379028 0.029637611 0.999485075 -0.012259725 -3.415629864 -0.999363720 0.029386487 -0.020182358 111.496192932
-0.021449717 0.009990970 0.999719083 18.102167130 0.031290676 0.999466300 -0.009317068 -3.444347143 -0.999279559 0.031082090 -0.021750456 111.483505249
-0.022706114 0.007725705 0.999711454 18.922107697 0.032928739 0.999432802 -0.006975641 -3.473145485 -0.999198973 0.032760900 -0.022947198 111.475135803
-0.024253357 0.007958066 0.999673367 19.730751038 0.030883748 0.999496400 -0.007207367 -3.481068611 -0.999228001 0.030698905 -0.024486486 111.460449219
-0.025047923 0.011210384 0.999622643 20.546432495 0.027465757 0.999566734 -0.010521528 -3.519517660 -0.999308169 0.027191902 -0.025344547 111.441169739
-0.024740925 0.015663443 0.999570370 21.385736465 0.028160851 0.999490798 -0.014965166 -3.539947271 -0.999296606 0.027778545 -0.025169002 111.407531738
-0.025837298 0.017399674 0.999513924 22.212589264 0.029019453 0.999439657 -0.016648225 -3.572516203 -0.999244332 0.028575251 -0.026327319 111.388031006
-0.027278917 0.015014704 0.999514282 23.077293396 0.025647547 0.999567986 -0.014315529 -3.598675489 -0.999298215 0.025244623 -0.027651802 111.372543335
-0.028508769 0.011040818 0.999531806 23.904087067 0.022874195 0.999683797 -0.010390067 -3.615426064 -0.999331176 0.022567317 -0.028751882 111.366737366
-0.028971653 0.005559438 0.999563873 24.763845444 0.020994855 0.999766767 -0.004952036 -3.647451878 -0.999359071 0.020842273 -0.029081192 111.345703125
-0.028924841 0.000261824 0.999580860 25.613622665 0.017862389 0.999839723 0.000254999 -3.660105228 -0.999421477 0.017862307 -0.028924463 111.323143005
-0.028520619 -0.000654857 0.999592185 26.453262329 0.014843955 0.999888718 0.001078588 -3.670522928 -0.999482393 0.014868693 -0.028507305 111.307167053
-0.028255811 0.005764520 0.999583304 27.293075562 0.017327759 0.999835253 -0.005276155 -3.709865332 -0.999449849 0.017171495 -0.028350629 111.293640137
-0.026933592 0.015768176 0.999512017 28.121208191 0.019334644 0.999696314 -0.015250071 -3.742129564 -0.999449492 0.018914513 -0.027229868 111.271842957
-0.026648445 0.020747373 0.999428809 28.949016571 0.020981504 0.999575377 -0.020190973 -3.778744459 -0.999423921 0.020431504 -0.027072031 111.261482239
-0.025178071 0.015478097 0.999562383 29.780427933 0.022652585 0.999631643 -0.014908568 -3.797777176 -0.999425650 0.022267345 -0.025518997 111.237190247
-0.024258785 0.008688916 0.999667108 30.615274429 0.026081339 0.999626815 -0.008055648 -3.821425438 -0.999364913 0.025877276 -0.024475930 111.216026306
-0.024000602 0.006051959 0.999692857 31.436927795 0.027927803 0.999594867 -0.005380872 -3.841542721 -0.999321222 0.027790125 -0.024159474 111.204017639
-0.024043674 0.006223854 0.999690652 32.257400513 0.026744606 0.999626160 -0.005580210 -3.864445686 -0.999352574 0.026602212 -0.024200715 111.188949585
-0.025226487 0.006634824 0.999658942 33.070743561 0.023920268 0.999695122 -0.006031428 -3.885735512 -0.999395132 0.023760002 -0.025377072 111.186203003
-0.026843036 0.006912326 0.999614894 33.883995056 0.022260040 0.999731660 -0.006315371 -3.907256603 -0.999391258 0.022081982 -0.026989277 111.171653748
-0.029241061 0.007076693 0.999546528 34.698272705 0.021561466 0.999746203 -0.006447334 -3.929550886 -0.999339163 0.021363204 -0.029385805 111.150352478
-0.030910965 0.007644290 0.999492109 35.503440857 0.020093884 0.999772787 -0.007024998 -3.964627028 -0.999319911 0.019866563 -0.031057123 111.127189636
-0.033106294 0.007287239 0.999424517 36.302349091 0.018780483 0.999800801 -0.006667871 -3.979136944 -0.999275208 0.018548958 -0.033236135 111.104400635
-0.035454083 0.006557730 0.999349058 37.098583221 0.017121932 0.999835074 -0.005953479 -3.999541759 -0.999224305 0.016899742 -0.035560101 111.093444824
-0.037511569 0.005620940 0.999279737 37.903480530 0.016969472 0.999842942 -0.004987097 -4.031257153 -0.999151826 0.016770206 -0.037600651 111.068840027
-0.039399106 0.005795289 0.999205947 38.678432465 0.016796639 0.999845028 -0.005136697 -4.053933144 -0.999082327 0.016580949 -0.039489906 111.041931152
-0.041096602 0.006200392 0.999135137 39.469581604 0.016174845 0.999853194 -0.005539542 -4.078979969 -0.999024272 0.015933225 -0.041190423 111.012657166
-0.042415954 0.006358650 0.999078870 40.235538483 0.016691934 0.999843955 -0.005654861 -4.099742413 -0.998960555 0.016436730 -0.042515047 110.986763000
-0.043375105 0.005193131 0.999044478 41.016414642 0.017893415 0.999829412 -0.004420340 -4.125826359 -0.998898625 0.017684620 -0.043460209 110.948608398
-0.044894278 0.004859948 0.998979151 41.784893036 0.018531555 0.999819458 -0.004031224 -4.146634102 -0.998819768 0.018331688 -0.044975813 110.923156738
-0.046334572 0.004398430 0.998915493 42.539276123 0.018303042 0.999825478 -0.003553452 -4.166306496 -0.998758197 0.018118575 -0.046406582 110.897537231
-0.047486838 0.003484286 0.998864770 43.300651550 0.016305154 0.999862671 -0.002712605 -4.185648918 -0.998738945 0.016157849 -0.047536697 110.873268127
-0.048370227 0.002510278 0.998825312 44.017776489 0.015521149 0.999877274 -0.001761274 -4.204065323 -0.998708963 0.015417736 -0.048402835 110.844497681
-0.048947599 0.002396016 0.998797417 44.745643616 0.015667781 0.999875188 -0.001630775 -4.227655411 -0.998678565 0.015569133 -0.048978601 110.813766479
-0.049393259 0.004151836 0.998769760 45.446277618 0.015598798 0.999871910 -0.003384992 -4.242185116 -0.998657703 0.015412426 -0.049451258 110.783348083
-0.049489137 0.006341835 0.998753428 46.146057129 0.015204760 0.999868035 -0.005595501 -4.266077995 -0.998659134 0.014908902 -0.049578603 110.757873535
-0.049350668 0.008819669 0.998741508 46.841751099 0.013635538 0.999872923 -0.008155892 -4.286830425 -0.998688400 0.013215888 -0.049464233 110.737937927
-0.049955644 0.009007323 0.998709738 47.533546448 0.013985382 0.999866724 -0.008318208 -4.307998657 -0.998653531 0.013551808 -0.050074529 110.698539734
-0.049649317 0.009167692 0.998723686 48.224620819 0.015132038 0.999849200 -0.008425769 -4.327342033 -0.998652101 0.014694405 -0.049780127 110.672256470
-0.050079778 0.008692598 0.998706400 48.917896271 0.014867918 0.999856889 -0.007957068 -4.355717659 -0.998634636 0.014450202 -0.050201423 110.639999390
-0.050277427 0.009062447 0.998693228 49.608879089 0.012302181 0.999887824 -0.008453959 -4.368876934 -0.998659551 0.011861067 -0.050382841 110.620422363
-0.050277796 0.008913856 0.998694539 50.273071289 0.010607272 0.999907911 -0.008390679 -4.384657860 -0.998678863 0.010171562 -0.050367292 110.594940186
-0.050327532 0.008083154 0.998699009 50.962654114 0.011678315 0.999902844 -0.007504390 -4.417622089 -0.998664558 0.011285449 -0.050416622 110.567283630
-0.051580448 0.007671774 0.998638391 51.638881683 0.011302263 0.999910057 -0.007097775 -4.438733578 -0.998604894 0.010920772 -0.051662091 110.539329529
-0.054926768 0.006864134 0.998465836 52.301837921 0.008220400 0.999944866 -0.006422090 -4.459380627 -0.998456419 0.007855044 -0.054979764 110.503547668
-0.060131960 0.007162671 0.998163819 52.989871979 0.007033742 0.999951720 -0.006751771 -4.471202374 -0.998165548 0.006614828 -0.060179036 110.473274231
-0.065943241 0.009598583 0.997776270 53.638370514 0.008825922 0.999919355 -0.009035897 -4.493428707 -0.997784317 0.008210439 -0.066022247 110.429328918
-0.072401941 0.013043203 0.997289240 54.318969727 0.010082065 0.999872208 -0.012345039 -4.511679649 -0.997324646 0.009160931 -0.072523780 110.383682251
-0.079395384 0.013796525 0.996746540 54.971656799 0.009474390 0.999868751 -0.013085059 -4.533548355 -0.996798158 0.008404676 -0.079515249 110.326240540
-0.085770629 0.013309893 0.996224940 55.660461426 0.006256689 0.999897361 -0.012820286 -4.553308487 -0.996295273 0.005133459 -0.085844718 110.275016785
-0.091360077 0.012602063 0.995737016 56.350265503 0.005809773 0.999908864 -0.012121809 -4.575249672 -0.995801091 0.004677548 -0.091424577 110.213401794
-0.095856883 0.012436427 0.995316267 57.011653900 0.003872353 0.999918342 -0.012120986 -4.600833893 -0.995387673 0.002692328 -0.095896840 110.162017822
-0.099843606 0.012352296 0.994925439 57.727092743 0.000580440 0.999922693 -0.012356088 -4.613253593 -0.995002985 -0.000656199 -0.099842697 110.095138550
-0.102226749 0.009036265 0.994718969 58.398216248 0.000220193 0.999958217 -0.009061228 -4.628628731 -0.994761109 -0.000707285 -0.102224097 110.023254395
-0.104636058 0.006534988 0.994487882 59.142959595 0.003269475 0.999974549 -0.006227036 -4.652657986 -0.994505107 0.002599870 -0.104654387 109.956321716
-0.106029920 0.003714985 0.994354904 59.831100464 0.002889839 0.999989212 -0.003427884 -4.667623043 -0.994358599 0.002510055 -0.106039152 109.882759094
-0.107375473 0.003218568 0.994212151 60.577995300 0.002305539 0.999992251 -0.002988277 -4.683611870 -0.994215786 0.001971312 -0.107381664 109.811225891
-0.107857183 0.006167491 0.994146109 61.308273315 0.004001094 0.999974668 -0.005769559 -4.705231190 -0.994158268 0.003355374 -0.107878767 109.736961365
-0.108390450 0.010146666 0.994055390 62.026191711 0.009216688 0.999914527 -0.009201493 -4.716338634 -0.994065583 0.008164545 -0.108474329 109.664649963
-0.109101996 0.014503542 0.993923545 62.782299042 0.015917934 0.999790132 -0.012841847 -4.754230499 -0.993902981 0.014420152 -0.109309606 109.570327759
-0.109616302 0.016146103 0.993841648 63.506088257 0.017623065 0.999741793 -0.014298208 -4.770771027 -0.993817747 0.015947236 -0.109872162 109.494575500
-0.109843358 0.014266281 0.993845165 64.273658752 0.015694285 0.999796510 -0.012617117 -4.794420719 -0.993825018 0.014211798 -0.110044509 109.418037415
-0.109758668 0.010059406 0.993905962 65.019615173 0.017187182 0.999817908 -0.008221224 -4.799152851 -0.993809700 0.016180111 -0.109911166 109.339736938
-0.110165209 0.007772251 0.993881643 65.755630493 0.018132567 0.999817967 -0.005808792 -4.829039574 -0.993747830 0.017381717 -0.110285684 109.260185242
-0.110975891 0.007999884 0.993789613 66.505805969 0.019244451 0.999796748 -0.005899217 -4.845425606 -0.993636847 0.018470285 -0.111106910 109.180419922
-0.112486303 0.008308002 0.993617058 67.241180420 0.018076664 0.999815881 -0.006313387 -4.868396282 -0.993488848 0.017251140 -0.112615407 109.107658386
-0.114401378 0.008421612 0.993397474 67.983642578 0.017473893 0.999825716 -0.006463781 -4.894671440 -0.993280768 0.016619079 -0.114528246 109.028511047
-0.116696641 0.008601717 0.993128896 68.722007751 0.017535575 0.999823749 -0.006599196 -4.912147522 -0.993012726 0.016645007 -0.116826549 108.943984985
-0.118404463 0.009130326 0.992921948 69.470649719 0.018105945 0.999810576 -0.007034556 -4.930971622 -0.992800415 0.017144881 -0.118546978 108.860519409
-0.120317683 0.008872077 0.992694318 70.217796326 0.017785532 0.999818265 -0.006780074 -4.953085423 -0.992576241 0.016839845 -0.120453216 108.773223877
-0.121968508 0.009238634 0.992489457 70.955879211 0.018381231 0.999805629 -0.007047833 -4.982887745 -0.992363691 0.017383575 -0.122114234 108.686698914
-0.123076566 0.009922824 0.992346108 71.724624634 0.016930504 0.999825060 -0.007897779 -5.006697178 -0.992253065 0.015828896 -0.123222589 108.601257324
-0.124333829 0.010488551 0.992183566 72.458625793 0.017038526 0.999818921 -0.008434104 -5.018566132 -0.992094398 0.015856707 -0.124489583 108.520935059
-0.125450119 0.010597371 0.992041945 73.244781494 0.016759045 0.999822676 -0.008561188 -5.047329426 -0.991958678 0.015551683 -0.125605047 108.430534363
-0.126359954 0.009641319 0.991935968 74.006790161 0.016326632 0.999837101 -0.007638302 -5.060344696 -0.991850376 0.015229815 -0.126496330 108.333679199
-0.127364844 0.008173387 0.991820574 74.795181274 0.016173260 0.999849916 -0.006162650 -5.092098236 -0.991724312 0.015256079 -0.127477497 108.254196167
-0.130058572 0.005427227 0.991489768 75.583473206 0.011524788 0.999925196 -0.003961630 -5.095568180 -0.991439462 0.010911466 -0.130110919 108.153854370
-0.132122442 0.004570418 0.991221130 76.341072083 0.010992645 0.999933958 -0.003145347 -5.114473820 -0.991172552 0.010480570 -0.132163510 108.053428650
-0.134426296 0.004905079 0.990909755 77.161651611 0.011521878 0.999927402 -0.003386659 -5.145454884 -0.990856767 0.010961886 -0.134472609 107.949516296
-0.136403427 0.005907557 0.990634143 77.936134338 0.011576570 0.999922812 -0.004368930 -5.151289463 -0.990585804 0.010872206 -0.136460885 107.845176697
-0.137811929 0.009829464 0.990408063 78.762756348 0.012500064 0.999887824 -0.008184200 -5.174963951 -0.990379632 0.011252284 -0.137918919 107.725807190
-0.137385726 0.013414138 0.990424991 79.538681030 0.015992349 0.999807477 -0.011322838 -5.193229198 -0.990388811 0.014283642 -0.137573451 107.641784668
-0.138182491 0.017282233 0.990254223 80.364410400 0.016942078 0.999742210 -0.015083667 -5.226737976 -0.990262091 0.014692682 -0.138439283 107.517898560
-0.137982488 0.018612519 0.990258098 81.177238464 0.018494479 0.999696910 -0.016212899 -5.242807388 -0.990262210 0.016077233 -0.138284549 107.419242859
-0.137562960 0.018006101 0.990327537 81.998786926 0.021837279 0.999646246 -0.015142179 -5.285979271 -0.990252674 0.019543087 -0.137907147 107.305427551
-0.137306586 0.016409669 0.990391016 82.834121704 0.022815397 0.999649286 -0.013399960 -5.305509090 -0.990266085 0.020756295 -0.137632474 107.189689636
-0.136574596 0.014504842 0.990521789 83.679992676 0.022259416 0.999684691 -0.011569855 -5.330788136 -0.990379810 0.020468311 -0.136854097 107.075386047
-0.134937674 0.012008450 0.990779698 84.514587402 0.021989549 0.999716043 -0.009121922 -5.345637798 -0.990610182 0.020555926 -0.135163143 106.978385925
-0.133410230 0.009563551 0.991013050 85.359962463 0.022944268 0.999714613 -0.006558760 -5.370967865 -0.990795374 0.021863094 -0.133591294 106.872116089
-0.131483868 0.005760639 0.991299808 86.212730408 0.022727877 0.999737144 -0.002795089 -5.392214298 -0.991057873 0.022162654 -0.131579921 106.758773804
-0.130185485 0.005793400 0.991471052 87.046188354 0.021685183 0.999759674 -0.002994447 -5.411103725 -0.991252780 0.021110421 -0.130279496 106.658584595
-0.128657028 0.009624693 0.991640687 87.900695801 0.022094192 0.999731839 -0.006836684 -5.438996315 -0.991443217 0.021029936 -0.128834829 106.550354004
-0.127184808 0.015537333 0.991755724 88.740737915 0.021684155 0.999681175 -0.012880677 -5.470486164 -0.991642118 0.019867180 -0.127480850 106.454658508
-0.125428006 0.018191174 0.991934180 89.590461731 0.018927520 0.999693036 -0.015940107 -5.502561092 -0.991922200 0.016775535 -0.125733465 106.347686768
-0.124546401 0.016918913 0.992067695 90.469200134 0.018608605 0.999717951 -0.014713200 -5.509686947 -0.992039323 0.016628528 -0.124825723 106.252578735
