0.999999881 -0.000000001 0.000000000 -0.000000000 -0.000000001 1.000000000 0.000000000 -0.000000000 0.000000000 0.000000000 1.000000000 0.000000000
0.999997914 0.000001061 0.001977773 -0.003862149 -0.000001807 0.999999940 0.000376197 -0.036205180 -0.001977772 -0.000376200 0.999997973 1.191641092
0.999993205 0.000140838 0.003651052 -0.009437400 -0.000143662 0.999999702 0.000772666 -0.051940773 -0.003650943 -0.000773186 0.999993026 2.388250113
0.999989212 0.000217622 0.004620676 -0.008183720 -0.000219820 0.999999881 0.000474769 -0.074039847 -0.004620573 -0.000475781 0.999989212 3.590243578
0.999984682 -0.000125619 0.005514536 -0.005739564 0.000122485 0.999999762 0.000568680 -0.100810461 -0.005514606 -0.000567997 0.999984622 4.789012909
0.999978721 -0.000051444 0.006497679 0.001265805 0.000047624 0.999999702 0.000588259 -0.120858625 -0.006497708 -0.000587938 0.999978781 5.983496189
0.999972641 -0.000325967 0.007347338 -0.000626199 0.000327458 0.999999821 -0.000201704 -0.151115224 -0.007347272 0.000204104 0.999973059 7.184016705
0.999966681 -0.000350308 0.008123642 -0.002985813 0.000355199 0.999999642 -0.000600486 -0.167371005 -0.008123431 0.000603352 0.999966800 8.382584572
0.999961555 -0.000374579 0.008722139 0.006945990 0.000370197 0.999999940 0.000504208 -0.196270347 -0.008722325 -0.000500959 0.999961972 9.572508812
0.999966621 -0.000587786 0.008104924 0.004171818 0.000575191 0.999998748 0.001556306 -0.223912925 -0.008105826 -0.001551593 0.999966145 10.768362045
0.999980450 -0.002282629 0.005787768 0.008757342 0.002274788 0.999996603 0.001361429 -0.245662406 -0.005790858 -0.001348234 0.999982536 11.971837997
0.999989808 -0.002856330 0.003466306 0.005293678 0.002852904 0.999995649 0.000993377 -0.263005942 -0.003469129 -0.000983476 0.999993801 13.170580864
0.999994874 -0.002354254 0.002069345 0.001004405 0.002352752 0.999997139 0.000728609 -0.293873936 -0.002071053 -0.000723734 0.999997854 14.361155510
0.999999106 -0.000774324 0.000852427 -0.010311715 0.000773833 0.999999642 0.000576536 -0.312218368 -0.000852873 -0.000575874 0.999999702 15.543809891
0.999999344 -0.000575108 0.000878499 -0.005402110 0.000574559 1.000000000 0.000628051 -0.344693333 -0.000878861 -0.000627544 0.999999762 16.759750366
0.999999225 -0.001136284 0.000401921 -0.006800159 0.001135900 0.999999344 0.000958979 -0.366778165 -0.000403012 -0.000958521 0.999999762 17.982582092
0.999999404 -0.000930851 -0.000275823 -0.020028289 0.000931186 0.999999285 0.001207822 -0.394553035 0.000274698 -0.001208077 0.999999523 19.162467957
0.999999166 -0.001141260 -0.000556342 -0.020037331 0.001141498 0.999999762 0.000424717 -0.418662548 0.000555856 -0.000425350 1.000000000 20.368701935
0.999997914 -0.001452474 -0.001487165 -0.038837153 0.001451558 0.999999225 -0.000618464 -0.439819783 0.001488061 0.000616306 0.999998987 21.555681229
0.999997377 -0.000844039 -0.002142979 -0.041512001 0.000843980 1.000000119 -0.000029140 -0.466435283 0.002143004 0.000027335 0.999997914 22.746683121
0.999995828 -0.000644775 -0.002834288 -0.049050212 0.000644616 1.000000238 -0.000057498 -0.489120424 0.002834326 0.000055675 0.999996126 23.972646713
0.999992907 -0.000702154 -0.003708441 -0.067445412 0.000698802 1.000000000 -0.000905356 -0.517163217 0.003709075 0.000902764 0.999992788 25.143573761
0.999989867 0.000146623 -0.004505916 -0.075837210 -0.000148883 1.000000358 -0.000501460 -0.539209425 0.004505844 0.000502132 0.999989927 26.366678238
0.999985158 -0.000847269 -0.005386604 -0.091634199 0.000854816 0.999999344 0.001398573 -0.566993177 0.005385414 -0.001403149 0.999984682 27.543684006
0.999978900 -0.002015711 -0.006181713 -0.110157333 0.002026975 0.999997079 0.001816538 -0.592313468 0.006178033 -0.001829022 0.999979436 28.743284225
0.999974430 -0.002060892 -0.006840650 -0.117665291 0.002065606 0.999998391 0.000682188 -0.614735365 0.006839230 -0.000696294 0.999976575 29.948667526
0.999965072 -0.003148525 -0.007733307 -0.132894814 0.003147817 0.999995947 -0.000104069 -0.638595343 0.007733592 0.000079729 0.999970436 31.133041382
0.999962091 -0.002717296 -0.008276731 -0.150544167 0.002714519 0.999997079 -0.000347081 -0.662246883 0.008277638 0.000324608 0.999965966 32.351490021
0.999954700 -0.003356185 -0.008893210 -0.162346631 0.003358248 0.999995232 0.000217024 -0.684715629 0.008892430 -0.000246874 0.999960780 33.524993896
0.999958932 -0.003516425 -0.008354137 -0.179286152 0.003523736 0.999994516 0.000860532 -0.710152388 0.008351050 -0.000889928 0.999965072 34.696720123
0.999954462 -0.004585661 -0.008365936 -0.184145138 0.004590700 0.999990284 0.000583149 -0.739944220 0.008363166 -0.000621520 0.999965072 35.907985687
0.999935329 -0.004169697 -0.010581824 -0.217355907 0.004173599 0.999992490 0.000346898 -0.757313490 0.010580282 -0.000391033 0.999944150 37.122085571
0.999932349 -0.005124361 -0.010444563 -0.225124672 0.005133182 0.999987721 0.000817943 -0.785076022 0.010440227 -0.000871493 0.999945343 38.341922760
0.999932408 -0.004974173 -0.010517601 -0.244321167 0.004995680 0.999986589 0.002019666 -0.805942059 0.010507403 -0.002072064 0.999942839 39.534557343
0.999932528 -0.004699407 -0.010651730 -0.278109968 0.004731069 0.999985576 0.002949221 -0.829300284 0.010637699 -0.002999405 0.999939144 40.734500885
0.999938726 -0.003564119 -0.010500399 -0.293660462 0.003593460 0.999990761 0.002776774 -0.851234853 0.010490384 -0.002814327 0.999941289 41.946342468
0.999941111 -0.003025339 -0.010451686 -0.320570081 0.003052704 0.999992967 0.002603335 -0.873064101 0.010443718 -0.002635077 0.999942183 43.137569427
0.999954104 -0.000649449 -0.009586855 -0.336160094 0.000688944 0.999992251 0.004117398 -0.890501440 0.009584092 -0.004123803 0.999945760 44.344947815
0.999965429 -0.000145356 -0.008330127 -0.363104314 0.000204516 0.999975622 0.007101808 -0.911433399 0.008328887 -0.007103253 0.999940217 45.554790497
0.999979258 0.000555669 -0.006460986 -0.385264575 -0.000492194 0.999952495 0.009822085 -0.923010111 0.006466131 -0.009818686 0.999931037 46.748939514
0.999990106 0.000942054 -0.004404650 -0.383365393 -0.000883246 0.999911606 0.013334721 -0.933596969 0.004416820 -0.013330678 0.999901533 47.968963623
0.999993980 0.000398100 -0.003489220 -0.405906379 -0.000346457 0.999891400 0.014789035 -0.945933998 0.003494725 -0.014787721 0.999884486 49.160873413
0.999997795 -0.000947346 -0.001958224 -0.419037640 0.000972506 0.999917269 0.012887700 -0.952697635 0.001945851 -0.012889562 0.999914944 50.368347168
0.999999821 -0.000744299 -0.000313299 -0.415207744 0.000747797 0.999936521 0.011319902 -0.968418539 0.000304854 -0.011320125 0.999935746 51.580753326
0.999999881 -0.000443621 0.000341097 -0.425863981 0.000439880 0.999941468 0.010889763 -0.962701082 -0.000345907 -0.010889598 0.999940574 52.763305664
1.000000000 -0.000520321 0.000500098 -0.436614364 0.000515093 0.999946594 0.010403072 -0.986751437 -0.000505484 -0.010402795 0.999945700 53.999637604
0.999999344 -0.001142910 -0.000509469 -0.447174728 0.001147670 0.999955475 0.009436571 -1.004574537 0.000498660 -0.009437132 0.999955297 55.181941986
0.999997497 -0.000839631 -0.002202034 -0.455493093 0.000860445 0.999955535 0.009466940 -1.005947709 0.002193983 -0.009468794 0.999952674 56.395072937
0.999993265 -0.001343684 -0.003495449 -0.456280291 0.001381207 0.999941826 0.010753954 -1.024834156 0.003480791 -0.010758691 0.999935925 57.608432770
0.999989033 -0.000979336 -0.004647890 -0.481976420 0.001031481 0.999937117 0.011229495 -1.035351634 0.004636595 -0.011234145 0.999926031 58.816986084
0.999984741 -0.000305529 -0.005560651 -0.498819232 0.000366704 0.999939978 0.011003703 -1.048637152 0.005556948 -0.011005554 0.999923885 60.037227631
0.999976099 0.000691943 -0.006899609 -0.520663142 -0.000622960 0.999950469 0.009995414 -1.058941126 0.006906176 -0.009990860 0.999926150 61.252708435
0.999975801 -0.000077453 -0.006980263 -0.548147440 0.000143601 0.999955654 0.009476434 -1.068118095 0.006979214 -0.009477189 0.999930620 62.446235657
0.999978602 -0.001315090 -0.006450767 -0.548467934 0.001375304 0.999955952 0.009339014 -1.092226744 0.006438191 -0.009347667 0.999935448 63.654994965
0.999975443 -0.001404968 -0.006901178 -0.562894881 0.001475889 0.999946535 0.010282771 -1.099718809 0.006886351 -0.010292683 0.999923110 64.841514587
0.999972105 -0.002307556 -0.007129015 -0.574381530 0.002394426 0.999923170 0.012201092 -1.112065911 0.007100306 -0.012217800 0.999900043 66.058815002
0.999972105 -0.001219146 -0.007411408 -0.592936575 0.001299741 0.999940515 0.010879217 -1.132127762 0.007397697 -0.010888522 0.999913275 67.249565125
0.999973118 0.000356690 -0.007332684 -0.606933713 -0.000288829 0.999957740 0.009253714 -1.142875433 0.007335665 -0.009251327 0.999930263 68.441566467
0.999969304 0.002036638 -0.007565555 -0.626663148 -0.001964255 0.999952972 0.009562820 -1.151846647 0.007584664 -0.009547649 0.999925613 69.657150269
0.999965250 0.003584210 -0.007541730 -0.651453018 -0.003509751 0.999945760 0.009863347 -1.170400381 0.007576663 -0.009836513 0.999922991 70.831092834
0.999960244 0.005409654 -0.007109873 -0.674414814 -0.005337500 0.999935031 0.010129008 -1.178287745 0.007164193 -0.010090633 0.999923527 72.034980774
0.999962449 0.005976696 -0.006305936 -0.688430011 -0.005907239 0.999922931 0.010976943 -1.199944735 0.006371043 -0.010939257 0.999919891 73.211883545
0.999967992 0.006772239 -0.004286673 -0.703136802 -0.006722820 0.999912441 0.011441096 -1.201920509 0.004363771 -0.011411889 0.999925375 74.388198853
0.999976337 0.006762687 -0.001337792 -0.713688433 -0.006748271 0.999922633 0.010504880 -1.220578194 0.001408721 -0.010495580 0.999943972 75.576019287
0.999994099 0.003419531 0.000828540 -0.714268804 -0.003423589 0.999982536 0.004940618 -1.245237708 -0.000811640 -0.004943411 0.999987423 76.765350342
0.999985874 0.003951916 0.003642948 -0.720516086 -0.003964632 0.999986708 0.003488847 -1.242569923 -0.003629119 -0.003503228 0.999987245 77.939559937
0.999973297 0.003742746 0.006304744 -0.715967774 -0.003790887 0.999964356 0.007640378 -1.271570444 -0.006275929 -0.007664059 0.999951005 79.115745544
0.999950767 0.003252920 0.009391946 -0.706398129 -0.003341615 0.999950469 0.009442987 -1.301378489 -0.009360768 -0.009473889 0.999911368 80.303955078
0.999898434 0.004052070 0.013676719 -0.703557730 -0.004152261 0.999965549 0.007304767 -1.300204515 -0.013646651 -0.007360802 0.999879777 81.474052429
0.999847829 0.003650759 0.017064404 -0.689320207 -0.003729939 0.999983191 0.004610181 -1.332928419 -0.017047284 -0.004673119 0.999843776 82.642082214
0.999788165 0.002098326 0.020484708 -0.677202582 -0.002114940 0.999998450 0.000789239 -1.344521761 -0.020483010 -0.000832394 0.999789894 83.812133789
0.999720514 0.000861654 0.023634432 -0.662249565 -0.000862666 1.000000477 0.000032484 -1.368474841 -0.023634408 -0.000052863 0.999720693 84.966117859
0.999626994 0.000828379 0.027298525 -0.630482674 -0.000871999 0.999999166 0.001585894 -1.397334218 -0.027297175 -0.001609106 0.999625981 86.125564575
0.999505877 0.001940925 0.031372145 -0.599204302 -0.002011115 0.999996126 0.002205780 -1.423905492 -0.031367742 -0.002267781 0.999505162 87.289436340
0.999397635 0.001479908 0.034667749 -0.569988251 -0.001495317 0.999999464 0.000418433 -1.442885995 -0.034667090 -0.000470017 0.999398649 88.443115234
0.999263763 0.001546127 0.038328584 -0.534205198 -0.001461690 0.999997079 -0.002231057 -1.468638301 -0.038331907 0.002173392 0.999262571 89.592338562
0.999148428 0.001574220 0.041225251 -0.487659216 -0.001474304 0.999996483 -0.002454157 -1.491791964 -0.041228950 0.002391292 0.999146640 90.750358582
0.999030471 0.000061703 0.044019096 -0.432881355 -0.000004786 0.999999762 -0.001293272 -1.523273110 -0.044019144 0.001291811 0.999029696 91.908218384
0.998887777 -0.000590900 0.047143854 -0.397284031 0.000584161 1.000000238 0.000156568 -1.544752121 -0.047143947 -0.000128849 0.998887777 93.064262390
0.998776019 -0.001076576 0.049447320 -0.344714642 0.000988839 0.999998271 0.001798639 -1.570055008 -0.049449168 -0.001747534 0.998774707 94.220359802
0.998633921 -0.002824008 0.052174523 -0.288612366 0.002674072 0.999992371 0.002943201 -1.588809490 -0.052182447 -0.002799651 0.998633206 95.384048462
0.998528361 -0.003701439 0.054102059 -0.231184006 0.003648170 0.999992907 0.001083220 -1.613409400 -0.054105695 -0.000884243 0.998534203 96.536727905
0.998392463 -0.005607903 0.056398351 -0.167725086 0.005767585 0.999979973 -0.002668997 -1.636745095 -0.056382250 0.002989995 0.998404324 97.692153931
0.998276174 -0.004845040 0.058488335 -0.113603115 0.005186638 0.999970555 -0.005690123 -1.652804852 -0.058459047 0.005983678 0.998271286 98.876914978
0.998170614 -0.004929423 0.060254000 -0.038732529 0.005329733 0.999965012 -0.006484871 -1.684101105 -0.060219925 0.006794150 0.998161376 100.028213501
0.998115778 -0.004706999 0.061174665 0.011920452 0.005078983 0.999969721 -0.005926665 -1.714503288 -0.061144922 0.006226208 0.998108804 101.203514099
0.998190761 -0.004817087 0.059928544 0.079772472 0.005069760 0.999979138 -0.004064999 -1.743548393 -0.059907708 0.004361474 0.998193741 102.379501343
0.998259485 -0.005360631 0.058724709 0.141450405 0.005522879 0.999981523 -0.002601010 -1.772661090 -0.058709670 0.002920818 0.998270333 103.567863464
0.998329580 -0.005175723 0.057536490 0.184402466 0.005337196 0.999982417 -0.002653233 -1.783483505 -0.057521742 0.002955890 0.998339355 104.741989136
0.998474061 -0.005294828 0.054960597 0.250089169 0.005420460 0.999983251 -0.002137156 -1.806016445 -0.054948345 0.002431812 0.998485684 105.927993774
0.998631835 -0.004542134 0.052083593 0.301261902 0.004660926 0.999986947 -0.002159679 -1.828871965 -0.052073106 0.002399487 0.998639882 107.138137817
0.998871922 -0.002822969 0.047388099 0.362699509 0.002906422 0.999994397 -0.001692380 -1.864077210 -0.047383040 0.001828204 0.998874605 108.367027283
0.999048352 -0.002671103 0.043520343 0.406137466 0.002736521 0.999995291 -0.001443836 -1.891700268 -0.043516263 0.001561560 0.999051034 109.574394226
0.999208927 -0.002132821 0.039698660 0.441077471 0.002157043 0.999997616 -0.000567521 -1.913631439 -0.039697334 0.000652707 0.999211073 110.796806335
0.999375880 -0.001948793 0.035252742 0.478449821 0.001931715 0.999998033 0.000518300 -1.941285610 -0.035253663 -0.000449874 0.999377787 112.001754761
0.999518871 -0.002029024 0.030923404 0.515013695 0.001996302 0.999997437 0.001088786 -1.958537936 -0.030925520 -0.001026525 0.999520659 113.233215332
0.999661982 -0.001251450 0.025949549 0.535872698 0.001214864 0.999998271 0.001425358 -1.989564180 -0.025951259 -0.001393344 0.999661624 114.445655823
0.999772310 -0.000710642 0.021294275 0.545987368 0.000685893 0.999999106 0.001169231 -2.001029968 -0.021295052 -0.001154351 0.999771953 115.651916504
0.999867976 0.000018117 0.016222069 0.564978838 -0.000035261 0.999999464 0.001056165 -2.030133963 -0.016222021 -0.001056590 0.999867260 116.901863098
0.999935865 0.000481182 0.011292693 0.561177194 -0.000485651 0.999999821 0.000392407 -2.046416998 -0.011292486 -0.000397858 0.999935508 118.122024536
0.999965250 0.002322453 0.007965903 0.567559242 -0.002325282 0.999997258 0.000345103 -2.075008154 -0.007965066 -0.000363606 0.999967694 119.355712891
0.999972761 0.004630253 0.005684210 0.553811431 -0.004632704 0.999989212 0.000416773 -2.095447779 -0.005682206 -0.000443089 0.999983311 120.568611145
0.999972045 0.005537277 0.004942348 0.557185948 -0.005538817 0.999984622 0.000296320 -2.124401808 -0.004940618 -0.000323682 0.999987125 121.805892944
0.999963343 0.007586339 0.003870181 0.560403347 -0.007588168 0.999971092 0.000455487 -2.145165920 -0.003866599 -0.000484834 0.999991834 123.071228027
0.999953926 0.009117747 0.002865107 0.543870628 -0.009121490 0.999957502 0.001292588 -2.164552212 -0.002853187 -0.001318657 0.999994338 124.299316406
0.999946594 0.009953957 0.002635412 0.554058552 -0.009958057 0.999949217 0.001544011 -2.199812651 -0.002619897 -0.001570166 0.999994636 125.547988892
0.999920726 0.012483289 0.001368342 0.530705392 -0.012487862 0.999916255 0.003378807 -2.213142157 -0.001326035 -0.003395620 0.999992669 126.795799255
0.999897182 0.014285591 0.000829729 0.512482405 -0.014290892 0.999874949 0.006763951 -2.216612816 -0.000732984 -0.006775103 0.999976277 128.041488647
0.999918580 0.012721586 0.000299570 0.523186743 -0.012723424 0.999893010 0.007200805 -2.259971619 -0.000207917 -0.007204019 0.999973595 129.316497803
0.999915838 0.012945462 -0.000310920 0.501904726 -0.012943704 0.999902904 0.005152212 -2.266124487 0.000377602 -0.005147743 0.999986231 130.558578491
0.999941468 0.010774373 -0.000522034 0.505462170 -0.010771204 0.999925315 0.005752588 -2.281364202 0.000583991 -0.005746618 0.999982893 131.815841675
0.999970496 0.007292178 -0.002229410 0.493174553 -0.007274128 0.999941349 0.008008122 -2.297824860 0.002287690 -0.007991661 0.999964952 133.069503784
0.999983788 0.004945180 -0.002659275 0.480355680 -0.004918803 0.999939322 0.009841844 -2.313338280 0.002707796 -0.009828597 0.999947548 134.332336426
0.999993503 0.002570989 -0.002294064 0.499352634 -0.002545338 0.999934793 0.011121971 -2.324694157 0.002322522 -0.011116056 0.999934971 135.600189209
0.999994934 -0.001514569 -0.002686098 0.469714046 0.001539883 0.999954045 0.009451881 -2.339639664 0.002671673 -0.009455964 0.999951184 136.858627319
0.999991298 -0.003403139 -0.002244199 0.478575200 0.003420642 0.999963284 0.007847905 -2.349230766 0.002217423 -0.007855509 0.999966145 138.141296387
0.999984384 -0.004931647 -0.002511856 0.459790885 0.004951621 0.999955535 0.008013893 -2.377508163 0.002472237 -0.008026201 0.999964237 139.408676147
0.999982893 -0.005333358 -0.002268922 0.447769701 0.005352092 0.999950886 0.008337400 -2.378547192 0.002224358 -0.008349395 0.999962270 140.685394287
0.999985635 -0.005119469 -0.001287042 0.434845716 0.005132065 0.999936879 0.009989971 -2.401475430 0.001235829 -0.009996428 0.999948859 141.970794678
0.999995470 -0.002729693 -0.000852468 0.423098117 0.002739680 0.999924660 0.011956906 -2.403173923 0.000819776 -0.011959180 0.999927700 143.245117188
0.999995172 -0.002927386 -0.000231899 0.410542011 0.002929666 0.999939501 0.010593099 -2.426865339 0.000200886 -0.010593720 0.999943376 144.519897461
0.999997377 -0.001772927 0.001000070 0.424342692 0.001764418 0.999962687 0.008434691 -2.433241129 -0.001014975 -0.008432900 0.999963403 145.798751831
0.999997497 -0.001964783 0.000738695 0.397412598 0.001959974 0.999977171 0.006442543 -2.452363491 -0.000751323 -0.006441073 0.999978483 147.075531006
0.999994159 -0.002906210 0.001603179 0.405062139 0.002902715 0.999993265 0.002172263 -2.484838247 -0.001609467 -0.002167590 0.999995887 148.335525513
0.999994278 -0.002863705 0.001626542 0.380903840 0.002866118 0.999994576 -0.001489939 -2.501544952 -0.001622254 0.001494599 0.999997020 149.609817505
0.999992073 -0.003412978 0.001811289 0.379501581 0.003416991 0.999991536 -0.002222678 -2.528236866 -0.001803675 0.002228854 0.999995291 150.881927490
0.999990046 -0.003852366 0.002051481 0.386583507 0.003856236 0.999990582 -0.001890909 -2.558089733 -0.002044166 0.001898805 0.999995470 152.154235840
0.999993384 -0.003084299 0.001685657 0.364220917 0.003086992 0.999993801 -0.001604069 -2.586242914 -0.001680687 0.001609269 0.999996662 153.418762207
0.999994218 -0.002767850 0.001672750 0.368008614 0.002768520 0.999995887 -0.000405645 -2.609697580 -0.001671608 0.000410281 0.999997914 154.696304321
0.999996424 -0.002103731 0.001321901 0.354173601 0.002103818 0.999997497 -0.000072853 -2.638728380 -0.001321730 0.000075643 0.999998510 155.948318481
0.999997616 -0.001762472 0.000910595 0.351181895 0.001762478 0.999998093 -0.000017258 -2.674101591 -0.000910548 0.000018871 0.999998927 157.201934814
0.999998271 -0.001446199 0.000338430 0.343121976 0.001446095 0.999998569 0.000278676 -2.697857857 -0.000338818 -0.000278176 0.999999344 158.493408203
0.999997854 -0.001651662 -0.000680907 0.334515035 0.001652574 0.999997437 0.001356059 -2.724147558 0.000678680 -0.001357171 0.999998212 159.752441406
0.999998093 -0.001328241 -0.000882610 0.332497180 0.001329687 0.999997318 0.001650630 -2.743816376 0.000880430 -0.001651790 0.999997735 161.017227173
0.999997616 -0.000960039 -0.001711435 0.316534519 0.000961221 0.999998987 0.000694728 -2.775715351 0.001710783 -0.000696361 0.999997616 162.274230957
0.999996185 -0.000284613 -0.002540196 0.298005521 0.000283793 0.999999523 -0.000320278 -2.805045128 0.002540303 0.000319566 0.999996066 163.542922974
0.999995410 0.000352749 -0.002876659 0.291982025 -0.000354201 0.999999464 -0.000500990 -2.822157383 0.002876496 0.000502017 0.999994993 164.810455322
0.999992013 0.000317006 -0.003865248 0.287376344 -0.000322441 0.999998510 -0.001403252 -2.855372667 0.003864814 0.001404496 0.999990821 166.082077026
0.999989629 0.000415299 -0.004436431 0.273431480 -0.000426213 0.999996603 -0.002457368 -2.881889105 0.004435411 0.002459243 0.999986410 167.347747803
0.999985754 0.000656394 -0.005193563 0.255904913 -0.000667703 0.999997139 -0.002174300 -2.906976938 0.005192136 0.002177747 0.999983370 168.611968994
0.999981284 0.000612791 -0.005982159 0.232017279 -0.000618826 0.999999106 -0.001005691 -2.934474230 0.005981551 0.001009385 0.999980807 169.877655029
0.999979198 0.000777351 -0.006295083 0.222481370 -0.000779957 0.999999404 -0.000410338 -2.965001345 0.006294773 0.000415250 0.999979377 171.142669678
0.999970436 0.001247105 -0.007493310 0.206621766 -0.001247062 0.999998987 0.000011519 -2.989082336 0.007493328 -0.000002163 0.999971032 172.417816162
0.999967575 0.001607466 -0.007820711 0.186253309 -0.001604729 0.999998331 0.000357604 -3.020439863 0.007821286 -0.000345031 0.999968469 173.678573608
0.999958277 0.002033776 -0.008812432 0.169593811 -0.002036487 0.999997556 -0.000297591 -3.046120405 0.008811817 0.000315537 0.999960303 174.952285767
0.999951601 0.003063040 -0.009278115 0.145293832 -0.003070998 0.999994695 -0.000842521 -3.072004080 0.009275496 0.000870985 0.999955654 176.217971802
0.999948919 0.003085181 -0.009575929 0.128618479 -0.003090601 0.999994755 -0.000550144 -3.094780684 0.009574194 0.000579722 0.999952972 177.486175537
0.999944508 0.002923590 -0.010079165 0.118164301 -0.002938257 0.999994397 -0.001439788 -3.122300625 0.010074909 0.001469332 0.999947131 178.754623413
0.999946833 0.002022711 -0.010066858 0.089006782 -0.002052164 0.999993324 -0.002915350 -3.152336121 0.010060907 0.002935863 0.999944031 180.015411377
0.999947965 -0.001676887 -0.010006121 0.077107191 0.001647137 0.999993861 -0.002979481 -3.194092274 0.010011074 0.002962851 0.999944568 181.268646240
0.999942660 -0.001138280 -0.010591827 0.043498039 0.001140063 0.999998987 0.000163427 -3.206373692 0.010591647 -0.000175488 0.999943018 182.534286499
0.999941289 -0.002222396 -0.010542386 0.028460503 0.002273067 0.999985635 0.004797996 -3.234483480 0.010531589 -0.004821673 0.999932051 183.807907104
0.999940634 -0.001202555 -0.010775025 0.011137724 0.001254304 0.999987483 0.004798443 -3.260983467 0.010769136 -0.004811668 0.999929488 185.041107178
0.999946713 0.000631728 -0.010253761 -0.006730556 -0.000615237 0.999998271 0.001612606 -3.281787395 0.010254782 -0.001606206 0.999945223 186.307174683
0.999940813 0.001254247 -0.010744614 -0.031273127 -0.001259674 0.999998689 -0.000497344 -3.306509972 0.010744001 0.000510855 0.999941289 187.542114258
0.999939799 0.000812964 -0.010884367 -0.061603308 -0.000819217 0.999999046 -0.000568948 -3.335865736 0.010883920 0.000577837 0.999939740 188.794601440
0.999940693 0.000719391 -0.010803378 -0.076152921 -0.000712982 0.999999166 0.000598030 -3.362849712 0.010803819 -0.000590287 0.999940574 190.073440552
0.999940217 0.000525881 -0.010874184 -0.100567698 -0.000498151 0.999996185 0.002553634 -3.385362148 0.010875504 -0.002548060 0.999936700 191.298324585
0.999948800 -0.000233785 -0.010060111 -0.123333097 0.000270131 0.999993026 0.003612809 -3.416719437 0.010059214 -0.003615336 0.999941945 192.568603516
0.999961495 0.000000117 -0.008726032 -0.140472770 0.000028181 0.999994278 0.003244116 -3.431253195 0.008726003 -0.003244234 0.999955654 193.779251099
0.999973059 -0.000956447 -0.007216168 -0.142510653 0.000967797 0.999997795 0.001571012 -3.463636160 0.007214671 -0.001577951 0.999971747 195.008560181
0.999980211 -0.001089673 -0.006117990 -0.159317613 0.001094142 0.999998629 0.000728665 -3.484372377 0.006117210 -0.000735342 0.999979973 196.266494751
0.999984801 -0.002798205 -0.004654997 -0.171684623 0.002798223 0.999995530 -0.000000746 -3.510698318 0.004655003 -0.000012277 0.999988139 197.474822998
0.999991179 -0.002218595 -0.003433467 -0.193917692 0.002221367 0.999996603 0.000806003 -3.539683580 0.003431692 -0.000813619 0.999992788 198.700149536
0.999994278 -0.002589705 -0.002018745 -0.199608728 0.002594310 0.999993563 0.002286592 -3.563564539 0.002012836 -0.002291810 0.999994338 199.901535034
0.999997973 -0.001686251 -0.000854189 -0.210274667 0.001688787 0.999993682 0.002987668 -3.592631102 0.000849172 -0.002989097 0.999994159 201.110504150
0.999998450 -0.001523466 0.000599456 -0.212697923 0.001521926 0.999995172 0.002547630 -3.613809109 -0.000603308 -0.002546707 0.999995530 202.332077026
0.999997616 -0.001297179 0.001517228 -0.224240601 0.001292677 0.999994338 0.002959472 -3.639097929 -0.001521030 -0.002957499 0.999993384 203.505798340
0.999995410 -0.001399134 0.002534084 -0.226750195 0.001390923 0.999993265 0.003235987 -3.667679787 -0.002538567 -0.003232441 0.999990463 204.720977783
0.999993622 -0.001083748 0.003295338 -0.233874857 0.001073486 0.999994099 0.003112197 -3.688561916 -0.003298665 -0.003108634 0.999988616 205.868972778
0.999990165 -0.001066358 0.004210331 -0.243287563 0.001052944 0.999993980 0.003185364 -3.708442926 -0.004213675 -0.003180896 0.999985039 207.041183472
0.999984324 -0.002275863 0.005052585 -0.240453601 0.002258678 0.999991238 0.003403180 -3.742739439 -0.005060257 -0.003391711 0.999980450 208.195343018
0.999985158 -0.002436410 0.004795052 -0.240695119 0.002418206 0.999989510 0.003796940 -3.765029669 -0.004804224 -0.003785284 0.999980330 209.354415894
0.999983370 -0.003326793 0.004643493 -0.248255491 0.003303271 0.999981225 0.005062385 -3.786676884 -0.004660218 -0.005046958 0.999975383 210.485900879
0.999988854 -0.002727750 0.003758683 -0.249325156 0.002709467 0.999984026 0.004858533 -3.804392338 -0.003771847 -0.004848292 0.999980032 211.599029541
0.999991179 -0.002505561 0.003315292 -0.253368735 0.002491951 0.999988019 0.004100802 -3.832121372 -0.003325501 -0.004092500 0.999985039 212.705764771
0.999991357 -0.002371231 0.003321395 -0.252411902 0.002361008 0.999992013 0.003075936 -3.849740982 -0.003328633 -0.003068065 0.999988675 213.784744263
0.999993086 -0.002515815 0.002616118 -0.257554352 0.002507789 0.999991655 0.003063419 -3.873673677 -0.002623776 -0.003056834 0.999990821 214.849456787
0.999993622 -0.003267144 0.001223489 -0.255255431 0.003263128 0.999988735 0.003262031 -3.899464130 -0.001234106 -0.003258012 0.999992788 215.926788330
0.999994338 -0.003267814 -0.000419848 -0.258339942 0.003269355 0.999987185 0.003748901 -3.918765545 0.000407619 -0.003750247 0.999991715 216.968612671
0.999985278 -0.004715179 -0.002601326 -0.272671968 0.004728671 0.999974728 0.005209066 -3.942101002 0.002576724 -0.005221284 0.999981880 218.012008667
0.999979734 -0.004394798 -0.004554750 -0.283077955 0.004428685 0.999961913 0.007458748 -3.961749077 0.004521819 -0.007478760 0.999960542 219.036163330
0.999966085 -0.004191451 -0.007050680 -0.295387626 0.004244687 0.999961913 0.007553558 -3.980017424 0.007018773 -0.007583220 0.999945283 220.038635254
0.999946952 -0.003587738 -0.009635031 -0.311722279 0.003654295 0.999969065 0.006900144 -3.998203754 0.009609995 -0.006934978 0.999928534 221.028228760
0.999914408 -0.003644752 -0.012554395 -0.337395906 0.003732118 0.999968410 0.006943186 -4.014020443 0.012528712 -0.006989438 0.999895751 221.993057251
0.999878526 -0.003229307 -0.015231358 -0.359788418 0.003343221 0.999966085 0.007459830 -4.036351681 0.015206771 -0.007509837 0.999854803 222.928390503
0.999829769 -0.002899046 -0.018201720 -0.382852554 0.003033455 0.999967754 0.007361399 -4.057825089 0.018179810 -0.007415354 0.999805808 223.863983154
0.999768257 -0.002837888 -0.021327624 -0.405679226 0.002984615 0.999971628 0.006851240 -4.074758530 0.021307589 -0.006913300 0.999747634 224.755401611
0.999696434 -0.003121202 -0.024425965 -0.432549477 0.003277474 0.999973953 0.006360610 -4.092705727 0.024405483 -0.006438730 0.999680042 225.644897461
0.999615073 -0.002048437 -0.027668208 -0.465404034 0.002215576 0.999978840 0.006011615 -4.104832649 0.027655331 -0.006070592 0.999597847 226.488082886
0.999539256 -0.001740797 -0.030300261 -0.500378609 0.001900520 0.999983847 0.005243433 -4.129929066 0.030290654 -0.005298597 0.999525964 227.310043335
0.999460459 0.000370000 -0.032840084 -0.534215450 -0.000195070 0.999985218 0.005329800 -4.151971817 0.032841578 -0.005320512 0.999445200 228.131866455
0.999425292 0.000901465 -0.033886712 -0.577991009 -0.000716181 0.999984086 0.005479516 -4.160384178 0.033891138 -0.005452089 0.999409378 228.931610107
0.999439657 0.000756592 -0.033461932 -0.608877659 -0.000542680 0.999978781 0.006401356 -4.178524017 0.033466078 -0.006379603 0.999418259 229.721450806
0.999449730 0.000973411 -0.033153038 -0.635101795 -0.000730511 0.999972165 0.007338053 -4.191451550 0.033159286 -0.007309792 0.999422014 230.473739624
0.999468446 0.000852061 -0.032585260 -0.660270214 -0.000620157 0.999973774 0.007126396 -4.210202217 0.032590497 -0.007102395 0.999442101 231.209838867
0.999483645 0.001216950 -0.032101721 -0.693397522 -0.001046243 0.999984503 0.005334070 -4.217792988 0.032107729 -0.005297725 0.999469042 231.950469971
0.999513268 0.001600558 -0.031157488 -0.710959435 -0.001507906 0.999993801 0.002997028 -4.235445976 0.031162122 -0.002948584 0.999508619 232.661392212
0.999549091 0.001348199 -0.029986272 -0.746287346 -0.001299308 0.999997318 0.001649976 -4.252665043 0.029988423 -0.001610271 0.999547482 233.407989502
0.999587953 0.001893043 -0.028627846 -0.770738125 -0.001857645 0.999997139 0.001263169 -4.261979580 0.028630160 -0.001209468 0.999587953 234.116867065
0.999634206 0.001317784 -0.027001180 -0.794362545 -0.001292079 0.999998271 0.000969575 -4.279381275 0.027002422 -0.000934333 0.999633431 234.841323853
0.999684811 0.000949148 -0.025077894 -0.819848061 -0.000926372 0.999998689 0.000919922 -4.294675827 0.025078757 -0.000896402 0.999683559 235.572769165
0.999727249 0.001016848 -0.023321168 -0.837296486 -0.000995797 0.999998808 0.000914349 -4.309333801 0.023322091 -0.000890877 0.999726057 236.277816772
0.999775052 0.000813686 -0.021185227 -0.860752106 -0.000801031 0.999999106 0.000605945 -4.326292038 0.021185717 -0.000588840 0.999773920 236.995727539
0.999828041 0.000641385 -0.018522838 -0.878891230 -0.000627192 0.999999046 0.000772213 -4.333755970 0.018523337 -0.000760463 0.999826670 237.690261841
0.999881327 -0.000159173 -0.015388032 -0.888154268 0.000178850 0.999998689 0.001277493 -4.353427887 0.015387837 -0.001280094 0.999879122 238.393997192
0.999924600 -0.001423600 -0.012165204 -0.897826195 0.001447867 0.999996603 0.001986445 -4.371894360 0.012162361 -0.002003910 0.999922276 239.104583740
0.999955297 -0.001268397 -0.009322281 -0.902058482 0.001287212 0.999996781 0.002012761 -4.388561249 0.009319729 -0.002024673 0.999952734 239.782836914
0.999979496 -0.001623712 -0.006145032 -0.916503310 0.001634710 0.999996722 0.001785662 -4.404898643 0.006142145 -0.001795673 0.999977708 240.483917236
0.999992192 -0.001932820 -0.003322712 -0.918594837 0.001938043 0.999996424 0.001569845 -4.412693024 0.003319702 -0.001576275 0.999991477 241.164947510
0.999998748 -0.001183785 -0.000309825 -0.921458721 0.001184010 0.999998450 0.000727881 -4.427260399 0.000309002 -0.000728250 0.999997973 241.852951050
0.999996245 -0.000887914 0.002347526 -0.923639536 0.000887134 0.999999046 0.000332865 -4.441879749 -0.002347780 -0.000330785 0.999995530 242.564178467
0.999986410 -0.001166068 0.004944969 -0.924076319 0.001161942 0.999998450 0.000836779 -4.454267502 -0.004945898 -0.000831025 0.999985754 243.258148193
0.999969244 -0.001157210 0.007665032 -0.932231903 0.001147351 0.999997973 0.001290345 -4.462398529 -0.007666469 -0.001281513 0.999968052 243.967178345
0.999952495 -0.001159402 0.009599502 -0.922988176 0.001146904 0.999997973 0.001307200 -4.485189915 -0.009600955 -0.001296130 0.999951422 244.668136597
0.999920905 -0.001399038 0.012440986 -0.915586710 0.001399724 0.999998331 -0.000046424 -4.497411728 -0.012440857 0.000063831 0.999920964 245.376220703
0.999899566 -0.000908663 0.014087223 -0.912988186 0.000948215 0.999994993 -0.002801297 -4.518151760 -0.014084563 0.002814370 0.999895155 246.085189819
0.999882162 -0.001773723 0.015198916 -0.904855490 0.001835074 0.999989629 -0.004023610 -4.526021481 -0.015191576 0.004051022 0.999874771 246.802291870
0.999872386 -0.002085320 0.015791513 -0.892684698 0.002157162 0.999986708 -0.004533847 -4.533462524 -0.015781807 0.004567329 0.999863386 247.519943237
0.999873221 -0.002518713 0.015673500 -0.880091667 0.002594190 0.999984443 -0.004797307 -4.555984974 -0.015661137 0.004837354 0.999863982 248.245880127
0.999871492 -0.001917418 0.015866591 -0.878118277 0.002000576 0.999983668 -0.005227050 -4.569341660 -0.015856272 0.005258114 0.999858916 248.986938477
0.999866962 -0.001067144 0.016222836 -0.872266769 0.001159897 0.999982417 -0.005709366 -4.582339764 -0.016216416 0.005727418 0.999850571 249.718933105
0.999865055 -0.001019506 0.016337028 -0.858603954 0.001144039 0.999969542 -0.007615524 -4.609764576 -0.016328733 0.007633183 0.999835908 250.473297119
0.999841273 -0.005773282 0.016800329 -0.845195770 0.005942384 0.999930978 -0.010033252 -4.630971909 -0.016741212 0.010131488 0.999806941 251.229309082
0.999822795 -0.007896682 0.017043116 -0.827338219 0.008084809 0.999905765 -0.010997792 -4.651481152 -0.016954644 0.011133625 0.999792516 251.985031128
0.999816656 -0.007384877 0.017618325 -0.822271824 0.007516728 0.999943078 -0.007429308 -4.662748337 -0.017562434 0.007560371 0.999815404 252.772964478
0.999832153 -0.002290824 0.018143438 -0.818654537 0.002314487 0.999995291 -0.001282982 -4.672833920 -0.018140391 0.001324754 0.999832869 253.548171997
0.999814272 -0.002967471 0.019017966 -0.807898998 0.002905673 0.999989152 0.003276665 -4.707636833 -0.019027460 -0.003220802 0.999812186 254.339309692
0.999769866 -0.004929957 0.020854486 -0.769568920 0.004902286 0.999985874 0.001378007 -4.708152294 -0.020860961 -0.001275461 0.999779880 255.143829346
0.999687016 -0.003027912 0.024803424 -0.774008274 0.003169296 0.999977767 -0.005662651 -4.734066963 -0.024785701 0.005739483 0.999674559 255.926605225
0.999562442 -0.001015566 0.029544031 -0.767552376 0.001309542 0.999948502 -0.009932473 -4.727614403 -0.029532401 0.009966815 0.999512374 256.749359131
0.999473393 0.000752240 0.032422587 -0.735774994 -0.000438355 0.999951661 -0.009686721 -4.763033390 -0.032428287 0.009667406 0.999425590 257.554534912
0.999367177 -0.000487479 0.035549760 -0.717617989 0.000737491 0.999973655 -0.007019656 -4.781971931 -0.035545383 0.007041428 0.999341488 258.381011963
0.999253392 -0.004451816 0.038358029 -0.684042931 0.004597493 0.999981225 -0.003710255 -4.795503139 -0.038340770 0.003883834 0.999255300 259.242462158
0.999134243 -0.007105908 0.040980898 -0.641859055 0.007193577 0.999970853 -0.001992009 -4.817043781 -0.040965520 0.002285080 0.999156237 260.068023682
0.998984039 -0.007596023 0.044410005 -0.608283997 0.007663416 0.999968469 -0.001347277 -4.830804825 -0.044398345 0.001686235 0.999010801 260.908081055
0.998894274 -0.004735270 0.046763279 -0.579461098 0.004900412 0.999980807 -0.003417223 -4.850781441 -0.046746179 0.003642600 0.998898387 261.742706299
0.998785853 -0.003965459 0.049094498 -0.537329674 0.004252428 0.999973238 -0.005741941 -4.869158745 -0.049070377 0.005943734 0.998776019 262.570983887
0.998658597 -0.003742836 0.051631089 -0.503596306 0.004071869 0.999970734 -0.006268848 -4.888760567 -0.051606093 0.006470672 0.998644829 263.435394287
0.998515487 -0.003058363 0.054370753 -0.461779594 0.003290801 0.999984443 -0.004185839 -4.909626484 -0.054357082 0.004358546 0.998510301 264.255828857
0.998328447 -0.002496130 0.057729647 -0.420807838 0.002621230 0.999993205 -0.002091174 -4.923369408 -0.057723992 0.002238999 0.998328388 265.128479004
0.998172104 -0.001144068 0.060413260 -0.369972229 0.001277840 0.999995530 -0.002175514 -4.950738907 -0.060410481 0.002248733 0.998169422 265.946533203
0.998014390 -0.001235932 0.062965184 -0.325153351 0.001418515 0.999993622 -0.002854932 -4.969604492 -0.062961258 0.002938576 0.998010039 266.789855957
0.997844815 -0.002618900 0.065556191 -0.269174576 0.002822954 0.999990165 -0.003020050 -4.989099979 -0.065547638 0.003198599 0.997842729 267.657623291
0.997716129 -0.005193153 0.067337304 -0.215339661 0.005378407 0.999980986 -0.002569988 -5.006741047 -0.067322649 0.002926282 0.997725368 268.485900879
0.997635007 -0.007271186 0.068340518 -0.162345886 0.007433981 0.999968708 -0.002127944 -5.027214527 -0.068322904 0.002630949 0.997658193 269.350250244
0.997609735 -0.007327689 0.068702258 -0.098342896 0.007515435 0.999967396 -0.002474534 -5.045957565 -0.068681888 0.002984942 0.997632563 270.183227539
0.997572720 -0.007906021 0.069170162 -0.052625656 0.008082028 0.999963701 -0.002264948 -5.065853596 -0.069149695 0.002818481 0.997600675 271.039703369
0.997599363 -0.008061010 0.068765253 0.004184723 0.008229707 0.999962747 -0.002170163 -5.081785679 -0.068745151 0.002730867 0.997628927 271.921630859
0.997635126 -0.007561972 0.068301558 0.056205750 0.007676892 0.999968529 -0.001420075 -5.102732182 -0.068288624 0.001941056 0.997662127 272.762786865
0.997711301 -0.007664529 0.067169137 0.109931946 0.007823629 0.999966145 -0.002105788 -5.125123024 -0.067150660 0.002626471 0.997737885 273.632232666
0.997820377 -0.007518231 0.065543093 0.157655716 0.007720272 0.999965131 -0.002829719 -5.141624451 -0.065519467 0.003329560 0.997844100 274.468017578
0.997931898 -0.006565521 0.063926920 0.202198029 0.006816179 0.999968767 -0.003703586 -5.162148476 -0.063900545 0.004131664 0.997946024 275.330047607
0.998039126 -0.005350768 0.062344525 0.249807358 0.005582093 0.999976933 -0.003536753 -5.192551613 -0.062324092 0.003877828 0.998046875 276.198455811
0.998136401 -0.004444594 0.060841508 0.288759232 0.004684861 0.999980569 -0.003806901 -5.208071232 -0.060823329 0.004084839 0.998138607 277.036315918
0.998281777 -0.004566907 0.058396507 0.334669113 0.004805303 0.999979317 -0.003942465 -5.218643188 -0.058377240 0.004216303 0.998284042 277.899017334
0.998439372 -0.004144762 0.055671524 0.372838974 0.004293921 0.999986112 -0.002559807 -5.252085209 -0.055660091 0.002794860 0.998444259 278.741577148
0.998647809 -0.005456723 0.051676083 0.418174744 0.005452512 0.999983728 0.000222594 -5.267314434 -0.051676396 0.000059468 0.998662293 279.575469971
0.998881638 -0.007044522 0.046727654 0.449896812 0.006957823 0.999972343 0.002017962 -5.291599274 -0.046740524 -0.001690588 0.998904049 280.438476562
0.999083102 -0.007338095 0.042150386 0.477737427 0.007210748 0.999967694 0.003172704 -5.308845997 -0.042172227 -0.002865864 0.999104798 281.252380371
0.999277234 -0.008071238 0.037111953 0.508327484 0.007941186 0.999960542 0.003650550 -5.326395035 -0.037139855 -0.003353203 0.999303043 282.088165283
0.999430537 -0.008360637 0.032653734 0.530205727 0.008228249 0.999956131 0.004186834 -5.336763382 -0.032687217 -0.003915773 0.999456465 282.898223877
0.999562025 -0.009517891 0.027983986 0.539257050 0.009398879 0.999945045 0.004381638 -5.352861404 -0.028024063 -0.004116707 0.999597311 283.691314697
0.999669611 -0.009886475 0.023683311 0.549777508 0.009789621 0.999942124 0.004202520 -5.365490913 -0.023723399 -0.003969287 0.999709189 284.487487793
0.999759018 -0.009398168 0.019791253 0.557767391 0.009322714 0.999947786 0.003902049 -5.382375240 -0.019826790 -0.003716605 0.999794960 285.251983643
0.999833524 -0.008838489 0.015909575 0.560347080 0.008776004 0.999952435 0.003993990 -5.401672363 -0.015944015 -0.003853705 0.999863923 286.009216309
