1.000000000 0.000000000 0.000000000 0.000000000 0.000000000 1.000000000 0.000000000 0.000000000 0.000000000 0.000000000 0.999999881 -0.000000000
0.999979019 0.000428778 -0.006460421 -0.005270754 -0.000427480 0.999999881 0.000202245 0.001903406 0.006460505 -0.000199479 0.999979019 0.095435649
0.999912083 0.000456658 -0.013253300 -0.013146668 -0.000452756 0.999999881 0.000297408 -0.001943066 0.013253433 -0.000291382 0.999912024 0.193549454
0.999780893 0.000429153 -0.020927347 -0.020528007 -0.000432851 0.999999881 -0.000172150 -0.001919213 0.020927269 0.000181170 0.999780893 0.290124804
0.999548197 0.000744380 -0.030047217 -0.038166933 -0.000759987 0.999999583 -0.000508000 -0.004802776 0.030046823 0.000530606 0.999548256 0.399343699
0.999143541 0.000626101 -0.041374266 -0.055196039 -0.000731148 0.999996543 -0.002523870 -0.007805217 0.041372538 0.002551959 0.999140382 0.506132901
0.998489976 0.000670693 -0.054930575 -0.075866863 -0.000895525 0.999991298 -0.004068502 -0.001957371 0.054927360 0.004111549 0.998481750 0.640433967
0.997462928 0.000649396 -0.071184762 -0.104857340 -0.000936299 0.999991596 -0.003997102 -0.003060185 0.071181558 0.004053611 0.997455001 0.773247600
0.995977700 0.000127960 -0.089601338 -0.128689557 -0.000503954 0.999991179 -0.004173687 -0.005853016 0.089600004 0.004202053 0.995968819 0.927119732
0.993964732 -0.000224381 -0.109700114 -0.163571179 -0.000222794 0.999991715 -0.004064073 -0.014360293 0.109700106 0.004063984 0.993956327 1.088490844
0.991257608 -0.000064062 -0.131940812 -0.215078130 -0.000482871 0.999991417 -0.004113296 -0.019579589 0.131939933 0.004141047 0.991248965 1.247632265
0.987772942 0.003790359 -0.155853197 -0.270017058 -0.004682583 0.999974668 -0.005358028 -0.029846635 0.155828923 0.006022310 0.987765551 1.426905036
0.983410656 0.007717829 -0.181229055 -0.337298900 -0.009163401 0.999932528 -0.007140563 -0.031655509 0.181161702 0.008682779 0.983414888 1.612039328
0.977973521 0.010249889 -0.208477229 -0.403234512 -0.012183596 0.999893844 -0.007993364 -0.035179552 0.208373129 0.010357299 0.977994442 1.783095717
0.971341848 0.011630496 -0.237401962 -0.500025749 -0.014030983 0.999866068 -0.008424288 -0.044516616 0.237272173 0.011513845 0.971374929 1.979802489
0.963221371 0.013458826 -0.268371969 -0.561919451 -0.016225787 0.999835551 -0.008094764 -0.051956870 0.268218875 0.012151592 0.963281274 2.149747372
0.953934848 0.016246038 -0.299573898 -0.684681237 -0.019150216 0.999793708 -0.006760834 -0.048842207 0.299402267 0.012186295 0.954049110 2.362478733
0.942607462 0.018063605 -0.333414137 -0.789357901 -0.021094907 0.999762475 -0.005473377 -0.056616437 0.333235949 0.012192584 0.942764521 2.555761337
0.929883182 0.020306878 -0.367293984 -0.874645352 -0.023857163 0.999702215 -0.005128158 -0.056990288 0.367080420 0.013531176 0.930090725 2.723150253
0.916303396 0.023186101 -0.399813086 -1.037143230 -0.027133616 0.999622822 -0.004215130 -0.055705614 0.399564505 0.014710708 0.916586995 2.935794353
0.900415778 0.023785016 -0.434379786 -1.170644522 -0.028156716 0.999596775 -0.003631189 -0.052914869 0.434118271 0.015500280 0.900722444 3.130089045
0.881951392 0.020080628 -0.470912695 -1.279839277 -0.025071638 0.999676347 -0.004327413 -0.051135011 0.470673144 0.015623112 0.882169187 3.299788952
0.860940576 0.015100084 -0.508481383 -1.462617278 -0.020410474 0.999779880 -0.004868321 -0.065945797 0.508295715 0.014569681 0.861059308 3.509800911
0.836200356 0.017609159 -0.548141301 -1.597327948 -0.021694515 0.999764085 -0.000977773 -0.069504552 0.547994673 0.012709266 0.836385071 3.668139458
0.807779670 0.023166776 -0.589029431 -1.816268325 -0.026558671 0.999642968 0.002894509 -0.060499556 0.588886023 0.013305701 0.808106422 3.874530792
0.775611997 0.025682850 -0.630687296 -2.029602528 -0.029174317 0.999562681 0.004825947 -0.069164805 0.630535305 0.014656798 0.776022017 4.037813663
0.739963412 0.025674287 -0.672157168 -2.198287249 -0.029395847 0.999550819 0.005818436 -0.057119492 0.672004461 0.015453190 0.740385652 4.163979530
0.700870514 0.022168314 -0.712944031 -2.471252441 -0.024429925 0.999676526 0.007067770 -0.072393373 0.712869883 0.012463570 0.701185346 4.360538960
0.658698440 0.018675825 -0.752175272 -2.695703745 -0.019297140 0.999782264 0.007924704 -0.075585455 0.752159595 0.009294836 0.658915341 4.499664307
0.614321351 0.018757761 -0.788833141 -2.915738821 -0.017320203 0.999797046 0.010285804 -0.074548274 0.788865924 0.007343958 0.614521384 4.628438950
0.566915274 0.018886887 -0.823559821 -3.242122173 -0.014725796 0.999809682 0.012792049 -0.067681238 0.823644578 0.004875562 0.567085266 4.794310570
0.516116261 0.020059407 -0.856283605 -3.540744305 -0.013489280 0.999791980 0.015290728 -0.074209742 0.856412232 0.003658852 0.516279459 4.909308434
0.463596463 0.021538572 -0.885784745 -3.802780151 -0.012702300 0.999763191 0.017662004 -0.064478368 0.885955334 0.003063457 0.463760257 4.968270302
0.409486860 0.023813656 -0.912005305 -4.195142746 -0.011758199 0.999713838 0.020824457 -0.062135145 0.912240446 0.002196196 0.409649372 5.105851650
0.354403347 0.026542671 -0.934716046 -4.475500107 -0.011363300 0.999645293 0.024077974 -0.057014912 0.935023785 0.002088143 0.354579002 5.146845818
0.299516559 0.029179858 -0.953644931 -4.896181107 -0.009154892 0.999573886 0.027709877 -0.048689365 0.954047322 0.000430950 0.299655825 5.247408867
0.246156260 0.030647121 -0.968745589 -5.260879517 -0.004817283 0.999525964 0.030396830 -0.049778342 0.969218194 -0.002815648 0.246186987 5.296554565
0.195027292 0.032118868 -0.980271757 -5.616012096 -0.002595307 0.999476850 0.032231785 -0.056408554 0.980794430 -0.003741971 0.195008293 5.347204208
0.147478074 0.032785170 -0.988521934 -6.067924500 -0.004297555 0.999462068 0.032506850 -0.047407031 0.989056051 -0.000545818 0.147539347 5.359363079
0.104774415 0.032697581 -0.993958592 -6.474023819 -0.006771148 0.999459326 0.032164790 -0.026495904 0.994472980 0.003360194 0.104938954 5.377298355
0.066756383 0.031541452 -0.997270644 -6.954728127 -0.007853724 0.999485433 0.031085785 -0.018186882 0.997738540 0.005757115 0.066969469 5.368693829
0.031926606 0.029658923 -0.999050021 -7.420869827 -0.006696882 0.999543130 0.029459557 -0.013063520 0.999467909 0.005749979 0.032110333 5.344935417
0.000835381 0.026594087 -0.999645889 -7.857111454 -0.006777013 0.999622941 0.026587822 -0.015632108 0.999976873 0.006752404 0.001014963 5.340969086
-0.026418343 0.024830081 -0.999342620 -8.372788429 -0.007154900 0.999660671 0.025027135 -0.004782662 0.999625504 0.007811373 -0.026232064 5.295531750
-0.047761768 0.022298019 -0.998609841 -8.883343697 -0.007156730 0.999717116 0.022665039 0.003240243 0.998833299 0.008229306 -0.047589019 5.260860920
-0.063607074 0.021438142 -0.997744739 -9.425809860 -0.007175052 0.999733150 0.021938277 0.020889983 0.997949362 0.008554304 -0.063436657 5.199635506
-0.076654509 0.021607496 -0.996823668 -9.972011566 -0.006307552 0.999734163 0.022155629 0.024152845 0.997038007 0.007985845 -0.076498225 5.138316154
-0.086405389 0.022521095 -0.996005654 -10.541466713 -0.006789544 0.999707401 0.023193810 0.025463209 0.996237159 0.008766497 -0.086227596 5.082106590
-0.093394578 0.023593254 -0.995349705 -11.116179466 -0.007827623 0.999670386 0.024430145 0.030320838 0.995598555 0.010072867 -0.093179502 5.008751869
-0.097721733 0.024819290 -0.994904220 -11.694671631 -0.008671358 0.999629319 0.025788890 0.044813797 0.995176256 0.011147310 -0.097470663 4.949995041
-0.099303864 0.026058666 -0.994715929 -12.307780266 -0.006857233 0.999614954 0.026871584 0.052715093 0.995033681 0.009489453 -0.099087358 4.888806343
-0.098462872 0.027721543 -0.994754434 -12.933753967 -0.005719782 0.999579072 0.028422162 0.063418150 0.995124400 0.008488308 -0.098263271 4.830504894
-0.097033948 0.029796941 -0.994834781 -13.566555023 -0.005101624 0.999523401 0.030434972 0.078128785 0.995268285 0.008028504 -0.096836045 4.770223618
-0.095432311 0.030249732 -0.994976103 -14.213729858 -0.005698790 0.999504685 0.030934010 0.084941238 0.995419919 0.008622267 -0.095213026 4.697402954
-0.093645796 0.028503120 -0.995197415 -14.875799179 -0.008116028 0.999534667 0.029391043 0.088401586 0.995572746 0.010829402 -0.093371272 4.627000809
-0.092366084 0.027874095 -0.995334983 -15.561646461 -0.009552786 0.999536872 0.028878260 0.105449617 0.995679319 0.012175605 -0.092057437 4.559174538
-0.090685122 0.029971607 -0.995428503 -16.251993179 -0.009859353 0.999470651 0.030991513 0.122088313 0.995830894 0.012624760 -0.090342008 4.488727570
-0.090047352 0.032982886 -0.995391250 -16.972730637 -0.010921331 0.999358296 0.034102324 0.143126994 0.995877445 0.013941841 -0.089629725 4.440666199
-0.088074304 0.034829073 -0.995504856 -17.702741623 -0.010295963 0.999302983 0.035872862 0.157377988 0.996060550 0.013409174 -0.087654687 4.367115498
-0.085024014 0.035602923 -0.995742977 -18.448926926 -0.012004508 0.999251962 0.036753438 0.165016323 0.996306658 0.015078342 -0.084533386 4.280265808
-0.083244026 0.033036746 -0.995981812 -19.206256866 -0.015273484 0.999290347 0.034423061 0.177702278 0.996412098 0.018077642 -0.082680710 4.208483696
-0.081801124 0.032166567 -0.996129811 -19.965278625 -0.016602771 0.999296010 0.033632219 0.196155071 0.996510506 0.019289680 -0.081209846 4.140416622
-0.080177203 0.034166899 -0.996195197 -20.762905121 -0.013272671 0.999286771 0.035341177 0.214204311 0.996692359 0.016055742 -0.079666913 4.080944538
-0.079928562 0.034816202 -0.996192873 -21.550571442 -0.011529001 0.999290168 0.035849500 0.240936518 0.996733963 0.014350520 -0.079470791 4.023557186
-0.078847118 0.036007795 -0.996236622 -22.364498138 -0.010943186 0.999255359 0.036983047 0.260599494 0.996826649 0.013818021 -0.078394718 3.956941366
-0.078346506 0.033674248 -0.996357799 -23.145177841 -0.009167647 0.999362350 0.034496710 0.255766511 0.996884108 0.011836962 -0.077988178 3.895540714
-0.078116223 0.027140364 -0.996575296 -23.954841614 -0.009427952 0.999564052 0.027960811 0.270101368 0.996899724 0.011579866 -0.077826641 3.828327417
-0.078420691 0.023095593 -0.996653318 -24.767692566 -0.007373088 0.999690533 0.023746159 0.274134159 0.996893108 0.009210611 -0.078226462 3.771474838
-0.078596421 0.023530353 -0.996629238 -25.599103928 -0.007820749 0.999675632 0.024219077 0.286375791 0.996875823 0.009697925 -0.078387268 3.695891857
-0.077077962 0.030162811 -0.996569216 -26.441469193 -0.004743002 0.999519706 0.030618984 0.298409879 0.997013748 0.007086792 -0.076898225 3.600140333
-0.075893499 0.037173033 -0.996423125 -27.279991150 -0.005580794 0.999273241 0.037704431 0.317116499 0.997100174 0.008422371 -0.075631216 3.513263702
-0.076268502 0.042356905 -0.996187568 -28.134639740 -0.006028204 0.999059319 0.042940535 0.337305903 0.997068882 0.009280255 -0.075941764 3.439756155
-0.076978020 0.044464592 -0.996041417 -28.959432602 -0.007622774 0.998949528 0.045183543 0.337289870 0.997003555 0.011070753 -0.076558530 3.372668028
-0.077200629 0.041545216 -0.996150076 -29.790706635 -0.007778368 0.999075830 0.042270068 0.354201138 0.996985137 0.011011713 -0.076806456 3.302639961
-0.077771582 0.039028905 -0.996207595 -30.619762421 -0.008793824 0.999167621 0.039831400 0.361165345 0.996932328 0.011858238 -0.077363916 3.226531744
-0.077922300 0.037714649 -0.996246576 -31.469993591 -0.010066752 0.999203205 0.038613971 0.408292234 0.996908545 0.013037865 -0.077480830 3.150557518
-0.077866964 0.040704906 -0.996133208 -32.321594238 -0.010197341 0.999080956 0.041622497 0.424102902 0.996911585 0.013398935 -0.077380605 3.077009201
-0.077671073 0.038798466 -0.996224582 -33.140346527 -0.011216472 0.999144852 0.039786711 0.440415919 0.996915877 0.014264411 -0.077169761 3.006064653
-0.078055531 0.034014981 -0.996369183 -33.976104736 -0.012566575 0.999304473 0.035099674 0.444181085 0.996869743 0.015260674 -0.077574112 2.942572594
-0.078071080 0.030545387 -0.996480346 -34.801319122 -0.015268289 0.999376357 0.031830400 0.445861161 0.996830821 0.017699584 -0.077556327 2.862897396
-0.077407323 0.030598581 -0.996530473 -35.628612518 -0.014148719 0.999394238 0.031785563 0.464566767 0.996899128 0.016560065 -0.076927848 2.792202950
-0.076648124 0.033012338 -0.996512175 -36.484272003 -0.012012449 0.999348342 0.034030262 0.468742847 0.996985793 0.014578911 -0.076201946 2.721262455
-0.076137289 0.038250476 -0.996364117 -37.297393799 -0.012979732 0.999140978 0.039348964 0.482807457 0.997012794 0.015928460 -0.075575732 2.658833265
-0.075655192 0.043195181 -0.996198595 -38.148094177 -0.010719211 0.998967946 0.044129353 0.505626917 0.997076333 0.014017084 -0.075114436 2.592840910
-0.075687446 0.045972306 -0.996071935 -38.999370575 -0.012535999 0.998813510 0.047051433 0.528182507 0.997052789 0.016047962 -0.075021647 2.520251989
-0.075329095 0.046047412 -0.996095717 -39.821807861 -0.011227478 0.998830378 0.047022950 0.546998858 0.997095466 0.014725841 -0.074724324 2.458091736
-0.075181469 0.042040650 -0.996283829 -40.639183044 -0.012343275 0.998994708 0.043086529 0.566314936 0.997093439 0.015536718 -0.074587300 2.386310101
-0.074700601 0.038664732 -0.996456921 -41.467792511 -0.012998754 0.999125123 0.039742772 0.574110270 0.997121274 0.015921500 -0.074132979 2.318214893
-0.074472308 0.034970105 -0.996610403 -42.287498474 -0.016796716 0.999198914 0.036316112 0.591777742 0.997081578 0.019444326 -0.073825575 2.249414682
-0.075068854 0.033581413 -0.996613503 -43.125022888 -0.019657714 0.999188542 0.035148896 0.611364007 0.996984541 0.022229725 -0.074348152 2.172564268
-0.075973243 0.031811271 -0.996602952 -43.952411652 -0.017590156 0.999292433 0.033238068 0.625841618 0.996954679 0.020055600 -0.075360253 2.099117994
-0.076855667 0.028321303 -0.996640682 -44.763622284 -0.015008565 0.999450028 0.029558539 0.627618372 0.996929348 0.017229881 -0.076388687 2.037197590
-0.077596009 0.027735110 -0.996599674 -45.608249664 -0.011154299 0.999526203 0.028685039 0.629494965 0.996922553 0.013342218 -0.077250205 1.974173069
-0.079212844 0.030255131 -0.996399224 -46.418678284 -0.009437149 0.999471486 0.031098681 0.641343892 0.996812999 0.011866581 -0.078885794 1.901234865
-0.081362434 0.035389613 -0.996056676 -47.242511749 -0.006928911 0.999324918 0.036071725 0.662304997 0.996660531 0.009836473 -0.081062645 1.834535837
-0.083102010 0.039538972 -0.995757043 -48.050052643 -0.005687476 0.999177277 0.040149439 0.675026298 0.996524870 0.008999849 -0.082809083 1.757055521
-0.084445208 0.039323829 -0.995652556 -48.854423523 -0.005187912 0.999189973 0.039903551 0.680727601 0.996414661 0.008535032 -0.084173121 1.693832874
-0.085525863 0.035274372 -0.995712161 -49.654663086 -0.007137071 0.999325514 0.036015429 0.689790368 0.996310413 0.010186718 -0.085216761 1.619472027
-0.086808473 0.032226395 -0.995704472 -50.460849762 -0.012337774 0.999364913 0.033420529 0.700232625 0.996148705 0.015185956 -0.086356096 1.528328419
-0.088345438 0.030490149 -0.995624065 -51.230495453 -0.017124390 0.999336958 0.032123391 0.712732077 0.995942771 0.019887401 -0.087765090 1.446606159
-0.089223236 0.031082803 -0.995527327 -52.043041229 -0.021952936 0.999208570 0.033165261 0.731977463 0.995769739 0.024813851 -0.088470548 1.366249561
-0.090296768 0.032452680 -0.995386899 -52.817501068 -0.022448054 0.999148369 0.034611721 0.741174459 0.995661855 0.025469813 -0.089491703 1.287680626
-0.090974085 0.032393429 -0.995327115 -53.623882294 -0.020361733 0.999200940 0.034380626 0.736110687 0.995645165 0.023394333 -0.090242147 1.206883907
-0.091579974 0.032487642 -0.995268404 -54.402832031 -0.020521903 0.999193311 0.034504119 0.742194653 0.995586395 0.023584690 -0.090839699 1.128420830
-0.092053190 0.034029663 -0.995173097 -55.177795410 -0.019606065 0.999159992 0.035979550 0.757065177 0.995561182 0.022823466 -0.091309018 1.053166866
-0.092371300 0.036384758 -0.995060205 -55.950683594 -0.019350657 0.999077618 0.038327981 0.765094280 0.995536685 0.022795482 -0.091582365 0.983100414
-0.092404649 0.040799718 -0.994886100 -56.714241028 -0.019460117 0.998895168 0.042771582 0.786204338 0.995531559 0.023312906 -0.091508955 0.904415607
-0.092946418 0.042820111 -0.994750738 -57.492042542 -0.019684296 0.998800457 0.044833671 0.802541733 0.995476782 0.023748113 -0.091992408 0.819480419
-0.093776725 0.043240052 -0.994654536 -58.244003296 -0.018889835 0.998799264 0.045201179 0.812354445 0.995414376 0.023027692 -0.092847660 0.743781090
-0.093835317 0.041343279 -0.994729817 -58.980136871 -0.018535202 0.998891652 0.043264739 0.825200438 0.995415449 0.022497283 -0.092965320 0.676393509
-0.093885101 0.038234070 -0.994849443 -59.717945099 -0.016908135 0.999056756 0.039991420 0.833840847 0.995439768 0.020575654 -0.093150415 0.596886635
-0.093579717 0.034743380 -0.995006263 -60.434574127 -0.018153882 0.999165237 0.036595974 0.844111204 0.995446563 0.021487873 -0.092871204 0.525436878
-0.092403136 0.032893553 -0.995179117 -61.155815125 -0.017841643 0.999239028 0.034684371 0.849632740 0.995562136 0.020960582 -0.091746271 0.448869228
-0.089941546 0.032301437 -0.995423913 -61.851425171 -0.018342227 0.999250591 0.034082942 0.855737805 0.995778441 0.021323776 -0.089281984 0.380963326
-0.086166553 0.032968022 -0.995736003 -62.513607025 -0.020908844 0.999172509 0.034891158 0.869568348 0.996061623 0.023826146 -0.085406229 0.315921783
-0.080461212 0.033843074 -0.996183872 -63.175594330 -0.021832321 0.999124050 0.035706341 0.881824374 0.996518970 0.024621984 -0.079652146 0.265363693
-0.073606536 0.035217427 -0.996666253 -63.813800812 -0.022544064 0.999062240 0.036967043 0.890411377 0.997032762 0.025189925 -0.072743900 0.207479954
-0.064763151 0.036929082 -0.997217953 -64.452781677 -0.023997694 0.998968482 0.038552411 0.895230174 0.997612298 0.026427709 -0.063810445 0.169603825
-0.052964751 0.038699109 -0.997847140 -65.076171875 -0.025816508 0.998861849 0.040108781 0.899514079 0.998262882 0.027885282 -0.051905725 0.133064032
-0.038287770 0.040066604 -0.998464108 -65.661064148 -0.027890559 0.998763740 0.041148152 0.910722613 0.998877823 0.029423188 -0.037123289 0.109818935
-0.019672029 0.041335844 -0.998952568 -66.261009216 -0.029505501 0.998685896 0.041905861 0.919474363 0.999371350 0.030298963 -0.018426888 0.100247145
0.002051152 0.042117707 -0.999111354 -66.812614441 -0.030761015 0.998642683 0.042034790 0.927605987 0.999525011 0.030647464 0.003343605 0.108962446
0.028394368 0.042986177 -0.998672843 -67.363945007 -0.030395232 0.998650193 0.042121019 0.936749220 0.999134839 0.029158894 0.029662188 0.144235611
0.057474524 0.042735297 -0.997432768 -67.876419067 -0.030197496 0.998700798 0.041049596 0.939366221 0.997890294 0.027760666 0.058689903 0.189237833
0.092009597 0.042883266 -0.994835019 -68.375938416 -0.025672356 0.998842478 0.040681656 0.939192653 0.995427430 0.021796659 0.093003541 0.235300064
0.129321292 0.043086089 -0.990667045 -68.846252441 -0.026498588 0.998849094 0.039982844 0.952805996 0.991248846 0.021080647 0.130313650 0.324138641
0.169191509 0.042868529 -0.984651268 -69.292518616 -0.027561400 0.998868704 0.038751695 0.951653719 0.985198021 0.020581909 0.170181140 0.450118065
0.214715153 0.043809898 -0.975694418 -69.745903015 -0.024811277 0.998915732 0.039392523 0.959227800 0.976361752 0.015750060 0.215568751 0.550858498
0.261139274 0.042278245 -0.964375675 -70.159774780 -0.022645717 0.999033868 0.037665546 0.972026587 0.965035796 0.012003040 0.261843801 0.745637894
0.311707318 0.037664626 -0.949432194 -70.579765320 -0.014325065 0.999286771 0.034939375 0.961273313 0.950070560 0.002709836 0.312023908 0.890647888
0.361574054 0.032516118 -0.931776941 -70.971916199 -0.009206907 0.999467611 0.031305604 0.955641270 0.932298362 -0.002740492 0.361680329 1.131772995
0.414210320 0.028092947 -0.909748495 -71.359497070 -0.003805421 0.999568522 0.029133979 0.950337946 0.910173774 -0.008605597 0.414137781 1.323274612
0.463555276 0.026719289 -0.885665894 -71.724037170 -0.003931602 0.999597549 0.028098676 0.969176769 0.886059880 -0.009543183 0.463473022 1.618257523
0.512390077 0.024922304 -0.858391941 -72.084167480 -0.001616841 0.999605060 0.028057145 0.989111781 0.858751953 -0.012988295 0.512227356 1.844987869
0.557497263 0.020829316 -0.829918325 -72.421829224 0.005697817 0.999565780 0.028914670 0.993510604 0.830159903 -0.020848546 0.557135820 2.120643616
0.600349426 0.013898739 -0.799618125 -72.719230652 0.016193319 0.999432743 0.029529756 0.979830861 0.799574792 -0.030676631 0.599783063 2.455062866
0.643070281 0.009169670 -0.765753448 -73.028327942 0.017980717 0.999471843 0.027068388 0.975985050 0.765597045 -0.031175662 0.642564893 2.725608826
0.683678806 0.003368414 -0.729776561 -73.303985596 0.015550921 0.999695182 0.019182913 0.996290743 0.729618549 -0.024463648 0.683417082 3.080123901
0.724391639 -0.001851458 -0.689387441 -73.573593140 0.011458999 0.999890566 0.009355500 0.983277977 0.689294696 -0.014676743 0.724332690 3.363471985
0.763031960 -0.005501222 -0.646338701 -73.836349487 0.007684805 0.999970555 0.000561180 0.986271024 0.646316469 -0.005395204 0.763050795 3.779834747
0.800299108 -0.006720582 -0.599564791 -74.077987671 0.006340028 0.999976099 -0.002746126 0.991763413 0.599569082 -0.001603557 0.800321817 4.136508942
0.834243417 -0.008300189 -0.551335573 -74.307502747 0.007076564 0.999965668 -0.004346369 0.985821128 0.551352620 -0.000275653 0.834272683 4.553829193
0.864741564 -0.008005152 -0.502154827 -74.544189453 0.004932176 0.999960184 -0.007447401 0.981297016 0.502194643 0.003963340 0.864745855 5.058881760
0.891001105 -0.006223977 -0.453960001 -74.739089966 0.003754915 0.999973118 -0.006340089 0.956823111 0.453987449 0.003944426 0.890999615 5.505622864
0.912298083 -0.001243830 -0.409526616 -74.945457458 -0.001217933 0.999983013 -0.005750290 0.959032714 0.409527004 0.005744738 0.912280083 6.032600403
0.929841340 0.003970720 -0.367940992 -75.126701355 -0.006930398 0.999953568 -0.006722842 0.949817300 0.367897511 0.008801135 0.929824889 6.510074615
0.943498433 0.008425610 -0.331271917 -75.301544189 -0.011018014 0.999921739 -0.005948280 0.945899844 0.331196249 0.009262137 0.943516672 7.061399460
0.953831851 0.008437606 -0.300224364 -75.486656189 -0.010077680 0.999941766 -0.003914629 0.937388659 0.300174236 0.006759454 0.953860462 7.643419266
0.961321056 0.007509730 -0.275329918 -75.630836487 -0.008543656 0.999960542 -0.002555959 0.919412196 0.275300205 0.004809415 0.961346269 8.190660477
0.967212260 0.007920094 -0.253847718 -75.784423828 -0.008208488 0.999966502 -0.000076783 0.907137871 0.253839016 0.002157967 0.967244029 8.798160553
0.971791208 0.010108562 -0.235628724 -75.927169800 -0.009822748 0.999949038 0.002386895 0.902532041 0.235641360 -0.000005045 0.971840143 9.399597168
0.975390434 0.014688184 -0.219997600 -76.068649292 -0.014085012 0.999891758 0.004310234 0.895128727 0.220037550 -0.001105490 0.975490868 10.026499748
0.978351593 0.016495081 -0.206294179 -76.220466614 -0.015859114 0.999863148 0.004736287 0.895853996 0.206344604 -0.001362110 0.978478432 10.675487518
0.981019378 0.015830664 -0.193264797 -76.345046997 -0.015149092 0.999872804 0.005004169 0.879430413 0.193319947 -0.001981401 0.981133819 11.318104744
0.983676970 0.017245611 -0.179119140 -76.466285706 -0.016686957 0.999850392 0.004625375 0.877463460 0.179172710 -0.001560917 0.983816564 11.991608620
0.986267924 0.016283846 -0.164352283 -76.582626343 -0.015690729 0.999865055 0.004906691 0.872554719 0.164410591 -0.002260501 0.986389518 12.697524071
0.988417685 0.020582767 -0.150359929 -76.688301086 -0.019968029 0.999785304 0.005597442 0.871715844 0.150443435 -0.002530213 0.988615513 13.399373055
0.990271091 0.020718394 -0.137605950 -76.784675598 -0.020473484 0.999785542 0.003195314 0.858001530 0.137643218 -0.000346948 0.990481913 14.113604546
0.991667569 0.022568084 -0.126836494 -76.870521545 -0.022997152 0.999734044 -0.001919110 0.844886303 0.126760080 0.004820000 0.991921842 14.844287872
0.992964208 0.018697243 -0.116935141 -76.971145630 -0.019785607 0.999771297 -0.008153201 0.824822068 0.116756573 0.010409464 0.993106186 15.580655098
0.993856132 0.019206589 -0.109006383 -77.042549133 -0.020259909 0.999758422 -0.008563261 0.815401077 0.108816154 0.010719104 0.994004250 16.345920563
0.994597077 0.020608628 -0.101750456 -77.144012451 -0.021012548 0.999775350 -0.002899104 0.804423749 0.101668417 0.005021479 0.994805634 17.114927292
0.994993985 0.025322603 -0.096679926 -77.222068787 -0.024953227 0.999676287 0.005028318 0.796585083 0.096776560 -0.002590659 0.995302737 17.870075226
0.995451212 0.024057359 -0.092191420 -77.304916382 -0.023359496 0.999689996 0.008641855 0.786164761 0.092371337 -0.006448987 0.995703697 18.652866364
0.995792031 0.023730513 -0.088522620 -77.380409241 -0.023071831 0.999698222 0.008457128 0.766337752 0.088697210 -0.006379146 0.996038198 19.416467667
0.996156931 0.023834320 -0.084290616 -77.478759766 -0.023276618 0.999700487 0.007593402 0.753905475 0.084446944 -0.005602203 0.996412337 20.185054779
0.996376812 0.022758121 -0.081955589 -77.535156250 -0.022047216 0.999711394 0.009569223 0.749593377 0.082150333 -0.007727642 0.996590078 20.948999405
0.996610165 0.022094350 -0.079255261 -77.596885681 -0.021211859 0.999703765 0.011959891 0.744254589 0.079496630 -0.010238180 0.996782601 21.714159012
0.996901333 0.019889202 -0.076114871 -77.660369873 -0.018883431 0.999725163 0.013911211 0.734642029 0.076371260 -0.012430776 0.997002065 22.489742279
0.997028232 0.018400731 -0.074818298 -77.696067810 -0.017686374 0.999791920 0.010199666 0.722432137 0.074991010 -0.008846074 0.997145057 23.255834579
0.997084737 0.021369498 -0.073256746 -77.758522034 -0.021213135 0.999771178 0.002912273 0.710771501 0.073302798 -0.001349767 0.997308791 24.009454727
0.997212648 0.021042740 -0.071592927 -77.825714111 -0.021404194 0.999761939 -0.004284898 0.691088676 0.071486302 0.005805350 0.997424841 24.776895523
0.997320533 0.021566832 -0.069915429 -77.887008667 -0.022195984 0.999720216 -0.008234008 0.668052614 0.069718875 0.009763790 0.997519016 25.529766083
0.997443020 0.022740131 -0.067764081 -77.949241638 -0.023277838 0.999703825 -0.007155305 0.662117600 0.067581929 0.008714414 0.997675598 26.302339554
0.997525036 0.025639422 -0.065484345 -78.007202148 -0.025933158 0.999657393 -0.003638746 0.646968603 0.065369263 0.005327966 0.997846901 27.060379028
0.997547150 0.029755086 -0.063372150 -78.062477112 -0.029727546 0.999557495 0.001378189 0.630890965 0.063385740 0.000509108 0.997988999 27.821483612
0.997783601 0.027191389 -0.060745604 -78.108451843 -0.027042136 0.999629200 0.003278404 0.615424514 0.060812864 -0.001628426 0.998147786 28.582401276
0.997938395 0.023788931 -0.059618015 -78.159324646 -0.023624644 0.999715149 0.003459710 0.595361292 0.059684016 -0.002044105 0.998215258 29.326459885
0.998034954 0.022652250 -0.058430769 -78.201271057 -0.022498395 0.999741852 0.003290221 0.581919134 0.058490880 -0.001969142 0.998286188 30.072134018
0.998091757 0.022455880 -0.057529729 -78.245384216 -0.022373917 0.999747872 0.002069125 0.571313024 0.057562362 -0.000777996 0.998341799 30.831413269
0.998164952 0.021201489 -0.056730378 -78.297897339 -0.021176925 0.999775529 0.001034868 0.550896287 0.056740254 0.000168418 0.998389065 31.591260910
0.998226523 0.020670189 -0.055835489 -78.336303711 -0.020656511 0.999786496 0.000822864 0.533636093 0.055841260 0.000331973 0.998439610 32.350486755
0.998230457 0.021941084 -0.055280294 -78.400352478 -0.021897418 0.999759495 0.001396203 0.530991554 0.055298302 -0.000183224 0.998470008 33.132362366
0.998240173 0.021835400 -0.055146467 -78.448226929 -0.021828989 0.999761820 0.000719479 0.515175343 0.055149712 0.000485592 0.998478234 33.905662537
0.998165607 0.021798197 -0.056496765 -78.500000000 -0.021806899 0.999762297 0.000463233 0.503367007 0.056494109 0.000769648 0.998402834 34.672103882
0.998058140 0.021214349 -0.058575954 -78.548576355 -0.021201145 0.999775231 0.000847568 0.487012893 0.058581423 0.000395966 0.998282850 35.475528717
0.997882485 0.021029759 -0.061562058 -78.609603882 -0.021008212 0.999779046 0.000997978 0.475305110 0.061570104 0.000297455 0.998103023 36.264377594
0.997606575 0.024560861 -0.064649180 -78.676528931 -0.024563368 0.999698102 0.000756794 0.457654357 0.064648919 0.000833032 0.997907877 37.067058563
0.997455597 0.024427213 -0.066985585 -78.743354797 -0.024720615 0.999688208 -0.003553991 0.439633667 0.066878535 0.005200883 0.997747660 37.856857300
0.997265041 0.025142035 -0.069509327 -78.812004089 -0.025719654 0.999641836 -0.007426872 0.428438753 0.069298357 0.009194325 0.997553706 38.661277771
0.997125864 0.025359776 -0.071402520 -78.871528625 -0.026043827 0.999623477 -0.008664943 0.409794837 0.071156561 0.010499639 0.997410059 39.482551575
0.996992409 0.024605483 -0.073499113 -78.942474365 -0.025241844 0.999651611 -0.007741128 0.394452691 0.073283680 0.009573105 0.997265399 40.301849365
0.996836305 0.024145856 -0.075735323 -79.008430481 -0.024724284 0.999671996 -0.006708603 0.367386490 0.075549148 0.008559889 0.997105420 41.126476288
0.996705294 0.024264691 -0.077402607 -79.089469910 -0.024734691 0.999681056 -0.005118534 0.348604679 0.077254377 0.007016207 0.996986866 41.968227386
0.996646881 0.023034353 -0.078522786 -79.161293030 -0.023230813 0.999728978 -0.001588808 0.336241752 0.078465566 0.003407638 0.996911108 42.801429749
0.996588469 0.021900032 -0.079582065 -79.235954285 -0.021675508 0.999758303 0.003684651 0.319136679 0.079644166 -0.001947088 0.996821582 43.648563385
0.996633530 0.022962235 -0.078714944 -79.319061279 -0.022577960 0.999728560 0.005768943 0.310375124 0.078826703 -0.003972283 0.996880472 44.494239807
0.996736765 0.024494452 -0.076924123 -79.385047913 -0.024107734 0.999691784 0.005952444 0.301536083 0.077046886 -0.004078537 0.997019291 45.368011475
0.996843457 0.025371889 -0.075238138 -79.452339172 -0.025098486 0.999674499 0.004577799 0.282646775 0.075330466 -0.002674969 0.997155011 46.235237122
0.997054100 0.022694025 -0.073275618 -79.521492004 -0.022599487 0.999742329 0.002119627 0.278104991 0.073305517 -0.000457376 0.997309506 47.107543945
0.997239828 0.019403197 -0.071676493 -79.584014893 -0.019371834 0.999811769 0.001133319 0.246885538 0.071685620 0.000258326 0.997427344 47.980895996
0.997380555 0.018621013 -0.069904163 -79.650146484 -0.018623920 0.999826372 0.000610837 0.237691760 0.069904059 0.000692663 0.997553527 48.857475281
0.997492969 0.016763017 -0.068762757 -79.711959839 -0.016643282 0.999858916 0.002314523 0.228698134 0.068792507 -0.001164273 0.997630298 49.733371735
0.997608006 0.012527025 -0.067992084 -79.771171570 -0.012199534 0.999911904 0.005230421 0.215316027 0.068052240 -0.004388426 0.997672200 50.607032776
0.997700393 0.010664132 -0.066944323 -79.838577271 -0.010304647 0.999930680 0.005713591 0.197125942 0.067001268 -0.005010605 0.997740209 51.461524963
0.997730553 0.013416788 -0.065995499 -79.899971008 -0.013249967 0.999907732 0.002965603 0.178082943 0.066029869 -0.002084427 0.997815430 52.339355469
0.997719288 0.016797373 -0.065389961 -79.980514526 -0.016999766 0.999852300 -0.002539301 0.154671237 0.065338336 0.003645130 0.997856557 53.214935303
0.997779310 0.017231587 -0.064351581 -80.047340393 -0.017862322 0.999797702 -0.009238217 0.146094441 0.064180039 0.010367172 0.997884452 54.066864014
0.997710824 0.023383619 -0.063466094 -80.118072510 -0.024372289 0.999592662 -0.014848010 0.111389697 0.063093737 0.016360836 0.997873604 54.929065704
0.997774005 0.022927757 -0.062633380 -80.171112061 -0.023924671 0.999597967 -0.015212560 0.079750240 0.062260095 0.016677180 0.997920692 55.776226044
0.997851908 0.020052742 -0.062377561 -80.223693848 -0.020728434 0.999733150 -0.010203444 0.063344598 0.062156983 0.011474518 0.998000503 56.641349792
0.997842014 0.019418573 -0.062738240 -80.285240173 -0.019477841 0.999810278 -0.000332487 0.030151496 0.062720560 0.001553783 0.998030007 57.499542236
0.997836947 0.015985075 -0.063778624 -80.343696594 -0.015654620 0.999861300 0.005678426 0.037963420 0.063861229 -0.004667703 0.997947931 58.336326599
0.997680068 0.016224321 -0.066128880 -80.416427612 -0.015888683 0.999857903 0.005598978 -0.001755118 0.066210993 -0.004535276 0.997795224 59.191341400
0.997605085 0.011336091 -0.068246268 -80.472953796 -0.011192563 0.999934018 0.002485914 -0.029090971 0.068270624 -0.001716103 0.997665286 60.027069092
0.997445107 0.008382381 -0.070957676 -80.536972046 -0.008353033 0.999964595 0.000711157 -0.030859586 0.070961781 -0.000116624 0.997479081 60.864315033
0.997223735 0.010641665 -0.073711723 -80.600914001 -0.010769222 0.999940991 -0.001332485 -0.057672404 0.073693834 0.002122608 0.997278690 61.692245483
0.996942401 0.012322733 -0.077174634 -80.680374146 -0.012735221 0.999906957 -0.004854342 -0.075394362 0.077108309 0.005822338 0.997005761 62.516086578
0.996630371 0.012647058 -0.081053786 -80.763748169 -0.013383361 0.999873638 -0.008546643 -0.093232095 0.080936104 0.009602612 0.996672928 63.330944061
0.996333778 0.016716264 -0.083913043 -80.839172363 -0.017790534 0.999768674 -0.012070144 -0.132762969 0.083692536 0.013518752 0.996399879 64.135284424
0.995961726 0.020943683 -0.087310337 -80.926200867 -0.022091446 0.999681294 -0.012199720 -0.151805222 0.087027676 0.014079273 0.996106267 64.949600220
0.995573342 0.024973508 -0.090619549 -81.014251709 -0.026010253 0.999608696 -0.010277147 -0.183323979 0.090328090 0.012588699 0.995832443 65.750198364
0.995182335 0.027142256 -0.094219446 -81.112121582 -0.027725801 0.999603391 -0.004889240 -0.197496116 0.094050020 0.007478008 0.995539427 66.550170898
0.994774818 0.027149003 -0.098425224 -81.186332703 -0.027156716 0.999630332 0.001261983 -0.218396485 0.098423734 0.001417540 0.995143473 67.357177734
0.994270623 0.025984827 -0.103691995 -81.282043457 -0.025703236 0.999661386 0.004051510 -0.242191881 0.103762761 -0.001363052 0.994601130 68.178817749
0.993545413 0.026444640 -0.110316336 -81.394851685 -0.026044421 0.999647856 0.005067912 -0.259923935 0.110412121 -0.002162050 0.993883431 68.961959839
0.993024409 0.020448659 -0.116127856 -81.487640381 -0.019678017 0.999775946 0.007779268 -0.261880755 0.116261519 -0.005439813 0.993203640 69.748924255
0.992259502 0.022387730 -0.122152932 -81.589775085 -0.021447619 0.999729216 0.009006123 -0.272343099 0.122322045 -0.006316497 0.992470324 70.527442932
0.991410434 0.027517803 -0.127865478 -81.703063965 -0.026652249 0.999608457 0.008475959 -0.279299974 0.128049225 -0.004995226 0.991755128 71.293968201
0.990430534 0.031858571 -0.134290457 -81.809967041 -0.031507876 0.999492049 0.004736650 -0.302326411 0.134373695 -0.000460089 0.990930557 72.060134888
0.989689231 0.030895617 -0.139865786 -81.940582275 -0.030891040 0.999520242 0.002204440 -0.312656403 0.139867321 0.002138912 0.990167916 72.833862305
0.988914609 0.030722480 -0.145277411 -82.068092346 -0.030946163 0.999520540 0.000720655 -0.328064203 0.145230472 0.003783138 0.989390612 73.601768494
0.988165259 0.032052796 -0.150011703 -82.183815002 -0.031631391 0.999485731 0.005195163 -0.338893741 0.150101632 -0.000388572 0.988670468 74.367614746
0.987203956 0.032450769 -0.156131610 -82.316421509 -0.031308822 0.999461710 0.009768510 -0.352365673 0.156365126 -0.004755182 0.987687945 75.128768921
0.986363649 0.028297229 -0.162134171 -82.444358826 -0.026757237 0.999573410 0.011674619 -0.361428380 0.162395924 -0.007177127 0.986699581 75.879776001
0.985062957 0.029717058 -0.169615254 -82.587142944 -0.028649842 0.999551058 0.008736610 -0.373026073 0.169799224 -0.003746629 0.985471368 76.647415161
0.983532250 0.028770188 -0.178432241 -82.735519409 -0.029118225 0.999575496 0.000668624 -0.381074727 0.178376153 0.004538040 0.983951807 77.414649963
0.981948018 0.025316887 -0.187452644 -82.884689331 -0.025980406 0.999661446 -0.001083177 -0.398464680 0.187362283 0.005933743 0.982272685 78.150062561
0.979890108 0.025750428 -0.197872818 -83.042816162 -0.025818327 0.999663770 0.002237273 -0.420895517 0.197864354 0.002916488 0.980224967 78.891220093
0.977531612 0.025908150 -0.209193930 -83.211959839 -0.024853427 0.999661386 0.007669508 -0.424360573 0.209322199 -0.002297973 0.977843761 79.630622864
0.975031376 0.025288932 -0.220625520 -83.392707825 -0.022387339 0.999626696 0.015642697 -0.425387383 0.220939189 -0.010312870 0.975232899 80.349655151
0.972380638 0.026946291 -0.231842950 -83.581016541 -0.022901751 0.999534845 0.020119583 -0.441265106 0.232277721 -0.014254249 0.972544789 81.080963135
0.969457150 0.028171556 -0.243639588 -83.770370483 -0.025058370 0.999559700 0.015868396 -0.444598079 0.243979827 -0.009278490 0.969735622 81.802185059
0.966425896 0.029175291 -0.255285859 -83.986465454 -0.028372064 0.999573648 0.006829157 -0.446989298 0.255376756 0.000643139 0.966841161 82.504058838
0.963176847 0.025358701 -0.267672777 -84.203262329 -0.025959495 0.999661863 0.001294805 -0.452972203 0.267615527 0.005701547 0.963508666 83.219413757
0.959766030 0.024215834 -0.279756755 -84.403610229 -0.023553696 0.999705791 0.005728924 -0.453989446 0.279813558 0.001090907 0.960053384 83.917839050
0.956348419 0.025579479 -0.291109204 -84.635330200 -0.022538051 0.999650538 0.013796699 -0.473449588 0.291360706 -0.006633391 0.956589937 84.644531250
0.952548683 0.027770616 -0.303118795 -84.878829956 -0.022978937 0.999548018 0.019363858 -0.480233192 0.303519815 -0.011479633 0.952755749 85.365676880
0.948409975 0.024354076 -0.316112101 -85.112854004 -0.019795431 0.999648273 0.017624669 -0.491032839 0.316430420 -0.010457797 0.948557794 86.070159912
0.944476068 0.023309469 -0.327754408 -85.366439819 -0.020165171 0.999711931 0.012989217 -0.486650586 0.327962995 -0.005658747 0.944673419 86.785591125
0.941459835 0.018986147 -0.336592257 -85.630241394 -0.017904628 0.999819338 0.006317078 -0.503770113 0.336651623 0.000079312 0.941628933 87.485671997
0.938840866 0.015173542 -0.344019234 -85.901977539 -0.016192198 0.999868631 -0.000088079 -0.501349151 0.343972921 0.005653147 0.938962281 88.183395386
0.936058819 0.014932485 -0.351528764 -86.171531677 -0.016749615 0.999857128 -0.002128480 -0.517078042 0.351447046 0.007880380 0.936174333 88.888504028
0.933067799 0.019816298 -0.359156847 -86.452926636 -0.021990100 0.999755859 -0.001967765 -0.526081562 0.359030485 0.009733970 0.933274806 89.577148438
0.930045664 0.020582879 -0.366869450 -86.748474121 -0.022260386 0.999751747 -0.000341679 -0.543353438 0.366771698 0.008484451 0.930272043 90.289520264
0.926890433 0.020493932 -0.374774396 -87.029800415 -0.019503532 0.999788642 0.006435915 -0.549254537 0.374827474 0.001344063 0.927093267 90.983589172
0.923977077 0.023795258 -0.381709129 -87.317222595 -0.019854411 0.999700785 0.014260005 -0.560856104 0.381934613 -0.005597278 0.924172163 91.696426392
0.921322048 0.030523397 -0.387602746 -87.627265930 -0.023681285 0.999467790 0.022417583 -0.576150656 0.388081074 -0.011474843 0.921553493 92.391136169
0.918730617 0.038185019 -0.393036813 -87.966163635 -0.033009097 0.999256074 0.019922322 -0.573988199 0.393505514 -0.005329412 0.919306517 93.089523315
0.916309953 0.036819197 -0.398775965 -88.275863647 -0.035058901 0.999316275 0.011708967 -0.566192508 0.398934692 0.003251638 0.916973174 93.775573730
0.914336145 0.029531008 -0.403880477 -88.594535828 -0.030467931 0.999526978 0.004108046 -0.585233212 0.403810948 0.008549290 0.914802074 94.479202271
0.912610114 0.030784048 -0.407672524 -88.910324097 -0.032366689 0.999471068 0.003016279 -0.584099174 0.407550067 0.010442344 0.913122773 95.173011780
0.910529733 0.036116943 -0.411865890 -89.256881714 -0.035900876 0.999320686 0.008264018 -0.587910652 0.411884874 0.007261740 0.911206484 95.873306274
0.908173203 0.037160084 -0.416944504 -89.589439392 -0.035031561 0.999304414 0.012758458 -0.603050351 0.417128801 0.003019361 0.908841968 96.589210510
0.905672133 0.034286633 -0.422592670 -89.911315918 -0.032308497 0.999407291 0.011844672 -0.625339985 0.422748566 0.002925977 0.906241953 97.279930115
0.903608263 0.033204906 -0.427073210 -90.252571106 -0.034249105 0.999399126 0.005238528 -0.621927500 0.426990747 0.009893324 0.904201388 97.964920044
0.901409924 0.030520467 -0.431891471 -90.594146729 -0.034638479 0.999397993 -0.001670154 -0.635799408 0.431580812 0.016465571 0.901923418 98.666275024
