1.000000000 -0.000000001 -0.000000000 0.000000000 -0.000000001 1.000000000 0.000000002 -0.000000000 -0.000000000 0.000000002 1.000000000 -0.000000000
0.999999225 0.001219326 0.000115070 -0.018059783 -0.001219411 0.999998987 0.000725576 -0.017801760 -0.000114185 -0.000725712 0.999999702 0.794718921
0.999984622 0.005497301 0.000744673 -0.017121015 -0.005498126 0.999984264 0.001108181 -0.036503945 -0.000738569 -0.001112254 0.999999106 1.549689651
0.999977887 0.006567940 0.001043050 -0.023560641 -0.006569270 0.999977589 0.001275914 -0.055840123 -0.001034647 -0.001282734 0.999998629 2.294555664
0.999968886 0.007792050 0.001204895 -0.034408681 -0.007793404 0.999968946 0.001123459 -0.068471074 -0.001196101 -0.001132812 0.999998629 3.027111769
0.999966562 0.008040231 0.001496685 -0.032380521 -0.008041959 0.999966979 0.001153011 -0.094591960 -0.001487364 -0.001165007 0.999998391 3.750879288
0.999965429 0.008032565 0.002170964 -0.045188233 -0.008036253 0.999966204 0.001695659 -0.111242212 -0.002157268 -0.001713045 0.999996305 4.446037292
0.999957919 0.008833427 0.002466352 -0.039975647 -0.008843863 0.999951780 0.004254434 -0.122075059 -0.002428653 -0.004276066 0.999988019 5.126277447
0.999951422 0.008946368 0.004115166 -0.046779446 -0.008981408 0.999922752 0.008577501 -0.138514951 -0.004038111 -0.008614045 0.999954939 5.768568993
0.999948740 0.008515018 0.005472822 -0.046306033 -0.008578544 0.999894738 0.011691257 -0.144286737 -0.005372697 -0.011737610 0.999916911 6.407009602
0.999944031 0.008262987 0.006605158 -0.044028547 -0.008356712 0.999862850 0.014290477 -0.153831333 -0.006486172 -0.014344877 0.999876142 7.021621704
0.999932587 0.008432286 0.007979573 -0.042039722 -0.008545399 0.999861777 0.014249191 -0.168887913 -0.007858319 -0.014316422 0.999866724 7.605619907
0.999920785 0.009047520 0.008746072 -0.028073646 -0.009150807 0.999887884 0.011843228 -0.182108462 -0.008637939 -0.011922325 0.999891758 8.156437874
0.999918461 0.008495740 0.009531890 -0.030331552 -0.008579135 0.999924958 0.008743242 -0.189309657 -0.009456893 -0.008824308 0.999916494 8.675332069
0.999918997 0.006802719 0.010750408 -0.017499171 -0.006879700 0.999950886 0.007140837 -0.190513089 -0.010701302 -0.007214222 0.999916792 9.173631668
0.999910951 0.004114333 0.012688404 -0.014052726 -0.004179477 0.999977946 0.005112363 -0.220378503 -0.012667092 -0.005164941 0.999906540 9.643131256
0.999888122 0.001464509 0.014882388 -0.016720563 -0.001527162 0.999989927 0.004199713 -0.246498138 -0.014876088 -0.004221973 0.999880552 10.086759567
0.999843180 0.005450931 0.016853316 -0.010420263 -0.005490658 0.999982059 0.002312178 -0.233510271 -0.016840417 -0.002404353 0.999855459 10.493165016
0.999759674 0.009372863 0.019808881 -0.010082260 -0.009398377 0.999955058 0.001195693 -0.236270636 -0.019796787 -0.001381580 0.999803185 10.881898880
0.999681115 0.010534314 0.022947604 0.009786665 -0.010576926 0.999942422 0.001736725 -0.240798488 -0.022927992 -0.001978888 0.999735177 11.230136871
0.999630213 0.006399218 0.026427319 0.019329697 -0.006471997 0.999975324 0.002669534 -0.254429102 -0.026409594 -0.002839585 0.999647439 11.540740013
0.999578118 0.001668824 0.028998474 0.025214970 -0.001755386 0.999993861 0.002959904 -0.272149891 -0.028993370 -0.003009558 0.999575377 11.830000877
0.999502599 -0.002188134 0.031454101 0.038654834 0.002057631 0.999988973 0.004180936 -0.280600786 -0.031462915 -0.004114136 0.999496758 12.086603165
0.999420762 -0.003375143 0.033862345 0.046488523 0.003199745 0.999980927 0.005232614 -0.275178850 -0.033879381 -0.005121232 0.999413073 12.318708420
0.999358773 -0.002021139 0.035746131 0.058807522 0.001874025 0.999989450 0.004148658 -0.284860402 -0.035754148 -0.004079009 0.999352515 12.521559715
0.999278128 -0.001341171 0.037969667 0.064297020 0.001231824 0.999994755 0.002903154 -0.288659275 -0.037973389 -0.002854285 0.999274850 12.706807137
0.999183416 0.000345840 0.040404007 0.074554771 -0.000430683 0.999997616 0.002091263 -0.287429392 -0.040403210 -0.002106957 0.999181569 12.886883736
0.999099851 0.003790932 0.042252429 0.071707189 -0.003858098 0.999991238 0.001508288 -0.297820777 -0.042246364 -0.001669945 0.999106109 13.056097031
0.999044359 0.004859222 0.043435384 0.083524734 -0.004871145 0.999987841 0.000168761 -0.301332295 -0.043434061 -0.000380178 0.999056518 13.208378792
0.998963892 0.004317952 0.045308076 0.095040143 -0.004243847 0.999989271 -0.001731605 -0.308295399 -0.045315094 0.001537532 0.998971760 13.356539726
0.998892307 0.003337324 0.046937332 0.106287658 -0.003201986 0.999990404 -0.002958168 -0.320346981 -0.046946768 0.002804600 0.998893797 13.501864433
0.998838902 0.002546581 0.048108660 0.110646725 -0.002364715 0.999989688 -0.003836752 -0.330875307 -0.048117958 0.003718538 0.998834968 13.642597198
0.998769045 0.002848734 0.049522758 0.124555230 -0.002593304 0.999982774 -0.005221300 -0.323998392 -0.049536802 0.005086449 0.998759568 13.766069412
0.998701632 0.003760140 0.050799944 0.123995364 -0.003374153 0.999964595 -0.007681713 -0.330809653 -0.050827049 0.007500339 0.998679578 13.904501915
0.998664796 0.003987799 0.051503990 0.124433219 -0.003476802 0.999943554 -0.010007188 -0.331489265 -0.051541019 0.009814766 0.998622775 14.025997162
0.998618543 0.003172912 0.052449826 0.138656437 -0.002529343 0.999920428 -0.012331916 -0.336984009 -0.052484810 0.012182223 0.998547494 14.151460648
0.998647034 0.002252590 0.051953249 0.145000100 -0.001517758 0.999897897 -0.014179120 -0.342071444 -0.051979922 0.014081093 0.998548865 14.287658691
0.998755276 0.001892339 0.049843524 0.152173817 -0.001123858 0.999879777 -0.015441296 -0.352025926 -0.049866777 0.015366071 0.998637676 14.408278465
0.998905540 0.001805929 0.046737444 0.164837122 -0.001052838 0.999869049 -0.016132701 -0.351192683 -0.046760477 0.016065851 0.998777092 14.528481483
0.999080896 0.002398761 0.042798690 0.164298952 -0.001657675 0.999847889 -0.017342605 -0.354270101 -0.042833805 0.017255727 0.998933256 14.663189888
0.999296963 0.002697507 0.037396133 0.148896992 -0.002009782 0.999828160 -0.018415570 -0.356036305 -0.037439395 0.018327471 0.999130905 14.786161423
0.999522686 0.002622017 0.030786654 0.147394896 -0.002031088 0.999813020 -0.019209761 -0.361728668 -0.030831294 0.019138072 0.999341488 14.904021263
0.999721289 0.002640490 0.023462586 0.148070395 -0.002169569 0.999795675 -0.020073768 -0.364597380 -0.023510823 0.020017281 0.999523222 15.037234306
0.999877989 0.002554780 0.015419468 0.149412096 -0.002228647 0.999773800 -0.021130692 -0.363362640 -0.015469983 0.021093756 0.999657869 15.165467262
0.999982893 0.001692652 0.005601641 0.126689807 -0.001567503 0.999750376 -0.022269992 -0.369723558 -0.005637955 0.022260845 0.999736369 15.314391136
0.999973714 0.000349303 -0.007271353 0.124779783 -0.000522760 0.999714494 -0.023867220 -0.377879173 0.007260907 0.023870405 0.999688804 15.458074570
0.999730110 -0.000611744 -0.023226250 0.106191784 0.000015102 0.999669909 -0.025679927 -0.383100003 0.023234271 0.025672657 0.999400377 15.601438522
0.999093890 -0.000083563 -0.042561520 0.074686110 -0.001060147 0.999638438 -0.026848692 -0.383991122 0.042548381 0.026869498 0.998733044 15.784147263
0.997937381 0.000590514 -0.064194366 0.045186877 -0.002297688 0.999645174 -0.026523318 -0.387469471 0.064155936 0.026616123 0.997584939 15.975988388
0.996140480 0.001100332 -0.087766610 -0.007862806 -0.003332739 0.999674380 -0.025293320 -0.394130886 0.087710209 0.025488218 0.995820165 16.172176361
0.993454874 0.002062963 -0.114206783 -0.068622708 -0.004799855 0.999707580 -0.023694603 -0.403314382 0.114124522 0.024087708 0.993174553 16.413465500
0.989534795 0.003205888 -0.144259751 -0.122750759 -0.006404827 0.999743462 -0.021715960 -0.407406300 0.144153163 0.022412663 0.989301741 16.631475449
0.984156251 0.003579933 -0.177266836 -0.197443485 -0.006949038 0.999806583 -0.018388690 -0.416074455 0.177166775 0.019329194 0.983991146 16.903116226
0.976848722 0.004674118 -0.213880360 -0.295556068 -0.007985088 0.999861240 -0.014619200 -0.417586803 0.213782400 0.015988614 0.976750612 17.165452957
0.967319310 0.006042998 -0.253489554 -0.395721674 -0.008582092 0.999923348 -0.008911975 -0.437524796 0.253416419 0.010796202 0.967297256 17.392517090
0.955575466 0.010706770 -0.294552207 -0.526486874 -0.012635916 0.999909043 -0.004646963 -0.426275730 0.294475734 0.008162470 0.955624223 17.688337326
0.941486657 0.014350839 -0.336745203 -0.662513256 -0.015270607 0.999883115 -0.000082862 -0.434397221 0.336704791 0.005220326 0.941595852 17.957557678
0.925133646 0.017288502 -0.379247814 -0.830861568 -0.016498508 0.999849319 0.005333121 -0.433030546 0.379283041 0.001323178 0.925279915 18.216691971
0.905999303 0.020373387 -0.422788858 -1.021052837 -0.016426593 0.999780416 0.012976784 -0.441530287 0.422960550 -0.004811971 0.906135499 18.546459198
0.884497941 0.024777617 -0.465885758 -1.237258434 -0.017757418 0.999652684 0.019452445 -0.438674599 0.466206074 -0.008932715 0.884631157 18.842111588
0.860003233 0.029797077 -0.509418011 -1.449919701 -0.020295210 0.999500930 0.024200672 -0.437306404 0.509885013 -0.010473903 0.860179067 19.091869354
0.832112312 0.033530839 -0.553592801 -1.704841614 -0.021792732 0.999376416 0.027774800 -0.438702375 0.554179072 -0.011047449 0.832324266 19.401855469
0.801874459 0.037434641 -0.596318841 -1.949650764 -0.024677988 0.999258459 0.029544998 -0.426031291 0.596982837 -0.008975429 0.802203953 19.637441635
0.768531501 0.039973333 -0.638562083 -2.253319740 -0.025117550 0.999161661 0.032316666 -0.423767626 0.639318705 -0.008797253 0.768891633 19.959506989
0.732132137 0.044333585 -0.679718435 -2.567369461 -0.026783044 0.998981297 0.036308706 -0.406496525 0.680636048 -0.008377833 0.732574046 20.211250305
0.694020629 0.045584198 -0.718510568 -2.895909309 -0.024881758 0.998915672 0.039340146 -0.391033351 0.719525099 -0.009425065 0.694402635 20.456020355
0.653421044 0.046094205 -0.755590022 -3.275002480 -0.022769749 0.998889148 0.041245617 -0.387924969 0.756652176 -0.009746157 0.653745055 20.729393005
0.611025274 0.044694681 -0.790348530 -3.647919655 -0.018072309 0.998932064 0.042518340 -0.361586571 0.791404784 -0.011696356 0.611180544 20.981334686
0.567146420 0.045226056 -0.822374284 -4.042794228 -0.012957033 0.998857439 0.045995887 -0.369866312 0.823515058 -0.015430873 0.567084670 21.195079803
0.520417094 0.046732042 -0.852632463 -4.489801407 -0.011409633 0.998792529 0.047778897 -0.344357014 0.853836060 -0.015136726 0.520322144 21.435264587
0.472098291 0.046099275 -0.880339861 -4.943377972 -0.010411422 0.998853445 0.046721969 -0.306914866 0.881484747 -0.012891771 0.472037226 21.609369278
0.420190126 0.045760822 -0.906281590 -5.458832741 -0.005773811 0.998842061 0.047757503 -0.291707218 0.907417953 -0.014834528 0.419968009 21.805986404
0.367207199 0.044719186 -0.929063618 -5.964705944 -0.000721357 0.998856783 0.047793478 -0.279132068 0.930139303 -0.016879918 0.366819829 21.948577881
0.313568950 0.043539274 -0.948566794 -6.452517033 0.001914259 0.998916984 0.046483163 -0.265637279 0.949563861 -0.016391478 0.313146174 22.070041656
0.260255069 0.048587240 -0.964316726 -7.054877758 0.002584324 0.998694360 0.051016834 -0.204588830 0.965536773 -0.015769495 0.259789824 22.200120926
0.208731830 0.054463137 -0.976455271 -7.634418011 0.005613028 0.998364806 0.056885026 -0.184799016 0.977957249 -0.017354583 0.208085015 22.303602219
0.160250932 0.055619523 -0.985508084 -8.164207458 0.010626977 0.998255849 0.058066994 -0.178813338 0.987019479 -0.019778263 0.159380555 22.347940445
0.115242675 0.057203136 -0.991689026 -8.825812340 0.013402914 0.998159885 0.059133910 -0.155657411 0.993247390 -0.020106271 0.114264093 22.396440506
0.075696714 0.055904455 -0.995562673 -9.440464973 0.013141550 0.998284340 0.057056475 -0.123327553 0.997044742 -0.017402226 0.074832298 22.396615982
0.039797176 0.051714025 -0.997868776 -10.143846512 0.010493142 0.998583019 0.052169502 -0.092503786 0.999153137 -0.012546977 0.039198264 22.400272369
0.011516839 0.051247522 -0.998619676 -10.787503242 0.008461671 0.998644948 0.051346384 -0.043062449 0.999898314 -0.009041341 0.011067718 22.359975815
-0.010701279 0.055302929 -0.998412669 -11.509604454 0.007226458 0.998447597 0.055227403 -0.021981061 0.999917209 -0.006623972 -0.011084207 22.373283386
-0.023755558 0.061279297 -0.997838259 -12.247330666 0.008219695 0.998097718 0.061099533 0.024087608 0.999684691 -0.006750460 -0.024213968 22.341863632
-0.031594913 0.063791677 -0.997463346 -12.989094734 0.008582903 0.997941554 0.063550390 0.048679173 0.999464631 -0.006553249 -0.032077305 22.310094833
-0.035283178 0.060982842 -0.997515321 -13.770324707 0.009019352 0.998115122 0.060700472 0.094633877 0.999337375 -0.006855224 -0.035766605 22.264970779
-0.034525670 0.057280239 -0.997761190 -14.542917252 0.016675202 0.998250127 0.056731265 0.156753957 0.999265373 -0.014679178 -0.035420321 22.242443085
-0.023414999 0.054543432 -0.998237073 -15.323984146 0.027677091 0.998163164 0.053890154 0.137367606 0.999343216 -0.026366467 -0.024881503 22.207874298
-0.017997125 0.054595716 -0.998346508 -16.139230728 0.029191321 0.998110950 0.054056574 0.188469529 0.999412239 -0.028170200 -0.019556757 22.208538055
-0.013143036 0.052972935 -0.998509824 -17.010929108 0.027231069 0.998244286 0.052600391 0.270438075 0.999543190 -0.026499165 -0.014562376 22.198953629
-0.017068185 0.049395416 -0.998633742 -17.894626617 0.031338993 0.998314679 0.048843965 0.241893351 0.999363422 -0.030462502 -0.018587327 22.211044312
-0.015375135 0.038707498 -0.999132633 -18.777969360 0.029003942 0.998847306 0.038250074 0.258587539 0.999461353 -0.028390693 -0.016479990 22.179903030
-0.014860031 0.029383115 -0.999458253 -19.687398911 0.022007532 0.999335587 0.029052280 0.327033281 0.999647796 -0.021563886 -0.015496715 22.160533905
-0.016130030 0.026598794 -0.999516547 -20.611557007 0.015896270 0.999526441 0.026342511 0.324125797 0.999743998 -0.015463676 -0.016545130 22.117397308
-0.019668728 0.032137856 -0.999290466 -21.568992615 0.006507300 0.999465942 0.032015402 0.362839401 0.999785900 -0.005872979 -0.019867273 22.086265564
-0.024482505 0.039779522 -0.998908997 -22.503931046 0.001377542 0.999208212 0.039757665 0.426432699 0.999699891 -0.000402665 -0.024517838 22.033710480
-0.028891398 0.049906880 -0.998336434 -23.498756409 0.000047159 0.998752773 0.049926311 0.414568365 0.999583125 0.001395363 -0.028857632 21.979993820
-0.030576088 0.059598185 -0.997754633 -24.526565552 -0.001346224 0.998217285 0.059667073 0.494734704 0.999532104 0.003167587 -0.030441266 21.952386856
-0.031911857 0.067850254 -0.997185409 -25.514253616 0.000758525 0.997694314 0.067860596 0.515216827 0.999491155 0.001409174 -0.031889658 21.922130585
-0.033430964 0.069602877 -0.997014821 -26.552167892 0.002340925 0.997574389 0.069563463 0.540887833 0.999438941 -0.000008359 -0.033512730 21.877611160
-0.035552930 0.066470839 -0.997155190 -27.526754379 0.001163219 0.997787416 0.066471517 0.616342783 0.999367833 0.001203353 -0.035551507 21.826763153
-0.038385075 0.061871700 -0.997346222 -28.592338562 -0.000940418 0.998078525 0.061953321 0.662263989 0.999263287 0.003316012 -0.038253043 21.805267334
-0.042896539 0.056230705 -0.997496247 -29.613075256 -0.001911827 0.998408377 0.056364350 0.692849636 0.999078274 0.004324884 -0.042720672 21.718078613
-0.048740644 0.052171625 -0.997448385 -30.622354507 -0.001230980 0.998630822 0.052293636 0.726958215 0.998811185 0.003776674 -0.048609614 21.656032562
-0.055079844 0.048967008 -0.997280777 -31.707227707 -0.003116879 0.998783410 0.049212933 0.787182450 0.998477578 0.005819056 -0.054860137 21.598476410
-0.061795995 0.052182827 -0.996723950 -32.705657959 -0.001988272 0.998623729 0.052405555 0.816484094 0.998087406 0.005220224 -0.061607119 21.511289597
-0.068539731 0.056882668 -0.996025622 -33.796562195 -0.003316246 0.998354495 0.057243854 0.844562054 0.997643530 0.007226557 -0.068238236 21.419946671
-0.074287504 0.059849355 -0.995439589 -34.882625580 -0.005637717 0.998156190 0.060433403 0.909048676 0.997221529 0.010101467 -0.073813036 21.326135635
-0.078410469 0.061887138 -0.994998693 -35.910034180 -0.008998523 0.997986257 0.062782094 0.947080970 0.996881187 0.013876304 -0.077695638 21.236948013
-0.081699155 0.063987680 -0.994601190 -37.026176453 -0.013127176 0.997780800 0.065270551 0.997142315 0.996571302 0.018388866 -0.080677852 21.129274368
-0.083516054 0.064540289 -0.994414389 -38.060207367 -0.017388774 0.997653604 0.066210918 1.067598343 0.996355295 0.022821344 -0.082197770 21.034391403
-0.085236251 0.064255916 -0.994286895 -39.175624847 -0.018290412 0.997648895 0.066041142 1.105941892 0.996193349 0.023815040 -0.083860539 20.921684265
-0.086510494 0.064024799 -0.994191647 -40.265083313 -0.018539716 0.997656107 0.065861158 1.149690628 0.996078908 0.024129737 -0.085120693 20.830659866
-0.087351352 0.063235983 -0.994168460 -41.309085846 -0.019625127 0.997679770 0.065183654 1.199980021 0.995984852 0.025204588 -0.085907623 20.734334946
-0.088687629 0.062255643 -0.994112313 -42.422927856 -0.021993853 0.997678638 0.064441130 1.249261498 0.995817244 0.027579527 -0.087112486 20.617012024
-0.089287326 0.060146622 -0.994188547 -43.522060394 -0.025823319 0.997699142 0.062678203 1.296437502 0.995671690 0.031269655 -0.087528706 20.514572144
-0.089435726 0.054948341 -0.994475961 -44.578311920 -0.031823684 0.997809112 0.057994492 1.339024782 0.995484710 0.036834717 -0.087491088 20.394159317
-0.088977352 0.053630941 -0.994589150 -45.693855286 -0.033823926 0.997810066 0.056830589 1.399992704 0.995459795 0.038697589 -0.086968504 20.277053833
-0.087021619 0.057517167 -0.994545102 -46.787979126 -0.033872765 0.997583091 0.060656734 1.458065271 0.995631039 0.038966477 -0.084863052 20.190063477
-0.085753605 0.061923794 -0.994390726 -47.928081512 -0.034574579 0.997279763 0.065085374 1.495803952 0.995716870 0.039961968 -0.083379373 20.082115173
-0.083735608 0.061486177 -0.994589508 -48.997962952 -0.031746589 0.997422695 0.064334109 1.539733291 0.995982647 0.036961939 -0.081567839 19.991889954
-0.081701167 0.060276996 -0.994832754 -50.111385345 -0.031668976 0.997507632 0.063039914 1.587392211 0.996154070 0.036655828 -0.079588689 19.891311646
-0.077364475 0.060766496 -0.995149672 -51.243804932 -0.035598930 0.997335315 0.063667484 1.639711857 0.996367693 0.040351924 -0.074995115 19.789699554
-0.071681090 0.061753392 -0.995514452 -52.361434937 -0.041347124 0.997039020 0.064825132 1.687357187 0.996570706 0.045808453 -0.068915553 19.703022003
-0.066997960 0.061895002 -0.995831907 -53.505798340 -0.044785708 0.996880829 0.064973317 1.739320636 0.996747911 0.048952188 -0.064016983 19.607919693
-0.060910862 0.060840111 -0.996287644 -54.608215332 -0.046314880 0.996892571 0.063708641 1.797404885 0.997068524 0.050023567 -0.057903782 19.540786743
-0.055337314 0.060380679 -0.996640861 -55.763641357 -0.046028107 0.996953785 0.062955327 1.845641136 0.997406960 0.049357314 -0.052389521 19.451940536
-0.050246753 0.059986252 -0.996934354 -56.883201599 -0.043874700 0.997097850 0.062207449 1.891346455 0.997773349 0.046865966 -0.047469031 19.378494263
-0.043738663 0.060604073 -0.997203648 -58.004356384 -0.043051280 0.997116148 0.062487070 1.945655346 0.998115599 0.045664042 -0.041003436 19.330606461
-0.039260272 0.062468614 -0.997274816 -59.187721252 -0.040766463 0.997112274 0.064063340 1.995946169 0.998397648 0.043170549 -0.036600254 19.292743683
-0.033572368 0.062980317 -0.997450411 -60.336753845 -0.042738520 0.997008681 0.064390965 2.051115274 0.998522520 0.044791363 -0.030780233 19.251554489
-0.027533177 0.062997974 -0.997634232 -61.472312927 -0.042318515 0.997043490 0.064128622 2.099137545 0.998725414 0.043984111 -0.024785765 19.210556030
-0.023248937 0.059417687 -0.997962892 -62.630847931 -0.042535614 0.997269034 0.060367327 2.149724245 0.998824835 0.043852489 -0.020658035 19.179143906
-0.017761134 0.053913306 -0.998387933 -63.752075195 -0.042124081 0.997617781 0.054621104 2.185273886 0.998955071 0.043026350 -0.015447740 19.123172760
-0.014172575 0.052650772 -0.998512685 -64.933013916 -0.042908177 0.997660339 0.053214867 2.233977795 0.998979032 0.043598592 -0.011880227 19.103021622
-0.010868797 0.055372562 -0.998406947 -66.086418152 -0.041829962 0.997565925 0.055781305 2.284008026 0.999066234 0.042369638 -0.008526066 19.090045929
-0.009930602 0.055430681 -0.998413503 -67.277412415 -0.041334011 0.997585654 0.055795893 2.323383093 0.999096513 0.041822579 -0.007615414 19.068964005
-0.009184754 0.054828849 -0.998453856 -68.460845947 -0.043439008 0.997530520 0.055177789 2.368935823 0.999014318 0.043878697 -0.006780321 19.050846100
-0.007599448 0.055761814 -0.998415649 -69.614776611 -0.044613153 0.997430205 0.056046423 2.411134243 0.998975992 0.044968437 -0.005092167 19.036449432
-0.008068755 0.055583548 -0.998421729 -70.820167542 -0.044713702 0.997434497 0.055889964 2.458767414 0.998967707 0.045094173 -0.005562667 18.987297058
-0.006491470 0.053637706 -0.998539746 -72.002212524 -0.045505181 0.997509360 0.053878225 2.503431320 0.998943388 0.045788556 -0.004034465 18.974143982
-0.005176921 0.052234892 -0.998621821 -73.172401428 -0.044664465 0.997625291 0.052414369 2.538204670 0.998989105 0.044874322 -0.002831539 18.967636108
-0.006154190 0.052110881 -0.998622715 -74.383598328 -0.040632438 0.997802794 0.052318543 2.578596354 0.999155700 0.040898543 -0.004023232 18.932033539
-0.006162276 0.052746352 -0.998589396 -75.553260803 -0.038442075 0.997856617 0.052944914 2.622769833 0.999242365 0.038714197 -0.004121345 18.923839569
-0.005504269 0.055610586 -0.998437703 -76.718574524 -0.037972569 0.997719944 0.055779994 2.658207417 0.999264002 0.038220365 -0.003379997 18.904464722
-0.006300113 0.059134722 -0.998230636 -77.926872253 -0.039754927 0.997445107 0.059339151 2.714293003 0.999189973 0.040058516 -0.003933078 18.876441956
-0.005267470 0.059605874 -0.998208523 -79.090927124 -0.041735463 0.997338176 0.059774183 2.752791405 0.999115109 0.041975647 -0.002765727 18.866174698
-0.005101727 0.057419073 -0.998337448 -80.285873413 -0.042929415 0.997416258 0.057585511 2.793526649 0.999065399 0.043151937 -0.002623534 18.851022720
-0.004638460 0.055249408 -0.998462200 -81.458106995 -0.043496899 0.997515559 0.055399138 2.840977430 0.999043107 0.043687087 -0.002223714 18.836519241
-0.004726486 0.054188989 -0.998519897 -82.634880066 -0.041512117 0.997658551 0.054338802 2.875856400 0.999127090 0.041707594 -0.002465873 18.814037323
-0.004803757 0.055673387 -0.998437762 -83.836288452 -0.039626561 0.997653484 0.055820365 2.925611973 0.999203444 0.039832905 -0.002586291 18.809568405
-0.004850493 0.058477115 -0.998277247 -85.000297546 -0.039053556 0.997515380 0.058622286 2.966795683 0.999225616 0.039270721 -0.002554652 18.798168182
-0.004017361 0.061102714 -0.998123765 -86.169708252 -0.039268337 0.997351229 0.061213549 3.010730743 0.999220729 0.039440684 -0.001607266 18.790336609
-0.003937744 0.061207805 -0.998117685 -87.358810425 -0.040768765 0.997284651 0.061317638 3.056025028 0.999160945 0.040933587 -0.001431634 18.772668839
-0.003683291 0.059317227 -0.998232782 -88.513725281 -0.040264115 0.997420073 0.059417594 3.093896151 0.999182463 0.040411912 -0.001285381 18.757368088
-0.003354003 0.057608753 -0.998333991 -89.691642761 -0.038795583 0.997579455 0.057695620 3.147224188 0.999241650 0.038924571 -0.001110866 18.755073547
-0.003017655 0.057790067 -0.998324513 -90.845252991 -0.036521498 0.997655630 0.057861812 3.192568541 0.999328434 0.036635000 -0.000899950 18.750391006
-0.002509592 0.060968380 -0.998136818 -91.992118835 -0.034502547 0.997539401 0.061018709 3.233451843 0.999401510 0.034591496 -0.000399802 18.744161606
-0.003035416 0.064080283 -0.997940421 -93.189933777 -0.032813277 0.997400403 0.064145498 3.285572052 0.999456704 0.032940492 -0.000924787 18.726655960
-0.002783831 0.065735936 -0.997833431 -94.342391968 -0.033646900 0.997265399 0.065792464 3.334161043 0.999429822 0.033757243 -0.000564354 18.724342346
-0.002331253 0.067483976 -0.997717917 -95.492118835 -0.035797160 0.997074723 0.067524195 3.397500038 0.999356151 0.035872977 0.000091355 18.723630905
-0.002237887 0.066719241 -0.997769594 -96.655815125 -0.038059063 0.997042656 0.066756070 3.450787067 0.999272764 0.038123660 0.000308058 18.707336426
-0.002114862 0.063527152 -0.997978210 -97.807884216 -0.040736750 0.997145712 0.063560560 3.488993645 0.999167383 0.040788919 0.000479119 18.708349228
-0.001925803 0.061269715 -0.998119771 -98.962013245 -0.042325445 0.997221172 0.061296310 3.539641380 0.999101758 0.042364005 0.000672870 18.684583664
-0.001883695 0.060078662 -0.998192191 -100.115242004 -0.042556819 0.997283936 0.060104396 3.574947834 0.999091923 0.042593215 0.000678230 18.685586929
-0.001654439 0.060051564 -0.998194277 -101.274475098 -0.040596884 0.997367799 0.060069222 3.634009838 0.999173999 0.040623073 0.000787875 18.675540924
-0.001938096 0.062693819 -0.998031199 -102.450767517 -0.040515717 0.997207820 0.062720858 3.685214520 0.999176860 0.040557630 0.000607454 18.677618027
-0.001544725 0.064791568 -0.997897923 -103.587471008 -0.038382441 0.997159123 0.064803101 3.732808828 0.999261677 0.038401965 0.000946574 18.671096802
-0.002284861 0.063723147 -0.997965395 -104.760757446 -0.042805776 0.997046053 0.063762538 3.787573814 0.999080598 0.042864475 0.000449662 18.654375076
-0.002469290 0.064463332 -0.997917354 -105.935821533 -0.047170777 0.996801078 0.064508036 3.846496582 0.998883605 0.047231916 0.000579450 18.643726349
-0.002426218 0.063882083 -0.997954845 -107.086639404 -0.050467905 0.996677279 0.063923091 3.902658939 0.998722434 0.050519891 0.000805893 18.630970001
-0.003171647 0.060658745 -0.998153746 -108.277122498 -0.050795827 0.996859610 0.060741566 3.952241421 0.998703837 0.050894804 -0.000080417 18.624389648
-0.003976863 0.055830948 -0.998432517 -109.464584351 -0.052290343 0.997062087 0.055962663 4.000908852 0.998623848 0.052431047 -0.001045701 18.610055923
-0.004945935 0.054965708 -0.998476386 -110.611732483 -0.048492137 0.997299731 0.055141229 4.050197601 0.998811066 0.048691079 -0.002267120 18.604379654
-0.005251203 0.054191552 -0.998517215 -111.832618713 -0.043023340 0.997593164 0.054367755 4.094534874 0.999060094 0.043245137 -0.002907008 18.594856262
-0.005745478 0.055913649 -0.998419583 -113.021171570 -0.042552803 0.997516990 0.056108069 4.143801689 0.999077499 0.042807989 -0.003351875 18.583738327
-0.006470072 0.060605340 -0.998141348 -114.259918213 -0.041815165 0.997271717 0.060823698 4.194120407 0.999104261 0.042131044 -0.003918142 18.583366394
-0.007060964 0.060915537 -0.998118341 -115.477333069 -0.040106378 0.997321963 0.061150737 4.249325752 0.999170303 0.040462755 -0.004598897 18.569707870
-0.007231100 0.056147855 -0.998396814 -116.680213928 -0.039909728 0.997610211 0.056392767 4.300219536 0.999177039 0.040253595 -0.004972917 18.548343658
-0.007878400 0.052447490 -0.998592973 -117.938949585 -0.040639475 0.997781336 0.052725591 4.354243279 0.999142587 0.040997759 -0.005729429 18.508905411
-0.008327888 0.050957389 -0.998666465 -119.161582947 -0.039136603 0.997918546 0.051245678 4.389097691 0.999198914 0.039511248 -0.006316202 18.476776123
-0.009275096 0.052063450 -0.998601079 -120.427299500 -0.040120896 0.997819602 0.052395463 4.444925308 0.999151528 0.040550813 -0.007165988 18.461822510
-0.010572251 0.056515593 -0.998346150 -121.675674438 -0.045262657 0.997350752 0.056938678 4.490836143 0.998918831 0.045789838 -0.007986144 18.484451294
-0.011046674 0.060687982 -0.998095989 -122.907760620 -0.050948616 0.996825457 0.061174739 4.534397125 0.998639762 0.051527455 -0.007919584 18.460432053
-0.011070197 0.060328946 -0.998117507 -124.188102722 -0.058051609 0.996455610 0.060872462 4.599238396 0.998251736 0.058616269 -0.007528714 18.416404724
-0.010944424 0.057946976 -0.998260021 -125.454406738 -0.061801333 0.996371329 0.058515020 4.651920319 0.998027921 0.062334295 -0.007323454 18.397224426
-0.011490691 0.056871660 -0.998315752 -126.687606812 -0.063552931 0.996320784 0.057489634 4.697588921 0.997911632 0.064106561 -0.007833998 18.364751816
-0.012025469 0.056289125 -0.998342335 -127.969078064 -0.063900903 0.996329784 0.056945477 4.750002861 0.997883201 0.064479865 -0.008384349 18.347801208
-0.012400459 0.055751070 -0.998368025 -129.217926025 -0.061910760 0.996485591 0.056415055 4.786193848 0.998004138 0.062509403 -0.008905234 18.320966721
-0.013171502 0.055872142 -0.998351455 -130.498809814 -0.062162757 0.996460259 0.056586567 4.831701279 0.997978508 0.062805712 -0.009651657 18.304075241
-0.013616031 0.060949132 -0.998048365 -131.753189087 -0.061864596 0.996176481 0.061678939 4.888065815 0.997991145 0.062583767 -0.009793318 18.280254364
-0.013938003 0.066058524 -0.997718751 -132.985839844 -0.061075684 0.995895445 0.066791154 4.925402641 0.998035252 0.061867375 -0.009846167 18.255695343
-0.013743529 0.064588763 -0.997817814 -134.268280029 -0.061032888 0.995996296 0.065311626 4.997859001 0.998040676 0.061797395 -0.009746407 18.231853485
-0.013448633 0.062376868 -0.997962415 -135.518692017 -0.060859434 0.996150374 0.063083895 5.055243969 0.998055100 0.061583932 -0.009600586 18.200540543
-0.012210126 0.062627591 -0.997962594 -136.742202759 -0.060150117 0.996182621 0.063251972 5.106496811 0.998114109 0.060799990 -0.008396406 18.184711456
-0.011284988 0.061705649 -0.998030961 -138.020950317 -0.060851734 0.996201277 0.062280733 5.159184933 0.998082399 0.061434858 -0.007487171 18.159486771
-0.010542833 0.063550904 -0.997923315 -139.246459961 -0.060195286 0.996127844 0.064072616 5.211754322 0.998130381 0.060745910 -0.006676494 18.136840820
-0.009492161 0.067503922 -0.997674227 -140.509857178 -0.061318018 0.995801508 0.067960732 5.261354923 0.998072565 0.061820619 -0.005313051 18.112264633
-0.008346637 0.068878546 -0.997590601 -141.772125244 -0.062178724 0.995658338 0.069265470 5.324075699 0.998029530 0.062607169 -0.004027571 18.096361160
-0.007733339 0.065857686 -0.997799575 -142.977508545 -0.064673916 0.995706558 0.066220909 5.377756596 0.997875810 0.065043829 -0.003440814 18.075178146
-0.007455255 0.062721021 -0.998003542 -144.251434326 -0.064066395 0.995950103 0.063070655 5.442848206 0.997917175 0.064408816 -0.003406706 18.060091019
-0.007259703 0.061668202 -0.998070657 -145.488388062 -0.061525904 0.996177554 0.061998855 5.489837170 0.998078465 0.061857421 -0.003437714 18.040811539
-0.006667651 0.061037444 -0.998113573 -146.712112427 -0.059296608 0.996354461 0.061326087 5.540115356 0.998217523 0.059593793 -0.003023986 18.031194687
-0.007759980 0.061137643 -0.998099387 -147.956558228 -0.057162561 0.996469676 0.061482303 5.595259190 0.998334169 0.057531182 -0.004237752 18.008577347
-0.007571728 0.060188070 -0.998158514 -149.180114746 -0.054584101 0.996673703 0.060512643 5.622545242 0.998479962 0.054941952 -0.004261181 17.983980179
-0.008038225 0.059961744 -0.998168468 -150.434051514 -0.054611519 0.996684194 0.060312416 5.678206444 0.998474777 0.054996476 -0.004736921 17.968732834
-0.007826361 0.062238064 -0.998030901 -151.672363281 -0.052071653 0.996681511 0.062562317 5.731515884 0.998612046 0.052458938 -0.004559500 17.961732864
-0.007931383 0.064618208 -0.997878790 -152.872940063 -0.049041215 0.996683657 0.064930663 5.786023617 0.998764694 0.049452312 -0.004736074 17.946455002
-0.008482621 0.062620230 -0.998001754 -154.121200562 -0.046951026 0.996911228 0.062950969 5.844257355 0.998860657 0.047391333 -0.005516284 17.919944763
-0.008985982 0.062602505 -0.997998357 -155.352111816 -0.048244029 0.996848762 0.062964842 5.898305893 0.998794556 0.048713405 -0.005937417 17.904727936
-0.008978989 0.067595251 -0.997672737 -156.559722900 -0.048372582 0.996515095 0.067952171 5.954114914 0.998788357 0.048870299 -0.005677892 17.875873566
-0.008833889 0.074177288 -0.997206211 -157.822006226 -0.052741561 0.995822012 0.074541546 6.024936676 0.998568475 0.053252827 -0.004884705 17.844234467
-0.007455365 0.074778318 -0.997172534 -159.008636475 -0.058294367 0.995471358 0.075086601 6.082878590 0.998270929 0.058689475 -0.003062397 17.834102631
-0.006290401 0.070851281 -0.997467220 -160.283493042 -0.062161423 0.995529711 0.071105704 6.147032738 0.998045743 0.062451411 -0.001858010 17.800291061
-0.004581225 0.065224968 -0.997860193 -161.507003784 -0.064464770 0.995775342 0.065384664 6.199419975 0.997908950 0.064626500 -0.000357105 17.798084259
-0.004131233 0.063453063 -0.997976243 -162.686691284 -0.066490769 0.995758593 0.063587293 6.268956184 0.997777939 0.066619068 0.000105380 17.774847031
-0.003289302 0.060614306 -0.998155832 -163.936767578 -0.062241938 0.996213257 0.060701448 6.304776192 0.998055160 0.062326968 0.000495956 17.761287689
-0.002793578 0.055845335 -0.998435616 -165.155929565 -0.057962518 0.996751547 0.055913310 6.361085892 0.998314321 0.058028199 0.000452479 17.753728867
-0.002825713 0.053096965 -0.998585284 -166.341903687 -0.052644171 0.997196496 0.053172059 6.392785072 0.998608649 0.052720133 -0.000022502 17.744733810
-0.003902333 0.054743275 -0.998492658 -167.590011597 -0.049046930 0.997287929 0.054868873 6.448547840 0.998788178 0.049187317 -0.001206713 17.708789825
-0.002987124 0.062553048 -0.998037100 -168.784210205 -0.049999330 0.996783555 0.062624112 6.488109589 0.998744190 0.050088432 0.000150139 17.729072571
-0.001856321 0.065528408 -0.997848928 -170.046813965 -0.050649922 0.996563613 0.065538190 6.552642822 0.998713911 0.050662801 0.001469110 17.706968307
-0.000134669 0.062702939 -0.998032153 -171.262863159 -0.052738436 0.996642768 0.062622719 6.590656281 0.998607457 0.052643273 0.003172679 17.707260132
0.000830415 0.062050745 -0.998072684 -172.437850952 -0.054305121 0.996602893 0.061914157 6.650252342 0.998523116 0.054149210 0.004197306 17.703699112
0.001345835 0.063323259 -0.997992158 -173.681823730 -0.053440522 0.996571183 0.063161008 6.709188461 0.998569191 0.053248383 0.004725288 17.698982239
0.002639937 0.062073018 -0.998068213 -174.888854980 -0.052679565 0.996694148 0.061848201 6.751079559 0.998607039 0.052414693 0.005901228 17.685779572
0.003857892 0.060312632 -0.998172104 -176.037582397 -0.053403001 0.996767104 0.060021337 6.789046288 0.998564661 0.053073987 0.007066333 17.683851242
0.005340040 0.061884746 -0.998069108 -177.212829590 -0.054900564 0.996595562 0.061499652 6.834035397 0.998476505 0.054466300 0.008719403 17.679000854
0.006822303 0.064107485 -0.997919679 -178.317321777 -0.054787215 0.996467531 0.063639626 6.874072075 0.998473704 0.054239221 0.010310502 17.691904068
0.007318023 0.065533228 -0.997823715 -179.445877075 -0.054952770 0.996368408 0.065034613 6.914660454 0.998461068 0.054357406 0.010892711 17.687318802
0.007795819 0.066817865 -0.997735023 -180.530303955 -0.055897571 0.996233582 0.066280589 6.963510036 0.998404980 0.055254377 0.011501445 17.690782547
0.007699156 0.067852601 -0.997665823 -181.533889771 -0.054706272 0.996229112 0.067332722 6.997859001 0.998471677 0.054060318 0.011382119 17.683544159
0.008227494 0.067159191 -0.997708321 -182.575759888 -0.055324212 0.996244133 0.066604383 7.033376694 0.998433471 0.054649606 0.011912148 17.674034119
0.009436716 0.066992454 -0.997708917 -183.531127930 -0.056029230 0.996220887 0.066362582 7.065464020 0.998383462 0.055274770 0.013154619 17.682228088
0.010465780 0.067539044 -0.997661769 -184.510070801 -0.056650862 0.996153712 0.066842645 7.114653587 0.998338103 0.055818997 0.014251697 17.696304321
0.009558978 0.066253059 -0.997757018 -185.461883545 -0.055817116 0.996281922 0.065620318 7.148191452 0.998394310 0.055064797 0.013221513 17.693870544
0.006880706 0.063133784 -0.997981191 -186.368423462 -0.052513972 0.996650279 0.062687486 7.175924301 0.998595417 0.051976781 0.010173094 17.706731796
0.002075701 0.059982352 -0.998197198 -187.317825317 -0.052307554 0.996838987 0.059791923 7.205185890 0.998627901 0.052089278 0.005206696 17.683109283
-0.002740050 0.056771353 -0.998383224 -188.234237671 -0.054855436 0.996874869 0.056836110 7.240796089 0.998489380 0.054922648 0.000382757 17.659433365
-0.006692422 0.055916470 -0.998412788 -189.127655029 -0.056329917 0.996828496 0.056205295 7.281228065 0.998388588 0.056616824 -0.003521396 17.633428574
-0.009812484 0.056437451 -0.998357773 -190.081970215 -0.058501277 0.996662915 0.056916617 7.316073895 0.998238027 0.058963854 -0.006478046 17.608364105
-0.011698745 0.058062889 -0.998244166 -190.974334717 -0.057350818 0.996629775 0.058641087 7.350982666 0.998284400 0.057936318 -0.008329332 17.607389450
-0.013174292 0.059950650 -0.998113990 -191.930999756 -0.054188356 0.996690929 0.060580377 7.378049850 0.998442411 0.054884445 -0.009882036 17.599702835
-0.014537358 0.060238257 -0.998077810 -192.835861206 -0.052476481 0.996761560 0.060923133 7.416068554 0.998514891 0.053261451 -0.011329155 17.587860107
-0.015419113 0.059633009 -0.998100817 -193.725357056 -0.052639052 0.996786833 0.060367655 7.437796593 0.998493254 0.053470083 -0.012230509 17.567365646
-0.016100513 0.058390044 -0.998163462 -194.650711060 -0.054370508 0.996764779 0.059185188 7.480716705 0.998389661 0.055223767 -0.012873692 17.531864166
-0.015939116 0.057479408 -0.998219073 -195.534759521 -0.058486171 0.996582866 0.058319032 7.522097111 0.998159528 0.059311729 -0.012522867 17.521345139
-0.015648607 0.055867139 -0.998315275 -196.472640991 -0.060807560 0.996536136 0.056720711 7.554997444 0.998025477 0.061592888 -0.012197223 17.484008789
-0.015095571 0.053609297 -0.998447478 -197.369262695 -0.061368372 0.996628940 0.054439455 7.589646339 0.997999668 0.062095068 -0.011754734 17.460090637
-0.014332505 0.050686996 -0.998611391 -198.261657715 -0.061291341 0.996791363 0.051474269 7.617531300 0.998015642 0.061944172 -0.011179807 17.430109024
-0.013852009 0.050677709 -0.998618722 -199.212692261 -0.061322644 0.996791482 0.051435564 7.646420956 0.998020530 0.061950609 -0.010699839 17.421377182
-0.013043628 0.053112812 -0.998502970 -200.138336182 -0.058880463 0.996814132 0.053792119 7.685225487 0.998178482 0.059494134 -0.009874732 17.408452988
-0.012954980 0.054454681 -0.998431981 -201.053314209 -0.057769202 0.996806920 0.055115618 7.722491264 0.998244643 0.058392800 -0.009767777 17.392494202
-0.012598244 0.050905857 -0.998623788 -202.020324707 -0.053530905 0.997236192 0.051510453 7.742540359 0.998485386 0.054106347 -0.009838358 17.383178711
-0.011783458 0.047024660 -0.998824000 -202.953002930 -0.051292975 0.997549534 0.047569782 7.767180443 0.998612940 0.051793359 -0.009342518 17.358814240
-0.011484314 0.047900468 -0.998785913 -203.922119141 -0.056418005 0.997229338 0.048474520 7.799655914 0.998339891 0.056906369 -0.008750018 17.335609436
-0.010584898 0.051446576 -0.998619318 -204.861343384 -0.057365082 0.996999025 0.051971134 7.863071918 0.998295844 0.057836160 -0.007601870 17.314840317
-0.008465592 0.051635969 -0.998629868 -205.795211792 -0.055169184 0.997120082 0.052025575 7.883337498 0.998439729 0.055534203 -0.005592477 17.298635483
-0.006156841 0.052112039 -0.998621881 -206.810363770 -0.053909134 0.997171104 0.052368678 7.917820930 0.998525560 0.054157451 -0.003330084 17.286884308
-0.004854835 0.056950893 -0.998364806 -207.755630493 -0.054358892 0.996885121 0.057130817 7.964923859 0.998508334 0.054547537 -0.001743901 17.280868530
-0.003287014 0.061102733 -0.998125672 -208.775665283 -0.051473409 0.996797442 0.061190926 8.006425858 0.998667538 0.051578235 -0.000131297 17.269002914
-0.001630121 0.062183056 -0.998063087 -209.783035278 -0.050665393 0.996777117 0.062185694 8.039266586 0.998712838 0.050668798 0.001525683 17.266548157
0.000642872 0.062742889 -0.998029172 -210.761260986 -0.054014936 0.996574342 0.062616631 8.083702087 0.998538613 0.053868398 0.004029744 17.257833481
0.003403267 0.064184271 -0.997931778 -211.780975342 -0.056811951 0.996338010 0.063887991 8.146336555 0.998377860 0.056477215 0.007037260 17.259916306
0.006792390 0.064697325 -0.997881293 -212.780288696 -0.057808310 0.996260703 0.064198747 8.186720848 0.998303354 0.057249963 0.010507061 17.273872375
0.009771058 0.062268261 -0.998011231 -213.837249756 -0.060825426 0.996247530 0.061562695 8.235596657 0.998099446 0.060103115 0.013521912 17.262582779
