1.000000000 -0.000000000 0.000000001 0.000000000 -0.000000000 1.000000000 -0.000000000 -0.000000000 0.000000001 -0.000000000 1.000000000 0.000000000
0.999951184 -0.001451423 0.009770691 0.017362593 0.001445131 0.999998748 0.000650992 -0.011394951 -0.009771622 -0.000636840 0.999952078 0.266419500
0.999841094 -0.003466082 0.017485380 0.013754981 0.003439908 0.999992907 0.001526756 -0.024975253 -0.017490547 -0.001466366 0.999845982 0.574099422
0.999797702 -0.006788339 0.018933676 0.030663487 0.006802659 0.999976635 -0.000692013 -0.008323767 -0.018928535 0.000820672 0.999820530 0.885416925
0.999822676 -0.007825826 0.017128911 0.037741661 0.007845677 0.999968648 -0.001091974 -0.024623681 -0.017119829 0.001226168 0.999852717 1.166070223
0.999878764 -0.011486099 0.010510971 0.030514482 0.011528802 0.999925494 -0.004011198 -0.018835364 -0.010464113 0.004131890 0.999936700 1.502045155
0.999927640 -0.011924890 -0.001591640 0.029340379 0.011917698 0.999919057 -0.004453927 -0.041677069 0.001644625 0.004434636 0.999988794 1.814580202
0.999787152 -0.011978185 -0.016796393 -0.012945252 0.011894255 0.999916315 -0.005087931 -0.040927485 0.016855931 0.004887068 0.999845982 2.159237862
0.999337673 -0.007370873 -0.035633620 -0.035533071 0.007182314 0.999959469 -0.005416729 -0.041165821 0.035672098 0.005157210 0.999350190 2.508638382
0.998453200 -0.005279590 -0.055346336 -0.082577080 0.004965839 0.999970734 -0.005804889 -0.057268031 0.055375371 0.005521070 0.998450339 2.866807222
0.997213304 -0.003773419 -0.074507624 -0.133409053 0.003296566 0.999973238 -0.006521987 -0.058987603 0.074530251 0.006258196 0.997199059 3.214941502
0.995385349 -0.004249651 -0.095863447 -0.186212137 0.003678461 0.999974370 -0.006134303 -0.066825375 0.095887050 0.005753370 0.995375514 3.604727745
0.993318200 -0.004712884 -0.115310043 -0.248581052 0.004090646 0.999975622 -0.005632256 -0.070772871 0.115333781 0.005122934 0.993313432 3.998675585
0.991113365 -0.004617548 -0.132939443 -0.318515927 0.004031350 0.999981046 -0.004678315 -0.077125646 0.132958516 0.004100818 0.991113007 4.376283646
0.988826096 -0.004065294 -0.149019212 -0.392381668 0.003436197 0.999983907 -0.004478815 -0.091361195 0.149035007 0.003916712 0.988824069 4.798591614
0.986762226 -0.003384816 -0.162137195 -0.476046234 0.002725351 0.999987066 -0.004289571 -0.093459196 0.162149578 0.003790906 0.986758769 5.202672005
0.984624684 -0.004183497 -0.174632221 -0.571904540 0.003319699 0.999980867 -0.005238211 -0.096972182 0.174650744 0.004577944 0.984619796 5.650955677
0.982855439 -0.007478890 -0.184224755 -0.664942205 0.006341797 0.999957144 -0.006760751 -0.110119492 0.184267402 0.005476526 0.982860863 6.092955589
0.981323421 -0.006440382 -0.192256451 -0.748724222 0.004902682 0.999952197 -0.008472836 -0.114581056 0.192301810 0.007372016 0.981307983 6.537625790
0.979727507 -0.006613608 -0.200224087 -0.855375886 0.004621124 0.999935091 -0.010417001 -0.121997118 0.200279966 0.009280563 0.979694664 7.002796173
0.978217423 -0.007387376 -0.207451060 -0.970464706 0.004786175 0.999903679 -0.013037987 -0.130580634 0.207527369 0.011761087 0.978158534 7.488302231
0.976404011 -0.011056698 -0.215667367 -1.085337877 0.007978797 0.999853730 -0.015136980 -0.144946590 0.215803191 0.013059043 0.976349354 8.010604858
0.974598646 -0.016433921 -0.223353431 -1.194641829 0.013114584 0.999780655 -0.016336698 -0.162140116 0.223572880 0.012992539 0.974600375 8.524148941
0.972650766 -0.017561942 -0.231606543 -1.319848418 0.013561776 0.999730349 -0.018852387 -0.194995224 0.231875211 0.015195794 0.972626626 9.039546967
0.970671356 -0.013379615 -0.240036845 -1.483088970 0.008091673 0.999702871 -0.023001818 -0.193384051 0.240273252 0.020384906 0.970490992 9.580188751
0.968509316 -0.010789406 -0.248741686 -1.642471790 0.004498740 0.999655843 -0.025844574 -0.208919212 0.248935014 0.023911683 0.968224704 10.100019455
0.966041028 -0.013790847 -0.258019000 -1.799232125 0.006796697 0.999585390 -0.027979506 -0.229431808 0.258297920 0.025275670 0.965734363 10.663057327
0.963754416 -0.015175715 -0.266357571 -1.966704130 0.007537783 0.999531448 -0.029674510 -0.266516238 0.266683042 0.026591197 0.963417292 11.212371826
0.961582720 -0.015815157 -0.274057657 -2.139079094 0.007122803 0.999440372 -0.032683432 -0.291308701 0.274421245 0.029475765 0.961157560 11.784379005
0.959155381 -0.014853356 -0.282487661 -2.321310997 0.004933390 0.999347031 -0.035795439 -0.304436564 0.282834947 0.032939766 0.958602548 12.377059937
0.957090020 -0.015896302 -0.289352983 -2.508526325 0.004171988 0.999146760 -0.041090883 -0.339806706 0.289759427 0.038120493 0.956339836 12.959897041
0.955201924 -0.016316367 -0.295503676 -2.704360485 0.002244228 0.998849809 -0.047897592 -0.376682699 0.295945406 0.045088697 0.954139888 13.577252388
0.954055667 -0.016875032 -0.299152285 -2.916886091 0.000085378 0.998428106 -0.056048539 -0.408533365 0.299627960 0.053447895 0.952557623 14.215527534
0.952828050 -0.017503463 -0.303004324 -3.121042728 -0.002353835 0.997879565 -0.065045759 -0.464503646 0.303500444 0.062690645 0.950766504 14.825787544
0.951363206 -0.016563987 -0.307624876 -3.348292351 -0.006558190 0.997238457 -0.073977940 -0.505852222 0.308000833 0.072397359 0.948627293 15.462149620
0.949994922 -0.015575062 -0.311875641 -3.580397606 -0.010170573 0.996682227 -0.080754548 -0.560059071 0.312098742 0.079888374 0.946684539 16.103412628
0.948403835 -0.014608245 -0.316727221 -3.810231686 -0.013907913 0.996060014 -0.087586381 -0.629960775 0.316758871 0.087472297 0.944463849 16.776483536
0.946918607 -0.012857045 -0.321215212 -4.053997040 -0.018182911 0.995458543 -0.093446344 -0.699800014 0.320957869 0.094326720 0.942384243 17.454938889
0.945214868 -0.011215865 -0.326255322 -4.303034306 -0.022328701 0.994847775 -0.098890290 -0.777037978 0.325683683 0.100757457 0.940094531 18.107988358
0.943509459 -0.007363763 -0.331263155 -4.579500198 -0.027903337 0.994435847 -0.101580411 -0.837964296 0.330168098 0.105085462 0.938054264 18.824651718
0.941748381 -0.007757162 -0.336227924 -4.832130432 -0.028715050 0.994228601 -0.103366628 -0.925659776 0.335089445 0.107000187 0.936090648 19.502033234
0.939496279 -0.006746490 -0.342491925 -5.123643398 -0.030246336 0.994267285 -0.102554627 -1.011828303 0.341220587 0.106708847 0.933906496 20.238203049
0.937331796 -0.006605716 -0.348374605 -5.394387245 -0.030625533 0.994388819 -0.101255752 -1.103034616 0.347088903 0.105579451 0.931870103 20.959331512
0.934826791 -0.006409969 -0.355045259 -5.667620659 -0.030903051 0.994575024 -0.099323124 -1.189275146 0.353756040 0.103821956 0.929557681 21.675727844
0.932072461 -0.005729158 -0.362226009 -5.945494652 -0.031038756 0.994935095 -0.095604680 -1.277107120 0.360939413 0.100353561 0.927174032 22.358602524
0.928150952 -0.003436900 -0.372186869 -6.281959534 -0.032659311 0.995348334 -0.090636417 -1.348296881 0.370767415 0.096279696 0.923721373 23.191764832
0.924921751 -0.001135931 -0.380154818 -6.605388165 -0.033798974 0.995789587 -0.085208818 -1.438057423 0.378651321 0.091660365 0.920989037 23.915868759
0.921433628 0.001959654 -0.388529897 -6.936174393 -0.036403336 0.996023715 -0.081309997 -1.510143280 0.386826098 0.089065596 0.917841077 24.665111542
0.917532504 0.003008149 -0.397648454 -7.267357826 -0.037515663 0.996166348 -0.079027608 -1.582827449 0.395886630 0.087428495 0.914127648 25.397850037
0.913542867 0.003759124 -0.406724572 -7.635880470 -0.038987614 0.996162057 -0.078362942 -1.663358808 0.404869527 0.087445155 0.910183191 26.168516159
0.909608245 0.003624071 -0.415450692 -7.993380547 -0.039324883 0.996223330 -0.077409476 -1.729938984 0.413601637 0.086749896 0.906315446 26.914529800
0.905901968 0.004536503 -0.423462957 -8.380436897 -0.040351089 0.996317685 -0.075648412 -1.804619074 0.421560824 0.085617274 0.902748942 27.720438004
0.902099967 0.004316238 -0.431504786 -8.766035080 -0.039825853 0.996514916 -0.073291622 -1.882577896 0.429685086 0.083301447 0.899127841 28.501291275
0.898729980 0.004551193 -0.438477993 -9.159283638 -0.038910944 0.996828973 -0.069407448 -1.949594975 0.436772227 0.079440191 0.896057189 29.260288239
0.894546151 0.006296176 -0.446930587 -9.582038879 -0.038875822 0.997207344 -0.063762903 -2.014935255 0.445281565 0.074413702 0.892292738 30.095781326
0.890689611 0.006315969 -0.454567224 -9.988476753 -0.037303813 0.997546613 -0.059233554 -2.082925558 0.453078300 0.069715865 0.888740242 30.872318268
0.886929274 0.005354062 -0.461873382 -10.420834541 -0.035810255 0.997720003 -0.057200283 -2.152851582 0.460514456 0.067272462 0.885098994 31.709232330
0.883731544 0.005388367 -0.467962533 -10.863786697 -0.035830826 0.997777402 -0.056176312 -2.213854551 0.466620177 0.066412330 0.881960511 32.520957947
0.880853415 0.004981400 -0.473362178 -11.309333801 -0.034820840 0.997917473 -0.054294601 -2.266990423 0.472106308 0.064308517 0.879192472 33.331432343
0.877836823 0.004578102 -0.478936911 -11.779460907 -0.034071498 0.998017669 -0.052909236 -2.333304405 0.477745682 0.062763840 0.876253128 34.164592743
0.875427723 0.003262139 -0.483336896 -12.271240234 -0.032942489 0.998054326 -0.052929878 -2.391710758 0.482224435 0.062258672 0.873832405 35.003364563
0.873203039 0.002998051 -0.487346113 -12.749362946 -0.033177145 0.998026550 -0.053305529 -2.456376553 0.486225039 0.062715381 0.871579885 35.854602814
0.871857524 0.002532275 -0.489751726 -13.249808311 -0.033116616 0.998002470 -0.053794112 -2.513285160 0.488637477 0.063119814 0.870200396 36.721206665
0.871398032 0.002489295 -0.490569055 -13.739717484 -0.032586921 0.998071909 -0.052819658 -2.576529980 0.489491940 0.062013160 0.869799614 37.579456329
0.871057391 0.002751350 -0.491172165 -14.267969131 -0.032073837 0.998168290 -0.051289231 -2.636372805 0.490131825 0.060429726 0.869550705 38.480655670
0.870805264 0.001643233 -0.491624385 -14.774500847 -0.030528463 0.998244882 -0.050737944 -2.700150967 0.490678400 0.059191488 0.869327605 39.380981445
0.870498240 -0.000160113 -0.492170423 -15.291964531 -0.028889071 0.998258889 -0.051420674 -2.760798454 0.491321981 0.058980033 0.868978441 40.264305115
0.869611919 -0.004300550 -0.493716449 -15.842746735 -0.024948120 0.998301864 -0.052638412 -2.821489573 0.493104428 0.058092356 0.868027985 41.197261810
0.868527830 -0.000290935 -0.495639712 -16.359571457 -0.028469266 0.998319387 -0.050473776 -2.890014887 0.494821459 0.057948459 0.867059946 42.073234558
0.866403937 0.000550569 -0.499342978 -16.912897110 -0.027487166 0.998535573 -0.046591695 -2.960472584 0.498586148 0.054092839 0.865150273 43.031448364
0.863554120 0.000715388 -0.504254937 -17.471721649 -0.025572650 0.998774171 -0.042377103 -3.025884867 0.503606617 0.049490143 0.862513959 43.959419250
0.858803928 -0.003082967 -0.512294412 -17.976621628 -0.020202363 0.999000192 -0.039878923 -3.082353115 0.511905253 0.044597831 0.857882917 44.836765289
0.853653967 -0.006503619 -0.520799279 -18.549848557 -0.018041400 0.998952568 -0.042046752 -3.143111944 0.520527244 0.045289427 0.852642536 45.752704620
0.847145140 -0.009375236 -0.531278014 -19.114618301 -0.017192239 0.998837054 -0.045039803 -3.202426910 0.531082571 0.047289204 0.845999002 46.647644043
0.841674149 -0.010226153 -0.539888024 -19.706701279 -0.016814800 0.998839438 -0.045133166 -3.262687206 0.539723158 0.047065642 0.840525568 47.542030334
0.835460722 -0.006905063 -0.549506009 -20.298980713 -0.017805943 0.999055803 -0.039625939 -3.317962170 0.549261034 0.042890497 0.834549069 48.448085785
0.830533087 -0.002214735 -0.556964099 -20.887428284 -0.020830262 0.999168992 -0.035034761 -3.382551908 0.556578994 0.040699340 0.829796791 49.291954041
0.826697111 -0.002453459 -0.562641263 -21.526420593 -0.021835018 0.999097228 -0.036439184 -3.439157724 0.562222779 0.042409543 0.825897396 50.205017090
0.823095202 -0.003770082 -0.567890406 -22.131782532 -0.023516972 0.998893678 -0.040716689 -3.490434885 0.567415714 0.046868879 0.822096050 51.071128845
0.820275307 -0.007456524 -0.571919799 -22.768148422 -0.024192393 0.998567581 -0.047716942 -3.564131737 0.571456611 0.052977242 0.818920076 51.927467346
0.816917360 -0.007843200 -0.576700747 -23.389230728 -0.025241124 0.998463094 -0.049334157 -3.624152660 0.576201558 0.054858625 0.815463960 52.817314148
0.813791692 -0.006505366 -0.581119418 -24.006504059 -0.024558455 0.998659015 -0.045570858 -3.686813354 0.580636919 0.051356696 0.812540889 53.658374786
0.810860753 -0.004364733 -0.585221887 -24.668220520 -0.023753043 0.998902500 -0.040361363 -3.748147011 0.584756076 0.046628363 0.809867561 54.547142029
0.807268202 -0.002707151 -0.590177536 -25.278255463 -0.023626329 0.999039590 -0.036899634 -3.811160326 0.589710891 0.043731753 0.806429088 55.386375427
0.804309964 -0.002034898 -0.594205618 -25.931379318 -0.025116740 0.998983860 -0.037418831 -3.858340979 0.593678176 0.045020960 0.803441763 56.251667023
0.800691426 -0.003498894 -0.599066257 -26.600128174 -0.024726296 0.998937547 -0.038882729 -3.923244476 0.598565876 0.045945853 0.799754441 57.136066437
0.797107220 -0.005413818 -0.603812993 -27.257928848 -0.025028948 0.998803854 -0.041996647 -3.981667519 0.603318274 0.048588730 0.796018660 57.981784821
0.792961359 -0.006503206 -0.609236777 -27.893712997 -0.024112377 0.998824418 -0.042045668 -4.033711910 0.608794093 0.048030831 0.791872561 58.786724091
0.788261294 -0.006907949 -0.615301311 -28.589893341 -0.023266563 0.998887062 -0.041021213 -4.094501495 0.614900053 0.046651486 0.787223518 59.654357910
0.783530354 -0.006981059 -0.621313632 -29.256195068 -0.023095671 0.998918474 -0.040349491 -4.154585838 0.620923460 0.045964815 0.782522082 60.490901947
0.777876914 -0.008152050 -0.628363252 -29.960968018 -0.022557497 0.998909056 -0.040884223 -4.217877388 0.628011048 0.045977298 0.776844740 61.334533691
0.772351861 -0.009401563 -0.635124922 -30.656721115 -0.022171507 0.998882055 -0.041748144 -4.278364182 0.634807289 0.046326034 0.771279931 62.172775269
0.767162681 -0.010570808 -0.641364813 -31.359653473 -0.022032829 0.998839796 -0.042817011 -4.343268871 0.641073346 0.046978809 0.766039968 63.004665375
0.761473060 -0.011720034 -0.648090065 -32.076858521 -0.021932669 0.998798132 -0.043832034 -4.403933525 0.647824764 0.047591377 0.760300934 63.861473083
0.754978895 -0.013898878 -0.655601382 -32.805458069 -0.020127388 0.998813272 -0.044353437 -4.465632439 0.655439496 0.046681568 0.753803253 64.634094238
0.748957515 -0.014865139 -0.662450671 -33.539981842 -0.019540204 0.998818159 -0.044505015 -4.529348373 0.662329078 0.046276916 0.747782052 65.471191406
0.742880344 -0.015182173 -0.669251382 -34.282257080 -0.018698392 0.998882174 -0.043415524 -4.593826771 0.669162273 0.044766579 0.741766334 66.299888611
0.736528516 -0.015373033 -0.676231265 -35.043407440 -0.018553317 0.998906553 -0.042916231 -4.657115936 0.676151216 0.044155467 0.735437989 67.133087158
0.729960382 -0.017045241 -0.683276415 -35.819480896 -0.017135026 0.998918355 -0.043225143 -4.719229698 0.683274209 0.043260701 0.728878856 67.922821045
0.723613739 -0.018969297 -0.689943969 -36.586067200 -0.016583465 0.998856008 -0.044855285 -4.790841103 0.690005481 0.043899667 0.722471178 68.722480774
0.717739582 -0.018165115 -0.696074247 -37.366405487 -0.018160326 0.998831213 -0.044791609 -4.853155136 0.696074545 0.044789739 0.716570735 69.504333496
0.712408960 -0.017930621 -0.701534927 -38.192348480 -0.018227272 0.998863459 -0.044039909 -4.915371895 0.701527417 0.044161592 0.711272597 70.324653625
0.707487583 -0.017115852 -0.706518292 -39.007934570 -0.019824279 0.998832524 -0.044048864 -4.973052025 0.706447482 0.045170333 0.706322312 71.114189148
0.702587187 -0.017319953 -0.711386681 -39.821849823 -0.020424567 0.998800933 -0.044489529 -5.045289993 0.711304247 0.045787625 0.701391101 71.921089172
0.697194099 -0.019847896 -0.716607451 -40.661590576 -0.019973410 0.998690605 -0.047093138 -5.117418766 0.716603756 0.047146257 0.695884883 72.713607788
0.692017436 -0.022086436 -0.721542656 -41.499439240 -0.019432923 0.998599410 -0.049204931 -5.178458691 0.721618950 0.048072450 0.690619051 73.466476440
0.686848462 -0.022601996 -0.726449013 -42.343467712 -0.020357598 0.998525739 -0.050315019 -5.252007008 0.726515412 0.049347639 0.685375750 74.286537170
0.682390392 -0.022665534 -0.730636299 -43.226516724 -0.019646015 0.998589098 -0.049326666 -5.331483841 0.730723381 0.048014227 0.680982649 75.090644836
0.677456677 -0.022651674 -0.735213697 -44.067745209 -0.018998267 0.998653114 -0.048274007 -5.407978535 0.735316873 0.046671428 0.676113963 75.865066528
0.672214627 -0.023743264 -0.739975452 -44.951766968 -0.018003426 0.998665392 -0.048398625 -5.480298996 0.740136981 0.045856442 0.670890212 76.634368896
0.667165220 -0.024299836 -0.744513273 -45.821353912 -0.017769152 0.998663902 -0.048518088 -5.547629356 0.744697511 0.045599028 0.665842235 77.412887573
0.663223684 -0.025340380 -0.747992039 -46.722301483 -0.016665243 0.998678565 -0.048609752 -5.623782158 0.748235345 0.044704676 0.661925137 78.200164795
0.659127414 -0.026239602 -0.751573205 -47.605381012 -0.015248492 0.998719037 -0.048241116 -5.688404560 0.751876235 0.043257501 0.657883167 78.959815979
0.655341625 -0.029132776 -0.754770517 -48.503639221 -0.012150625 0.998719692 -0.049098812 -5.763139725 0.755234420 0.041347526 0.654148936 79.715614319
0.650740623 -0.033394516 -0.758565128 -49.418373108 -0.009503294 0.998595595 -0.052113984 -5.851590157 0.759239852 0.041121658 0.649509847 80.503181458
0.646097660 -0.037630524 -0.762326300 -50.324104309 -0.005524086 0.998526752 -0.053971965 -5.915641308 0.763234198 0.039082415 0.644938409 81.269897461
0.639588535 -0.041872323 -0.767575860 -51.259880066 0.000320495 0.998529434 -0.054204170 -5.991694450 0.768716633 0.034422476 0.638661921 82.019836426
0.631067634 -0.045005552 -0.774420619 -52.178848267 0.004675667 0.998517811 -0.054218881 -6.082037926 0.775712967 0.030594965 0.630343080 82.785285950
0.622316122 -0.045981143 -0.781413794 -53.123889923 0.006851627 0.998554647 -0.053301908 -6.166483879 0.782735288 0.027816791 0.621732175 83.535232544
0.612619758 -0.045054033 -0.789092124 -54.079071045 0.008694402 0.998697519 -0.050271716 -6.243752480 0.790329218 0.023936883 0.612213910 84.290344238
0.603810430 -0.044641346 -0.795876324 -55.071754456 0.008258492 0.998727202 -0.049753938 -6.328494549 0.797084153 0.023469329 0.603410900 85.023757935
0.594231308 -0.046134502 -0.802969277 -56.061798096 0.007070866 0.998614430 -0.052142542 -6.399411201 0.804262042 0.025307164 0.593734562 85.748321533
0.584350586 -0.048405245 -0.810055733 -57.060680389 0.007791404 0.998507738 -0.054045841 -6.489799976 0.811462879 0.025270365 0.583856285 86.456115723
0.574285448 -0.050228477 -0.817112207 -58.104423523 0.008387860 0.998424411 -0.055478729 -6.555246353 0.818611145 0.025006920 0.573802292 87.151710510
0.564210355 -0.051187538 -0.824042082 -59.126888275 0.011356551 0.998462856 -0.054246508 -6.644072056 0.825551987 0.021248290 0.563924849 87.871437073
0.554028213 -0.050462902 -0.830966294 -60.147872925 0.011368273 0.998526633 -0.053058986 -6.730821609 0.832419157 0.019949656 0.553786099 88.553375244
0.543889284 -0.051248636 -0.837589920 -61.201026917 0.012551868 0.998518348 -0.052944664 -6.814615726 0.839062154 0.018282844 0.543727219 89.217834473
0.533600867 -0.052696623 -0.844092369 -62.258026123 0.012140810 0.998431265 -0.054657079 -6.889833450 0.845648229 0.018917235 0.533403993 89.859703064
0.523599386 -0.052613322 -0.850337923 -63.288227081 0.010256844 0.998408139 -0.055459283 -6.977472305 0.851901710 0.020316804 0.523306131 90.485397339
0.513739586 -0.053024553 -0.856305420 -64.377815247 0.008056334 0.998342276 -0.056986488 -7.073547840 0.857907176 0.022377675 0.513315797 91.168930054
0.504493058 -0.053429451 -0.861760497 -65.470054626 0.007915909 0.998327553 -0.057262570 -7.158302784 0.863378286 0.022067089 0.504072964 91.760772705
0.495246619 -0.051597495 -0.867218196 -66.572349548 0.007146104 0.998442769 -0.055324122 -7.240808964 0.868721843 0.021201989 0.494844735 92.396987915
0.487450570 -0.049760699 -0.871730685 -67.694198608 0.007986148 0.998586833 -0.052536372 -7.330878258 0.873112798 0.018647259 0.487159997 92.998924255
0.479827404 -0.050010659 -0.875935555 -68.799301147 0.008136447 0.998584569 -0.052556176 -7.412862301 0.877323866 0.018091032 0.479556084 93.603775024
0.471950203 -0.053001773 -0.880029857 -69.926147461 0.009438217 0.998437464 -0.055071592 -7.500587940 0.881573617 0.017685276 0.471713901 94.202331543
0.465047777 -0.056021184 -0.883510530 -71.061798096 0.011302844 0.998290002 -0.057349704 -7.596893311 0.885212243 0.016684322 0.464886576 94.814880371
0.458839744 -0.059983846 -0.886491120 -72.202827454 0.014305028 0.998087704 -0.060130846 -7.676837921 0.888402522 0.014909294 0.458821326 95.354110718
0.453456819 -0.062630020 -0.889074147 -73.343856812 0.014877262 0.997920573 -0.062709771 -7.783170700 0.891152859 0.015209337 0.453446507 95.955627441
0.448181152 -0.063371532 -0.891692758 -74.451324463 0.016708504 0.997903347 -0.062521838 -7.887271881 0.893785298 0.013122420 0.448301286 96.519409180
0.443906724 -0.061384652 -0.893966973 -75.590545654 0.018892676 0.998069823 -0.059151642 -7.980193615 0.895872474 0.009368540 0.444210678 97.083488464
0.440244466 -0.059421491 -0.895908535 -76.698036194 0.023025356 0.998226345 -0.054893263 -8.073966980 0.897581398 0.003537991 0.440832883 97.614341736
0.436843485 -0.058855444 -0.897608995 -77.864265442 0.023958897 0.998264134 -0.053795155 -8.163177490 0.899217069 0.001994496 0.437496364 98.169166565
0.434087098 -0.058377575 -0.898976386 -78.986206055 0.024481000 0.998293638 -0.053005960 -8.252751350 0.900536954 0.001001508 0.434776545 98.728622437
0.431489408 -0.058151204 -0.900240719 -80.102897644 0.027858289 0.998302877 -0.051132958 -8.342285156 0.901686490 -0.003015686 0.432378173 99.244926453
0.428505391 -0.057083562 -0.901733100 -81.226242065 0.029475609 0.998353660 -0.049193230 -8.425542831 0.903056920 -0.005499424 0.429483652 99.779380798
0.426946223 -0.057419702 -0.902451038 -82.342086792 0.030519519 0.998328090 -0.049081359 -8.517615318 0.903760552 -0.006587126 0.427985907 100.323608398
0.423961848 -0.057917859 -0.903824985 -83.461776733 0.032999165 0.998277903 -0.048491407 -8.598340988 0.905077457 -0.009266824 0.425144076 100.846046448
0.421925753 -0.057002332 -0.904835403 -84.563232422 0.036327388 0.998282552 -0.045949779 -8.683177948 0.905901134 -0.013482783 0.423272967 101.350830078
0.420387536 -0.056942981 -0.905554712 -85.659202576 0.038952917 0.998240829 -0.044688072 -8.760613441 0.906506896 -0.016487561 0.421867192 101.848648071
0.418513507 -0.057357658 -0.906396270 -86.748725891 0.039924130 0.998200417 -0.044732835 -8.840231895 0.907331586 -0.017465651 0.420051575 102.352813721
0.417258263 -0.058292311 -0.906915247 -87.822166443 0.041045621 0.998130679 -0.045270771 -8.913368225 0.907859504 -0.018335156 0.418872178 102.841674805
0.416677654 -0.059945878 -0.907074273 -88.893379211 0.041677553 0.998033345 -0.046811931 -8.993581772 0.908097267 -0.018299010 0.418357939 103.322158813
0.416888505 -0.059977282 -0.906975389 -89.928977966 0.040509388 0.998054624 -0.047380265 -9.063735962 0.908053458 -0.016988588 0.418508470 103.770492554
0.419337451 -0.060028382 -0.905842423 -90.979026794 0.038462270 0.998089671 -0.048336308 -9.153709412 0.907014251 -0.014571386 0.420846403 104.263442993
0.423387498 -0.060550988 -0.903921723 -92.007720947 0.036833454 0.998088837 -0.049606595 -9.240243912 0.905198574 -0.012291601 0.424809873 104.756530762
0.428381026 -0.061000783 -0.901535511 -93.024932861 0.036092374 0.998076975 -0.050383184 -9.315768242 0.902876019 -0.010955211 0.429760158 105.219650269
0.434435040 -0.060401693 -0.898674428 -94.027015686 0.034227129 0.998134851 -0.050540667 -9.393014908 0.900051475 -0.008802262 0.435693234 105.685974121
0.441080987 -0.059223376 -0.895510018 -95.029800415 0.033055879 0.998214781 -0.049734097 -9.468208313 0.896857202 -0.007664953 0.442252398 106.159484863
0.448957950 -0.058397271 -0.891641498 -96.025192261 0.032377288 0.998269439 -0.049078271 -9.539201736 0.892964959 -0.006834694 0.450072914 106.677062988
0.457827270 -0.058292862 -0.887126923 -96.993820190 0.032562617 0.998277426 -0.048791729 -9.617447853 0.888443530 -0.006548831 0.458938032 107.159057617
0.467939377 -0.058248375 -0.881837964 -97.971366882 0.032337740 0.998285294 -0.048780464 -9.690730095 0.883167565 -0.005690188 0.469021797 107.683731079
0.476397336 -0.058685299 -0.877268314 -98.963813782 0.031598188 0.998267651 -0.049620371 -9.768415451 0.878660977 -0.004080903 0.477427483 108.206916809
0.487361163 -0.059083275 -0.871198177 -99.914306641 0.027629035 0.998251617 -0.052243784 -9.842840195 0.872762144 0.001391400 0.488142550 108.719596863
0.498912990 -0.059795476 -0.864585698 -100.874252319 0.026065942 0.998200417 -0.053994972 -9.921498299 0.866258800 0.004402732 0.499574840 109.237243652
0.510891259 -0.057969861 -0.857687354 -101.819702148 0.023388496 0.998291135 -0.053541489 -9.994431496 0.859325826 0.007294041 0.511375129 109.782775879
0.524163723 -0.055543125 -0.849803269 -102.726058960 0.021811889 0.998418629 -0.051802970 -10.071678162 0.851336777 0.008617599 0.524547517 110.349739075
0.536281109 -0.054424196 -0.842281818 -103.635574341 0.022827914 0.998488545 -0.049983032 -10.138789177 0.843729496 0.007577601 0.536714137 110.933471680
0.547891319 -0.053443309 -0.834839463 -104.553359985 0.022685064 0.998538673 -0.049034949 -10.212289810 0.836240649 0.007927619 0.548304439 111.498718262
0.559710503 -0.053880282 -0.826933742 -105.431091309 0.022697238 0.998505831 -0.049696777 -10.295410156 0.828376174 0.009046876 0.560098112 112.116012573
0.570828676 -0.054621980 -0.819249153 -106.286834717 0.022628730 0.998451710 -0.050803002 -10.358854294 0.820756078 0.010461429 0.571182013 112.719192505
0.581279695 -0.056595027 -0.811732113 -107.144805908 0.025252108 0.998351932 -0.051523447 -10.435354233 0.813310623 0.009451780 0.581751943 113.293197632
0.592123270 -0.055684183 -0.803919971 -107.976501465 0.024849650 0.998396516 -0.050851874 -10.516426086 0.805462897 0.010133648 0.592558563 113.902748108
0.602601409 -0.053797852 -0.796225548 -108.777999878 0.024169100 0.998497188 -0.049172845 -10.579248428 0.797674894 0.010387769 0.602997303 114.530136108
0.612795413 -0.051294085 -0.788573682 -109.611038208 0.023812300 0.998635828 -0.046453569 -10.643917084 0.789881468 0.009688977 0.613182008 115.159194946
0.622552574 -0.050995585 -0.780913174 -110.435905457 0.024572086 0.998655617 -0.045625582 -10.716387749 0.782190859 0.009215851 0.622969806 115.778717041
0.632787406 -0.049954612 -0.772711039 -111.194549561 0.022615325 0.998682737 -0.046043251 -10.789203644 0.773993969 0.011660680 0.633084774 116.411666870
0.642009854 -0.049190495 -0.765115201 -111.977142334 0.020648839 0.998686194 -0.046880681 -10.858675003 0.766417027 0.014299320 0.642183244 117.048400879
0.651404619 -0.049125373 -0.757137060 -112.716590881 0.020963196 0.998685360 -0.046762072 -10.925096512 0.758439660 0.014589217 0.651579201 117.672843933
0.660522997 -0.046868123 -0.749340117 -113.456924438 0.020146638 0.998795986 -0.044711903 -10.987075806 0.750534177 0.014436753 0.660673141 118.332466125
0.669037104 -0.045733202 -0.741818964 -114.183403015 0.020495467 0.998859942 -0.043095231 -11.037204742 0.742944956 0.013628585 0.669213116 118.972717285
0.677153766 -0.044889379 -0.734469593 -114.867149353 0.020613452 0.998902202 -0.042046215 -11.095153809 0.735551357 0.013331994 0.677336931 119.605461121
0.685205579 -0.044756372 -0.726971745 -115.608779907 0.021037288 0.998909235 -0.041669734 -11.171173096 0.728044510 0.013259016 0.685401082 120.265014648
0.692829132 -0.043692026 -0.719775558 -116.294532776 0.020746754 0.998956740 -0.040668946 -11.235193253 0.720802128 0.013243828 0.693013966 120.907226562
0.700397968 -0.041327611 -0.712553501 -116.963951111 0.019836126 0.999063194 -0.038447272 -11.286542892 0.713475645 0.012794289 0.700562835 121.586257935
0.707224667 -0.038718857 -0.705926299 -117.636245728 0.018667897 0.999173045 -0.036100760 -11.342779160 0.706741095 0.012353383 0.707364023 122.255920410
0.714438021 -0.037530378 -0.698689938 -118.252212524 0.018556494 0.999224901 -0.034699004 -11.387659073 0.699451327 0.011825247 0.714581907 122.886566162
0.722344220 -0.036616392 -0.690561891 -118.903839111 0.018345665 0.999259949 -0.033794820 -11.458263397 0.691288710 0.011742875 0.722482562 123.545989990
0.730750084 -0.033532467 -0.681819379 -119.522651672 0.014545846 0.999330342 -0.033558238 -11.496789932 0.682488620 0.014605242 0.730749846 124.211776733
0.739011288 -0.030872583 -0.672983825 -120.124824524 0.014349512 0.999443531 -0.030091332 -11.546298981 0.673538685 0.012581045 0.739044368 124.854522705
0.748527110 -0.027528232 -0.662531078 -120.715881348 0.012858868 0.999552071 -0.027003594 -11.568181992 0.662977874 0.011693715 0.748547077 125.478919983
0.758627355 -0.024980282 -0.651044130 -121.264633179 0.010535029 0.999603570 -0.026078505 -11.628173828 0.651437879 0.012925300 0.758591294 126.152061462
0.768757701 -0.024601493 -0.639065087 -121.814315796 0.009497741 0.999588132 -0.027055031 -11.656953812 0.639467835 0.014729290 0.768676102 126.827758789
0.778439105 -0.025227582 -0.627211452 -122.373191833 0.009683784 0.999555111 -0.028185323 -11.712526321 0.627643824 0.015866982 0.778338253 127.485366821
0.788159072 -0.024820846 -0.614969194 -122.897567749 0.009584029 0.999559581 -0.028060276 -11.760044098 0.615395308 0.016222285 0.788051009 128.140075684
0.798341990 -0.023124620 -0.601758718 -123.397247314 0.009182433 0.999613106 -0.026231427 -11.789525032 0.602132678 0.015416246 0.798246443 128.828643799
0.808318138 -0.020974414 -0.588370740 -123.885810852 0.008521482 0.999676704 -0.023929818 -11.813610077 0.588682592 0.014329313 0.808236599 129.504714966
0.818136632 -0.019682890 -0.574685335 -124.378303528 0.008736063 0.999723494 -0.021803569 -11.846092224 0.574955881 0.012818013 0.818083346 130.241043091
0.826835573 -0.018209234 -0.562147319 -124.837234497 0.009480121 0.999784350 -0.018441502 -11.889904976 0.562362134 0.009919060 0.826830804 130.917007446
0.835612178 -0.017756827 -0.549031436 -125.324073792 0.010251205 0.999806762 -0.016733833 -11.913379669 0.549222469 0.008354951 0.835633695 131.638748169
0.841828406 -0.017948143 -0.539445579 -125.751304626 0.012031966 0.999821901 -0.014489203 -11.957586288 0.539609432 0.005707020 0.841895401 132.295578003
0.848320186 -0.018046258 -0.529174626 -126.196952820 0.012531134 0.999822617 -0.014008007 -11.988256454 0.529333472 0.005252304 0.848396838 132.999938965
0.855105698 -0.017317267 -0.518162906 -126.642219543 0.011870552 0.999833286 -0.013825458 -12.003121376 0.518315852 0.005671536 0.855169892 133.711868286
0.861733496 -0.015756534 -0.507115304 -127.087081909 0.010648801 0.999858439 -0.012971249 -12.034117699 0.507247806 0.005777778 0.861780286 134.453842163
0.868435502 -0.014567154 -0.495586962 -127.504180908 0.009389998 0.999871612 -0.012935606 -12.038225174 0.495711535 0.006580360 0.868461728 135.191574097
0.874464691 -0.014789744 -0.484862268 -127.931777954 0.009867800 0.999870002 -0.012702201 -12.079320908 0.484986961 0.006323284 0.874497890 135.977035522
0.879678369 -0.015693415 -0.475308836 -128.332702637 0.010720368 0.999855220 -0.013171873 -12.116447449 0.475446403 0.006491712 0.879720151 136.738662720
0.883878827 -0.016507288 -0.467423350 -128.742431641 0.011209753 0.999836922 -0.014112634 -12.143094063 0.467579812 0.007234343 0.883920670 137.496582031
0.887553513 -0.016011000 -0.460424840 -129.149261475 0.011068726 0.999847889 -0.013432188 -12.155346870 0.460569650 0.006825654 0.887596786 138.275192261
0.890660226 -0.014409432 -0.454439789 -129.555038452 0.010961100 0.999887168 -0.010221879 -12.181487083 0.454535514 0.004123244 0.890718460 139.028366089
0.894244313 -0.010247635 -0.447460502 -129.985137939 0.008427860 0.999945521 -0.006057631 -12.197286606 0.447498083 0.001646048 0.894282818 139.844055176
0.896888971 -0.007859169 -0.442184597 -130.341796875 0.006976521 0.999968410 -0.003622461 -12.202730179 0.442199022 0.000164214 0.896916389 140.653839111
0.900608540 -0.004834891 -0.434603184 -130.780303955 0.004805233 0.999987125 -0.001167120 -12.229391098 0.434603125 -0.001037075 0.900620937 141.486190796
0.904124260 -0.002985674 -0.427257985 -131.181594849 0.003802524 0.999991655 0.001058538 -12.223777771 0.427251041 -0.002581535 0.904128850 142.344665527
0.907061398 -0.001667848 -0.420993358 -131.577606201 0.003691143 0.999984741 0.003991121 -12.247509956 0.420980096 -0.005173969 0.907054305 143.179809570
0.910683155 -0.001458862 -0.413101345 -131.985824585 0.004389857 0.999970853 0.006145984 -12.262907982 0.413080215 -0.007410329 0.910663724 144.041351318
0.914198101 -0.001668660 -0.405262500 -132.374237061 0.004973183 0.999962032 0.007101181 -12.273846626 0.405235022 -0.008507162 0.914172173 144.940551758
0.917848349 -0.002472936 -0.396921903 -132.761383057 0.005636166 0.999960423 0.006803031 -12.245492935 0.396889240 -0.008481096 0.917826533 145.828216553
0.921656787 -0.004892190 -0.387973726 -133.144790649 0.008140136 0.999943793 0.006728450 -12.289280891 0.387918800 -0.009359309 0.921645343 146.730728149
0.925551534 -0.006562963 -0.378563374 -133.535202026 0.009295375 0.999941945 0.005390732 -12.283249855 0.378505677 -0.008508117 0.925559044 147.665924072
0.929949224 -0.007863773 -0.367602557 -133.919799805 0.009926848 0.999943495 0.003721688 -12.308000565 0.367552221 -0.007109942 0.929975033 148.583175659
0.935360909 -0.006136042 -0.353640378 -134.293212891 0.007669734 0.999965966 0.002935469 -12.307237625 0.353610039 -0.005457878 0.935376287 149.552383423
0.941402197 -0.002662025 -0.337274104 -134.667892456 0.004254348 0.999982655 0.003982044 -12.317090034 0.337257326 -0.005183415 0.941397548 150.521377563
0.947686434 0.001372990 -0.319198251 -134.987747192 0.000873753 0.999975502 0.006895298 -12.312048912 0.319199622 -0.006813311 0.947662354 151.521804810
0.954020083 0.004184777 -0.299711943 -135.310241699 -0.001678871 0.999961138 0.008617956 -12.319363594 0.299736023 -0.007718357 0.953990161 152.515380859
0.960333228 0.005937444 -0.278789759 -135.617767334 -0.003372629 0.999947071 0.009678424 -12.339092255 0.278832227 -0.008354089 0.960302651 153.564605713
0.966403663 0.007448599 -0.256919146 -135.902435303 -0.004776923 0.999927521 0.011021305 -12.323416710 0.256982446 -0.009423579 0.966369152 154.592193604
0.972034693 0.007921288 -0.234701186 -136.171356201 -0.004795160 0.999891758 0.013887157 -12.341781616 0.234785557 -0.012373201 0.971967459 155.695739746
0.977008998 0.010161006 -0.212952316 -136.415802002 -0.006628023 0.999828041 0.017297696 -12.322139740 0.213091239 -0.015488381 0.976908565 156.773239136
0.981526911 0.012059026 -0.190939590 -136.638824463 -0.008064570 0.999732077 0.021683127 -12.338584900 0.191149682 -0.019742560 0.981361449 157.870742798
0.985638201 0.014087647 -0.168277413 -136.844375610 -0.010037239 0.999639392 0.024896037 -12.323402405 0.168567210 -0.022849282 0.985424459 159.002975464
0.989179432 0.015618697 -0.145872056 -137.010070801 -0.012091158 0.999613225 0.025037659 -12.308371544 0.146206409 -0.023002813 0.988985598 160.122482300
0.992102265 0.015252212 -0.124495655 -137.165832520 -0.012472916 0.999655843 0.023073215 -12.300083160 0.124804452 -0.021337999 0.991950810 161.257720947
0.994571328 0.015310762 -0.102918081 -137.299697876 -0.013116608 0.999672592 0.021962238 -12.283010483 0.103220381 -0.020492909 0.994446278 162.431854248
0.996520400 0.013769153 -0.082194708 -137.404571533 -0.011860028 0.999649465 0.023669712 -12.276665688 0.082491569 -0.022612358 0.996334076 163.620681763
0.997948170 0.014427522 -0.062369481 -137.493774414 -0.012839160 0.999584794 0.025792677 -12.268921852 0.062715486 -0.024938816 0.997718692 164.812118530
0.999016702 0.014576193 -0.041849986 -137.543167114 -0.013466127 0.999553323 0.026684485 -12.256277084 0.042219996 -0.026094534 0.998766363 165.999603271
0.999646246 0.016104890 -0.021124838 -137.605926514 -0.015525270 0.999506295 0.027319085 -12.241695404 0.021554129 -0.026981287 0.999402404 167.223785400
0.999864757 0.016365502 -0.000748236 -137.610458374 -0.016338261 0.999477923 0.027874302 -12.219869614 0.001203790 -0.027858149 0.999610007 168.452560425
0.999626160 0.018609757 0.019979142 -137.591079712 -0.019151514 0.999444544 0.027277596 -12.197284698 -0.019460639 -0.027649878 0.999427021 169.695877075
0.999002457 0.019844484 0.039976463 -137.565002441 -0.020905977 0.999435067 0.026313087 -12.178467751 -0.039431941 -0.027122432 0.998852968 170.942520142
0.998021603 0.019814635 0.059647482 -137.486724854 -0.021281790 0.999483824 0.024063706 -12.174365997 -0.059140109 -0.025285356 0.997928321 172.215377808
0.996662319 0.021710826 0.078684613 -137.433471680 -0.023480603 0.999490201 0.021637265 -12.156771660 -0.078174986 -0.023412462 0.996663511 173.486694336
0.994943202 0.021985926 0.097996503 -137.311645508 -0.024036258 0.999515116 0.019791350 -12.140182495 -0.097514123 -0.022046585 0.994988739 174.756225586
0.992856205 0.022059100 0.117252544 -137.160614014 -0.024201799 0.999564826 0.016882025 -12.148896217 -0.116829336 -0.019599000 0.992957294 176.072540283
0.990518630 0.023451280 0.135354146 -137.012756348 -0.025277691 0.999611259 0.011790684 -12.137015343 -0.135025203 -0.015100192 0.990725815 177.348541260
0.987873018 0.024660015 0.153287500 -136.811569214 -0.025770012 0.999654174 0.005258509 -12.157413483 -0.153105050 -0.009144819 0.988166332 178.667724609
0.984862328 0.027520733 0.171133846 -136.604782104 -0.027878519 0.999611497 -0.000312512 -12.162480354 -0.171076179 -0.004463043 0.985246420 179.985824585
0.981579542 0.029253829 0.188796476 -136.357528687 -0.029016066 0.999571025 -0.004023653 -12.190083504 -0.188833371 -0.001528464 0.982006490 181.300888062
0.977958798 0.031604096 0.206388623 -136.094711304 -0.030799979 0.999500394 -0.007108701 -12.210943222 -0.206510395 0.000595383 0.978442609 182.650344849
0.974173367 0.030848613 0.223680854 -135.818237305 -0.030028600 0.999524176 -0.007067317 -12.226691246 -0.223792568 0.000168102 0.974635184 183.972625732
0.970029414 0.029686362 0.241163671 -135.489471436 -0.028856108 0.999559224 -0.006974292 -12.253165245 -0.241264477 -0.000193642 0.970457852 185.300598145
0.965613723 0.029375393 0.258312881 -135.147384644 -0.027192991 0.999558032 -0.012018053 -12.310927391 -0.258551776 0.004580627 0.965985000 186.680557251
0.961209238 0.030659918 0.274108291 -134.782958984 -0.027143778 0.999493659 -0.016611947 -12.351880074 -0.274478704 0.008527343 0.961553693 187.983337402
0.956046343 0.033183828 0.291329533 -134.375030518 -0.029435169 0.999418199 -0.017241875 -12.381143570 -0.291732073 0.007908826 0.956465542 189.363113403
0.950551510 0.034440614 0.308648884 -133.969940186 -0.030646522 0.999383569 -0.017133452 -12.409637451 -0.309048623 0.006827345 0.951019943 190.703277588
0.944623411 0.038935736 0.325836182 -133.528137207 -0.034123581 0.999208093 -0.020473173 -12.463485718 -0.326374948 0.008220867 0.945202768 192.047164917
0.938271999 0.039920412 0.343585193 -133.057922363 -0.033654731 0.999141097 -0.024182621 -12.522302628 -0.344255149 0.011126738 0.938808501 193.425262451
0.931849003 0.040600277 0.360565901 -132.544311523 -0.033087324 0.999088228 -0.026987616 -12.565297127 -0.361332506 0.013218343 0.932341576 194.754058838
0.924789608 0.040720053 0.378292561 -132.021697998 -0.031081682 0.999018967 -0.031552397 -12.634650230 -0.379205763 0.017421475 0.925146759 196.099914551
0.916730583 0.044074409 0.397066355 -131.453781128 -0.031609219 0.998782218 -0.037886735 -12.724511147 -0.398252070 0.022181083 0.917006314 197.478576660
0.907469869 0.047728762 0.417396337 -130.870376587 -0.033352990 0.998574555 -0.041672260 -12.803698540 -0.418789953 0.023895008 0.907767117 198.820465088
0.895944774 0.050320074 0.441304833 -130.247711182 -0.034926452 0.998467207 -0.042942438 -12.857751846 -0.442788661 0.023060951 0.896327734 200.146087646
