1.000000000 -0.000000000 -0.000000000 0.000000000 -0.000000000 0.999999881 0.000000000 0.000000000 -0.000000000 0.000000000 0.999999881 0.000000000
0.999845028 0.000511468 0.017596569 -0.013636690 -0.000509024 0.999999762 -0.000143378 0.000904773 -0.017596638 0.000134398 0.999845028 0.138675824
0.999281108 0.004865890 0.037598338 0.048929542 -0.004852159 0.999988019 -0.000456469 0.006529395 -0.037600107 0.000273708 0.999292731 0.280171394
0.997901917 0.005683037 0.064493999 0.069839172 -0.005743218 0.999983132 0.000747762 0.000783729 -0.064488664 -0.001116596 0.997917712 0.425646812
0.995131850 0.005197346 0.098415427 0.100414634 -0.005512269 0.999980450 0.002928302 0.004363120 -0.098398276 -0.003456538 0.995141029 0.602485895
0.990816116 0.001994401 0.135201499 0.225450352 -0.002673472 0.999984622 0.004841274 0.013987811 -0.135189772 -0.005158270 0.990806162 0.821978867
0.984492779 -0.001127294 0.175421432 0.250695527 0.000117706 0.999983311 0.005765507 -0.012122925 -0.175424963 -0.005655451 0.984476388 0.997111619
0.975792229 -0.001531119 0.218694076 0.348431617 0.000001533 0.999975622 0.006994171 -0.012058425 -0.218699351 -0.006824519 0.975768268 1.211150050
0.963772655 -0.001467519 0.266720414 0.441490352 -0.001273845 0.999948144 0.010104727 0.011296619 -0.266721368 -0.010078419 0.963720739 1.429634094
0.949640393 -0.005120459 0.313299984 0.595744252 -0.000093675 0.999861717 0.016625293 0.011194464 -0.313341707 -0.015817393 0.949508429 1.652108073
0.932264388 -0.015094711 0.361462384 0.676849365 0.006567444 0.999670446 0.024807950 -0.001627862 -0.361717671 -0.020753678 0.932056367 1.860798955
0.911178470 -0.020752857 0.411488384 0.871145546 0.009275346 0.999510586 0.029870119 -0.009216420 -0.411906719 -0.023400312 0.910925269 2.082665443
0.886444628 -0.022750363 0.462274641 1.077986360 0.008147395 0.999403298 0.033561375 -0.008410573 -0.462762207 -0.025983971 0.886101365 2.341753244
0.857712150 -0.024519870 0.513545096 1.239583731 0.005781456 0.999258757 0.038054846 0.016951822 -0.514097452 -0.029671064 0.857218266 2.541361809
0.826101005 -0.030101826 0.562717259 1.491860032 0.007123582 0.999050200 0.042985063 0.011626661 -0.563476622 -0.031501446 0.825530827 2.754814148
0.789687753 -0.035777379 0.612464666 1.712715149 0.009508537 0.998891950 0.046090771 0.019279689 -0.613434911 -0.030573674 0.789153039 3.001022577
0.751903653 -0.040210314 0.658045471 1.962897539 0.010430575 0.998738945 0.049110308 0.019065127 -0.659190238 -0.030062433 0.751374841 3.194042921
0.712149024 -0.043510251 0.700678408 2.270521164 0.011684204 0.998673677 0.050139464 0.036810145 -0.701931059 -0.027519889 0.711712778 3.418484926
0.670045137 -0.045445204 0.740927756 2.533550739 0.010750813 0.998613596 0.051528174 0.052095532 -0.742242455 -0.026560618 0.669604480 3.625394344
0.627794981 -0.045779657 0.777031064 2.898122072 0.006427229 0.998539567 0.053637255 0.077914670 -0.778351963 -0.028679034 0.627172291 3.837716818
0.585899413 -0.046544503 0.809045792 3.227563620 0.003458227 0.998483717 0.054938465 0.093287662 -0.810376287 -0.029390542 0.585171700 4.045560837
0.545791626 -0.047568686 0.836569548 3.602260590 0.001273021 0.998433113 0.055941962 0.112902850 -0.837919950 -0.029467665 0.544996679 4.249013901
0.507013142 -0.050313734 0.860468566 4.046335220 0.000493593 0.998311460 0.058082908 0.125360444 -0.861938238 -0.029024059 0.506181598 4.474827290
0.469823420 -0.050031368 0.881341457 4.434659481 -0.002611258 0.998309255 0.058063321 0.154271737 -0.882756531 -0.029580891 0.468898058 4.659816742
0.433958262 -0.049436357 0.899575651 4.905797005 -0.003642901 0.998388708 0.056623999 0.183150664 -0.900925696 -0.027849492 0.433078527 4.843885422
0.399749756 -0.048084948 0.915362179 5.425364494 -0.002184406 0.998570085 0.053409912 0.198692441 -0.916621804 -0.023350097 0.399072707 5.049308300
0.369907916 -0.046354637 0.927911162 5.907994747 -0.000328452 0.998747885 0.050024267 0.219456717 -0.929068267 -0.018809132 0.369429052 5.206471443
0.344366074 -0.044415534 0.937784076 6.473853111 0.000821871 0.998893857 0.047008019 0.241603315 -0.938835144 -0.015417210 0.344021291 5.393438816
0.324000865 -0.043834038 0.945040584 7.073013306 0.002160996 0.998957396 0.045593981 0.266224325 -0.946054399 -0.012730242 0.323757350 5.572968006
0.308995605 -0.044439092 0.950024486 7.640295506 0.003321264 0.998951733 0.045647498 0.298678815 -0.951057851 -0.010949575 0.308818907 5.772856236
0.296825916 -0.045887705 0.953828335 8.250681877 0.004072173 0.998896301 0.046788629 0.308342636 -0.954923034 -0.010003904 0.296684682 5.954098225
0.286708593 -0.047911201 0.956818938 8.888675690 0.003296755 0.998791754 0.049025066 0.349013120 -0.958012223 -0.010901486 0.286519766 6.131893158
0.275978744 -0.049323421 0.959897161 9.552907944 0.001174735 0.998698711 0.050979435 0.366104960 -0.961163104 -0.012941597 0.275677145 6.332457542
0.265483141 -0.051345583 0.962747216 10.247854233 0.000700514 0.998590529 0.053064026 0.406427681 -0.964115322 -0.013413158 0.265144527 6.524537563
0.256112516 -0.053327527 0.965174735 10.971240997 -0.000272296 0.998472750 0.055239543 0.429427981 -0.966647089 -0.014410332 0.255706340 6.701520920
0.245183676 -0.054949880 0.967918038 11.704569817 -0.000853266 0.998379350 0.056895357 0.460802674 -0.969476521 -0.014775683 0.244738966 6.879987717
0.234019846 -0.056029230 0.970615923 12.453475952 -0.001611719 0.998313963 0.058016706 0.483764052 -0.972230732 -0.015141400 0.233534425 7.038526535
0.224270642 -0.058821786 0.972750008 13.210155487 -0.002776267 0.998133838 0.060996816 0.515284121 -0.974523187 -0.016380383 0.223688260 7.242129326
0.213159665 -0.062084593 0.975042760 13.999692917 -0.004915464 0.997897804 0.064614460 0.551959395 -0.977005243 -0.018565958 0.212405801 7.405013561
0.200202450 -0.066646479 0.977485120 14.818502426 -0.004474251 0.997610807 0.068935066 0.610118866 -0.979744375 -0.018174455 0.199425340 7.550684929
0.187933773 -0.069063686 0.979750454 15.577606201 -0.005653339 0.997431755 0.071394466 0.649573207 -0.982165635 -0.018956266 0.187060118 7.712452888
0.173685744 -0.069655411 0.982334673 16.398931503 -0.006220123 0.997397780 0.071823269 0.683480859 -0.984781682 -0.018584888 0.172799975 7.839710712
0.159550399 -0.068752103 0.984792769 17.181255341 -0.007883646 0.997450948 0.070913076 0.719000161 -0.987158537 -0.019077942 0.158601120 7.995528221
0.143204868 -0.067696325 0.987375021 17.983697891 -0.008970310 0.997527719 0.069693401 0.750971615 -0.989652574 -0.018837474 0.142242998 8.115151405
0.122218467 -0.066305771 0.990285873 18.817338943 -0.011421736 0.997605503 0.068205483 0.783015728 -0.992437601 -0.019646728 0.121167876 8.210805893
0.097537369 -0.065130316 0.993098497 19.607780457 -0.015558515 0.997634113 0.066955864 0.835578918 -0.995110333 -0.021981813 0.096292697 8.308373451
0.066949181 -0.064495422 0.995669723 20.463460922 -0.019863650 0.997624278 0.065957673 0.873633206 -0.997558832 -0.024193428 0.065508388 8.353288651
0.033574298 -0.064218462 0.997370780 21.293899536 -0.022820210 0.997623622 0.065002911 0.911326408 -0.999175787 -0.024942620 0.032028362 8.352593422
-0.001009317 -0.063458055 0.997983873 22.147523880 -0.024471471 0.997686803 0.063414410 0.949651003 -0.999700189 -0.024358111 -0.002560547 8.353784561
-0.034718569 -0.062390208 0.997447550 23.009582520 -0.025948320 0.997768879 0.061507102 0.981434524 -0.999060452 -0.023746638 -0.036260702 8.311077118
-0.067335479 -0.060658827 0.995884717 23.829273224 -0.028125495 0.997868478 0.058877978 1.011396170 -0.997334063 -0.024045160 -0.068898708 8.257282257
-0.099562444 -0.057578903 0.993363976 24.670183182 -0.029287050 0.998061121 0.054915767 1.058699369 -0.994600534 -0.023625139 -0.101056419 8.176849365
-0.131596729 -0.052870985 0.989892244 25.473575592 -0.027437828 0.998387873 0.049677134 1.079734325 -0.990923643 -0.020623134 -0.132835999 8.063886642
-0.163545281 -0.047627315 0.985385418 26.357055664 -0.022599541 0.998752475 0.044522498 1.099689245 -0.986276984 -0.014987806 -0.164418325 7.916223049
-0.194938272 -0.041266356 0.979946911 27.183685303 -0.016295120 0.999112427 0.038831878 1.096761465 -0.980680168 -0.008398524 -0.195438474 7.706587791
-0.223657310 -0.035645977 0.974015713 27.994812012 -0.010287653 0.999361277 0.034211241 1.113999367 -0.974613667 -0.002368727 -0.223881945 7.526958942
-0.251665741 -0.028471632 0.967395186 28.824172974 -0.001840407 0.999579072 0.028940041 1.136576056 -0.967812598 0.005502835 -0.251613021 7.286400318
-0.277916133 -0.018210577 0.960432470 29.620723724 0.003642749 0.999792635 0.020010952 1.138835192 -0.960598588 0.009059996 -0.277793050 7.025208950
-0.302825421 -0.003572380 0.953039050 30.423597336 0.008714370 0.999940157 0.006517144 1.119947433 -0.953006268 0.010278701 -0.302777082 6.739548683
-0.328123033 0.013374486 0.944540083 31.185146332 0.009391951 0.999895990 -0.010895668 1.084419370 -0.944588423 0.005295948 -0.328215420 6.487059593
-0.353768617 0.028215762 0.934907258 31.960195541 0.008538851 0.999600172 -0.026937133 1.053169131 -0.935294032 -0.001546503 -0.353869110 6.191514015
-0.377722800 0.038707498 0.925109029 32.743331909 0.013040222 0.999248564 -0.036485255 1.023528218 -0.925826907 -0.001717715 -0.377944738 5.865899086
-0.401211590 0.043926284 0.914931357 33.492618561 0.016623447 0.999033809 -0.040674441 0.980097175 -0.915834725 -0.001109773 -0.401555061 5.516094208
-0.424003214 0.043232035 0.904628038 34.230525970 0.018236494 0.999064744 -0.039197639 0.926383495 -0.905477166 -0.000122702 -0.424395949 5.167156219
-0.444436163 0.039875641 0.894922435 34.976936340 0.023154518 0.999185979 -0.033022411 0.906059146 -0.895511389 0.006045126 -0.444998622 4.793057442
-0.462151200 0.038373202 0.885970414 35.708763123 0.029382439 0.999177158 -0.027949598 0.862240851 -0.886314571 0.013115027 -0.462899297 4.380191803
-0.476176232 0.039477281 0.878463268 36.414733887 0.034285724 0.999065459 -0.026312256 0.817788482 -0.878681481 0.017589483 -0.477085710 4.011776924
-0.487486094 0.042495839 0.872096062 37.119815826 0.036397930 0.998935580 -0.028330751 0.757212758 -0.872372210 0.017931629 -0.488514960 3.598562241
-0.496878624 0.045280237 0.866637886 37.804325104 0.038599234 0.998802483 -0.030055102 0.725497425 -0.866961658 0.018517813 -0.498032361 3.184559822
-0.507805884 0.044498745 0.860321641 38.497196198 0.032019224 0.998949885 -0.032769699 0.656578660 -0.860876739 0.010906162 -0.508698463 2.799652100
-0.518868685 0.043265563 0.853758693 39.198333740 0.030180061 0.999022961 -0.032285262 0.648925900 -0.854321480 0.009014653 -0.519668579 2.372554779
-0.527391613 0.044776604 0.848441839 39.872489929 0.032614283 0.998941123 -0.032446187 0.608419538 -0.848996520 0.010559448 -0.528294563 1.954656601
-0.534903169 0.048739146 0.843506634 40.574104309 0.035843942 0.998744786 -0.034978937 0.557681203 -0.844153225 0.011524233 -0.535980105 1.515396118
-0.538501322 0.052122254 0.841011107 41.267959595 0.036825135 0.998586833 -0.038308933 0.519571304 -0.841820002 0.010340914 -0.539661169 1.074012756
-0.537739217 0.053524666 0.841410816 41.971954346 0.035764884 0.998532355 -0.040662620 0.462794781 -0.842352867 0.008227042 -0.538865507 0.612863541
-0.534466922 0.054599661 0.843424201 42.703430176 0.038356286 0.998449624 -0.040329512 0.425712943 -0.844319105 0.010795793 -0.535733938 0.151599884
-0.529067576 0.053450000 0.846894801 43.448760986 0.036595251 0.998522758 -0.040158119 0.387584209 -0.847790658 0.009745947 -0.530243397 -0.285511017
-0.522138596 0.052017353 0.851273179 44.205322266 0.034651052 0.998607814 -0.039766688 0.339794636 -0.852156878 0.008733755 -0.523215532 -0.742618561
-0.514786184 0.050126456 0.855852187 44.963058472 0.033047471 0.998707235 -0.038615663 0.292188644 -0.856681883 0.008404909 -0.515778780 -1.217079163
-0.508530498 0.048871428 0.859656334 45.772655487 0.030288810 0.998785079 -0.038863566 0.247250438 -0.860511720 0.006274620 -0.509394467 -1.672481537
-0.504153371 0.046723913 0.862349629 46.589965820 0.026328625 0.998902440 -0.038730241 0.198593736 -0.863213360 0.003178462 -0.504831672 -2.133110046
-0.502945423 0.043651368 0.863215685 47.410144806 0.021154411 0.999046147 -0.038194694 0.151874304 -0.864059746 -0.000949076 -0.503390610 -2.601682663
-0.502968073 0.041193943 0.863323271 48.237758636 0.018699240 0.999148250 -0.036780853 0.108090758 -0.864103317 -0.002356159 -0.503311515 -3.088703156
-0.504257321 0.039530803 0.862648606 49.098571777 0.016961699 0.999212265 -0.035873976 0.056926012 -0.863387287 -0.003457778 -0.504532039 -3.579236984
-0.504561126 0.039370000 0.862478197 49.973808289 0.017216859 0.999219656 -0.035539851 0.006682754 -0.863204718 -0.003082911 -0.504846752 -4.076232910
-0.504827380 0.038361847 0.862367868 50.840118408 0.016869714 0.999259412 -0.034575932 -0.046821594 -0.863055825 -0.002907024 -0.505102158 -4.581768036
-0.504981101 0.038043298 0.862291992 51.728637695 0.017198363 0.999273241 -0.034014970 -0.094758034 -0.862959504 -0.002346953 -0.505269647 -5.092372894
-0.505122304 0.037526429 0.862231791 52.619182587 0.017030304 0.999292910 -0.033514813 -0.148390293 -0.862880051 -0.002245068 -0.505405426 -5.607246399
-0.505219579 0.035915412 0.862243354 53.509704590 0.015396780 0.999349594 -0.032604855 -0.192165017 -0.862853825 -0.003196895 -0.505445123 -6.122571945
-0.505803943 0.034604888 0.861954391 54.395675659 0.014738166 0.999395788 -0.031474274 -0.251574039 -0.862522960 -0.003216244 -0.506009459 -6.617614746
-0.505079806 0.033226151 0.862433255 55.279308319 0.013412016 0.999439955 -0.030649843 -0.303449512 -0.862968862 -0.003913707 -0.505243838 -7.133497238
-0.503479123 0.032755099 0.863386929 56.184288025 0.013147836 0.999455750 -0.030250235 -0.353941679 -0.863907814 -0.003878758 -0.503636718 -7.661275864
-0.501619339 0.031271011 0.864523709 57.079277039 0.013783637 0.999508321 -0.028156020 -0.404396653 -0.864979148 -0.002207384 -0.501804650 -8.168672562
-0.498955518 0.029630318 0.866121531 57.968742371 0.014206838 0.999560535 -0.026011087 -0.457034886 -0.866511464 -0.000673591 -0.499158382 -8.680633545
-0.496478617 0.029269271 0.867555976 58.865272522 0.014004360 0.999571204 -0.025708890 -0.511649728 -0.867936254 -0.000614411 -0.496676892 -9.193122864
-0.494456172 0.029771103 0.868693173 59.756252289 0.014807290 0.999556541 -0.025827758 -0.555264711 -0.869076729 0.000092236 -0.494679004 -9.691154480
-0.493169606 0.030017324 0.869415700 60.645957947 0.014615511 0.999549270 -0.026219804 -0.606037855 -0.869810760 -0.000223918 -0.493387163 -10.192089081
-0.494185627 0.031332791 0.868791997 61.531333923 0.013988085 0.999507487 -0.028090367 -0.653836668 -0.869244277 -0.001729182 -0.494381547 -10.676879883
-0.497117996 0.032725766 0.867066085 62.407573700 0.012614253 0.999455333 -0.030490424 -0.710066319 -0.867591619 -0.004220011 -0.497261107 -11.177497864
-0.501576424 0.033278413 0.864473581 63.275299072 0.011376416 0.999427021 -0.031872861 -0.766465902 -0.865038931 -0.006152133 -0.501668632 -11.669404984
-0.506975591 0.031844422 0.861372530 64.152015686 0.011291935 0.999476850 -0.030304035 -0.816036701 -0.861886799 -0.005636915 -0.507071018 -12.183673859
-0.512161076 0.029949265 0.858367741 65.003494263 0.014812564 0.999551058 -0.026037147 -0.852912843 -0.858762026 -0.000620647 -0.512375891 -12.704929352
-0.518474281 0.028731545 0.854610860 65.858337402 0.011955313 0.999580979 -0.026352379 -0.904046953 -0.855009913 -0.003445956 -0.518601775 -13.180004120
-0.523183227 0.030383542 0.851679027 66.703651428 0.012651181 0.999530673 -0.027886627 -0.968478441 -0.852126718 -0.003815134 -0.523323298 -13.700716019
-0.528236568 0.032582652 0.848472416 67.537193298 0.013426754 0.999458671 -0.030021682 -1.020760417 -0.848991275 -0.004466388 -0.528389454 -14.220134735
-0.532876968 0.031938352 0.845590234 68.385253906 0.011713956 0.999469757 -0.030368568 -1.062934875 -0.846111774 -0.006277579 -0.532969773 -14.738765717
-0.536480308 0.032530412 0.843286216 69.202072144 0.011005293 0.999441206 -0.031552948 -1.112568974 -0.843841255 -0.007646996 -0.536539793 -15.254821777
-0.539545000 0.031623252 0.841363251 70.022819519 0.010968527 0.999473155 -0.030532159 -1.176994443 -0.841885567 -0.007245032 -0.539608836 -15.787576675
-0.542945921 0.025075292 0.839393556 70.853111267 0.012946159 0.999684751 -0.021489769 -1.214221597 -0.839668155 -0.000800926 -0.543100774 -16.295099258
-0.544095278 0.017645152 0.838838637 71.681411743 0.013492082 0.999833226 -0.012280420 -1.250056505 -0.838915348 0.004635915 -0.544243813 -16.853664398
-0.545802295 0.015572045 0.837769985 72.504585266 0.013448547 0.999860883 -0.009823334 -1.273845553 -0.837806404 0.005905146 -0.545937002 -17.386009216
-0.546613276 0.020530496 0.837134123 73.306060791 0.013805021 0.999784172 -0.015505413 -1.321025848 -0.837271690 0.003081137 -0.546779990 -17.906993866
-0.547845364 0.024380226 0.836225033 74.112136841 0.013885565 0.999702156 -0.020049484 -1.369611979 -0.836464763 0.000627385 -0.548021972 -18.435791016
-0.548312664 0.030428864 0.835720301 74.908020020 0.020807104 0.999524474 -0.022741646 -1.397129297 -0.836014867 0.004919327 -0.548686326 -18.955331802
-0.548175991 0.032048400 0.835749328 75.692626953 0.024465913 0.999451995 -0.022278540 -1.435289383 -0.836005509 0.008234748 -0.548660874 -19.484634399
-0.547769904 0.028871831 0.836131275 76.487129211 0.024017416 0.999534905 -0.018779863 -1.480124593 -0.836284518 0.009794611 -0.548209846 -19.990171432
-0.547019124 0.023835171 0.836781263 77.299911499 0.022137899 0.999656558 -0.014002686 -1.509208202 -0.836827695 0.010864787 -0.547360122 -20.524131775
-0.546250820 0.017941648 0.837429881 78.090599060 0.020342423 0.999759495 -0.008150319 -1.538601398 -0.837374985 0.012583191 -0.546485782 -21.040620804
-0.545636475 0.011076437 0.837949395 78.897033691 0.010988984 0.999920905 -0.006061984 -1.576730013 -0.837950289 0.005900532 -0.545716345 -21.543342590
-0.544280589 0.006024122 0.838882208 79.712226868 0.002989598 0.999981463 -0.005241366 -1.591387033 -0.838898301 -0.000344897 -0.544289827 -22.040786743
-0.542502105 0.006417010 0.840030432 80.508460999 0.005920815 0.999974847 -0.003815163 -1.620341539 -0.840034127 0.002903880 -0.542527556 -22.543405533
-0.539458275 0.009670131 0.841957450 81.295837402 0.011456759 0.999925494 -0.004143947 -1.646710634 -0.841934800 0.007410566 -0.539529860 -23.060564041
-0.534107625 0.013824494 0.845304132 82.091423035 0.013333542 0.999879241 -0.007927725 -1.663283587 -0.845311761 0.007036584 -0.534228623 -23.555049896
-0.526319504 0.015248998 0.850150764 82.887145996 0.017821759 0.999816835 -0.006900334 -1.695981979 -0.850100458 0.011519347 -0.526496232 -24.045866013
-0.518446922 0.017368663 0.854934096 83.692855835 0.024513211 0.999684215 -0.005444213 -1.739233017 -0.854758799 0.018134594 -0.518710077 -24.545991898
-0.508807898 0.017904364 0.860694408 84.480522156 0.024569172 0.999677956 -0.006271298 -1.750387430 -0.860529721 0.017955611 -0.509085119 -24.995880127
-0.497669548 0.015209733 0.867233753 85.312965393 0.020510461 0.999772727 -0.005764186 -1.778605103 -0.867124498 0.014918660 -0.497869611 -25.449766159
-0.486249566 0.011636615 0.873742938 86.107192993 0.021531209 0.999766946 -0.001332678 -1.802475333 -0.873554885 0.018164687 -0.486387998 -25.898914337
-0.474870801 0.010868438 0.879988790 86.933982849 0.021574441 0.999766767 -0.000705556 -1.820780516 -0.879791379 0.018650185 -0.474995732 -26.335365295
-0.462825477 0.009379082 0.886400104 87.788902283 0.020500252 0.999789476 0.000125089 -1.848966837 -0.886212707 0.018229287 -0.462921500 -26.766269684
-0.451106578 0.012586154 0.892381787 88.581375122 0.026276803 0.999653995 -0.000816035 -1.851237178 -0.892083466 0.023080779 -0.451282531 -27.168697357
-0.438871801 0.014601717 0.898431540 89.414718628 0.024053682 0.999699950 -0.004497745 -1.902558208 -0.898227870 0.019636607 -0.439092666 -27.565481186
-0.426436812 0.025975697 0.904144764 90.286476135 0.027915953 0.999488771 -0.015548486 -1.922415972 -0.904086709 0.018609557 -0.426945359 -27.962162018
-0.414378434 0.029621286 0.909622967 91.082725525 0.026605165 0.999436796 -0.020426106 -1.957153082 -0.909715891 0.015736466 -0.414934427 -28.311737061
-0.402540028 0.025969373 0.915034354 91.958900452 0.023962684 0.999553204 -0.017826535 -1.982909441 -0.915088832 0.014750723 -0.402983934 -28.694881439
-0.390997291 0.021470375 0.920141757 92.782669067 0.023695258 0.999630630 -0.013256349 -2.037436008 -0.920086980 0.016619746 -0.391363114 -29.031024933
-0.380820900 0.023009466 0.924363077 93.618141174 0.022655977 0.999621809 -0.015549045 -2.054077625 -0.924371660 0.015020886 -0.381199360 -29.372777939
-0.374087930 0.026592983 0.927012265 94.465667725 0.017067675 0.999616325 -0.021788310 -2.090624571 -0.927236617 0.007671132 -0.374399453 -29.696208954
-0.368486017 0.032782517 0.929055631 95.317703247 0.011334884 0.999461651 -0.030771237 -2.120224953 -0.929564536 -0.000808112 -0.368660450 -30.022306442
-0.365416974 0.034855474 0.930191517 96.170028687 0.008725472 0.999382555 -0.034020487 -2.164082527 -0.930803478 -0.004315389 -0.365496546 -30.342882156
-0.362005979 0.033774197 0.931564093 96.996856689 0.006887908 0.999412477 -0.033557490 -2.218820095 -0.932150841 -0.005731569 -0.362027049 -30.657230377
-0.356819123 0.033764429 0.933563650 97.862838745 0.005994682 0.999408424 -0.033854671 -2.274671078 -0.934154749 -0.006483664 -0.356811553 -30.976093292
-0.351235121 0.029483510 0.935823679 98.697029114 0.002920084 0.999533176 -0.030394815 -2.317047119 -0.936283112 -0.007943119 -0.351158291 -31.275108337
-0.345910221 0.025833767 0.937912643 99.557785034 0.002745569 0.999643862 -0.026521578 -2.367400885 -0.938264072 -0.006599057 -0.345859051 -31.589275360
-0.340160251 0.023005847 0.940086722 100.416229248 0.001562699 0.999712527 -0.023899652 -2.410098314 -0.940366626 -0.006660709 -0.340099514 -31.882337570
-0.334218353 0.021277525 0.942256153 101.256546021 -0.003732203 0.999706745 -0.023898739 -2.453943253 -0.942488670 -0.011504157 -0.334042102 -32.171028137
-0.328332126 0.020705851 0.944335997 102.087005615 -0.015415261 0.999508321 -0.027275335 -2.485954285 -0.944436967 -0.023512635 -0.327852756 -32.438049316
-0.321770728 0.024170544 0.946509778 102.937843323 -0.012783322 0.999471247 -0.029868849 -2.532319546 -0.946731746 -0.021710537 -0.321292907 -32.720069885
-0.314565480 0.028335903 0.948813438 103.793701172 -0.010447643 0.999389589 -0.033310194 -2.584167957 -0.949178636 -0.020391179 -0.314078599 -32.995082855
-0.308148265 0.026701886 0.950964212 104.637290955 -0.011457442 0.999428630 -0.031775434 -2.621861935 -0.951269925 -0.020687245 -0.307667524 -33.259326935
-0.301213861 0.021328684 0.953318715 105.503395081 -0.012957787 0.999565303 -0.026457625 -2.666369200 -0.953469098 -0.020322386 -0.300807714 -33.517536163
-0.293930441 0.018923612 0.955640078 106.365852356 -0.012834908 0.999634981 -0.023742566 -2.707827568 -0.955741107 -0.019244293 -0.293581486 -33.771945953
-0.287403226 0.022428539 0.957547665 107.225418091 -0.015254276 0.999490798 -0.027989563 -2.749134302 -0.957688630 -0.022651071 -0.286916077 -34.031951904
-0.280818731 0.026002197 0.959409177 108.087623596 -0.014735535 0.999397278 -0.031399153 -2.789182663 -0.959648192 -0.022954963 -0.280267715 -34.274059296
-0.274434298 0.025955994 0.961256027 108.937568665 -0.016307263 0.999365211 -0.031640779 -2.829525471 -0.961468220 -0.024358861 -0.273838133 -34.505004883
-0.267417341 0.024496503 0.963269830 109.807060242 -0.017584985 0.999385059 -0.030296879 -2.881235600 -0.963421047 -0.025041096 -0.266823471 -34.735950470
-0.259390384 0.024947340 0.965450823 110.672012329 -0.014522937 0.999451220 -0.029727943 -2.922586441 -0.965664208 -0.021732414 -0.258887172 -34.962020874
-0.251816928 0.025926016 0.967428148 111.525474548 -0.009928233 0.999518037 -0.029370369 -2.967412710 -0.967724741 -0.017000891 -0.251439542 -35.182575226
-0.245250657 0.026003227 0.969111681 112.389396667 -0.008691421 0.999539673 -0.029019313 -3.012477875 -0.969421625 -0.015540034 -0.244913131 -35.399028778
-0.238729030 0.024846176 0.970769048 113.236091614 -0.015698941 0.999441803 -0.029440805 -3.057015657 -0.970960200 -0.022268502 -0.238207057 -35.585464478
-0.232815146 0.022625890 0.972258508 114.120803833 -0.020720758 0.999385595 -0.028219054 -3.103125811 -0.972301185 -0.026715839 -0.232204571 -35.783573151
-0.227460220 0.024375377 0.973482907 115.017189026 -0.015507209 0.999467850 -0.028649507 -3.134417057 -0.973664820 -0.021612711 -0.226962462 -35.997997284
-0.223028913 0.024428247 0.974506497 115.869445801 -0.014452906 0.999491930 -0.028362434 -3.179007769 -0.974705696 -0.020410178 -0.222563773 -36.187034607
-0.218920067 0.025769580 0.975402951 116.734970093 -0.013448712 0.999475181 -0.029424107 -3.218460083 -0.975651145 -0.019559523 -0.218459740 -36.365753174
-0.212915465 0.024678025 0.976759434 117.603195190 -0.008032682 0.999601662 -0.027006228 -3.260690212 -0.977038622 -0.013596110 -0.212633610 -36.555728912
-0.207609430 0.023055643 0.977940559 118.475776672 -0.000582850 0.999717772 -0.023692906 -3.303187847 -0.978212714 -0.005488914 -0.207538515 -36.741622925
-0.202128470 0.022560311 0.979099512 119.368675232 0.002783508 0.999742389 -0.022461452 -3.347326040 -0.979356110 -0.001814815 -0.202140391 -36.933727264
-0.198081285 0.024334833 0.979883850 120.219543457 0.001718702 0.999697328 -0.024479585 -3.373360872 -0.980185032 -0.003164871 -0.198064372 -37.092426300
-0.194534898 0.026502669 0.980537772 121.096130371 0.000071212 0.999633849 -0.027004808 -3.416040897 -0.980896592 -0.005183610 -0.194466770 -37.257957458
-0.192819819 0.025890922 0.980892837 121.982612610 -0.001664835 0.999640286 -0.026713155 -3.451491833 -0.981233776 -0.006783912 -0.192708507 -37.418788910
-0.191683009 0.024749869 0.981145263 122.837509155 -0.003486964 0.999657094 -0.025898203 -3.502840996 -0.981451631 -0.008385521 -0.191532150 -37.579883575
-0.190565705 0.021177158 0.981446564 123.714958191 -0.001907546 0.999755859 -0.021942748 -3.538349628 -0.981673658 -0.006053740 -0.190479934 -37.749710083
-0.189666942 0.015775027 0.981722176 124.580032349 -0.000880713 0.999866247 -0.016236864 -3.570489407 -0.981849074 -0.003944256 -0.189628869 -37.902030945
-0.189173713 0.011704156 0.981874526 125.434928894 -0.002058237 0.999920309 -0.012315956 -3.611250877 -0.981942534 -0.004350815 -0.189135730 -38.064830780
-0.188510209 0.017067747 0.981923461 126.308105469 -0.004079363 0.999824882 -0.018162206 -3.641935825 -0.982063651 -0.007429427 -0.188408792 -38.204166412
-0.187986925 0.019654553 0.981975317 127.154190063 -0.005944446 0.999756873 -0.021148583 -3.688120842 -0.982154548 -0.009813005 -0.187825575 -38.381256104
-0.187998965 0.019781156 0.981970668 128.000167847 -0.006895147 0.999744117 -0.021459412 -3.712204456 -0.982146025 -0.010805231 -0.187815651 -38.530677795
-0.187261879 0.019597122 0.982115209 128.856933594 -0.007016981 0.999746978 -0.021287028 -3.749424458 -0.982286036 -0.010877787 -0.187078208 -38.682971954
-0.186751127 0.019127019 0.982221782 129.705383301 -0.004891455 0.999778032 -0.020399053 -3.791570425 -0.982396185 -0.008614087 -0.186617360 -38.844146729
-0.185827956 0.021901999 0.982338846 130.545516968 -0.005888290 0.999706924 -0.023403253 -3.833703041 -0.982565761 -0.010133329 -0.185645789 -39.003200531
-0.185687765 0.022856269 0.982343674 131.384765625 -0.014909328 0.999547005 -0.026074920 -3.862851620 -0.982496798 -0.019487953 -0.185264111 -39.151279449
-0.185478792 0.024647765 0.982339859 132.233688354 -0.019655654 0.999390364 -0.028786967 -3.900349140 -0.982452631 -0.024648005 -0.184882432 -39.288864136
-0.185183331 0.029027004 0.982275963 133.058273315 -0.016092539 0.999338150 -0.032565191 -3.944147110 -0.982573271 -0.021837948 -0.184594825 -39.442092896
-0.184555799 0.029301723 0.982385874 133.894363403 -0.014453950 0.999364436 -0.032523673 -3.990724325 -0.982716739 -0.020201880 -0.184016168 -39.595474243
-0.183026582 0.030544525 0.982634246 134.712951660 -0.015361595 0.999304354 -0.033924125 -4.035107136 -0.982988834 -0.021303928 -0.182431281 -39.736164093
-0.180980280 0.030816736 0.983004630 135.547073364 -0.006701319 0.999445081 -0.032566056 -4.068407059 -0.983464777 -0.012481309 -0.180674523 -39.895477295
-0.177303106 0.027042162 0.983785629 136.373641968 -0.000921887 0.999615490 -0.027643584 -4.122188091 -0.984156966 -0.005808276 -0.177211151 -40.046722412
-0.175649688 0.022001367 0.984207809 137.178955078 0.001993876 0.999754310 -0.021993196 -4.161239147 -0.984451830 -0.001900740 -0.175651535 -40.194908142
-0.171536624 0.021503046 0.984943986 138.000228882 0.005187663 0.999765813 -0.020923292 -4.197788715 -0.985165060 0.001520417 -0.171609223 -40.340106964
-0.166490048 0.026320066 0.985692680 138.798843384 0.004444759 0.999651730 -0.025942195 -4.242982388 -0.986034036 0.000062012 -0.166550264 -40.470420837
-0.159967825 0.029523088 0.986681223 139.605484009 0.006186490 0.999561250 -0.028905600 -4.277840614 -0.987103701 0.001480096 -0.160081506 -40.601127625
-0.151964769 0.030958986 0.987901688 140.390136719 0.002718864 0.999517083 -0.030904885 -4.313105583 -0.988383114 -0.002010522 -0.151976749 -40.720260620
-0.142646566 0.025947204 0.989434063 141.202865601 0.005973440 0.999659121 -0.025354270 -4.352482319 -0.989756525 0.002293587 -0.142754108 -40.821678162
-0.130197778 0.024893869 0.991175950 142.008209229 0.015648741 0.999610186 -0.023050241 -4.394639969 -0.991365492 0.012509548 -0.130537644 -40.931396484
-0.116962373 0.026980102 0.992770255 142.788467407 0.014808517 0.999565542 -0.025420228 -4.428160667 -0.993026853 0.011728222 -0.117312200 -41.021858215
-0.102270842 0.027999524 0.994362950 143.595535278 0.011962744 0.999564409 -0.026915725 -4.470899105 -0.994685590 0.009142583 -0.102562316 -41.101467133
-0.088655524 0.028050695 0.995667815 144.377258301 0.015096582 0.999524713 -0.026815251 -4.501925468 -0.995948732 0.012653834 -0.089037918 -41.163299561
-0.074809916 0.028904688 0.996779442 145.201522827 0.015302192 0.999493718 -0.027835062 -4.545765400 -0.997081220 0.013170544 -0.075215377 -41.221553802
-0.060670108 0.035317678 0.997533560 145.973449707 0.015798630 0.999280810 -0.034418788 -4.596665859 -0.998033524 0.013671441 -0.061185464 -41.256256104
-0.048141815 0.044602603 0.997844696 146.709335327 0.010058779 0.998971641 -0.044167802 -4.635511875 -0.998790503 0.007910730 -0.048541948 -41.271842957
-0.034680165 0.052741088 0.998006523 147.471420288 0.001848886 0.998606443 -0.052708663 -4.683894157 -0.999397457 0.000017185 -0.034730308 -41.276756287
-0.021010121 0.053859733 0.998328030 148.248214722 -0.000274549 0.998545706 -0.053877380 -4.729724407 -0.999779761 -0.001406145 -0.020965708 -41.294624329
-0.009179883 0.050303832 0.998692453 149.038696289 -0.000265311 0.998731852 -0.050308388 -4.786258698 -0.999958336 -0.000726869 -0.009155807 -41.280860901
0.002286389 0.047642663 0.998862386 149.809066772 0.000297388 0.998862565 -0.047643479 -4.842935085 -0.999997914 0.000405905 0.002268732 -41.267147064
0.010926329 0.053181086 0.998525977 150.554595947 -0.005965116 0.998568654 -0.053118240 -4.908824921 -0.999922931 -0.005376016 0.011227040 -41.244640350
0.017366173 0.062446084 0.997898102 151.296340942 -0.014341826 0.997958720 -0.062200457 -4.952332497 -0.999746621 -0.013231594 0.018225450 -41.221931458
0.021124048 0.065773994 0.997611642 152.068511963 -0.014074772 0.997752368 -0.065485358 -5.001427650 -0.999678314 -0.012657955 0.022001460 -41.197052002
0.020514721 0.061478280 0.997898281 152.824157715 -0.016961960 0.997983634 -0.061134961 -5.062385082 -0.999646187 -0.015672265 0.021515282 -41.162628174
0.018966811 0.055500593 0.998279333 153.575012207 -0.014457551 0.998367131 -0.055230923 -5.142178535 -0.999716043 -0.013385228 0.019737380 -41.142402649
0.016218951 0.053145278 0.998455882 154.315780640 -0.013449118 0.998505771 -0.052929606 -5.183324814 -0.999778569 -0.012569995 0.016908614 -41.128150940
0.013350120 0.053340852 0.998488009 155.067672729 -0.011338366 0.998518229 -0.053191002 -5.236409664 -0.999847174 -0.010611219 0.013934270 -41.114650726
0.009610133 0.053406939 0.998527527 155.812805176 -0.009383182 0.998531640 -0.053317003 -5.285271168 -0.999910355 -0.008857080 0.010096278 -41.099971771
0.005088076 0.052048661 0.998632431 156.549301147 -0.008777316 0.998606384 -0.052002717 -5.347321510 -0.999949038 -0.008500822 0.005536952 -41.098121643
-0.000548592 0.052638035 0.998614252 157.290283203 -0.010781538 0.998553336 -0.052640870 -5.394762516 -0.999942243 -0.010795588 0.000018831 -41.087703705
-0.006412216 0.050804835 0.998688817 158.045883179 -0.010892834 0.998643517 -0.050872609 -5.444209099 -0.999920547 -0.011204868 -0.005851012 -41.089294434
-0.011994658 0.047995333 0.998776257 158.776382446 -0.010112996 0.998788476 -0.048117481 -5.497764587 -0.999877393 -0.010677893 -0.011495662 -41.102436066
-0.017240591 0.047295306 0.998732984 159.509429932 -0.008528460 0.998835325 -0.047447495 -5.545912743 -0.999815464 -0.009335793 -0.016818080 -41.109733582
-0.022913618 0.047966164 0.998586833 160.246032715 -0.009665750 0.998788953 -0.048197784 -5.592551231 -0.999691188 -0.010756599 -0.022423176 -41.125873566
-0.026629742 0.050935254 0.998347580 160.977188110 -0.010633256 0.998628020 -0.051233307 -5.645702362 -0.999589384 -0.011980138 -0.026052542 -41.133953094
-0.029140044 0.052425828 0.998200357 161.682022095 -0.010063899 0.998555481 -0.052738409 -5.701727390 -0.999525249 -0.011582709 -0.028571293 -41.151779175
-0.030729610 0.054120194 0.998062193 162.405715942 -0.008538673 0.998480380 -0.054405883 -5.757143021 -0.999491870 -0.010194122 -0.030221744 -41.176677704
-0.030081803 0.053084124 0.998137534 163.128067017 -0.003930729 0.998572767 -0.053225834 -5.799782753 -0.999540329 -0.005524652 -0.029831154 -41.204540253
-0.026223797 0.049033497 0.998453498 163.847488403 -0.003060705 0.998785675 -0.049130294 -5.857028961 -0.999651909 -0.004344468 -0.026042813 -41.213989258
-0.018873818 0.048757046 0.998632967 164.549972534 -0.001296236 0.998806179 -0.048790101 -5.907915592 -0.999821663 -0.002215428 -0.018789006 -41.227455139
-0.007573236 0.049907200 0.998725891 165.246795654 0.002002665 0.998750627 -0.049893342 -5.954112053 -0.999969959 0.001622160 -0.007664619 -41.226932526
0.006981391 0.050142039 0.998718262 165.925094604 0.005334790 0.998724163 -0.050179686 -6.000725746 -0.999961793 0.005678185 0.006704103 -41.215122223
0.021971909 0.048099767 0.998601317 166.624328613 0.005082827 0.998821914 -0.048222277 -6.041609287 -0.999746025 0.006135164 0.021700682 -41.198104858
0.038227312 0.042720299 0.998355985 167.318023682 -0.000173452 0.999084294 -0.042744875 -6.092738152 -0.999269426 0.001460764 0.038198881 -41.153255463
0.054700758 0.036525182 0.997835040 167.989837646 -0.002103942 0.999330878 -0.036464658 -6.132928848 -0.998501003 -0.000104833 0.054740202 -41.099098206
0.071450301 0.029133137 0.997019231 168.668853760 -0.002080316 0.999573648 -0.029058779 -6.171055794 -0.997442305 0.000002069 0.071479648 -41.035301208
0.089311734 0.021548651 0.995771110 169.347763062 -0.002665349 0.999765515 -0.021396115 -6.206300735 -0.996000528 -0.000743220 0.089347437 -40.960140228
0.106584482 0.015487419 0.994183540 170.005325317 -0.004614046 0.999873757 -0.015081475 -6.235315323 -0.994293332 -0.002979823 0.106641755 -40.878211975
0.124433100 0.013365652 0.992138505 170.676498413 -0.002325755 0.999908507 -0.013178715 -6.255819321 -0.992225587 -0.000667664 0.124452099 -40.788722992
0.142389804 0.012307296 0.989734709 171.306777954 -0.001776609 0.999922514 -0.012178464 -6.276763916 -0.989809394 -0.000024334 0.142399937 -40.681213379
0.159997076 0.011981996 0.987045467 171.948928833 -0.003607749 0.999925017 -0.011553623 -6.300555706 -0.987111270 -0.001712519 0.160027593 -40.561691284
0.176245674 0.011360206 0.984281301 172.605346680 -0.008602394 0.999911249 -0.010000339 -6.309915543 -0.984308898 -0.006704716 0.176327080 -40.435249329
0.190222725 0.007736764 0.981711149 173.207122803 -0.012805508 0.999901652 -0.005398921 -6.337915421 -0.981657803 -0.011544378 0.190302432 -40.296077728
0.202612787 0.003274123 0.979254127 173.846710205 -0.008087501 0.999963999 -0.001670099 -6.357139587 -0.979225814 -0.007581394 0.202631369 -40.160823822
0.213577390 0.001804263 0.976925135 174.473327637 -0.005831341 0.999981046 -0.000572061 -6.377952576 -0.976909041 -0.005574661 0.213583231 -40.021526337
0.223460451 0.005402348 0.974698842 175.076583862 -0.010336332 0.999939740 -0.003172611 -6.399465084 -0.974658430 -0.009365913 0.223502219 -39.858901978
0.232485980 0.012396742 0.972521544 175.678161621 -0.015779292 0.999833345 -0.008972852 -6.424736977 -0.972471952 -0.013259704 0.232642233 -39.692611694
0.241465449 0.022128865 0.970157981 176.260635376 -0.013952709 0.999713957 -0.019330380 -6.437837601 -0.970309317 -0.008868784 0.241704553 -39.540241241
0.249906123 0.028985210 0.967837036 176.844802856 -0.009304896 0.999575794 -0.027533185 -6.443217754 -0.968225598 -0.002124979 0.250069261 -39.388416290
0.256449461 0.027767763 0.966159463 177.457534790 -0.008889036 0.999610960 -0.026369805 -6.462218285 -0.966517031 -0.001825778 0.256595910 -39.227081299
0.262175053 0.020014655 0.964813590 178.052490234 -0.009097836 0.999790013 -0.018268075 -6.479638100 -0.964977682 -0.003988350 0.262301415 -39.050453186
0.266661942 0.009213764 0.963746905 178.660690308 -0.013477731 0.999890447 -0.005830185 -6.506778240 -0.963696182 -0.011434497 0.266756326 -38.869243622
0.269019485 0.000031963 0.963135660 179.259826660 -0.014547523 0.999884248 0.004030108 -6.538777351 -0.963025153 -0.015095476 0.268988222 -38.688209534
0.269738495 -0.001026364 0.962933958 179.872756958 -0.011909038 0.999917626 0.004401688 -6.561839104 -0.962860286 -0.012654980 0.269703448 -38.512187958
0.271335185 0.002368674 0.962482810 180.479370117 -0.007775613 0.999967933 -0.000268961 -6.557659626 -0.962453604 -0.007410967 0.271344393 -38.345077515
0.273126125 0.001960732 0.961977184 181.076629639 -0.006889687 0.999974430 -0.000082120 -6.565860271 -0.961953640 -0.006605343 0.273132145 -38.160968781
0.274620593 0.000496083 0.961553395 181.692428589 -0.006809140 0.999974012 0.001428720 -6.568904400 -0.961528659 -0.006939758 0.274616271 -37.988323212
0.277154952 -0.004302138 0.960816503 182.293762207 -0.008027325 0.999943018 0.006792803 -6.591880798 -0.960791886 -0.009595496 0.277104139 -37.789272308
0.280549049 -0.009578437 0.959792733 182.923583984 -0.007587155 0.999895096 0.012196315 -6.601247311 -0.959809840 -0.010703808 0.280446410 -37.612979889
0.284912199 -0.012897715 0.958467424 183.555541992 -0.005619135 0.999868095 0.015125085 -6.609915733 -0.958537459 -0.009695132 0.284801632 -37.415191650
0.290878952 -0.014326281 0.956653118 184.156143188 -0.004131717 0.999858022 0.016229495 -6.599809647 -0.956751168 -0.008673489 0.290777832 -37.230297089
0.298817843 -0.017666992 0.954147160 184.794662476 -0.003039916 0.999804139 0.019464334 -6.599905968 -0.954305708 -0.008716866 0.298705131 -37.026451111
0.308274657 -0.020209365 0.951083302 185.391174316 -0.000076359 0.999772012 0.021268614 -6.612843513 -0.951297700 -0.006629240 0.308202386 -36.830192566
0.319270611 -0.017980557 0.947493613 186.018493652 -0.001600501 0.999806523 0.019512529 -6.620214939 -0.947662473 -0.007746287 0.319179505 -36.604557037
0.331063718 -0.014375228 0.943499565 186.622619629 -0.002100580 0.999868512 0.015971065 -6.615924835 -0.943606436 -0.007269394 0.330989540 -36.377079010
0.342638731 -0.010864174 0.939405143 187.220550537 -0.003786677 0.999907315 0.012944960 -6.605330944 -0.939459920 -0.007992729 0.342565417 -36.144290924
0.354454815 -0.009909308 0.935021400 187.849365234 -0.002681653 0.999927223 0.011613686 -6.602880478 -0.935069621 -0.006623990 0.354402095 -35.891788483
0.365785539 -0.013082962 0.930607915 188.476531982 -0.002634612 0.999880910 0.015092326 -6.615134239 -0.930695891 -0.007972404 0.365707099 -35.634216309
0.376536489 -0.015210554 0.926277637 189.093276978 -0.002068031 0.999847293 0.017259240 -6.620556831 -0.926399827 -0.008414363 0.376447111 -35.376705170
