1.000000000 -0.000000000 0.000000000 0.000000000 0.000000000 1.000000000 -0.000000000 0.000000000 0.000000000 0.000000000 1.000000000 0.000000000
0.998590722 0.008181555 -0.052436659 -0.118992637 -0.008239967 0.999965651 -0.000898501 0.029477877 0.052427581 0.001329295 0.998623855 -0.227561152
0.995393833 0.013453596 -0.094921348 -0.195096324 -0.013609421 0.999906898 -0.000995051 0.055017382 0.094899260 0.002282265 0.995484288 -0.435866530
0.991650806 0.014440796 -0.128140788 -0.210307990 -0.014528535 0.999894429 0.000249340 0.072949180 0.128131049 0.001614403 0.991755967 -0.628111152
0.986338494 0.013935428 -0.164140400 -0.229631788 -0.013728554 0.999902896 0.002394037 0.090733606 0.164158069 -0.000107967 0.986434093 -0.869113824
0.980746415 0.013159613 -0.194841367 -0.248454081 -0.013168977 0.999912512 0.001246624 0.108188921 0.194841018 0.001343189 0.980833983 -1.087767793
0.971864508 0.016567555 -0.234956839 -0.276735135 -0.013358246 0.999794568 0.015243519 0.118585095 0.235161479 -0.011676096 0.971886278 -1.301191899
0.959035653 0.011553595 -0.283049292 -0.297440288 -0.007012826 0.999830042 0.017049542 0.124665327 0.283198608 -0.014366223 0.958953810 -1.532230511
0.942707108 0.022189996 -0.332882291 -0.324173873 -0.012274392 0.999416950 0.031860014 0.130810853 0.333395694 -0.025948832 0.942429998 -1.764062518
0.922119473 0.030695738 -0.385685211 -0.327252882 -0.015003603 0.998935044 0.043630440 0.139432374 0.386614342 -0.034445921 0.921598205 -2.031412849
0.895968001 0.045282179 -0.441803593 -0.329360629 -0.021307160 0.998025778 0.059080260 0.155386803 0.443607345 -0.043520566 0.895164236 -2.308698473
0.870809809 0.057636209 -0.488229269 -0.321132070 -0.025521180 0.997064691 0.072184342 0.182825340 0.490957357 -0.050398776 0.869724930 -2.546709855
0.838690495 0.066434347 -0.540540579 -0.297691160 -0.023586906 0.996031534 0.085817984 0.200926011 0.544097571 -0.059225183 0.836929470 -2.805752667
0.795310475 0.081090503 -0.600753579 -0.240379338 -0.024193038 0.994468977 0.102205721 0.234515779 0.605719656 -0.066751361 0.792873768 -3.127248809
0.759103214 0.075036472 -0.646630522 -0.153056164 -0.008328091 0.994372500 0.105611635 0.261583960 0.650917362 -0.074785064 0.755456647 -3.368385362
0.714655990 0.067269647 -0.696233224 -0.049055888 0.013490169 0.993854132 0.109871756 0.245342611 0.699346425 -0.087912938 0.709356735 -3.611233223
0.659227191 0.070812816 -0.748601390 0.087668858 0.022797652 0.993215989 0.114026651 0.243521768 0.751598631 -0.092235931 0.653141052 -3.905393991
0.591279107 0.077860111 -0.802699008 0.241453247 0.025819099 0.992990863 0.115335714 0.229867504 0.806054130 -0.088920639 0.585124922 -4.247240265
0.515627486 0.085851200 -0.852500231 0.461769295 0.017045889 0.993742727 0.110384098 0.227737169 0.856643878 -0.071448721 0.510938107 -4.621674597
0.473395702 0.087477210 -0.876494710 0.603982176 0.014193058 0.994169860 0.106886264 0.229740942 0.880736134 -0.063039630 0.469394624 -4.808263248
0.431020153 0.087501363 -0.898088984 0.761855740 0.012772139 0.994595872 0.103032800 0.231039605 0.902252536 -0.055879691 0.427573739 -4.998576567
0.388739007 0.087769077 -0.917157141 0.929091911 0.010762679 0.994951782 0.099774534 0.231111179 0.921285705 -0.048657251 0.385832390 -5.173789914
0.345692394 0.088258913 -0.934187213 1.085681323 0.008996603 0.995209253 0.097352192 0.225534646 0.938305435 -0.042058322 0.343242693 -5.331234025
0.303299683 0.090367038 -0.948599860 1.256457387 0.005516576 0.995309901 0.096579595 0.219560513 0.952879940 -0.034525449 0.301379113 -5.483230265
0.230053845 0.092763507 -0.968745956 1.588437372 -0.005876649 0.995560958 0.093934583 0.227695423 0.973160866 -0.015916835 0.229578211 -5.742658269
0.172719263 0.092181029 -0.980647373 1.881501979 -0.009862935 0.995723025 0.091859927 0.234300808 0.984922437 -0.006193673 0.172890165 -5.917054832
0.140299459 0.093444575 -0.985688962 2.066198539 -0.010337284 0.995620441 0.092913632 0.236289200 0.990055886 -0.002846116 0.140651415 -6.019930969
0.120685307 0.096170298 -0.988020695 2.187535464 -0.003730656 0.995333162 0.096425276 0.239747599 0.992684552 -0.007950871 0.120481316 -6.060522094
0.141516759 0.084573502 -0.986315808 1.887024892 -0.003775653 0.996382780 0.084893902 0.232835641 0.989929400 -0.008289658 0.141324622 -5.973799120
0.152565936 0.085347992 -0.984600376 1.626438421 -0.002086253 0.996289701 0.086036909 0.232573258 0.988291829 -0.011071921 0.152178370 -5.898301512
0.159579472 0.084302642 -0.983578162 1.308976090 0.000654863 0.996337766 0.085501442 0.234022811 0.987185605 -0.014288137 0.158940292 -5.814201144
0.163331084 0.082428630 -0.983121060 0.925967328 0.003223681 0.996453646 0.084080979 0.228326192 0.986566785 -0.016902062 0.162486575 -5.724123160
0.163688021 0.082071244 -0.983091595 0.699604139 0.004724037 0.996456809 0.083972506 0.225424616 0.986501583 -0.018389213 0.162720781 -5.668442878
0.162951398 0.081976380 -0.983221875 0.453740657 0.005458374 0.996452171 0.083983014 0.220638326 0.986619738 -0.019051701 0.161926262 -5.616675401
0.160923343 0.082624605 -0.983501598 0.185169041 0.005701588 0.996395248 0.084639645 0.215942570 0.986951180 -0.019227773 0.159872610 -5.571265924
0.157284262 0.083339456 -0.984029846 -0.104288474 0.006491347 0.996324063 0.085417159 0.213034200 0.987532779 -0.019822209 0.156165558 -5.516623392
0.152023641 0.083869110 -0.984811315 -0.399536162 0.007066152 0.996275607 0.085935152 0.207209658 0.988352343 -0.020022754 0.150865261 -5.465790013
0.146171976 0.084307892 -0.985659411 -0.705664983 0.008061889 0.996227295 0.086406301 0.203421379 0.989227091 -0.020576206 0.144941281 -5.408637234
0.141380057 0.084626128 -0.986330899 -1.028100571 0.008337010 0.996202381 0.086667032 0.198015849 0.989921036 -0.020475787 0.140138071 -5.352636727
0.138577323 0.084772270 -0.986716034 -1.356191422 0.006956767 0.996221856 0.086564898 0.196976527 0.990327931 -0.018860027 0.137464466 -5.302041336
0.137382287 0.085147217 -0.986850851 -1.696965700 0.006416115 0.996201011 0.086846088 0.195952591 0.990498068 -0.018262605 0.136314508 -5.244392178
0.135854506 0.085367020 -0.987043347 -2.061769508 0.006817425 0.996176685 0.087094195 0.194561324 0.990706091 -0.018560974 0.134753558 -5.180710920
0.133899153 0.085451490 -0.987303197 -2.427943669 0.008609838 0.996137539 0.087382699 0.189732342 0.990958312 -0.020200730 0.132646701 -5.115126572
0.131556718 0.085660930 -0.987599909 -2.803381658 0.011167978 0.996068214 0.087882027 0.183767628 0.991246488 -0.022590707 0.130083259 -5.051592166
0.129163344 0.085483541 -0.987931141 -3.184489955 0.011920086 0.996071553 0.087745277 0.177012730 0.991552439 -0.023109438 0.127637414 -4.983683074
0.126724316 0.083871192 -0.988385104 -3.580527829 0.011798968 0.996221069 0.086047831 0.168450914 0.991868555 -0.022566014 0.125256292 -4.919532255
0.124191868 0.082272190 -0.988840840 -3.996947148 0.010838538 0.996384786 0.084260018 0.158311673 0.992199781 -0.021181732 0.122851627 -4.845312912
0.121080728 0.081754152 -0.989269556 -4.435227479 0.009566851 0.996460258 0.083518241 0.155659010 0.992597317 -0.019576374 0.119870452 -4.777929049
0.117948214 0.081437424 -0.989674039 -4.892043237 0.008449519 0.996513151 0.083006116 0.151247101 0.992984554 -0.018152420 0.116849287 -4.710532741
0.114381489 0.080998434 -0.990128612 -5.366013494 0.006996210 0.996580225 0.082333346 0.142415887 0.993413020 -0.016344281 0.113424094 -4.640826069
0.110851675 0.080611022 -0.990561612 -5.858013236 0.006125353 0.996630754 0.081789315 0.138566714 0.993818840 -0.015133742 0.109984862 -4.570620855
0.107926012 0.081201893 -0.990836399 -6.372169866 0.006230216 0.996583895 0.082350453 0.135152455 0.994140164 -0.015060599 0.107051865 -4.506318569
0.105042098 0.082010945 -0.991079666 -6.896461988 0.005713364 0.996527587 0.083066214 0.125488085 0.994452121 -0.014387563 0.104209234 -4.434477145
0.102892734 0.082722912 -0.991245957 -7.438544454 0.003859717 0.996495164 0.083560533 0.116413926 0.994685725 -0.012423412 0.102213269 -4.359790984
0.101224648 0.084091474 -0.991302548 -8.003031892 0.001022022 0.996412013 0.084628177 0.107209711 0.994863823 -0.009579299 0.100775954 -4.292797992
0.099867715 0.084794521 -0.991380288 -8.585671859 -0.000625630 0.996367288 0.085156954 0.105654602 0.995001280 -0.007883898 0.099558417 -4.210925464
0.098336421 0.084285360 -0.991576761 -9.183439493 -0.000831250 0.996413483 0.084612960 0.097869212 0.995153635 -0.007495991 0.098054239 -4.131980228
0.096970815 0.083664141 -0.991763841 -9.794990578 -0.001351162 0.996470841 0.083928015 0.087148078 0.995287062 -0.006798237 0.096742074 -4.052614230
0.095416040 0.083944058 -0.991890982 -10.420105967 -0.002890771 0.996457171 0.084051323 0.078331027 0.995434037 -0.005152214 0.095321100 -3.971954238
0.093592195 0.084953528 -0.991978803 -11.061371948 -0.005127213 0.996380850 0.084845681 0.070253091 0.995598167 -0.002854504 0.093689483 -3.889732591
0.092139881 0.086878549 -0.991948039 -11.718178541 -0.006599549 0.996217901 0.086638406 0.068217210 0.995724955 -0.001436137 0.092365195 -3.797300617
0.090744015 0.088692432 -0.991916191 -12.376078032 -0.007040605 0.996058545 0.088417625 0.060265486 0.995850114 -0.001039374 0.091011240 -3.717597145
0.089276582 0.089809416 -0.991948848 -13.040123018 -0.008563874 0.995958865 0.089400619 0.044680775 0.995970806 0.000513852 0.089685358 -3.631882207
0.088419570 0.090336556 -0.991977743 -13.716040920 -0.011475349 0.995905331 0.089670279 0.038287343 0.996017965 0.003454995 0.089094601 -3.549894809
0.088511612 0.090150832 -0.991986430 -14.386689744 -0.014799156 0.995905030 0.089185371 0.036978314 0.995965946 0.006786936 0.089483750 -3.469891374
0.089630733 0.090019892 -0.991897831 -15.063773696 -0.017251835 0.995897958 0.088822899 0.026145581 0.995826385 0.009151112 0.090816506 -3.386287767
0.091624268 0.089953797 -0.991721666 -15.753144886 -0.019089326 0.995887233 0.088566889 0.020037202 0.995611405 0.010816738 0.092965027 -3.294905038
0.093553290 0.090029544 -0.991534679 -16.445643732 -0.020222464 0.995869570 0.088514015 0.012915587 0.995409619 0.011770812 0.094987924 -3.202287880
0.096073531 0.090288039 -0.991270146 -17.141078831 -0.022234647 0.995823769 0.088546725 0.000562816 0.995126608 0.013533860 0.097680258 -3.111440617
0.099362765 0.090388078 -0.990936724 -17.837549845 -0.024555661 0.995785205 0.088366999 -0.008327237 0.994748976 0.015553031 0.101163938 -3.014363002
0.102536170 0.090886795 -0.990567756 -18.550948426 -0.026241050 0.995717779 0.088641946 -0.019804256 0.994383829 0.016904846 0.104482480 -2.917845617
0.105014889 0.092011492 -0.990204178 -19.257801370 -0.027389101 0.995600464 0.089607109 -0.024067209 0.994094143 0.017711035 0.107073411 -2.815190026
0.107292681 0.093640081 -0.989807241 -19.985584538 -0.027183324 0.995458975 0.091227056 -0.031969193 0.993856530 0.017118566 0.109351338 -2.708891889
0.109147026 0.094442064 -0.989528263 -20.716612639 -0.027940322 0.995374537 0.091917068 -0.044334771 0.993633593 0.017615574 0.111281340 -2.596969613
0.110575367 0.095154347 -0.989301420 -21.450729966 -0.028721092 0.995296481 0.092519683 -0.051884035 0.993453389 0.018183728 0.112788638 -2.484480033
0.111944963 0.095761414 -0.989088793 -22.179641316 -0.028454770 0.995246647 0.093135997 -0.054877471 0.993307657 0.017718495 0.114138146 -2.370170717
0.113107410 0.096492336 -0.988885487 -22.923308338 -0.028877983 0.995171941 0.093801624 -0.063947708 0.993163745 0.017947666 0.115348254 -2.256874071
0.114456099 0.097695909 -0.988612095 -23.667988108 -0.029284492 0.995052026 0.094940813 -0.067219934 0.992997314 0.018084753 0.116751178 -2.138020026
0.115279492 0.098224904 -0.988463996 -24.407918459 -0.029369806 0.995000975 0.095448142 -0.073002388 0.992899541 0.018028087 0.117588483 -2.018555187
0.115471205 0.097988364 -0.988465096 -25.160819930 -0.028758807 0.995035034 0.095278987 -0.075291221 0.992895149 0.017425401 0.117716353 -1.895407200
0.115373885 0.097593032 -0.988515570 -25.932052868 -0.026847988 0.995104694 0.095108912 -0.082854583 0.992959969 0.015566872 0.117429703 -1.769946036
0.114387075 0.097634800 -0.988626121 -26.703213618 -0.026124303 0.995110326 0.095251406 -0.089286807 0.993093434 0.014931941 0.116378833 -1.647627814
0.112310074 0.097880662 -0.988839921 -27.475805884 -0.026074318 0.995084336 0.095536207 -0.094385815 0.993331782 0.015053952 0.114310599 -1.533853663
0.109342192 0.097337254 -0.989226116 -28.268189448 -0.024458684 0.995156032 0.095216148 -0.099013943 0.993703937 0.013784333 0.111193717 -1.408127573
0.105293499 0.095974129 -0.989798368 -29.056308567 -0.023134274 0.995299020 0.094045395 -0.111890218 0.994172795 0.012996206 0.107019240 -1.297358678
0.101848893 0.094853304 -0.990266739 -29.851581988 -0.022121016 0.995413731 0.093070065 -0.120892754 0.994554639 0.012426932 0.103480470 -1.181221733
0.097966557 0.093869412 -0.990752062 -30.655613877 -0.022272183 0.995499124 0.092115778 -0.130704114 0.994941191 0.013042260 0.099616730 -1.070556942
0.093499885 0.093464121 -0.991221867 -31.465982911 -0.021123433 0.995546114 0.091878231 -0.122804546 0.995395924 0.012347720 0.095058162 -0.964657189
0.088755608 0.093233540 -0.991679641 -32.278129322 -0.020320316 0.995571919 0.091779698 -0.147999042 0.995846878 0.012005600 0.090257559 -0.861555805
0.084627019 0.091934030 -0.992161762 -33.097597323 -0.020367798 0.995686074 0.090522207 -0.155099348 0.996205250 0.012547848 0.086134869 -0.764040640
0.080949889 0.091286992 -0.992528267 -33.917499099 -0.021067023 0.995731303 0.089862273 -0.164609174 0.996496251 0.013635601 0.082527915 -0.671963802
0.079389753 0.091778210 -0.992608980 -34.742408715 -0.021550767 0.995677974 0.090337219 -0.173006565 0.996611415 0.014219963 0.081024949 -0.582341668
0.080123290 0.093559557 -0.992383711 -35.574535536 -0.022621863 0.995499566 0.092025757 -0.177664437 0.996528971 0.015076490 0.081879623 -0.489831676
0.081333633 0.095070509 -0.992141625 -36.412535211 -0.023026190 0.995353890 0.093489575 -0.188196552 0.996421654 0.015241721 0.083145291 -0.386265123
0.082516660 0.095525716 -0.992000204 -37.252846265 -0.022156524 0.995325386 0.094001784 -0.189629395 0.996344101 0.014222888 0.084247877 -0.279166780
0.083527794 0.095335589 -0.991933868 -38.091518073 -0.020400927 0.995368123 0.093946649 -0.204223457 0.996297340 0.012389536 0.085086272 -0.167346079
0.084594121 0.095062332 -0.991869726 -38.938743820 -0.020215402 0.995397489 0.093675211 -0.213476750 0.996211148 0.012126994 0.086126933 -0.062203468
0.085791255 0.095296942 -0.991744381 -39.793279939 -0.020311657 0.995375511 0.093887684 -0.226928179 0.996106809 0.012089549 0.087330587 0.036863526
0.087115411 0.095809758 -0.991579528 -40.642198639 -0.019862564 0.995333618 0.094426354 -0.221876167 0.996000935 0.011469639 0.088612359 0.151624681
0.088360691 0.097692392 -0.991285606 -41.500655558 -0.019514319 0.995157739 0.096333431 -0.226735261 0.995898116 0.010832492 0.089839662 0.261924769
0.089447243 0.099991850 -0.990958824 -42.349414923 -0.019729658 0.994930423 0.098610627 -0.245490904 0.995796871 0.010731144 0.090967026 0.377439928
0.090606924 0.100543885 -0.990797600 -43.199323540 -0.020474086 0.994868396 0.099083547 -0.249575057 0.995676993 0.011308334 0.092200946 0.484981956
0.091706949 0.099197283 -0.990832127 -44.049472969 -0.021588480 0.994990074 0.097614316 -0.267912949 0.995552734 0.012438963 0.093389458 0.594180511
0.092827467 0.097126416 -0.990932938 -44.892176664 -0.023533325 0.995166892 0.095335774 -0.279505515 0.995404799 0.014470485 0.094664963 0.708078382
0.094535884 0.097086750 -0.990775300 -45.739675535 -0.026076833 0.995133262 0.095024535 -0.284866580 0.995180602 0.016853372 0.096607949 0.819066936
0.096140865 0.098400639 -0.990491200 -46.586380117 -0.027914618 0.994976675 0.096135643 -0.277845702 0.994976969 0.018406938 0.098405166 0.934943699
0.097545844 0.099027679 -0.990291318 -47.424113377 -0.028860194 0.994900380 0.096644680 -0.292064798 0.994813227 0.019153030 0.099906785 1.048291011
0.098688868 0.097722471 -0.990307726 -48.250181081 -0.030446799 0.994997163 0.095149946 -0.313789302 0.994653184 0.020761779 0.101170908 1.156140780
0.099995562 0.096278233 -0.990318107 -49.069224097 -0.031173667 0.995121994 0.093596457 -0.317057486 0.994500147 0.021512935 0.102509556 1.270874783
0.101186301 0.097129319 -0.990114030 -49.882433826 -0.030904291 0.995049362 0.094454053 -0.308427532 0.994388108 0.021041634 0.103687505 1.385761658
0.102733722 0.099815061 -0.989687479 -50.695028873 -0.029964079 0.994811654 0.097220357 -0.313533825 0.994258211 0.019667580 0.105192001 1.506298136
0.103545118 0.101405810 -0.989441177 -51.493313364 -0.028885523 0.994676155 0.098918353 -0.347971705 0.994205960 0.018338326 0.105923452 1.625705329
0.103878328 0.099749566 -0.989574599 -52.273710827 -0.030230057 0.994815033 0.097103368 -0.343380325 0.994131223 0.019828275 0.106355588 1.725769447
0.104279706 0.097229823 -0.989783143 -53.051644674 -0.028319077 0.995096529 0.094767084 -0.358368747 0.994145476 0.018147773 0.106522262 1.846625796
0.103363962 0.095482166 -0.990049296 -53.813854328 -0.026716437 0.995289105 0.093197130 -0.366349270 0.994285463 0.016817678 0.105428398 1.953163213
0.100891402 0.096450970 -0.990210432 -54.560660933 -0.026350911 0.995199606 0.094250971 -0.375987489 0.994549151 0.016584148 0.102949086 2.057163237
0.096113018 0.097224471 -0.990610042 -55.310614597 -0.025829854 0.995126706 0.095160541 -0.393576659 0.995035964 0.016441462 0.098156357 2.158516460
0.088983142 0.098265911 -0.991173234 -56.033383616 -0.026300318 0.995006338 0.096283695 -0.393510672 0.995686578 0.017500868 0.091123646 2.249130360
0.080622023 0.099585709 -0.991756698 -56.744897216 -0.026544072 0.994858044 0.097738189 -0.413599586 0.996391978 0.018445740 0.082851311 2.327522129
0.071460183 0.100378174 -0.992379080 -57.450008585 -0.028649413 0.994719471 0.098550772 -0.420688503 0.997032662 0.021388959 0.073959042 2.394242769
0.059912181 0.100963505 -0.993083823 -58.134091665 -0.029809960 0.994608951 0.099319022 -0.426701819 0.997759178 0.023653717 0.062599340 2.451298386
0.045688767 0.100860452 -0.993850234 -58.823866998 -0.028723006 0.994611223 0.099616117 -0.425478234 0.998543447 0.023995387 0.048340006 2.502357980
0.027568415 0.101130429 -0.994490427 -59.506170250 -0.027866783 0.994560400 0.100363916 -0.437245067 0.999232168 0.024946747 0.030237064 2.532791405
0.006386745 0.101726751 -0.994791172 -60.174709962 -0.028803699 0.994418143 0.101502542 -0.448177543 0.999565438 0.028005783 0.009281630 2.542235185
-0.018064676 0.102031375 -0.994616447 -60.837644703 -0.029498021 0.994292096 0.102532711 -0.446114167 0.999402348 0.031191846 -0.014951413 2.526628236
-0.046426915 0.102398267 -0.993658776 -61.495209554 -0.031403703 0.994090844 0.103908915 -0.451143172 0.998428702 0.036029170 -0.042936461 2.479640942
-0.078138930 0.102117029 -0.991698072 -62.145050792 -0.033541535 0.993907800 0.104986238 -0.458378429 0.996378843 0.041467051 -0.074237309 2.411310744
-0.113080615 0.101072893 -0.988430936 -62.785499620 -0.035271564 0.993777184 0.105653608 -0.447085086 0.992960331 0.046811374 -0.108811520 2.309472741
-0.151106912 0.101055020 -0.983337828 -63.409536124 -0.036717440 0.993500715 0.107740505 -0.449059623 0.987836047 0.052386512 -0.146413932 2.193885120
-0.191585450 0.102417427 -0.976117015 -64.036109923 -0.037618385 0.993043593 0.111575674 -0.443562468 0.980755520 0.058096786 -0.186399517 2.050095724
-0.234393545 0.104905513 -0.966464324 -64.643403542 -0.038488213 0.992379667 0.117051694 -0.430764382 0.971380373 0.064634250 -0.228569358 1.874471703
-0.279587527 0.107039842 -0.954134233 -65.248183710 -0.039109273 0.991671620 0.122709808 -0.424089214 0.959324119 0.071624274 -0.273072368 1.668466574
-0.324969681 0.108073617 -0.939528449 -65.816404772 -0.039158204 0.991059504 0.127544194 -0.405998323 0.944914177 0.078238932 -0.317831931 1.434645526
-0.370344555 0.106795253 -0.922734335 -66.374466733 -0.039647270 0.990646397 0.130566580 -0.395062967 0.928048722 0.084939252 -0.362645976 1.169771394
-0.416183365 0.104973110 -0.903200468 -66.913062861 -0.041654083 0.990069971 0.134261713 -0.383610259 0.908326883 0.093500259 -0.407677721 0.884770177
-0.460766401 0.103298755 -0.881488963 -67.425445911 -0.041714423 0.989585404 0.137769539 -0.338398154 0.886541350 0.100251203 -0.451658296 0.575173000
-0.504814928 0.100712628 -0.857331924 -67.933338474 -0.037469375 0.989678311 0.138320982 -0.322709273 0.862414762 0.101951055 -0.495830395 0.241375462
-0.547582441 0.096855008 -0.831126838 -68.409828956 -0.032647299 0.990048998 0.136882950 -0.304508057 0.836115337 0.102089655 -0.538971053 -0.105948605
-0.588900566 0.090271827 -0.803147827 -68.863624990 -0.030450416 0.990558910 0.133662374 -0.304034666 0.807632383 0.103170983 -0.580591561 -0.474715222
-0.629236072 0.077454597 -0.773344761 -69.291860992 -0.030728308 0.991764758 0.124331262 -0.293347505 0.776607260 0.101998282 -0.621673804 -0.866114556
-0.668146975 0.068853681 -0.740836166 -69.700127531 -0.028437355 0.992618124 0.117900014 -0.271805608 0.743486359 0.099842989 -0.661256487 -1.266806291
-0.704993843 0.066491135 -0.706089313 -70.098423073 -0.023242153 0.992894715 0.116703566 -0.261856185 0.708833154 0.098687399 -0.698438984 -1.697958441
-0.739663739 0.064087643 -0.669917837 -70.467888841 -0.022590728 0.992529879 0.119891319 -0.261542347 0.672598017 0.103814301 -0.732690309 -2.148780459
-0.771958935 0.062657354 -0.632576562 -70.813573536 -0.022735016 0.991772293 0.125978796 -0.237863500 0.635266341 0.111633246 -0.764182718 -2.623498846
-0.802503270 0.061990816 -0.593418365 -71.139691563 -0.021053858 0.991026446 0.131996686 -0.210381695 0.596276749 0.118422710 -0.793996584 -3.121944325
-0.831303039 0.062257728 -0.552321476 -71.440426546 -0.015293327 0.990768875 0.134695769 -0.197761770 0.555609594 0.120421063 -0.822676829 -3.618511586
-0.857784642 0.060211166 -0.510470331 -71.720412552 -0.012444105 0.990391826 0.137727877 -0.188474050 0.513859150 0.124494468 -0.848793421 -4.138683280
-0.882126888 0.056094061 -0.467659592 -71.961194988 -0.012150072 0.989842970 0.141644121 -0.156335515 0.470855637 0.130631486 -0.872485366 -4.674297539
-0.904073918 0.053726769 -0.423985510 -72.188384928 -0.009599619 0.989263690 0.145825155 -0.136642443 0.427268799 0.135908156 -0.893851576 -5.218162644
-0.923299772 0.050725561 -0.380715658 -72.379514073 -0.007541854 0.988655041 0.150013668 -0.089533271 0.384006529 0.141380257 -0.912442259 -5.769223424
-0.939733225 0.048449586 -0.338458413 -72.549419247 -0.004536595 0.988055438 0.154031265 -0.081403620 0.341878910 0.146285146 -0.928288593 -6.329387239
-0.953301586 0.043271057 -0.298904192 -72.699080663 -0.002994733 0.988280694 0.152617378 -0.051267395 0.302005580 0.146386950 -0.941999849 -6.886000354
-0.964467196 0.036368889 -0.261687517 -72.824501465 -0.002933192 0.988945558 0.148249285 -0.019783018 0.264186732 0.143750595 -0.953698770 -7.460839013
-0.973558704 0.028319274 -0.226674877 -72.934088949 -0.004540312 0.989691567 0.143142470 -0.009037173 0.228392213 0.140388232 -0.963394172 -8.050518800
-0.980511625 0.023699838 -0.195026419 -73.038120789 -0.004477572 0.989743893 0.142782197 0.040285677 0.196410380 0.140874327 -0.970349201 -8.630297134
-0.985792183 0.021154102 -0.166632269 -73.130785034 -0.003515184 0.989222984 0.146373853 0.054614155 0.167933091 0.144881437 -0.975093860 -9.238640545
-0.989976533 0.016650710 -0.140247123 -73.211467624 -0.004376954 0.988932485 0.148300886 0.092616071 0.141164421 0.147429760 -0.978947019 -9.847122245
-0.993142810 0.012057471 -0.116284167 -73.262756603 -0.005465183 0.988792178 0.149197623 0.121822424 0.116779951 0.148811582 -0.981945902 -10.457790256
-0.995400212 0.007760638 -0.095489369 -73.310812790 -0.006364849 0.989155688 0.146732031 0.143882189 0.095592684 0.146666398 -0.984556349 -11.082882602
-0.996969889 0.002623746 -0.077744313 -73.352010414 -0.008672100 0.989453248 0.144591995 0.178893770 0.077303805 0.144829608 -0.986432312 -11.722677709
-0.997975517 -0.002827462 -0.063536510 -73.383700827 -0.012294929 0.988744552 0.149106735 0.206231123 0.062399826 0.149587594 -0.986777596 -12.368032026
-0.998475941 -0.008056823 -0.054597565 -73.406917209 -0.016457908 0.987744332 0.155209659 0.253479954 0.052677961 0.155873228 -0.986371529 -13.010164668
-0.998658634 -0.012657852 -0.050206738 -73.439210137 -0.020583191 0.986801838 0.160618257 0.297209157 0.047511028 0.161437786 -0.985738697 -13.672882589
-0.998647595 -0.014639755 -0.049886492 -73.485859055 -0.022557626 0.986525035 0.162047113 0.329801659 0.046841950 0.162954843 -0.985521075 -14.354872420
-0.998534024 -0.016067993 -0.051687766 -73.533256420 -0.024180152 0.986761961 0.160361819 0.391310660 0.048426837 0.161378112 -0.985703901 -15.034300548
-0.998353345 -0.015827673 -0.055136990 -73.596788631 -0.024336062 0.987261809 0.157231179 0.423973166 0.051946055 0.158315650 -0.986021293 -15.735688106
-0.998162475 -0.014434427 -0.058850025 -73.661435977 -0.023186683 0.988283121 0.150859631 0.452639000 0.055982937 0.151948511 -0.986801792 -16.445367602
-0.997832760 -0.016276578 -0.063756254 -73.731490201 -0.025344401 0.989238196 0.144101503 0.481907488 0.060724674 0.145406611 -0.987506777 -17.171672066
-0.997429956 -0.020354861 -0.068696181 -73.814047520 -0.029894341 0.989583285 0.140822758 0.526526392 0.065114200 0.142516007 -0.987648483 -17.915225010
-0.996992297 -0.025113586 -0.073318953 -73.892898167 -0.035564650 0.988805612 0.144908285 0.565943982 0.068859061 0.147081552 -0.986724709 -18.674479826
-0.996522141 -0.028531159 -0.078291714 -73.986048373 -0.040393538 0.987185098 0.154381754 0.611191558 0.072883759 0.157008868 -0.984904256 -19.419260764
-0.996132674 -0.029458927 -0.082775986 -74.068745729 -0.042469557 0.986186303 0.160102107 0.647081548 0.076916146 0.162999956 -0.983623480 -20.197746177
-0.995740024 -0.030270884 -0.087094629 -74.159597127 -0.043943204 0.986199687 0.159621261 0.695444625 0.081060863 0.162770049 -0.983328671 -20.965179836
-0.995406855 -0.031150198 -0.090525436 -74.256123894 -0.045188068 0.986497791 0.157416410 0.735606752 0.084399639 0.160785595 -0.983374250 -21.739535530
-0.994953305 -0.033481618 -0.094588037 -74.354911094 -0.048036901 0.986578538 0.156060979 0.779683443 0.088093406 0.159818652 -0.983207898 -22.524291306
-0.994483537 -0.036739737 -0.098248051 -74.457390594 -0.051931323 0.986257566 0.156840478 0.827527484 0.091135660 0.161078974 -0.982724823 -23.313644666
-0.994219206 -0.035699218 -0.101260692 -74.560739045 -0.051594357 0.985932775 0.158979138 0.875578413 0.094160864 0.163286142 -0.982075146 -24.094685213
-0.994006079 -0.033828510 -0.103959330 -74.672277363 -0.050303871 0.985803279 0.160191121 0.915231237 0.097064485 0.164462054 -0.981596121 -24.881627696
-0.993772422 -0.030486570 -0.107177140 -74.791084444 -0.047437969 0.986080239 0.159358654 0.956134250 0.100827032 0.163452049 -0.981385532 -25.670688171
-0.993435655 -0.029590475 -0.110498873 -74.909198739 -0.046763790 0.986615208 0.156215757 0.989566639 0.104397449 0.160359192 -0.981522450 -26.453105724
-0.993082578 -0.028587524 -0.113884788 -75.030502020 -0.045960138 0.987161382 0.152970123 1.037571221 0.108049714 0.157147663 -0.981646619 -27.240030855
-0.992842829 -0.027223038 -0.116284240 -75.157840776 -0.044788080 0.987484933 0.151219463 1.072217777 0.110712373 0.155346843 -0.981636561 -28.022205088
-0.992582021 -0.024241103 -0.119135646 -75.284556439 -0.042272223 0.987593355 0.151235619 1.109970206 0.113991552 0.155151419 -0.981292093 -28.804624973
-0.992320278 -0.020609306 -0.121966089 -75.416592501 -0.039167048 0.987639204 0.151771310 1.144193733 0.117330696 0.155384332 -0.980861573 -29.574705754
-0.992092933 -0.016141703 -0.124463115 -75.549156238 -0.035149969 0.987743997 0.152072540 1.175868284 0.120483100 0.155246496 -0.980501176 -30.352999802
-0.991809765 -0.011366195 -0.127217189 -75.684180287 -0.030811458 0.987908980 0.151941700 1.208085454 0.123952127 0.154618537 -0.980167938 -31.126548749
-0.991487130 -0.009718732 -0.129841561 -75.824723531 -0.029450258 0.988107122 0.150919775 1.241143702 0.126830750 0.153460407 -0.979981668 -31.902539752
-0.991132048 -0.010263034 -0.132483762 -75.950549387 -0.030351558 0.988142134 0.150511421 1.277055428 0.129368215 0.153199305 -0.979690789 -32.666768403
-0.990748851 -0.008056490 -0.135468904 -76.093308291 -0.028625319 0.988183702 0.150576703 1.314657395 0.132655181 0.153063058 -0.979272437 -33.437609909
-0.990318081 -0.006148486 -0.138680613 -76.231378205 -0.027141362 0.988314256 0.149993532 1.343349065 0.136137939 0.152306806 -0.978912305 -34.212143060
-0.989860020 -0.005277599 -0.141948247 -76.378380617 -0.026750254 0.988356130 0.149787736 1.377838983 0.139505051 0.152067560 -0.978475344 -34.985308674
-0.989368223 -0.005842245 -0.145314840 -76.525590436 -0.027966943 0.988187252 0.150677087 1.412948025 0.142718134 0.153140650 -0.977844404 -35.761518978
-0.988903408 -0.003825919 -0.148510709 -76.677527636 -0.026809799 0.987851951 0.153067089 1.458124230 0.146121130 0.155351625 -0.976992679 -36.546383672
-0.988397330 -0.002007393 -0.151877279 -76.832812398 -0.025919213 0.987476436 0.155622149 1.499070183 0.149663004 0.157754573 -0.976071048 -37.339538758
-0.987877122 0.000409199 -0.155237389 -76.992296291 -0.024202884 0.987362775 0.156616535 1.540133163 0.153339878 0.158476599 -0.975383135 -38.123827902
-0.987434212 0.003935522 -0.157981681 -77.153196665 -0.020899544 0.987657520 0.155227572 1.577443895 0.156642877 0.156580273 -0.975164517 -38.914889769
-0.987126753 0.006908320 -0.159790718 -77.324802055 -0.017789481 0.988125925 0.152612126 1.614225483 0.158947831 0.153491615 -0.975282582 -39.708238937
-0.986977895 0.009109572 -0.160597874 -77.493062808 -0.015392308 0.988465752 0.150659571 1.652252036 0.160118133 0.151171143 -0.975453570 -40.508426095
-0.987029883 0.011116024 -0.160151405 -77.657984501 -0.013214752 0.988588974 0.150056602 1.685684224 0.159992138 0.150228215 -0.975619904 -41.299183400
-0.987213122 0.012417016 -0.158921682 -77.822901200 -0.011941869 0.988399702 0.151404063 1.724631435 0.158958321 0.151367404 -0.975612813 -42.111326728
-0.987508494 0.015228362 -0.156828266 -77.985606059 -0.009226870 0.988022408 0.154033598 1.768328880 0.157295710 0.153558028 -0.975539950 -42.905301764
-0.988002628 0.018051068 -0.153378625 -78.143933682 -0.006291277 0.987617630 0.156753289 1.806351302 0.154309186 0.155839118 -0.975655190 -43.712579816
-0.988592748 0.020393486 -0.149226413 -78.298083281 -0.003467642 0.987446779 0.157913230 1.852944230 0.150573725 0.156630848 -0.976111950 -44.505086418
-0.989259295 0.021265146 -0.144616314 -78.444438724 -0.001763171 0.987553765 0.157271123 1.884857527 0.146160956 0.155838416 -0.976909192 -45.307076617
-0.990066809 0.020371818 -0.139114133 -78.586141572 -0.001650365 0.987695770 0.156378057 1.928879829 0.140588315 0.155055827 -0.977851125 -46.104590106
-0.990882759 0.021228471 -0.133044162 -78.726507352 0.000327203 0.987885377 0.155184184 1.967076852 0.134726867 0.153727316 -0.978885482 -46.908313823
-0.991593590 0.020853522 -0.127700126 -78.854825473 0.000923426 0.988043451 0.154172124 2.008145614 0.129388459 0.152759686 -0.979756760 -47.700057673
-0.992101088 0.020534620 -0.123748941 -78.979524293 0.001352809 0.988205131 0.153129189 2.040713888 0.125433937 0.151753743 -0.980427116 -48.487819817
-0.992417637 0.017963120 -0.121591933 -79.097427701 -0.000818499 0.988275933 0.152675376 2.080014259 0.122909050 0.151618778 -0.980767717 -49.291523343
-0.992680509 0.017114929 -0.119551342 -79.226094791 -0.001378441 0.988238176 0.152915558 2.121858517 0.120762478 0.151962610 -0.980981138 -50.092656605
-0.993043551 0.016245454 -0.116621723 -79.351466618 -0.001778970 0.988254453 0.152806191 2.159276049 0.117734478 0.151952192 -0.981350766 -50.894585920
-0.993351514 0.013510409 -0.114325296 -79.472892050 -0.004001281 0.988438460 0.151569014 2.195405217 0.115051408 0.151020280 -0.981812737 -51.697401834
-0.993649199 0.012480697 -0.111828139 -79.594915882 -0.004412583 0.988743983 0.149551440 2.233718473 0.112436031 0.149096643 -0.982409553 -52.491093301
-0.993975785 0.011840952 -0.108958538 -79.708147195 -0.004416206 0.989013224 0.147760317 2.272498817 0.109511178 0.147352883 -0.983002862 -53.291802377
-0.994329413 0.008663336 -0.105990538 -79.816223066 -0.007024150 0.989150190 0.146739016 2.304357608 0.106111925 0.146652938 -0.983480234 -54.095086807
-0.994709179 0.007100624 -0.102485398 -79.924595753 -0.008232149 0.988891867 0.148407820 2.355563212 0.102400872 0.148467824 -0.983601325 -54.904968610
-0.995051417 0.007191165 -0.099100912 -80.040251271 -0.007858730 0.988558163 0.150634546 2.393044178 0.099050356 0.150669456 -0.983609652 -55.733380575
-0.995352812 0.009065052 -0.095867791 -80.151801232 -0.005707731 0.988255851 0.152700883 2.439167387 0.096126245 0.152539975 -0.983611463 -56.562973052
-0.995539965 0.009269957 -0.093884364 -80.262971864 -0.005525946 0.987723312 0.156114959 2.462924830 0.094179047 0.155939018 -0.983266772 -57.389857015
-0.995586176 0.002478825 -0.093819212 -80.360943312 -0.012806811 0.986713196 0.161965452 2.532201969 0.092974224 0.162453633 -0.982326237 -58.215924202
-0.995449452 0.000522672 -0.095289751 -80.462886623 -0.015036965 0.986595710 0.162488607 2.579025691 0.094097473 0.163183607 -0.982098265 -59.029765806
-0.995135250 0.002754439 -0.098479799 -80.571000344 -0.012509331 0.987986427 0.154032793 2.608499825 0.097721074 0.154516914 -0.983145628 -59.843639350
-0.994484811 -0.000384091 -0.104880102 -80.687439824 -0.015323883 0.989795061 0.141671112 2.627982209 0.103755498 0.142498463 -0.984342000 -60.655086386
-0.993559197 -0.006592025 -0.113122433 -80.804275240 -0.022221565 0.990257799 0.137460874 2.668461763 0.111114340 0.139090792 -0.984026188 -61.491608125
-0.992613670 -0.007235385 -0.121102306 -80.934472418 -0.024820101 0.989218219 0.144329716 2.715585472 0.118752448 0.146270942 -0.982091065 -62.334550263
-0.991603472 -0.002986212 -0.129281307 -81.085181155 -0.022778985 0.988135169 0.151887392 2.757307753 0.127293972 0.153558485 -0.979906241 -63.164748093
-0.990334531 -0.000048636 -0.138699443 -81.241617076 -0.021618870 0.987832612 0.154010154 2.804850223 0.137004492 0.155521620 -0.978285746 -63.999559331
-0.988818748 0.000127143 -0.149122390 -81.398248036 -0.022872495 0.988038179 0.152503049 2.839770355 0.147358169 0.154210190 -0.976987713 -64.816023605
-0.987148221 -0.001485258 -0.159800508 -81.574870294 -0.026044138 0.988083905 0.151696007 2.883767396 0.157671180 0.153909820 -0.975423892 -65.658926525
-0.985327231 -0.001212267 -0.170671605 -81.751942288 -0.027507201 0.988030885 0.151783077 2.921714419 0.168445009 0.154252203 -0.973567019 -66.481269369
-0.983327138 0.000388881 -0.181845001 -81.952467366 -0.027929665 0.987809956 0.153137849 2.969764059 0.179688066 0.155664974 -0.971329410 -67.315568505
-0.981139289 0.001771077 -0.193294009 -82.153459223 -0.028409189 0.987779127 0.153248466 3.003647623 0.191203431 0.155850912 -0.969098524 -68.149482876
-0.978738785 0.001684309 -0.205103791 -82.365393939 -0.030444843 0.987696920 0.153387364 3.052151233 0.202838980 0.156372007 -0.966645930 -68.983030436
-0.976379629 0.005398513 -0.215994647 -82.595913493 -0.028459489 0.987764699 0.153332101 3.093303301 0.214179916 0.155858921 -0.964279613 -69.816919871
-0.973960470 0.009759151 -0.226507782 -82.841766904 -0.025792057 0.987818082 0.153460030 3.136841334 0.225246406 0.155307582 -0.961843971 -70.657228254
-0.971492307 0.014172560 -0.236647097 -83.092161736 -0.022633338 0.988107583 0.152088501 3.179572765 0.235988578 0.153110393 -0.959618054 -71.497335477
-0.969099501 0.017368899 -0.246057901 -83.346346255 -0.020257052 0.988545138 0.149559148 3.218279309 0.245837341 0.149923565 -0.957646666 -72.322761623
-0.967092330 0.023087620 -0.253376009 -83.611405715 -0.015098743 0.988911520 0.147735611 3.259625059 0.253977656 0.146701089 -0.956020056 -73.145638772
-0.965390927 0.027713537 -0.259330552 -83.892834792 -0.011144339 0.989047097 0.147178191 3.292622513 0.260569309 0.144976006 -0.954508145 -73.989763462
-0.964206609 0.032081162 -0.263204166 -84.169884604 -0.007208516 0.989115405 0.146964371 3.329585239 0.265054446 0.143602773 -0.953480252 -74.831118563
-0.963789888 0.036814545 -0.264109382 -84.459063296 -0.002251733 0.989265831 0.146108920 3.360548953 0.266653689 0.141414444 -0.953361405 -75.674199559
-0.963968255 0.038461595 -0.263222219 -84.735452549 -0.000205045 0.989385290 0.145315103 3.400270379 0.266017611 0.140134557 -0.953728020 -76.517037818
-0.964580687 0.040051718 -0.260729721 -84.995897874 0.001825276 0.989396242 0.145229191 3.436859519 0.263782052 0.139610808 -0.954425508 -77.356237260
-0.965498061 0.041015757 -0.257159937 -85.262152318 0.003088026 0.989252501 0.146183866 3.470794841 0.260392315 0.140347564 -0.955247927 -78.211082302
-0.966345598 0.042562433 -0.253701906 -85.527972686 0.004843091 0.989053276 0.147478571 3.513180210 0.257202107 0.141288011 -0.955973312 -79.058770050
-0.967206308 0.043408260 -0.250255303 -85.787505389 0.005971193 0.988901818 0.148449665 3.545400806 0.253922220 0.142088574 -0.956731176 -79.909686868
-0.967949281 0.043553161 -0.247340552 -86.041052501 0.006650902 0.988948604 0.148108703 3.592904658 0.251058047 0.141718121 -0.957541660 -80.765333341
-0.968857816 0.044377193 -0.243608780 -86.297362562 0.008449592 0.989162126 0.146583284 3.630628303 0.247473880 0.139961412 -0.958732328 -81.621144309
-0.969949089 0.047484778 -0.238629427 -86.556230516 0.012781939 0.989361431 0.144914965 3.664093791 0.242972350 0.137511439 -0.960237071 -82.482322876
-0.971337411 0.047120338 -0.232987881 -86.797565436 0.013473519 0.989494019 0.143943805 3.700359435 0.237323131 0.136680285 -0.961767341 -83.344135638
-0.972775405 0.045603563 -0.227218777 -87.031325672 0.013007507 0.989646659 0.142933778 3.734902045 0.231384918 0.136088366 -0.963297026 -84.200256490
-0.974100139 0.045651609 -0.221460822 -87.262854596 0.013805001 0.989587671 0.143266997 3.774811572 0.225695586 0.136500589 -0.964587619 -85.061976938
-0.975484214 0.043892375 -0.215647989 -87.489069234 0.012316946 0.989262010 0.145632190 3.806977711 0.219724813 0.139407238 -0.965550007 -85.930261323
-0.976791603 0.039277712 -0.210559894 -87.703535325 0.007736285 0.988871370 0.148570941 3.848435825 0.214052472 0.143495364 -0.966225032 -86.793390640
-0.977942807 0.038069095 -0.205374429 -87.903493177 0.007147058 0.988773982 0.149247093 3.881579473 0.208750878 0.144488770 -0.967236403 -87.648376742
-0.979081686 0.035720168 -0.200307680 -88.107905790 0.005877886 0.989024342 0.147634915 3.919134223 0.203382992 0.143370729 -0.968545499 -88.506461561
-0.980135435 0.030465045 -0.195975638 -88.305652279 0.001723991 0.989403670 0.145179812 3.946660865 0.198322189 0.141959494 -0.969802041 -89.369397048
-0.980824989 0.026903559 -0.193024811 -88.502296109 -0.001378590 0.989443979 0.144908540 3.987496282 0.194886050 0.142397498 -0.970434216 -90.225616074
-0.981258422 0.021723715 -0.191468075 -88.700746802 -0.006635420 0.989227022 0.146238315 4.022267311 0.192582482 0.144769532 -0.970543127 -91.073956701
-0.981210360 0.019258374 -0.191977542 -88.901881638 -0.009351992 0.989089804 0.147015907 4.064684114 0.192714564 0.146050388 -0.970324984 -91.908725746
-0.980681601 0.017734673 -0.194805308 -89.112905683 -0.011100626 0.989231650 0.145935937 4.092602402 0.195295952 0.145280633 -0.969924338 -92.745668769
-0.979556500 0.016961404 -0.200452993 -89.322947849 -0.012306761 0.989520780 0.143864353 4.122852046 0.200792802 0.143391669 -0.969082696 -93.569737412
-0.977680455 0.012575774 -0.209720765 -89.536945070 -0.017975783 0.989540069 0.143133192 4.159755845 0.209327378 0.143709895 -0.967227846 -94.391325022
-0.975397290 0.012277758 -0.220112246 -89.764366387 -0.020206092 0.989266544 0.144717674 4.201415262 0.219526771 0.145606308 -0.964679738 -95.218118965
-0.972587467 0.013026492 -0.232172232 -90.005258495 -0.022004246 0.988794419 0.147652264 4.233157802 0.231494295 0.148714985 -0.961402334 -96.041192324
