1.000000000 -0.000000000 0.000000000 0.000000000 0.000000000 1.000000000 -0.000000000 0.000000000 0.000000000 0.000000000 1.000000000 0.000000000
0.999997951 0.001424047 -0.001438449 0.049946679 -0.001426338 0.999997715 -0.001593054 -0.063230629 0.001436178 0.001595104 0.999997696 0.516834069
0.999986663 0.004658767 -0.002228214 0.088416790 -0.004663845 0.999986532 -0.002278313 -0.131231016 0.002217569 0.002288675 0.999994921 1.030883806
0.999973218 0.005834916 -0.004417217 0.122760896 -0.005835894 0.999982952 -0.000208387 -0.209085180 0.004415928 0.000234158 0.999990223 1.776902632
0.999962142 0.004908612 -0.007184363 0.158379262 -0.004889896 0.999984612 0.002619856 -0.317382804 0.007197121 -0.002584631 0.999970764 2.699973142
0.999940862 0.001269295 -0.010800722 0.182507161 -0.001231159 0.999992989 0.003536041 -0.422427999 0.010805152 -0.003522541 0.999935423 3.685367163
0.999895319 0.000791261 -0.014447098 0.215537980 -0.000738993 0.999993165 0.003622094 -0.527578206 0.014449888 -0.003611046 0.999889080 4.644646935
0.999835951 0.002546473 -0.017932587 0.239199655 -0.002464811 0.999986500 0.004573805 -0.630900359 0.017944019 -0.004528866 0.999828743 5.577495139
0.999754051 0.001980264 -0.022088612 0.250598757 -0.001850889 0.999981024 0.005875289 -0.732097351 0.022099863 -0.005832974 0.999738761 6.491457556
0.999640196 0.004363724 -0.026465507 0.270691325 -0.004160067 0.999961353 0.007744653 -0.837539016 0.026498320 -0.007631786 0.999619736 7.391492511
0.999493894 0.006321546 -0.031176543 0.265950140 -0.005972968 0.999918752 0.011260528 -0.917496545 0.031245242 -0.011068635 0.999450474 8.278989917
0.999346314 0.009330566 -0.034926559 0.269365478 -0.008905235 0.999884531 0.012313025 -0.999815517 0.035037465 -0.011993972 0.999314042 9.123648850
0.999168997 0.006159780 -0.040290838 0.255279234 -0.005770341 0.999935577 0.009774156 -1.087626672 0.040348510 -0.009533566 0.999140200 9.948158568
0.998969444 0.006893736 -0.044860919 0.246010412 -0.006698785 0.999967464 0.004493869 -1.176653698 0.044890505 -0.004188744 0.998983145 10.749726163
0.998689153 0.009881466 -0.050222540 0.228989847 -0.009920452 0.999950655 -0.000527660 -1.268016210 0.050214918 0.001025182 0.998737919 11.539283893
0.998349091 0.010824286 -0.056408273 0.203831158 -0.010975599 0.999936954 -0.002373928 -1.352564902 0.056379100 0.002989107 0.998404970 12.298896083
0.997848102 0.010793443 -0.064673259 0.173280307 -0.010921968 0.999939022 -0.001634706 -1.445439940 0.064651763 0.002337528 0.997905162 13.074547026
0.997142772 0.011406606 -0.074673543 0.130673041 -0.011281292 0.999934163 0.002099101 -1.524423991 0.074692679 -0.001250716 0.997205835 13.823605059
0.996216982 0.010928190 -0.086210502 0.079900734 -0.010429770 0.999926206 0.006229059 -1.596604395 0.086272341 -0.005306371 0.996257486 14.571842370
0.994851483 0.009382662 -0.100908044 0.019834049 -0.008441047 0.999916800 0.009753639 -1.666907994 0.100991316 -0.008851694 0.994847963 15.285145984
0.992831642 0.007403082 -0.119291469 -0.063199734 -0.006217023 0.999927510 0.010310882 -1.747452483 0.119359339 -0.009495377 0.992805755 15.987562248
0.989941594 0.008300969 -0.141232598 -0.159397579 -0.006946275 0.999925049 0.010081500 -1.820028388 0.141305916 -0.008999105 0.989925124 16.667936757
0.986084672 0.010481138 -0.165912801 -0.280472218 -0.009056644 0.999915370 0.009339316 -1.896108479 0.165996901 -0.007706796 0.986096218 17.332524725
0.981047338 0.012270098 -0.193378980 -0.430176410 -0.010655898 0.999899183 0.009384563 -1.959069249 0.193474929 -0.007146133 0.981079266 17.976767290
0.974481705 0.015888802 -0.223903523 -0.604591802 -0.013725608 0.999842915 0.011213692 -2.017093078 0.224046864 -0.007854392 0.974546810 18.604683954
0.966260148 0.022381550 -0.256593435 -0.798056809 -0.019326018 0.999709192 0.014423162 -2.080503600 0.256842017 -0.008977670 0.966411812 19.208587192
0.956347918 0.028900963 -0.290797439 -1.016155339 -0.024964056 0.999539692 0.017239211 -2.138158065 0.291162251 -0.009227280 0.956629318 19.806380859
0.944370401 0.034606730 -0.327057536 -1.249955980 -0.029833442 0.999362679 0.019600849 -2.192713094 0.327527907 -0.008753292 0.944801115 20.369529376
0.929757283 0.039712419 -0.366024559 -1.513799696 -0.033807485 0.999174377 0.022530166 -2.245117656 0.366617636 -0.008573303 0.930332392 20.941168173
0.912107081 0.046267255 -0.407332314 -1.799728467 -0.038988706 0.998897267 0.026155647 -2.293432473 0.408093894 -0.007975479 0.912905350 21.484069740
0.891233359 0.052940399 -0.450444167 -2.129262006 -0.043978863 0.998571475 0.030345568 -2.343218836 0.451407876 -0.007235048 0.892288666 22.010612716
0.866901244 0.059554084 -0.494909091 -2.472639206 -0.049054791 0.998210690 0.034191050 -2.386455051 0.496060500 -0.005362687 0.868271718 22.525562674
0.839561883 0.065712671 -0.539274587 -2.842737918 -0.053728983 0.997834448 0.037941923 -2.426673476 0.540600828 -0.002879996 0.841274676 23.023751175
0.809998939 0.071363921 -0.582072353 -3.226530863 -0.057922482 0.997450366 0.041686106 -2.466647959 0.583564030 -0.000050697 0.812067563 23.496300483
0.778385323 0.075589735 -0.623218837 -3.635445250 -0.060860163 0.997134641 0.044927962 -2.503611819 0.624830112 0.002957874 0.780755640 23.955889368
0.744600582 0.076520204 -0.663109187 -4.069660612 -0.061106005 0.997050358 0.046439340 -2.539127610 0.664707787 0.005941149 0.747080401 24.383382049
0.708585019 0.074100127 -0.701723254 -4.511928264 -0.058371537 0.997217855 0.046360374 -2.571073372 0.703207317 0.008110369 0.710939264 24.790970849
0.670265613 0.070798037 -0.738735847 -4.977210432 -0.056036942 0.997425500 0.044745998 -2.629590422 0.740003007 0.011404784 0.672507623 25.166657897
0.630081981 0.067080835 -0.773625097 -5.458181994 -0.054572396 0.997623733 0.042056094 -2.667532496 0.774609074 0.015719801 0.632245811 25.522522730
0.588113221 0.068396756 -0.805880628 -5.962615733 -0.057372759 0.997435640 0.042784182 -2.697155818 0.806741564 0.021073690 0.590529518 25.845286830
0.545096477 0.069052632 -0.835524006 -6.481311414 -0.057075724 0.997346604 0.045189430 -2.709338644 0.836428730 0.023055599 0.547591680 26.174909071
0.501694663 0.074258754 -0.861850828 -7.028117266 -0.057367366 0.996971459 0.052505764 -2.735557966 0.863140983 0.023100332 0.504435636 26.464399271
0.458782261 0.078669941 -0.885058518 -7.587281435 -0.056728846 0.996634071 0.059180377 -2.779867460 0.886736520 0.023057545 0.461701248 26.736468944
0.415900086 0.083023425 -0.905611890 -8.157271674 -0.059978705 0.996160028 0.063778508 -2.804590165 0.907430834 0.027792072 0.419283047 26.979806951
0.373201880 0.083562074 -0.923978553 -8.751113093 -0.060102374 0.996021048 0.065800597 -2.830749237 0.925801906 0.030976556 0.376739581 27.189888861
0.330886387 0.083011497 -0.940011643 -9.346376195 -0.061540669 0.995901187 0.066283569 -2.858987700 0.941662419 0.035916802 0.334639106 27.385279779
0.289523440 0.082904454 -0.953573073 -9.946900507 -0.063699620 0.995702265 0.067225724 -2.877046429 0.955049606 0.041279038 0.293560507 27.544333718
0.249443491 0.082112865 -0.964901021 -10.569655567 -0.066824195 0.995483015 0.067439144 -2.898578406 0.966081637 0.047656728 0.253804262 27.683045003
0.209039155 0.078783069 -0.974727860 -11.197424874 -0.070702693 0.995358593 0.065286686 -2.929307853 0.975348684 0.055268694 0.213639470 27.807520860
0.169191097 0.074148171 -0.982789372 -11.815996472 -0.069550596 0.995578317 0.063138585 -2.936194134 0.983126860 0.057671413 0.173600412 27.901141561
0.130241389 0.071590137 -0.988893603 -12.459154761 -0.068022533 0.995684948 0.063121870 -2.964622885 0.989146848 0.059046309 0.134549509 27.976224964
0.093599449 0.069404628 -0.993187125 -13.109108260 -0.068662180 0.995642158 0.063104278 -2.983152695 0.993240175 0.062288237 0.097957405 28.019756621
0.057835276 0.068357683 -0.995982348 -13.788054525 -0.072190561 0.995327658 0.064119650 -3.013693605 0.995713322 0.068192548 0.062500202 28.043559090
0.022618379 0.063744166 -0.997709187 -14.450299485 -0.073604643 0.995363083 0.061924527 -3.037087245 0.997031694 0.072035826 0.027205736 28.045038070
-0.013274259 0.056787863 -0.998297285 -15.121691933 -0.076500672 0.995402093 0.057639277 -3.064014325 0.996981889 0.077135995 -0.008868552 28.023657675
-0.047356406 0.049512415 -0.997649455 -15.799751900 -0.079217711 0.995438769 0.053161882 -3.093609462 0.995732583 0.081549554 -0.043217786 27.989534151
-0.080767916 0.043176870 -0.995796593 -16.473766124 -0.083586507 0.995248771 0.049931589 -3.124666920 0.993222680 0.087268554 -0.076774816 27.923859281
-0.112272123 0.038923789 -0.992914134 -17.164836011 -0.089277108 0.994796276 0.049091287 -3.156031247 0.989659546 0.094156642 -0.108212545 27.827209222
-0.143416523 0.035806516 -0.989013741 -17.877197190 -0.093197790 0.994415596 0.049515503 -3.187644127 0.985265100 0.099275821 -0.139278202 27.721221839
-0.172163690 0.032782203 -0.984522015 -18.569317168 -0.096561623 0.994071108 0.049984753 -3.214510587 0.980324923 0.103673216 -0.167977115 27.576684905
-0.199097140 0.028539606 -0.979563395 -19.257745114 -0.099293148 0.993844318 0.049135916 -3.253386606 0.974937244 0.107047391 -0.195037447 27.433371775
-0.223544290 0.022436178 -0.974434815 -19.966562307 -0.100954539 0.993825124 0.046041339 -3.285772148 0.969452193 0.108666556 -0.219898575 27.273642419
-0.243896640 0.015899517 -0.969670195 -20.671341247 -0.101635276 0.993940647 0.041860123 -3.326923478 0.964461568 0.108762919 -0.240802515 27.091254378
-0.262570276 0.008755520 -0.964872455 -21.386003990 -0.101560428 0.994153768 0.036657611 -3.373173871 0.959553927 0.107618752 -0.260145701 26.908664397
-0.278171773 0.001557179 -0.960529390 -22.079015401 -0.102431360 0.994248317 0.031275018 -3.420174328 0.955054806 0.107088866 -0.276412005 26.706016102
-0.291627721 -0.007510347 -0.956501719 -22.790606515 -0.102771628 0.994426779 0.023524693 -3.479463360 0.950995615 0.105162410 -0.290773964 26.504051426
-0.302344408 -0.016909791 -0.953048052 -23.510218074 -0.106320259 0.994201808 0.016087793 -3.538945816 0.947251417 0.106193100 -0.302388916 26.290593472
-0.312191834 -0.025096704 -0.949686835 -24.217369204 -0.108639324 0.994036411 0.009443244 -3.603005466 0.943787653 0.106122181 -0.313056250 26.072417097
-0.319928557 -0.029995919 -0.946966017 -24.935199571 -0.111232581 0.993775717 0.006099605 -3.666438826 0.940890217 0.107285662 -0.321273471 25.846096677
-0.326276816 -0.030698871 -0.944774947 -25.650844528 -0.114748876 0.993367380 0.007349362 -3.730667187 0.938284336 0.110810548 -0.327635126 25.610248345
-0.330750561 -0.029125698 -0.943267962 -26.376026268 -0.119410606 0.992781650 0.011214749 -3.794880100 0.936133818 0.116346250 -0.331840726 25.368311522
-0.332936112 -0.026955732 -0.942563329 -27.100307132 -0.121522164 0.992482250 0.014540004 -3.865939486 0.935086765 0.119383999 -0.333708620 25.128971139
-0.331338523 -0.025233542 -0.943173763 -27.834800301 -0.124301164 0.992096804 0.017123554 -3.936176306 0.935288912 0.122912063 -0.331856169 24.883229184
-0.324254245 -0.023147142 -0.945686039 -28.560076778 -0.129159824 0.991421745 0.020018143 -3.994874106 0.937111662 0.128636382 -0.324462112 24.660819436
-0.313439417 -0.020553841 -0.949385039 -29.289403348 -0.133082880 0.990849865 0.022484539 -4.057223966 0.940237215 0.133395203 -0.313306491 24.445085480
-0.297469170 -0.016679249 -0.954585020 -30.024908881 -0.135548837 0.990456932 0.024932674 -4.124023512 0.945060819 0.136810347 -0.296890975 24.252834797
-0.275884186 -0.012818570 -0.961104700 -30.752635345 -0.135545528 0.990437844 0.025697208 -4.187498674 0.951586402 0.137363636 -0.274983357 24.072889239
-0.252248237 -0.010049056 -0.967609666 -31.473091841 -0.135505208 0.990460256 0.025037577 -4.253339281 0.958128660 0.137432552 -0.251203269 23.921157402
-0.225302245 -0.007092295 -0.974262385 -32.206171568 -0.135825878 0.990437174 0.024199078 -4.317533770 0.964775414 0.137782847 -0.224110750 23.800076058
-0.196445994 -0.003164052 -0.980508814 -32.923699902 -0.134648262 0.990608126 0.023779115 -4.379548008 0.971226129 0.136695792 -0.195026744 23.700503398
-0.165829809 0.001469941 -0.986152558 -33.640249985 -0.132142825 0.990947421 0.023696858 -4.443755349 0.977261548 0.134243275 -0.164134087 23.629392888
-0.134049120 0.006481462 -0.990952753 -34.350403816 -0.128390587 0.991436851 0.023851265 -4.510506423 0.982623060 0.130426862 -0.132068782 23.582214441
-0.102973815 0.010446299 -0.994628465 -35.045563667 -0.126339253 0.991708859 0.023494405 -4.578892861 0.986628692 0.128080515 -0.100799968 23.553315261
-0.071712984 0.013886371 -0.997327889 -35.716253756 -0.126424642 0.991711936 0.022897646 -4.643929651 0.989381343 0.127729445 -0.069362742 23.546106643
-0.040476122 0.017395769 -0.999028308 -36.388773962 -0.126285842 0.991741340 0.022384318 -4.712351372 0.991168474 0.127069702 -0.037944704 23.567617244
-0.008068119 0.020374780 -0.999759098 -37.037024109 -0.128230334 0.991516959 0.021240551 -4.767945276 0.991712279 0.128371332 -0.005386713 23.597312454
0.027942406 0.022563020 -0.999354092 -37.677401486 -0.130785735 0.991233904 0.018721788 -4.833325436 0.991017482 0.130178622 0.030648677 23.648882871
0.069321102 0.025133302 -0.997276976 -38.290550592 -0.135930846 0.990596868 0.015515296 -4.891416616 0.988290794 0.134485634 0.072085947 23.724722495
0.114629871 0.028411150 -0.993001139 -38.895790655 -0.139144530 0.990196139 0.012267326 -4.951515328 0.983615807 0.136764913 0.117459596 23.829137172
0.161898007 0.031939084 -0.986289714 -39.478853444 -0.139174891 0.990224936 0.009220155 -5.011197513 0.976944528 0.135774443 0.164760843 23.981819969
0.210315860 0.034960961 -0.977007396 -40.033949229 -0.135242983 0.990792221 0.006340111 -5.075738476 0.968234351 0.130800337 0.213107822 24.162528013
0.260546325 0.038701646 -0.964684560 -40.566548855 -0.133785922 0.991003678 0.003623057 -5.148969470 0.956147515 0.128117572 0.263380375 24.370896341
0.312587455 0.047358889 -0.948706889 -41.095047367 -0.137264524 0.990525490 0.004218493 -5.213472579 0.939919461 0.128905451 0.316126804 24.587261900
0.365032627 0.055451026 -0.929341139 -41.594182041 -0.139424824 0.990223289 0.004318563 -5.268442645 0.920495998 0.127997074 0.369195320 24.838649228
0.416328224 0.058560442 -0.907325807 -42.054932787 -0.138393045 0.990377347 0.000417904 -5.327389781 0.898620655 0.125393829 0.420426652 25.121271825
0.465874084 0.056066593 -0.883072228 -42.482093288 -0.131457600 0.991301092 -0.006414651 -5.395052998 0.875032044 0.119075174 0.469192111 25.426096666
0.513372787 0.051961601 -0.856590400 -42.883198760 -0.125280920 0.992009349 -0.014908132 -5.472622907 0.848972227 0.114968034 0.515780631 25.749042467
0.558827224 0.044537012 -0.828086579 -43.260972591 -0.120029064 0.992385937 -0.027627903 -5.545852550 0.820552164 0.114833833 0.559918224 26.090762301
0.601470787 0.040624831 -0.797860499 -43.605505616 -0.117004770 0.992416579 -0.037674307 -5.627258338 0.790280581 0.116013611 0.601663070 26.445073954
0.640795672 0.039866255 -0.766674974 -43.925971073 -0.112129225 0.992801682 -0.042095078 -5.697604079 0.759479094 0.112941127 0.640653371 26.812048044
0.676595278 0.040186284 -0.735257021 -44.232260410 -0.106144457 0.993404036 -0.043381008 -5.777207851 0.728664992 0.107394934 0.676398201 27.188869568
0.709710569 0.041659882 -0.703259857 -44.511437702 -0.100970210 0.993959109 -0.043016735 -5.851222231 0.697220447 0.101537800 0.709629852 27.571389431
0.740380277 0.041832040 -0.670884683 -44.776990843 -0.096419091 0.994349815 -0.044406461 -5.926428247 0.665237381 0.097563816 0.740230550 27.950535643
0.769173450 0.042370761 -0.637633219 -45.023344324 -0.091937875 0.994756363 -0.044803280 -6.003573325 0.632392239 0.093084179 0.769035802 28.356973912
0.795611239 0.042881558 -0.604287344 -45.247857423 -0.087444680 0.995174493 -0.044511567 -6.080549300 0.599463467 0.088255646 0.795521907 28.759767071
0.820219688 0.043434740 -0.570396717 -45.455509750 -0.083625064 0.995505666 -0.044445912 -6.150166239 0.565903459 0.084154892 0.820165702 29.167500909
0.842322305 0.043439964 -0.537220154 -45.640868869 -0.079781231 0.995815556 -0.044569617 -6.223696629 0.533036829 0.080402078 0.842263461 29.594021926
0.861948208 0.042729378 -0.505191975 -45.843734827 -0.075236369 0.996189729 -0.044109248 -6.289662518 0.501382997 0.076028701 0.861878859 30.028240454
0.878175430 0.041790853 -0.476509110 -46.007736415 -0.070448716 0.996612736 -0.042428075 -6.359105391 0.473122604 0.070828743 0.878145028 30.472908013
0.891619203 0.040803792 -0.450943213 -46.170869824 -0.065814511 0.997033302 -0.039914233 -6.430200370 0.447977376 0.065266892 0.891659615 30.896930653
0.902619101 0.040734298 -0.428507928 -46.336032075 -0.062962805 0.997298954 -0.037822984 -6.506795792 0.425810412 0.061119792 0.902745921 31.347484973
0.911712663 0.041335390 -0.408743200 -46.486086345 -0.060853820 0.997537891 -0.034857724 -6.573573503 0.406296541 0.056653792 0.911983432 31.805305876
0.919620821 0.041009850 -0.390660162 -46.640218315 -0.058334432 0.997765373 -0.032579757 -6.640921784 0.388451636 0.052749937 0.919958184 32.241981463
0.926271789 0.040080840 -0.374718224 -46.791044063 -0.055562460 0.997986265 -0.030599164 -6.706551091 0.372737724 0.049163381 0.926633597 32.702217379
0.931604773 0.037280938 -0.361555451 -46.938636590 -0.051575916 0.998219462 -0.029965129 -6.778069247 0.359795066 0.046563182 0.931868896 33.164898759
0.935618340 0.036331639 -0.351138168 -47.081007662 -0.049753164 0.998332481 -0.029273813 -6.839108099 0.349489566 0.044859321 0.935865872 33.629888709
0.938541923 0.035928758 -0.343289781 -47.238313807 -0.048507203 0.998426898 -0.028122116 -6.900561977 0.341739840 0.043045781 0.938808383 34.103165628
0.940437406 0.034450018 -0.338216467 -47.372598501 -0.046538076 0.998532555 -0.027695014 -6.971689871 0.336766536 0.041785339 0.940660682 34.581184705
0.941555104 0.033364921 -0.335202133 -47.522277747 -0.044820471 0.998643659 -0.026495961 -7.034882645 0.333863922 0.039971292 0.941773545 35.063235656
0.941766576 0.033642754 -0.334579710 -47.670158613 -0.044457279 0.998705535 -0.024715789 -7.101185180 0.333315575 0.038150971 0.942043239 35.549114590
0.941103170 0.033787313 -0.336426722 -47.830197582 -0.043486679 0.998826181 -0.021336083 -7.164050907 0.335311408 0.034709497 0.941467870 36.034735202
0.939473951 0.034505826 -0.340877893 -47.994020420 -0.043236699 0.998901859 -0.018047678 -7.227884892 0.339881298 0.031693715 0.939934287 36.539526775
0.937097912 0.036287048 -0.347174937 -48.177579555 -0.043916192 0.998935313 -0.014130058 -7.290982218 0.346293063 0.028487803 0.937693887 37.042251322
0.934504820 0.039341355 -0.353769241 -48.361763699 -0.045815903 0.998900444 -0.009942456 -7.351309246 0.352989610 0.025499480 0.935279847 37.555003731
0.932136452 0.041930164 -0.359670910 -48.552821950 -0.047336959 0.998859541 -0.006234636 -7.409497298 0.358999817 0.022837205 0.933058350 38.059332069
0.930253245 0.043023043 -0.364386578 -48.740304387 -0.047553742 0.998862684 -0.003466572 -7.466228193 0.363823538 0.020552679 0.931241281 38.576681926
0.928511217 0.042977580 -0.368808218 -48.928714521 -0.046900595 0.998898174 -0.001675039 -7.526360843 0.368330400 0.018852558 0.929503958 39.102937742
0.926935343 0.044032181 -0.372628079 -49.127992434 -0.047436077 0.998874291 0.000032652 -7.590521661 0.372210585 0.017645687 0.927980726 39.635300081
0.925893469 0.046680457 -0.374889138 -49.320773782 -0.049667112 0.998764402 0.001696639 -7.647021510 0.374505666 0.017048692 0.927068050 40.166114226
0.925116264 0.048951291 -0.376514691 -49.524546111 -0.051436753 0.998670292 0.003455239 -7.704133326 0.376183718 0.016170131 0.926404158 40.704461969
0.924629634 0.049640632 -0.377618179 -49.716149326 -0.051728726 0.998650514 0.004616975 -7.754838983 0.377338324 0.015264652 0.925949842 41.245219754
0.924585393 0.050313394 -0.377637467 -49.920300797 -0.051937087 0.998633006 0.005889425 -7.814917753 0.377418100 0.014168047 0.925934758 41.782971305
0.924534048 0.050750474 -0.377704683 -50.116817530 -0.051808196 0.998629899 0.007366132 -7.869157970 0.377561569 0.012757891 0.925896771 42.314915088
0.924590418 0.052958960 -0.377263236 -50.322715236 -0.053530208 0.998525881 0.008978073 -7.925692969 0.377183119 0.011893871 0.926062506 42.863352015
0.924901674 0.053448796 -0.376430290 -50.520119799 -0.053537720 0.998513407 0.010232800 -7.986497329 0.376418166 0.010688815 0.926388390 43.397821284
0.925246290 0.053538214 -0.375569712 -50.724915002 -0.053011093 0.998524874 0.011743876 -8.033356636 0.375644988 0.009043312 0.926719698 43.945101845
0.925843048 0.053131833 -0.374154118 -50.918045382 -0.051760603 0.998565289 0.013719298 -8.089795322 0.374346789 0.006664452 0.927265013 44.491614295
0.926392830 0.053267845 -0.372771391 -51.111567391 -0.050978885 0.998571534 0.016001769 -8.147430040 0.373091821 0.004179470 0.927785194 45.042248336
0.927039635 0.053763247 -0.371088506 -51.305230037 -0.050546936 0.998552274 0.018394860 -8.199535447 0.371540780 0.001704543 0.928415255 45.582562672
0.927818270 0.053571226 -0.369165323 -51.489758696 -0.049284434 0.998563165 0.021039292 -8.247345980 0.369762534 -0.001326617 0.929125532 46.122026733
0.928663389 0.052836589 -0.367140656 -51.682547210 -0.047494535 0.998593240 0.023575560 -8.297064237 0.367870369 -0.004456669 0.929866591 46.674263890
0.929374825 0.052584382 -0.365372379 -51.873140897 -0.046233604 0.998589240 0.026114652 -8.344240311 0.366230688 -0.007377906 0.930495028 47.218433705
0.930132929 0.053571970 -0.363293876 -52.059961404 -0.046428874 0.998518597 0.028371813 -8.390383495 0.364276161 -0.009522322 0.931242478 47.776790926
0.931003704 0.055593646 -0.360750765 -52.254577580 -0.047667148 0.998387073 0.030839600 -8.435078764 0.361883918 -0.011515914 0.932152221 48.314784254
0.932029116 0.058034595 -0.357705720 -52.444230341 -0.049194306 0.998218095 0.033771845 -8.471806964 0.359028785 -0.013879353 0.933223469 48.866876167
0.933302924 0.060101775 -0.354024153 -52.632715910 -0.050316048 0.998055498 0.036789918 -8.514529975 0.355547413 -0.016523140 0.934512371 49.434746015
0.934732447 0.062246612 -0.349857529 -52.824255845 -0.051840779 0.997892036 0.039038381 -8.557457321 0.351550564 -0.018353655 0.935989150 49.995716285
0.936232912 0.064788165 -0.345355050 -53.004774374 -0.053819817 0.997697678 0.041264354 -8.594691487 0.347233881 -0.020046203 0.937564463 50.560540338
0.938033429 0.066150566 -0.340172130 -53.191383823 -0.054955293 0.997585979 0.042451197 -8.637011574 0.342159617 -0.021126486 0.939404495 51.122701897
0.939856744 0.068164161 -0.334697838 -53.371348447 -0.057360034 0.997466715 0.042070818 -8.678973040 0.336718164 -0.020342367 0.941385890 51.706451450
0.941776218 0.069704736 -0.328935414 -53.550659893 -0.059465765 0.997383943 0.041098319 -8.718772853 0.330940126 -0.019145125 0.943457692 52.279715322
0.943643276 0.071445332 -0.323160395 -53.726947393 -0.061502925 0.997269071 0.040887301 -8.758688160 0.325199541 -0.018707819 0.945460515 52.868402911
0.945563021 0.070779812 -0.317648402 -53.891824361 -0.060891696 0.997303478 0.040962836 -8.800667023 0.319691658 -0.019390894 0.947323356 53.453708052
0.947040790 0.070996653 -0.313165989 -54.060992176 -0.061057917 0.997273482 0.041442905 -8.837338937 0.315254896 -0.020126961 0.948793737 54.044000496
0.948184827 0.069349957 -0.310057804 -54.227566994 -0.059167315 0.997358341 0.042137229 -8.882456497 0.312161402 -0.021608697 0.949783461 54.628940522
0.948673675 0.069443803 -0.308537751 -54.401672878 -0.058980135 0.997327292 0.043122977 -8.919188019 0.310708191 -0.022712139 0.950234117 55.227955008
0.948864866 0.067613970 -0.308356196 -54.580703565 -0.056604532 0.997403548 0.044520363 -8.951939241 0.310566213 -0.024789556 0.950228607 55.834505767
0.948481168 0.065812234 -0.309922491 -54.754124576 -0.054089018 0.997463123 0.046278108 -8.991226549 0.312182376 -0.027130619 0.949634877 56.430494368
0.947690697 0.064181340 -0.312670468 -54.937981168 -0.051831449 0.997517954 0.047659173 -9.027435588 0.314953698 -0.028960101 0.948665270 57.036203027
0.946518522 0.061395272 -0.316753890 -55.114346808 -0.048189940 0.997617628 0.049363526 -9.067797890 0.319030422 -0.031459252 0.947222375 57.644337430
0.944879454 0.058805533 -0.322093836 -55.299620795 -0.044658626 0.997692360 0.051142113 -9.107625216 0.324358482 -0.033938977 0.945325370 58.255465267
0.943229426 0.056444813 -0.327310158 -55.493818096 -0.041634092 0.997774300 0.052086449 -9.140585562 0.329522168 -0.035502326 0.943480296 58.862644023
0.941315900 0.055522841 -0.332928356 -55.694134445 -0.039854449 0.997760728 0.053713111 -9.170800800 0.335165647 -0.037292447 0.941421062 59.479126534
0.939529997 0.053703292 -0.338229263 -55.892823011 -0.037180340 0.997785779 0.055146215 -9.204906917 0.340442397 -0.039236163 0.939446572 60.089890067
0.937641299 0.052794159 -0.343571330 -56.087722281 -0.035392392 0.997762080 0.056728720 -9.243251537 0.345797915 -0.041031501 0.937411645 60.715102260
0.935880643 0.050197956 -0.348722336 -56.291017935 -0.031479320 0.997753104 0.059141590 -9.278532342 0.350908117 -0.044372052 0.935358221 61.340517818
0.934136115 0.051618304 -0.353164189 -56.504167033 -0.032280548 0.997650195 0.060431649 -9.313075917 0.355454246 -0.045051178 0.933607554 61.958660289
0.932477453 0.052461987 -0.357397831 -56.722851931 -0.032402950 0.997556965 0.061887633 -9.341538801 0.359771994 -0.046128206 0.931899514 62.584731065
0.930748979 0.052750751 -0.361833330 -56.946399205 -0.031767395 0.997463249 0.063701053 -9.370340955 0.364276286 -0.047795317 0.930063872 63.223496295
0.929283116 0.052754740 -0.365581025 -57.164571616 -0.030701913 0.997355133 0.065879064 -9.393634198 0.368090111 -0.049996397 0.928445179 63.847107871
0.927968537 0.053764172 -0.368759355 -57.396188505 -0.030658066 0.997197846 0.068238230 -9.424118166 0.371395378 -0.052017616 0.927016758 64.477663749
0.926884544 0.056906994 -0.371007126 -57.633081142 -0.032989196 0.996965926 0.070502273 -9.443992966 0.373894110 -0.053108375 0.925949852 65.111601269
0.926215312 0.057833561 -0.372532042 -57.862458033 -0.033533762 0.996884862 0.071386085 -9.473686355 0.375500642 -0.053626622 0.925269632 65.752950914
0.925870640 0.059273149 -0.373162027 -58.094307406 -0.034981435 0.996824022 0.071540775 -9.494606275 0.376217897 -0.053183896 0.925003787 66.403755918
0.925656263 0.059520282 -0.373654204 -58.330269634 -0.035422594 0.996844522 0.071036288 -9.530508059 0.376703824 -0.052519520 0.924843969 67.046638795
0.925622201 0.058694528 -0.373869148 -58.568416532 -0.034801810 0.996915406 0.070345032 -9.556248056 0.376845359 -0.052101736 0.924809937 67.701178468
0.925647365 0.058001691 -0.373914972 -58.808707793 -0.034400897 0.996989230 0.069490794 -9.586218821 0.376820362 -0.051461094 0.924855992 68.365331847
0.925589825 0.057761128 -0.374094605 -59.057574199 -0.034379011 0.997032206 0.068882385 -9.612435744 0.376963670 -0.050895965 0.924828864 69.031012931
0.925561804 0.058298488 -0.374080577 -59.291277316 -0.034701472 0.996977242 0.069513352 -9.636051948 0.377002923 -0.051357891 0.924787326 69.701357481
0.925434318 0.057964304 -0.374447737 -59.540416940 -0.033953549 0.996940075 0.070409942 -9.666138105 0.377383797 -0.052446083 0.924570882 70.391063191
0.925192077 0.058087718 -0.375026776 -59.796348634 -0.033428982 0.996849191 0.071931261 -9.689379306 0.378024042 -0.054013606 0.924219020 71.087234709
0.924914568 0.057161571 -0.375852684 -60.050816412 -0.031661259 0.996779109 0.073680946 -9.716375273 0.378854406 -0.056248751 0.923745562 71.776657446
0.924197215 0.055049874 -0.377926792 -60.304682615 -0.028577965 0.996751054 0.075303000 -9.739816158 0.380844939 -0.058794586 0.922768001 72.479803713
0.923428837 0.055090132 -0.379794547 -60.568050855 -0.027552809 0.996606239 0.077567689 -9.770113164 0.382779425 -0.061163978 0.921813073 73.190398048
0.922532517 0.057779946 -0.381568957 -60.825606966 -0.029107101 0.996329687 0.080497377 -9.783190088 0.384820212 -0.063155229 0.920828588 73.885722728
0.921745109 0.060760389 -0.383006216 -61.093898522 -0.031201473 0.996067062 0.082926296 -9.808781782 0.386539109 -0.064486697 0.920016007 74.600501575
0.920942383 0.062343411 -0.384679161 -61.366649352 -0.031807599 0.995852226 0.085243832 -9.820861042 0.388398592 -0.066269088 0.919105772 75.305928150
0.920427428 0.065309269 -0.385418837 -61.640743286 -0.033768517 0.995543392 0.088050727 -9.839817759 0.389452306 -0.068029436 0.918531098 76.008892539
0.919938433 0.069628028 -0.385830075 -61.913549677 -0.037981729 0.995302288 0.089054100 -9.852307337 0.390218818 -0.067269949 0.918261679 76.715147719
0.919290268 0.073698920 -0.386618028 -62.189541790 -0.042386926 0.995137277 0.088910294 -9.871761972 0.391291202 -0.065346971 0.917944143 77.419140755
0.918763636 0.076635954 -0.387298254 -62.465957919 -0.046238788 0.995115650 0.087216482 -9.885600617 0.392091068 -0.062223281 0.917819881 78.111094533
0.918264368 0.079377301 -0.387929658 -62.735322384 -0.049634133 0.995048002 0.086115202 -9.899568763 0.392844817 -0.059822118 0.917657200 78.801822575
0.918003248 0.080319274 -0.388353544 -63.001171418 -0.049846244 0.994878521 0.087931672 -9.912598468 0.393427803 -0.061363745 0.917305582 79.491482278
0.917733340 0.082962393 -0.388435816 -63.260428898 -0.051430854 0.994531087 0.090899289 -9.929617993 0.393853312 -0.063443875 0.916981420 80.175555695
0.917688720 0.083739862 -0.388374397 -63.521192256 -0.051560186 0.994370252 0.092570198 -9.946514915 0.393940359 -0.064926126 0.916840267 80.843502024
0.918120021 0.080399334 -0.388060820 -63.778479488 -0.048441882 0.994629814 0.091459326 -9.958837349 0.393330728 -0.065172396 0.917084500 81.522264678
0.918749792 0.077347159 -0.387189700 -64.030290173 -0.045806530 0.994883261 0.090049715 -9.979779587 0.392174239 -0.064997493 0.917592052 82.179038149
0.919585660 0.077178574 -0.385234101 -64.278973894 -0.045969999 0.994917342 0.089588695 -9.997039128 0.390191009 -0.064675420 0.918459876 82.828311930
0.920861411 0.076151373 -0.382380520 -64.523860842 -0.045080366 0.994958662 0.089581894 -10.011412881 0.387275185 -0.065254808 0.919652225 83.466318356
0.922612616 0.073630519 -0.378634579 -64.753172389 -0.042981980 0.995123333 0.088780607 -10.031482365 0.383325652 -0.065635797 0.921278381 84.090684514
0.924957215 0.071302173 -0.373322643 -64.963058327 -0.041311536 0.995286588 0.087737440 -10.052736381 0.377819468 -0.065730999 0.923543365 84.712226459
0.927937225 0.068090939 -0.366463893 -65.170688851 -0.039206259 0.995549078 0.085701791 -10.073399449 0.370668875 -0.065158354 0.926476887 85.316468075
0.931072092 0.066025013 -0.358810705 -65.375080445 -0.038279545 0.995739038 0.083894826 -10.091860521 0.362821541 -0.064377170 0.929632479 85.899937741
0.933756505 0.061507600 -0.352583718 -65.567565299 -0.034556580 0.996013638 0.082234873 -10.117302459 0.356236811 -0.064603408 0.932159944 86.500492956
0.936275098 0.059121590 -0.346256062 -65.751152482 -0.033166399 0.996209443 0.080415395 -10.139999330 0.349698385 -0.063807011 0.934687179 87.084711826
0.938722024 0.054987029 -0.340260313 -65.930898809 -0.030208278 0.996518994 0.077699788 -10.163296430 0.343348876 -0.062659967 0.937115619 87.645828593
0.940916131 0.051676633 -0.334673061 -66.096111365 -0.028222029 0.996816147 0.074572055 -10.185175652 0.337461668 -0.060721037 0.939379036 88.206012295
0.943110622 0.048282033 -0.328954263 -66.258839559 -0.025917818 0.997065158 0.072036412 -10.210381605 0.331467415 -0.059412666 0.941594325 88.752179391
0.944862746 0.046496299 -0.324148420 -66.417808084 -0.024347266 0.997103402 0.072055013 -10.235022816 0.326560293 -0.060190108 0.943258134 89.299227853
0.945756075 0.045694366 -0.321647613 -66.574805663 -0.023089079 0.997009557 0.073747816 -10.256392754 0.324056111 -0.062321036 0.943983107 89.838663563
0.945609234 0.046295303 -0.321993225 -66.728578990 -0.022951941 0.996849694 0.075919665 -10.275019031 0.324494080 -0.064400109 0.943693065 90.372379595
0.944960108 0.046747775 -0.323828276 -66.878986086 -0.022671562 0.996716794 0.077727288 -10.294577950 0.326399170 -0.066107637 0.942917680 90.887184094
0.943640945 0.046378268 -0.327704946 -67.034814910 -0.021682483 0.996669056 0.078616523 -10.313453462 0.330259997 -0.067080458 0.941503555 91.401524222
0.941919366 0.047115987 -0.332517209 -67.198662661 -0.022133836 0.996666484 0.078523305 -10.329816430 0.335108987 -0.066602885 0.939822550 91.907431941
0.940004432 0.046810209 -0.337935152 -67.356968912 -0.021464468 0.996694467 0.078353761 -10.350237148 0.340486387 -0.066399429 0.937902205 92.397767116
0.937710831 0.048468127 -0.344018787 -67.524049944 -0.022731469 0.996658336 0.078455955 -10.363564899 0.346672349 -0.065749092 0.935679302 92.869483288
0.935135782 0.050405775 -0.350685053 -67.692115493 -0.023799035 0.996528865 0.079772941 -10.375340178 0.353489348 -0.066252713 0.933089645 93.346417947
0.932092014 0.051417823 -0.358553137 -67.859463006 -0.024077610 0.996479363 0.080305928 -10.385454082 0.361420522 -0.066219558 0.930048716 93.828351045
0.928240611 0.048751609 -0.368771343 -68.022460886 -0.020771764 0.996620958 0.079467565 -10.412172788 0.371400004 -0.066105136 0.926116947 94.299197631
0.923046818 0.047120445 -0.381790350 -68.216751651 -0.018341081 0.996731720 0.078672584 -10.428779578 0.384250244 -0.065616177 0.920894531 94.765932341
0.916685425 0.047959103 -0.396720772 -68.411347728 -0.017750185 0.996679006 0.079471886 -10.442290585 0.399215294 -0.065808999 0.914492656 95.223834264
0.908973125 0.048457941 -0.414028110 -68.606318908 -0.016391176 0.996607124 0.080656424 -10.455948422 0.416532465 -0.066528263 0.906683637 95.682376355
0.898329282 0.048564719 -0.436629734 -68.819851903 -0.014159292 0.996555445 0.081710746 -10.469366929 0.439094692 -0.067220937 0.895922851 96.126197809
0.883786737 0.046967137 -0.465526157 -69.061302892 -0.009459907 0.996539392 0.082581063 -10.484508207 0.467794491 -0.068580362 0.881172886 96.549586442
0.864858733 0.046730370 -0.499835072 -69.313522060 -0.005720228 0.996510810 0.083266819 -10.506361968 0.501982939 -0.069155011 0.862108683 96.938755622
0.841032152 0.047880391 -0.538861555 -69.591343892 -0.003869824 0.996582637 0.082510300 -10.530544431 0.540971554 -0.067308656 0.838343639 97.277014239
0.813656474 0.051489575 -0.579060689 -69.881260162 -0.005173364 0.996671863 0.081353026 -10.541151583 0.581323247 -0.063197855 0.811215210 97.594111191
0.783310904 0.055645596 -0.619133940 -70.172470546 -0.008834005 0.996881310 0.078418756 -10.553814487 0.621567689 -0.055956950 0.781359904 97.883656724
0.751013454 0.056047353 -0.657903223 -70.475696568 -0.009527359 0.997207013 0.074076294 -10.564821973 0.660218523 -0.049364312 0.749450204 98.133681973
0.715256792 0.057260663 -0.696511324 -70.788574966 -0.011531013 0.997469031 0.070160323 -10.585775170 0.698766992 -0.042151243 0.714107117 98.382499835
0.675643836 0.058584775 -0.734896073 -71.115482102 -0.012146984 0.997586890 0.068357535 -10.605835661 0.737128548 -0.037258633 0.674725415 98.606972465
0.632998824 0.062492453 -0.771625631 -71.441722471 -0.014328666 0.997511553 0.069031129 -10.619518857 0.774020608 -0.032640293 0.632319438 98.800741631
0.586984784 0.066576762 -0.806855165 -71.793804380 -0.017067608 0.997409161 0.069882524 -10.631785365 0.809418540 -0.027248901 0.586600682 98.972592141
0.539091147 0.071071300 -0.839242754 -72.147953746 -0.019903041 0.997230136 0.071664697 -10.637643116 0.842012770 -0.021930303 0.539012857 99.127651052
0.489029119 0.077431415 -0.868823131 -72.517061363 -0.024814247 0.996883982 0.074876453 -10.643358808 0.871914994 -0.015057524 0.489427090 99.257323225
0.435722005 0.083157326 -0.896230929 -72.879738314 -0.028760075 0.996500890 0.078477605 -10.646772317 0.899622286 -0.008418667 0.436589377 99.353823929
0.380126899 0.088366398 -0.920702754 -73.239865392 -0.032641234 0.996087383 0.082124124 -10.650664744 0.924358823 -0.001164592 0.381524404 99.425947150
0.321969774 0.092415036 -0.942227962 -73.602131355 -0.035870462 0.995700665 0.085401343 -10.650411715 0.946070819 0.006301663 0.323900901 99.475463365
0.262263196 0.094829244 -0.960324951 -73.960578274 -0.035261777 0.995437054 0.088665472 -10.651276770 0.964352590 0.010609276 0.264410770 99.502893846
0.202068945 0.098516187 -0.974403034 -74.307371574 -0.032984813 0.995048013 0.093762108 -10.669808475 0.978816381 0.013194333 0.204318266 99.506863356
0.141333900 0.100105478 -0.984886892 -74.641572546 -0.044448986 0.994512587 0.094704207 -10.663004659 0.988964315 0.030392607 0.145008348 99.458429980
0.078135607 0.093089521 -0.992586384 -74.970882342 -0.055745063 0.994481325 0.088877922 -10.675158802 0.995383717 0.048387620 0.082894088 99.389227946
0.011060494 0.089262896 -0.995945971 -75.293536428 -0.064064559 0.994024624 0.088378091 -10.664476353 0.997885190 0.062827757 0.016713387 99.297954724
-0.058903293 0.087454702 -0.994424802 -75.578402538 -0.067487235 0.993527309 0.091372119 -10.662720831 0.995980596 0.072493582 -0.052619564 99.200927423
-0.129205596 0.085966646 -0.987883752 -75.844930602 -0.068923223 0.993047201 0.095429272 -10.657421962 0.989220391 0.080418670 -0.122381774 99.079412828
-0.197955432 0.084456591 -0.976565127 -76.088712388 -0.068745431 0.992631813 0.099779968 -10.651681282 0.977798132 0.086886978 -0.190690475 98.954992191
-0.265312964 0.084346218 -0.960465270 -76.324357174 -0.066797854 0.992164640 0.105580563 -10.638863823 0.961846419 0.092169570 -0.257599623 98.807757244
-0.331590989 0.083577459 -0.939713306 -76.546738443 -0.064554364 0.991723681 0.110980843 -10.629200623 0.941212820 0.097463561 -0.323450981 98.636436707
-0.394107929 0.081890808 -0.915407994 -76.733955057 -0.062410910 0.991338764 0.115551698 -10.625415391 0.916943400 0.102672063 -0.385583231 98.466979955
-0.452508081 0.079559388 -0.888203687 -76.897743067 -0.060609034 0.990965419 0.119640870 -10.611545990 0.889698998 0.107972460 -0.443597497 98.296017443
-0.509205036 0.076611354 -0.857228133 -77.072879704 -0.057878759 0.990727090 0.122921639 -10.599901457 0.858697585 0.112208506 -0.500048721 98.105630150
-0.564291917 0.079425603 -0.821745369 -77.224810530 -0.046279465 0.990753092 0.127539620 -10.584027134 0.824277889 0.110000447 -0.555397862 97.910475601
-0.616272706 0.081076203 -0.783347911 -77.365407769 -0.036865574 0.990626280 0.131530682 -10.569949837 0.786670197 0.109938324 -0.607506706 97.709305289
-0.664579241 0.079147964 -0.743013779 -77.487490018 -0.032528439 0.990367246 0.134589854 -10.559788644 0.746510125 0.113615737 -0.655602657 97.494780845
-0.711050430 0.071392581 -0.699506907 -77.583451446 -0.036680804 0.989711382 0.138295718 -10.547382672 0.702184263 0.123994799 -0.701115692 97.257918569
-0.754941375 0.062551233 -0.652802019 -77.657054724 -0.040386967 0.989116676 0.141481089 -10.529586260 0.654548126 0.133175772 -0.744198595 97.011846416
-0.796627837 0.056820583 -0.601793325 -77.733164453 -0.038428593 0.988797722 0.144229353 -10.513251818 0.603247933 0.138024391 -0.785520023 96.776259395
-0.835404216 0.054490967 -0.546928065 -77.793057978 -0.031092938 0.988794928 0.146005512 -10.498904204 0.548756466 0.138980471 -0.824348955 96.521156329
-0.870491370 0.052160696 -0.489411780 -77.838699567 -0.023886187 0.988719826 0.147859181 -10.483907895 0.491604272 0.140401618 -0.859425964 96.262886275
-0.901405195 0.048188570 -0.430286475 -77.864591243 -0.019149996 0.988377878 0.150805247 -10.469014668 0.432553336 0.144177958 -0.890005975 96.001265721
-0.928857997 0.042668594 -0.367970349 -77.872240769 -0.015983897 0.987802686 0.154887492 -10.453437133 0.370091448 0.149751472 -0.916846271 95.726110757
-0.952201593 0.034714378 -0.303491414 -77.848087437 -0.014284241 0.987375141 0.157753133 -10.438852996 0.305136596 0.154549359 -0.939684198 95.452492830
-0.971173277 0.028054640 -0.236718036 -77.814200190 -0.010255866 0.987213511 0.159072489 -10.423387772 0.238154279 0.156916167 -0.958467565 95.170988998
-0.985635385 0.020984312 -0.167578588 -77.768517282 -0.006140639 0.987142624 0.159723153 -10.397893796 0.168775857 0.158459335 -0.972833778 94.887627881
