1.000000000 -0.000000000 0.000000000 0.000000000 0.000000000 1.000000000 -0.000000000 0.000000000 0.000000000 0.000000000 1.000000000 0.000000000
0.999801214 -0.000002370 0.019938384 0.040707717 0.000041421 0.999998081 -0.001958902 -0.029173396 -0.019938372 0.001959346 0.999799286 0.323793895
0.999110746 -0.000483169 0.042160371 0.085230922 0.000645863 0.999992398 -0.003846104 -0.057894764 -0.042158258 0.003869933 0.999103441 0.635035562
0.996979899 -0.001888311 0.077637211 0.157387739 0.002273375 0.999985548 -0.004872408 -0.110789654 -0.077627008 0.005034224 0.996969748 1.034499010
0.994827582 0.003296236 0.101524561 0.207056831 -0.003056575 0.999992165 -0.002516816 -0.164800837 -0.101532223 0.002193518 0.994829820 1.276679610
0.992137488 0.009739208 0.124773264 0.277301181 -0.009868011 0.999951228 0.000413540 -0.163428583 -0.124763351 -0.001641509 0.992185160 1.518863195
0.988293901 0.011770377 0.152107314 0.349924172 -0.012369359 0.999919023 0.002991482 -0.187913745 -0.152060029 -0.004837882 0.988359412 1.784769759
0.983382089 0.011693912 0.181170982 0.444590988 -0.012706586 0.999909459 0.004429210 -0.176370954 -0.181103072 -0.006657609 0.983441582 2.061211538
0.977379597 0.007475560 0.211360453 0.562140618 -0.008394610 0.999958811 0.003450597 -0.191560184 -0.211326284 -0.005146754 0.977402021 2.328419442
0.969853093 0.001529315 0.243685524 0.699320807 -0.002441197 0.999991104 0.003439409 -0.223099442 -0.243678475 -0.003930510 0.969848111 2.592442354
0.960509987 -0.005385645 0.278193360 0.839910179 0.004116888 0.999978290 0.005144017 -0.257860413 -0.278215452 -0.003795473 0.960511208 2.881697355
0.949051279 -0.010173045 0.314957377 1.013635357 0.008101421 0.999936084 0.007885274 -0.301725505 -0.315017945 -0.004931792 0.949072926 3.178910184
0.935063986 -0.013891969 0.354206579 1.185549312 0.010145572 0.999871247 0.012431143 -0.327192482 -0.354334207 -0.008030129 0.935084416 3.479648877
0.918599799 -0.017417196 0.394804973 1.372665675 0.011574601 0.999785485 0.017175012 -0.343567697 -0.395020023 -0.011207074 0.918604213 3.768958411
0.899624025 -0.026474547 0.435861900 1.622540728 0.017476911 0.999543592 0.024639775 -0.347434026 -0.436315956 -0.014548810 0.899675986 4.047685738
0.879016508 -0.037935110 0.475279664 1.877415425 0.024843429 0.999119820 0.033798291 -0.365528539 -0.476144190 -0.017901450 0.879185112 4.333397113
0.854919099 -0.049662597 0.516378520 2.136566376 0.031948003 0.998557956 0.043142200 -0.402814617 -0.517777209 -0.020385569 0.855272739 4.611018807
0.828265497 -0.057532817 0.557374208 2.415378040 0.035042062 0.998086194 0.050950041 -0.426716470 -0.559239638 -0.022668329 0.828696268 4.890138942
0.799533523 -0.064028884 0.597198594 2.710351222 0.038088082 0.997705297 0.055976181 -0.452054878 -0.599413190 -0.022008359 0.800137398 5.148252301
0.768387212 -0.072259784 0.635892500 3.031363555 0.043607079 0.997207604 0.060624247 -0.435373181 -0.638498486 -0.018853116 0.769392426 5.381433778
0.733926375 -0.082918815 0.674148457 3.377377183 0.050902520 0.996443938 0.067143741 -0.462980435 -0.677319634 -0.014962300 0.735537068 5.603303004
0.698224183 -0.091017863 0.710069204 3.738926711 0.056915636 0.995802639 0.071676873 -0.476313512 -0.713613726 -0.009632035 0.700473612 5.847202188
0.660109786 -0.096349916 0.744963909 4.121507544 0.060104594 0.995334706 0.075472589 -0.501974363 -0.748761330 -0.005043947 0.662821028 6.068409470
0.621261034 -0.098740979 0.777357276 4.527563126 0.059886201 0.995110612 0.078538901 -0.502144502 -0.781312652 -0.002239648 0.624136433 6.284006327
0.581926877 -0.102367948 0.806772105 4.958870456 0.060053742 0.994746545 0.082901746 -0.510645586 -0.811021463 0.000207505 0.585017082 6.506772320
0.543520055 -0.107060859 0.832540195 5.413808980 0.060451663 0.994249802 0.088389815 -0.502618868 -0.837217270 0.002287417 0.546866461 6.702574794
0.505432894 -0.111680430 0.855607541 5.866247179 0.061701493 0.993728039 0.093259497 -0.517319871 -0.860657759 0.005656499 0.509153426 6.894176598
0.467519705 -0.113668690 0.876643534 6.334707322 0.062261660 0.993469534 0.095611654 -0.516501236 -0.881788024 0.009881642 0.471543513 7.070036874
0.430062064 -0.114617433 0.895493460 6.834957125 0.063952802 0.993283966 0.096420012 -0.518256502 -0.900532067 0.015803456 0.434503577 7.226882170
0.393687254 -0.114258337 0.912115339 7.340935412 0.065579072 0.993207891 0.096110806 -0.522207104 -0.916902997 0.021978845 0.398505951 7.356956784
0.357685337 -0.113282814 0.926945071 7.880092428 0.066245267 0.993192167 0.095815973 -0.524790388 -0.931490294 0.027134558 0.362754423 7.500967169
0.324132651 -0.112914511 0.939248237 8.434166853 0.066258158 0.993122640 0.096525095 -0.516561096 -0.943689200 0.030946758 0.329384672 7.617006865
0.293216852 -0.113519571 0.949281865 9.022999174 0.067748263 0.992896519 0.097808417 -0.512805025 -0.953643273 0.035633985 0.298824431 7.727387703
0.265916726 -0.114895687 0.957123878 9.627728251 0.069775331 0.992561553 0.099763591 -0.506374819 -0.961468225 0.040255718 0.271955284 7.833857122
0.241559408 -0.117090747 0.963295193 10.244335770 0.072293723 0.992106156 0.102463632 -0.504697226 -0.967690099 0.044890057 0.248117178 7.926846237
0.221850255 -0.119674936 0.967708208 10.874486671 0.073736257 0.991656966 0.105731849 -0.506486181 -0.972289509 0.047899476 0.228823408 8.025036060
0.205503657 -0.121919885 0.971031708 11.520486989 0.075006953 0.991253348 0.108584295 -0.499092546 -0.975778493 0.050520610 0.212850701 8.119910444
0.192587072 -0.123782254 0.973440779 12.164466908 0.075481490 0.990941450 0.111073741 -0.490618699 -0.978373257 0.052086354 0.200185455 8.208031953
0.182813236 -0.125856705 0.975058041 12.833999805 0.076025214 0.990612302 0.113609941 -0.484274204 -0.980204546 0.053360564 0.190664997 8.287189387
0.173946005 -0.127217046 0.976502625 13.513596180 0.076562448 0.990365795 0.115384411 -0.475897565 -0.981775150 0.054693752 0.182009896 8.375247674
0.165372836 -0.128434411 0.977831881 14.194989382 0.075977529 0.990196628 0.117208495 -0.461245557 -0.983300925 0.054911132 0.173509428 8.446637033
0.156526432 -0.130515382 0.979011730 14.886485327 0.074470263 0.989968368 0.120069077 -0.449228305 -0.984862999 0.054114267 0.164675408 8.526682993
0.147746088 -0.133511719 0.979971667 15.579396484 0.073466963 0.989590547 0.123745391 -0.430854634 -0.986293654 0.053713642 0.156016511 8.585385672
0.138929458 -0.135807985 0.980945231 16.289092971 0.072918678 0.989265860 0.126632093 -0.411422841 -0.987614776 0.053937305 0.147340788 8.661019537
0.128575803 -0.138071672 0.982040336 16.995972083 0.073694709 0.988852661 0.129380309 -0.386668722 -0.988958454 0.055737013 0.137317357 8.707331710
0.117362696 -0.139246888 0.983277702 17.706671920 0.074274669 0.988578524 0.131131730 -0.378446238 -0.990308407 0.057643677 0.126364436 8.763461917
0.104895540 -0.139592935 0.984636718 18.404686940 0.072428524 0.988542419 0.132430170 -0.361848699 -0.991842985 0.057425483 0.113803881 8.810541989
0.089330819 -0.139068836 0.986244686 19.104576437 0.070158804 0.988623021 0.133048940 -0.337176506 -0.993528671 0.057309422 0.098071087 8.835290831
0.071388091 -0.138332469 0.987808975 19.818961502 0.069159039 0.988639382 0.133450193 -0.306406420 -0.995048863 0.058790225 0.080143697 8.845970486
0.051853163 -0.137473444 0.989146597 20.553304224 0.071029612 0.988478859 0.133656619 -0.281219560 -0.996126251 0.063329258 0.061020116 8.831008218
0.032154581 -0.136252354 0.990151530 21.290106021 0.071972140 0.988408232 0.133674718 -0.261738570 -0.996888937 0.066966164 0.041587899 8.809502189
0.013082930 -0.135771135 0.990653168 22.030330813 0.071237132 0.988347631 0.134513883 -0.241257293 -0.997374333 0.068812565 0.022602100 8.782307154
-0.007289084 -0.135700526 0.990722409 22.767589411 0.070153385 0.988238820 0.135876002 -0.219162532 -0.997510309 0.070494070 0.002316167 8.734922137
-0.028976242 -0.135488868 0.990354376 23.509570523 0.068272468 0.988189053 0.137189699 -0.191174724 -0.997246552 0.071590324 -0.019384174 8.652257355
-0.053093522 -0.134829924 0.989444594 24.243472591 0.066709112 0.988150476 0.138232706 -0.159209457 -0.996359573 0.073345393 -0.043470334 8.567082943
-0.076790106 -0.133432831 0.988077723 24.999808368 0.065792717 0.988166422 0.138557529 -0.138222735 -0.994874873 0.075649346 -0.067102825 8.447883912
-0.100495253 -0.131414763 0.986219795 25.747987627 0.063325608 0.988383869 0.138155510 -0.114747568 -0.992920930 0.076338138 -0.091006298 8.332122157
-0.125462556 -0.128909196 0.983687033 26.500610325 0.060323504 0.988696503 0.137259066 -0.082046872 -0.990263405 0.076561537 -0.116268465 8.194178548
-0.152029270 -0.124294682 0.980528703 27.239101401 0.060378173 0.989040336 0.134734726 -0.051148218 -0.986530762 0.079687389 -0.142858727 8.032909580
-0.179362111 -0.117997801 0.976680269 27.976190225 0.063256256 0.989343058 0.131143897 -0.020531637 -0.981748041 0.085304641 -0.169986898 7.838667727
-0.206427099 -0.111030645 0.972141264 28.699571204 0.066770675 0.989626296 0.127205497 0.001267096 -0.976181762 0.091170471 -0.196872436 7.624995894
-0.233161994 -0.104885501 0.966764244 29.421977598 0.070147095 0.989762164 0.124298082 0.023840144 -0.969905223 0.096798593 -0.223417852 7.377144002
-0.259797367 -0.098373928 0.960638581 30.151970002 0.073504026 0.989896851 0.121248318 0.051580614 -0.962862254 0.102112119 -0.249942067 7.112409455
-0.285731649 -0.089391831 0.954130551 30.858411289 0.078735958 0.990083690 0.116338779 0.062741414 -0.955070295 0.108367398 -0.275860249 6.836042145
-0.311256034 -0.076867177 0.947211538 31.573838555 0.081724506 0.990865919 0.107264281 0.085036560 -0.946806180 0.110798410 -0.302131425 6.543132110
-0.336751296 -0.061670828 0.939571098 32.292481712 0.084853566 0.991805057 0.095511306 0.082739415 -0.937763059 0.111890891 -0.328759015 6.222929973
-0.362142458 -0.047756599 0.930897806 32.990653292 0.084327417 0.992912779 0.083743213 0.067023614 -0.928301035 0.108828566 -0.355549052 5.878677408
-0.386532444 -0.035286238 0.921599768 33.708057685 0.080889071 0.994119931 0.071988652 0.049358486 -0.918722309 0.102374693 -0.381405705 5.514747703
-0.411170033 -0.023594940 0.911252476 34.422552697 0.080763322 0.994790631 0.062199258 0.021943983 -0.907974398 0.099171652 -0.407122861 5.137097270
-0.435765504 -0.015603857 0.899924193 35.140254749 0.082582065 0.994939057 0.057239339 -0.011203025 -0.896264249 0.099261944 -0.432271890 4.713093001
-0.459174128 -0.012141312 0.888262541 35.865587532 0.084919443 0.994727590 0.057494136 -0.039698713 -0.884278656 0.101832011 -0.455722506 4.255626486
-0.480519701 -0.013312632 0.876882119 36.598884234 0.089221154 0.993954613 0.063981759 -0.063667352 -0.872434118 0.108982379 -0.476427368 3.793333453
-0.499403155 -0.014773489 0.866242990 37.331221442 0.094648646 0.992939652 0.071500501 -0.079430568 -0.861184632 0.117697768 -0.494479264 3.279451723
-0.515379569 -0.012372184 0.856871946 38.038615919 0.100652013 0.992101049 0.074863284 -0.099299770 -0.851031069 0.124830375 -0.510063685 2.779226381
-0.528884877 -0.009641098 0.848638059 38.770087496 0.103166460 0.991789730 0.075562169 -0.117626317 -0.842400290 0.127516163 -0.523548308 2.263611354
-0.540738935 -0.005381686 0.841172501 39.497345306 0.105694224 0.991619781 0.074288432 -0.133047533 -0.834524350 0.129079219 -0.535638967 1.723209333
-0.550692898 -0.002965024 0.834701915 40.228663825 0.107640458 0.991391749 0.074536981 -0.163158863 -0.827738845 0.130896185 -0.545633593 1.178126957
-0.558946139 -0.003585254 0.829195465 40.979325422 0.105425925 0.991568024 0.075352881 -0.179743291 -0.822475111 0.129538406 -0.553855490 0.631065948
-0.565454638 -0.004537970 0.824766167 41.731662935 0.103794706 0.991643246 0.076616964 -0.190099502 -0.818222722 0.128931288 -0.560258603 0.056203673
-0.570848537 -0.005342259 0.821037264 42.484498853 0.104075372 0.991441777 0.078812075 -0.211493183 -0.814432911 0.130441029 -0.565407436 -0.527531963
-0.574664905 -0.008840785 0.818340319 43.250781645 0.101329510 0.991478593 0.081867896 -0.219265080 -0.812091914 0.129970144 -0.568872461 -1.109067797
-0.577561552 -0.012176856 0.816255582 44.006567125 0.098011106 0.991621708 0.084142910 -0.232374592 -0.810442579 0.128601338 -0.571529444 -1.690102903
-0.579406905 -0.013210651 0.814930621 44.780610181 0.096156925 0.991777650 0.084443821 -0.242173856 -0.809346762 0.127290071 -0.573372861 -2.284526219
-0.580767225 -0.014715124 0.813935930 45.557018135 0.093996309 0.991937069 0.085002138 -0.255158096 -0.808625267 0.125874943 -0.574701708 -2.884690517
-0.581793908 -0.014408756 0.813207871 46.330004694 0.093939247 0.991961245 0.084782815 -0.264178718 -0.807893534 0.125719776 -0.575763798 -3.498899320
-0.582855193 -0.015450608 0.812428403 47.112313699 0.092120964 0.992116819 0.084957436 -0.270749398 -0.807337755 0.124361084 -0.576837449 -4.114379940
-0.583190045 -0.016402789 0.812169397 47.904112129 0.090182884 0.992308516 0.084797866 -0.286537257 -0.807314759 0.122698562 -0.577225530 -4.726652239
-0.583273978 -0.018544624 0.812063036 48.699078462 0.088046203 0.992405338 0.085903043 -0.296029029 -0.807489961 0.121605589 -0.577211756 -5.344190123
-0.582905381 -0.019324081 0.812309490 49.497177263 0.087435184 0.992420465 0.086351196 -0.307674002 -0.807822451 0.121360517 -0.576797957 -5.965715616
-0.582239623 -0.018811171 0.812798850 50.306477496 0.087462711 0.992481179 0.085622456 -0.320358407 -0.808299451 0.120943889 -0.576216923 -6.602752949
-0.581456293 -0.018072771 0.813376150 51.103843659 0.087687388 0.992537235 0.084738316 -0.339101091 -0.808838802 0.120595968 -0.575532601 -7.224709857
-0.580492860 -0.018608990 0.814051934 51.916743023 0.087674551 0.992498163 0.085207931 -0.351122880 -0.809531915 0.120835744 -0.574506895 -7.847964355
-0.579278709 -0.018401189 0.814921086 52.720485804 0.087908630 0.992503858 0.084899865 -0.365807984 -0.810375815 0.120820790 -0.573319063 -8.492185943
-0.578505529 -0.018700512 0.815463333 53.546133783 0.086896537 0.992634814 0.084409372 -0.373134040 -0.811037028 0.119693736 -0.572620050 -9.126762182
-0.577985664 -0.018607324 0.815834016 54.365335267 0.084830284 0.992953575 0.082745680 -0.388230173 -0.811626217 0.117034755 -0.572334798 -9.770247814
-0.577381854 -0.018380749 0.816266588 55.200976267 0.083362635 0.993194749 0.081330757 -0.407892114 -0.812207849 0.115006541 -0.571920690 -10.401997536
-0.576791122 -0.019249988 0.816664092 56.034091895 0.081743897 0.993344215 0.081148250 -0.421784992 -0.812791894 0.113564398 -0.571378887 -11.043734215
-0.576571625 -0.021069917 0.816774156 56.880021153 0.080399775 0.993352519 0.082380087 -0.440927531 -0.813081649 0.113167982 -0.571045190 -11.692448339
-0.576890917 -0.023213292 0.816490549 57.726538100 0.079802406 0.993212245 0.084621740 -0.457080817 -0.812914003 0.113976928 -0.571122975 -12.354051982
-0.577235248 -0.024100877 0.816221430 58.586877031 0.079823066 0.993111652 0.085774996 -0.477400254 -0.812667507 0.114667153 -0.571335573 -13.023074752
-0.577201147 -0.022991403 0.816277548 59.443738910 0.081537289 0.992985365 0.085624532 -0.492959849 -0.812521528 0.115981142 -0.571277965 -13.690371846
-0.577320928 -0.021085744 0.816244289 60.292975513 0.083503773 0.992900346 0.084710375 -0.504122583 -0.812236659 0.117066057 -0.571461741 -14.357327251
-0.577180876 -0.018717497 0.816401062 61.156165857 0.085530262 0.992852949 0.083231145 -0.520973920 -0.812125318 0.117867930 -0.571455154 -15.026814970
-0.577079475 -0.016144051 0.816527677 62.027646855 0.087034201 0.992895172 0.081142191 -0.548292897 -0.812037589 0.117892834 -0.571574674 -15.706407483
-0.577159032 -0.015960353 0.816475057 62.888815589 0.087195513 0.992888841 0.081046417 -0.567812233 -0.811963738 0.117971140 -0.571663425 -16.381166593
-0.577513648 -0.017037625 0.816202491 63.753788897 0.088453021 0.992590602 0.083305375 -0.568849839 -0.811575482 0.120307075 -0.571727924 -17.052156070
-0.577575883 -0.019383659 0.816106106 64.626672140 0.090069266 0.992101173 0.087307549 -0.598581221 -0.811353399 0.123934325 -0.571268172 -17.731008158
-0.578215019 -0.021845677 0.815591174 65.491549674 0.086428074 0.992376779 0.087854054 -0.609931955 -0.811294211 0.121290018 -0.571919410 -18.397794721
-0.579260054 -0.019289649 0.814913802 66.341565839 0.086634084 0.992600756 0.085077005 -0.639230723 -0.810526397 0.119882530 -0.573303158 -19.074648286
-0.580696528 -0.018441305 0.813910478 67.197388833 0.085343375 0.992856112 0.083385102 -0.648860947 -0.809634957 0.117884815 -0.574974586 -19.735304073
-0.582323808 -0.018087966 0.812754955 68.053163024 0.083999717 0.993062481 0.082284781 -0.669072122 -0.808606050 0.116189082 -0.576764872 -20.400763314
-0.583064448 -0.019448568 0.812192350 68.902966309 0.081549236 0.993263165 0.082327609 -0.694416906 -0.808323133 0.114237474 -0.577550753 -21.066660442
-0.583573162 -0.023009483 0.811733788 69.762500324 0.082589773 0.992733491 0.087515518 -0.691113059 -0.807850238 0.118114128 -0.577432603 -21.737268512
-0.584442695 -0.030995320 0.810842061 70.608390761 0.083069842 0.991734450 0.097785412 -0.702093070 -0.807172130 0.124508010 -0.577037503 -22.405451994
-0.584709133 -0.035959213 0.810444935 71.463228083 0.083271662 0.991079673 0.104051459 -0.700100041 -0.806958344 0.128328456 -0.576499276 -23.081919348
-0.584490789 -0.033695320 0.810699679 72.312216363 0.083447067 0.991343175 0.101366145 -0.718391324 -0.807098392 0.126899608 -0.576619502 -23.757929620
-0.584168222 -0.027365101 0.811170425 73.149830924 0.085468317 0.991800523 0.095008930 -0.719377983 -0.807120414 0.124832086 -0.577039826 -24.432246891
-0.583931479 -0.021736905 0.811511151 73.976793560 0.089736750 0.991786900 0.091136556 -0.730168479 -0.806828385 0.126041394 -0.577185323 -25.091720071
-0.582785858 -0.021868692 0.812330732 74.823845947 0.090203134 0.991719266 0.091411724 -0.747157506 -0.807604321 0.126549755 -0.575987670 -25.748395374
-0.582058759 -0.025510702 0.812745729 75.666802585 0.088315659 0.991611740 0.094373243 -0.737527416 -0.808336966 0.126710464 -0.574923635 -26.413501190
-0.580999317 -0.031921370 0.813277098 76.511647107 0.087132310 0.991048615 0.101145444 -0.738314766 -0.809227079 0.129629667 -0.573017512 -27.073776790
-0.580180876 -0.039645787 0.813521473 77.366743049 0.081247847 0.991015546 0.106239195 -0.740645581 -0.810425604 0.127736336 -0.571747455 -27.715543348
-0.578954899 -0.047566884 0.813970175 78.226490352 0.072644498 0.991317449 0.109600570 -0.723898549 -0.812117443 0.122585756 -0.570472937 -28.364849172
-0.576348339 -0.047809862 0.815803674 79.083521689 0.073757405 0.991169363 0.110194957 -0.715142753 -0.813869263 0.123683758 -0.567732803 -29.019031794
-0.572087544 -0.044787884 0.818968072 79.923415597 0.077476827 0.991092062 0.108322005 -0.715787742 -0.816525521 0.125422232 -0.563521721 -29.662143162
-0.565566151 -0.041042337 0.823680312 80.787423605 0.080616761 0.991226148 0.104744722 -0.713972514 -0.820753689 0.125644018 -0.557295583 -30.300064337
-0.556657774 -0.037169706 0.829909225 81.629914979 0.087133415 0.990875858 0.102823134 -0.713168986 -0.826160182 0.129551630 -0.548340358 -30.931074950
-0.547133830 -0.033407988 0.836377455 82.494508764 0.093627335 0.990490124 0.100811861 -0.720082622 -0.831792798 0.133466879 -0.538803093 -31.543549326
-0.536825484 -0.036394793 0.842907216 83.373444480 0.090453851 0.990827899 0.100389109 -0.715958682 -0.838830905 0.130137134 -0.528609956 -32.135477829
-0.526836418 -0.040408058 0.849004902 84.257549312 0.089072831 0.990744480 0.102426569 -0.716134732 -0.845287068 0.129586811 -0.518361352 -32.732929326
-0.515855620 -0.044877531 0.855498522 85.157416660 0.086641481 0.990773336 0.104217286 -0.715088857 -0.852283441 0.127884218 -0.507208077 -33.303426138
-0.504123665 -0.047420957 0.862327841 86.066973271 0.088197384 0.990443994 0.106026914 -0.701733516 -0.859116640 0.129507220 -0.495124194 -33.881422647
-0.490724362 -0.046494315 0.870072747 86.980910663 0.092910130 0.990089639 0.105309084 -0.707340504 -0.866347606 0.132517783 -0.481541660 -34.438996637
-0.478220650 -0.041551776 0.877255460 87.888062806 0.091802584 0.991042814 0.096985703 -0.724725003 -0.873428980 0.126916350 -0.470122932 -34.990445252
-0.465290460 -0.029743632 0.884657426 88.813766141 0.093278500 0.992222682 0.082420223 -0.733059270 -0.880229980 0.120870314 -0.458897668 -35.516665393
-0.453494037 -0.028919037 0.890789251 89.775374146 0.088282614 0.993100501 0.077184257 -0.739746786 -0.886876696 0.113645244 -0.447812470 -36.045408183
-0.441651754 -0.033220603 0.896570551 90.728743594 0.087123108 0.993003347 0.079710393 -0.755626410 -0.892946946 0.113317682 -0.435667751 -36.564971018
-0.429515288 -0.035142950 0.902374763 91.701998606 0.086423849 0.993056405 0.079810561 -0.783153316 -0.898915188 0.112267983 -0.423496082 -37.060566165
-0.418681988 -0.031881297 0.907572358 92.657933316 0.086732545 0.993411350 0.074907895 -0.819278856 -0.903982220 0.110080065 -0.413158661 -37.554303955
-0.410983075 -0.028920720 0.911183353 93.616155387 0.083048377 0.994152967 0.069012275 -0.848930030 -0.907852903 0.104036584 -0.406178593 -38.030417592
-0.405251750 -0.028709276 0.913753462 94.581417788 0.077765197 0.994801535 0.065744486 -0.883828758 -0.910892213 0.097702685 -0.400912849 -38.502434840
-0.399582372 -0.028456090 0.916254749 95.572033201 0.073337991 0.995321907 0.062894381 -0.926398885 -0.913759550 0.092329160 -0.395626543 -38.979419036
-0.394665927 -0.031273322 0.918291550 96.548189148 0.071784195 0.995316339 0.064747800 -0.948823248 -0.916016862 0.091473958 -0.390572881 -39.440203930
-0.391355066 -0.036844416 0.919501110 97.546511039 0.068877351 0.995222592 0.069193633 -0.976768342 -0.917659082 0.090413466 -0.386948020 -39.916600274
-0.389505252 -0.044484294 0.919948587 98.528245266 0.063857174 0.995124944 0.075156218 -1.004303031 -0.918808467 0.088020443 -0.384766108 -40.380735011
-0.388332872 -0.046763351 0.920331119 99.506305213 0.060506459 0.995262501 0.076101063 -1.035110183 -0.919531204 0.085239903 -0.383664014 -40.823910088
-0.385985107 -0.042470517 0.921526095 100.483004367 0.061308163 0.995550197 0.071560960 -1.075764141 -0.920466129 0.084119915 -0.381664116 -41.269003200
-0.382021863 -0.035532211 0.923469186 101.471330596 0.061895550 0.996033079 0.063928974 -1.105224874 -0.922078809 0.081582271 -0.378307488 -41.725341287
-0.376911350 -0.033828877 0.925630603 102.461197937 0.060873563 0.996267609 0.061197499 -1.153672638 -0.924247448 0.079413832 -0.373445648 -42.175112473
-0.370691479 -0.037445934 0.928000108 103.476800187 0.062074813 0.995953675 0.064983548 -1.179269651 -0.926679909 0.081695647 -0.366867454 -42.626003922
-0.364473937 -0.039009597 0.930395383 104.476483693 0.063816918 0.995726840 0.066748203 -1.218815844 -0.929024900 0.083704311 -0.360427373 -43.070353359
-0.358300657 -0.036836601 0.932878484 105.471920072 0.067378931 0.995595289 0.065191742 -1.252535841 -0.931172292 0.086215962 -0.354240803 -43.498637000
-0.351875438 -0.033733242 0.935438024 106.462289986 0.066029771 0.995966340 0.060753507 -1.302751803 -0.933715628 0.083145782 -0.348229064 -43.925220657
-0.344632629 -0.031567074 0.938205956 107.473967132 0.066838119 0.996072757 0.058065512 -1.340652483 -0.936355785 0.082720542 -0.341169660 -44.332799639
-0.336238449 -0.031270020 0.941256835 108.499510201 0.069818307 0.995870677 0.058024760 -1.375112968 -0.939185953 0.085228463 -0.332667166 -44.759020978
-0.327161801 -0.032863661 0.944395928 109.526655636 0.070547185 0.995756672 0.059089892 -1.424748789 -0.942331898 0.085957774 -0.323455483 -45.163248515
-0.318150540 -0.035336373 0.947380655 110.565961996 0.068945517 0.995796598 0.060295287 -1.469994594 -0.945530497 0.084501964 -0.314377316 -45.553755775
-0.309332028 -0.036427442 0.950255368 111.606068024 0.068030367 0.995857989 0.060320859 -1.521032257 -0.948518186 0.083306726 -0.305572975 -45.943736154
-0.300895060 -0.036494055 0.952957958 112.637804148 0.068335663 0.995873655 0.059714091 -1.571359291 -0.951206389 0.083090015 -0.297159993 -46.317473831
-0.292145668 -0.036261689 0.955685365 113.685181860 0.068397946 0.995929840 0.058697084 -1.611952940 -0.953925487 0.082516335 -0.288476741 -46.682477605
-0.283477227 -0.035777384 0.958310572 114.729394588 0.074924073 0.995422873 0.059325833 -1.666955865 -0.956048246 0.088619373 -0.279499511 -47.050766400
-0.275620929 -0.037149996 0.960547496 115.745372807 0.080642990 0.994836711 0.061615639 -1.710988660 -0.957878393 0.094445303 -0.271202318 -47.400232372
-0.268361414 -0.037957357 0.962569426 116.774962779 0.080658090 0.994829245 0.061716356 -1.755871030 -0.959936267 0.094202615 -0.263912601 -47.732843329
-0.262316497 -0.037650113 0.964246353 117.805274948 0.080971981 0.994855719 0.060872809 -1.805591208 -0.961579333 0.094046192 -0.257918850 -48.061498842
-0.256751111 -0.038827559 0.965696531 118.827613028 0.077554393 0.995142756 0.060630646 -1.857652516 -0.963361518 0.090462300 -0.252493147 -48.377367957
-0.251769016 -0.040651059 0.966932448 119.838741256 0.076127349 0.995189658 0.061660650 -1.894359097 -0.964789215 0.089135547 -0.247463649 -48.679027202
-0.246927493 -0.045806241 0.967949952 120.846009048 0.072652884 0.995195570 0.065629238 -1.929805161 -0.966307210 0.086531316 -0.242413572 -48.972008205
-0.243836375 -0.049024995 0.968575699 121.840735856 0.073442946 0.994920128 0.068847140 -1.965597988 -0.967032165 0.087923786 -0.238997557 -49.272557721
-0.241128407 -0.047703248 0.969319349 122.829541221 0.073428242 0.995031506 0.067234313 -2.018658364 -0.967712065 0.087388812 -0.236427976 -49.562591991
-0.239397380 -0.044041394 0.969921519 123.803544146 0.072646487 0.995357909 0.063126738 -2.048273748 -0.968200724 0.085575058 -0.235087005 -49.850464299
-0.238586028 -0.042909248 0.970172153 124.772873806 0.069431677 0.995712951 0.061113254 -2.096442797 -0.968636782 0.081942735 -0.234584318 -50.136577633
-0.237668204 -0.041842792 0.970443974 125.751749034 0.067967973 0.995906481 0.059586118 -2.129782210 -0.968966176 0.080122121 -0.233851716 -50.417954179
-0.237031669 -0.042308127 0.970579472 126.716773203 0.065139256 0.996110860 0.059328790 -2.191397628 -0.969316326 0.077286907 -0.233354279 -50.691771442
-0.236740907 -0.043453746 0.970599824 127.697302027 0.059612679 0.996467400 0.059151727 -2.225902921 -0.969742933 0.071864966 -0.233314577 -50.967328889
-0.237256813 -0.042689076 0.970507779 128.676888677 0.058939201 0.996560965 0.058243376 -2.274798538 -0.969658012 0.071020866 -0.233925194 -51.238900180
-0.237695190 -0.040076913 0.970511894 129.642133350 0.058917879 0.996713839 0.055588570 -2.314401815 -0.969551940 0.070394914 -0.234553216 -51.520622094
-0.237536219 -0.036322580 0.970698567 130.606108650 0.058940949 0.996920360 0.051726656 -2.373904358 -0.969589498 0.069502123 -0.234664185 -51.801312453
-0.236715874 -0.033486230 0.971000905 131.563461612 0.060983049 0.996923131 0.049246626 -2.401774822 -0.969663830 0.070873329 -0.233945820 -52.076440686
-0.233114088 -0.033512167 0.971871002 132.519970683 0.066217093 0.996539306 0.050245342 -2.451055694 -0.970192968 0.076068646 -0.230088659 -52.354322339
-0.227984137 -0.037896290 0.972926306 133.473775615 0.068822148 0.996115710 0.054926157 -2.486484264 -0.971230160 0.079482448 -0.224490862 -52.628646719
-0.220867648 -0.038809411 0.974530555 134.419600693 0.073690148 0.995687704 0.056352748 -2.545541360 -0.972516592 0.084261077 -0.217055717 -52.898566504
-0.212421821 -0.036723661 0.976486983 135.335244961 0.078873080 0.995388683 0.054591950 -2.577738401 -0.973990393 0.088616332 -0.208546162 -53.132635512
-0.203589127 -0.034579522 0.978444789 136.223454863 0.075856727 0.995814740 0.050976869 -2.626093878 -0.976113987 0.084601221 -0.200114358 -53.357611209
-0.194619385 -0.035086376 0.980250336 137.128196254 0.073070441 0.996064565 0.050159499 -2.672029113 -0.978154032 0.081390592 -0.191290089 -53.570471227
-0.184816468 -0.034461480 0.982167886 138.036316583 0.077400060 0.995770343 0.049502910 -2.718848801 -0.979721089 0.085170060 -0.181367834 -53.778834869
-0.173934130 -0.032002706 0.984236362 138.925408018 0.083622976 0.995381664 0.047142577 -2.775879508 -0.981201011 0.090505728 -0.170455085 -53.977707859
-0.163368318 -0.032863569 0.986016861 139.803117580 0.079960031 0.995715873 0.046434652 -2.820098800 -0.983320146 0.086429131 -0.160041056 -54.161737428
-0.151911478 -0.029926668 0.987940162 140.701018993 0.089642795 0.995004878 0.043924308 -2.884985679 -0.984321284 0.095235565 -0.148470361 -54.342843233
-0.141170336 -0.025058936 0.989667340 141.533695541 0.096244157 0.994596803 0.038912062 -2.941840319 -0.985296562 0.100744165 -0.137996206 -54.502190765
-0.130850179 -0.014265913 0.991298722 142.390123721 0.096587233 0.994956359 0.027067586 -3.016205532 -0.986686607 0.099289828 -0.128812738 -54.646551930
-0.121871942 -0.007125356 0.992519467 143.287468888 0.082034487 0.996480565 0.017226494 -3.080797605 -0.989150609 0.083521458 -0.120858918 -54.776527271
-0.114515974 -0.008347515 0.993385547 144.160823277 0.068034536 0.997550993 0.016225078 -3.151372942 -0.991089692 0.069443745 -0.113668018 -54.899696157
-0.107578204 -0.011247608 0.994132215 145.033368363 0.065809326 0.997662362 0.018408623 -3.220636691 -0.992016863 0.067404721 -0.106586937 -55.024950325
-0.101431424 -0.007049944 0.994816766 145.908275795 0.070256221 0.997427425 0.014231404 -3.318550946 -0.992359370 0.071336760 -0.100675598 -55.150626944
-0.097126038 -0.002100602 0.995269084 146.839084388 0.066027512 0.997781153 0.008549023 -3.394513020 -0.993080208 0.066546649 -0.096772250 -55.276817467
-0.095743306 -0.002262338 0.995402697 147.762515454 0.060555707 0.998131987 0.008092765 -3.470781750 -0.993563100 0.061053311 -0.095427872 -55.408725558
-0.095567998 -0.006732116 0.995399352 148.714804879 0.056416471 0.998333144 0.012168125 -3.554746390 -0.993823604 0.057320967 -0.095029306 -55.541089870
-0.094890020 -0.009098665 0.995445396 149.688575242 0.062206860 0.997949755 0.015051011 -3.633820007 -0.993542953 0.063352893 -0.094129883 -55.678796675
-0.093713067 -0.010407310 0.995544066 150.612999704 0.063545617 0.997843933 0.016412697 -3.715250921 -0.993569938 0.064801718 -0.092850086 -55.808876733
-0.091819887 -0.011265845 0.995711118 151.558805905 0.066341971 0.997645097 0.017405111 -3.798960005 -0.993563915 0.067656746 -0.090856673 -55.952782160
-0.087233328 -0.011733807 0.996118018 152.492615298 0.067121167 0.997589048 0.017628789 -3.880195937 -0.993924797 0.068399592 -0.086235837 -56.074170036
-0.080179200 -0.012200362 0.996705016 153.445744320 0.068209891 0.997513990 0.017696989 -3.948962604 -0.994444627 0.069405238 -0.079148101 -56.188896811
-0.071960113 -0.014406587 0.997302682 154.388661342 0.068634744 0.997453941 0.019360720 -4.028031011 -0.995043932 0.069843975 -0.070788518 -56.296715458
-0.063845631 -0.014404190 0.997855052 155.328008456 0.069128005 0.997430214 0.018820690 -4.096376895 -0.995563394 0.070182504 -0.062686242 -56.392173163
-0.055817633 -0.012736540 0.998358963 156.260274134 0.067955220 0.997551473 0.016525197 -4.173119830 -0.996126449 0.068767250 -0.054815862 -56.478544298
-0.046739921 -0.010420987 0.998851956 157.177210848 0.062884269 0.997931457 0.013353591 -4.265317355 -0.996926470 0.063437358 -0.045988334 -56.550850446
-0.037307736 -0.010580869 0.999247030 158.100488346 0.063876259 0.997873760 0.012950823 -4.324109356 -0.997260948 0.064312459 -0.036552958 -56.635162544
-0.026997020 -0.014275001 0.999532813 159.038519172 0.066194786 0.997677821 0.016036021 -4.391862353 -0.997442156 0.066597913 -0.025989811 -56.705434902
-0.014932997 -0.017933655 0.999726891 159.985827204 0.071863964 0.997234146 0.018961987 -4.471613495 -0.997303372 0.072128621 -0.013603327 -56.763941683
-0.001018255 -0.019324814 0.999811977 160.899570011 0.077529251 0.996802339 0.019345210 -4.543374550 -0.996990278 0.077535491 0.000482820 -56.794828817
0.012365064 -0.020130601 0.999720133 161.816234070 0.078351251 0.996742771 0.019101164 -4.624455489 -0.996849852 0.078094246 0.013901627 -56.826034757
0.024933450 -0.021437983 0.999458465 162.709747755 0.072897110 0.997147419 0.019569451 -4.699838738 -0.997028479 0.072370796 0.026424677 -56.833769747
0.037321604 -0.025839277 0.998968434 163.624059803 0.071535426 0.997170037 0.023119778 -4.763401514 -0.996740308 0.070599851 0.039063998 -56.830930961
0.049303076 -0.034520938 0.998186372 164.535218737 0.065081620 0.997389572 0.031278408 -4.802055968 -0.996661960 0.063422537 0.051420652 -56.806139550
0.061446441 -0.043480953 0.997162115 165.442365571 0.065681717 0.997061277 0.039428733 -4.869055310 -0.995947650 0.063073628 0.064121377 -56.786810721
0.073795754 -0.048969103 0.996069661 166.352235787 0.066229307 0.996829388 0.044099288 -4.923223857 -0.995072531 0.062715718 0.076804577 -56.746025701
0.086425177 -0.051434869 0.994928999 167.228241431 0.065326092 0.996809674 0.045857057 -4.983207805 -0.994115019 0.061032663 0.089509105 -56.696182326
0.098745860 -0.053604367 0.993667151 168.117416587 0.060122162 0.997045275 0.047811504 -5.045515080 -0.993295561 0.055021260 0.101676523 -56.631925111
0.110402660 -0.057294500 0.992233435 169.012604424 0.064056125 0.996671572 0.050422998 -5.082935211 -0.991821330 0.057992819 0.113704876 -56.571366849
0.122054777 -0.058556459 0.990793813 169.890967444 0.065847278 0.996536518 0.050783747 -5.155447174 -0.990337443 0.059043693 0.125487446 -56.495453219
0.132658038 -0.052528486 0.989768260 170.748675367 0.062880676 0.997029065 0.044485516 -5.235314410 -0.989165989 0.056336941 0.135566563 -56.396635034
0.144102371 -0.040137058 0.988747753 171.587945771 0.064286939 0.997446052 0.031120386 -5.314440372 -0.987473130 0.059080043 0.146314237 -56.291656941
0.155798501 -0.032335581 0.987258745 172.445556938 0.063534477 0.997722510 0.022651536 -5.326542289 -0.985744229 0.059196882 0.157497696 -56.202981851
0.166831514 -0.038398836 0.985236717 173.318503779 0.065814259 0.997446469 0.027729836 -5.327834542 -0.983787178 0.060217395 0.168932301 -56.095033409
0.178138219 -0.053435957 0.982552807 174.187525462 0.063480089 0.997068468 0.042715896 -5.345662993 -0.981956484 0.054764175 0.181007741 -55.954603026
0.189080127 -0.066218182 0.979725745 175.055731769 0.068959991 0.996155763 0.054019400 -5.424409449 -0.979538004 0.057348847 0.192919291 -55.828054683
0.201011726 -0.069483371 0.977120792 175.887683988 0.071235184 0.995877112 0.056162276 -5.508564381 -0.976996061 0.058317059 0.205132267 -55.686268242
0.211790028 -0.068929578 0.974880711 176.699104662 0.071101045 0.995953080 0.054972540 -5.554163107 -0.974726163 0.057673349 0.215833525 -55.538489825
0.222180789 -0.068782708 0.972575627 177.501220995 0.069363826 0.996096081 0.054599774 -5.584424670 -0.972535770 0.055331482 0.226084077 -55.382438202
0.232337265 -0.072167279 0.969953613 178.313346808 0.066516119 0.996087727 0.058178347 -5.611572050 -0.970358939 0.051001476 0.236228224 -55.215084218
0.242494795 -0.075297568 0.967225568 179.103939296 0.065875747 0.995960357 0.061018231 -5.654461189 -0.967914318 0.048921019 0.246475129 -55.035142088
0.253441799 -0.078659148 0.964146648 179.887898533 0.068222614 0.995660147 0.063296223 -5.686421691 -0.964942686 0.049735603 0.257707878 -54.866662585
0.264261855 -0.082013913 0.960956906 180.677682793 0.071859444 0.995282585 0.065181729 -5.726968596 -0.961770941 0.051829685 0.268908342 -54.683726369
0.276678136 -0.081180533 0.957526881 181.451839482 0.069685760 0.995496846 0.064263429 -5.788118199 -0.958433384 0.048946591 0.281088988 -54.474409519
0.289514647 -0.076338604 0.954123940 182.210212449 0.067208568 0.995975501 0.059293176 -5.828857009 -0.954811878 0.046959936 0.293479752 -54.262007870
0.301915393 -0.071302092 0.950663937 182.956055192 0.066888129 0.996325923 0.053483773 -5.867448283 -0.950986073 0.047441423 0.305575041 -54.043291637
0.313747044 -0.068782013 0.947011431 183.709076647 0.063476035 0.996660951 0.051357834 -5.896691667 -0.947383249 0.044000014 0.317065084 -53.823083630
0.324356172 -0.070568434 0.943298474 184.440146343 0.061132053 0.996692541 0.053541906 -5.919464643 -0.943958356 0.040299964 0.327597023 -53.591471107
0.332861023 -0.073186123 0.940130942 185.168116305 0.054844035 0.996798483 0.058179016 -5.953236340 -0.941380426 0.032195872 0.335808848 -53.362629285
0.338932034 -0.077982179 0.937572786 185.883437446 0.052154043 0.996583762 0.064036212 -5.965340742 -0.939364927 0.027195104 0.341840920 -53.126649679
0.342035161 -0.081256009 0.936166808 186.607346700 0.051210093 0.996385623 0.067772299 -6.003553956 -0.938291484 0.024761492 0.344959722 -52.897141403
0.343877244 -0.084174323 0.935233668 187.312889759 0.055260950 0.996061995 0.069329595 -6.025663617 -0.937387911 0.027841845 0.347174282 -52.678404660
0.345254589 -0.083416220 0.934794039 188.002807883 0.060195917 0.995959473 0.066641176 -6.074765907 -0.936577354 0.033263429 0.348880564 -52.455487412
0.345745360 -0.080506543 0.934867760 188.680233361 0.062224721 0.996086588 0.062765132 -6.105409996 -0.936263663 0.036471952 0.349401479 -52.242008174
0.345046022 -0.078175524 0.935323854 189.348111287 0.059848213 0.996329845 0.061195636 -6.138993511 -0.936676494 0.034862968 0.348457980 -52.033587812
0.342922892 -0.077294777 0.936177485 190.012761288 0.059540173 0.996393434 0.060456314 -6.157546582 -0.937475483 0.035009135 0.346287927 -51.821520170
0.339808479 -0.079419246 0.937134813 190.692772651 0.060002985 0.996228915 0.062669472 -6.174958679 -0.938579386 0.034936091 0.343292089 -51.607789900
0.334991371 -0.082161379 0.938631538 191.360485260 0.060811484 0.995999148 0.065479217 -6.205060624 -0.940257502 0.035145432 0.338647142 -51.409246232
0.327311131 -0.082577910 0.941300790 192.008232581 0.059050942 0.996014425 0.066843961 -6.234421447 -0.943070433 0.033706758 0.330882579 -51.207571771
0.316767470 -0.082807752 0.944880997 192.679677049 0.056954789 0.996044752 0.068197282 -6.264825653 -0.946792461 0.032213657 0.320230542 -51.014752621
0.305418944 -0.084083918 0.948497761 193.354040424 0.057134179 0.995917150 0.069889746 -6.275040324 -0.950503237 0.032846837 0.308975698 -50.839813282
0.293610646 -0.085790063 0.952067057 194.030061260 0.059330543 0.995679964 0.071422364 -6.301000960 -0.954082872 0.035517151 0.297431874 -50.668779481
0.282149043 -0.084989999 0.955597943 194.704915614 0.060519901 0.995661100 0.070683616 -6.330185577 -0.957460556 0.037890252 0.286068075 -50.502130859
0.272126199 -0.080860395 0.958857508 195.376302391 0.061638492 0.995881408 0.066488954 -6.365367798 -0.960286149 0.041010028 0.275989190 -50.349037163
0.263551028 -0.076401373 0.961614507 196.055686024 0.063991458 0.996047490 0.061598389 -6.390508525 -0.962521381 0.045301691 0.267398024 -50.213534407
0.256856764 -0.075301952 0.963510759 196.710587104 0.065682876 0.996014914 0.060331761 -6.412804426 -0.964215652 0.047790439 0.260778860 -50.069329072
0.249925477 -0.077337632 0.965170921 197.380139077 0.066909369 0.995801705 0.062465738 -6.440791325 -0.965951269 0.048968107 0.254050473 -49.938795593
0.244361878 -0.081834364 0.966224182 198.048887584 0.068224478 0.995414148 0.067051876 -6.460429243 -0.967281838 0.049536132 0.248824025 -49.801833686
0.240316553 -0.082907665 0.967146852 198.718323610 0.067238089 0.995374424 0.068619635 -6.491116851 -0.968363804 0.048539589 0.244779153 -49.659580600
0.237431574 -0.083374728 0.967819022 199.376479741 0.067408136 0.995322285 0.069206561 -6.510913501 -0.969063392 0.048807972 0.241940721 -49.538661370
0.235921109 -0.084952396 0.968051175 200.035422925 0.067414663 0.995202281 0.070905132 -6.531899274 -0.969431772 0.048533747 0.240515913 -49.407331427
0.234929678 -0.086892839 0.968120054 200.700541997 0.070177023 0.994913279 0.072267581 -6.546839182 -0.969476505 0.050962908 0.239832186 -49.286622381
0.234346741 -0.087119035 0.968241002 201.362156638 0.073322886 0.994723509 0.071754754 -6.561853051 -0.969384762 0.054179659 0.239497678 -49.170927883
0.234911357 -0.085427819 0.968254873 202.014412311 0.077562888 0.994601399 0.068934072 -6.585951015 -0.968918007 0.058908178 0.240268834 -49.051080385
0.236612087 -0.081290932 0.968196910 202.662661521 0.076114998 0.994982118 0.064938054 -6.628809528 -0.968618956 0.058330106 0.241611893 -48.921380528
