1.000000000 0.000000000 0.000000000 0.000000000 0.000000000 1.000000000 0.000000000 0.000000000 0.000000000 0.000000000 1.000000000 0.000000238
0.999997107 0.000173037 -0.002399258 0.030137426 -0.000174952 0.999999667 -0.000797581 -0.111195372 0.002399119 0.000797998 0.999996804 0.993408173
0.999982172 0.003083986 -0.005113177 0.070732546 -0.003099015 0.999990894 -0.002933875 -0.229929863 0.005104083 0.002949668 0.999982624 2.010584034
0.999959274 0.004726012 -0.007688679 0.096033995 -0.004712199 0.999987253 0.001813598 -0.336669166 0.007697152 -0.001777294 0.999968797 2.990268086
0.999931091 0.002679692 -0.011429477 0.114646734 -0.002637728 0.999989731 0.003685032 -0.444738473 0.011439234 -0.003654630 0.999927891 3.964272305
0.999882545 -0.000103302 -0.015325957 0.146040755 0.000170505 0.999990377 0.004383672 -0.539765903 0.015325357 -0.004385770 0.999872941 4.910086382
0.999815464 -0.002343637 -0.019066883 0.161527955 0.002436305 0.999985327 0.004838397 -0.632686502 0.019055264 -0.004883956 0.999806503 5.827518655
0.999739089 -0.000410887 -0.022838254 0.177673710 0.000540649 0.999983746 0.005675907 -0.739137777 0.022835551 -0.005686773 0.999723061 6.737398122
0.999624788 -0.000773285 -0.027380386 0.186027860 0.000962427 0.999975763 0.006895415 -0.837139938 0.027374390 -0.006919179 0.999601304 7.647396141
0.999484681 0.001240882 -0.032075427 0.191194199 -0.000951983 0.999958861 0.009020556 -0.941398775 0.032085300 -0.008985372 0.999444744 8.501264728
0.999336478 0.003649003 -0.036239311 0.184117722 -0.003149523 0.999899396 0.013830349 -1.015971921 0.036286132 -0.013707036 0.999247434 9.361376002
0.999177339 0.004793839 -0.040269888 0.177236788 -0.004239172 0.999895128 0.013847856 -1.077240419 0.040332049 -0.013665753 0.999092875 10.201776432
0.998946013 -0.001330457 -0.045881300 0.165329225 0.001751340 0.999956748 0.009134324 -1.143235331 0.045867162 -0.009205050 0.998905136 11.025339628
0.998730043 0.000919411 -0.050373162 0.153529858 -0.000727104 0.999992379 0.003835856 -1.229775771 0.050376304 -0.003794358 0.998723100 11.838142877
0.998399748 0.006201020 -0.056209340 0.129969570 -0.006286166 0.999979347 -0.001338117 -1.332024739 0.056199881 0.001689317 0.998418109 12.633741136
0.997991233 0.007737055 -0.062877946 0.117496610 -0.007844430 0.999968165 -0.001460985 -1.430684190 0.062864641 0.001951292 0.998020155 13.409780672
0.997335546 0.008020238 -0.072508513 0.095124719 -0.008050737 0.999967584 -0.000128367 -1.536164763 0.072505133 0.000711772 0.997367785 14.177676892
0.996562283 0.007157584 -0.082537180 0.055956109 -0.006823869 0.999967366 0.004324605 -1.612838238 0.082565440 -0.003746515 0.996578603 14.912757821
0.995461628 0.005273268 -0.095017578 0.026443329 -0.004474635 0.999952868 0.008616220 -1.678508193 0.095058536 -0.008151948 0.995438306 15.654181777
0.993830050 0.003568345 -0.110856206 -0.042219940 -0.002242937 0.999924537 0.012078503 -1.751930227 0.110890940 -0.011755336 0.993763056 16.364712020
0.991329145 0.002405571 -0.131380131 -0.094613169 -0.000925239 0.999935415 0.011327433 -1.816329636 0.131398895 -0.011107656 0.991267346 17.078078586
0.987962244 0.004486894 -0.154630116 -0.191834063 -0.002775938 0.999932537 0.011278978 -1.897350605 0.154670292 -0.010713961 0.987908048 17.766592940
0.983766900 0.005766099 -0.179358406 -0.319437378 -0.004027992 0.999941351 0.010053368 -1.962519898 0.179405856 -0.009167717 0.983732429 18.395915112
0.978090654 0.010029956 -0.207937664 -0.460383089 -0.008022806 0.999912754 0.010493771 -2.035747870 0.208024775 -0.008595616 0.978085788 19.027131167
0.971091608 0.011443016 -0.238432687 -0.645393710 -0.008675458 0.999882306 0.012653486 -2.079569931 0.238549419 -0.010219182 0.971076590 19.638740844
0.962284382 0.017633624 -0.271473432 -0.860526919 -0.013849597 0.999778481 0.015848575 -2.135916301 0.271692763 -0.011491039 0.962315436 20.224040400
0.951613674 0.024180586 -0.306344110 -1.067034033 -0.019654537 0.999647459 0.017850958 -2.188700363 0.306667758 -0.010966164 0.951753450 20.809724036
0.938771599 0.030645923 -0.343174463 -1.305405186 -0.025096610 0.999472738 0.020601125 -2.246763550 0.343624860 -0.010727235 0.939045729 21.378864799
0.923041944 0.035684362 -0.383040724 -1.549974119 -0.028990745 0.999309591 0.023235263 -2.302607206 0.383605405 -0.010342487 0.923439184 21.949338820
0.904441223 0.041910110 -0.424534589 -1.840816643 -0.033815329 0.999074384 0.026587563 -2.353881353 0.425255921 -0.009691111 0.905021262 22.489184986
0.882743353 0.049205980 -0.467271811 -2.162468224 -0.039403502 0.998750600 0.030734408 -2.401021040 0.468200318 -0.008718448 0.883579341 23.004112088
0.857120630 0.055383287 -0.512129786 -2.494842262 -0.044028265 0.998441739 0.034287113 -2.441790537 0.513230687 -0.006840006 0.858223442 23.506509456
0.829022206 0.061446786 -0.555829538 -2.861112272 -0.048661329 0.998101281 0.037761205 -2.482122954 0.557094478 -0.004257473 0.830438207 23.983577637
0.799032073 0.066387008 -0.597612342 -3.257084582 -0.052340288 0.997793009 0.040860809 -2.510231052 0.599006043 -0.001369895 0.800743332 24.448657425
0.766973435 0.070939028 -0.637745564 -3.665427468 -0.055590932 0.997479321 0.044098222 -2.548724344 0.639266296 0.001630705 0.768983708 24.871679748
0.732720749 0.071080423 -0.676807120 -4.096015772 -0.055450354 0.997459238 0.044725002 -2.586514490 0.678266586 0.004758258 0.734800515 25.293311024
0.696091446 0.068963549 -0.714633282 -4.526258720 -0.052740688 0.997598412 0.044897972 -2.618769543 0.716013351 0.006437157 0.698056907 25.677310688
0.658050518 0.064756201 -0.750184078 -4.993752810 -0.050374348 0.997849119 0.041947107 -2.674119357 0.751286857 0.010186718 0.659897181 26.073577763
0.617332961 0.060893627 -0.784341750 -5.460957733 -0.049357669 0.998033609 0.038635928 -2.712235738 0.785152110 0.014862049 0.619124611 26.411342093
0.575180002 0.063146970 -0.815585940 -5.954343245 -0.052592933 0.997807969 0.040165169 -2.731741205 0.816334459 0.019791854 0.577240274 26.717156268
0.531934357 0.064842493 -0.844299290 -6.480902438 -0.052440048 0.997672583 0.043582785 -2.762511802 0.845160270 0.021091914 0.534096667 27.022979555
0.488795965 0.070190558 -0.869569888 -7.034966090 -0.052252832 0.997324064 0.051130748 -2.795959780 0.870831870 0.020444986 0.491155633 27.319326270
0.445875754 0.074240254 -0.892010760 -7.595197988 -0.051447731 0.997032544 0.057264616 -2.842856944 0.893615098 0.020359026 0.448372130 27.556080359
0.403155488 0.078116204 -0.911791375 -8.162837406 -0.055824699 0.996593865 0.060698201 -2.845425971 0.913427203 0.026429666 0.406143099 27.775785851
0.360817424 0.078426390 -0.929333141 -8.742381232 -0.055343044 0.996502599 0.062607653 -2.881309786 0.930992983 0.028842193 0.363895856 27.982840569
0.318753605 0.077768357 -0.944641848 -9.322226002 -0.056621899 0.996410814 0.062924163 -2.906020830 0.946144862 0.033430111 0.322012931 28.165698905
0.277882234 0.077498629 -0.957483904 -9.934698240 -0.059004292 0.996235346 0.063510863 -2.924923480 0.958801313 0.038847119 0.281408855 28.313071423
0.238183728 0.076410202 -0.968209684 -10.541961049 -0.062916941 0.996020292 0.063127152 -2.949413155 0.969180050 0.045880931 0.242043323 28.454577087
0.198310203 0.072424623 -0.977459839 -11.164012759 -0.066992170 0.995935625 0.060201994 -2.972123331 0.977847183 0.053543487 0.202356078 28.558636683
0.160264762 0.067965804 -0.984731362 -11.795408556 -0.065662853 0.996150878 0.058067363 -2.988102790 0.984887606 0.055354118 0.164110712 28.653471402
0.121966798 0.065846309 -0.990347598 -12.430708235 -0.065100605 0.996179074 0.058216532 -3.022296738 0.990396896 0.057371744 0.125787406 28.728295358
0.084557104 0.063842318 -0.994371286 -13.080887299 -0.066270365 0.996096022 0.058317703 -3.046187128 0.994212419 0.060966172 0.088457849 28.778051343
0.049150499 0.062653051 -0.996824369 -13.747873667 -0.069478216 0.995827457 0.059164625 -3.078595457 0.996371921 0.066349608 0.053298439 28.804250720
0.013929553 0.057126628 -0.998269761 -14.412072911 -0.072107909 0.995824598 0.055980530 -3.103974273 0.997299562 0.071203361 0.017990673 28.797704649
-0.021042219 0.049740863 -0.998540471 -15.074542474 -0.076425022 0.995759239 0.051212823 -3.126380755 0.996853270 0.077391109 -0.017151538 28.773942128
-0.052676267 0.042210967 -0.997719121 -15.763722182 -0.079426106 0.995763926 0.046321683 -3.161243384 0.995447992 0.081684998 -0.049100473 28.708004465
-0.084239041 0.035863410 -0.995799980 -16.489933105 -0.084781551 0.995470271 0.043023575 -3.201062356 0.992832248 0.088049732 -0.080816906 28.611709298
-0.116161876 0.032395459 -0.992701845 -17.134899931 -0.090853999 0.994931142 0.043099570 -3.235528769 0.989066211 0.095197460 -0.112629811 28.532924426
-0.146773447 0.029572927 -0.988727969 -17.830696426 -0.095163174 0.994494451 0.043872066 -3.273170945 0.984581904 0.100529746 -0.143151125 28.417475747
-0.175698130 0.026423662 -0.984089405 -18.504919364 -0.099076332 0.994089631 0.044381145 -3.301450568 0.979445786 0.105297653 -0.172041730 28.289481329
-0.202251500 0.021761060 -0.979091818 -19.198079284 -0.100186209 0.994048201 0.042788993 -3.338421138 0.974195593 0.106745636 -0.198867581 28.140219928
-0.225164865 0.015252021 -0.974201293 -19.924209792 -0.103176610 0.993882119 0.039407111 -3.374571957 0.968842284 0.109387884 -0.222213681 27.969804383
-0.245312622 0.008391314 -0.969407707 -20.659032243 -0.103896954 0.993975716 0.034895531 -3.422588874 0.963860540 0.109278823 -0.242962958 27.778526668
-0.262813071 0.000808894 -0.964846431 -21.382439989 -0.104199535 0.994127190 0.029216197 -3.469877278 0.959203705 0.108214948 -0.261185333 27.580025160
-0.278983480 -0.005821077 -0.960278258 -22.044836338 -0.104928275 0.994179000 0.024457560 -3.522413733 0.954546110 0.107583596 -0.277970312 27.399541460
-0.292171504 -0.015645898 -0.956237951 -22.743526028 -0.105170867 0.994327606 0.015865070 -3.584893416 0.950565569 0.105203696 -0.292159685 27.189152872
-0.302441507 -0.025174514 -0.952835441 -23.479331106 -0.107844675 0.994135844 0.007965509 -3.652907013 0.947047338 0.105167329 -0.303382881 26.971939399
-0.311266796 -0.033826460 -0.949720355 -24.183802872 -0.110061391 0.993924564 0.000671257 -3.719143837 0.943927684 0.104736483 -0.313098702 26.743197567
-0.318737139 -0.037436420 -0.947103559 -24.896788156 -0.112225470 0.993681622 -0.001509293 -3.794665867 0.941175903 0.105808074 -0.320924557 26.516920796
-0.324997065 -0.037323236 -0.944978245 -25.625904606 -0.116071006 0.993240679 0.000689730 -3.869757159 0.938565091 0.109908736 -0.327132451 26.281405609
-0.328923476 -0.035478414 -0.943689901 -26.338844524 -0.119114548 0.992871678 0.004189998 -3.937923740 0.936814320 0.113785385 -0.330804799 26.034914619
-0.330537014 -0.032171255 -0.943244556 -27.049311463 -0.124326275 0.992193719 0.009726341 -4.005873418 0.935568415 0.120484998 -0.331956481 25.805186525
-0.328136039 -0.031349169 -0.944110147 -27.773974790 -0.127458883 0.991778709 0.011367757 -4.075653907 0.935991973 0.124065396 -0.329434067 25.565797328
-0.320496852 -0.029720575 -0.946783214 -28.513004051 -0.132414261 0.991099614 0.013712013 -4.139469602 0.937948949 0.129762257 -0.321579734 25.330253990
-0.309498587 -0.026427420 -0.950532596 -29.238217371 -0.136044660 0.990560987 0.016756563 -4.201672422 0.941117673 0.134501017 -0.310172535 25.130157111
-0.291260941 -0.021711336 -0.956397241 -29.979639287 -0.138445953 0.990174354 0.019684175 -4.265147202 0.946572650 0.138142559 -0.291404961 24.911627818
-0.270260092 -0.018593526 -0.962607793 -30.707236550 -0.140664887 0.989847627 0.020373145 -4.330458999 0.952456231 0.140911164 -0.270131767 24.748105827
-0.245519373 -0.015377189 -0.969269715 -31.447626976 -0.141008178 0.989806092 0.020014867 -4.399740089 0.959081296 0.141588994 -0.245184880 24.592821584
-0.218222442 -0.012158280 -0.975823315 -32.174701087 -0.140937303 0.989832621 0.019184846 -4.470378677 0.965668495 0.141716471 -0.217717247 24.473504007
-0.188521585 -0.007631921 -0.982039391 -32.898082617 -0.140881794 0.989837260 0.019352481 -4.534443715 0.971911484 0.141999831 -0.187680888 24.377221319
-0.157086022 -0.001830661 -0.987583227 -33.602615879 -0.134314961 0.990746263 0.019527754 -4.627590588 0.978408643 0.135714740 -0.155878275 24.315847254
-0.125490873 0.003053338 -0.992090076 -34.312520332 -0.133170391 0.990893462 0.019894566 -4.676333715 0.983116315 0.134613610 -0.123941471 24.271359285
-0.094017422 0.007738136 -0.995540479 -35.004959061 -0.132026190 0.991040965 0.020171527 -4.747258380 0.986777487 0.133333891 -0.092153480 24.259879478
-0.062671124 0.011111266 -0.997972379 -35.680390169 -0.131992762 0.991062320 0.019323272 -4.815014515 0.989267528 0.132936142 -0.060644383 24.269964855
-0.030769203 0.014959234 -0.999414567 -36.352382036 -0.132930809 0.990944622 0.018925026 -4.875896579 0.990647594 0.133435295 -0.028502034 24.274201509
0.000667431 0.017396704 -0.999848443 -36.984623111 -0.134429115 0.990774809 0.017149093 -4.939979124 0.990922988 0.134397296 0.002999898 24.332055571
0.037395843 0.018777995 -0.999124085 -37.626697490 -0.137350546 0.990430858 0.013473768 -5.005289208 0.989816336 0.136726376 0.039617165 24.372260721
0.078989361 0.022030046 -0.996632007 -38.252107502 -0.143511816 0.989592898 0.010500235 -5.069439578 0.986491277 0.142199063 0.081328882 24.463675902
0.125743062 0.025490389 -0.991735309 -38.878766666 -0.146085069 0.989247939 0.006904192 -5.137725453 0.981248101 0.144009567 0.128114830 24.575885495
0.172700397 0.029355584 -0.984536857 -39.444385299 -0.145278781 0.989382608 0.004016306 -5.211000955 0.974201544 0.142338696 0.175131512 24.725269477
0.222245354 0.031973316 -0.974466372 -40.033319520 -0.141309863 0.989965382 0.000253488 -5.280240846 0.964696079 0.137645373 0.224533351 24.906769922
0.272840379 0.035453215 -0.961405844 -40.565102741 -0.138692583 0.990331410 -0.002840117 -5.357497279 0.952009714 0.134114758 0.275119495 25.110669626
0.324942655 0.047409574 -0.944544654 -41.097219560 -0.143946654 0.989585438 0.000149718 -5.439880297 0.934714733 0.135915393 0.328382969 25.347031508
0.376436923 0.054892095 -0.924814631 -41.562233188 -0.145831097 0.989309296 -0.000638993 -5.495438294 0.914892635 0.135107273 0.380417522 25.604686679
0.428833624 0.056831980 -0.901594060 -42.050316425 -0.143480306 0.989635804 -0.005863190 -5.548052320 0.891916546 0.131875324 0.432543378 25.912645885
0.478186453 0.052093312 -0.876712041 -42.485474839 -0.134832191 0.990759818 -0.014671827 -5.616981747 0.867846758 0.125224874 0.480791779 26.231512104
0.525693837 0.045138125 -0.849475449 -42.866931489 -0.125326828 0.991804073 -0.024856945 -5.696858129 0.841391214 0.119529206 0.527042307 26.548145055
0.570560645 0.036334948 -0.820451291 -43.226117708 -0.120418710 0.991924522 -0.039813030 -5.768000954 0.812379151 0.121513434 0.570328503 26.901706251
0.612971749 0.034928788 -0.789332386 -43.561454769 -0.118689994 0.991756655 -0.048284798 -5.846211599 0.781139117 0.123283073 0.612064509 27.264032893
0.651584424 0.034987160 -0.757768855 -43.879505709 -0.114153081 0.992082866 -0.052351330 -5.933417519 0.749937872 0.120612960 0.650419635 27.643757286
0.687414693 0.035937060 -0.725375467 -44.172017240 -0.105646864 0.993099276 -0.050917269 -6.025545594 0.718540034 0.111634922 0.686467671 28.024018327
0.719680007 0.037653847 -0.693284123 -44.441245857 -0.100407465 0.993676064 -0.050261526 -6.109469398 0.687007299 0.105783117 0.718909524 28.422099277
0.750125075 0.037833679 -0.660212833 -44.704620666 -0.095627543 0.994074459 -0.051685036 -6.185559559 0.654345280 0.101904773 0.749298119 28.815828136
0.777934536 0.038445549 -0.627168078 -44.924882027 -0.090791850 0.994529459 -0.051652636 -6.274486069 0.621751315 0.097124120 0.777169355 29.222110866
0.804545712 0.039260516 -0.592591604 -45.161869301 -0.086589319 0.994904542 -0.051645349 -6.351097879 0.587544455 0.092863147 0.803845725 29.647958456
0.826223440 0.039239506 -0.561974277 -45.299671805 -0.082481107 0.995246941 -0.051772522 -6.419000768 0.557271651 0.089127931 0.825532869 30.024148029
0.848184577 0.039223938 -0.528246539 -45.497640997 -0.078287679 0.995585287 -0.051778145 -6.493768978 0.523883540 0.085272619 0.847510836 30.477076157
0.867108503 0.038158632 -0.496655577 -45.675615627 -0.073166278 0.996003798 -0.051216498 -6.573227693 0.492716490 0.080748701 0.866435288 30.898002585
0.883435375 0.037231622 -0.467071456 -45.845859496 -0.068031643 0.996467014 -0.049246164 -6.639307564 0.463587785 0.075281442 0.882847139 31.359535622
0.896398914 0.036489313 -0.441743724 -45.999501660 -0.063152195 0.996952479 -0.045799062 -6.714154033 0.438726324 0.068951315 0.895971500 31.764248619
0.909189411 0.036966611 -0.414738574 -46.189681709 -0.060939093 0.997139485 -0.044713252 -6.782628355 0.411899310 0.065926608 0.908841373 32.173283403
0.918302378 0.037196893 -0.394128321 -46.348671270 -0.059470529 0.997240066 -0.044446682 -6.862923704 0.391387274 0.064254514 0.917980043 32.612147064
0.925639679 0.037531944 -0.376540221 -46.490859272 -0.057437789 0.997474735 -0.041773840 -6.933231869 0.374021504 0.060295161 0.925457945 33.092836632
0.931542490 0.036620848 -0.361783780 -46.625655623 -0.055554732 0.997568994 -0.042068691 -6.995542804 0.359363690 0.059287574 0.931312365 33.535814023
0.936445421 0.034858177 -0.349077185 -46.753653979 -0.052652511 0.997745439 -0.041614335 -7.062824203 0.346839569 0.057349344 0.936169518 33.996913688
0.940035157 0.034192467 -0.339359366 -46.890260925 -0.051073954 0.997855529 -0.040936458 -7.136827884 0.337231902 0.055814134 0.939765623 34.492808173
0.943846841 0.033354098 -0.328695369 -47.050760126 -0.048163237 0.998153442 -0.037013638 -7.203190738 0.326853857 0.050766238 0.943710414 34.973678924
0.945402115 0.032813258 -0.324250107 -47.176775295 -0.046991845 0.998246628 -0.035992172 -7.273382902 0.322500555 0.049264186 0.945286428 35.451943793
0.946773640 0.031840006 -0.320321540 -47.322709055 -0.045234302 0.998381887 -0.034459625 -7.336980988 0.318706028 0.047114986 0.946681914 35.913187101
0.946007897 0.031873779 -0.322572661 -47.461304645 -0.044494160 0.998502608 -0.031824691 -7.407519073 0.321075270 0.044459008 0.946009549 36.362859461
0.946015051 0.032189322 -0.322520342 -47.621611083 -0.043445359 0.998670032 -0.027760891 -7.473649318 0.321197796 0.040274233 0.946155358 36.867187157
0.944306645 0.032159954 -0.327491523 -47.779891671 -0.041789878 0.998875094 -0.022408769 -7.535186913 0.326402461 0.034846580 0.944588349 37.360383455
0.941891942 0.033126421 -0.334278641 -47.937230926 -0.041755432 0.998953613 -0.018659124 -7.603068516 0.333310746 0.031532827 0.942289567 37.843915644
0.938933407 0.038255075 -0.341965797 -48.123138652 -0.045767562 0.998855076 -0.013923663 -7.658807380 0.341041621 0.028724333 0.939609241 38.361246717
0.936939632 0.040181846 -0.347173654 -48.301695341 -0.046702302 0.998854387 -0.010431162 -7.721539087 0.346356783 0.025987178 0.937742846 38.877382196
0.934911966 0.040784184 -0.352528391 -48.492558022 -0.046533628 0.998885907 -0.007846457 -7.783416537 0.351815630 0.023740171 0.935768223 39.413684386
0.933122056 0.041735896 -0.357129310 -48.677490601 -0.046852570 0.998885646 -0.005683595 -7.830210677 0.356494131 0.022035914 0.934037661 39.941444344
0.931675153 0.042891680 -0.360751595 -48.864657111 -0.047361629 0.998871483 -0.003554736 -7.892400937 0.360192012 0.020397642 0.932655162 40.467642189
0.930574266 0.046039155 -0.363196822 -49.061989682 -0.049970346 0.998749678 -0.001430427 -7.952199255 0.362676853 0.019480190 0.931711341 41.007538069
0.929900852 0.047343262 -0.364750628 -49.260516626 -0.050915410 0.998702954 -0.000176634 -8.012175244 0.364269167 0.018735680 0.931105230 41.544255589
0.929594887 0.047604293 -0.365495797 -49.456215372 -0.051002612 0.998698456 0.000357231 -8.075585115 0.365037094 0.018309161 0.930812922 42.080848970
0.929398713 0.048625940 -0.365860014 -49.652957654 -0.051428771 0.998674484 0.002087277 -8.136697281 0.365476556 0.016875818 0.930667553 42.629557072
0.929648316 0.049546154 -0.365101612 -49.850073143 -0.051953899 0.998644253 0.003232327 -8.204895040 0.364766776 0.015963525 0.930962064 43.185272131
0.929643084 0.051281863 -0.364875195 -50.047906841 -0.052946201 0.998582501 0.005448716 -8.254381762 0.364637405 0.014253394 0.931040495 43.730175676
0.930048528 0.051711838 -0.363779633 -50.236951284 -0.053016337 0.998573099 0.006405760 -8.318054532 0.363591809 0.013328596 0.931463013 44.262126765
0.930445910 0.051617262 -0.362775504 -50.423033713 -0.052126377 0.998605233 0.008392225 -8.369829055 0.362702700 0.011101662 0.931838776 44.795457756
0.930949214 0.051756529 -0.361462063 -50.609485940 -0.051736058 0.998613282 0.009741314 -8.434473965 0.361464994 0.009631954 0.932335929 45.342533493
0.931588123 0.052102353 -0.359762303 -50.795406814 -0.050835949 0.998622567 0.012987517 -8.480699407 0.359943434 0.006189842 0.932953595 45.886976991
0.932463304 0.052410184 -0.357442806 -50.999005621 -0.049269396 0.998625213 0.017894408 -8.535929162 0.357889247 0.000925113 0.933763584 46.448600362
0.933364010 0.051494482 -0.355218163 -51.199830649 -0.047383961 0.998671101 0.020268015 -8.587223160 0.355789805 -0.002085792 0.934563676 47.028643430
0.933945982 0.050102711 -0.353885038 -51.376923283 -0.045170420 0.998732829 0.022189381 -8.630404508 0.354548354 -0.004738547 0.935025674 47.570396347
0.934664104 0.050029184 -0.351994450 -51.551153780 -0.044127528 0.998718659 0.024775003 -8.688826915 0.352782899 -0.007623661 0.935674145 48.117739734
0.935432821 0.050551576 -0.349871370 -51.738827112 -0.043719824 0.998667958 0.027402301 -8.737313675 0.350790556 -0.010336697 0.936396891 48.679291037
0.936118243 0.054126138 -0.347495317 -51.934142069 -0.047078874 0.998478846 0.028697972 -8.796131217 0.348520034 -0.010505007 0.937242461 49.268325073
0.936706407 0.057215616 -0.345409150 -52.088900848 -0.049593832 0.998292265 0.030870771 -8.829783547 0.346585573 -0.011786686 0.937944303 49.833048799
0.937961541 0.059016309 -0.341680002 -52.276368820 -0.050782608 0.998164340 0.033001176 -8.869055787 0.343000401 -0.013602432 0.939236764 50.390260310
0.939835276 0.061411291 -0.336062953 -52.483479563 -0.051879247 0.997957345 0.037278441 -8.917929267 0.337665809 -0.017600901 0.941101487 50.941389063
0.941518368 0.063093871 -0.331002003 -52.668295795 -0.052880376 0.997808150 0.039781430 -8.952713339 0.332786460 -0.019951437 0.942791129 51.477077780
0.943359239 0.064355962 -0.325471436 -52.852386077 -0.054463945 0.997737167 0.039423644 -8.991589825 0.327272095 -0.019464201 0.944729655 52.050291765
0.944967080 0.067873193 -0.320047571 -53.016968029 -0.058617384 0.997538712 0.038477530 -9.027647519 0.321871435 -0.017599648 0.946619793 52.616003131
0.946854543 0.069000007 -0.314174272 -53.199320320 -0.060177091 0.997475229 0.037707880 -9.077118002 0.315982898 -0.016797784 0.948616173 53.203969024
0.948452160 0.072220333 -0.308581794 -53.359194023 -0.063852918 0.997267878 0.037142762 -9.110804641 0.310421173 -0.015524285 0.950472352 53.792297308
0.950274780 0.070626478 -0.303298110 -53.513981773 -0.062329368 0.997370942 0.036962875 -9.156866680 0.305111280 -0.016220509 0.952178556 54.392003657
0.951743790 0.067604695 -0.299354911 -53.670489842 -0.058644970 0.997523648 0.038824471 -9.194090881 0.301238319 -0.019395290 0.953351613 54.994871798
0.952195218 0.066588487 -0.298144662 -53.793366884 -0.057384209 0.997569262 0.039529999 -9.242157276 0.300052193 -0.020531480 0.953701809 55.606978221
0.953076292 0.064354911 -0.295810797 -53.975360058 -0.054528079 0.997655290 0.041359539 -9.285998162 0.297778896 -0.023288801 0.954350754 56.184322755
0.953017127 0.064342762 -0.296003993 -54.136963416 -0.054088162 0.997622265 0.042711679 -9.322317745 0.298048361 -0.024694650 0.954231287 56.769259527
0.952686276 0.061023650 -0.297766642 -54.308643770 -0.050077652 0.997764176 0.044259222 -9.363831776 0.299801747 -0.027253699 0.953612158 57.392131625
0.951655031 0.061063680 -0.301038084 -54.462759286 -0.049383519 0.997707765 0.046265355 -9.412556364 0.303173167 -0.029162338 0.952489154 57.972987789
0.950294726 0.057109641 -0.306069310 -54.632159136 -0.044520521 0.997856501 0.047961719 -9.448305789 0.308152327 -0.031951403 0.950800321 58.592568514
0.948747782 0.055354743 -0.311148676 -54.812531078 -0.042152577 0.997908809 0.049001725 -9.484125440 0.313210483 -0.033374559 0.949097114 59.195588702
0.947232311 0.053194894 -0.316103230 -54.998238460 -0.039215972 0.997957610 0.050425343 -9.518692107 0.318139995 -0.035368218 0.947383783 59.813253976
0.945429469 0.052603541 -0.321552462 -55.187557391 -0.037600242 0.997902428 0.052696919 -9.560394892 0.323650027 -0.037730770 0.945424269 60.420512946
0.943954193 0.049530661 -0.326339080 -55.378869705 -0.033467936 0.997944155 0.054656754 -9.595056105 0.328375363 -0.040671577 0.943671258 61.027735874
0.941445995 0.048961688 -0.333589856 -55.566390216 -0.032975238 0.998027470 0.053420999 -9.620575324 0.335547423 -0.039292781 0.941203487 61.657026604
0.939553480 0.045929125 -0.339307787 -55.762076781 -0.028529579 0.998017817 0.056093673 -9.652514549 0.341211550 -0.043022697 0.939001451 62.290663616
0.938128857 0.046274434 -0.343180600 -55.977861431 -0.028016157 0.997924887 0.057974266 -9.683172914 0.345151188 -0.044772730 0.937478565 62.904143942
0.935957821 0.045976356 -0.349097597 -56.182677934 -0.026129699 0.997774128 0.061351673 -9.715792599 0.351141277 -0.048300763 0.935075847 63.535870251
0.935553242 0.048746171 -0.349805578 -56.410682626 -0.028003658 0.997549525 0.064115061 -9.763573701 0.352073752 -0.050187218 0.934625763 64.162193366
0.934219469 0.046498051 -0.353655078 -56.625518532 -0.024539481 0.997496233 0.066325557 -9.777810858 0.355853617 -0.053284115 0.933021439 64.796135876
0.932252795 0.047318926 -0.358699938 -56.850576868 -0.024997779 0.997465573 0.066614873 -9.806749610 0.360942983 -0.053135200 0.931072937 65.461595689
0.931150302 0.054288402 -0.360571608 -57.088821457 -0.031048160 0.997067840 0.069940936 -9.840734787 0.363311336 -0.053930439 0.930105575 66.138706099
0.930824904 0.053656407 -0.361505170 -57.314540202 -0.030044095 0.997050178 0.070627865 -9.870615922 0.364228431 -0.054881080 0.929691194 66.764132402
0.930434039 0.053449678 -0.362540522 -57.539429317 -0.029866429 0.997075183 0.070349668 -9.891157562 0.365240325 -0.054627935 0.929309041 67.409264407
0.930484077 0.052333455 -0.362574947 -57.774816265 -0.028887480 0.997143257 0.069791396 -9.921780097 0.365191589 -0.054465906 0.929337704 68.073209186
0.930234012 0.052497682 -0.363192340 -58.008798429 -0.029324819 0.997183545 0.069029212 -9.947480726 0.365793299 -0.053562771 0.929153535 68.736959806
0.930201076 0.051677592 -0.363394255 -58.242346773 -0.028541009 0.997225203 0.068755406 -9.982815221 0.365939024 -0.053584714 0.929094887 69.406043390
0.930178280 0.051718002 -0.363446854 -58.479885075 -0.028916718 0.997272762 0.067903331 -10.007801214 0.365967472 -0.052652514 0.929136977 70.081491119
0.930092229 0.052394588 -0.363570147 -58.717335091 -0.029276683 0.997199995 0.068811666 -10.035612028 0.366157508 -0.053357068 0.929021906 70.769649507
0.930067128 0.050310021 -0.363928619 -58.961519213 -0.026758014 0.997224821 0.069474207 -10.055623720 0.366413900 -0.054877669 0.928832221 71.452298402
0.929778453 0.049904452 -0.364721228 -59.199269971 -0.025500757 0.997119854 0.071426239 -10.081780512 0.367235265 -0.057109910 0.928373157 72.145176732
0.929390669 0.048921775 -0.365841009 -59.439014136 -0.023363460 0.996986891 0.073968161 -10.118594288 0.368357344 -0.060198007 0.927733295 72.839850524
0.928734129 0.048143365 -0.367607310 -59.681813506 -0.021947578 0.996933432 0.075113483 -10.142964138 0.370096233 -0.061692365 0.926942733 73.543479964
0.927752476 0.047668537 -0.370139236 -59.931146507 -0.020394682 0.996802790 0.077254480 -10.169059145 0.372638431 -0.064124163 0.925758441 74.246654637
0.927159472 0.051035447 -0.371174752 -60.190536026 -0.022567358 0.996487541 0.080643004 -10.185877090 0.373986667 -0.066392491 0.925054598 74.953297632
0.926338455 0.053753255 -0.372837304 -60.454677329 -0.024472517 0.996263065 0.082831167 -10.209642823 0.375896480 -0.067605428 0.924192265 75.662551854
0.925848290 0.055811852 -0.373751230 -60.701597828 -0.025838487 0.996068426 0.084735251 -10.225156339 0.377011031 -0.068794821 0.923650343 76.371821414
0.925154138 0.059687514 -0.374869605 -60.978781812 -0.028670704 0.995726830 0.087784226 -10.239966873 0.378507346 -0.070466165 0.922912081 77.091097094
0.924920509 0.063006475 -0.374902968 -61.245585865 -0.031953010 0.995564928 0.088484343 -10.249813282 0.378815333 -0.069861706 0.922831667 77.787837679
0.924051918 0.067957110 -0.376177995 -61.522087263 -0.037199199 0.995386552 0.088441117 -10.260335068 0.380452720 -0.067730663 0.922316803 78.488679283
0.923449436 0.071927917 -0.376918445 -61.792695409 -0.042788804 0.995450579 0.085130855 -10.275016009 0.381326969 -0.062486151 0.922325985 79.189383467
0.923045404 0.073158182 -0.377670573 -62.053740824 -0.044450257 0.995457751 0.084190499 -10.291646633 0.382114323 -0.060924099 0.922104602 79.885484823
0.922494776 0.073582049 -0.378931485 -62.321797133 -0.043218951 0.995179626 0.088032007 -10.307069938 0.383582469 -0.064832046 0.921228145 80.569620190
0.922524909 0.076439503 -0.378291943 -62.578876358 -0.044798705 0.994772938 0.091759891 -10.325735307 0.383328668 -0.067703796 0.921127205 81.241129049
0.922713110 0.076234083 -0.377874160 -62.833169422 -0.044239645 0.994715288 0.092651763 -10.335071330 0.382940426 -0.068773978 0.921209406 81.915307244
0.922859188 0.073602257 -0.378039186 -63.081001777 -0.041715091 0.994897087 0.091867505 -10.343927471 0.382871741 -0.069010832 0.921220242 82.571263761
0.923956171 0.068568434 -0.376302224 -63.323095181 -0.036119195 0.995045447 0.092628087 -10.362465027 0.380789178 -0.071992559 0.921855018 83.231110506
0.924963316 0.067525575 -0.374009573 -63.563413508 -0.035358604 0.995110949 0.092216965 -10.372188489 0.378408025 -0.072072854 0.922828733 83.868713812
0.926239769 0.067762547 -0.370793915 -63.799970536 -0.036604857 0.995229019 0.090439399 -10.394544566 0.375153269 -0.070195709 0.924301135 84.512489724
0.928052965 0.064645958 -0.366795031 -64.020383805 -0.033941551 0.995403150 0.089557465 -10.411460246 0.370898457 -0.070664478 0.925981029 85.128654796
0.930492583 0.061620868 -0.361090599 -64.243588673 -0.031640822 0.995585614 0.088363697 -10.424483633 0.364941654 -0.070796561 0.928334765 85.738390022
0.933734500 0.058490268 -0.353155450 -64.457951454 -0.029793327 0.995835792 0.086159353 -10.442868444 0.356724321 -0.069928284 0.931588855 86.324354532
0.936842921 0.056003636 -0.345237505 -64.637538476 -0.028402368 0.996018714 0.084498678 -10.458142619 0.348595249 -0.069356426 0.934703717 86.931759847
0.939757556 0.050042451 -0.338158970 -64.806330845 -0.023324130 0.996308150 0.082619940 -10.478871945 0.341045042 -0.069755449 0.937455309 87.528428433
0.941876937 0.049127906 -0.332346634 -64.982690250 -0.023236645 0.996407573 0.081437135 -10.502099622 0.335153538 -0.068981139 0.939634880 88.118625759
0.944433182 0.044113793 -0.325729854 -65.135949860 -0.019596671 0.996747359 0.078170790 -10.520869758 0.328118782 -0.067443867 0.942225764 88.682271246
0.946591719 0.041978790 -0.319690318 -65.282334917 -0.018862129 0.997000100 0.075066779 -10.546804421 0.321882491 -0.065027551 0.944543847 89.252281983
0.948388185 0.038245623 -0.314796954 -65.449527495 -0.015942727 0.997195595 0.073121649 -10.568662810 0.316710719 -0.064328986 0.946338260 89.800631238
0.949683231 0.037281518 -0.310985289 -65.595852145 -0.015036389 0.997172634 0.073625033 -10.595199461 0.312850873 -0.065244364 0.947558708 90.366777858
0.950285571 0.037353635 -0.309131104 -65.732394560 -0.014363026 0.996980175 0.076316671 -10.624141283 0.311048287 -0.068082573 0.947952386 90.925906678
0.949776333 0.038728016 -0.310523846 -65.872468404 -0.015061190 0.996819590 0.078255128 -10.645602033 0.312566919 -0.069648010 0.947338945 91.474644499
0.948523620 0.039229375 -0.314267398 -66.027977254 -0.014786053 0.996702106 0.079788998 -10.661618744 0.316361051 -0.071034975 0.945975538 92.003923931
0.947260672 0.038341607 -0.318162130 -66.178178804 -0.013168991 0.996635523 0.080896304 -10.676092967 0.320193376 -0.072440013 0.944578555 92.516988096
0.945299371 0.039091222 -0.323853325 -66.348062299 -0.013630799 0.996660085 0.080516309 -10.680970764 0.325919164 -0.071697637 0.942674996 93.021592092
0.943201857 0.038440647 -0.329988749 -66.522655216 -0.012611439 0.996710225 0.080060465 -10.701666022 0.331980736 -0.071351546 0.940583727 93.512009686
0.940642129 0.041025033 -0.336911459 -66.694181973 -0.014724432 0.996665843 0.080252028 -10.708772420 0.339080486 -0.070527609 0.938109951 93.996498707
0.938031657 0.043307972 -0.343832851 -66.860652136 -0.016055617 0.996526273 0.081716612 -10.727940343 0.346177450 -0.071132320 0.935468528 94.481056822
0.934303673 0.043459990 -0.353818989 -67.066333120 -0.015498576 0.996554306 0.081481958 -10.742500394 0.356141042 -0.070645202 0.931757916 94.980663050
0.930144738 0.040429739 -0.364960548 -67.229348719 -0.011581330 0.996655625 0.080891520 -10.764916487 0.367010407 -0.071014093 0.927502216 95.449710659
0.924263632 0.038423644 -0.379816222 -67.442454055 -0.008750046 0.996792750 0.079546524 -10.778716132 0.381654524 -0.070198549 0.921635496 95.939079871
0.917530912 0.040802250 -0.395565673 -67.660022925 -0.009349638 0.996660668 0.081117798 -10.790746957 0.397554537 -0.070729692 0.914848458 96.412454646
0.908976125 0.041328515 -0.414794357 -67.867413575 -0.007540672 0.996540405 0.082766903 -10.803155747 0.416779970 -0.072105310 0.906143080 96.867188162
0.898274262 0.040316620 -0.437581902 -68.059373660 -0.004261083 0.996534726 0.083068542 -10.815027495 0.439414604 -0.072753760 0.895333288 97.305191250
0.887226509 0.037372066 -0.459817844 -68.161972879 0.001861727 0.996415234 0.084576687 -10.812268170 0.461330311 -0.075894734 0.883976433 97.558186297
0.866850797 0.037408647 -0.497162236 -68.398397068 0.004965928 0.996483801 0.083638350 -10.829449494 0.498542912 -0.074970842 0.863617009 97.936510839
0.842499062 0.039660669 -0.537235854 -68.644511052 0.005461470 0.996606022 0.082137751 -10.854580344 0.538670125 -0.072135076 0.839423032 98.277738341
0.815237321 0.043797676 -0.577468504 -68.926159860 0.003671525 0.996725263 0.080779149 -10.861133382 0.579115385 -0.067974367 0.812406829 98.576474673
0.786150803 0.047029895 -0.616242732 -69.199173730 0.000046188 0.997096032 0.076154460 -10.871838345 0.618034719 -0.059897353 0.783865673 98.868202365
0.754063983 0.046822120 -0.655129910 -69.489127079 0.000150227 0.997443443 0.071460174 -10.882549739 0.656800949 -0.053983961 0.752129141 99.130238794
0.719299876 0.049204555 -0.692954977 -69.777629710 -0.002117884 0.997639189 0.068640822 -10.896680887 0.694696483 -0.047905736 0.717705955 99.365084985
0.678892088 0.050616423 -0.732491305 -70.126382641 -0.002370544 0.997766893 0.066750345 -10.918821754 0.734234236 -0.043579878 0.677496037 99.595591610
0.636112437 0.055871333 -0.769570894 -70.436262839 -0.006187749 0.997712257 0.067319865 -10.939881248 0.771571564 -0.038061092 0.635002893 99.799084867
0.590551778 0.059106146 -0.804832319 -70.776932893 -0.008213890 0.997702792 0.067243373 -10.948024318 0.806957948 -0.033099889 0.589680649 99.971418206
0.542464102 0.064154561 -0.837625746 -71.142768061 -0.012018346 0.997570370 0.068621539 -10.960728548 0.839993010 -0.027157846 0.541917147 100.131535500
0.492459728 0.070405476 -0.867482845 -71.499354833 -0.016963500 0.997309776 0.071312337 -10.965997768 0.870169901 -0.020402909 0.492329224 100.257535631
0.440732367 0.077477310 -0.894288682 -71.812430170 -0.021626381 0.996895436 0.075708585 -10.972964221 0.897378003 -0.014026996 0.441039639 100.359296155
0.384067343 0.082796557 -0.919585236 -72.211668316 -0.025798379 0.996544624 0.078950972 -10.982415778 0.922944592 -0.006598682 0.384876263 100.432421260
0.325221057 0.086599225 -0.941664398 -72.597283256 -0.028902001 0.996243008 0.081636656 -10.986065226 0.945196243 0.000666026 0.326502095 100.484311865
0.267784969 0.089671477 -0.959296741 -72.889956414 -0.026916807 0.995967168 0.085585541 -10.982005800 0.963102640 0.002902683 0.269118707 100.514178258
0.206600806 0.093117966 -0.973984164 -73.272710429 -0.026561823 0.995627812 0.089552938 -11.008736615 0.978064710 0.007369086 0.208170891 100.535687661
0.146397788 0.092303384 -0.984910033 -73.576212066 -0.044524757 0.995243038 0.086653574 -11.024928511 0.988223271 0.031166989 0.149811165 100.482019353
0.083538821 0.085888202 -0.992796294 -73.900142486 -0.054407733 0.995185818 0.081516785 -11.035614037 0.995018122 0.047205979 0.087809632 100.423210040
0.015513669 0.082724062 -0.996451733 -74.223002419 -0.061803165 0.994745451 0.081620201 -11.018045501 0.997967783 0.060317642 0.020544760 100.350482512
-0.054015643 0.081600273 -0.995200335 -74.509726642 -0.063138978 0.994381843 0.084960102 -11.011217674 0.996541911 0.067425107 -0.048560017 100.251724314
-0.123835125 0.080289863 -0.989049240 -74.778090509 -0.065201256 0.993908867 0.088847965 -11.003961025 0.990158401 0.075489751 -0.117845829 100.135649334
-0.191899839 0.079394611 -0.978197806 -75.025009096 -0.064231319 0.993569370 0.093242934 -10.993995736 0.979310364 0.080724239 -0.185566182 100.000799068
-0.259445940 0.079132299 -0.962510199 -75.257296889 -0.063847727 0.993051588 0.098853486 -10.993614207 0.963644785 0.087101224 -0.252590785 99.856491083
-0.325171740 0.078631046 -0.942380230 -75.476255006 -0.061292424 0.992689190 0.103977939 -10.985049489 0.943666561 0.091571456 -0.317974984 99.697207697
-0.386853869 0.076869742 -0.918931513 -75.662557851 -0.059556853 0.992356181 0.108084184 -10.978899496 0.920215771 0.096541454 -0.379318709 99.536551352
-0.445225978 0.074584050 -0.892306588 -75.841613265 -0.058625620 0.991958646 0.112165419 -10.968757773 0.893496986 0.102250986 -0.437273223 99.361119305
-0.504759516 0.072128176 -0.860241453 -76.008534087 -0.054689837 0.991829685 0.115251458 -10.948186313 0.861525886 0.105220735 -0.496690794 99.146356464
-0.560491666 0.076804107 -0.824590942 -76.158763562 -0.042185207 0.991749887 0.121047802 -10.951265313 0.827084942 0.102631823 -0.552627549 98.983998407
-0.611578199 0.077954256 -0.787334262 -76.293930599 -0.034386715 0.991574930 0.124886793 -10.937572078 0.790436373 0.103451879 -0.603745019 98.785853288
-0.658994531 0.074276159 -0.748471282 -76.405255251 -0.033181246 0.991272373 0.127585609 -10.930312035 0.751415473 0.108913428 -0.650778497 98.557676080
-0.706245858 0.064650072 -0.705008622 -76.531092230 -0.040583484 0.990487291 0.131483487 -10.918295259 0.706802497 0.121471374 -0.696903821 98.315855067
-0.750720554 0.056616360 -0.658189363 -76.626083764 -0.043264197 0.989968406 0.134501914 -10.901764531 0.659201683 0.129449386 -0.740740168 98.088014357
-0.792595712 0.052016541 -0.607524745 -76.704367495 -0.040243359 0.989719576 0.137242974 -10.893219588 0.608418038 0.133227029 -0.782354172 97.859817031
-0.832071323 0.050282240 -0.552384839 -76.788854116 -0.032730441 0.989696166 0.139392316 -10.883514228 0.553702115 0.134064148 -0.821852038 97.627180675
-0.867125796 0.047769944 -0.495793189 -76.854436792 -0.026338217 0.989600227 0.141413187 -10.866996193 0.497392352 0.135681331 -0.856849709 97.370634204
-0.898316348 0.043083451 -0.437231695 -76.873154100 -0.022953056 0.989219130 0.144632882 -10.856157725 0.438749240 0.139961886 -0.887642819 97.112929218
-0.926260354 0.037570665 -0.375006936 -76.886990074 -0.020519849 0.988515534 0.149719653 -10.840459187 0.376325249 0.146374464 -0.914851804 96.852981358
-0.949683858 0.029922254 -0.311777529 -76.854070718 -0.019116932 0.988032699 0.153055310 -10.823483443 0.312626154 0.151314387 -0.937746684 96.585938536
-0.969239640 0.023235700 -0.245019635 -76.855670910 -0.015313006 0.987911579 0.154260250 -10.808392979 0.245642080 0.153267137 -0.957167255 96.314043027
-0.984326116 0.016382048 -0.175595349 -76.829321663 -0.011183421 0.987874161 0.154853392 -10.783625920 0.176002924 0.154389995 -0.972207128 96.045732403
