1.000000000 0.000000000 0.000000000 -0.000000119 0.000000000 1.000000000 0.000000000 -0.000000000 0.000000000 0.000000000 1.000000000 -0.000000000
0.999836363 0.000140799 0.018089451 0.003536446 -0.000127180 0.999999708 -0.000754019 -0.017956127 -0.018089552 0.000751595 0.999836088 0.313361692
0.999273436 -0.001406221 0.038087047 0.019574428 0.001459624 0.999997990 -0.001374346 -0.033094740 -0.038085038 0.001428941 0.999273480 0.632931875
0.997676883 -0.003442752 0.068036639 0.041794916 0.003604084 0.999990977 -0.002248639 -0.051376058 -0.068028283 0.002488625 0.997680289 1.047389790
0.995919409 -0.003856369 0.090164626 0.047397643 0.004047175 0.999989941 -0.001933466 -0.078945116 -0.090156263 0.002290489 0.995924998 1.265746341
0.993419141 0.002990975 0.114496566 0.115678680 -0.003172831 0.999993978 0.001406101 -0.148831555 -0.114491671 -0.001760126 0.993422649 1.502401913
0.990460718 0.012549472 0.137222726 0.190945287 -0.012841038 0.999916782 0.001239705 -0.160347910 -0.137195749 -0.002989962 0.990539442 1.752342399
0.986174248 0.013698075 0.165144529 0.211138370 -0.014314953 0.999894295 0.002545719 -0.195876843 -0.165092200 -0.004874559 0.986266092 2.025620019
0.980821840 0.013761623 0.194419999 0.301156803 -0.014608657 0.999889014 0.002923539 -0.164199716 -0.194358188 -0.005707686 0.980914021 2.290002699
0.974234782 0.007308917 0.225417765 0.420111585 -0.008083184 0.999964175 0.002512063 -0.200172318 -0.225391329 -0.004269432 0.974258960 2.567633981
0.965992208 0.000234154 0.258571073 0.528841022 -0.000763749 0.999997812 0.001947710 -0.224059486 -0.258570051 -0.002078956 0.965990273 2.891550290
0.955651702 -0.006310328 0.294431665 0.668315034 0.005184855 0.999975965 0.004602972 -0.277584987 -0.294453634 -0.002872252 0.955661450 3.168930572
0.943178318 -0.010854853 0.332109669 0.797559960 0.008367051 0.999925210 0.008920005 -0.318839316 -0.332181656 -0.005634377 0.943198601 3.476440151
0.927894696 -0.014592252 0.372556706 0.942652052 0.010158946 0.999852336 0.013860077 -0.347827796 -0.372703943 -0.009075908 0.927905921 3.807250117
0.910400616 -0.017487031 0.413358104 1.176492487 0.010985381 0.999775820 0.018100560 -0.352093926 -0.413581963 -0.011937865 0.910388624 4.070724168
0.889650054 -0.028274099 0.455766778 1.382412171 0.018309563 0.999487336 0.026264530 -0.364094979 -0.456275729 -0.015021350 0.889711649 4.352246990
0.867483467 -0.040920973 0.495780101 1.641131505 0.025825948 0.998971637 0.037265127 -0.373500838 -0.496795184 -0.019522891 0.867648202 4.645442272
0.842540677 -0.052093970 0.536107663 1.918012117 0.033274698 0.998445004 0.044725490 -0.430981074 -0.537603945 -0.019844224 0.842963940 4.922516596
0.814833955 -0.059300178 0.576653375 2.196551750 0.034837026 0.997965356 0.053399724 -0.447927950 -0.578646704 -0.023423019 0.815241899 5.194208935
0.785897365 -0.066104547 0.614813403 2.512877187 0.038180459 0.997559808 0.058452397 -0.452445243 -0.617177110 -0.022463727 0.786503526 5.410948329
0.751928917 -0.074613283 0.655008215 2.814931288 0.044566619 0.997054730 0.062415396 -0.461120866 -0.657736057 -0.017740439 0.753039545 5.682591667
0.716401737 -0.085734045 0.692400336 3.183913744 0.052024862 0.996222673 0.069525527 -0.496816563 -0.695745619 -0.013786176 0.718155955 5.911393188
0.679131765 -0.093197922 0.728075678 3.567656344 0.058040283 0.995619150 0.073306440 -0.487796237 -0.731718095 -0.007527014 0.681565825 6.157687814
0.640184747 -0.097794404 0.761970960 3.949673231 0.060523684 0.995201814 0.076878034 -0.500976128 -0.765833123 -0.003098856 0.643031900 6.383554763
0.600127957 -0.099728299 0.793662839 4.346059735 0.059708163 0.995014554 0.079880987 -0.493861213 -0.797672471 -0.000550664 0.603090645 6.589262026
0.560228125 -0.103470565 0.821850528 4.807691752 0.059718997 0.994631008 0.084515088 -0.510308450 -0.826182842 0.001732360 0.563399423 6.773782939
0.521229229 -0.109106094 0.846413582 5.233014320 0.059972944 0.994024879 0.091201893 -0.498868081 -0.851306841 0.003224822 0.524658235 6.977006491
0.482231931 -0.113252824 0.868692214 5.719073119 0.060933421 0.993543064 0.095704227 -0.500032963 -0.873921898 0.006780754 0.486019072 7.136743339
0.443922193 -0.114302243 0.888745230 6.199097349 0.061183364 0.993382574 0.097199063 -0.489499045 -0.893974095 0.011227602 0.447977967 7.302743516
0.406218849 -0.114815847 0.906533821 6.715568200 0.063128813 0.993230538 0.097508212 -0.492996722 -0.911592562 0.017618730 0.410717154 7.443611311
0.368407057 -0.113621133 0.922695225 7.244284230 0.064056619 0.993246951 0.096732844 -0.497848188 -0.927455115 0.023467674 0.373197372 7.581983879
0.332736797 -0.112980572 0.936227331 7.755099614 0.064852506 0.993188203 0.096805715 -0.487509403 -0.940787105 0.028505865 0.337797334 7.664386584
0.298230645 -0.112305969 0.947863836 8.320648106 0.065434792 0.993123196 0.097080403 -0.484350871 -0.952248271 0.033070922 0.303528489 7.781278666
0.267500168 -0.113514188 0.956848049 8.924068173 0.067118233 0.992819532 0.099017775 -0.468896964 -0.961217355 0.037734679 0.273198263 7.867172834
0.239538471 -0.114949534 0.964058051 9.497343463 0.069598072 0.992444844 0.101041277 -0.462918946 -0.968389090 0.042893308 0.245728986 7.957765982
0.215915152 -0.117222593 0.969350046 10.113377649 0.071205941 0.992014276 0.104102790 -0.480043208 -0.973812282 0.046546112 0.222537858 8.018820802
0.196268516 -0.120399515 0.973130323 10.749558954 0.072560782 0.991495296 0.108037077 -0.468142403 -0.977861750 0.049406821 0.203335593 8.089295509
0.180338354 -0.122158330 0.975989457 11.375164002 0.073562172 0.991154037 0.110463941 -0.451283647 -0.980849981 0.051875019 0.187729320 8.188746727
0.168016006 -0.123720002 0.977989766 12.008608610 0.073763922 0.990889614 0.112679446 -0.447767751 -0.983020603 0.053208410 0.175611388 8.253755466
0.158161360 -0.125724855 0.979376457 12.658550883 0.074268136 0.990565837 0.115167560 -0.431691006 -0.984616285 0.054521406 0.166006590 8.310544039
0.148696145 -0.126532974 0.980754232 13.360076540 0.074799323 0.990377806 0.116433939 -0.416034642 -0.986049957 0.056046475 0.156729943 8.374816300
0.140634316 -0.128656782 0.981666655 14.022292842 0.073961277 0.990115467 0.119168330 -0.389907585 -0.987295153 0.055846163 0.148759831 8.444056449
0.131620923 -0.130764065 0.982637620 14.731681228 0.072377996 0.989883451 0.122033517 -0.386689859 -0.988654317 0.055059177 0.139753814 8.477689446
0.121233142 -0.134513956 0.983467600 15.407214332 0.070952829 0.989415452 0.126581040 -0.375839498 -0.990084957 0.054433991 0.129494090 8.553202225
0.113463833 -0.137457802 0.983987455 16.107661343 0.071366856 0.988952491 0.129922062 -0.351099823 -0.990975646 0.055482636 0.122020271 8.612936903
0.103338753 -0.139222144 0.984854455 16.850374785 0.071861457 0.988612970 0.132213185 -0.323068726 -0.992046891 0.057110331 0.112166738 8.637424651
0.092109502 -0.139627129 0.985910800 17.559905305 0.071627960 0.988484010 0.133299654 -0.298622485 -0.993169308 0.058340615 0.101049977 8.694377778
0.077544424 -0.140132511 0.987091557 18.279200277 0.069037655 0.988450936 0.134902001 -0.275345184 -0.994595729 0.057685589 0.086323278 8.687850307
0.060497898 -0.139697144 0.988344430 19.001976902 0.066693180 0.988511135 0.135638327 -0.252329187 -0.995937761 0.057709999 0.069119693 8.687347333
0.041437321 -0.138386930 0.989510993 19.716956296 0.066282182 0.988560715 0.135478360 -0.235111465 -0.996940129 0.059973087 0.050135895 8.704892556
0.021344289 -0.137488908 0.990273306 20.459555532 0.068260483 0.988388006 0.135755872 -0.200505384 -0.997439185 0.064698922 0.030481499 8.658576380
0.000571272 -0.135378970 0.990793726 21.196313311 0.069790952 0.988383371 0.135009387 -0.174945980 -0.997561475 0.069071310 0.010012863 8.573402600
-0.018788314 -0.136125216 0.990513465 21.951065161 0.068852643 0.988160288 0.137107836 -0.149243797 -0.997449905 0.070775495 -0.009193285 8.524032919
-0.039261258 -0.136337826 0.989884110 22.680705958 0.067190351 0.988045557 0.138749537 -0.123174785 -0.996967407 0.071958142 -0.029631326 8.478935161
-0.062430984 -0.135761672 0.988772542 23.439236898 0.065531259 0.988009683 0.139794565 -0.101575328 -0.995895590 0.073523022 -0.052785783 8.397416134
-0.085050309 -0.134813532 0.987214139 24.183552593 0.062785458 0.988109954 0.140344947 -0.072276194 -0.994396516 0.073919073 -0.075574728 8.304546495
-0.108792665 -0.133103132 0.985113045 24.922281527 0.062223221 0.988139993 0.140383846 -0.040517454 -0.992115128 0.076569639 -0.099220278 8.153394417
-0.132309087 -0.131036736 0.982508870 25.674788534 0.058871341 0.988434484 0.139754914 -0.019560581 -0.989458676 0.076332459 -0.123064556 8.027836403
-0.158239307 -0.128415944 0.979014641 26.398643554 0.055958337 0.988747021 0.138737139 0.018977379 -0.985813870 0.076737700 -0.149272701 7.858293662
-0.185090863 -0.123158004 0.974973578 27.155292149 0.057928595 0.989023408 0.135930045 0.053889600 -0.981012564 0.081638259 -0.175924826 7.662990020
-0.213112835 -0.115382612 0.970190586 27.939572373 0.062383608 0.989369030 0.131366695 0.082540124 -0.975033951 0.088519918 -0.203649255 7.441934672
-0.239884953 -0.107838898 0.964793232 28.623426554 0.067064182 0.989596218 0.127285982 0.107044503 -0.968482114 0.095237060 -0.230157115 7.157201529
-0.265421901 -0.101964175 0.958725467 29.317124195 0.069388312 0.989793104 0.124478403 0.140599069 -0.961632194 0.099563636 -0.255637645 6.935712056
-0.291709375 -0.095122473 0.951765389 30.037076140 0.074385361 0.989773274 0.121719691 0.149616768 -0.953610224 0.106304187 -0.281650424 6.666884047
-0.318843796 -0.087343676 0.943774187 30.774942086 0.076604689 0.990112419 0.117512207 0.143225859 -0.944706492 0.109765566 -0.309000268 6.365520945
-0.343211805 -0.075418457 0.936225247 31.427500693 0.078864302 0.990937301 0.108736783 0.177205877 -0.935941280 0.111154498 -0.334153555 6.070078810
-0.369346098 -0.059075725 0.927412270 32.143286592 0.081827883 0.992033425 0.095780384 0.190022920 -0.925682266 0.111264294 -0.361569633 5.709497214
-0.394040176 -0.043789455 0.918049467 32.874495738 0.082253074 0.993176183 0.082677091 0.172867668 -0.915405250 0.108090487 -0.387749500 5.328412384
-0.418980489 -0.030797480 0.907472790 33.553735661 0.077551195 0.994558919 0.069558389 0.154220577 -0.904677380 0.099519207 -0.414312401 4.981652192
-0.443842116 -0.019520086 0.895892372 34.293083319 0.079091001 0.995007703 0.060862839 0.139585820 -0.892607859 0.097870515 -0.440082461 4.544717119
-0.468225828 -0.012432104 0.883521373 35.002547842 0.082086374 0.994964983 0.057502252 0.080503559 -0.879787702 0.099449106 -0.464847797 4.101070460
-0.491232075 -0.009689298 0.870974836 35.716465296 0.085347830 0.994590872 0.059200882 0.037234933 -0.866837237 0.103417184 -0.487747978 3.622423278
-0.512946943 -0.012690206 0.858326507 36.430872962 0.089373257 0.993667231 0.068101801 -0.016685581 -0.853755149 0.111644046 -0.508564403 3.133714778
-0.530849486 -0.012412060 0.847375220 37.142532956 0.095096077 0.992705244 0.074115007 -0.005300811 -0.842113745 0.119925973 -0.525796731 2.604802030
-0.546167994 -0.008504939 0.837632490 37.833931315 0.102622961 0.991736880 0.076983688 -0.002166470 -0.831365774 0.128006352 -0.540782140 2.068847795
-0.559521544 -0.006240469 0.828792313 38.542053225 0.103563679 0.991608026 0.077382726 -0.017662238 -0.822320014 0.129130084 -0.554179768 1.536624122
-0.570751315 -0.001843522 0.821120903 39.253953460 0.106435266 0.991394938 0.076207690 -0.029568642 -0.814195597 0.130891861 -0.565643749 0.976457842
-0.580365373 0.000073715 0.814356205 39.966079400 0.108056253 0.991164665 0.076918483 -0.062314114 -0.807155425 0.132637104 -0.575245616 0.393629102
-0.588664951 -0.000592707 0.808376907 40.664988912 0.104873091 0.991492719 0.077096188 -0.075791709 -0.801545513 0.130160808 -0.583594854 -0.169078591
-0.594636921 -0.002294414 0.803991087 41.404648806 0.103705366 0.991423272 0.079530453 -0.093099284 -0.797277950 0.130669934 -0.589298939 -0.773079911
-0.599593657 -0.002232886 0.800301481 42.137637693 0.104998663 0.991132795 0.081431336 -0.108564726 -0.793386871 0.132856298 -0.594042488 -1.379619538
-0.603330405 -0.007810817 0.797453079 42.859216177 0.100658058 0.991209056 0.085863633 -0.134071985 -0.791113378 0.132074219 -0.597240340 -1.981565527
-0.605597021 -0.010618232 0.795700636 43.630240941 0.096968503 0.991474917 0.087032163 -0.110246010 -0.789841350 0.129864319 -0.599404622 -2.627797638
-0.607146652 -0.011015689 0.794513434 44.385816573 0.095470345 0.991648968 0.086704886 -0.110335888 -0.788833541 0.128495053 -0.601024680 -3.250279279
-0.608139569 -0.012576098 0.793730500 45.129397961 0.093130313 0.991839529 0.087069477 -0.117470164 -0.788348279 0.126870764 -0.602005648 -3.896769618
-0.609363512 -0.011646232 0.792805446 45.885076964 0.094013732 0.991777210 0.086829632 -0.118425714 -0.787297611 0.127445408 -0.603257938 -4.525892900
-0.610434840 -0.014312700 0.791937152 46.641751123 0.090565974 0.992018057 0.087738128 -0.135677860 -0.786871724 0.125280970 -0.604266141 -5.157801974
-0.610734757 -0.014897462 0.791695094 47.406494197 0.089097926 0.992180605 0.087402555 -0.144473374 -0.786806594 0.123918169 -0.604631848 -5.805573471
-0.610822598 -0.017541153 0.791573156 48.171357450 0.086740015 0.992254552 0.088921724 -0.159388418 -0.787001857 0.122976466 -0.604569984 -6.448293110
-0.610301838 -0.018572044 0.791951227 48.954642160 0.085582787 0.992327921 0.089223789 -0.165125130 -0.787532382 0.122230835 -0.604030107 -7.099424466
-0.609744479 -0.017177990 0.792411879 49.724080839 0.087092515 0.992259043 0.088526180 -0.165595287 -0.787798555 0.122991493 -0.603528399 -7.750025671
-0.608426899 -0.016115154 0.793446287 50.516179505 0.087652116 0.992312491 0.087367192 -0.184982206 -0.788754598 0.122703796 -0.602337084 -8.419062328
-0.607457493 -0.017718477 0.794154550 51.307348487 0.086705048 0.992298795 0.088460936 -0.194484913 -0.789605996 0.122593466 -0.601243056 -9.078710707
-0.606410455 -0.017122280 0.794967413 52.105875677 0.087429840 0.992270472 0.088064367 -0.200908531 -0.790330553 0.122907026 -0.600226191 -9.744217209
-0.605669819 -0.017590272 0.795521623 52.912082689 0.085828037 0.992478680 0.087290426 -0.207176152 -0.791073712 0.121147236 -0.599604644 -10.407349690
-0.605415244 -0.017704434 0.795712847 53.709231263 0.083659488 0.992798808 0.085741572 -0.217591775 -0.791500772 0.118478184 -0.599574389 -11.055964063
-0.604724452 -0.017322492 0.796246362 54.534798096 0.081646260 0.993147824 0.083613927 -0.232046127 -0.792238743 0.115573924 -0.599166456 -11.738397810
-0.604116276 -0.019177591 0.796665391 55.352358958 0.079867892 0.993219694 0.084473425 -0.249124308 -0.792883752 0.114659757 -0.598488509 -12.406191183
-0.604297797 -0.020519774 0.796494263 56.170229851 0.080075311 0.993042795 0.086336275 -0.257229064 -0.792724490 0.115952347 -0.598450446 -13.082220065
-0.604669462 -0.023000948 0.796144333 57.011244741 0.079253477 0.992884509 0.088877656 -0.275907267 -0.792523646 0.116838811 -0.598544036 -13.762434222
-0.604995459 -0.023065732 0.795894759 57.831593258 0.079310903 0.992863419 0.089061847 -0.275598893 -0.792269068 0.117005145 -0.598848495 -14.455450776
-0.605023083 -0.022147352 0.795899845 58.657906496 0.081843119 0.992588163 0.089835644 -0.289786578 -0.791990387 0.119491564 -0.598726142 -15.148929785
-0.605012556 -0.019747022 0.795971019 59.496149757 0.083626448 0.992587206 0.088188754 -0.293929553 -0.791812114 0.119919533 -0.598876349 -15.841308101
-0.605032342 -0.017116355 0.796016894 60.330555013 0.085841968 0.992538971 0.086588384 -0.309761381 -0.791559866 0.120720430 -0.599048876 -16.541236595
-0.605387319 -0.014946567 0.795790672 61.170999377 0.087017156 0.992587625 0.084839975 -0.314667850 -0.791160039 0.120608486 -0.599599354 -17.237065430
-0.605221461 -0.015741737 0.795901489 62.009356785 0.086501588 0.992583840 0.085409580 -0.338458764 -0.791343451 0.120538453 -0.599371357 -17.943444031
-0.605496661 -0.016964576 0.795667014 62.851115933 0.088791789 0.992090895 0.088722458 -0.342786796 -0.790879139 0.124369849 -0.599201409 -18.644227860
-0.606056615 -0.020082990 0.795167940 63.681889310 0.089117251 0.991672782 0.092968856 -0.371203192 -0.790413496 0.127207571 -0.599220109 -19.350756366
-0.606720513 -0.023230349 0.794575717 64.523146601 0.083819057 0.992130932 0.093008492 -0.372483620 -0.790483767 0.123030747 -0.599999042 -20.033994037
-0.608038343 -0.017017085 0.793725263 65.362682540 0.087421534 0.992255308 0.088243301 -0.393187138 -0.789079748 0.123043990 -0.601841613 -20.730734239
-0.609200852 -0.017415081 0.792824720 66.184633098 0.084956477 0.992571916 0.087082650 -0.400691602 -0.788452103 0.120406420 -0.603196133 -21.430573681
-0.610450781 -0.017633712 0.791857876 67.017753377 0.083393478 0.992764411 0.086396484 -0.408161236 -0.787651809 0.118776584 -0.604563273 -22.127152018
-0.610824599 -0.018331075 0.791553713 67.841002608 0.082272310 0.992850637 0.086480512 -0.422724916 -0.787479890 0.117947376 -0.604949452 -22.825568025
-0.611608185 -0.024098555 0.790793707 68.678575702 0.082417035 0.992157115 0.093977083 -0.418263946 -0.786856315 0.122652025 -0.604825281 -23.526675913
-0.612343680 -0.033407690 0.789885526 69.515759132 0.082937497 0.990879416 0.106204307 -0.431465023 -0.786229349 0.130544665 -0.603987998 -24.244563552
-0.612720456 -0.038197215 0.789376092 70.351687849 0.082244560 0.990325982 0.111759933 -0.425018036 -0.786008572 0.133399486 -0.603651474 -24.952099177
-0.612837755 -0.032205418 0.789552213 71.161621483 0.083324720 0.990965070 0.105096252 -0.412299041 -0.785803332 0.130196168 -0.604617301 -25.637390571
-0.612325722 -0.024954229 0.790211679 71.981361528 0.086374083 0.991407483 0.098238085 -0.407513020 -0.785873227 0.128407516 -0.604908904 -26.339256143
-0.611537701 -0.019103480 0.790984638 72.788414457 0.091988012 0.991212441 0.095058413 -0.412083871 -0.785849760 0.130892908 -0.604406486 -27.031965350
-0.610385229 -0.021320423 0.791817726 73.617270743 0.091208225 0.991096833 0.096995501 -0.423276404 -0.786836026 0.131424911 -0.603006270 -27.730016804
-0.609709559 -0.025423468 0.792217079 74.441234972 0.089528887 0.990880208 0.100702487 -0.408417221 -0.787552431 0.132325582 -0.601873000 -28.415866296
-0.608634294 -0.034680150 0.792692616 75.253669808 0.086680678 0.990158743 0.109873215 -0.415554439 -0.788701944 0.135583740 -0.599638468 -29.108239245
-0.607797443 -0.042445249 0.792956915 76.086921312 0.078977898 0.990388312 0.113549478 -0.398990233 -0.790154896 0.131641152 -0.598603247 -29.774537010
-0.606063783 -0.050722430 0.793797157 76.915055263 0.070473170 0.990615935 0.117105085 -0.378083380 -0.792287967 0.126914553 -0.596801871 -30.451320112
-0.603085026 -0.049247119 0.796155244 77.732821087 0.074007755 0.990332844 0.117318839 -0.362619953 -0.794236302 0.129674898 -0.593610240 -31.136654354
-0.598331115 -0.044354775 0.800020332 78.553580642 0.077916927 0.990513516 0.113189781 -0.349398122 -0.797451459 0.130060094 -0.589199069 -31.807558092
-0.590679918 -0.039877412 0.805919988 79.379329056 0.083198736 0.990444836 0.109986352 -0.339279912 -0.802605261 0.132018253 -0.581718124 -32.470333203
-0.581511912 -0.036995747 0.812696260 80.223289028 0.090022693 0.989904394 0.109476966 -0.339098808 -0.808541781 0.136823266 -0.572310740 -33.134289587
-0.571171397 -0.032682527 0.820179912 81.058353493 0.096435305 0.989615320 0.106591512 -0.319261260 -0.815146286 0.139976323 -0.562088215 -33.787208256
-0.561327310 -0.037347975 0.826750736 81.916943871 0.091207315 0.990104206 0.106653119 -0.320051177 -0.822552659 0.135273023 -0.552366122 -34.411487969
-0.551426341 -0.041858613 0.833172760 82.779804561 0.090721201 0.989808078 0.109770815 -0.321920996 -0.829275982 0.136116952 -0.542008783 -35.038054697
-0.540609097 -0.046337506 0.839996810 83.682740463 0.088647362 0.989785512 0.111652523 -0.299499248 -0.836590372 0.134823871 -0.530979354 -35.663705254
-0.528192320 -0.047080879 0.847818532 84.581515869 0.093126008 0.989226757 0.112951184 -0.280952394 -0.844002618 0.138613903 -0.518117522 -36.270462734
-0.515913444 -0.045239052 0.855445350 85.474927896 0.097200787 0.989063867 0.110926437 -0.260131373 -0.851108292 0.140378401 -0.505874075 -36.847090181
-0.503768683 -0.039150490 0.862950956 86.381307774 0.092461616 0.990789732 0.098927024 -0.288229218 -0.858875989 0.129626177 -0.495508921 -37.416035014
-0.491322668 -0.028284628 0.870518245 87.275041597 0.092838003 0.992077859 0.084632308 -0.280841384 -0.866015670 0.122398947 -0.484804452 -37.959546483
-0.479705392 -0.029735052 0.876925632 88.221592977 0.089764915 0.992518636 0.082758793 -0.266128859 -0.872825869 0.118416994 -0.473447377 -38.518875622
-0.468172688 -0.037875225 0.882824898 89.157690470 0.087758947 0.992148502 0.089105087 -0.298771304 -0.879268276 0.119192352 -0.461172942 -39.061951339
-0.456539762 -0.037356685 0.888918401 90.098578659 0.086376865 0.992537343 0.086073568 -0.336411237 -0.885500132 0.116077991 -0.449906009 -39.566776374
-0.446802200 -0.033537963 0.894003915 91.048193190 0.084606240 0.993234322 0.079544741 -0.371818051 -0.890623141 0.111179075 -0.440941759 -40.068410382
-0.440107292 -0.030546289 0.897425482 91.997915980 0.082865368 0.993774854 0.074463883 -0.375587609 -0.894113473 0.107137591 -0.434836330 -40.572649025
-0.434659658 -0.028272054 0.900150917 92.959799669 0.080018956 0.994341601 0.069869497 -0.403472594 -0.897032858 0.102398588 -0.429937880 -41.067336814
-0.429157108 -0.029940153 0.902733495 93.919249108 0.074571247 0.994863897 0.068446732 -0.431702424 -0.900146269 0.096692364 -0.424720239 -41.561007868
-0.424433278 -0.034211770 0.904812659 94.898991802 0.073166532 0.994722253 0.071932592 -0.467015004 -0.902498228 0.096732590 -0.419690070 -42.054845421
-0.422678240 -0.041567039 0.905326066 95.866259307 0.069041343 0.994567807 0.077898467 -0.488763875 -0.903646169 0.095430914 -0.417512326 -42.532872032
-0.421253214 -0.049291185 0.905602622 96.858910817 0.064271033 0.994389171 0.084020295 -0.506360226 -0.904662901 0.093597835 -0.415721639 -43.022982996
-0.419714382 -0.050775114 0.906234917 97.835394159 0.059111185 0.994785429 0.083113282 -0.521180105 -0.905729377 0.088452460 -0.414524375 -43.526397150
-0.417267515 -0.046757310 0.907580065 98.783499831 0.057014424 0.995361372 0.077492543 -0.552821184 -0.906993482 0.084080276 -0.412666125 -44.004190463
-0.413096557 -0.039520137 0.909829321 99.725933339 0.058666998 0.995827897 0.069892659 -0.575891453 -0.908795586 0.082249372 -0.409054548 -44.493511238
-0.406870246 -0.038346930 0.912680730 100.697237074 0.061080867 0.995740408 0.069066403 -0.607768650 -0.911441567 0.083848395 -0.402794881 -44.991095280
-0.401319674 -0.045857523 0.914789378 101.686668916 0.058918128 0.995385011 0.075745190 -0.642878533 -0.914041122 0.084295713 -0.396765749 -45.476386581
-0.394578451 -0.044852175 0.917766925 102.685187435 0.063194816 0.995118323 0.075801963 -0.662262590 -0.916686567 0.087907933 -0.389817821 -45.954147795
-0.388610004 -0.042451988 0.920423866 103.671561144 0.065302433 0.995157146 0.073470040 -0.684891113 -0.919085337 0.088657110 -0.383955804 -46.419893900
-0.382016984 -0.037311873 0.923401781 104.669501432 0.063477498 0.995765419 0.066496899 -0.722741753 -0.921972685 0.084018179 -0.378030837 -46.882068373
-0.374385460 -0.037196581 0.926526816 105.662191200 0.064881212 0.995695374 0.066190254 -0.760742886 -0.925000517 0.084894851 -0.370360512 -47.341077392
-0.365733385 -0.038013242 0.929943055 106.653737510 0.066733181 0.995522894 0.066939158 -0.800797596 -0.928324175 0.086539943 -0.361559213 -47.792588975
-0.357045855 -0.039594729 0.933247296 107.667423685 0.068208759 0.995328770 0.068324257 -0.834549078 -0.931593164 0.088050532 -0.352677304 -48.233000509
-0.347949222 -0.042330675 0.936557234 108.696673306 0.065361173 0.995454068 0.069275651 -0.864673901 -0.935232194 0.085318889 -0.343600686 -48.651648069
-0.339467274 -0.043717669 0.939601371 109.714421696 0.065987776 0.995351334 0.070152229 -0.903325409 -0.938300370 0.085816591 -0.335004372 -49.062920582
-0.330985347 -0.042996792 0.942655810 110.731533054 0.067186475 0.995352315 0.068990924 -0.937021959 -0.941241030 0.086168706 -0.326558229 -49.466802197
-0.322416449 -0.043200184 0.945611642 111.749571973 0.066764750 0.995432426 0.068240402 -0.968038475 -0.944240489 0.085135353 -0.318059539 -49.857215370
-0.313869203 -0.042293951 0.948523772 112.777311441 0.076601488 0.994622805 0.069697121 -1.012653206 -0.946371141 0.094534112 -0.308941687 -50.249059792
-0.306488048 -0.044955743 0.950812315 113.782890365 0.081549511 0.993971445 0.073283312 -1.052103564 -0.948374796 0.099998738 -0.300974249 -50.627140857
-0.299779755 -0.043547222 0.953014028 114.814272603 0.081591088 0.994127229 0.071091121 -1.063445111 -0.950513016 0.099069130 -0.294466152 -50.985011690
-0.293785258 -0.043099521 0.954899290 115.824778413 0.081989697 0.994165039 0.070096818 -1.106231850 -0.952348629 0.098885315 -0.288537316 -51.351127382
-0.288297957 -0.043824634 0.956537344 116.845573749 0.078640088 0.994493850 0.069265572 -1.136309783 -0.954306044 0.095191304 -0.283264172 -51.692601287
-0.283085136 -0.046808255 0.957951874 117.863070987 0.078934420 0.994282850 0.071909465 -1.164641276 -0.955841076 0.095971876 -0.277771914 -52.031266248
-0.278512791 -0.054755739 0.958870395 118.856246437 0.073151876 0.994264039 0.078024513 -1.206673710 -0.957642641 0.091873993 -0.272909767 -52.370961890
-0.276615120 -0.057885976 0.959235784 119.856110524 0.071623802 0.994165944 0.080648047 -1.229173574 -0.958307939 0.091012583 -0.270855318 -52.676837187
-0.273760996 -0.054073614 0.960276502 120.829668457 0.072100406 0.994455211 0.076553021 -1.262406732 -0.959091470 0.090193557 -0.268344320 -53.003797699
-0.272332207 -0.050181547 0.960893845 121.812033237 0.071734845 0.994801120 0.072283081 -1.284147778 -0.959525550 0.088614582 -0.267316619 -53.326679132
-0.271336143 -0.048393512 0.961267271 122.781326084 0.070291991 0.995071809 0.069936614 -1.321295460 -0.959914441 0.086545721 -0.266597270 -53.642173842
-0.270502354 -0.048589822 0.961492333 123.743440344 0.068013851 0.995265496 0.069431318 -1.358697338 -0.960313799 0.084176131 -0.265916878 -53.965827130
-0.269792043 -0.046939037 0.961773872 124.721625678 0.068933967 0.995306980 0.067912623 -1.391347756 -0.960448000 0.084621174 -0.265290210 -54.267180217
-0.269639372 -0.049569914 0.961684685 125.668831270 0.062141531 0.995696919 0.068746456 -1.421004781 -0.960954234 0.078297310 -0.265398741 -54.574259370
-0.270017529 -0.047770140 0.961669667 126.633078192 0.061715708 0.995856090 0.066796853 -1.456750744 -0.960875489 0.077386445 -0.265950432 -54.887053368
-0.270864011 -0.046420650 0.961497691 127.581151347 0.061598773 0.995953596 0.065437187 -1.498899656 -0.960644720 0.076951657 -0.266908531 -55.195658672
-0.270147781 -0.040258973 0.961976814 128.517421559 0.062681045 0.996270544 0.059296621 -1.540670787 -0.960776385 0.076316563 -0.266616803 -55.503796426
-0.268662998 -0.038723400 0.962455553 129.460871173 0.065401003 0.996152443 0.058335409 -1.574597566 -0.961011396 0.078618124 -0.265096752 -55.826361147
-0.264181954 -0.038142023 0.963718362 130.395831110 0.071995515 0.995649987 0.059141781 -1.619852856 -0.961781961 0.085007591 -0.260286704 -56.140012845
-0.258935872 -0.046077326 0.964794846 131.324280760 0.074015766 0.994977954 0.067383508 -1.659108357 -0.963054453 0.088858037 -0.254225036 -56.432280688
-0.251482189 -0.044987400 0.966815827 132.254271853 0.076260320 0.994892536 0.066130218 -1.701710220 -0.964852876 0.090360256 -0.246766999 -56.727345845
-0.242836190 -0.043309864 0.969100016 133.188987338 0.079925613 0.994712994 0.064482216 -1.740268074 -0.966769094 0.093114528 -0.238090746 -56.993890199
-0.233565541 -0.039591478 0.971534690 134.090079201 0.076515453 0.995323860 0.058955914 -1.760143721 -0.969325809 0.088107487 -0.229443995 -57.256766089
-0.224429183 -0.043114426 0.973536177 135.017444187 0.072705174 0.995495616 0.060847646 -1.809880832 -0.971774408 0.084437104 -0.220283626 -57.506735498
-0.212896707 -0.039658653 0.976269524 135.959076480 0.082625330 0.994866180 0.058432341 -1.839845202 -0.973574880 0.093104645 -0.208526924 -57.765491421
-0.201245521 -0.037385397 0.978827141 136.868162994 0.085823105 0.994755603 0.055638882 -1.885282225 -0.975773865 0.095203061 -0.196981579 -58.007244337
-0.189790571 -0.036470519 0.981147002 137.814200647 0.093788929 0.994066594 0.055093048 -1.922536446 -0.977334731 0.102476867 -0.185243936 -58.226030309
-0.178768296 -0.034396269 0.983289781 138.740289761 0.098960093 0.993692184 0.052751723 -1.975845370 -0.978901832 0.106736784 -0.174236801 -58.442020649
-0.168618114 -0.029950377 0.985226322 139.661834468 0.092234879 0.994673106 0.046023238 -2.030220458 -0.981356540 0.098632582 -0.164957434 -58.625194466
-0.157808524 -0.015689217 0.987345086 140.568532706 0.092683317 0.995224458 0.030628106 -2.076684621 -0.983110509 0.096343794 -0.155600774 -58.794598947
-0.148287625 -0.010927839 0.988883897 141.529274387 0.082134616 0.996348215 0.023326783 -2.150407348 -0.985527618 0.084680672 -0.146848557 -58.969630020
-0.140446800 -0.012027882 0.990015165 142.478578080 0.078366573 0.996654022 0.023225878 -2.220571313 -0.986981954 0.080846096 -0.139034284 -59.129400523
-0.133650237 -0.017005775 0.990882646 143.383322227 0.076566522 0.996687020 0.027432682 -2.291785317 -0.988066385 0.079534822 -0.131905383 -59.280648263
-0.128488325 -0.013781355 0.991615260 144.346211053 0.062157250 0.997825594 0.021921677 -2.376630830 -0.989761197 0.064452757 -0.127352328 -59.436541079
-0.124284949 -0.006989490 0.992221950 145.286193717 0.067638248 0.997589509 0.015499615 -2.448776598 -0.989938543 0.069038523 -0.123512604 -59.598476806
-0.123368472 -0.008411256 0.992325285 146.169991040 0.064889485 0.997755629 0.016524516 -2.527611312 -0.990237131 0.066430081 -0.122545785 -59.748316169
-0.123415280 -0.013688116 0.992260704 147.135055387 0.065409809 0.997618190 0.021897555 -2.606358088 -0.990197064 0.067606076 -0.122225991 -59.899504836
-0.122467220 -0.015679508 0.992348695 148.078953185 0.071309803 0.997151905 0.024555848 -2.670111925 -0.989907416 0.073771477 -0.121000319 -60.060348995
-0.121242783 -0.015574146 0.992500697 149.010847709 0.074831571 0.996888145 0.024784335 -2.736196823 -0.989798173 0.077275308 -0.119700055 -60.228995504
-0.118956062 -0.017537468 0.992744626 149.942587168 0.075959581 0.996753083 0.026710170 -2.809110735 -0.989989696 0.078585803 -0.117237682 -60.382395882
-0.113576373 -0.017135557 0.993381488 150.876243218 0.077305538 0.996667573 0.026030822 -2.874939681 -0.990517169 0.079750377 -0.111873214 -60.535602458
-0.106340358 -0.018249624 0.994162300 151.803843507 0.076694069 0.996702453 0.026499817 -2.944993552 -0.991367615 0.079064352 -0.104590058 -60.680845773
-0.098349130 -0.021288869 0.994924235 152.739305686 0.076407434 0.996658373 0.028878917 -3.016847449 -0.992214368 0.078859824 -0.096393856 -60.811965799
-0.090326917 -0.020941522 0.995691971 153.669527024 0.070489023 0.997137087 0.027366520 -3.071042906 -0.993414488 0.072657288 -0.088592171 -60.924154646
-0.082252996 -0.018989219 0.996430557 154.589578740 0.068856691 0.997320988 0.024690146 -3.148054121 -0.994229954 0.070641749 -0.080725104 -61.036892923
-0.073187921 -0.015553582 0.997196878 155.536446637 0.064639015 0.997702101 0.020305555 -3.224221515 -0.995221245 0.065943946 -0.072014375 -61.140493515
-0.063588642 -0.017066306 0.997830259 156.447891900 0.069443233 0.997354548 0.021483573 -3.304685914 -0.995557192 0.070658670 -0.062235282 -61.235679159
-0.052198598 -0.022247191 0.998388887 157.400351768 0.074350852 0.996890508 0.026101075 -3.361199935 -0.995865080 0.075593504 -0.050382189 -61.326793797
-0.039734673 -0.024398408 0.998912345 158.326545909 0.081982914 0.996251647 0.027594532 -3.428008854 -0.995841332 0.082990205 -0.037585481 -61.410986484
-0.025391982 -0.025606683 0.999349561 159.260825535 0.086086004 0.995902403 0.027705672 -3.486999730 -0.995964079 0.086733512 -0.023083559 -61.478640757
-0.012668277 -0.026656304 0.999564383 160.180105195 0.082503240 0.996208196 0.027612430 -3.567442753 -0.996510276 0.082817102 -0.010421010 -61.526774485
-0.000239425 -0.028210066 0.999601988 161.096034964 0.077528296 0.996592843 0.028143713 -3.636845151 -0.996990123 0.077504177 0.001948469 -61.564123380
0.012571343 -0.033701494 0.999352876 162.000515597 0.077836833 0.996432191 0.032623851 -3.691369434 -0.996886848 0.077376338 0.015149709 -61.580680270
0.024311464 -0.045687051 0.998659925 162.900341160 0.066151210 0.996839305 0.043993370 -3.764269271 -0.997513393 0.064993019 0.027256876 -61.573846905
0.036608763 -0.053281154 0.997908271 163.804145026 0.067904434 0.996402288 0.050709638 -3.800225223 -0.997019953 0.065905979 0.040095082 -61.575144707
0.049363175 -0.059039083 0.997034435 164.691587273 0.066323671 0.996241807 0.055708463 -3.847598493 -0.996576363 0.063377037 0.053093347 -61.551255772
0.062119128 -0.060108534 0.996257084 165.579342290 0.068418434 0.996093189 0.055832584 -3.885198648 -0.995720911 0.064694078 0.065988972 -61.536706771
0.074296389 -0.062462694 0.995278081 166.466825426 0.062759688 0.996350926 0.057845085 -3.943459310 -0.995259397 0.058165661 0.077945415 -61.506440699
0.085855131 -0.067015007 0.994051249 167.349058798 0.067528738 0.995832240 0.061302691 -3.972120311 -0.994016482 0.061863876 0.090022746 -61.459667893
0.097614930 -0.067153345 0.992956068 168.198442624 0.066006300 0.995960991 0.060867659 -4.024873534 -0.993032977 0.059599764 0.101653206 -61.396171344
0.108581392 -0.058587626 0.992359598 169.104072319 0.062529743 0.996687462 0.052001297 -4.070204727 -0.992119001 0.056405617 0.111885181 -61.331937296
0.119459467 -0.044048923 0.991861446 169.944675761 0.064138027 0.997270955 0.036564399 -4.119149035 -0.990765234 0.059248073 0.121958668 -61.277793070
0.131632833 -0.038515809 0.990550014 170.778411819 0.063895934 0.997496632 0.030294873 -4.148901303 -0.989237134 0.059304318 0.133764311 -61.178400424
0.142117316 -0.047627031 0.988703360 171.651314170 0.062613628 0.997274001 0.039039737 -4.191196142 -0.987867502 0.056358082 0.144712005 -61.073982394
0.152602936 -0.065451964 0.986117835 172.436279336 0.064220912 0.996352358 0.056193000 -4.251323737 -0.986198772 0.054754170 0.156249680 -60.970789839
0.165033161 -0.078346930 0.983171305 173.352719150 0.068204591 0.995360165 0.067869549 -4.302870527 -0.983926923 0.055856070 0.169611055 -60.853702263
0.176646588 -0.078484024 0.981140276 174.148746034 0.069289060 0.995334437 0.067144503 -4.333204947 -0.981832475 0.056121440 0.181260517 -60.740914004
0.186807331 -0.077740301 0.979315816 174.959427806 0.070464392 0.995356736 0.065572378 -4.363735286 -0.979866211 0.056757493 0.191417858 -60.617029124
0.197911541 -0.078008424 0.977110898 175.775713186 0.069034331 0.995462314 0.065490781 -4.377596176 -0.977785908 0.054492816 0.202398740 -60.471275469
0.207953629 -0.082606554 0.974644266 176.543602732 0.069377007 0.995163595 0.069543153 -4.419309410 -0.975675212 0.053156151 0.212678877 -60.328421563
0.218440392 -0.085839688 0.972067561 177.326112908 0.068785355 0.995000363 0.072407540 -4.439230257 -0.973423017 0.051047281 0.223252782 -60.181105149
0.229231906 -0.089529057 0.969245728 178.122632173 0.070673689 0.994663699 0.075162197 -4.454043283 -0.970802742 0.051270597 0.234336004 -60.028931643
0.240613284 -0.092803051 0.966174333 178.898224938 0.074343485 0.994256598 0.076986123 -4.496949327 -0.967769752 0.053304883 0.246130648 -59.868738332
0.253907051 -0.091058690 0.962932773 179.672403441 0.072410007 0.994554381 0.074955812 -4.536252718 -0.964514386 0.050694159 0.259117930 -59.672026101
0.266638024 -0.085030554 0.960038525 180.417801224 0.069595085 0.995198944 0.068815594 -4.559261399 -0.961280754 0.048465108 0.271275588 -59.481754741
0.279316700 -0.079952720 0.956864538 181.151985403 0.068944011 0.995625125 0.063066109 -4.577716763 -0.957720682 0.048354662 0.283606985 -59.279892080
0.290926806 -0.078548628 0.953515447 181.908008966 0.066358655 0.995880659 0.061791918 -4.593595435 -0.954441262 0.045297077 0.294940760 -59.076077122
0.300929333 -0.081294009 0.950175153 182.667622702 0.064509312 0.995813066 0.064767945 -4.636324177 -0.951462078 0.041804571 0.304913582 -58.873636835
0.309326886 -0.084262991 0.947215195 183.393986176 0.059204806 0.995840656 0.069254457 -4.669631304 -0.949110989 0.034657426 0.313029062 -58.648567131
0.314914926 -0.090296161 0.944814899 184.127543610 0.056840923 0.995471701 0.076191874 -4.675734221 -0.947416328 0.029710193 0.318621415 -58.435864566
0.317993786 -0.093065441 0.943514057 184.840118888 0.055734714 0.995284509 0.079387581 -4.709258625 -0.946453165 0.027341729 0.321681265 -58.222811853
0.319560982 -0.096772536 0.942611190 185.562415913 0.060222292 0.994834410 0.081717632 -4.721746994 -0.945650070 0.030652440 0.323738125 -58.018115638
0.320282690 -0.093664616 0.942680189 186.267230216 0.063777455 0.994974311 0.077191685 -4.758190661 -0.945172701 0.035398583 0.324646740 -57.804717760
0.320584776 -0.090456797 0.942890751 186.933593937 0.066320635 0.995130319 0.072919281 -4.775680876 -0.944895219 0.039156302 0.325022783 -57.599235436
0.319450798 -0.088048332 0.943503407 187.618799039 0.063916466 0.995408424 0.071251343 -4.800409496 -0.945444802 0.037544105 0.323611754 -57.413088312
0.317672074 -0.087739185 0.944132559 188.291249812 0.063823728 0.995430083 0.071031560 -4.811158423 -0.946050202 0.037693317 0.321820181 -57.221165245
0.314153501 -0.090597888 0.945039470 188.970825621 0.065146102 0.995147023 0.073745430 -4.827183989 -0.947134396 0.038398253 0.318531020 -57.030118693
0.309722044 -0.094131967 0.946156133 189.645993748 0.065880739 0.994820481 0.077407617 -4.856092106 -0.948542031 0.038358619 0.314319316 -56.845596827
0.301886021 -0.093754468 0.948722789 190.301136393 0.063306108 0.994927534 0.078176337 -4.861606524 -0.951239805 0.036459604 0.306289945 -56.655678262
0.290817133 -0.094279124 0.952122283 191.000175369 0.061055267 0.994933722 0.079869533 -4.883442190 -0.954828597 0.034904652 0.295100010 -56.493374925
0.279483337 -0.096154035 0.955323749 191.676134210 0.061284600 0.994730508 0.082191328 -4.880621674 -0.958192706 0.035575527 0.283903364 -56.324732990
0.267380197 -0.097240842 0.958672024 192.364205447 0.063394383 0.994514799 0.083195349 -4.909805807 -0.961503501 0.038529633 0.272078086 -56.168385929
0.256341578 -0.096099130 0.961797251 193.048114559 0.064052560 0.994547134 0.082299861 -4.921375467 -0.964461645 0.040508700 0.261099177 -56.021119139
0.245329374 -0.091571952 0.965105215 193.735115394 0.064945099 0.994844765 0.077884707 -4.950769982 -0.967261925 0.043571448 0.250011793 -55.881896628
0.236940344 -0.086949056 0.967625514 194.404811659 0.066838984 0.995086058 0.073049895 -4.964452963 -0.969222278 0.047366639 0.241587620 -55.774647508
0.230604798 -0.085216798 0.969308787 195.060628704 0.068241906 0.995121274 0.071250915 -4.984427353 -0.970651570 0.049716676 0.235295097 -55.667151432
0.224315581 -0.089159941 0.970429299 195.679050351 0.070492227 0.994681739 0.075093838 -5.016366644 -0.971963665 0.051563005 0.229407695 -55.553217035
0.218252526 -0.094672655 0.971289310 196.383073246 0.072345575 0.994114245 0.080641092 -5.028797744 -0.973207045 0.052668361 0.223817093 -55.444956820
0.212672001 -0.094932525 0.972501124 197.084178007 0.071509158 0.994112572 0.081404143 -5.037721981 -0.974503494 0.052230354 0.218208455 -55.268792127
0.209157571 -0.094310156 0.973323536 197.759473637 0.071045358 0.994173661 0.081063486 -5.042607586 -0.975297733 0.052195078 0.214639247 -55.156076024
0.207721688 -0.096250687 0.973441064 198.425551613 0.070952854 0.994008455 0.083143759 -5.055166546 -0.975611292 0.051797660 0.213306375 -55.065036115
0.206833260 -0.098641235 0.973390933 199.074694403 0.073782682 0.993644020 0.085015750 -5.077391120 -0.975590138 0.054235309 0.212796647 -54.956607808
0.206442681 -0.098590439 0.973478990 199.723763485 0.077431311 0.993436590 0.084191054 -5.074959996 -0.975390082 0.057997127 0.212721700 -54.853425965
0.207619118 -0.095381938 0.973548452 200.359855717 0.080583213 0.993519892 0.080153419 -5.106071965 -0.974884941 0.061810280 0.213959907 -54.746986801
