1.000000000000000000e+00 -0.000000000000000000e+00 0.000000000000000000e+00 -0.000000000000000000e+00 -0.000000000000000000e+00 1.000000000000000000e+00 0.000000000000000000e+00 0.000000000000000000e+00 0.000000000000000000e+00 0.000000000000000000e+00 1.000000000000000000e+00 -0.000000000000000000e+00
9.999973770000000206e-01 1.544790000000000095e-04 -2.284173999999999927e-03 3.174378399999999711e-02 -1.558549999999999909e-04 9.999999400000000316e-01 -6.022399999999999802e-04 -1.121933009999999953e-01 2.284079999999999964e-03 6.025950000000000403e-04 9.999971989999999478e-01 9.997417929999999897e-01
9.999892120000000162e-01 1.446582999999999983e-03 -4.407557000000000315e-03 5.837535099999999894e-02 -1.459746999999999954e-03 9.999944570000000033e-01 -2.984945000000000133e-03 -2.185367789999999866e-01 4.403215000000000254e-03 2.991347000000000103e-03 9.999857540000000045e-01 1.990772366999999932e+00
9.999758600000000497e-01 8.057920000000000534e-04 -6.890162000000000023e-03 8.265087000000000128e-02 -7.968800000000000276e-04 9.999987479999999929e-01 1.296075000000000048e-03 -3.212599460000000184e-01 6.891198000000000289e-03 -1.290553000000000056e-03 9.999753829999999954e-01 2.972903967000000147e+00
9.999447460000000509e-01 1.272726000000000066e-03 -1.043216299999999951e-02 1.123069970000000056e-01 -1.235318999999999914e-03 9.999927880000000213e-01 3.591351000000000005e-03 -4.277029339999999791e-01 1.043665899999999917e-02 -3.578266000000000086e-03 9.999391439999999465e-01 3.945181369999999799e+00
9.998992089999999555e-01 -2.180866999999999962e-03 -1.402875999999999949e-02 1.314860880000000010e-01 2.247859000000000055e-03 9.999861719999999510e-01 4.761287000000000331e-03 -5.285975339999999800e-01 1.401818099999999935e-02 -4.792341999999999783e-03 9.998902680000000265e-01 4.885632991999999675e+00
9.998334049999999529e-01 -3.119072000000000077e-03 -1.798337699999999831e-02 1.513635809999999970e-01 3.215323999999999873e-03 9.999806279999999825e-01 5.325828000000000333e-03 -6.228905919999999652e-01 1.796641800000000136e-02 -5.382762000000000137e-03 9.998240470000000490e-01 5.815960407000000387e+00
9.997533560000000374e-01 -4.041921000000000402e-03 -2.183690099999999884e-02 1.614969370000000071e-01 4.172575000000000416e-03 9.999737140000000135e-01 5.940932000000000331e-03 -7.233173250000000110e-01 2.181231200000000037e-02 -6.030582999999999951e-03 9.997438789999999464e-01 6.721354007999999602e+00
9.996630549999999671e-01 -2.485171999999999902e-03 -2.583511900000000014e-02 1.688707020000000114e-01 2.677829999999999967e-03 9.999688270000000045e-01 7.425272999999999596e-03 -8.067941069999999826e-01 2.581585800000000055e-02 -7.491954000000000322e-03 9.996386769999999755e-01 7.626691340999999902e+00
9.995000960000000045e-01 -4.359509000000000127e-03 -3.131416800000000333e-02 1.788219809999999910e-01 4.613121999999999882e-03 9.999571440000000200e-01 8.031310999999999312e-03 -9.006266590000000516e-01 3.127781699999999943e-02 -8.171753000000000350e-03 9.994773270000000265e-01 8.500364303999999649e+00
9.993808870000000510e-01 1.717219999999999934e-04 -3.518177900000000330e-02 1.667663159999999978e-01 3.034649999999999956e-04 9.999089239999999768e-01 1.350087500000000072e-02 -9.819523100000000504e-01 3.518089299999999781e-02 -1.350319600000000030e-02 9.992897509999999484e-01 9.354325294000000568e+00
9.992412330000000065e-01 3.495455000000000177e-03 -3.879187299999999755e-02 1.567434970000000094e-01 -2.936044999999999974e-03 9.998911019999999761e-01 1.446842199999999988e-02 -1.068797350000000090e+00 3.883822299999999811e-02 -1.434354900000000058e-02 9.991424679999999503e-01 1.019987773899999972e+01
9.990276689999999515e-01 2.490229000000000054e-03 -4.401635400000000059e-02 1.473783850000000006e-01 -2.061276999999999814e-03 9.999499920000000097e-01 9.787990999999999359e-03 -1.152734160000000063e+00 4.403852700000000092e-02 -9.687744999999999343e-03 9.989830259999999962e-01 1.102628707899999938e+01
9.987993840000000123e-01 3.781153000000000205e-03 -4.884082499999999744e-02 1.336950060000000051e-01 -3.517989999999999919e-03 9.999788400000000355e-01 5.473014000000000004e-03 -1.231351255999999950e+00 4.886047899999999833e-02 -5.294621999999999697e-03 9.987916350000000110e-01 1.182372379299999920e+01
9.984697700000000342e-01 4.590994000000000151e-03 -5.510975800000000174e-02 1.199184660000000013e-01 -4.618144999999999716e-03 9.999892710000000129e-01 -3.653059999999999749e-04 -1.317328572000000086e+00 5.510748599999999719e-02 6.192529999999999476e-04 9.984803799999999452e-01 1.262668037399999932e+01
9.980766770000000232e-01 5.414786999999999899e-03 -6.175408500000000023e-02 9.486496399999999607e-02 -5.482214000000000011e-03 9.999845619999999657e-01 -9.224819999999999678e-04 -1.400280117999999963e+00 6.174813199999999724e-02 1.259256999999999955e-03 9.980909820000000154e-01 1.340938949599999930e+01
9.975060820000000161e-01 1.650117999999999897e-03 -7.056230300000000677e-02 6.099414799999999803e-02 -1.697303000000000050e-03 9.999983909999999865e-01 -6.087529999999999634e-04 -1.480867504999999973e+00 7.056119299999999428e-02 7.270010000000000144e-04 9.975072149999999471e-01 1.416397953000000065e+01
9.967097639999999981e-01 3.010779999999999793e-03 -8.099701300000000659e-02 2.279818100000000070e-02 -2.687212999999999928e-03 9.999880190000000058e-01 4.103505000000000347e-03 -1.554993987000000022e+00 8.100839699999999588e-02 -3.872347999999999849e-03 9.967058899999999833e-01 1.491220092800000074e+01
9.956302049999999904e-01 6.660319999999999956e-04 -9.338098000000000232e-02 -1.634645499999999932e-02 5.956100000000000115e-05 9.999698399999999987e-01 7.767233000000000123e-03 -1.632376908999999987e+00 9.338335700000000017e-02 -7.738855999999999687e-03 9.956001639999999542e-01 1.566033267999999978e+01
9.940611120000000245e-01 1.341898000000000006e-03 -1.088142319999999968e-01 -7.757043800000000544e-02 -1.342159999999999903e-04 9.999382500000000285e-01 1.110512900000000004e-02 -1.702367186999999893e+00 1.088224200000000030e-01 -1.102457500000000000e-02 9.940001370000000058e-01 1.636932373000000140e+01
9.917082790000000259e-01 -2.156340000000000025e-04 -1.285091640000000091e-01 -1.478459840000000136e-01 1.609285999999999920e-03 9.999410509999999697e-01 1.074102600000000074e-02 -1.775317550000000022e+00 1.284992689999999993e-01 -1.085877499999999933e-02 9.916501049999999484e-01 1.708348655700000052e+01
9.884743089999999954e-01 1.322200000000000046e-04 -1.513885259999999955e-01 -2.431831359999999942e-01 1.536903999999999961e-03 9.999392630000000226e-01 1.090837199999999951e-02 -1.847002148999999926e+00 1.513807919999999863e-01 -1.101531499999999948e-02 9.884141680000000374e-01 1.775998687699999934e+01
9.841652509999999632e-01 1.782944000000000065e-03 -1.772442909999999983e-01 -3.529148100000000232e-01 -1.581370000000000074e-04 9.999578599999999762e-01 9.180755000000000512e-03 -1.912329434999999966e+00 1.772531719999999866e-01 -9.007350000000000773e-03 9.841240639999999651e-01 1.842830085800000006e+01
9.786846639999999820e-01 3.954962000000000234e-03 -2.053307000000000049e-01 -4.906280040000000064e-01 -2.073414999999999894e-03 9.999539259999999929e-01 9.377849000000000601e-03 -1.974038839000000101e+00 2.053582969999999952e-01 -8.752222000000000474e-03 9.786477089999999768e-01 1.906116294899999986e+01
9.715083239999999787e-01 8.053947000000000536e-03 -2.368685899999999900e-01 -6.472604269999999715e-01 -5.454912999999999602e-03 9.999175670000000071e-01 1.162580799999999963e-02 -2.034148931999999910e+00 2.369426940000000092e-01 -1.000247200000000010e-02 9.714721440000000374e-01 1.968939208999999835e+01
9.627699849999999948e-01 1.459638199999999976e-02 -2.699276210000000065e-01 -8.320970540000000026e-01 -1.107029200000000067e-02 9.998324509999999554e-01 1.458091800000000000e-02 -2.093991755999999871e+00 2.700951699999999955e-01 -1.104989500000000055e-02 9.627702240000000078e-01 2.030013847400000060e+01
9.522127510000000239e-01 2.155437500000000062e-02 -3.046743270000000225e-01 -1.039502144000000072e+00 -1.732374500000000150e-02 9.997124080000000523e-01 1.658259000000000122e-02 -2.144437551000000219e+00 3.049440680000000126e-01 -1.051205199999999916e-02 9.523122910000000330e-01 2.089303970299999946e+01
9.394411440000000058e-01 2.759444000000000133e-02 -3.415976170000000200e-01 -1.265954017999999959e+00 -2.250885199999999933e-02 9.995689989999999581e-01 1.884324500000000152e-02 -2.202774048000000207e+00 3.419703539999999764e-01 -1.001314499999999934e-02 9.396575090000000019e-01 2.147057914699999870e+01
9.237793680000000451e-01 3.262099599999999933e-02 -3.815330270000000246e-01 -1.509104251999999979e+00 -2.632489799999999935e-02 9.994176030000000432e-01 2.171136099999999847e-02 -2.253764390999999812e+00 3.820190729999999868e-01 -1.001268599999999981e-02 9.241002200000000277e-01 2.203251266499999872e+01
9.052683710000000161e-01 3.894064199999999754e-02 -4.230517449999999791e-01 -1.793466090999999984e+00 -3.119767600000000057e-02 9.991950990000000310e-01 2.521447699999999903e-02 -2.304948330000000212e+00 4.236931199999999786e-01 -9.627633999999999498e-03 9.057546260000000071e-01 2.258591461199999983e+01
8.836163879999999748e-01 4.644083599999999923e-02 -4.659026860000000103e-01 -2.113913059000000150e+00 -3.716994099999999801e-02 9.988859300000000330e-01 2.907287000000000066e-02 -2.351402520999999801e+00 4.667338429999999816e-01 -8.371686999999999185e-03 8.843581680000000000e-01 2.311146926900000054e+01
8.580473659999999780e-01 5.256047800000000075e-02 -5.108737949999999639e-01 -2.445637703000000052e+00 -4.181060899999999858e-02 9.985963700000000109e-01 3.251530999999999866e-02 -2.390626430999999830e+00 5.118657349999999884e-01 -6.539724000000000231e-03 8.590404990000000129e-01 2.362410926800000155e+01
8.302726750000000155e-01 5.854703900000000211e-02 -5.542739030000000122e-01 -2.824274062999999835e+00 -4.664986200000000027e-02 9.982778429999999981e-01 3.556746200000000108e-02 -2.428413390999999866e+00 5.554017420000000316e-01 -3.673888000000000154e-03 8.315740230000000510e-01 2.412319755600000093e+01
8.002243639999999658e-01 6.376202400000000048e-02 -5.963015560000000104e-01 -3.210992812999999835e+00 -5.074230999999999880e-02 9.979649189999999503e-01 3.861644100000000135e-02 -2.463062762999999933e+00 5.975503330000000446e-01 -6.440970000000000506e-04 8.018311860000000291e-01 2.458901786799999911e+01
7.683765289999999748e-01 6.764959500000000681e-02 -6.364126209999999562e-01 -3.621324539000000176e+00 -5.381791999999999826e-02 9.977054600000000439e-01 4.107702500000000312e-02 -2.498693704999999987e+00 6.377312539999999697e-01 2.687783999999999920e-03 7.702541950000000304e-01 2.502325057999999913e+01
7.338386180000000536e-01 6.817822900000000685e-02 -6.758939029999999626e-01 -4.050086021000000258e+00 -5.386981700000000040e-02 9.976580139999999819e-01 4.214686200000000021e-02 -2.539150476000000101e+00 6.771844630000000143e-01 5.481281000000000174e-03 7.357928160000000162e-01 2.545935821500000174e+01
6.976138349999999599e-01 6.519880899999999646e-02 -7.135013340000000426e-01 -4.500116347999999711e+00 -5.033629399999999671e-02 9.978501199999999516e-01 4.196678100000000161e-02 -2.576078653000000163e+00 7.147035600000000155e-01 6.638393999999999719e-03 6.993960139999999548e-01 2.585332488999999967e+01
6.598922609999999800e-01 6.130569400000000085e-02 -7.488548760000000026e-01 -4.963699340999999876e+00 -4.863321400000000100e-02 9.980608220000000141e-01 3.885147700000000232e-02 -2.621689557999999920e+00 7.497845890000000013e-01 1.078142900000000036e-02 6.615942120000000148e-01 2.622018051099999880e+01
6.195056439999999665e-01 5.814761999999999709e-02 -7.828355430000000226e-01 -5.435348510999999938e+00 -4.778705500000000189e-02 9.981967210000000090e-01 3.632743699999999715e-02 -2.658502578999999866e+00 7.835362550000000148e-01 1.490435300000000039e-02 6.211673020000000323e-01 2.656570434600000041e+01
5.773010849999999916e-01 5.947318699999999680e-02 -8.143625260000000310e-01 -5.944637299000000041e+00 -5.118995500000000226e-02 9.980182050000000471e-01 3.659708400000000195e-02 -2.688754558999999933e+00 8.149251939999999639e-01 2.055964199999999950e-02 5.792013409999999807e-01 2.689448165900000021e+01
5.340508219999999806e-01 6.096848500000000282e-02 -8.432512279999999638e-01 -6.462393761000000403e+00 -5.057987199999999794e-02 9.979140760000000387e-01 4.011743899999999780e-02 -2.720999002000000111e+00 8.439379930000000529e-01 2.122677499999999981e-02 5.360206370000000220e-01 2.719343948399999888e+01
4.913619759999999781e-01 6.678093999999999697e-02 -8.683914539999999516e-01 -6.988522530000000010e+00 -5.144152800000000025e-02 9.975408319999999884e-01 4.760559600000000002e-02 -2.745483160000000034e+00 8.694348929999999864e-01 2.127979899999999855e-02 4.935889239999999845e-01 2.745040893599999876e+01
4.480988679999999835e-01 7.053739600000000221e-02 -8.911969069999999826e-01 -7.561635971000000289e+00 -5.084595799999999666e-02 9.972795840000000522e-01 5.336811000000000332e-02 -2.783483744000000204e+00 8.925368790000000052e-01 2.139956299999999992e-02 4.504663939999999922e-01 2.773521423300000066e+01
4.056298429999999899e-01 7.479337599999999475e-02 -9.109722380000000452e-01 -8.132438660000000041e+00 -5.477543499999999732e-02 9.968443510000000174e-01 5.745379300000000300e-02 -2.806996106999999796e+00 9.123946429999999497e-01 2.659392699999999984e-02 4.084466700000000117e-01 2.795894813499999998e+01
3.632216160000000249e-01 7.462173699999999354e-02 -9.287096860000000342e-01 -8.718023300000000475e+00 -5.470433799999999819e-02 9.967759250000000071e-01 5.869581199999999999e-02 -2.834809780000000057e+00 9.300953149999999781e-01 2.948485699999999973e-02 3.661327659999999984e-01 2.816779327400000099e+01
3.213163609999999948e-01 7.418146000000000462e-02 -9.440619350000000187e-01 -9.313173294000000269e+00 -5.684958400000000162e-02 9.966400859999999806e-01 5.896384300000000189e-02 -2.857780217999999817e+00 9.452639219999999787e-01 3.472348299999999943e-02 3.244540100000000149e-01 2.834660720800000178e+01
2.797082659999999832e-01 7.370011499999999660e-02 -9.572521449999999987e-01 -9.902097702000000723e+00 -5.919339500000000281e-02 9.964762329999999890e-01 5.942378200000000138e-02 -2.876487494000000034e+00 9.582585099999999523e-01 4.004167399999999932e-02 2.830852569999999790e-01 2.849742698700000076e+01
2.406625300000000134e-01 7.257536100000000490e-02 -9.678917529999999658e-01 -1.056398105599999937e+01 -6.261045499999999542e-02 9.962844849999999974e-01 5.913649099999999936e-02 -2.902375698000000170e+00 9.685874580000000122e-01 4.636819300000000199e-02 2.443122709999999975e-01 2.864121055600000076e+01
2.012221369999999954e-01 6.837356099999999937e-02 -9.771564600000000045e-01 -1.118542099000000078e+01 -6.755106199999999506e-02 9.961546660000000220e-01 5.579236499999999654e-02 -2.928472757000000204e+00 9.772135619999999800e-01 5.478129899999999858e-02 2.050670679999999912e-01 2.874407577499999888e+01
1.622363330000000103e-01 6.508967300000000067e-02 -9.846028690000000472e-01 -1.180719184900000052e+01 -6.605637799999999893e-02 9.963001609999999619e-01 5.497861700000000046e-02 -2.955240965000000219e+00 9.845383760000000484e-01 5.611977700000000263e-02 1.659356800000000021e-01 2.883738327000000012e+01
1.238891780000000026e-01 6.182435900000000234e-02 -9.903682470000000349e-01 -1.244917488099999936e+01 -6.522130199999999489e-02 9.964062569999999619e-01 5.404249600000000237e-02 -2.983155012000000106e+00 9.901502730000000252e-01 5.789782100000000209e-02 1.274762150000000038e-01 2.890577697799999868e+01
8.658762300000000245e-02 6.042703199999999858e-02 -9.944100380000000516e-01 -1.310126495399999946e+01 -6.619782700000000075e-02 9.963017109999999787e-01 5.477786099999999714e-02 -3.003850460000000222e+00 9.940424559999999632e-01 6.108469500000000135e-02 9.026753899999999387e-02 2.895375823999999909e+01
5.089946100000000001e-02 5.828028200000000270e-02 -9.970018859999999483e-01 -1.377533340499999959e+01 -6.956016299999999430e-02 9.960782529999999690e-01 5.467508399999999880e-02 -3.030153274999999979e+00 9.962783459999999813e-01 6.656867299999999488e-02 5.475379500000000094e-02 2.897610282899999845e+01
1.572553399999999935e-02 5.441163499999999986e-02 -9.983947869999999503e-01 -1.446323680899999964e+01 -7.308659000000000683e-02 9.959095719999999652e-01 5.312503100000000311e-02 -3.069966315999999917e+00 9.972016219999999542e-01 7.213384700000000094e-02 1.963797399999999901e-02 2.897827720600000134e+01
-1.952053999999999942e-02 4.690456400000000275e-02 -9.987087249999999639e-01 -1.512872123700000060e+01 -7.758380500000000568e-02 9.958156940000000290e-01 4.828515600000000269e-02 -3.098814010999999979e+00 9.967947600000000019e-01 7.842615199999999898e-02 -1.579982599999999945e-02 2.895827293400000002e+01
-5.299194900000000347e-02 3.916307900000000342e-02 -9.978266949999999857e-01 -1.581139946000000052e+01 -7.956806600000000673e-02 9.958879349999999464e-01 4.331264299999999789e-02 -3.127503157000000034e+00 9.954199790000000103e-01 8.169036400000000142e-02 -4.965792200000000017e-02 2.890930557300000103e+01
-8.606295999999999391e-02 3.340429799999999894e-02 -9.957295659999999549e-01 -1.650009918199999959e+01 -8.359005299999999750e-02 9.956716899999999981e-01 4.062723399999999818e-02 -3.164122105000000129e+00 9.927768110000000368e-01 8.672958599999999740e-02 -8.289820000000000522e-02 2.884165573099999946e+01
-1.180620940000000063e-01 2.918758399999999906e-02 -9.925771359999999710e-01 -1.721124649000000062e+01 -8.753921800000000197e-02 9.953703280000000264e-01 3.968208299999999994e-02 -3.200474024000000028e+00 9.891401530000000220e-01 9.157438599999999373e-02 -1.149604320000000013e-01 2.875776481600000167e+01
-1.478171500000000083e-01 2.693964000000000081e-02 -9.886476400000000497e-01 -1.789165115400000161e+01 -9.215052399999999755e-02 9.949052929999999684e-01 4.088798899999999958e-02 -3.239340544000000044e+00 9.847123620000000077e-01 9.714835099999999390e-02 -1.445815560000000000e-01 2.863417816200000132e+01
-1.767893879999999918e-01 2.338407899999999859e-02 -9.839708209999999955e-01 -1.858938980099999938e+01 -9.640073799999999971e-02 9.944997429999999916e-01 4.095454899999999981e-02 -3.275826454000000165e+00 9.795164469999999568e-01 1.020958349999999959e-01 -1.735627349999999958e-01 2.850086975099999975e+01
-2.038593589999999900e-01 1.883119200000000007e-02 -9.788190719999999567e-01 -1.929756546000000128e+01 -9.999334099999999947e-02 9.941856860000000129e-01 3.995250899999999716e-02 -3.315637112000000108e+00 9.738802309999999851e-01 1.060200780000000037e-01 -2.007910760000000128e-01 2.835322761500000155e+01
-2.272860409999999942e-01 1.312518399999999981e-02 -9.737395639999999464e-01 -1.999984169000000023e+01 -1.018160879999999990e-01 9.941087960000000168e-01 3.716521300000000250e-02 -3.354970932000000072e+00 9.684908389999999923e-01 1.075895060000000014e-01 -2.246107159999999880e-01 2.817757797200000169e+01
-2.481617929999999916e-01 7.318993999999999674e-03 -9.686908720000000361e-01 -2.071492004399999942e+01 -1.035520959999999963e-01 9.940414429999999690e-01 3.403877500000000028e-02 -3.412697554000000189e+00 9.631680849999999516e-01 1.087571160000000009e-01 -2.459251580000000048e-01 2.799472236600000130e+01
-2.662660479999999774e-01 -4.236530000000000178e-04 -9.638993740000000310e-01 -2.141735458400000169e+01 -1.042255239999999999e-01 9.941494459999999922e-01 2.835415700000000136e-02 -3.460048675999999990e+00 9.582480789999999748e-01 1.080127060000000000e-01 -2.647524769999999861e-01 2.781355285600000116e+01
-2.819840009999999841e-01 -7.030690000000000030e-03 -9.593932630000000517e-01 -2.212072372400000120e+01 -1.046676490000000015e-01 9.942301510000000064e-01 2.347783399999999951e-02 -3.517433642999999943e+00 9.536926749999999897e-01 1.070378349999999978e-01 -2.810928520000000042e-01 2.761575317400000174e+01
-2.950463890000000200e-01 -1.648580700000000163e-02 -9.553406239999999716e-01 -2.283160400399999901e+01 -1.061141339999999988e-01 9.942313430000000452e-01 1.561525700000000044e-02 -3.576631068999999830e+00 9.495722060000000297e-01 1.059823780000000021e-01 -2.950937750000000026e-01 2.739908599900000041e+01
-3.068877460000000168e-01 -2.634024999999999908e-02 -9.513811469999999826e-01 -2.354481697099999948e+01 -1.078776270000000037e-01 9.941376450000000142e-01 7.274151000000000401e-03 -3.641542673000000008e+00 9.456120730000000529e-01 1.048650970000000043e-01 -3.079302010000000145e-01 2.719244193999999837e+01
-3.152407999999999877e-01 -3.486688400000000077e-02 -9.483709930000000510e-01 -2.425743865999999826e+01 -1.098674459999999936e-01 9.939463139999999974e-01 -2.227199999999999953e-05 -3.705219506999999801e+00 9.426305889999999632e-01 1.041880550000000016e-01 -3.171630799999999861e-01 2.696299743699999851e+01
-3.228592570000000106e-01 -3.841430700000000170e-02 -9.456671479999999574e-01 -2.495943641699999915e+01 -1.101897059999999984e-01 9.939068559999999497e-01 -2.754111000000000059e-03 -3.776532411999999894e+00 9.400106670000000220e-01 1.033135800000000021e-01 -3.251248600000000155e-01 2.673347282399999969e+01
-3.297399280000000155e-01 -3.887881299999999818e-02 -9.432709809999999528e-01 -2.568117523200000107e+01 -1.125434119999999955e-01 9.936456679999999819e-01 -1.613220000000000062e-03 -3.848823070999999985e+00 9.373396640000000168e-01 1.056269710000000001e-01 -3.320201930000000190e-01 2.649840927099999988e+01
-3.334044520000000178e-01 -3.702155499999999766e-02 -9.420566559999999923e-01 -2.641619491599999847e+01 -1.167988259999999945e-01 9.931529759999999651e-01 2.306853000000000202e-03 -3.920526027999999830e+00 9.355209469999999916e-01 1.108002290000000001e-01 -3.354456719999999725e-01 2.623981666599999940e+01
-3.359503449999999836e-01 -3.452505899999999683e-02 -9.412466290000000013e-01 -2.713876724200000012e+01 -1.199925540000000013e-01 9.927541020000000271e-01 6.413458000000000353e-03 -3.995583057000000160e+00 9.342051150000000304e-01 1.150972170000000017e-01 -3.376588229999999968e-01 2.601334571800000006e+01
-3.343436120000000122e-01 -3.291868399999999667e-02 -9.418760539999999626e-01 -2.786360168499999901e+01 -1.231947909999999979e-01 9.923412799999999923e-01 9.048778999999999850e-03 -4.061249733000000361e+00 9.343647360000000290e-01 1.190596520000000019e-01 -3.358383480000000088e-01 2.577989578200000054e+01
-3.266811370000000103e-01 -3.128913400000000317e-02 -9.446164970000000549e-01 -2.858794021599999979e+01 -1.273827999999999905e-01 9.917903540000000406e-01 1.120166899999999917e-02 -4.121682167000000341e+00 9.365110989999999580e-01 1.239872649999999993e-01 -3.279848399999999997e-01 2.553689575199999950e+01
-3.156264129999999946e-01 -2.802736299999999958e-02 -9.484695199999999549e-01 -2.933172607399999876e+01 -1.316080239999999901e-01 9.911957380000000484e-01 1.450586700000000041e-02 -4.192780495000000052e+00 9.397123459999999762e-01 1.294046339999999906e-01 -3.165362179999999803e-01 2.531957626299999831e+01
-2.987874150000000006e-01 -2.432076799999999955e-02 -9.540097709999999509e-01 -3.007221221900000074e+01 -1.339532139999999871e-01 9.908471110000000026e-01 1.669308200000000145e-02 -4.257291794000000351e+00 9.448718430000000446e-01 1.327803280000000030e-01 -2.993104759999999920e-01 2.511305808999999911e+01
-2.773853239999999887e-01 -2.098048900000000147e-02 -9.605296850000000219e-01 -3.080577278100000171e+01 -1.350818430000000070e-01 9.906823639999999820e-01 1.737033600000000011e-02 -4.325668811999999974e+00 9.512152080000000343e-01 1.345684080000000005e-01 -2.776347989999999877e-01 2.492825317400000174e+01
-2.524642939999999780e-01 -1.745547399999999860e-02 -9.674488310000000091e-01 -3.153896713299999988e+01 -1.357836279999999896e-01 9.905829430000000491e-01 1.756105200000000061e-02 -4.396315575000000031e+00 9.580317139999999787e-01 1.357972470000000098e-01 -2.524569629999999787e-01 2.476396560699999938e+01
-2.256701740000000012e-01 -1.469094299999999971e-02 -9.740929600000000077e-01 -3.226971435499999785e+01 -1.356965300000000096e-01 9.906131630000000188e-01 1.649700499999999861e-02 -4.464282036000000176e+00 9.647069569999999761e-01 1.359039250000000087e-01 -2.255453470000000071e-01 2.464205932599999826e+01
-1.974189580000000055e-01 -1.133129199999999975e-02 -9.802536960000000077e-01 -3.299860382100000322e+01 -1.340698150000000088e-01 9.908499120000000548e-01 1.554732300000000005e-02 -4.524757862000000408e+00 9.711080789999999574e-01 1.344917710000000100e-01 -1.971317380000000008e-01 2.456451034499999864e+01
-1.665860710000000022e-01 -6.659497000000000333e-03 -9.860044119999999968e-01 -3.370904922500000112e+01 -1.307648419999999923e-01 9.912938479999999775e-01 1.539758800000000025e-02 -4.593124866000000139e+00 9.773175120000000549e-01 1.314997380000000049e-01 -1.660065500000000027e-01 2.449423599200000012e+01
-1.349747330000000134e-01 -1.229468000000000054e-03 -9.908483030000000413e-01 -3.441712951699999934e+01 -1.264743949999999895e-01 9.918409590000000220e-01 1.599782699999999919e-02 -4.664854049999999752e+00 9.827440979999999549e-01 1.274762449999999880e-01 -1.340289709999999967e-01 2.444167709399999922e+01
-1.036642720000000017e-01 2.679829999999999799e-03 -9.946087000000000122e-01 -3.511069107099999798e+01 -1.251080780000000114e-01 9.920187590000000277e-01 1.571238999999999969e-02 -4.727888107000000062e+00 9.867125749999999806e-01 1.260624230000000068e-01 -1.025016160000000037e-01 2.442082214399999884e+01
-7.236917299999999498e-02 5.793112999999999908e-03 -9.973610640000000194e-01 -3.579616928099999740e+01 -1.251892000000000005e-01 9.920218589999999503e-01 1.484591300000000051e-02 -4.797177792000000274e+00 9.894899129999999987e-01 1.259332149999999872e-01 -7.106657299999999400e-02 2.442347907999999990e+01
-4.010528299999999852e-02 8.038732999999999296e-03 -9.991631509999999716e-01 -3.649840545699999694e+01 -1.254461259999999911e-01 9.920151830000000226e-01 1.301649399999999998e-02 -4.839649200000000207e+00 9.912894960000000477e-01 1.258631799999999912e-01 -3.877662099999999723e-02 2.442475700399999994e+01
-7.913081000000000628e-03 1.136058900000000080e-02 -9.999040959999999645e-01 -3.714308166499999686e+01 -1.272545900000000008e-01 9.917941089999999793e-01 1.227551600000000021e-02 -4.915832520000000372e+00 9.918385149999999761e-01 1.273395420000000000e-01 -6.402459999999999575e-03 2.445442199700000074e+01
2.739335600000000065e-02 1.311714400000000072e-02 -9.995386600000000232e-01 -3.778685760500000157e+01 -1.308954360000000039e-01 9.913514260000000355e-01 9.422379999999999298e-03 -4.979358673000000124e+00 9.910175799999999535e-01 1.305769380000000035e-01 2.887340999999999866e-02 2.451820754999999963e+01
6.823111299999999602e-02 1.550723099999999979e-02 -9.975489379999999962e-01 -3.841383361799999818e+01 -1.354331079999999965e-01 9.907674789999999510e-01 6.138351000000000224e-03 -5.041420936999999824e+00 9.884343150000000078e-01 1.346823570000000025e-01 6.970135900000000440e-02 2.460647010799999990e+01
1.137536319999999934e-01 1.829086599999999938e-02 -9.933404919999999638e-01 -3.900824356100000045e+01 -1.378271879999999894e-01 9.904531239999999626e-01 2.454243999999999957e-03 -5.103596686999999577e+00 9.839022760000000201e-01 1.366301769999999915e-01 1.151886429999999933e-01 2.472636604299999874e+01
1.617907879999999909e-01 2.214882899999999835e-02 -9.865763779999999761e-01 -3.960385131799999670e+01 -1.376464659999999951e-01 9.904813169999999722e-01 -3.364500000000000195e-04 -5.174335479999999876e+00 9.771781560000000200e-01 1.358532159999999989e-01 1.632994859999999937e-01 2.487404632599999843e+01
2.103082689999999921e-01 2.548387100000000169e-02 -9.773028489999999735e-01 -4.016141509999999926e+01 -1.344628330000000038e-01 9.909138079999999515e-01 -3.096615000000000045e-03 -5.239013195000000067e+00 9.683440330000000484e-01 1.320621670000000081e-01 2.118239700000000003e-01 2.505879783600000010e+01
2.610419390000000006e-01 2.793920000000000084e-02 -9.649229649999999658e-01 -4.070041656499999760e+01 -1.312146929999999934e-01 9.913306830000000458e-01 -6.793862000000000338e-03 -5.309275150000000387e+00 9.563679699999999562e-01 1.283855590000000102e-01 2.624449130000000019e-01 2.526747894300000041e+01
3.127024769999999787e-01 3.559739099999999906e-02 -9.491838809999999516e-01 -4.123619079600000248e+01 -1.342688200000000109e-01 9.909197090000000374e-01 -7.071377000000000218e-03 -5.374811172000000248e+00 9.403133390000000258e-01 1.296570300000000064e-01 3.146426379999999745e-01 2.550934410099999994e+01
3.649554850000000239e-01 4.412819400000000253e-02 -9.299786690000000355e-01 -4.172451019300000041e+01 -1.352086369999999926e-01 9.907987120000000258e-01 -6.046357999999999941e-03 -5.442391871999999964e+00 9.211546779999999490e-01 1.279478219999999888e-01 3.675639330000000093e-01 2.576529502900000068e+01
4.170311990000000191e-01 4.977196500000000134e-02 -9.075284000000000129e-01 -4.220508956900000186e+01 -1.352573930000000035e-01 9.907796979999999865e-01 -7.816280999999999576e-03 -5.518833159999999793e+00 8.987717029999999774e-01 1.260095539999999958e-01 4.199180009999999852e-01 2.605438613899999822e+01
4.668436349999999790e-01 4.775411599999999923e-02 -8.830496070000000142e-01 -4.263438415499999934e+01 -1.286113259999999980e-01 9.915910359999999812e-01 -1.436932800000000066e-02 -5.582376957000000139e+00 8.749377729999999742e-01 1.202784110000000017e-01 4.690596459999999968e-01 2.636761474600000099e+01
5.145239830000000181e-01 4.381133200000000144e-02 -8.563560249999999652e-01 -4.303320693999999946e+01 -1.203696499999999947e-01 9.924953579999999942e-01 -2.154541800000000021e-02 -5.673884869000000108e+00 8.489853739999999593e-01 1.141649190000000036e-01 5.159361959999999581e-01 2.669330787699999874e+01
5.605093840000000549e-01 3.756054899999999863e-02 -8.272957800000000361e-01 -4.340147399899999670e+01 -1.174820810000000021e-01 9.924741980000000297e-01 -3.453651800000000216e-02 -5.745990275999999675e+00 8.197726610000000136e-01 1.165504750000000006e-01 5.607037540000000542e-01 2.703555679300000136e+01
6.036829350000000316e-01 3.269693600000000283e-02 -7.965537310000000426e-01 -4.374956893899999955e+01 -1.129739280000000012e-01 9.925840500000000510e-01 -4.487578600000000084e-02 -5.821619510999999747e+00 7.891791460000000535e-01 1.170805469999999932e-01 6.028999689999999800e-01 2.738177299499999862e+01
6.431388850000000490e-01 3.080147499999999830e-02 -7.651298640000000484e-01 -4.407161712599999959e+01 -1.071229280000000061e-01 9.929841759999999962e-01 -5.006933999999999690e-02 -5.895513535000000083e+00 7.582195999999999936e-01 1.141645010000000016e-01 6.419262890000000388e-01 2.774312210100000087e+01
6.791242960000000162e-01 3.115285599999999960e-02 -7.333619590000000077e-01 -4.437428283700000264e+01 -1.005315330000000063e-01 9.936316010000000309e-01 -5.088745100000000021e-02 -5.975053787000000227e+00 7.271063330000000491e-01 1.082849060000000002e-01 6.779311300000000484e-01 2.812190055800000010e+01
7.126712200000000497e-01 3.228086200000000044e-02 -7.007551789999999503e-01 -4.465970611600000240e+01 -9.516051400000000160e-02 9.941555260000000116e-01 -5.098207700000000064e-02 -6.047000885000000103e+00 6.950138209999999761e-01 1.030176800000000004e-01 7.115779519999999581e-01 2.849813651999999919e+01
7.437515260000000517e-01 3.367600999999999928e-02 -6.676074269999999755e-01 -4.492309570300000132e+01 -9.062222400000000122e-02 9.945893289999999665e-01 -5.078826799999999753e-02 -6.126379967000000093e+00 6.622848510000000077e-01 9.827390299999999579e-02 7.427793150000000511e-01 2.887757682799999870e+01
7.727091310000000490e-01 3.330182999999999754e-02 -6.338860990000000362e-01 -4.517961883499999942e+01 -8.485422300000000639e-02 9.950790999999999942e-01 -5.116010800000000275e-02 -6.203653336000000351e+00 6.290630699999999464e-01 9.331981100000000251e-02 7.717325689999999794e-01 2.928190612799999926e+01
7.993519900000000122e-01 3.470140699999999662e-02 -5.998603110000000349e-01 -4.540512466399999880e+01 -8.094909799999999711e-02 9.954489469999999729e-01 -5.028393899999999972e-02 -6.278823852999999566e+00 5.953853129999999716e-01 8.875270200000000276e-02 7.985231879999999949e-01 2.967573547399999967e+01
8.234571809999999825e-01 3.456042299999999984e-02 -5.663248899999999697e-01 -4.560633850100000330e+01 -7.607877300000000231e-02 9.958549740000000039e-01 -4.984848199999999951e-02 -6.353466988000000093e+00 5.622546670000000413e-01 8.413338700000000392e-02 8.226732020000000478e-01 3.009519195600000074e+01
8.457299470000000374e-01 3.452198599999999756e-02 -5.324932930000000342e-01 -4.579823303199999884e+01 -7.176537800000000467e-02 9.961976409999999671e-01 -4.939668299999999679e-02 -6.425228118999999793e+00 5.287631750000000297e-01 7.999081900000000467e-02 8.449915649999999445e-01 3.050876998900000103e+01
8.650689719999999916e-01 3.416345300000000335e-02 -5.004884600000000239e-01 -4.597441864000000322e+01 -6.714292600000000555e-02 9.965868589999999916e-01 -4.802586899999999881e-02 -6.498227596000000439e+00 4.971394840000000204e-01 7.514993799999999946e-02 8.644101020000000135e-01 3.092834091199999946e+01
8.813245889999999916e-01 3.237140599999999840e-02 -4.714012439999999970e-01 -4.613822936999999769e+01 -6.123644899999999835e-02 9.970619680000000207e-01 -4.601789600000000258e-02 -6.565809250000000041e+00 4.685265120000000061e-01 6.942363099999999954e-02 8.807175160000000336e-01 3.135529708900000045e+01
8.945970540000000026e-01 3.231951200000000163e-02 -4.457035959999999797e-01 -4.629541778600000157e+01 -5.745844499999999688e-02 9.974213840000000220e-01 -4.300162200000000323e-02 -6.635505676000000186e+00 4.431644080000000097e-01 6.407855499999999538e-02 8.941471579999999975e-01 3.178205871600000165e+01
9.055003520000000083e-01 3.239548200000000322e-02 -4.231072069999999852e-01 -4.645436096200000264e+01 -5.452786400000000228e-02 9.976983069999999509e-01 -4.030675100000000177e-02 -6.705537795999999773e+00 4.208276269999999819e-01 5.956889299999999776e-02 9.051827190000000245e-01 3.222015762299999864e+01
9.146521090000000465e-01 3.296879700000000107e-02 -4.028953020000000107e-01 -4.660590362500000339e+01 -5.238701400000000258e-02 9.979311819999999722e-01 -3.726847800000000072e-02 -6.770384789000000403e+00 4.008330700000000135e-01 5.519416199999999800e-02 9.144870040000000477e-01 3.264778137199999719e+01
9.224575760000000013e-01 3.379125100000000131e-02 -3.846169409999999900e-01 -4.677192688000000231e+01 -5.101057500000000244e-02 9.980967039999999457e-01 -3.465305600000000152e-02 -6.842654705000000170e+00 3.827139439999999726e-01 5.158549899999999994e-02 9.224255679999999735e-01 3.314427566500000211e+01
9.288164380000000220e-01 3.330810700000000346e-02 -3.690401609999999777e-01 -4.690827560400000351e+01 -4.862794699999999776e-02 9.982949500000000143e-01 -3.228679699999999902e-02 -6.906543254999999881e+00 3.673354690000000256e-01 4.793417099999999764e-02 9.288524390000000297e-01 3.359156799299999818e+01
9.340091940000000426e-01 3.124610499999999971e-02 -3.558798429999999735e-01 -4.703996276899999884e+01 -4.528913999999999856e-02 9.984866380000000374e-01 -3.119494399999999876e-02 -6.975416183000000103e+00 3.543665409999999794e-01 4.525386199999999887e-02 9.340109229999999929e-01 3.405200958300000025e+01
9.379166960000000497e-01 3.041956200000000068e-02 -3.455241920000000078e-01 -4.717659759499999694e+01 -4.360904200000000064e-02 9.985841509999999754e-01 -3.046139299999999980e-02 -7.040397643999999566e+00 3.441083429999999832e-01 4.363822600000000218e-02 9.379152659999999697e-01 3.450605010999999678e+01
9.407181140000000497e-01 3.014777199999999976e-02 -3.378467860000000100e-01 -4.731770324699999719e+01 -4.254899899999999707e-02 9.986628889999999981e-01 -2.935992899999999989e-02 -7.103169441000000361e+00 3.365099429999999781e-01 4.199447099999999850e-02 9.407430289999999529e-01 3.496480178800000260e+01
9.427396059999999522e-01 2.943203600000000170e-02 -3.322286010000000123e-01 -4.746777343800000182e+01 -4.129557699999999998e-02 9.987345930000000038e-01 -2.870366200000000131e-02 -7.166414738000000284e+00 3.309633730000000051e-01 4.077965399999999851e-02 9.427619579999999555e-01 3.544488525399999901e+01
9.440855379999999464e-01 2.852423899999999984e-02 -3.284644780000000042e-01 -4.761811447099999839e+01 -3.977142300000000019e-02 9.988282320000000380e-01 -2.757315700000000092e-02 -7.231260299999999752e+00 3.272931869999999854e-01 3.909492099999999776e-02 9.441137910000000355e-01 3.593393325800000326e+01
9.441744090000000478e-01 2.841028899999999829e-02 -3.282186690000000184e-01 -4.775802993799999996e+01 -3.890637300000000104e-02 9.989185329999999974e-01 -2.545508000000000146e-02 -7.296935080999999990e+00 3.271405989999999764e-01 3.680384200000000328e-02 9.442586899999999561e-01 3.640899658200000033e+01
9.433604479999999626e-01 2.807505399999999859e-02 -3.305795189999999883e-01 -4.791338348400000058e+01 -3.753040700000000174e-02 9.990476969999999568e-01 -2.225299899999999900e-02 -7.358345031999999897e+00 3.296399409999999919e-01 3.339938399999999724e-02 9.435157779999999716e-01 3.689350509599999839e+01
9.415662289999999768e-01 2.928723000000000090e-02 -3.355523650000000191e-01 -4.807134246799999744e+01 -3.775222599999999984e-02 9.991116519999999612e-01 -1.873034100000000104e-02 -7.419509888000000331e+00 3.347056509999999929e-01 3.030370400000000075e-02 9.418353440000000187e-01 3.738216781599999905e+01
9.391991499999999826e-01 3.123840300000000139e-02 -3.419487480000000246e-01 -4.824310684200000310e+01 -3.860671799999999820e-02 9.991454480000000471e-01 -1.476154900000000054e-02 -7.479424952999999654e+00 3.411954340000000196e-01 2.706555600000000103e-02 9.396026729999999993e-01 3.787551879899999818e+01
9.365594980000000458e-01 3.433629900000000068e-02 -3.488227130000000065e-01 -4.842250061000000017e+01 -4.044268300000000010e-02 9.991294739999999619e-01 -1.023606699999999974e-02 -7.539568900999999990e+00 3.481675679999999828e-01 2.369401599999999830e-02 9.371328349999999974e-01 3.838642883299999653e+01
9.343442920000000207e-01 3.802708500000000214e-02 -3.543368579999999768e-01 -4.860926055899999909e+01 -4.308826100000000270e-02 9.990508559999999871e-01 -6.401493999999999761e-03 -7.600292683000000160e+00 3.537570239999999755e-01 2.124896100000000024e-02 9.350959660000000007e-01 3.890303802500000074e+01
9.322849509999999729e-01 3.917328300000000318e-02 -3.595971470000000059e-01 -4.879259490999999826e+01 -4.343385599999999985e-02 9.990491870000000052e-01 -3.772831999999999835e-03 -7.660093783999999850e+00 3.591074349999999749e-01 1.913604099999999947e-02 9.330999850000000206e-01 3.944376373299999727e+01
9.305089119999999658e-01 3.920874700000000213e-02 -3.641645609999999977e-01 -4.898509979199999975e+01 -4.269014299999999984e-02 9.990872140000000012e-01 -1.511959000000000003e-03 -7.717465877999999613e+00 3.637728390000000145e-01 1.695312699999999839e-02 9.313334229999999936e-01 3.998849105800000103e+01
9.291943910000000084e-01 3.964521000000000017e-02 -3.674589100000000275e-01 -4.918279266399999727e+01 -4.255246699999999660e-02 9.990941290000000530e-01 1.899330000000000126e-04 -7.782125472999999793e+00 3.671336470000000074e-01 1.545979800000000029e-02 9.300397040000000226e-01 4.050156402599999694e+01
9.280605320000000491e-01 4.162086200000000152e-02 -3.700962959999999913e-01 -4.938063049299999818e+01 -4.389507000000000131e-02 9.990335110000000407e-01 2.278744999999999989e-03 -7.841927051999999954e+00 3.698333799999999894e-01 1.413058799999999948e-02 9.289906020000000542e-01 4.103625106799999855e+01
9.276055690000000187e-01 4.405600199999999689e-02 -3.709543650000000081e-01 -4.959000015299999831e+01 -4.600429200000000218e-02 9.989347459999999845e-01 3.599474000000000076e-03 -7.896239280999999721e+00 3.707177340000000210e-01 1.372659700000000010e-02 9.286440609999999651e-01 4.158351898200000107e+01
9.272316099999999839e-01 4.511539600000000205e-02 -3.717610539999999797e-01 -4.978688430799999765e+01 -4.683234499999999745e-02 9.988929629999999671e-01 4.414205000000000038e-03 -7.951198101000000129e+00 3.715486530000000065e-01 1.331745099999999925e-02 9.283179040000000271e-01 4.212901306199999851e+01
