1.000000000000000000e+00 0.000000000000000000e+00 0.000000000000000000e+00 0.000000000000000000e+00 0.000000000000000000e+00 1.000000000000000000e+00 0.000000000000000000e+00 0.000000000000000000e+00 0.000000000000000000e+00 0.000000000000000000e+00 1.000000000000000000e+00 0.000000000000000000e+00
9.998648759999999580e-01 1.953362000000000154e-03 1.632327999999999904e-02 3.583760600000000102e-02 -1.924528999999999910e-03 9.999965429999999600e-01 -1.781903000000000046e-03 -2.586627600000000055e-02 -1.632670500000000038e-02 1.750246999999999914e-03 9.998651739999999677e-01 2.961804270000000239e-01
9.993917350000000033e-01 1.530164000000000090e-03 3.483905999999999809e-02 7.660202700000000309e-02 -1.401095999999999895e-03 9.999920730000000368e-01 -3.728790000000000056e-03 -5.426947000000000021e-02 -3.484448799999999985e-02 3.677708999999999926e-03 9.993859529999999936e-01 6.088578100000000548e-01
9.980431800000000298e-01 2.088749999999999949e-04 6.252829699999999657e-02 1.541367469999999906e-01 1.454150000000000028e-04 9.999839659999999464e-01 -5.661481000000000326e-03 -8.601842799999999400e-02 -6.252847599999999950e-02 5.659494999999999630e-03 9.980271459999999761e-01 9.941247699999999909e-01
9.965806600000000071e-01 4.106600000000000289e-05 8.262521800000000027e-02 2.013393189999999888e-01 4.490270000000000090e-04 9.999824170000000123e-01 -5.912925000000000299e-03 -1.103968169999999943e-01 -8.262401099999999721e-02 5.929807999999999954e-03 9.965631369999999878e-01 1.212180137999999907e+00
9.942440989999999923e-01 5.900490999999999896e-03 1.069761290000000031e-01 2.521293760000000161e-01 -5.461409999999999876e-03 9.999754429999999639e-01 -4.396976000000000356e-03 -1.257827129999999904e-01 -1.069994269999999942e-01 3.787425999999999987e-03 9.942518470000000219e-01 1.459137321000000043e+00
9.913339020000000446e-01 1.266326800000000009e-02 1.307549630000000018e-01 3.169465069999999884e-01 -1.264130200000000009e-02 9.999195339999999987e-01 -9.980519999999999236e-04 -1.455978450000000035e-01 -1.307570789999999983e-01 -6.635099999999999679e-04 9.914141890000000013e-01 1.712799071999999923e+00
9.873834849999999497e-01 1.383794399999999959e-02 1.577405480000000082e-01 3.901697399999999871e-01 -1.421184900000000036e-02 9.998982549999999581e-01 1.242623999999999899e-03 -1.703872080000000122e-01 -1.577072740000000084e-01 -3.468731000000000071e-03 9.874798059999999600e-01 1.982404470000000085e+00
9.822795389999999793e-01 1.318743500000000082e-02 1.869575980000000026e-01 4.882426559999999971e-01 -1.417887900000000014e-02 9.998915790000000303e-01 3.966749000000000316e-03 -1.951954660000000119e-01 -1.868850440000000002e-01 -6.547304999999999792e-03 9.823599459999999839e-01 2.256847857999999984e+00
9.760295150000000142e-01 8.682194000000000716e-03 2.174647150000000029e-01 6.028162839999999800e-01 -9.492603000000000499e-03 9.999513629999999820e-01 2.682232000000000106e-03 -2.252460569999999995e-01 -2.174308450000000115e-01 -4.682244000000000336e-03 9.760645629999999962e-01 2.532818556000000054e+00
9.681862589999999935e-01 2.745939000000000192e-03 2.502152919999999781e-01 7.419660089999999819e-01 -3.448230000000000045e-03 9.999912979999999729e-01 2.368428000000000113e-03 -2.500834470000000143e-01 -2.502065900000000065e-01 -3.155881000000000138e-03 9.681873319999999561e-01 2.828802823999999827e+00
9.585193990000000497e-01 -4.451428999999999803e-03 2.849925159999999735e-01 8.897027370000000213e-01 3.507310999999999936e-03 9.999865289999999574e-01 3.823062999999999809e-03 -2.777740960000000259e-01 -2.850057480000000032e-01 -2.664923999999999939e-03 9.585220810000000258e-01 3.119678019999999830e+00
9.467509389999999581e-01 -9.014424000000000048e-03 3.218406440000000091e-01 1.058459043999999905e+00 7.256560999999999914e-03 9.999514819999999471e-01 6.661153999999999860e-03 -3.081249589999999761e-01 -3.218851090000000026e-01 -3.970997999999999889e-03 9.467704300000000517e-01 3.420454502000000119e+00
9.324864750000000369e-01 -1.295654000000000076e-02 3.609725240000000168e-01 1.239924073000000071e+00 9.502193000000000792e-03 9.998904469999999600e-01 1.134284600000000018e-02 -3.316112760000000104e-01 -3.610799909999999890e-01 -7.147020999999999930e-03 9.325073959999999884e-01 3.720600366999999853e+00
9.154134990000000194e-01 -1.624577699999999944e-02 4.021867510000000090e-01 1.439552307000000031e+00 1.066970000000000071e-02 9.998135569999999639e-01 1.610086999999999977e-02 -3.480819760000000151e-01 -4.023733740000000059e-01 -1.044774199999999945e-02 9.154160620000000304e-01 4.012865543000000201e+00
8.955137730000000129e-01 -2.677162699999999923e-02 4.442277550000000019e-01 1.665052055999999947e+00 1.766835900000000154e-02 9.995407459999999800e-01 2.462041400000000019e-02 -3.672144709999999868e-01 -4.446829560000000181e-01 -1.419914199999999967e-02 8.955755829999999529e-01 4.308212280000000227e+00
8.743833300000000142e-01 -3.867019000000000012e-02 4.836924969999999990e-01 1.918824673000000036e+00 2.562816399999999842e-02 9.991084340000000452e-01 3.354791900000000243e-02 -3.928077520000000100e-01 -4.845585530000000030e-01 -1.693759300000000079e-02 8.745947480000000329e-01 4.592275143000000170e+00
8.497657779999999716e-01 -4.983626699999999660e-02 5.247995850000000129e-01 2.184048413999999827e+00 3.199664099999999928e-02 9.985618590000000516e-01 4.301632200000000267e-02 -4.152083690000000216e-01 -5.261886120000000000e-01 -1.976197999999999844e-02 8.501381869999999896e-01 4.868989467999999654e+00
8.223974699999999638e-01 -5.727839800000000120e-02 5.660226350000000517e-01 2.465118884999999871e+00 3.499475900000000028e-02 9.981279370000000206e-01 5.015979000000000271e-02 -4.273201229999999962e-01 -5.678360460000000387e-01 -2.144345099999999879e-02 8.228623269999999490e-01 5.139218806999999778e+00
7.929242250000000380e-01 -6.327153700000000269e-02 6.060264109999999871e-01 2.762433052000000000e+00 3.785689899999999941e-02 9.977881910000000465e-01 5.464109000000000327e-02 -4.362486300000000261e-01 -6.081431510000000484e-01 -2.038395399999999927e-02 7.935656309999999936e-01 5.398148536999999969e+00
7.605444789999999955e-01 -7.293185600000000324e-02 6.451766490000000465e-01 3.087655543999999974e+00 4.462625499999999662e-02 9.971931579999999684e-01 6.011825400000000291e-02 -4.509685039999999923e-01 -6.477502579999999677e-01 -1.693078900000000164e-02 7.616645100000000168e-01 5.646667957000000015e+00
7.253732090000000188e-01 -8.271118299999999368e-02 6.833686230000000084e-01 3.434432268000000121e+00 5.139014499999999819e-02 9.964913730000000136e-01 6.606089299999999553e-02 -4.642625750000000107e-01 -6.864348649999999497e-01 -1.280038600000000040e-02 7.270785570000000142e-01 5.887664795000000062e+00
6.882018450000000342e-01 -9.114114900000000463e-02 7.197719219999999529e-01 3.799567222999999938e+00 5.779857900000000270e-02 9.958123559999999541e-01 7.083132899999999843e-02 -4.706346390000000213e-01 -7.232133750000000472e-01 -7.144465000000000017e-03 6.905877590000000232e-01 6.116320609999999824e+00
6.496763829999999684e-01 -9.552611399999999531e-02 7.541853189999999652e-01 4.177571773999999571e+00 6.050837399999999672e-02 9.954240319999999587e-01 7.395812100000000167e-02 -4.772816300000000123e-01 -7.577990289999999574e-01 -2.414304999999999837e-03 6.524835230000000097e-01 6.330867289999999592e+00
6.097394229999999471e-01 -9.784040600000000476e-02 7.865399720000000316e-01 4.583358288000000336e+00 6.011737500000000067e-02 9.952020649999999691e-01 7.719259000000000537e-02 -4.767768379999999806e-01 -7.903186679999999464e-01 2.173540000000000064e-04 6.126958729999999465e-01 6.552210331000000387e+00
5.697366000000000374e-01 -1.016703770000000062e-01 8.155141470000000226e-01 5.009198189000000134e+00 6.060743300000000222e-02 9.948140380000000116e-01 8.168197400000000441e-02 -4.762692450000000077e-01 -8.195894959999999729e-01 2.889005999999999953e-03 5.729439259999999923e-01 6.759103774999999814e+00
5.300044419999999645e-01 -1.064803299999999980e-01 8.412830829999999871e-01 5.451812267000000212e+00 6.105133100000000035e-02 9.943019149999999806e-01 8.738571400000000322e-02 -4.770673509999999728e-01 -8.457943799999999568e-01 5.046636000000000177e-03 5.334852930000000271e-01 6.954797268000000088e+00
4.917744989999999761e-01 -1.103533129999999945e-01 8.637013439999999820e-01 5.914690495000000325e+00 6.175643199999999999e-02 9.938587549999999826e-01 9.182035900000000417e-02 -4.764537810000000206e-01 -8.685297370000000239e-01 8.184198999999999641e-03 4.955695270000000097e-01 7.131950377999999979e+00
4.538186490000000184e-01 -1.125620310000000068e-01 8.839562539999999968e-01 6.401665211000000077e+00 6.323706399999999561e-02 9.935567979999999633e-01 9.405288800000000116e-02 -4.765440819999999800e-01 -8.888474109999999762e-01 1.321583100000000080e-02 4.580127600000000188e-01 7.296716690000000227e+00
4.164905250000000003e-01 -1.129300740000000053e-01 9.020990129999999496e-01 6.897559165999999742e+00 6.475208699999999984e-02 9.934200050000000504e-01 9.446674600000000421e-02 -4.693260790000000071e-01 -9.068312050000000291e-01 1.906828799999999921e-02 4.210624689999999948e-01 7.442653656000000062e+00
3.787686820000000232e-01 -1.120366599999999963e-01 9.186849590000000232e-01 7.412881374000000356e+00 6.605523800000000223e-02 9.933867450000000154e-01 9.391258700000000570e-02 -4.692383410000000032e-01 -9.231310489999999813e-01 2.511281500000000014e-02 3.836643699999999768e-01 7.587608336999999814e+00
3.427346350000000097e-01 -1.107168050000000015e-01 9.328851700000000413e-01 7.947840690999999680e+00 6.689544799999999625e-02 9.933862089999999645e-01 9.332034699999999794e-02 -4.569875600000000149e-01 -9.370474220000000187e-01 3.042166500000000051e-02 3.478743730000000145e-01 7.712227820999999928e+00
3.086487949999999758e-01 -1.103604360000000062e-01 9.447520379999999607e-01 8.501443863000000434e+00 6.750252099999999589e-02 9.932833309999999916e-01 9.397660900000000261e-02 -4.542778129999999748e-01 -9.487776759999999587e-01 3.476737800000000156e-02 3.140253419999999851e-01 7.825783730000000382e+00
2.769629359999999929e-01 -1.116129160000000065e-01 9.543762209999999691e-01 9.072390556000000217e+00 6.960477700000000656e-02 9.929520490000000033e-01 9.592475000000000307e-02 -4.463677409999999846e-01 -9.583562610000000426e-01 3.986154499999999823e-02 2.827796940000000259e-01 7.933432578999999762e+00
2.495057280000000099e-01 -1.129186300000000059e-01 9.617671970000000181e-01 9.653612136999999649e+00 7.265679499999999624e-02 9.925616980000000478e-01 9.768518800000000613e-02 -4.400398730000000258e-01 -9.656437639999999600e-01 4.550591500000000095e-02 2.558541300000000129e-01 8.021991729999999876e+00
2.261781250000000076e-01 -1.150463220000000064e-01 9.672681690000000110e-01 1.024845600099999920e+01 7.476291100000000134e-02 9.921220539999999755e-01 1.005204620000000049e-01 -4.353682990000000141e-01 -9.712126260000000233e-01 4.958024999999999932e-02 2.329974619999999885e-01 8.106004714999999194e+00
2.060556259999999917e-01 -1.176994670000000021e-01 9.714359639999999851e-01 1.086249065400000013e+01 7.591739999999999600e-02 9.916706090000000362e-01 1.040479170000000037e-01 -4.299498800000000065e-01 -9.755908850000000188e-01 5.230923700000000148e-02 2.132747620000000066e-01 8.189367294000000186e+00
1.895461079999999909e-01 -1.197096710000000036e-01 9.745470290000000091e-01 1.148719215400000060e+01 7.739087199999999944e-02 9.912735219999999625e-01 1.067120280000000004e-01 -4.190502170000000026e-01 -9.788171650000000446e-01 5.519418799999999820e-02 1.971564889999999903e-01 8.269904136999999267e+00
1.763489540000000022e-01 -1.218068080000000025e-01 9.767621159999999580e-01 1.211626911199999945e+01 7.758832000000000229e-02 9.909465309999999638e-01 1.095675299999999963e-01 -4.155741929999999806e-01 -9.812650680000000181e-01 5.646321199999999874e-02 1.842031630000000031e-01 8.357276917000000083e+00
1.679132130000000056e-01 -1.236523910000000004e-01 9.780159590000000458e-01 1.280887985200000045e+01 7.826227700000000509e-02 9.906427260000000290e-01 1.118121589999999943e-01 -3.960692880000000193e-01 -9.826902749999999465e-01 5.776702200000000120e-02 1.760193260000000037e-01 8.412645339999999194e+00
1.591397669999999875e-01 -1.239363180000000036e-01 9.794458750000000213e-01 1.347904682200000082e+01 7.864614600000000011e-02 9.905275700000000239e-01 1.125601980000000002e-01 -3.766914610000000052e-01 -9.841185209999999683e-01 5.911683699999999847e-02 1.673794540000000108e-01 8.487920760999999814e+00
1.504306350000000070e-01 -1.256813109999999900e-01 9.805992839999999600e-01 1.415650653800000036e+01 7.832251499999999533e-02 9.902836680000000058e-01 1.149073540000000032e-01 -3.695542809999999845e-01 -9.855132699999999968e-01 5.951739799999999914e-02 1.588126569999999960e-01 8.554143906000000186e+00
1.410224589999999889e-01 -1.283686460000000029e-01 9.816486239999999697e-01 1.486214447000000050e+01 7.759755799999999704e-02 9.899406429999999535e-01 1.183053929999999948e-01 -3.560408350000000000e-01 -9.869605900000000265e-01 5.948980899999999766e-02 1.495649520000000010e-01 8.628962516999999721e+00
1.319645489999999866e-01 -1.312768460000000026e-01 9.825232029999999561e-01 1.556115531899999915e+01 7.600560000000000649e-02 9.896137710000000309e-01 1.220157820000000032e-01 -3.391838070000000038e-01 -9.883362049999999677e-01 5.857550400000000046e-02 1.405717280000000069e-01 8.682418823000000785e+00
1.218438599999999983e-01 -1.338619889999999868e-01 9.834811089999999645e-01 1.626862335199999876e+01 7.560648000000000368e-02 9.892365929999999974e-01 1.252784429999999893e-01 -3.205013279999999742e-01 -9.896655079999999716e-01 5.909312500000000329e-02 1.306532320000000080e-01 8.741418838999999608e+00
1.115157229999999972e-01 -1.351968940000000119e-01 9.845231770000000271e-01 1.698864555400000143e+01 7.602754999999999930e-02 9.889598490000000020e-01 1.271945539999999875e-01 -2.923750880000000052e-01 -9.908502099999999535e-01 6.066669200000000123e-02 1.205632170000000003e-01 8.788198470999999401e+00
1.006037820000000027e-01 -1.367141600000000012e-01 9.854887129999999607e-01 1.771458244300000118e+01 7.559809100000000615e-02 9.887009860000000039e-01 1.294423339999999922e-01 -2.784390449999999961e-01 -9.920502900000000013e-01 6.147868199999999977e-02 1.098023949999999971e-01 8.818896293999999969e+00
8.757797600000000182e-02 -1.363757399999999953e-01 9.867784379999999800e-01 1.843909835799999897e+01 7.348979299999999770e-02 9.887699479999999541e-01 1.301286520000000113e-01 -2.515594959999999936e-01 -9.934431910000000032e-01 6.112174699999999711e-02 9.661669300000000349e-02 8.846052170000000103e+00
7.007174200000000630e-02 -1.363374139999999901e-01 9.881811740000000510e-01 1.916689872699999952e+01 7.034719000000000388e-02 9.888252619999999826e-01 1.314379719999999863e-01 -2.311387059999999993e-01 -9.950584169999999729e-01 6.030567399999999662e-02 7.887967699999999527e-02 8.874622345000000578e+00
5.193500599999999884e-02 -1.352773899999999974e-01 9.894456860000000464e-01 1.991164207499999961e+01 6.967534899999999753e-02 9.888592360000000303e-01 1.315400150000000101e-01 -2.039122580000000129e-01 -9.962168930000000477e-01 6.210844599999999771e-02 6.078191100000000097e-02 8.863895416000000083e+00
3.279130899999999765e-02 -1.346970650000000047e-01 9.903439880000000084e-01 2.065558052100000097e+01 7.121311900000000528e-02 9.886735079999999787e-01 1.321118920000000085e-01 -1.783130169999999903e-01 -9.969220159999999664e-01 6.619337899999999664e-02 4.201208800000000299e-02 8.835286139999999122e+00
1.254903500000000005e-02 -1.326870169999999904e-01 9.910784360000000071e-01 2.139412689199999917e+01 7.268374399999999458e-02 9.886557459999999464e-01 1.314422789999999952e-01 -1.550316810000000045e-01 -9.972761270000000122e-01 7.038582899999999698e-02 2.205086900000000072e-02 8.803702354000000341e+00
-6.983147000000000312e-03 -1.323397900000000127e-01 9.911797639999999632e-01 2.214128112799999926e+01 7.308563599999999549e-02 9.884854560000000401e-01 1.324949260000000129e-01 -1.303019519999999987e-01 -9.973011609999999916e-01 7.336623999999999923e-02 2.769399000000000079e-03 8.751615523999999979e+00
-2.748309800000000094e-02 -1.324489859999999908e-01 9.908087249999999457e-01 2.288646888699999948e+01 7.192137799999999415e-02 9.883522989999999897e-01 1.341155920000000057e-01 -9.954905499999999741e-02 -9.970315690000000064e-01 7.494624699999999362e-02 -1.763706799999999880e-02 8.685544013999999535e+00
-5.025196099999999777e-02 -1.315515640000000097e-01 9.900348780000000071e-01 2.363167953499999996e+01 7.022456100000000478e-02 9.883683319999999606e-01 1.348945500000000020e-01 -7.290935499999999514e-02 -9.962646370000000084e-01 7.630348200000000580e-02 -4.042929399999999757e-02 8.600998878000000403e+00
-7.320029999999999593e-02 -1.312788430000000062e-01 9.886392349999999496e-01 2.438013267499999870e+01 6.779910599999999787e-02 9.883504509999999632e-01 1.362603749999999891e-01 -5.163383500000000292e-02 -9.950099589999999994e-01 7.700317399999999368e-02 -6.344695399999999985e-02 8.494129180999999917e+00
-9.670191999999999677e-02 -1.291636230000000052e-01 9.868968129999999839e-01 2.512899589499999919e+01 6.602181499999999759e-02 9.885277150000000290e-01 1.358462270000000138e-01 -1.789951299999999884e-02 -9.931212069999999503e-01 7.829333099999999379e-02 -8.706489200000000483e-02 8.372152328000000310e+00
-1.209470930000000055e-01 -1.275268200000000129e-01 9.844331739999999664e-01 2.587198829700000147e+01 6.365259700000000520e-02 9.886761309999999581e-01 1.358967869999999911e-01 6.015539000000000303e-03 -9.906160830000000361e-01 7.909804600000000518e-02 -1.114601050000000038e-01 8.238756179999999318e+00
-1.462057529999999939e-01 -1.255122720000000081e-01 9.812595840000000180e-01 2.662227439899999837e+01 6.047160900000000255e-02 9.889297489999999691e-01 1.355034860000000063e-01 3.254604299999999673e-02 -9.874042269999999677e-01 7.914973799999999726e-02 -1.369972829999999975e-01 8.079942703000000392e+00
-1.731568569999999974e-01 -1.217196210000000001e-01 9.773437980000000413e-01 2.740231323200000091e+01 5.973064200000000046e-02 9.892092940000000167e-01 1.337798829999999883e-01 6.024622899999999837e-02 -9.830812810000000290e-01 8.154226100000000477e-02 -1.640179900000000024e-01 7.897922039000000005e+00
-2.011691479999999921e-01 -1.153673830000000039e-01 9.727390999999999677e-01 2.813573837299999880e+01 6.275778299999999754e-02 9.894822239999999658e-01 1.303319039999999984e-01 8.550095600000000295e-02 -9.775440690000000155e-01 8.726569300000000529e-02 -1.918130959999999885e-01 7.693941116000000413e+00
-2.275438609999999862e-01 -1.085103379999999978e-01 9.677031640000000046e-01 2.886029052700000008e+01 6.725828300000000204e-02 9.896472099999999994e-01 1.267859789999999931e-01 1.006376739999999964e-01 -9.714423420000000142e-01 9.393540000000000223e-02 -2.178899350000000068e-01 7.454941749999999701e+00
-2.539634700000000245e-01 -1.019758209999999943e-01 9.618231059999999832e-01 2.959457778899999880e+01 7.112902399999999903e-02 9.897646900000000025e-01 1.237194910000000009e-01 1.188762190000000052e-01 -9.645947809999999567e-01 9.983378599999999381e-02 -2.441107180000000043e-01 7.202276229999999835e+00
-2.804149389999999742e-01 -9.635893299999999384e-02 9.550300840000000013e-01 3.031088638299999971e+01 7.459513099999999508e-02 9.897519350000000271e-01 1.217647869999999993e-01 1.329727169999999903e-01 -9.569759960000000509e-01 1.053852509999999992e-01 -2.703533470000000216e-01 6.932465075999999726e+00
-3.062562939999999845e-01 -8.655280599999999602e-02 9.480062129999999865e-01 3.102512741099999971e+01 7.885982800000000681e-02 9.901283379999999967e-01 1.158744919999999956e-01 1.487088199999999916e-01 -9.486771229999999555e-01 1.102468739999999947e-01 -2.964075509999999913e-01 6.635760306999999969e+00
-3.326990599999999909e-01 -7.482218699999999834e-02 9.400600789999999929e-01 3.174761962899999901e+01 8.109581500000000165e-02 9.908846620000000271e-01 1.075683159999999972e-01 1.543326379999999942e-01 -9.395396710000000207e-01 1.120228389999999991e-01 -3.235986229999999741e-01 6.317796707000000289e+00
-3.582992260000000262e-01 -6.028034499999999907e-02 9.316586850000000419e-01 3.245648574799999864e+01 8.282016200000000272e-02 9.919268490000000549e-01 9.603098000000000189e-02 1.572668550000000109e-01 -9.299260969999999515e-01 1.115679589999999943e-01 -3.504142169999999723e-01 5.982984542999999711e+00
-3.825604619999999900e-01 -4.507973800000000114e-02 9.228300449999999877e-01 3.316710662799999909e+01 8.355788100000000052e-02 9.930279250000000335e-01 8.314789799999999786e-02 1.543083189999999993e-01 -9.201443790000000122e-01 1.089188009999999956e-01 -3.761264089999999949e-01 5.618806839000000330e+00
-4.075540599999999958e-01 -3.189316400000000162e-02 9.126239419999999658e-01 3.388772583000000083e+01 8.196616199999999519e-02 9.940782790000000091e-01 7.134366799999999897e-02 1.400473120000000071e-01 -9.094950560000000239e-01 1.038806810000000025e-01 -4.025265279999999946e-01 5.250553131000000207e+00
-4.316617249999999961e-01 -2.016604300000000155e-02 9.018101099999999981e-01 3.459180450400000240e+01 8.276986299999999908e-02 9.946469070000000245e-01 6.186077000000000242e-02 1.180356739999999932e-01 -8.982301350000000406e-01 1.013456140000000005e-01 -4.276818339999999830e-01 4.844616890000000176e+00
-4.566695089999999735e-01 -1.206278799999999964e-02 8.895546199999999626e-01 3.531627654999999777e+01 8.497129400000000277e-02 9.947453139999999916e-01 5.711084200000000194e-02 9.297561599999999704e-02 -8.855692149999999652e-01 1.016673970000000066e-01 -4.532448649999999968e-01 4.409038544000000392e+00
-4.802852269999999812e-01 -8.894921999999999551e-03 8.770672080000000426e-01 3.602589034999999740e+01 8.778843299999999905e-02 9.944399600000000117e-01 5.815854300000000005e-02 7.225394200000000156e-02 -8.727080820000000516e-01 1.049290600000000045e-01 -4.768338799999999877e-01 3.956542969000000021e+00
-5.016351940000000065e-01 -1.007962999999999915e-02 8.650205140000000181e-01 3.674711608900000215e+01 9.265058499999999364e-02 9.935547110000000348e-01 6.530649199999999377e-02 4.884100000000000247e-02 -8.601034880000000271e-01 1.129046900000000020e-01 -4.974681140000000168e-01 3.459321976000000021e+00
-5.199651119999999516e-01 -1.060713500000000017e-02 8.541215659999999987e-01 3.745977401700000087e+01 9.935122000000000397e-02 9.923852090000000459e-01 7.280641799999999775e-02 2.955007600000000151e-02 -8.483899240000000175e-01 1.227148249999999996e-01 -5.149519439999999948e-01 2.947824477999999804e+00
-5.355632310000000285e-01 -8.224142000000000258e-03 8.444550039999999536e-01 3.816616058299999992e+01 1.054716039999999966e-01 9.914718869999999962e-01 7.654727999999999533e-02 1.180720300000000049e-02 -8.378828170000000020e-01 1.300619389999999875e-01 -5.301285390000000097e-01 2.426528931000000000e+00
-5.486664180000000446e-01 -5.253393999999999772e-03 8.360248209999999736e-01 3.889357757599999843e+01 1.076325919999999992e-01 9.912148710000000529e-01 7.686569499999999777e-02 4.201174000000000228e-03 -8.290840390000000504e-01 1.321571619999999947e-01 -5.432808999999999555e-01 1.871868134000000072e+00
-5.600424410000000019e-01 -1.471775999999999944e-03 8.284625410000000523e-01 3.960249328599999785e+01 1.095840559999999991e-01 9.910799860000000239e-01 7.583970600000000672e-02 -1.002717000000000018e-02 -8.211843370000000419e-01 1.332597430000000138e-01 -5.548856850000000174e-01 1.322895050000000072e+00
-5.700634719999999600e-01 9.569770000000000229e-04 8.216000199999999865e-01 4.032635497999999785e+01 1.112270429999999977e-01 9.908831719999999788e-01 7.602022599999999630e-02 -2.169847499999999832e-02 -8.140369650000000012e-01 1.347205039999999909e-01 -5.649727580000000193e-01 7.630386350000000206e-01
-5.782065990000000433e-01 4.676179999999999942e-04 8.158902529999999542e-01 4.106605529800000198e+01 1.089705970000000024e-01 9.910846949999999600e-01 7.665745200000000092e-02 -3.406214700000000095e-02 -8.085805769999999670e-01 1.332318779999999980e-01 -5.731027130000000414e-01 1.875038149999999904e-01
-5.845786929999999826e-01 -9.406139999999999900e-04 8.113363980000000142e-01 4.179333114599999988e+01 1.074289380000000016e-01 9.911046030000000284e-01 7.855301400000000434e-02 -4.323720899999999867e-02 -8.041931989999999697e-01 1.330814210000000053e-01 -5.792776939999999541e-01 -3.951168059999999871e-01
-5.898292659999999632e-01 -1.608403000000000003e-03 8.075262899999999799e-01 4.252798080400000202e+01 1.074369399999999947e-01 9.909518360000000303e-01 8.044731600000000482e-02 -5.506658600000000070e-02 -8.003490570000000304e-01 1.342083219999999910e-01 -5.843197110000000194e-01 -9.781417850000000414e-01
-5.935695170000000465e-01 -6.118328999999999608e-03 8.047594430000000187e-01 4.328519821199999740e+01 1.044607760000000052e-01 9.909257889999999458e-01 8.458124799999999777e-02 -6.659293199999999358e-02 -7.979744079999999684e-01 1.342706379999999977e-01 -5.875442619999999838e-01 -1.600679398000000031e+00
-5.965501669999999645e-01 -7.880768999999999275e-03 8.025371430000000084e-01 4.403332519500000330e+01 1.025238110000000064e-01 9.910110829999999593e-01 8.594059900000000640e-02 -8.415937399999999513e-02 -7.960004809999999820e-01 1.335470229999999869e-01 -5.903798940000000162e-01 -2.191150664999999886e+00
-5.986351970000000078e-01 -1.009671900000000053e-02 8.009582159999999451e-01 4.478615951500000136e+01 9.997608500000000620e-02 9.911599760000000536e-01 8.721637000000000139e-02 -9.200167700000000393e-02 -7.947582010000000530e-01 1.322874579999999967e-01 -5.923338529999999658e-01 -2.797704696999999907e+00
-5.999386310000000000e-01 -1.090620200000000026e-02 7.999716999999999523e-01 4.554391097999999971e+01 9.817153200000000579e-02 9.913471339999999632e-01 8.713897299999999457e-02 -9.502935399999999644e-02 -7.940000299999999678e-01 1.308124659999999884e-01 -5.936768049999999741e-01 -3.418266296000000093e+00
-6.011491420000000252e-01 -1.140977200000000032e-02 7.990554570000000245e-01 4.631911468500000240e+01 9.688953299999999991e-02 9.914811249999999632e-01 8.704980499999999399e-02 -9.639811500000000644e-02 -7.932416199999999806e-01 1.297500129999999974e-01 -5.949224829999999464e-01 -4.055038451999999793e+00
-6.013507249999999749e-01 -1.246779599999999974e-02 7.988878489999999832e-01 4.708764648399999686e+01 9.610177599999999987e-02 9.914904829999999780e-01 8.781279599999999852e-02 -1.140825750000000055e-01 -7.931844590000000084e-01 1.295808260000000101e-01 -5.950353739999999503e-01 -4.699806212999999566e+00
-6.021743419999999736e-01 -1.336867899999999963e-02 7.982527019999999807e-01 4.785670089700000318e+01 9.407765399999999667e-02 9.917053580000000368e-01 8.757744000000000639e-02 -1.158335209999999948e-01 -7.928022740000000290e-01 1.278346029999999911e-01 -5.959217549999999974e-01 -5.323392868000000000e+00
-6.020249720000000471e-01 -1.559882400000000072e-02 7.983249430000000091e-01 4.863775253299999690e+01 9.211967899999999598e-02 9.917762879999999504e-01 8.884711600000000375e-02 -1.241908070000000003e-01 -7.931455370000000116e-01 1.270295979999999936e-01 -5.956369639999999910e-01 -5.963254928999999649e+00
-6.017712349999999599e-01 -1.666318099999999913e-02 7.984945180000000420e-01 4.941027832000000330e+01 9.155485800000000285e-02 9.917522669999999652e-01 8.969480500000000245e-02 -1.358518599999999910e-01 -7.934034469999999839e-01 1.270818260000000088e-01 -5.952823760000000020e-01 -6.588468552000000145e+00
-6.016105409999999987e-01 -1.526926600000000009e-02 7.986435889999999871e-01 5.019625854499999917e+01 9.290392699999999726e-02 9.916944500000000051e-01 8.894380899999999868e-02 -1.429431439999999942e-01 -7.933686380000000149e-01 1.277066619999999986e-01 -5.951951739999999935e-01 -7.229467392000000103e+00
-6.004255410000000071e-01 -1.449613500000000027e-02 7.995492819999999723e-01 5.098284530600000153e+01 9.301684100000000288e-02 9.917828440000000523e-01 8.783285300000000240e-02 -1.473183630000000077e-01 -7.942525150000000478e-01 1.271086339999999981e-01 -5.941433910000000207e-01 -7.877704620000000268e+00
-5.993815660000000323e-01 -1.576940300000000128e-02 8.003081079999999625e-01 5.178020477300000124e+01 9.224864800000000253e-02 9.917836190000000052e-01 8.863082499999999642e-02 -1.540288930000000001e-01 -7.951301339999999884e-01 1.269510239999999957e-01 -5.930021410000000381e-01 -8.527784348000000847e+00
-5.984785559999999949e-01 -1.546071400000000040e-02 8.009895679999999851e-01 5.257991409299999930e+01 9.287955600000000200e-02 9.917330149999999955e-01 8.853963800000000384e-02 -1.613879199999999903e-01 -7.957366700000000348e-01 1.273846329999999971e-01 -5.920947789999999600e-01 -9.180139541999999153e+00
-5.977369550000000142e-01 -1.633000899999999950e-02 8.015259500000000426e-01 5.339047241200000116e+01 9.080130599999999830e-02 9.919799569999999678e-01 8.792521100000000311e-02 -1.692476270000000116e-01 -7.965335249999999645e-01 1.253357529999999942e-01 -5.914603470000000529e-01 -9.834251403999999752e+00
-5.974714759999999458e-01 -1.639611599999999877e-02 8.017225860000000148e-01 5.420491027799999983e+01 8.870334200000000446e-02 9.923037890000000472e-01 8.639853399999999906e-02 -1.765985489999999936e-01 -7.969689970000000123e-01 1.227361109999999950e-01 -5.914189220000000136e-01 -1.048972702000000012e+01
-5.967758890000000038e-01 -1.557663500000000013e-02 8.022567029999999599e-01 5.503071594200000050e+01 8.795464799999999639e-02 9.925171139999999781e-01 8.469767100000000215e-02 -1.894092559999999981e-01 -7.975729110000000510e-01 1.211077720000000024e-01 -5.909401770000000109e-01 -1.115883254999999963e+01
-5.963376759999999832e-01 -1.713968999999999909e-02 8.025506140000000510e-01 5.585310363800000033e+01 8.615270299999999715e-02 9.926308990000000110e-01 8.521515899999999866e-02 -1.993899349999999904e-01 -7.980971930000000381e-01 1.199588919999999975e-01 -5.904664990000000335e-01 -1.182018470799999932e+01
-5.968059300000000400e-01 -1.908179700000000104e-02 8.021587730000000471e-01 5.668781280500000008e+01 8.536852899999999855e-02 9.925329689999999871e-01 8.712457899999999367e-02 -2.092857360000000000e-01 -7.978314760000000394e-01 1.204755599999999954e-01 -5.907204150000000542e-01 -1.248476982100000043e+01
-5.964647530000000142e-01 -2.059346800000000019e-02 8.023750779999999638e-01 5.752755355800000103e+01 8.578331799999999729e-02 9.923093910000000406e-01 8.923731000000000024e-02 -2.190694810000000103e-01 -7.980421779999999909e-01 1.220573110000000017e-01 -5.901109580000000188e-01 -1.317910194399999924e+01
-5.969310399999999683e-01 -2.101966200000000146e-02 8.020171520000000109e-01 5.836358642599999769e+01 8.601137999999999839e-02 9.922187919999999606e-01 9.002171500000000215e-02 -2.249259949999999897e-01 -7.976686950000000387e-01 1.227193770000000045e-01 -5.904782410000000148e-01 -1.385695648199999930e+01
-5.969042780000000104e-01 -2.035086399999999976e-02 8.020542859999999497e-01 5.919978713999999798e+01 8.802828899999999568e-02 9.919817450000000258e-01 9.068231999999999682e-02 -2.358088489999999871e-01 -7.974686619999999948e-01 1.247321370000000068e-01 -5.903267260000000238e-01 -1.453944778400000004e+01
-5.969501729999999728e-01 -1.781734499999999832e-02 8.020803930000000026e-01 6.005146408099999888e+01 9.003566999999999820e-02 9.919499160000000426e-01 8.904436200000000190e-02 -2.338538169999999916e-01 -7.972100380000000097e-01 1.253708900000000126e-01 -5.905405879999999774e-01 -1.523825454700000037e+01
-5.968821640000000484e-01 -1.540681999999999989e-02 8.021810050000000025e-01 6.089740753200000256e+01 9.207551899999999456e-02 9.918947219999999509e-01 8.756151099999999465e-02 -2.475624080000000116e-01 -7.970280650000000078e-01 1.261251120000000114e-01 -5.906257029999999464e-01 -1.592916297900000089e+01
-5.969694260000000252e-01 -1.316185500000000008e-02 8.021560309999999916e-01 6.174304199200000198e+01 9.328831699999999560e-02 9.919438360000000232e-01 8.570163699999999718e-02 -2.574453349999999974e-01 -7.968217130000000425e-01 1.259930429999999990e-01 -5.909322500000000478e-01 -1.661967277500000151e+01
-5.971894260000000232e-01 -1.304168099999999941e-02 8.019942049999999600e-01 6.259034728999999686e+01 9.298726899999999740e-02 9.920004609999999445e-01 8.537264899999999490e-02 -2.640118599999999871e-01 -7.966920140000000039e-01 1.255589129999999942e-01 -5.911993979999999871e-01 -1.731289100600000097e+01
-5.972147580000000122e-01 -1.459911099999999969e-02 8.019484279999999909e-01 6.344399642900000202e+01 9.689570200000000022e-02 9.911985989999999580e-01 9.020303200000000243e-02 -2.770500180000000090e-01 -7.962069510000000516e-01 1.315759569999999934e-01 -5.905439260000000523e-01 -1.801441192600000107e+01
-5.981832150000000459e-01 -1.687354400000000074e-02 8.011816739999999548e-01 6.428993225099999620e+01 9.573589300000000246e-02 9.911133050000000555e-01 9.235259099999999777e-02 -2.849392889999999845e-01 -7.956201429999999464e-01 1.319456099999999910e-01 -5.912520890000000362e-01 -1.870085906999999992e+01
-5.987055300000000413e-01 -2.041720400000000130e-02 8.007090690000000510e-01 6.514148712200000091e+01 9.125597800000000148e-02 9.914269449999999484e-01 9.351413699999999718e-02 -2.926588059999999936e-01 -7.957538370000000194e-01 1.290569159999999937e-01 -5.917096139999999949e-01 -1.939382934600000041e+01
-5.993423460000000258e-01 -1.699504400000000082e-02 8.003124000000000349e-01 6.600834655799999950e+01 9.240264400000000600e-02 9.916226860000000309e-01 9.025661599999999785e-02 -3.119168279999999793e-01 -7.951418160000000013e-01 1.280455739999999953e-01 -5.927510860000000381e-01 -2.011673736599999884e+01
-6.008774040000000038e-01 -1.732690300000000114e-02 7.991533880000000201e-01 6.685420227100000545e+01 9.029915900000000384e-02 9.918939469999999980e-01 8.940106600000000125e-02 -3.229122159999999742e-01 -7.942244410000000032e-01 1.258819399999999977e-01 -5.944420700000000446e-01 -2.080571746800000099e+01
-6.021896599999999600e-01 -1.679600800000000116e-02 7.981763480000000355e-01 6.769886016799999595e+01 8.967643999999999616e-02 9.920282959999999761e-01 8.853223899999999869e-02 -3.361835479999999987e-01 -7.933005690000000110e-01 1.248907820000000057e-01 -5.958830710000000419e-01 -2.150091361999999862e+01
-6.026614900000000219e-01 -1.690309900000000129e-02 7.978178860000000316e-01 6.854217529299999967e+01 8.852809700000000004e-02 9.921881559999999878e-01 8.789416399999999685e-02 -3.375425340000000052e-01 -7.930711510000000297e-01 1.235997449999999970e-01 -5.964572430000000258e-01 -2.219459724400000056e+01
-6.035118699999999503e-01 -2.264648500000000092e-02 7.970324159999999658e-01 6.938293457000000330e+01 8.900083599999999984e-02 9.914367200000000491e-01 9.556151899999999755e-02 -3.381319050000000104e-01 -7.923712729999999871e-01 1.286090460000000046e-01 -5.963282589999999717e-01 -2.288589286799999911e+01
-6.040806170000000419e-01 -3.157876400000000222e-02 7.962972520000000110e-01 7.022145843500000240e+01 8.818738900000000491e-02 9.904288049999999677e-01 1.061774719999999950e-01 -3.374538420000000039e-01 -7.920286060000000239e-01 1.343631600000000093e-01 -5.955141779999999496e-01 -2.359034347500000095e+01
-6.041225190000000245e-01 -3.447356099999999979e-02 7.961454390000000103e-01 7.107450866700000347e+01 8.899384700000000092e-02 9.898957609999999852e-01 1.103924359999999966e-01 -3.233566279999999793e-01 -7.919065950000000464e-01 1.375426050000000122e-01 -5.949503779999999464e-01 -2.428803253199999901e+01
-6.042113300000000464e-01 -3.034764300000000053e-02 7.962460519999999820e-01 7.189907836899999438e+01 8.945988900000000077e-02 9.903732539999999807e-01 1.056308970000000014e-01 -3.161373140000000026e-01 -7.917863130000000194e-01 1.350554670000000124e-01 -5.956798199999999710e-01 -2.496942710900000151e+01
-6.039199229999999696e-01 -2.463792299999999907e-02 7.966640590000000355e-01 7.272638702400000454e+01 9.172163199999999739e-02 9.907336829999999761e-01 1.001703810000000028e-01 -3.140420910000000232e-01 -7.917497159999999923e-01 1.335662310000000075e-01 -5.960638520000000051e-01 -2.566137123100000039e+01
-6.034279470000000201e-01 -1.828960500000000045e-02 7.972077130000000400e-01 7.355205535899999347e+01 9.719499199999999395e-02 9.905958769999999580e-01 9.629584099999999314e-02 -3.114428519999999923e-01 -7.914718389999999548e-01 1.355922069999999924e-01 -5.959756370000000025e-01 -2.634925651600000052e+01
-6.023101810000000000e-01 -1.964673000000000114e-02 7.980203630000000103e-01 7.437390899700000091e+01 9.647082499999999616e-02 9.905783529999999670e-01 9.719925399999999882e-02 -3.091878889999999935e-01 -7.924115059999999877e-01 1.355297570000000007e-01 -5.947400330000000013e-01 -2.702739334099999979e+01
-6.011190410000000206e-01 -2.502666799999999844e-02 7.987675069999999877e-01 7.520800781200000529e+01 9.484200199999999470e-02 9.902118439999999522e-01 1.023990740000000066e-01 -3.006339069999999780e-01 -7.935117480000000167e-01 1.373107580000000050e-01 -5.928617120000000407e-01 -2.771133232100000043e+01
-6.006596680000000354e-01 -3.251771600000000206e-02 7.988433240000000213e-01 7.606324768099999289e+01 9.164367599999999336e-02 9.897863860000000180e-01 1.091982199999999986e-01 -2.840757369999999948e-01 -7.942351100000000219e-01 1.387998910000000086e-01 -5.915447470000000374e-01 -2.839213752699999915e+01
-6.001669170000000220e-01 -4.018817499999999959e-02 7.988645429999999825e-01 7.689512634300000116e+01 8.380999399999999877e-02 9.900799989999999884e-01 1.127719279999999935e-01 -2.800188060000000090e-01 -7.954719070000000336e-01 1.346348079999999947e-01 -5.908451080000000077e-01 -2.905129623399999872e+01
-5.983380080000000323e-01 -4.759055699999999861e-02 7.998291849999999981e-01 7.773008728000000644e+01 7.689771099999999360e-02 9.902159569999999800e-01 1.164445209999999953e-01 -2.585725779999999974e-01 -7.975451949999999846e-01 1.311782300000000068e-01 -5.888240930000000484e-01 -2.971500778200000070e+01
-5.961378219999999839e-01 -4.640172399999999836e-02 8.015401359999999586e-01 7.856829833999999835e+01 7.960086299999999393e-02 9.899939890000000187e-01 1.165138260000000009e-01 -2.435016630000000071e-01 -7.989265319999999670e-01 1.332615910000000126e-01 -5.864792469999999813e-01 -3.037596130400000050e+01
-5.908653139999999748e-01 -4.229839900000000041e-02 8.056606050000000296e-01 7.939788818399999570e+01 8.348414299999999677e-02 9.900578260000000297e-01 1.132061929999999966e-01 -2.304420470000000110e-01 -8.024390340000000510e-01 1.341494920000000091e-01 -5.814597609999999639e-01 -3.104891967800000074e+01
-5.831468699999999838e-01 -3.676328100000000182e-02 8.115344049999999587e-01 8.024111175500000570e+01 8.964329199999999942e-02 9.899626369999999786e-01 1.092615200000000009e-01 -2.020759580000000000e-01 -8.074055909999999781e-01 1.364641339999999869e-01 -5.739979739999999664e-01 -3.170443725599999851e+01
-5.740982289999999599e-01 -3.357328500000000132e-02 8.180977109999999497e-01 8.107805633499999942e+01 9.593042699999999867e-02 9.895196560000000252e-01 1.079270840000000065e-01 -1.969232559999999910e-01 -8.131473059999999586e-01 1.404412240000000034e-01 -5.648607610000000445e-01 -3.235006332399999707e+01
-5.642306799999999845e-01 -3.223098800000000208e-02 8.249877690000000374e-01 8.193041229199999975e+01 9.934812799999999389e-02 9.893264170000000135e-01 1.065982129999999972e-01 -1.926012039999999981e-01 -8.196179869999999923e-01 1.421069799999999939e-01 -5.550062660000000259e-01 -3.298780822799999868e+01
-5.538528560000000045e-01 -3.547348499999999905e-02 8.318584559999999684e-01 8.280321502699999314e+01 9.659276899999999499e-02 9.896085860000000123e-01 1.065121670000000048e-01 -1.767988199999999954e-01 -8.269925710000000096e-01 1.393435899999999894e-01 -5.446710590000000130e-01 -3.361619949300000343e+01
-5.445467830000000342e-01 -3.786875700000000289e-02 8.378751279999999690e-01 8.368193054200000347e+01 9.666175400000000251e-02 9.894902709999999768e-01 1.075430140000000062e-01 -1.641883849999999923e-01 -8.331418040000000413e-01 1.395527119999999954e-01 -5.351632830000000451e-01 -3.421962737999999860e+01
