1.000000000 0.000000000 0.000000000 -0.000000119 0.000000000 0.999999940 0.000000000 -0.000000000 0.000000000 0.000000000 1.000000000 0.000000000
0.999993443 -0.002312399 0.002783464 0.008368100 0.002313530 0.999997199 -0.000403309 -0.013913725 -0.002782524 0.000409746 0.999996066 0.246159613
0.999979556 -0.004203819 0.004812801 0.012974894 0.004211323 0.999989867 -0.001550240 -0.028445665 -0.004806235 0.001570477 0.999987245 0.505525947
0.999969304 -0.004086795 0.006686302 0.017232658 0.004106221 0.999987304 -0.002894289 -0.042706702 -0.006674390 0.002921656 0.999973476 0.774735451
0.999956727 -0.003285200 0.008702139 0.021268699 0.003315049 0.999988616 -0.003417917 -0.058136597 -0.008690812 0.003446617 0.999956310 1.049396873
0.999936521 -0.001355729 0.011187145 0.021540370 0.001390185 0.999994278 -0.003072812 -0.071879834 -0.011182914 0.003088169 0.999932706 1.339944363
0.999909937 -0.000008268 0.013427910 0.023141818 0.000044571 0.999996245 -0.002703250 -0.090117671 -0.013427839 0.002703605 0.999906123 1.640638113
0.999890506 -0.000127931 0.014794756 0.027666861 0.000178639 0.999994040 -0.003426161 -0.105209686 -0.014794230 0.003428430 0.999884665 1.940000534
0.999875784 -0.000344793 0.015757727 0.033266183 0.000420032 0.999988496 -0.004771668 -0.120162256 -0.015755901 0.004777695 0.999864459 2.246084213
0.999866009 -0.002242945 0.016214047 0.041013196 0.002339690 0.999979556 -0.005950195 -0.134980977 -0.016200371 0.005987334 0.999850810 2.560000658
0.999854267 -0.005703470 0.016090846 0.049708903 0.005802325 0.999964595 -0.006103514 -0.150978848 -0.016055465 0.006195988 0.999851882 2.886359930
0.999833047 -0.009047489 0.015873721 0.058781613 0.009132968 0.999944150 -0.005320759 -0.166954860 -0.015824696 0.005464844 0.999859810 3.217920542
0.999822557 -0.009853310 0.016054256 0.064727947 0.009916257 0.999943435 -0.003845971 -0.185583040 -0.016015453 0.004004488 0.999863684 3.559884071
0.999818146 -0.009935574 0.016285347 0.068501122 0.009986055 0.999945581 -0.003021491 -0.205238283 -0.016254438 0.003183567 0.999862790 3.916801453
0.999816895 -0.009947083 0.016348144 0.072352819 0.010005092 0.999943912 -0.003470420 -0.225493401 -0.016312707 0.003633350 0.999860287 4.269855022
0.999829531 -0.009120524 0.016059687 0.074748069 0.009195198 0.999947190 -0.004581981 -0.246616453 -0.016017051 0.004728871 0.999860525 4.629565239
0.999851644 -0.007533488 0.015491074 0.074034974 0.007619153 0.999955952 -0.005478356 -0.268748701 -0.015449120 0.005595572 0.999864936 5.011650085
0.999882877 -0.004368012 0.014668808 0.073019370 0.004466004 0.999967873 -0.006654124 -0.288552046 -0.014639270 0.006718856 0.999870241 5.388444901
0.999896467 -0.003883257 0.013853606 0.074666515 0.003995587 0.999959290 -0.008089993 -0.309057802 -0.013821622 0.008144510 0.999871314 5.773418903
0.999909282 -0.003644843 0.012969561 0.075431459 0.003759849 0.999953747 -0.008854021 -0.331879675 -0.012936690 0.008901983 0.999876618 6.176865578
0.999927580 -0.003028978 0.011648940 0.076929390 0.003135734 0.999953210 -0.009157106 -0.353326082 -0.011620658 0.009192972 0.999890149 6.575712204
0.999942899 -0.003682514 0.010030609 0.078030892 0.003777334 0.999948263 -0.009450554 -0.375127167 -0.009995289 0.009487905 0.999904990 6.981820583
0.999955237 -0.004244561 0.008458336 0.078392722 0.004325526 0.999944806 -0.009576886 -0.400029242 -0.008417219 0.009613044 0.999918342 7.407788277
0.999958158 -0.005763343 0.007102421 0.080339581 0.005827507 0.999942124 -0.009046760 -0.423694551 -0.007049871 0.009087772 0.999933839 7.828987598
0.999964952 -0.005323988 0.006458942 0.078780353 0.005373402 0.999956250 -0.007657399 -0.447385788 -0.006417892 0.007691838 0.999949813 8.257686615
0.999975681 -0.004113807 0.005656308 0.075928256 0.004147196 0.999974012 -0.005903791 -0.470211953 -0.005631874 0.005927105 0.999966502 8.705551147
0.999986410 -0.002867448 0.004370263 0.072060436 0.002885906 0.999986947 -0.004223112 -0.491169214 -0.004358097 0.004235667 0.999981523 9.147036552
0.999995530 -0.000293244 0.002983439 0.064637057 0.000302670 0.999994993 -0.003159631 -0.513508141 -0.002982497 0.003160519 0.999990523 9.593669891
0.999998093 0.001121866 0.001636979 0.057857171 -0.001117560 0.999995828 -0.002629460 -0.539807916 -0.001639922 0.002627625 0.999995112 10.054053307
0.999999642 0.000798220 -0.000229869 0.052911706 -0.000798768 0.999996722 -0.002394439 -0.565349936 0.000227957 0.002394622 0.999997079 10.511722565
0.999997020 -0.000089595 -0.002470693 0.048620649 0.000083192 0.999996662 -0.002591487 -0.591489255 0.002470916 0.002591274 0.999993503 10.975486755
0.999989212 -0.001063180 -0.004513167 0.042453513 0.001044291 0.999990582 -0.004185687 -0.622163594 0.004517575 0.004180928 0.999981046 11.462888718
0.999971926 -0.003962473 -0.006367284 0.039654255 0.003913289 0.999962449 -0.007718408 -0.650277674 0.006397630 0.007693275 0.999949992 11.935203552
0.999947846 -0.006214289 -0.008101612 0.033300340 0.006126671 0.999922872 -0.010795217 -0.678666234 0.008168073 0.010745018 0.999908924 12.416357994
0.999928236 -0.006877999 -0.009810952 0.022142574 0.006762627 0.999908149 -0.011744449 -0.706102848 0.009890830 0.011677260 0.999882877 12.909510612
0.999906838 -0.006529404 -0.011986502 0.015469447 0.006387414 0.999909461 -0.011846071 -0.736189067 0.012062764 0.011768404 0.999857962 13.419241905
0.999868512 -0.007827512 -0.014196470 0.005359337 0.007666081 0.999905765 -0.011390145 -0.763944864 0.014284287 0.011279817 0.999834299 13.919523239
0.999838710 -0.007910656 -0.016123774 -0.007984936 0.007746810 0.999918044 -0.010198969 -0.793114662 0.016203126 0.010072414 0.999817967 14.426955223
0.999802828 -0.007841757 -0.018242745 -0.021322966 0.007668822 0.999925137 -0.009530502 -0.824622810 0.018316112 0.009388721 0.999788165 14.944038391
0.999779999 -0.005834637 -0.020148912 -0.040768713 0.005641160 0.999937594 -0.009645850 -0.861349940 0.020203935 0.009530064 0.999750435 15.471776962
0.999737203 -0.006445920 -0.022002826 -0.057124019 0.006218902 0.999926925 -0.010370525 -0.893720865 0.022068063 0.010230967 0.999704123 15.992583275
0.999696493 -0.007048886 -0.023609640 -0.072884232 0.006785218 0.999914050 -0.011229333 -0.926144481 0.023686763 0.011065728 0.999658167 16.518274307
0.999675393 -0.006106793 -0.024733430 -0.091043919 0.005828646 0.999919176 -0.011302330 -0.956711769 0.024800451 0.011154501 0.999630153 17.046106339
0.999646187 -0.008166622 -0.025313932 -0.102640927 0.007912737 0.999917507 -0.010113470 -0.992417634 0.025394443 0.009909590 0.999628305 17.600992203
0.999636769 -0.009614133 -0.025177624 -0.117528290 0.009397792 0.999917984 -0.008696862 -1.024035454 0.025259174 0.008457090 0.999645114 18.139017105
0.999631882 -0.010073225 -0.025193211 -0.132717013 0.009866552 0.999916732 -0.008314392 -1.055577397 0.025274867 0.008062761 0.999648035 18.683807373
0.999643683 -0.008416131 -0.025333188 -0.150066704 0.008232009 0.999938965 -0.007363582 -1.091721416 0.025393616 0.007152416 0.999651968 19.250761032
0.999637902 -0.007478181 -0.025851712 -0.167844266 0.007301438 0.999949396 -0.006924407 -1.125006914 0.025902187 0.006733145 0.999641836 19.799627304
0.999618888 -0.007201416 -0.026650561 -0.185993344 0.007017297 0.999950945 -0.006995715 -1.158002377 0.026699631 0.006806035 0.999620378 20.354064941
0.999565840 -0.009201361 -0.027988404 -0.198243886 0.008990706 0.999930322 -0.007643086 -1.192461848 0.028056780 0.007388134 0.999579012 20.914522171
0.999527216 -0.010005668 -0.029070808 -0.213400751 0.009817580 0.999929905 -0.006605545 -1.225366950 0.029134868 0.006317019 0.999555528 21.478380203
0.999519289 -0.009497224 -0.029511319 -0.232878566 0.009368603 0.999945998 -0.004493580 -1.256357551 0.029552402 0.004214942 0.999554336 22.046119690
0.999499083 -0.011051697 -0.029656766 -0.251824349 0.010953452 0.999933958 -0.003473209 -1.286773920 0.029693192 0.003146626 0.999554098 22.616317749
0.999479055 -0.010682505 -0.030456794 -0.272677064 0.010624894 0.999941409 -0.002052747 -1.318471670 0.030476941 0.001728077 0.999534011 23.191562653
0.999438584 -0.011335642 -0.031531241 -0.294865340 0.011343054 0.999935627 0.000056122 -1.349411011 0.031528573 -0.000413751 0.999502838 23.772480011
0.999367595 -0.013880602 -0.032737073 -0.314541787 0.013918698 0.999902606 0.000936090 -1.379439712 0.032720890 -0.001391156 0.999463558 24.353946686
0.999309063 -0.015281348 -0.033880483 -0.334806919 0.015273938 0.999883115 -0.000477516 -1.412420988 0.033883821 -0.000040302 0.999425828 24.936101913
0.999249101 -0.016311910 -0.035146084 -0.357403755 0.016257059 0.999866068 -0.001845856 -1.447355151 0.035171494 0.001273098 0.999380469 25.526195526
0.999181688 -0.017909387 -0.036265694 -0.382131040 0.017791789 0.999835253 -0.003562869 -1.478719354 0.036323532 0.002914722 0.999335825 26.113864899
0.999104619 -0.019269118 -0.037665829 -0.404808044 0.019113388 0.999807239 -0.004490285 -1.512560248 0.037745088 0.003766343 0.999280334 26.707733154
0.999002397 -0.021463042 -0.039159723 -0.428140998 0.021320738 0.999764442 -0.004047973 -1.543708801 0.039237376 0.003209021 0.999224722 27.309183121
0.998920202 -0.022634896 -0.040570974 -0.454752743 0.022582009 0.999743402 -0.001761287 -1.577469468 0.040600434 0.000843211 0.999175072 27.901020050
0.998870254 -0.022293383 -0.041966692 -0.480854750 0.022317534 0.999750853 0.000107039 -1.610567808 0.041953851 -0.001043512 0.999118984 28.505325317
0.998864651 -0.020402759 -0.043048326 -0.511677265 0.020443510 0.999790788 0.000506632 -1.644267797 0.043028988 -0.001386116 0.999072850 29.114089966
0.998852730 -0.019168705 -0.043884758 -0.545842886 0.019183304 0.999815941 -0.000088444 -1.678113461 0.043878384 -0.000753512 0.999036551 29.717704773
0.998800099 -0.018785479 -0.045227580 -0.576183796 0.018770564 0.999823630 -0.000754399 -1.712005258 0.045233771 -0.000095454 0.998976350 30.324562073
0.998735905 -0.018800242 -0.046615444 -0.605721295 0.018771086 0.999823213 -0.001063119 -1.744050145 0.046627194 0.000186752 0.998912334 30.942922592
0.998729408 -0.017500052 -0.047258325 -0.643114746 0.017487278 0.999846816 -0.000683705 -1.775799274 0.047263052 -0.000143583 0.998882473 31.571540833
0.998697102 -0.017070025 -0.048089702 -0.676616907 0.017117489 0.999853313 0.000575443 -1.809160113 0.048072822 -0.001397868 0.998842895 32.184799194
0.998645544 -0.017400792 -0.049031988 -0.710586548 0.017533734 0.999843657 0.002282612 -1.841068506 0.048984598 -0.003139235 0.998794615 32.801853180
0.998597860 -0.015778877 -0.050533440 -0.741476059 0.016001131 0.999863982 0.003996504 -1.878094077 0.050463509 -0.004799492 0.998714387 33.418010712
0.998519182 -0.016213460 -0.051930435 -0.775449932 0.016487103 0.999852359 0.004845367 -1.910930395 0.051844206 -0.005694373 0.998638988 34.035678864
0.998461127 -0.016276620 -0.053014971 -0.810789704 0.016614746 0.999844253 0.005943378 -1.942315936 0.052909974 -0.006815061 0.998576045 34.652622223
0.998420596 -0.015534162 -0.053989962 -0.849773407 0.015919590 0.999850690 0.006716127 -1.972266912 0.053877577 -0.007565018 0.998518884 35.283824921
0.998370230 -0.015526144 -0.054915830 -0.885177374 0.015904091 0.999852657 0.006451961 -2.001598120 0.054807566 -0.007314831 0.998470187 35.907073975
0.998358369 -0.014113228 -0.055512562 -0.925483584 0.014490269 0.999874473 0.006395310 -2.030699730 0.055415355 -0.007189202 0.998437464 36.534973145
0.998332441 -0.013051778 -0.056233607 -0.965067267 0.013451879 0.999886751 0.006742320 -2.061318636 0.056139238 -0.007487522 0.998394907 37.162445068
0.998281837 -0.014569580 -0.056753960 -1.001072407 0.014973082 0.999865472 0.006690945 -2.091171741 0.056648828 -0.007529230 0.998365760 37.792869568
0.998225868 -0.016383516 -0.057242122 -1.038463354 0.016778590 0.999838531 0.006427983 -2.122081757 0.057127569 -0.007377021 0.998339653 38.424148560
0.998212218 -0.015834777 -0.057634249 -1.076024532 0.016187718 0.999852896 0.005662069 -2.153821230 0.057536114 -0.006584913 0.998321652 39.056465149
0.998255074 -0.012700406 -0.057667088 -1.119767785 0.012976440 0.999906063 0.004414766 -2.185834885 0.057605602 -0.005155376 0.998326004 39.681007385
0.998251379 -0.011873430 -0.057907861 -1.159663081 0.012053886 0.999923468 0.002767965 -2.219781876 0.057870567 -0.003461140 0.998318017 40.313411713
0.998215795 -0.011171297 -0.058655862 -1.204386473 0.011285080 0.999935031 0.001608970 -2.252545595 0.058634076 -0.002268035 0.998276889 40.951995850
0.998159289 -0.011417225 -0.059562460 -1.240656972 0.011579512 0.999930143 0.002380181 -2.286056280 0.059531130 -0.003065504 0.998221695 41.582950592
0.998117983 -0.011193561 -0.060293302 -1.280505776 0.011456241 0.999926388 0.004012771 -2.317505836 0.060243942 -0.004695953 0.998172641 42.223880768
0.998098731 -0.010750391 -0.060690902 -1.323087454 0.011103604 0.999923289 0.005485612 -2.350682974 0.060627278 -0.006149070 0.998141527 42.866619110
0.998076141 -0.010369921 -0.061127018 -1.364369392 0.010773248 0.999922276 0.006272301 -2.383491516 0.061057229 -0.006918770 0.998110294 43.509620667
0.998054326 -0.010929774 -0.061384294 -1.408612847 0.011284376 0.999921560 0.005433036 -2.418387890 0.061320096 -0.006115149 0.998099446 44.150489807
0.998005271 -0.011974109 -0.061984863 -1.449482203 0.012243269 0.999917150 0.003964342 -2.451734304 0.061932266 -0.004715332 0.998069167 44.791431427
0.997961521 -0.013736440 -0.062323619 -1.490323186 0.014025053 0.999892831 0.004195759 -2.485475063 0.062259305 -0.005061298 0.998047173 45.432788849
0.997909665 -0.015198466 -0.062813513 -1.530663133 0.015566980 0.999864340 0.005381536 -2.516297340 0.062723219 -0.006348105 0.998010755 46.073104858
0.997881234 -0.014946741 -0.063322902 -1.574579716 0.015463145 0.999850988 0.007672862 -2.549229145 0.063198790 -0.008635777 0.997963548 46.716064453
0.997866452 -0.013487602 -0.063879520 -1.617548347 0.014159616 0.999848902 0.010079050 -2.580505848 0.063733920 -0.010962057 0.997906625 47.348880768
0.997834980 -0.013168641 -0.064435653 -1.660945773 0.013898022 0.999844193 0.010884415 -2.613137960 0.064282261 -0.011756378 0.997862458 47.981460571
0.997792244 -0.012968610 -0.065134078 -1.703309894 0.013671367 0.999852836 0.010355269 -2.646091700 0.064990200 -0.011222879 0.997822762 48.607868195
0.997759223 -0.012904328 -0.065650865 -1.750008106 0.013485596 0.999873638 0.008418470 -2.677853584 0.065533936 -0.009284944 0.997807086 49.231124878
0.997716963 -0.013658926 -0.066138357 -1.790880322 0.014082022 0.999883235 0.005935150 -2.711755276 0.066049568 -0.006852960 0.997792780 49.854892731
0.997716248 -0.013755783 -0.066128552 -1.835778952 0.014067341 0.999892056 0.004248078 -2.744451523 0.066062979 -0.005168628 0.997802019 50.470726013
0.997707784 -0.014027166 -0.066202335 -1.881077766 0.014343480 0.999887884 0.004305032 -2.775950193 0.066134520 -0.005244736 0.997796893 51.088321686
0.997672737 -0.014786369 -0.066562913 -1.922889233 0.015180536 0.999870062 0.005419780 -2.807197332 0.066474125 -0.006417627 0.997767508 51.709407806
0.997647047 -0.013296680 -0.067258067 -1.968313336 0.013803069 0.999879658 0.007069953 -2.837375879 0.067155980 -0.007981685 0.997710586 52.326313019
0.997622311 -0.012442062 -0.067785956 -2.012687683 0.013114236 0.999868989 0.009480191 -2.868994951 0.067659125 -0.010346611 0.997654796 52.946331024
0.997609079 -0.012601649 -0.067951135 -2.057629824 0.013336594 0.999857187 0.010372973 -2.898967981 0.067810714 -0.011254407 0.997634709 53.570266724
0.997574091 -0.013018013 -0.068384081 -2.100207329 0.013728705 0.999856412 0.009932972 -2.928364277 0.068244942 -0.010847702 0.997609615 54.189933777
0.997600973 -0.011745656 -0.068223439 -2.146520376 0.012414075 0.999878824 0.009381797 -2.959173203 0.068104982 -0.010206221 0.997625947 54.804111481
0.997622550 -0.011854469 -0.067887641 -2.188240051 0.012396527 0.999894440 0.007568922 -2.992131472 0.067790754 -0.008392497 0.997664273 55.426448822
0.997605085 -0.013166263 -0.067902170 -2.230664015 0.013584110 0.999891520 0.005695619 -3.023742437 0.067819797 -0.006604369 0.997675776 56.044082642
0.997595668 -0.013287863 -0.068018101 -2.272151470 0.013605393 0.999898612 0.004207226 -3.054554701 0.067955285 -0.005122524 0.997675240 56.659309387
0.997607589 -0.013613809 -0.067777462 -2.319185734 0.013841104 0.999899983 0.002885038 -3.087397814 0.067731395 -0.003816250 0.997696280 57.277065277
0.997616172 -0.013598303 -0.067654222 -2.364336014 0.013795155 0.999901772 0.002443314 -3.120174646 0.067614339 -0.003370790 0.997705877 57.896892548
0.997606874 -0.013904368 -0.067729659 -2.409558773 0.014074192 0.999898851 0.002030822 -3.154834986 0.067694567 -0.002979201 0.997701645 58.517410278
0.997580826 -0.013262706 -0.068239413 -2.450622082 0.013438966 0.999907315 0.002124537 -3.190331936 0.068204932 -0.003036464 0.997666657 59.135265350
0.997586370 -0.012000874 -0.068391636 -2.496288300 0.012205766 0.999922156 0.002578761 -3.221091270 0.068355381 -0.003407310 0.997655153 59.757919312
0.997556329 -0.013376307 -0.068574153 -2.540171385 0.013626670 0.999901950 0.003184463 -3.258170843 0.068524837 -0.004111118 0.997640908 60.371589661
0.997535825 -0.014779910 -0.068584956 -2.579982996 0.014994444 0.999884129 0.002614246 -3.293772221 0.068538368 -0.003636197 0.997641861 61.000976562
0.997458935 -0.018772045 -0.068726592 -2.620228052 0.018915160 0.999820054 0.001432184 -3.329998255 0.068687327 -0.002728519 0.997634530 61.617145538
0.997415364 -0.020527529 -0.068856984 -2.662027359 0.020634562 0.999786675 0.000843450 -3.362194777 0.068824969 -0.002262103 0.997626245 62.237804413
0.997482061 -0.018076621 -0.068576172 -2.710665703 0.018283561 0.999830008 0.002391165 -3.395124197 0.068521276 -0.003638961 0.997642994 62.863079071
0.997546256 -0.015392994 -0.068296961 -2.759066582 0.015849669 0.999855459 0.006149738 -3.424936295 0.068192437 -0.007217132 0.997646034 63.487361908
0.997531056 -0.014373049 -0.068740100 -2.803907633 0.015143367 0.999828041 0.010698220 -3.454934120 0.068574518 -0.011712763 0.997577190 64.107688904
0.997476876 -0.014834004 -0.069425523 -2.846499443 0.015826317 0.999779999 0.013765093 -3.486301184 0.069206059 -0.014829113 0.997492135 64.750190735
0.997451603 -0.015119725 -0.069726281 -2.889791727 0.016197341 0.999757648 0.014915592 -3.512013912 0.069483846 -0.016006963 0.997454584 65.376365662
0.997452676 -0.016311813 -0.069443271 -2.931524277 0.017394707 0.999735892 0.015017800 -3.540798426 0.069179967 -0.016187489 0.997472882 65.982322693
0.997475028 -0.016832050 -0.068996035 -2.975676060 0.017730525 0.999765575 0.012430418 -3.568466187 0.068770610 -0.013622369 0.997539520 66.606330872
0.997548342 -0.013719596 -0.068622760 -3.024179459 0.014440645 0.999845505 0.010022369 -3.599787474 0.068474643 -0.010988757 0.997592390 67.222518921
0.997617960 -0.010455925 -0.068183713 -3.070338011 0.011054385 0.999903500 0.008405776 -3.626165390 0.068089239 -0.009139480 0.997637391 67.843933105
0.997646868 -0.007906365 -0.068104163 -3.119726658 0.008347411 0.999945879 0.006193874 -3.658583879 0.068051517 -0.006747792 0.997659028 68.466331482
0.997610986 -0.005879791 -0.068832077 -3.169167042 0.006304181 0.999962389 0.005949965 -3.687680721 0.068794511 -0.006369681 0.997610390 69.092391968
0.997635186 -0.001562124 -0.068714291 -3.219608307 0.002108813 0.999966741 0.007884151 -3.715441704 0.068699703 -0.008010413 0.997605145 69.715705872
0.997634590 0.000003848 -0.068742260 -3.266816616 0.000720673 0.999944448 0.010514881 -3.746753693 0.068738468 -0.010539548 0.997578919 70.346275330
0.997668982 0.000544993 -0.068237230 -3.313175440 0.000290469 0.999925137 0.012232970 -3.776759624 0.068238772 -0.012224274 0.997594237 70.973884583
0.997734725 -0.001207429 -0.067260757 -3.359241247 0.001973705 0.999933898 0.011327326 -3.813988924 0.067242637 -0.011434419 0.997671127 71.600791931
0.997738779 -0.001401660 -0.067196250 -3.400252342 0.001918843 0.999969065 0.007632678 -3.847490788 0.067183450 -0.007744358 0.997710586 72.207481384
0.997757852 -0.001797070 -0.066902630 -3.448700905 0.001968608 0.999994934 0.002498151 -3.877971172 0.066897810 -0.002624255 0.997756302 72.835304260
0.997754097 0.000078088 -0.066983655 -3.495697498 -0.000044072 0.999999821 0.000509297 -3.909247398 0.066983685 -0.000505202 0.997753859 73.457969666
0.997711062 0.003448752 -0.067533955 -3.541659355 -0.003269836 0.999990880 0.002759628 -3.941312551 0.067542829 -0.002532487 0.997713089 74.073814392
0.997669339 0.003771242 -0.068130180 -3.586968422 -0.003300996 0.999969840 0.007013434 -3.969487190 0.068154581 -0.006772191 0.997651696 74.701522827
0.997643590 0.002537058 -0.068562649 -3.630784988 -0.001739842 0.999930143 0.011684767 -4.002827644 0.068587519 -0.011537947 0.997578382 75.328247070
0.997627676 0.003213380 -0.068765268 -3.676876068 -0.002216903 0.999891520 0.014562399 -4.031929493 0.068804607 -0.014375410 0.997526646 75.956390381
0.997615635 0.004100590 -0.068892881 -3.727156162 -0.003097100 0.999887645 0.014666446 -4.062550545 0.068945281 -0.014418109 0.997516274 76.576416016
0.997587979 0.001500078 -0.069398247 -3.773279667 -0.000612910 0.999917805 0.012803243 -4.093742847 0.069411747 -0.012729828 0.997506857 77.192619324
0.997485638 -0.002665477 -0.070818633 -3.819196701 0.003318276 0.999952972 0.009101853 -4.128219128 0.070791043 -0.009313963 0.997447550 77.811798096
0.997391284 -0.003990847 -0.072073989 -3.860737324 0.004405621 0.999974608 0.005596775 -4.158070564 0.072049811 -0.005899704 0.997383535 78.425666809
0.997331738 -0.004866322 -0.072840430 -3.908929110 0.005151480 0.999979794 0.003727477 -4.188229084 0.072820820 -0.004092766 0.997336626 79.048316956
0.997257471 -0.008371474 -0.073534928 -3.957675934 0.008610037 0.999958634 0.002927812 -4.219568253 0.073507369 -0.003552921 0.997288287 79.677406311
0.997146964 -0.010614624 -0.074737266 -4.004786015 0.011072561 0.999922395 0.005715583 -4.250786304 0.074670807 -0.006526809 0.997186899 80.296066284
0.997046530 -0.009773810 -0.076177306 -4.054369926 0.010570953 0.999893486 0.010068117 -4.280668259 0.076070786 -0.010843647 0.997043431 80.924324036
0.996977746 -0.007939779 -0.077280834 -4.109443665 0.008998590 0.999870121 0.013362199 -4.308765888 0.077164710 -0.014017233 0.996919811 81.553291321
0.996915936 -0.008500205 -0.078015536 -4.162066460 0.009811317 0.999816716 0.016437883 -4.338341236 0.077861525 -0.017152624 0.996816635 82.180282593
0.996847153 -0.008564379 -0.078883484 -4.213363171 0.009974666 0.999797106 0.017501460 -4.366199493 0.078717574 -0.018233120 0.996730208 82.803733826
0.996813536 -0.007369528 -0.079425901 -4.266168594 0.008679923 0.999831676 0.016165722 -4.392009735 0.079293400 -0.016803620 0.996709645 83.425125122
0.996776819 -0.007027153 -0.079916067 -4.319554329 0.008151749 0.999872208 0.013754681 -4.419356346 0.079809196 -0.014361803 0.996706605 84.044235229
0.996777415 -0.005396199 -0.080035232 -4.374003410 0.006335013 0.999914050 0.011480731 -4.444161892 0.079966396 -0.011950757 0.996725917 84.669845581
0.996787190 -0.003393734 -0.080023393 -4.428769112 0.004189792 0.999943316 0.009782012 -4.473799706 0.079985656 -0.010085866 0.996744871 85.312728882
0.996831775 -0.002090757 -0.079511024 -4.483149529 0.002708006 0.999966979 0.007656028 -4.501479149 0.079492383 -0.007847087 0.996804535 85.941352844
0.996887445 -0.001496199 -0.078823231 -4.534305096 0.001981570 0.999979496 0.006079855 -4.534748554 0.078812517 -0.006217124 0.996869922 86.561149597
0.996915400 -0.002574933 -0.078441024 -4.581525803 0.002950250 0.999984682 0.004669198 -4.570289612 0.078427792 -0.004886216 0.996907830 87.178184509
0.996946037 -0.002847661 -0.078042001 -4.629682064 0.003113228 0.999989748 0.003281421 -4.603099346 0.078031853 -0.003514362 0.996944726 87.804023743
0.997017205 -0.002384623 -0.077142693 -4.678604126 0.002616092 0.999992311 0.002899611 -4.634070873 0.077135190 -0.003092774 0.997015893 88.436790466
0.997126222 -0.001761454 -0.075736985 -4.734735489 0.001998385 0.999993324 0.003052674 -4.670243263 0.075731091 -0.003195254 0.997123122 89.058731079
0.997228920 -0.000359639 -0.074392162 -4.785140514 0.000564843 0.999996066 0.002737392 -4.703370571 0.074390858 -0.002771826 0.997225285 89.685813904
0.997314274 0.002194137 -0.073208496 -4.831429958 -0.002089031 0.999996722 0.001512233 -4.743711472 0.073211573 -0.001355237 0.997315526 90.324073792
0.997432053 0.005396313 -0.071416304 -4.880660057 -0.005503951 0.999984026 -0.001310475 -4.780113220 0.071408093 0.001700182 0.997445703 90.946533203
0.997558117 0.006957181 -0.069494240 -4.929613590 -0.007229326 0.999967217 -0.003665355 -4.819248676 0.069466457 0.004158801 0.997575581 91.568450928
0.997682333 0.006428791 -0.067739598 -4.970769405 -0.006798729 0.999963164 -0.005232067 -4.856201172 0.067703441 0.005680484 0.997689307 92.188858032
0.997811079 0.006128054 -0.065845028 -5.015840530 -0.006407603 0.999971449 -0.004035228 -4.890868187 0.065818429 0.004448304 0.997821748 92.823310852
0.997904658 0.003706961 -0.064595513 -5.050898075 -0.003691562 0.999993145 0.000357771 -4.922451019 0.064596385 -0.000118562 0.997911453 93.461189270
0.998009980 0.002906762 -0.062989034 -5.093938828 -0.002539301 0.999979198 0.005912986 -4.953353882 0.063004933 -0.005741271 0.997996688 94.101478577
0.998077631 0.000541476 -0.061972734 -5.130669117 0.000129268 0.999941349 0.010818675 -4.983480453 0.061974976 -0.010805890 0.998019159 94.741706848
0.998138547 -0.002416746 -0.060940303 -5.167811394 0.003174245 0.999918759 0.012336435 -5.016425610 0.060905557 -0.012506910 0.998065174 95.376182556
0.998170137 -0.005039422 -0.060257681 -5.199663639 0.005588224 0.999944329 0.008942544 -5.050013542 0.060209271 -0.009262915 0.998142779 96.008087158
0.998211682 -0.009148235 -0.059075862 -5.234601974 0.009378476 0.999949336 0.003621290 -5.088305473 0.059039760 -0.004168855 0.998246908 96.636894226
0.998256266 -0.011716977 -0.057854846 -5.270679951 0.011590237 0.999929607 -0.002525697 -5.121984005 0.057880372 0.001850741 0.998321712 97.269508362
0.998313606 -0.012962891 -0.056586210 -5.304083347 0.012657601 0.999903321 -0.005750168 -5.156786442 0.056655280 0.005024225 0.998381078 97.906425476
0.998403847 -0.012911825 -0.054982487 -5.342182159 0.012650076 0.999906957 -0.005105963 -5.193720818 0.055043299 0.004402280 0.998474240 98.540893555
0.998449206 -0.012801925 -0.054177538 -5.375428200 0.012651121 0.999915063 -0.003125532 -5.228672028 0.054212950 0.002435279 0.998526394 99.185112000
0.998508811 -0.011968187 -0.053262331 -5.410775185 0.012077960 0.999925613 0.001739595 -5.268786907 0.053237554 -0.002380301 0.998579025 99.818756104
0.998578429 -0.010467511 -0.052265383 -5.447291374 0.010792034 0.999924123 0.005930766 -5.302763462 0.052199349 -0.006486385 0.998615623 100.465194702
0.998628736 -0.009431837 -0.051497426 -5.469761848 0.009888983 0.999913812 0.008629516 -5.333701611 0.051411610 -0.009126940 0.998635769 101.100555420
0.998683214 -0.009282495 -0.050456230 -5.517395496 0.009752276 0.999911189 0.009072426 -5.366309643 0.050367545 -0.009552542 0.998685002 101.770500183
0.998718500 -0.006863092 -0.050141800 -5.512084961 0.007248310 0.999945462 0.007504771 -5.409975052 0.050087571 -0.007858596 0.998713911 102.391990662
0.998771310 -0.005375789 -0.049262963 -5.545855522 0.005594309 0.999975026 0.004298971 -5.442896843 0.049238630 -0.004569280 0.998776555 103.036582947
0.998847008 -0.003819754 -0.047854695 -5.612392902 0.003847836 0.999992371 0.000494703 -5.475062847 0.047852442 -0.000678269 0.998854101 103.701583862
0.998878777 -0.001886942 -0.047303420 -5.647732258 0.001745526 0.999993861 -0.003030684 -5.511719704 0.047308855 0.002944716 0.998875916 104.346908569
0.998901248 -0.002994392 -0.046770152 -5.678975582 0.002733317 0.999980271 -0.005645046 -5.548254490 0.046786141 0.005511006 0.998889685 104.992515564
0.998916507 -0.006008130 -0.046149105 -5.714954376 0.005723390 0.999963760 -0.006299627 -5.580327511 0.046185277 0.006028673 0.998914719 105.612129211
0.998943448 -0.006746269 -0.045457695 -5.743645668 0.006577846 0.999970853 -0.003853609 -5.621830940 0.045482371 0.003550525 0.998958766 106.305595398
0.998943865 -0.007983606 -0.045249328 -5.760416508 0.008008806 0.999967813 0.000375681 -5.658825397 0.045244884 -0.000737677 0.998975635 106.901344299
0.998951137 -0.009021962 -0.044893216 -5.789895058 0.009231623 0.999947369 0.004465089 -5.692576408 0.044850573 -0.004874842 0.998981833 107.558227539
0.998976588 -0.010116297 -0.044084594 -5.827161789 0.010455565 0.999917388 0.007472073 -5.727945805 0.044005360 -0.007925355 0.998999834 108.243766785
0.998934090 -0.012618490 -0.044401553 -5.847316742 0.012986805 0.999883533 0.008016476 -5.763943195 0.044295218 -0.008584565 0.998981655 108.857391357
0.998941720 -0.013959351 -0.043824460 -5.884579182 0.014297811 0.999870241 0.007419124 -5.790495872 0.043715201 -0.008037868 0.999011695 109.503433228
0.998946846 -0.014541598 -0.043515891 -5.913927555 0.014857496 0.999865472 0.006944783 -5.823861122 0.043409038 -0.007584006 0.999028623 110.155250549
0.998950183 -0.015466044 -0.043119553 -5.938968658 0.015754404 0.999855638 0.006355651 -5.855854034 0.043015022 -0.007028302 0.999049664 110.818069458
0.998962343 -0.016277999 -0.042536952 -5.972365379 0.016546329 0.999845266 0.005963705 -5.890806198 0.042433295 -0.006661346 0.999077141 111.460075378
0.998966396 -0.016242508 -0.042454287 -5.999355793 0.016512619 0.999845505 0.006019387 -5.923015118 0.042349968 -0.006714197 0.999080241 112.127746582
0.998964727 -0.016479719 -0.042402491 -6.026636600 0.016737593 0.999843478 0.005733798 -5.957101822 0.042301372 -0.006437578 0.999084115 112.781089783
0.998960018 -0.016436983 -0.042528611 -6.043204308 0.016685762 0.999845624 0.005501434 -5.983233929 0.042431619 -0.006205336 0.999080002 113.419425964
0.998925984 -0.017952964 -0.042714432 -6.072027206 0.018191930 0.999820948 0.005212389 -6.017279625 0.042613205 -0.005983851 0.999073684 114.075317383
0.998882949 -0.019806817 -0.042901795 -6.100873947 0.020006303 0.999790907 0.004225313 -6.052605152 0.042809129 -0.005078899 0.999070466 114.736068726
0.998858750 -0.020804390 -0.042991851 -6.129623890 0.020980554 0.999773204 0.003650328 -6.090133190 0.042906150 -0.004548155 0.999068797 115.390876770
0.998860419 -0.021373749 -0.042674817 -6.161643982 0.021500008 0.999765635 0.002501936 -6.127676010 0.042611334 -0.003416595 0.999085784 116.041488647
0.998821855 -0.022987591 -0.042739123 -6.189996719 0.023040708 0.999734163 0.000750628 -6.166456699 0.042710502 -0.001734484 0.999085903 116.692977905
0.998778045 -0.025196454 -0.042514235 -6.219189644 0.025137780 0.999682128 -0.001914023 -6.202880859 0.042548951 0.000842970 0.999094009 117.338935852
0.998701274 -0.027656384 -0.042789072 -6.244202614 0.027460065 0.999609470 -0.005169054 -6.244276047 0.042915318 0.003987351 0.999070704 117.990768433
0.998569369 -0.032063399 -0.042793091 -6.269238949 0.031730447 0.999460816 -0.008437391 -6.287843704 0.043040548 0.007067476 0.999048293 118.643737793
0.998522401 -0.033278264 -0.042958431 -6.297057629 0.032872953 0.999408305 -0.010107346 -6.327797413 0.043269370 0.008680240 0.999025702 119.304809570
0.998510122 -0.033525210 -0.043053169 -6.324929714 0.033157703 0.999407530 -0.009222178 -6.367261410 0.043336835 0.007780893 0.999030113 119.961204529
0.998517871 -0.032807477 -0.043426044 -6.355800629 0.032610845 0.999454319 -0.005228938 -6.406720161 0.043573890 0.003805026 0.999042869 120.616737366
0.998500943 -0.032385170 -0.044126157 -6.384317398 0.032454584 0.999472857 0.000857386 -6.446259975 0.044075128 -0.002288197 0.999025583 121.274887085
0.998602986 -0.028038260 -0.044789668 -6.418920517 0.028377181 0.999573112 0.006948913 -6.481618404 0.044575706 -0.008210209 0.998972237 121.930831909
0.998700142 -0.024315918 -0.044797663 -6.458057404 0.024847526 0.999626756 0.011348404 -6.514739513 0.044505000 -0.012446762 0.998931587 122.596282959
0.998748481 -0.021949949 -0.044941675 -6.493137836 0.022531996 0.999668062 0.012485714 -6.546400070 0.044652704 -0.013482713 0.998911560 123.253890991
0.998752773 -0.021322373 -0.045147885 -6.523815155 0.021807004 0.999709308 0.010269037 -6.582783699 0.044915807 -0.011240766 0.998927534 123.907897949
0.998748720 -0.021690646 -0.045059919 -6.557279587 0.021971071 0.999742031 0.005737398 -6.616517067 0.044923849 -0.006720232 0.998967826 124.560050964
0.998767793 -0.020706134 -0.045102656 -6.590363979 0.020789197 0.999783039 0.001373312 -6.650099754 0.045064434 -0.002309267 0.998981357 125.214324951
0.998781145 -0.019453328 -0.045365416 -6.623247623 0.019420205 0.999810636 -0.001170746 -6.683547974 0.045379609 0.000288313 0.998969734 125.866569519
0.998769939 -0.019688956 -0.045508474 -6.657267094 0.019654499 0.999806106 -0.001204547 -6.718284130 0.045523368 0.000308619 0.998963237 126.524406433
0.998724699 -0.020631269 -0.046079580 -6.688210011 0.020643024 0.999786973 -0.000220734 -6.754171848 0.046074316 -0.000730770 0.998937726 127.185165405
0.998696208 -0.021161273 -0.046455484 -6.721639633 0.021212643 0.999774754 0.000613043 -6.794188976 0.046432052 -0.001597687 0.998920143 127.844070435
0.998639047 -0.022728078 -0.046943098 -6.750853539 0.022782160 0.999740243 0.000617396 -6.832298756 0.046916872 -0.001686021 0.998897374 128.503997803
0.998617947 -0.023676071 -0.046921276 -6.782750130 0.023733044 0.999718070 0.000657443 -6.870599270 0.046892479 -0.001770119 0.998898387 129.162109375
0.998605788 -0.023929844 -0.047049705 -6.813706875 0.023995161 0.999711752 0.000823973 -6.909257889 0.047016419 -0.001951789 0.998892128 129.817550659
0.998594522 -0.024501905 -0.046997052 -6.846941471 0.024582457 0.999697208 0.001136796 -6.946183681 0.046954960 -0.002290502 0.998894334 130.475280762
0.998572707 -0.024590101 -0.047411416 -6.879343987 0.024675280 0.999694884 0.001212226 -6.984419346 0.047367126 -0.002380386 0.998874724 131.132141113
0.998537838 -0.025296211 -0.047772147 -6.911209106 0.025367914 0.999677777 0.000895189 -7.021058559 0.047734108 -0.002105760 0.998857856 131.787948608
0.998461604 -0.027835958 -0.047953647 -6.942144394 0.027912561 0.999609888 0.000928453 -7.058786869 0.047909096 -0.002265534 0.998849154 132.444702148
0.998363137 -0.029771274 -0.048833910 -6.972824097 0.029896002 0.999551296 0.001825582 -7.094391823 0.048757643 -0.003282532 0.998805344 133.095825195
0.998292387 -0.030432105 -0.049861506 -7.007567883 0.030667759 0.999521732 0.003967921 -7.129334450 0.049716916 -0.005490287 0.998748243 133.758026123
0.998212278 -0.031279452 -0.050929986 -7.042029858 0.031600807 0.999485373 0.005516545 -7.165470123 0.050731223 -0.007116112 0.998687029 134.407226562
0.998142362 -0.032387413 -0.051603034 -7.077054501 0.032769397 0.999441385 0.006573550 -7.200608730 0.051361311 -0.008252339 0.998646021 135.056838989
0.998111784 -0.032126240 -0.052352928 -7.111621857 0.032489013 0.999453545 0.006092785 -7.236277103 0.052128587 -0.007782175 0.998610079 135.703536987
0.998067737 -0.032358788 -0.053045124 -7.146346569 0.032633264 0.999458134 0.004316402 -7.272035122 0.052876703 -0.006039097 0.998582840 136.343017578
0.998042643 -0.031958383 -0.053753316 -7.185610771 0.032166597 0.999478042 0.003012714 -7.309652805 0.053628974 -0.004735879 0.998549640 136.987518311
0.998013556 -0.031506978 -0.054554593 -7.222508907 0.031701077 0.999493837 0.002695835 -7.345633984 0.054442041 -0.004419919 0.998507082 137.624954224
0.998005748 -0.030815808 -0.055088885 -7.260011673 0.031052601 0.999511778 0.003447464 -7.380066872 0.054955747 -0.005151242 0.998475492 138.266342163
0.998013556 -0.029301798 -0.055769864 -7.299922466 0.029603463 0.999551177 0.004590581 -7.412949562 0.055610314 -0.006232444 0.998433053 138.903869629
0.998021007 -0.028043928 -0.056281935 -7.340149879 0.028421763 0.999578357 0.005923979 -7.452978611 0.056092087 -0.007511888 0.998397350 139.532119751
0.997981489 -0.027477648 -0.057252854 -7.377835274 0.027882610 0.999591351 0.006286282 -7.487031937 0.057056725 -0.007869952 0.998339951 140.159957886
0.997915268 -0.027301621 -0.058478739 -7.417290211 0.027721370 0.999595344 0.006378500 -7.523060799 0.058280922 -0.007986313 0.998268247 140.784744263
0.997843921 -0.026042182 -0.060243487 -7.459368706 0.026493613 0.999626458 0.006706757 -7.554862022 0.060046311 -0.008288364 0.998161197 141.409774780
0.997753322 -0.025156803 -0.062093202 -7.503948689 0.025685174 0.999640167 0.007725672 -7.588047981 0.061876524 -0.009303188 0.998040438 142.030899048
0.997600794 -0.024413213 -0.064783722 -7.548797131 0.025038738 0.999647141 0.008861141 -7.619645119 0.064544551 -0.010461981 0.997860014 142.648788452
0.997428715 -0.024217788 -0.067448840 -7.595967293 0.024950732 0.999638200 0.010045488 -7.651931763 0.067181140 -0.011702557 0.997672141 143.264419556
0.997227013 -0.024222568 -0.070367254 -7.643010616 0.025076017 0.999621928 0.011270420 -7.680895805 0.070067637 -0.013003698 0.997457445 143.877105713
0.997010291 -0.024628811 -0.073239222 -7.693989754 0.025597241 0.999596477 0.012313589 -7.711987972 0.072906390 -0.014151498 0.997238338 144.486007690
0.996819556 -0.023420326 -0.076172948 -7.746488571 0.024494469 0.999612868 0.013197654 -7.740932941 0.075834371 -0.015021496 0.997007251 145.093917847
0.996611297 -0.022461684 -0.079129003 -7.798419952 0.023627177 0.999625325 0.013823606 -7.769258499 0.078788847 -0.015646355 0.996768534 145.692352295
0.996397257 -0.022002447 -0.081904955 -7.853383541 0.023223370 0.999632478 0.013983822 -7.799431801 0.081567183 -0.015835555 0.996541977 146.279464722
0.996145964 -0.021618677 -0.085005686 -7.908129215 0.022881450 0.999641359 0.013908953 -7.829437733 0.084674492 -0.015800398 0.996283352 146.863403320
0.995879889 -0.022474781 -0.087852992 -7.964556217 0.023718985 0.999632180 0.013144030 -7.858140945 0.087525263 -0.015173658 0.996046722 147.444732666
0.995581329 -0.023820145 -0.090831682 -8.017789841 0.024944777 0.999625385 0.011266311 -7.889501572 0.090529270 -0.013482304 0.995802522 148.016616821
0.995297134 -0.025338409 -0.093495682 -8.075434685 0.026321420 0.999610245 0.009295649 -7.921688080 0.093223691 -0.011712872 0.995576322 148.591217041
0.995030522 -0.026462246 -0.095990062 -8.133462906 0.027333677 0.999595940 0.007774589 -7.953579903 0.095745549 -0.010359712 0.995351911 149.151672363
0.994761586 -0.027632689 -0.098416619 -8.190267563 0.028437100 0.999572515 0.006779983 -7.984669685 0.098187193 -0.009543149 0.995122194 149.704864502
0.994479299 -0.028450733 -0.101002961 -8.249539375 0.029258659 0.999550521 0.006526401 -8.014063835 0.100771867 -0.009445582 0.994864762 150.257141113
0.994203568 -0.028408794 -0.103693061 -8.311151505 0.029274093 0.999548018 0.006832254 -8.045084000 0.103452086 -0.009828171 0.994585872 150.818405151
0.993955970 -0.027775778 -0.106207676 -8.372378349 0.028669080 0.999565184 0.006893139 -8.076554298 0.105970018 -0.009896352 0.994320035 151.360061646
0.993721426 -0.027360752 -0.108485848 -8.437625885 0.028223362 0.999581099 0.006423639 -8.108245850 0.108264625 -0.009445140 0.994077325 151.908325195
0.993466794 -0.026721301 -0.110949427 -8.501960754 0.027571142 0.999601007 0.006132288 -8.139421463 0.110741287 -0.009151227 0.993807137 152.442657471
0.993207335 -0.026199996 -0.113369897 -8.567762375 0.027052442 0.999616086 0.005987053 -8.168381691 0.113169514 -0.009013318 0.993534803 152.975509644
0.993000090 -0.025610471 -0.115303159 -8.632789612 0.026467333 0.999632180 0.005906289 -8.196498871 0.115109488 -0.008916712 0.993312776 153.499404907
0.992818356 -0.025593854 -0.116861425 -8.696798325 0.026463589 0.999632418 0.005896690 -8.226085663 0.116667546 -0.008946916 0.993130803 154.026794434
0.992730498 -0.024158983 -0.117909007 -8.765045166 0.024983222 0.999672651 0.005517264 -8.256037712 0.117737114 -0.008422906 0.993009090 154.549789429
0.992684126 -0.021194477 -0.118865862 -8.830445290 0.021874646 0.999750912 0.004420233 -8.288486481 0.118742563 -0.006988043 0.992900550 155.057495117
0.992636859 -0.019420026 -0.119561836 -8.900260925 0.019993393 0.999793768 0.003597831 -8.319683075 0.119467288 -0.005961786 0.992820263 155.561172485
