1.000000000 0.000000000 -0.000000000 -0.000000000 0.000000000 1.000000000 -0.000000000 0.000000000 0.000000000 -0.000000000 1.000000000 0.000000000
0.999996197 -0.000137834 0.002754385 0.002612488 0.000137834 0.999999991 0.000000190 -0.013167812 -0.002754385 0.000000190 0.999996207 0.263136745
0.999984788 -0.000275669 0.005508793 0.005225916 0.000275669 0.999999962 0.000000759 -0.026335573 -0.005508793 0.000000759 0.999984826 0.526272456
0.999965774 -0.000413503 0.008263160 0.007840227 0.000413503 0.999999915 0.000001708 -0.039503071 -0.008263160 0.000001708 0.999965860 0.789402920
0.999942720 -0.000534933 0.010689737 0.012514590 0.000534933 0.999999857 0.000002859 -0.053358866 -0.010689737 0.000002859 0.999942863 1.066287848
0.999917159 -0.000643306 0.012855393 0.018847866 0.000643306 0.999999793 0.000004135 -0.067780857 -0.012855393 0.000004135 0.999917366 1.354487263
0.999886896 -0.000751678 0.015021024 0.025181766 0.000751678 0.999999717 0.000005646 -0.082202916 -0.015021024 0.000005646 0.999887178 1.642688040
0.999851930 -0.000860044 0.017186549 0.031516079 0.000860044 0.999999630 0.000007391 -0.096624582 -0.017186549 0.000007391 0.999852300 1.930880958
0.999828317 -0.000926080 0.018506170 0.038442375 0.000926080 0.999999571 0.000008570 -0.111905967 -0.018506170 0.000008570 0.999828746 2.236253931
0.999817540 -0.000954703 0.019078152 0.045891376 0.000954703 0.999999544 0.000009108 -0.127946845 -0.019078152 0.000009108 0.999817995 2.556804092
0.999806434 -0.000983326 0.019650136 0.053340532 0.000983326 0.999999516 0.000009662 -0.143987968 -0.019650136 0.000009662 0.999806917 2.877359155
0.999795000 -0.001011949 0.020222106 0.060789603 0.001011949 0.999999488 0.000010233 -0.160028823 -0.020222106 0.000010233 0.999795512 3.197908863
0.999787014 -0.001031470 0.020612207 0.066245245 0.001031470 0.999999468 0.000010632 -0.177013131 -0.020612207 0.000010632 0.999787546 3.537311903
0.999782536 -0.001042256 0.020827752 0.069787562 0.001042256 0.999999457 0.000010855 -0.194903289 -0.020827752 0.000010855 0.999783079 3.894816853
0.999778011 -0.001053042 0.021043292 0.073329826 0.001053042 0.999999445 0.000011081 -0.212793160 -0.021043292 0.000011081 0.999778565 4.252316051
0.999773440 -0.001063828 0.021258832 0.076872096 0.001063828 0.999999434 0.000011309 -0.230683029 -0.021258832 0.000011309 0.999774005 4.609815217
0.999777736 -0.001053693 0.021056293 0.080118811 0.001053693 0.999999445 0.000011095 -0.249250442 -0.021056293 0.000011095 0.999778292 4.980853975
0.999791028 -0.001021704 0.020417052 0.083056726 0.001021704 0.999999478 0.000010431 -0.268524969 -0.020417052 0.000010431 0.999791550 5.366023218
0.999803910 -0.000989714 0.019777791 0.085994731 0.000989714 0.999999510 0.000009788 -0.287799790 -0.019777791 0.000009788 0.999804400 5.751198340
0.999816383 -0.000957724 0.019138523 0.088932779 0.000957724 0.999999541 0.000009166 -0.307074597 -0.019138523 0.000009166 0.999816842 6.136373179
0.999832468 -0.000914817 0.018281097 0.091856680 0.000914817 0.999999582 0.000008363 -0.327206860 -0.018281097 0.000008363 0.999832887 6.538682846
0.999851878 -0.000860196 0.017189574 0.094765657 0.000860196 0.999999630 0.000007394 -0.348260284 -0.017189574 0.000007394 0.999852248 6.959400371
0.999870084 -0.000805602 0.016098607 0.097673228 0.000805602 0.999999675 0.000006485 -0.369302551 -0.016098607 0.000006485 0.999870409 7.379894946
0.999887106 -0.000750979 0.015007061 0.100582418 0.000750979 0.999999718 0.000005635 -0.390355555 -0.015007061 0.000005635 0.999887388 7.800604088
0.999903268 -0.000695151 0.013891442 0.102936447 0.000695151 0.999999758 0.000004829 -0.412308328 -0.013891442 0.000004829 0.999903509 8.239293602
0.999918526 -0.000637977 0.012748901 0.104669543 0.000637977 0.999999796 0.000004067 -0.435267413 -0.012748901 0.000004067 0.999918729 8.698092584
0.999932475 -0.000580805 0.011606417 0.106402673 0.000580805 0.999999831 0.000003371 -0.458224983 -0.011606417 0.000003371 0.999932643 9.156861302
0.999945115 -0.000523630 0.010463881 0.108136006 0.000523630 0.999999863 0.000002740 -0.481183243 -0.010463881 0.000002740 0.999945252 9.615643796
0.999960023 -0.000446896 0.008930462 0.108730273 0.000446896 0.999999900 0.000001996 -0.503076521 -0.008930462 0.000001996 0.999960123 10.053144405
0.999975905 -0.000346951 0.006933231 0.107973087 0.000346951 0.999999940 0.000001203 -0.523705594 -0.006933231 0.000001203 0.999975965 10.465382008
0.999987787 -0.000247008 0.004936036 0.107216386 0.000247008 0.999999969 0.000000610 -0.544333870 -0.004936036 0.000000610 0.999987818 10.877603660
0.999995671 -0.000147059 0.002938725 0.106460115 0.000147059 0.999999989 0.000000216 -0.564962998 -0.002938725 0.000000216 0.999995682 11.289842340
0.999999422 -0.000053721 0.001073525 0.102462061 0.000053721 0.999999999 0.000000029 -0.587320495 -0.001073525 0.000000029 0.999999424 11.736619595
0.999999797 0.000031874 -0.000636954 0.094664017 -0.000031874 0.999999999 0.000000010 -0.611705337 0.000636954 0.000000010 0.999999797 12.223909959
0.999997238 0.000117465 -0.002347350 0.086866700 -0.000117465 0.999999993 0.000000138 -0.636088908 0.002347350 0.000000138 0.999997245 12.711174914
0.999991747 0.000203059 -0.004057793 0.079069491 -0.000203059 0.999999979 0.000000412 -0.660473158 0.004057793 0.000000412 0.999991767 13.198453441
0.999983123 0.000290371 -0.005802572 0.069770249 -0.000290371 0.999999958 0.000000842 -0.685023544 0.005802572 0.000000842 0.999983165 13.689051914
0.999971145 0.000379677 -0.007587213 0.058731663 -0.000379677 0.999999928 0.000001440 -0.709767944 0.007587213 0.000001440 0.999971217 14.183527442
0.999955972 0.000468988 -0.009371944 0.047692769 -0.000468988 0.999999890 0.000002198 -0.734513818 0.009371944 0.000002198 0.999956082 14.678032417
0.999937610 0.000558283 -0.011156360 0.036656046 -0.000558283 0.999999844 0.000003114 -0.759255623 0.011156360 0.000003114 0.999937766 15.172456084
0.999921860 0.000624789 -0.012485363 0.024912484 -0.000624789 0.999999805 0.000003901 -0.784365290 0.012485363 0.000003901 0.999922055 15.674230862
0.999911466 0.000665044 -0.013289794 0.012340479 -0.000665044 0.999999779 0.000004419 -0.809925198 0.013289794 0.000004419 0.999911687 16.185002962
0.999900423 0.000705297 -0.014094178 -0.000230839 -0.000705297 0.999999751 0.000004971 -0.835483858 0.014094178 0.000004971 0.999900672 16.695750102
0.999888732 0.000745551 -0.014898592 -0.012802677 -0.000745551 0.999999722 0.000005554 -0.861043722 0.014898592 0.000005554 0.999889010 17.206521310
0.999880400 0.000772960 -0.015446310 -0.024744071 -0.000772960 0.999999701 0.000005970 -0.887209107 0.015446310 0.000005970 0.999880699 17.729392847
0.999876276 0.000786172 -0.015710339 -0.035989505 -0.000786172 0.999999691 0.000006176 -0.914045616 0.015710339 0.000006176 0.999876585 18.265675693
0.999872082 0.000799385 -0.015974367 -0.047234930 -0.000799385 0.999999680 0.000006385 -0.940882124 0.015974367 0.000006385 0.999872402 18.801958491
0.999867818 0.000812597 -0.016238398 -0.058480525 -0.000812597 0.999999670 0.000006598 -0.967719058 0.016238398 0.000006598 0.999868149 19.338249822
0.999860422 0.000835020 -0.016686475 -0.070811650 -0.000835020 0.999999651 0.000006967 -0.994897130 0.016686475 0.000006967 0.999860771 19.881358209
0.999849495 0.000867087 -0.017327294 -0.084279909 -0.000867087 0.999999624 0.000007513 -1.022433321 0.017327294 0.000007513 0.999849871 20.431623021
0.999838156 0.000899154 -0.017968096 -0.097747898 -0.000899154 0.999999596 0.000008079 -1.049969057 0.017968096 0.000008079 0.999838561 20.981878745
0.999826406 0.000931221 -0.018608891 -0.111215833 -0.000931221 0.999999566 0.000008665 -1.077504780 0.018608891 0.000008665 0.999826840 21.532134188
0.999812925 0.000966701 -0.019317902 -0.126642905 -0.000966701 0.999999533 0.000009338 -1.105549538 0.019317902 0.000009338 0.999813392 22.092561864
0.999797562 0.001005605 -0.020095344 -0.144035509 -0.001005605 0.999999494 0.000010105 -1.134104223 0.020095344 0.000010105 0.999798068 22.663179578
0.999781594 0.001044510 -0.020872786 -0.161428310 -0.001044510 0.999999454 0.000010902 -1.162659345 0.020872786 0.000010902 0.999782140 23.233806006
0.999765020 0.001083414 -0.021650216 -0.178821030 -0.001083414 0.999999413 0.000011729 -1.191214445 0.021650216 0.000011729 0.999765607 23.804432017
0.999743364 0.001132230 -0.022625724 -0.197203209 -0.001132230 0.999999359 0.000012810 -1.220036805 0.022625724 0.000012810 0.999744005 24.380398754
0.999716028 0.001190998 -0.023800109 -0.216571904 -0.001190998 0.999999291 0.000014175 -1.249113417 0.023800109 0.000014175 0.999716737 24.961446322
0.999687293 0.001249796 -0.024975080 -0.235950641 -0.001249796 0.999999219 0.000015609 -1.278205343 0.024975080 0.000015609 0.999688074 25.542799880
0.999657172 0.001308593 -0.026150055 -0.255329809 -0.001308593 0.999999144 0.000017113 -1.307298151 0.026150055 0.000017113 0.999658029 26.124171090
0.999625121 0.001368386 -0.027344916 -0.276154442 -0.001368386 0.999999064 0.000018713 -1.336735982 0.027344916 0.000018713 0.999626058 26.712436986
0.999591044 0.001429217 -0.028560506 -0.298486904 -0.001429217 0.999998978 0.000020414 -1.366533345 0.028560506 0.000020414 0.999592065 27.307887549
0.999555483 0.001490047 -0.029776092 -0.320819873 -0.001490047 0.999998890 0.000022189 -1.396331611 0.029776092 0.000022189 0.999556594 27.903356149
0.999518442 0.001550872 -0.030991595 -0.343151919 -0.001550872 0.999998797 0.000024038 -1.426128873 0.030991595 0.000024038 0.999519645 28.498804679
0.999481102 0.001609862 -0.032170397 -0.366705325 -0.001609862 0.999998704 0.000025902 -1.455944161 0.032170397 0.000025902 0.999482398 29.094613435
0.999443635 0.001666954 -0.033311297 -0.391518126 -0.001666954 0.999998610 0.000027772 -1.485777069 0.033311297 0.000027772 0.999445024 29.690774310
0.999404863 0.001724043 -0.034452118 -0.416329947 -0.001724043 0.999998513 0.000029707 -1.515608979 0.034452118 0.000029707 0.999406349 30.286915215
0.999364784 0.001781131 -0.035592929 -0.441142374 -0.001781131 0.999998413 0.000031708 -1.545441798 0.035592929 0.000031708 0.999366370 30.883074301
0.999323416 0.001838194 -0.036733233 -0.467936636 -0.001838194 0.999998310 0.000033773 -1.575461292 0.036733233 0.000033773 0.999325106 31.482963769
0.999280764 0.001895229 -0.037872991 -0.496791447 -0.001895229 0.999998203 0.000035902 -1.605674436 0.037872991 0.000035902 0.999282560 32.086723017
0.999236807 0.001952263 -0.039012718 -0.525646529 -0.001952263 0.999998094 0.000038096 -1.635888019 0.039012718 0.000038096 0.999238713 32.690491032
0.999191548 0.002009293 -0.040152375 -0.554500958 -0.002009293 0.999997981 0.000040355 -1.666101074 0.040152375 0.000040355 0.999193567 33.294248496
0.999149834 0.002060457 -0.041174793 -0.584883752 -0.002060457 0.999997876 0.000042437 -1.696595687 0.041174793 0.000042437 0.999151958 33.903632426
0.999112171 0.002105583 -0.042076558 -0.616839676 -0.002105583 0.999997782 0.000044318 -1.727380108 0.042076558 0.000044318 0.999114388 34.518807683
0.999073691 0.002150708 -0.042978303 -0.648795991 -0.002150708 0.999997686 0.000046238 -1.758164993 0.042978303 0.000046238 0.999076005 35.133992225
0.999034417 0.002195806 -0.043879522 -0.680734800 -0.002195806 0.999997588 0.000048199 -1.788933105 0.043879522 0.000048199 0.999036829 35.748841570
0.999004637 0.002229394 -0.044550711 -0.713976053 -0.002229394 0.999997514 0.000049685 -1.820080229 0.044550711 0.000049685 0.999007123 36.371264846
0.998984942 0.002251331 -0.044989088 -0.748515332 -0.002251331 0.999997464 0.000050668 -1.851593270 0.044989088 0.000050668 0.998987477 37.001000373
0.998965053 0.002273268 -0.045427462 -0.783055134 -0.002273268 0.999997415 0.000051661 -1.883106809 0.045427462 0.000051661 0.998967639 37.630745844
0.998944974 0.002295203 -0.045865800 -0.817592697 -0.002295203 0.999997365 0.000052663 -1.914618325 0.045865800 0.000052663 0.998947609 38.260450883
0.998921666 0.002320404 -0.046369391 -0.852568253 -0.002320404 0.999997306 0.000053827 -1.946115285 0.046369391 0.000053827 0.998924360 38.889865043
0.998894988 0.002348916 -0.046939159 -0.887984440 -0.002348916 0.999997240 0.000055159 -1.977593909 0.046939159 0.000055159 0.998897749 39.518912778
0.998867984 0.002377428 -0.047508920 -0.923401143 -0.002377428 0.999997172 0.000056506 -2.009073024 0.047508920 0.000056506 0.998870812 40.147970355
0.998840654 0.002405939 -0.048078675 -0.958818363 -0.002405939 0.999997104 0.000057871 -2.040552633 0.048078675 0.000057871 0.998843550 40.777037775
0.998813913 0.002433512 -0.048629673 -0.993814542 -0.002433512 0.999997037 0.000059206 -2.071827595 0.048629673 0.000059206 0.998816876 41.402015693
0.998787870 0.002460067 -0.049160330 -1.028354413 -0.002460067 0.999996972 0.000060506 -2.102881017 0.049160330 0.000060506 0.998790898 42.022566481
0.998761542 0.002486624 -0.049691032 -1.062898109 -0.002486624 0.999996906 0.000061820 -2.133937907 0.049691032 0.000061820 0.998764636 42.643186575
0.998734937 0.002513175 -0.050221609 -1.097434578 -0.002513175 0.999996840 0.000063148 -2.164988328 0.050221609 0.000063148 0.998738097 43.263677408
0.998707683 0.002540085 -0.050759356 -1.133118061 -0.002540085 0.999996772 0.000064508 -2.196388478 0.050759356 0.000064508 0.998710911 43.891156980
0.998679679 0.002567441 -0.051306015 -1.170235046 -0.002567441 0.999996702 0.000065906 -2.228222495 0.051306015 0.000065906 0.998682977 44.527306664
0.998651375 0.002594796 -0.051852659 -1.207351984 -0.002594796 0.999996631 0.000067319 -2.260056502 0.051852659 0.000067319 0.998654744 45.163456143
0.998622771 0.002622150 -0.052399296 -1.244469469 -0.002622150 0.999996560 0.000068747 -2.291891007 0.052399296 0.000068747 0.998626211 45.799615595
0.998588243 0.002654793 -0.053051608 -1.281270794 -0.002654793 0.999996474 0.000070470 -2.322896472 0.053051608 0.000070470 0.998591769 46.419208040
0.998544863 0.002695243 -0.053859923 -1.317606889 -0.002695243 0.999996365 0.000072636 -2.352679452 0.053859923 0.000072636 0.998548498 47.014371182
0.998500851 0.002735670 -0.054667789 -1.353924278 -0.002735670 0.999996255 0.000074833 -2.382447162 0.054667789 0.000074833 0.998504596 47.609229171
0.998456160 0.002776115 -0.055476020 -1.390259584 -0.002776115 0.999996144 0.000077063 -2.412229621 0.055476020 0.000077063 0.998460017 48.204381895
0.998422433 0.002806252 -0.056078260 -1.428432579 -0.002806252 0.999996059 0.000078747 -2.442004070 0.056078260 0.000078747 0.998426373 48.799374553
0.998407522 0.002819472 -0.056342436 -1.469622048 -0.002819472 0.999996022 0.000079491 -2.471765400 0.056342436 0.000079491 0.998411500 49.394105045
0.998392542 0.002832692 -0.056606612 -1.510812166 -0.002832692 0.999995985 0.000080239 -2.501527204 0.056606612 0.000080239 0.998396557 49.988845004
0.998377491 0.002845911 -0.056870780 -1.552001614 -0.002845911 0.999995947 0.000080990 -2.531288529 0.056870780 0.000080990 0.998381544 50.583575400
0.998362840 0.002858721 -0.057126771 -1.591887722 -0.002858721 0.999995911 0.000081722 -2.560954230 0.057126771 0.000081722 0.998366929 51.176394916
0.998348951 0.002870812 -0.057368380 -1.629481357 -0.002870812 0.999995876 0.000082415 -2.590452166 0.057368380 0.000082415 0.998353075 51.765861917
0.998335003 0.002882902 -0.057609982 -1.667074381 -0.002882902 0.999995841 0.000083111 -2.619949628 0.057609982 0.000083111 0.998339162 52.355319447
0.998320997 0.002894992 -0.057851585 -1.704667997 -0.002894992 0.999995806 0.000083810 -2.649447559 0.057851585 0.000083810 0.998325191 52.944786368
0.998312103 0.002902644 -0.058004486 -1.741905112 -0.002902644 0.999995784 0.000084254 -2.678875427 0.058004486 0.000084254 0.998316319 53.532853179
0.998312248 0.002902518 -0.058001986 -1.778516471 -0.002902518 0.999995784 0.000084247 -2.708179607 0.058001986 0.000084247 0.998316464 54.118448281
0.998312394 0.002902393 -0.057999485 -1.815129002 -0.002902393 0.999995784 0.000084240 -2.737484724 0.057999485 0.000084240 0.998316609 54.704062121
0.998312540 0.002902268 -0.057996985 -1.851740947 -0.002902268 0.999995785 0.000084232 -2.766789372 0.057996985 0.000084232 0.998316755 55.289666592
0.998306378 0.002907557 -0.058102682 -1.888344280 -0.002907557 0.999995769 0.000084540 -2.796211682 0.058102682 0.000084540 0.998310609 55.877622340
0.998289691 0.002921834 -0.058387976 -1.924931751 -0.002921834 0.999995728 0.000085373 -2.825828053 0.058387976 0.000085373 0.998293963 56.469456081
0.998272922 0.002936111 -0.058673270 -1.961519794 -0.002936111 0.999995686 0.000086210 -2.855444896 0.058673270 0.000086210 0.998277236 57.061299236
0.998256080 0.002950379 -0.058958404 -1.998087922 -0.002950379 0.999995644 0.000087051 -2.885045625 0.058958404 0.000087051 0.998260436 57.652820392
0.998238127 0.002965514 -0.059260844 -2.035019766 -0.002965514 0.999995599 0.000087947 -2.914466326 0.059260844 0.000087947 0.998242528 58.240743988
0.998218462 0.002982003 -0.059590349 -2.072493632 -0.002982003 0.999995550 0.000088929 -2.943577011 0.059590349 0.000088929 0.998222912 58.822472424
0.998198688 0.002998492 -0.059919853 -2.109968079 -0.002998492 0.999995500 0.000089916 -2.972688158 0.059919853 0.000089916 0.998203187 59.404210093
0.998178805 0.003014980 -0.060249344 -2.147441910 -0.003014980 0.999995451 0.000090908 -3.001798835 0.060249344 0.000090908 0.998183354 59.985938380
0.998158587 0.003031654 -0.060582546 -2.184871097 -0.003031654 0.999995400 0.000091917 -3.030967937 0.060582546 0.000091917 0.998163186 60.568834191
0.998137934 0.003048592 -0.060921028 -2.222235159 -0.003048592 0.999995349 0.000092948 -3.060219246 0.060921028 0.000092948 0.998142585 61.153372755
0.998117165 0.003065530 -0.061259508 -2.259599799 -0.003065530 0.999995297 0.000093985 -3.089471018 0.061259508 0.000093985 0.998121868 61.737920593
0.998096282 0.003082468 -0.061597976 -2.296963823 -0.003082468 0.999995245 0.000095027 -3.118722319 0.061597976 0.000095027 0.998101037 62.322459001
0.998080806 0.003094959 -0.061847597 -2.334357804 -0.003094959 0.999995206 0.000095800 -3.147961060 0.061847597 0.000095800 0.998085600 62.906746432
0.998072341 0.003101771 -0.061983721 -2.371790671 -0.003101771 0.999995185 0.000096222 -3.177184227 0.061983721 0.000096222 0.998077156 63.490722638
0.998063857 0.003108583 -0.062119841 -2.409222936 -0.003108583 0.999995164 0.000096646 -3.206406926 0.062119841 0.000096646 0.998068693 64.074689489
0.998055354 0.003115395 -0.062255962 -2.446655796 -0.003115395 0.999995142 0.000097070 -3.235630091 0.062255962 0.000097070 0.998060212 64.658665669
0.998040219 0.003127482 -0.062497513 -2.485067352 -0.003127482 0.999995105 0.000097826 -3.265193343 0.062497513 0.000097826 0.998045115 65.249437907
0.998017526 0.003145520 -0.062857962 -2.524583303 -0.003145520 0.999995048 0.000098959 -3.295140656 0.062857962 0.000098959 0.998022478 65.847884960
0.997994702 0.003163557 -0.063218403 -2.564099234 -0.003163557 0.999994991 0.000100098 -3.325087965 0.063218403 0.000100098 0.997999711 66.446331924
0.997971747 0.003181594 -0.063578841 -2.603615775 -0.003181594 0.999994934 0.000101244 -3.355035748 0.063578841 0.000101244 0.997976814 67.044788374
0.997968239 0.003184341 -0.063633746 -2.645480873 -0.003184341 0.999994925 0.000101419 -3.385764373 0.063633746 0.000101419 0.997973314 67.658848643
0.997983667 0.003172241 -0.063391936 -2.689601750 -0.003172241 0.999994963 0.000100649 -3.417233049 0.063391936 0.000100649 0.997988703 68.287697605
0.997999044 0.003160133 -0.063149992 -2.733746631 -0.003160133 0.999995002 0.000099881 -3.448718851 0.063149992 0.000099881 0.998004042 68.916888791
0.998014363 0.003148026 -0.062908039 -2.777892209 -0.003148026 0.999995040 0.000099116 -3.480205155 0.062908039 0.000099116 0.998019323 69.546090003
0.998009867 0.003151584 -0.062979146 -2.820888352 -0.003151584 0.999995029 0.000099341 -3.511460577 0.062979146 0.000099341 0.998014838 70.170677435
0.997987534 0.003169200 -0.063331174 -2.862853657 -0.003169200 0.999994973 0.000100456 -3.542509264 0.063331174 0.000100456 0.997992561 70.791133617
0.997965077 0.003186816 -0.063683194 -2.904818941 -0.003186816 0.999994917 0.000101577 -3.573557947 0.063683194 0.000101577 0.997970160 71.411589714
0.997942495 0.003204431 -0.064035212 -2.946784876 -0.003204431 0.999994861 0.000102704 -3.604607123 0.064035212 0.000102704 0.997947634 72.032055653
0.997910814 0.003228982 -0.064525821 -2.987917393 -0.003228982 0.999994781 0.000104285 -3.634866983 0.064525821 0.000104285 0.997916032 72.636748442
0.997870916 0.003259636 -0.065138383 -3.028315734 -0.003259636 0.999994682 0.000106277 -3.664431685 0.065138383 0.000106277 0.997876235 73.227549652
0.997830642 0.003290288 -0.065750919 -3.068714014 -0.003290288 0.999994581 0.000108287 -3.693996374 0.065750919 0.000108287 0.997836061 73.818350606
0.997789990 0.003320940 -0.066363441 -3.109112877 -0.003320940 0.999994480 0.000110316 -3.723561523 0.066363441 0.000110316 0.997795511 74.409160755
0.997733717 0.003362907 -0.067202089 -3.151915145 -0.003362907 0.999994339 0.000113125 -3.753189353 0.067202089 0.000113125 0.997739378 75.001223469
0.997662705 0.003415127 -0.068245608 -3.196894679 -0.003415127 0.999994162 0.000116670 -3.782873492 0.068245608 0.000116670 0.997668544 75.594411432
0.997590600 0.003467343 -0.069289052 -3.241874030 -0.003467343 0.999993982 0.000120269 -3.812557593 0.069289052 0.000120269 0.997596618 76.187598650
0.997517399 0.003519555 -0.070332437 -3.286853917 -0.003519555 0.999993799 0.000123923 -3.842242133 0.070332437 0.000123923 0.997523600 76.780794614
0.997432520 0.003579140 -0.071523128 -3.332472830 -0.003579140 0.999993587 0.000128160 -3.871836437 0.071523128 0.000128160 0.997438933 77.372187384
0.997336144 0.003645608 -0.072851392 -3.378687338 -0.003645608 0.999993346 0.000132971 -3.901345452 0.072851392 0.000132971 0.997342798 77.961875784
0.997237992 0.003712072 -0.074179568 -3.424903023 -0.003712072 0.999993101 0.000137870 -3.930855351 0.074179568 0.000137870 0.997244891 78.551581846
0.997138119 0.003778495 -0.075506912 -3.471094003 -0.003778495 0.999992851 0.000142856 -3.960349609 0.075506912 0.000142856 0.997145268 79.140975359
0.997057163 0.003831487 -0.076565876 -3.518912993 -0.003831487 0.999992649 0.000146897 -3.989751676 0.076565876 0.000146897 0.997064514 79.728526568
0.996994366 0.003872090 -0.077377264 -3.568209521 -0.003872090 0.999992492 0.000150031 -4.019055477 0.077377264 0.000150031 0.997001874 80.314114107
0.996930907 0.003912691 -0.078188600 -3.617505933 -0.003912691 0.999992334 0.000153199 -4.048359255 0.078188600 0.000153199 0.996938573 80.899701196
0.996866783 0.003953291 -0.078999924 -3.666804597 -0.003953291 0.999992173 0.000156400 -4.077664417 0.078999924 0.000156400 0.996874610 81.485315941
0.996835822 0.003972745 -0.079388668 -3.715080813 -0.003972745 0.999992096 0.000157945 -4.106764065 0.079388668 0.000157945 0.996843726 82.066823825
0.996836552 0.003972287 -0.079379534 -3.762394920 -0.003972287 0.999992098 0.000157909 -4.135670564 0.079379534 0.000157909 0.996844454 82.644471950
0.996837281 0.003971830 -0.079370399 -3.809711298 -0.003971830 0.999992100 0.000157873 -4.164578451 0.079370399 0.000157873 0.996845181 83.222147802
0.996838010 0.003971373 -0.079361265 -3.857028433 -0.003971373 0.999992102 0.000157836 -4.193486800 0.079361265 0.000157836 0.996845908 83.799832896
0.996865166 0.003954310 -0.079020277 -3.903406469 -0.003954310 0.999992169 0.000156481 -4.222688028 0.079020277 0.000156481 0.996872997 84.383370702
0.996920330 0.003919417 -0.078323013 -3.948777875 -0.003919417 0.999992307 0.000153727 -4.252204614 0.078323013 0.000153727 0.996928023 84.973210394
0.996975003 0.003884524 -0.077625732 -3.994147745 -0.003884524 0.999992444 0.000150998 -4.281720239 0.077625732 0.000150998 0.996982559 85.563030880
0.997029189 0.003849628 -0.076928391 -4.039518981 -0.003849628 0.999992579 0.000148293 -4.311236792 0.076928391 0.000148293 0.997036610 86.152869907
0.997108719 0.003797826 -0.075893212 -4.084724987 -0.003797826 0.999992778 0.000144323 -4.340844087 0.075893212 0.000144323 0.997115941 86.744522280
0.997219465 0.003724484 -0.074427589 -4.129719594 -0.003724484 0.999993054 0.000138795 -4.370566473 0.074427589 0.000138795 0.997226411 87.338474532
0.997328052 0.003651133 -0.072961805 -4.174713831 -0.003651133 0.999993326 0.000133375 -4.400288784 0.072961805 0.000133375 0.997334727 87.932425315
0.997434481 0.003577774 -0.071495840 -4.219708419 -0.003577774 0.999993592 0.000128062 -4.430011498 0.071495840 0.000128062 0.997440890 88.526384132
0.997540449 0.003503199 -0.070005575 -4.263101784 -0.003503199 0.999993856 0.000122773 -4.459898013 0.070005575 0.000122773 0.997546593 89.123616236
0.997646570 0.003426881 -0.068480497 -4.304127653 -0.003426881 0.999994121 0.000117475 -4.490009993 0.068480497 0.000117475 0.997652448 89.725353888
0.997750409 0.003350514 -0.066954428 -4.345175458 -0.003350514 0.999994381 0.000112292 -4.520138282 0.066954428 0.000112292 0.997756028 90.327417444
0.997851902 0.003274144 -0.065428300 -4.386220246 -0.003274144 0.999994634 0.000107226 -4.550264563 0.065428300 0.000107226 0.997857267 90.929440878
0.997938912 0.003207217 -0.064090880 -4.426733415 -0.003207217 0.999994852 0.000102883 -4.580949911 0.064090880 0.000102883 0.997944061 91.542636318
0.998004810 0.003155581 -0.063059024 -4.466383360 -0.003155581 0.999995016 0.000099593 -4.612537115 0.063059024 0.000099593 0.998009794 92.173853864
0.998069632 0.003103948 -0.062027217 -4.506028691 -0.003103948 0.999995178 0.000096358 -4.644120745 0.062027217 0.000096358 0.998074454 92.804999990
0.998133389 0.003052307 -0.060995260 -4.545677018 -0.003052307 0.999995337 0.000093175 -4.675706866 0.060995260 0.000093175 0.998138051 93.436195880
0.998200785 0.002996747 -0.059884990 -4.584415681 -0.002996747 0.999995506 0.000089811 -4.707459168 0.059884990 0.000089811 0.998205279 94.070712634
0.998274508 0.002934763 -0.058646337 -4.621665063 -0.002934763 0.999995690 0.000086131 -4.739485202 0.058646337 0.000086131 0.998278819 94.710699451
0.998346690 0.002872775 -0.057407614 -4.658913600 -0.002872775 0.999995870 0.000082528 -4.771510671 0.057407614 0.000082528 0.998350820 95.350674976
0.998417330 0.002810783 -0.056168803 -4.696161892 -0.002810783 0.999996047 0.000079002 -4.803536087 0.056168803 0.000079002 0.998421284 95.990649451
0.998477176 0.002757169 -0.055097427 -4.732730417 -0.002757169 0.999996196 0.000076014 -4.835633730 0.055097427 0.000076014 0.998480980 96.632067260
0.998521987 0.002716330 -0.054281325 -4.768260509 -0.002716330 0.999996308 0.000073778 -4.867838875 0.054281325 0.000073778 0.998525679 97.275633332
0.998566130 0.002675489 -0.053465188 -4.803790496 -0.002675489 0.999996418 0.000071574 -4.900043998 0.053465188 0.000071574 0.998569711 97.919198947
0.998609603 0.002634647 -0.052649014 -4.839320378 -0.002634647 0.999996527 0.000069404 -4.932249098 0.052649014 0.000069404 0.998613076 98.562764107
0.998648614 0.002597448 -0.051905665 -4.874197611 -0.002597448 0.999996624 0.000067457 -4.964332397 0.051905665 0.000067457 0.998651990 99.203895277
0.998681632 0.002565542 -0.051268084 -4.908128613 -0.002565542 0.999996707 0.000065809 -4.996240335 0.051268084 0.000065809 0.998684925 99.841522150
0.998714239 0.002533638 -0.050630522 -4.942057381 -0.002533638 0.999996788 0.000064181 -5.028146217 0.050630522 0.000064181 0.998717451 100.479107941
0.998746422 0.002501748 -0.049993266 -4.975968714 -0.002501748 0.999996869 0.000062575 -5.060035750 0.049993266 0.000062575 0.998749553 101.116367019
0.998777535 0.002470526 -0.049369334 -5.008835716 -0.002470526 0.999996946 0.000061021 -5.091842420 0.049369334 0.000061021 0.998780589 101.751970212
0.998807343 0.002440238 -0.048764089 -5.040250732 -0.002440238 0.999997021 0.000059534 -5.123512173 0.048764089 0.000059534 0.998810322 102.384837347
0.998836782 0.002409951 -0.048158846 -5.071664686 -0.002409951 0.999997094 0.000058064 -5.155180899 0.048158846 0.000058064 0.998839688 103.017683980
0.998865854 0.002379662 -0.047553575 -5.103079086 -0.002379662 0.999997167 0.000056613 -5.186850120 0.047553575 0.000056613 0.998868687 103.650540487
0.998888070 0.002356253 -0.047085787 -5.134432122 -0.002356253 0.999997222 0.000055504 -5.218597948 0.047085787 0.000055504 0.998890848 104.284967836
0.998901991 0.002341465 -0.046790268 -5.165707195 -0.002341465 0.999997257 0.000054809 -5.250443122 0.046790268 0.000054809 0.998904734 104.921340474
0.998915825 0.002326676 -0.046494741 -5.196982755 -0.002326676 0.999997292 0.000054118 -5.282288803 0.046494741 0.000054118 0.998918533 105.557723234
0.998929571 0.002311887 -0.046199210 -5.228258302 -0.002311887 0.999997326 0.000053432 -5.314134480 0.046199210 0.000053432 0.998932245 106.194105934
0.998945723 0.002294388 -0.045849519 -5.260107567 -0.002294388 0.999997367 0.000052626 -5.346118925 0.045849519 0.000052626 0.998948356 106.833261656
0.998964647 0.002273714 -0.045436373 -5.292626668 -0.002273714 0.999997414 0.000051681 -5.378263375 0.045436373 0.000051681 0.998967233 107.475614833
0.998983401 0.002253038 -0.045023206 -5.325146783 -0.002253038 0.999997461 0.000050745 -5.410408848 0.045023206 0.000050745 0.998985940 108.117988449
0.999001983 0.002232362 -0.044610025 -5.357667393 -0.002232362 0.999997507 0.000049818 -5.442554830 0.044610025 0.000049818 0.999004476 108.760372224
0.999012388 0.002220700 -0.044376983 -5.390633768 -0.002220700 0.999997533 0.000049298 -5.474910826 0.044376983 0.000049298 0.999014855 109.406952789
0.999014348 0.002218497 -0.044332960 -5.424066810 -0.002218497 0.999997538 0.000049201 -5.507486140 0.044332960 0.000049201 0.999016810 110.057916072
0.999016305 0.002216294 -0.044288936 -5.457500921 -0.002216294 0.999997543 0.000049103 -5.540062498 0.044288936 0.000049103 0.999018762 110.708900183
0.999018261 0.002214091 -0.044244912 -5.490934497 -0.002214091 0.999997548 0.000049005 -5.572638333 0.044244912 0.000049005 0.999020713 111.359873879
0.999020936 0.002211074 -0.044184621 -5.523299301 -0.002211074 0.999997554 0.000048872 -5.605257383 0.044184621 0.000048872 0.999023382 112.011711138
0.999024266 0.002207313 -0.044109458 -5.554667915 -0.002207313 0.999997563 0.000048705 -5.637898846 0.044109458 0.000048705 0.999026703 112.663996269
0.999027591 0.002203550 -0.044034260 -5.586051593 -0.002203550 0.999997571 0.000048539 -5.670555983 0.044034260 0.000048539 0.999030020 113.316594632
0.999030912 0.002199786 -0.043959057 -5.617436776 -0.002199786 0.999997579 0.000048374 -5.703214687 0.043959057 0.000048374 0.999033332 113.969224315
0.999030583 0.002200159 -0.043966504 -5.648000871 -0.002200159 0.999997578 0.000048390 -5.735941060 0.043966504 0.000048390 0.999033005 114.623206242
0.999027317 0.002203861 -0.044040477 -5.677906717 -0.002203861 0.999997570 0.000048553 -5.768724734 0.044040477 0.000048553 0.999029746 115.278333249
0.999024045 0.002207562 -0.044114447 -5.707811605 -0.002207562 0.999997562 0.000048716 -5.801507360 0.044114447 0.000048716 0.999026483 115.933439291
0.999020768 0.002211264 -0.044188418 -5.737716971 -0.002211264 0.999997554 0.000048880 -5.834290510 0.044188418 0.000048880 0.999023214 116.588555809
0.999007643 0.002226026 -0.044483408 -5.769782399 -0.002226026 0.999997521 0.000049535 -5.867110715 0.044483408 0.000049535 0.999010122 117.244412814
0.998987471 0.002248526 -0.044933032 -5.803358994 -0.002248526 0.999997471 0.000050542 -5.899956683 0.044933032 0.000050542 0.998990000 117.900784659
0.998967095 0.002271026 -0.045382661 -5.836936632 -0.002271026 0.999997420 0.000051559 -5.932803696 0.045382661 0.000051559 0.998969675 118.557177369
0.998946516 0.002293525 -0.045832274 -5.870513702 -0.002293525 0.999997368 0.000052586 -5.965650176 0.045832274 0.000052586 0.998949148 119.213559438
0.998929666 0.002311785 -0.046197167 -5.902599942 -0.002311785 0.999997326 0.000053428 -5.996861334 0.046197167 0.000053428 0.998932340 119.837262331
0.998915146 0.002327405 -0.046509302 -5.933757539 -0.002327405 0.999997290 0.000054152 -6.027053884 0.046509302 0.000054152 0.998917855 120.440610030
0.998900528 0.002343024 -0.046821427 -5.964914622 -0.002343024 0.999997254 0.000054882 -6.057245947 0.046821427 0.000054882 0.998903274 121.043948009
0.998885812 0.002358643 -0.047133548 -5.996071691 -0.002358643 0.999997217 0.000055617 -6.087438007 0.047133548 0.000055617 0.998888595 121.647285921
0.998865867 0.002379649 -0.047553315 -6.026604587 -0.002379649 0.999997167 0.000056612 -6.117215783 0.047553315 0.000056612 0.998868700 122.242345060
0.998842357 0.002404172 -0.048043372 -6.056728633 -0.002404172 0.999997108 0.000057786 -6.146721849 0.048043372 0.000057786 0.998845249 122.831974543
0.998818608 0.002428694 -0.048533395 -6.086851196 -0.002428694 0.999997049 0.000058971 -6.176226491 0.048533395 0.000058971 0.998821559 123.421575561
0.998794629 0.002453203 -0.049023170 -6.116959263 -0.002453203 0.999996989 0.000060168 -6.205716963 0.049023170 0.000060168 0.998797640 124.010893410
0.998779580 0.002468461 -0.049328063 -6.148216419 -0.002468461 0.999996951 0.000060919 -6.236131316 0.049328063 0.000060919 0.998782628 124.618673477
0.998771282 0.002476833 -0.049495369 -6.180316661 -0.002476833 0.999996931 0.000061334 -6.267221586 0.049495369 0.000061334 0.998774351 125.239960613
0.998762956 0.002485205 -0.049662679 -6.212417927 -0.002485205 0.999996910 0.000061749 -6.298312849 0.049662679 0.000061749 0.998766046 125.861267609
0.998754602 0.002493577 -0.049829974 -6.244516621 -0.002493577 0.999996889 0.000062166 -6.329401625 0.049829974 0.000062166 0.998757713 126.482524886
0.998735634 0.002512483 -0.050207780 -6.277499658 -0.002512483 0.999996842 0.000063113 -6.361591236 0.050207780 0.000063113 0.998738792 127.125780532
0.998707730 0.002540039 -0.050758433 -6.311207089 -0.002540039 0.999996772 0.000064506 -6.394683105 0.050758433 0.000064506 0.998710958 127.787066286
0.998679522 0.002567594 -0.051309070 -6.344914474 -0.002567594 0.999996702 0.000065914 -6.427774964 0.051309070 0.000065914 0.998682820 128.448351833
0.998651009 0.002595148 -0.051859692 -6.378621811 -0.002595148 0.999996630 0.000067337 -6.460866812 0.051859692 0.000067337 0.998654379 129.109637172
0.998605681 0.002638358 -0.052723182 -6.412973278 -0.002638358 0.999996517 0.000069600 -6.493572947 0.052723182 0.000069600 0.998609163 129.763214684
0.998544055 0.002695990 -0.053874869 -6.447917043 -0.002695990 0.999996363 0.000072676 -6.525922666 0.053874869 0.000072676 0.998547692 130.409669816
0.998481098 0.002753619 -0.055026484 -6.482860599 -0.002753619 0.999996206 0.000075819 -6.558272340 0.055026484 0.000075819 0.998484892 131.056124040
0.998416809 0.002811245 -0.056178044 -6.517804503 -0.002811245 0.999996045 0.000079028 -6.590622486 0.056178044 0.000079028 0.998420764 131.702587697
0.998358208 0.002862759 -0.057207456 -6.555191372 -0.002862759 0.999995899 0.000081953 -6.622814153 0.057207456 0.000081953 0.998362309 132.345884414
0.998305904 0.002907964 -0.058110800 -6.595102014 -0.002907964 0.999995768 0.000084564 -6.654843243 0.058110800 0.000084564 0.998310136 132.985932310
0.998252782 0.002953165 -0.059014081 -6.635011885 -0.002953165 0.999995636 0.000087215 -6.686871792 0.059014081 0.000087215 0.998257147 133.625969407
0.998198840 0.002998365 -0.059917328 -6.674922263 -0.002998365 0.999995501 0.000089908 -6.718900827 0.059917328 0.000089908 0.998203339 134.266016185
0.998140150 0.003046779 -0.060884797 -6.716488317 -0.003046779 0.999995354 0.000092838 -6.750757089 0.060884797 0.000092838 0.998144796 134.902610403
0.998076101 0.003098747 -0.061923294 -6.759878046 -0.003098747 0.999995194 0.000096035 -6.782406380 0.061923294 0.000096035 0.998080907 135.535068656
0.998010934 0.003150740 -0.062962273 -6.803290518 -0.003150740 0.999995031 0.000099288 -6.814072353 0.062962273 0.000099288 0.998015903 136.167860264
0.997944684 0.003202728 -0.064001166 -6.846702119 -0.003202728 0.999994866 0.000102595 -6.845737783 0.064001166 0.000102595 0.997949818 136.800641008
0.997832987 0.003288512 -0.065715420 -6.891497553 -0.003288512 0.999994587 0.000108170 -6.877277114 0.065715420 0.000108170 0.997838400 137.430901895
0.997662474 0.003415295 -0.068248978 -6.937968080 -0.003415295 0.999994161 0.000116682 -6.908660534 0.068248978 0.000116682 0.997668313 138.058047151
0.997485510 0.003542059 -0.070782135 -6.984438271 -0.003542059 0.999993719 0.000125515 -6.940044237 0.070782135 0.000125515 0.997491791 138.685198051
0.997302095 0.003668802 -0.073314876 -7.030908116 -0.003668802 0.999993261 0.000134671 -6.971428222 0.073314876 0.000134671 0.997308834 139.312354595
0.997097013 0.003805495 -0.076046471 -7.079340724 -0.003805495 0.999992749 0.000144908 -7.002447693 0.076046471 0.000144908 0.997104264 139.932226938
0.996862068 0.003956260 -0.079059251 -7.130549361 -0.003956260 0.999992162 0.000156635 -7.032953207 0.079059251 0.000156635 0.996869906 140.541828714
0.996618002 0.004106986 -0.082071260 -7.181755585 -0.004106986 0.999991552 0.000168818 -7.063457923 0.082071260 0.000168818 0.996626449 141.151414535
0.996364791 0.004257687 -0.085082758 -7.232964290 -0.004257687 0.999990920 0.000181458 -7.093964769 0.085082758 0.000181458 0.996373871 141.761042922
0.996107926 0.004405261 -0.088031777 -7.287178103 -0.004405261 0.999990278 0.000194280 -7.124121860 0.088031777 0.000194280 0.996117648 142.363682034
0.995851850 0.004547580 -0.090875804 -7.346534899 -0.004547580 0.999989638 0.000207062 -7.153692633 0.090875804 0.000207062 0.995862212 142.954604575
0.995587639 0.004689861 -0.093719042 -7.405889256 -0.004689861 0.999988978 0.000220251 -7.183262657 0.093719042 0.000220251 0.995598660 143.545512141
0.995315289 0.004832103 -0.096561515 -7.465242107 -0.004832103 0.999988298 0.000233845 -7.212832405 0.096561515 0.000233845 0.995326991 144.136414191
0.995045694 0.004968861 -0.099294401 -7.524997115 -0.004968861 0.999987625 0.000247303 -7.241973859 0.099294401 0.000247303 0.995058069 144.718757489
0.994791128 0.005094594 -0.101806955 -7.585566876 -0.005094594 0.999986989 0.000260010 -7.270251283 0.101806955 0.000260010 0.994804140 145.283834611
0.994530342 0.005220228 -0.104317532 -7.646103446 -0.005220228 0.999986337 0.000273027 -7.298513563 0.104317532 0.000273027 0.994544005 145.848609091
0.994263062 0.005345894 -0.106828768 -7.706670770 -0.005345894 0.999985670 0.000286369 -7.326790557 0.106828768 0.000286369 0.994277392 146.413677609
0.993982475 0.005474679 -0.109402322 -7.768347151 -0.005474679 0.999984969 0.000300375 -7.354308866 0.109402322 0.000300375 0.993997506 146.963585065
0.993679700 0.005610293 -0.112112349 -7.832440720 -0.005610293 0.999984212 0.000315489 -7.380173628 0.112112349 0.000315489 0.993695487 147.480449152
0.993369518 0.005745866 -0.114821540 -7.896532824 -0.005745866 0.999983438 0.000330972 -7.406038139 0.114821540 0.000330972 0.993386080 147.997308236
0.993051926 0.005881398 -0.117529919 -7.960624473 -0.005881398 0.999982644 0.000346825 -7.431902814 0.117529919 0.000346825 0.993069282 148.514170588
0.992758123 0.006004017 -0.119980251 -8.024739499 -0.006004017 0.999981910 0.000361491 -7.457173205 0.119980251 0.000361491 0.992776213 149.019157160
0.992522358 0.006100606 -0.121910424 -8.088905841 -0.006100606 0.999981321 0.000373259 -7.481243937 0.121910424 0.000373259 0.992541037 149.500170549
0.992282831 0.006197172 -0.123840134 -8.153071412 -0.006197172 0.999980723 0.000385216 -7.505314541 0.123840134 0.000385216 0.992302108 149.981181400
0.992039538 0.006293716 -0.125769406 -8.217237235 -0.006293716 0.999980115 0.000397360 -7.529385404 0.125769406 0.000397360 0.992059423 150.462197411
0.991810569 0.006383222 -0.127558025 -8.281500146 -0.006383222 0.999979543 0.000408789 -7.553238172 0.127558025 0.000408789 0.991831025 150.938855142
0.991610966 0.006460220 -0.129096702 -8.345935673 -0.006460220 0.999979045 0.000418753 -7.576702417 0.129096702 0.000418753 0.991631921 151.407748917
0.991408966 0.006537203 -0.130635092 -8.410371729 -0.006537203 0.999978540 0.000428836 -7.600166957 0.130635092 0.000428836 0.991430426 151.876648581
0.991204577 0.006614170 -0.132173143 -8.474806248 -0.006614170 0.999978030 0.000439039 -7.623631042 0.132173143 0.000439039 0.991226547 152.345539132
