1.000000238 -0.000000002 0.000000000 -0.000000000 -0.000000002 1.000000000 0.000000000 0.000000000 0.000000000 0.000000000 0.999999881 -0.000000000
0.999998152 -0.001395092 -0.001490260 -0.017182505 0.001393675 0.999998569 -0.000949322 -0.023146342 0.001491582 0.000947243 0.999998331 0.658727229
0.999977291 -0.001247067 -0.006655552 -0.017447283 0.001230591 0.999996185 -0.002478616 -0.023792464 0.006658615 0.002470369 0.999974668 1.364751101
0.999941587 -0.001034101 -0.010782216 -0.020577665 0.001000757 0.999994695 -0.003097140 -0.024723742 0.010785358 0.003086166 0.999936938 2.086619854
0.999876857 0.000252269 -0.015701389 -0.050748829 -0.000333626 0.999986470 -0.005178984 -0.037133455 0.015699867 0.005183582 0.999863207 2.830294371
0.999797583 -0.000722518 -0.020113237 -0.063810959 0.000621395 0.999987185 -0.005033363 -0.052259810 0.020116610 0.005019843 0.999784946 3.575610876
0.999699235 0.000400563 -0.024527786 -0.091101751 -0.000544880 0.999982595 -0.005877357 -0.064920507 0.024525000 0.005888953 0.999681771 4.334310055
0.999562621 0.003770469 -0.029334884 -0.125270769 -0.003962447 0.999971092 -0.006488982 -0.080893368 0.029309567 0.006602380 0.999548376 5.112566948
0.999399900 0.005419248 -0.034224849 -0.151296735 -0.005609246 0.999969304 -0.005457927 -0.090250835 0.034194224 0.005646629 0.999398887 5.905339718
0.999223769 0.006110662 -0.038920812 -0.176076859 -0.006203133 0.999978244 -0.002255528 -0.101691976 0.038906176 0.002495207 0.999239624 6.706571102
0.999113023 0.003876718 -0.041933801 -0.223494172 -0.003874621 0.999992609 0.000131351 -0.104061887 0.041933976 0.000031242 0.999120355 7.516503811
0.998989940 0.004010695 -0.044758026 -0.266284078 -0.004010784 0.999992073 0.000087842 -0.116969563 0.044757999 0.000091760 0.998997927 8.328008652
0.998905838 0.004175783 -0.046574477 -0.326825559 -0.004218840 0.999991059 -0.000826158 -0.130086854 0.046570595 0.001021742 0.998914659 9.157600403
0.998825550 0.002709445 -0.048375778 -0.358532429 -0.002765670 0.999995589 -0.001095321 -0.156762972 0.048372597 0.001227824 0.998828471 9.997449875
0.998722315 0.002713694 -0.050461438 -0.407478333 -0.002751414 0.999996066 -0.000678028 -0.163228512 0.050459385 0.000816001 0.998725653 10.843951225
0.998649120 -0.000043059 -0.051961273 -0.454215050 -0.000000172 0.999999702 -0.000831966 -0.182659149 0.051961284 0.000830850 0.998648763 11.699242592
0.998562396 0.002318384 -0.053551801 -0.518239260 -0.002487478 0.999992132 -0.003091151 -0.201247007 0.053544220 0.003219914 0.998560190 12.562339783
0.998455465 0.002617563 -0.055497810 -0.555253029 -0.002917531 0.999981582 -0.005324777 -0.199697807 0.055482861 0.005478467 0.998444498 13.428307533
0.998362601 0.006396425 -0.056846902 -0.624150693 -0.006789671 0.999954343 -0.006727152 -0.210842609 0.056801263 0.007102103 0.998360217 14.303896904
0.998283923 0.006998959 -0.058143612 -0.675658047 -0.007412721 0.999948680 -0.006903575 -0.226246402 0.058092289 0.007322725 0.998284340 15.191455841
0.998208702 0.006751521 -0.059449080 -0.738047302 -0.007084932 0.999960363 -0.005399315 -0.244772017 0.059410244 0.005810832 0.998216748 16.085554123
0.998113930 0.006505957 -0.061046537 -0.786086798 -0.006786045 0.999967396 -0.004381909 -0.264550298 0.061016012 0.004787904 0.998125255 16.999650955
0.998055160 0.006860783 -0.061961111 -0.849851668 -0.007087927 0.999968886 -0.003446975 -0.286645144 0.061935484 0.003879444 0.998072624 17.921638489
0.997977674 0.006441827 -0.063240953 -0.927191854 -0.006730033 0.999967933 -0.004345269 -0.296289444 0.063210905 0.004762097 0.997988760 18.820444107
0.997911751 0.005943778 -0.064318456 -0.983160615 -0.006269967 0.999968529 -0.004870802 -0.320407897 0.064287439 0.005263906 0.997917533 19.754253387
0.997863352 0.005530991 -0.065103933 -1.034897447 -0.005765220 0.999977529 -0.003410396 -0.334301740 0.065083571 0.003778439 0.997872829 20.672657013
0.997869909 0.005948462 -0.064966381 -1.097349644 -0.005940560 0.999982238 0.000314814 -0.344901234 0.064967088 0.000071790 0.997887313 21.589618683
0.997930527 0.007061827 -0.063915446 -1.176900625 -0.006799572 0.999967396 0.004319795 -0.356093287 0.063943855 -0.003876261 0.997945786 22.547485352
0.998023152 0.006153603 -0.062543251 -1.231075764 -0.005740750 0.999960244 0.006778646 -0.369328231 0.062582456 -0.006406199 0.998018980 23.477724075
0.998117507 0.005001835 -0.061128173 -1.302948833 -0.004565550 0.999962866 0.007274809 -0.376667887 0.061162293 -0.006982027 0.998103321 24.408460617
0.998183012 0.005548757 -0.060000602 -1.355518818 -0.005275334 0.999974668 0.004714471 -0.387266487 0.060025245 -0.004389378 0.998187065 25.373994827
0.998228073 0.008836880 -0.058845691 -1.424249887 -0.008838188 0.999960601 0.000238108 -0.410947382 0.058845472 0.000282405 0.998266935 26.314712524
0.998318493 0.007993355 -0.057416063 -1.480607867 -0.008175948 0.999961793 -0.002945844 -0.415045768 0.057390328 0.003410320 0.998345852 27.281719208
0.998385131 0.004501082 -0.056632053 -1.526611924 -0.004618846 0.999987483 -0.001948698 -0.432783961 0.056622550 0.002207123 0.998393178 28.250305176
0.998386443 0.000637138 -0.056783516 -1.585046053 -0.000494602 0.999996722 0.002524182 -0.434075058 0.056784917 -0.002492024 0.998383164 29.219404221
0.998336732 -0.001524346 -0.057633527 -1.643394470 0.001920480 0.999974787 0.006818535 -0.449384332 0.057621658 -0.006917876 0.998314321 30.204662323
0.998210430 -0.010539033 -0.058864724 -1.693961501 0.010927413 0.999920487 0.006279965 -0.463746130 0.058793843 -0.006911965 0.998246074 31.203241348
0.998133540 -0.010134684 -0.060223125 -1.749549389 0.010294494 0.999944270 0.002344139 -0.476544142 0.060195994 -0.002959731 0.998182118 32.199703217
0.998048842 -0.007431140 -0.061995436 -1.814687610 0.007338253 0.999971688 -0.001725801 -0.497113675 0.062006477 0.001267496 0.998074830 33.175872803
0.997941136 -0.007964281 -0.063642241 -1.887691498 0.007810258 0.999965966 -0.002668580 -0.499224931 0.063661307 0.002166023 0.997969091 34.165748596
0.997910619 -0.011111083 -0.063647501 -1.958570123 0.011052527 0.999938130 -0.001272092 -0.518387318 0.063657641 0.000565972 0.997971594 35.164608002
0.997854829 -0.008748130 -0.064879887 -2.032546759 0.008881558 0.999958992 0.001768422 -0.524466395 0.064861715 -0.002340861 0.997891426 36.146953583
0.997741103 -0.005678541 -0.066940330 -2.103597641 0.005896493 0.999977946 0.003058789 -0.549519241 0.066921435 -0.003446591 0.997752130 37.190483093
0.997715533 -0.005375478 -0.067341112 -2.178148746 0.005809776 0.999963522 0.006255107 -0.561501741 0.067305043 -0.006632053 0.997710228 38.166217804
0.997708499 -0.005202423 -0.067462303 -2.243681431 0.005850940 0.999938548 0.009419053 -0.582171917 0.067409143 -0.009792183 0.997677267 39.177562714
0.997661471 -0.000335182 -0.068352483 -2.324373484 0.001116251 0.999934554 0.011389218 -0.577952504 0.068344161 -0.011438870 0.997595966 40.195648193
0.997679234 -0.000498751 -0.068092316 -2.401187658 0.001258593 0.999937475 0.011116578 -0.584619761 0.068082474 -0.011176476 0.997617006 41.173557281
0.997670829 -0.000546358 -0.068213418 -2.476252556 0.001200982 0.999953628 0.009556091 -0.598025799 0.068204977 -0.009615753 0.997624993 42.171520233
0.997677982 0.002466057 -0.068064585 -2.543055773 -0.002019953 0.999976099 0.006622190 -0.605368614 0.068079226 -0.006469320 0.997658908 43.182216644
0.997590303 0.003126316 -0.069310568 -2.620864153 -0.002651450 0.999972522 0.006942245 -0.619019032 0.069330238 -0.006741730 0.997571051 44.166740417
0.997511387 -0.000637461 -0.070504352 -2.692645788 0.001229525 0.999964237 0.008354498 -0.629388034 0.070496500 -0.008420391 0.997476459 45.156726837
0.997446895 -0.000736231 -0.071409427 -2.768191338 0.001393705 0.999957025 0.009157740 -0.631947041 0.071399622 -0.009233881 0.997404993 46.166263580
0.997443318 0.001243824 -0.071452573 -2.840034723 -0.000756542 0.999976218 0.006846321 -0.658956409 0.071459390 -0.006774756 0.997420490 47.117301941
0.997352958 0.004797220 -0.072555728 -2.923281193 -0.004701870 0.999987781 0.001484877 -0.659777462 0.072561987 -0.001139790 0.997363269 48.128082275
0.997327864 0.005912946 -0.072816625 -3.008365870 -0.005886558 0.999982715 0.000577028 -0.677006125 0.072818756 -0.000146845 0.997345030 49.081459045
0.997309208 0.005270552 -0.073121049 -3.074402332 -0.005023191 0.999981225 0.003566439 -0.684603333 0.073138461 -0.003189539 0.997316599 50.053714752
0.997308314 0.000450910 -0.073323749 -3.146975040 0.000101855 0.999971867 0.007534854 -0.706058264 0.073325068 -0.007522035 0.997279525 51.059776306
0.997295678 0.000272450 -0.073494703 -3.218572855 0.000307070 0.999969602 0.007873928 -0.721598268 0.073494598 -0.007875202 0.997264028 51.996860504
0.997286260 -0.002733266 -0.073572725 -3.289878845 0.003260161 0.999970019 0.007042437 -0.738756895 0.073551252 -0.007263187 0.997264922 52.956321716
0.997243047 -0.005155687 -0.074027523 -3.358464718 0.005577845 0.999969482 0.005497137 -0.757175565 0.073996879 -0.005894897 0.997240961 53.949501038
0.997149110 -0.006671539 -0.075161740 -3.430035591 0.007185456 0.999952674 0.006569110 -0.762523711 0.075114332 -0.007090455 0.997149646 54.882392883
0.997070253 -0.008098508 -0.076063819 -3.499990940 0.008961178 0.999899268 0.011006968 -0.777413368 0.075967021 -0.011656339 0.997042000 55.836780548
0.996958375 -0.012809010 -0.076878265 -3.569985390 0.014068328 0.999775231 0.015861489 -0.779724538 0.076657809 -0.016894791 0.996914089 56.790225983
0.996932387 -0.011415061 -0.077432081 -3.643166304 0.012825201 0.999760509 0.017738573 -0.771806479 0.077211060 -0.018677242 0.996839523 57.738117218
0.996855438 -0.010857529 -0.078496344 -3.729827881 0.012039919 0.999820948 0.014605494 -0.784019828 0.078323700 -0.015504659 0.996807098 58.683700562
0.996768415 -0.006305195 -0.080081977 -3.816841602 0.006857679 0.999954462 0.006625832 -0.797669768 0.080036558 -0.007153619 0.996765792 59.608245850
0.996725917 -0.005331614 -0.080679677 -3.895089149 0.005462724 0.999984205 0.001404489 -0.820163786 0.080670871 -0.001840622 0.996739089 60.524322510
0.996643662 0.000524893 -0.081862874 -3.986696243 -0.000395557 0.999998748 0.001596163 -0.824387789 0.081863582 -0.001558426 0.996642292 61.447654724
0.996576190 0.002671137 -0.082637981 -4.065134048 -0.002318598 0.999987900 0.004361782 -0.842523456 0.082648613 -0.004155245 0.996570051 62.325679779
0.996450841 0.003735834 -0.084095962 -4.147252083 -0.003210902 0.999974787 0.006376459 -0.851418138 0.084117718 -0.006083803 0.996437013 63.215675354
0.996356189 0.005350635 -0.085124075 -4.218057632 -0.004850413 0.999969721 0.006082125 -0.868946791 0.085154042 -0.005647076 0.996351659 64.104515076
0.996224642 0.006512432 -0.086571269 -4.307394028 -0.005954190 0.999959648 0.006705030 -0.876633346 0.086611442 -0.006164254 0.996222973 64.938240051
0.996102631 0.007539053 -0.087881468 -4.389746189 -0.006918758 0.999948621 0.007360877 -0.891266346 0.087932490 -0.006724158 0.996103406 65.790527344
0.995980561 0.008425237 -0.089173660 -4.469252586 -0.007764249 0.999939740 0.007756656 -0.908352613 0.089233629 -0.007033112 0.995985627 66.603904724
0.995845079 0.007601109 -0.090748884 -4.543202400 -0.006806993 0.999935746 0.009056957 -0.914134085 0.090811893 -0.008401601 0.995832205 67.422798157
0.995715916 0.010242010 -0.091896646 -4.622399330 -0.009186403 0.999887049 0.011902554 -0.921423554 0.092008121 -0.011007363 0.995697260 68.247497559
0.995610237 0.011414686 -0.092898905 -4.693662167 -0.010027641 0.999831438 0.015383838 -0.917713761 0.093058825 -0.014384747 0.995556593 69.013854980
0.995397925 0.013659935 -0.094847538 -4.790022373 -0.012022085 0.999769151 0.017818289 -0.933457851 0.095068991 -0.016596030 0.995332122 69.784927368
0.995251656 0.016307898 -0.095960960 -4.864706993 -0.014920506 0.999773800 0.015157745 -0.951516747 0.096186422 -0.013653981 0.995269477 70.546623230
0.995093286 0.017647110 -0.097357340 -4.948016167 -0.017078171 0.999831736 0.006674060 -0.953457534 0.097458765 -0.004978624 0.995226920 71.254241943
0.994993865 0.016000140 -0.098647200 -5.018220425 -0.016011044 0.999871552 0.000681103 -0.966735601 0.098645397 0.000901749 0.995122135 71.979377747
0.994911075 0.017199019 -0.099274948 -5.095484257 -0.017367432 0.999848485 -0.000832504 -0.967239380 0.099245600 0.002552419 0.995059431 72.658126831
0.994834602 0.019356888 -0.099648044 -5.165082932 -0.019294012 0.999812484 0.001594680 -0.977008700 0.099660218 0.000336168 0.995021284 73.334976196
0.994676352 0.019957045 -0.101100571 -5.250182629 -0.019470809 0.999793351 0.005793999 -1.011553288 0.101195343 -0.003794645 0.994859159 73.993309021
0.994602263 0.017897829 -0.102206707 -5.320744038 -0.017734203 0.999839604 0.002509391 -1.028436184 0.102235198 -0.000683293 0.994759977 74.618927002
0.994734704 0.009465217 -0.102046244 -5.367129803 -0.009762076 0.999949336 -0.002410109 -1.044867516 0.102018237 0.003393603 0.994776726 75.224006653
0.994874120 0.004773241 -0.101010144 -5.433253288 -0.005523841 0.999959171 -0.007152593 -1.060462236 0.100971870 0.007673891 0.994859695 75.817565918
0.995172560 0.006716719 -0.097912580 -5.490496635 -0.007531469 0.999940038 -0.007954013 -1.066049933 0.097853266 0.008653038 0.995163202 76.394569397
0.995486259 0.011971598 -0.094153814 -5.553442001 -0.012535324 0.999907017 -0.005398263 -1.071875334 0.094080426 0.006554138 0.995543182 76.986206055
0.995956123 0.010335464 -0.089246117 -5.601240635 -0.010577541 0.999941587 -0.002239926 -1.088839293 0.089217715 0.003174866 0.996007025 77.545753479
0.996444941 0.007448100 -0.083917826 -5.639837265 -0.007299155 0.999971271 0.002081599 -1.100776196 0.083930880 -0.001461676 0.996470511 78.080177307
0.997140110 0.001427104 -0.075563259 -5.664710999 -0.000998771 0.999983251 0.005706014 -1.120137453 0.075570084 -0.005614230 0.997124672 78.628532410
0.997865796 0.004571720 -0.065139621 -5.701603889 -0.004207856 0.999974787 0.005722007 -1.130070925 0.065164082 -0.005435703 0.997859716 79.123405457
0.998692632 0.010177125 -0.050096672 -5.730031013 -0.009925558 0.999936938 0.005267859 -1.137038827 0.050147042 -0.004763742 0.998730421 79.630142212
0.999368191 0.016042326 -0.031715669 -5.749411583 -0.015867297 0.999857545 0.005762690 -1.144089103 0.031803526 -0.005255816 0.999480307 80.123954773
0.999842763 0.014788257 -0.009792164 -5.729365826 -0.014732157 0.999874771 0.005776481 -1.153868198 0.009876318 -0.005631318 0.999935269 80.585746765
0.999823689 0.010192122 0.015790656 -5.712737083 -0.010309576 0.999919534 0.007374561 -1.160340309 -0.015714342 -0.007536051 0.999848068 81.081581116
0.998929024 0.009175051 0.045352828 -5.661703110 -0.009597441 0.999912500 0.009104442 -1.162288904 -0.045265332 -0.009529959 0.998929441 81.520416260
0.996889174 0.009033337 0.078298748 -5.596466541 -0.009907870 0.999892771 0.010787864 -1.168903947 -0.078192897 -0.011530075 0.996871412 81.965232849
0.993205547 0.008801209 0.116040967 -5.533597946 -0.010073674 0.999895394 0.010383715 -1.171611547 -0.115937419 -0.011482116 0.993190050 82.429100037
0.987487078 0.008467616 0.157473102 -5.454975128 -0.010260480 0.999891460 0.010575707 -1.180664301 -0.157366395 -0.012059119 0.987466633 82.830657959
0.979183912 0.008096667 0.202813625 -5.346723557 -0.010431248 0.999891043 0.010444664 -1.179847956 -0.202706873 -0.012342840 0.979161620 83.238502502
0.967838287 0.008452702 0.251431465 -5.199710846 -0.011042095 0.999899566 0.008889508 -1.176505327 -0.251330972 -0.011379929 0.967834294 83.683700562
0.952517867 0.008644109 0.304360092 -5.062946320 -0.011331103 0.999910951 0.007063119 -1.196290731 -0.304271936 -0.010176480 0.952530861 84.026901245
0.933128655 0.008701205 0.359437585 -4.842248917 -0.011163422 0.999926388 0.004775068 -1.201055050 -0.359369576 -0.008468304 0.933156908 84.459075928
0.909102738 0.008819606 0.416478693 -4.678541183 -0.011012655 0.999935389 0.002863524 -1.207731485 -0.416426450 -0.007189771 0.909141004 84.759941101
0.880549729 0.008639220 0.473875165 -4.458976746 -0.010255855 0.999947250 0.000827271 -1.195609927 -0.473842919 -0.005588448 0.880591691 85.085083008
0.848049760 0.008603259 0.529846668 -4.143127441 -0.008787747 0.999959171 -0.002171314 -1.237290502 -0.529843450 -0.002814776 0.848090827 85.454360962
0.811455369 0.008019349 0.584359527 -3.930381775 -0.007489191 0.999966502 -0.003323187 -1.240171194 -0.584366381 -0.001679763 0.811488152 85.688766479
0.772016585 0.007649322 0.635556698 -3.601203918 -0.007325946 0.999968231 -0.003136352 -1.268787384 -0.635560334 -0.002234739 0.772047937 86.021453857
0.729483366 0.007020992 0.683962941 -3.358432770 -0.007967461 0.999966681 -0.001767100 -1.262558937 -0.683952212 -0.004160378 0.729514956 86.203918457
0.684507489 0.005029994 0.728988767 -3.049308777 -0.006348508 0.999979436 -0.000938684 -1.258489013 -0.728978157 -0.003985455 0.684525192 86.422973633
0.638178647 0.002609623 0.769884109 -2.674392700 -0.002620612 0.999995828 -0.001217318 -1.263342738 -0.769883871 -0.001240704 0.638182759 86.703475952
0.591563821 0.000414528 0.806258380 -2.390552521 0.002112223 0.999995708 -0.002063905 -1.308959603 -0.806255400 0.002923923 0.591560364 86.820037842
0.545026898 0.001964364 0.838416696 -2.031272888 0.001027072 0.999994934 -0.003010598 -1.302913666 -0.838417888 0.002501966 0.545022011 87.045318604
0.497843385 0.004070723 0.867257833 -1.731349945 -0.001592958 0.999991536 -0.003779321 -1.286974430 -0.867265344 0.000500001 0.497845709 87.138687134
0.452214271 0.005401867 0.891893268 -1.372009277 -0.002461741 0.999985337 -0.004808367 -1.293503165 -0.891905665 -0.000021201 0.452220917 87.280387878
0.409716427 0.004051954 0.912204266 -0.975070953 0.004847921 0.999966204 -0.006619229 -1.293395519 -0.912199855 0.007134296 0.409682989 87.443588257
0.370373636 -0.004743543 0.928871334 -0.636152267 0.018817607 0.999819696 -0.002397366 -1.327674866 -0.928691864 0.018367032 0.370396197 87.515213013
0.334758312 -0.008788211 0.942263246 -0.275884628 0.024399145 0.999702036 0.000655630 -1.332702756 -0.941988111 0.022770928 0.334872782 87.602600098
0.301332355 -0.005076303 0.953505933 0.118999481 0.021873882 0.999759436 -0.001590157 -1.339824438 -0.953268230 0.021336032 0.301370740 87.707908630
0.270370305 0.003016497 0.962751865 0.449335098 0.010832714 0.999922216 -0.006175116 -1.332399130 -0.962695301 0.012098776 0.270316452 87.799568176
0.241849661 0.007785592 0.970282733 0.847492218 0.005528038 0.999940515 -0.009401467 -1.331227779 -0.970297873 0.007637497 0.241792113 87.881744385
0.215754971 0.009480687 0.976401746 1.257839203 0.007063639 0.999911547 -0.011269808 -1.356382608 -0.976421952 0.009328458 0.215668723 87.946456909
0.192396402 0.010339072 0.981263041 1.654024124 0.014148626 0.999811292 -0.013308628 -1.369394541 -0.981215417 0.016444046 0.192213610 88.003234863
0.171952069 0.016026450 0.984975040 2.038474083 0.021559853 0.999566853 -0.020027684 -1.386169910 -0.984869421 0.024679713 0.171531931 88.055259705
0.152843878 0.023520660 0.987970471 2.484210014 0.022702005 0.999369264 -0.027304120 -1.384748936 -0.987990022 0.026602177 0.152213171 88.112129211
0.135039121 0.024457281 0.990538538 2.909719467 0.020579910 0.999410450 -0.027481973 -1.397281528 -0.990626574 0.024096336 0.134456113 88.170631409
0.119577140 0.020617509 0.992611051 3.357079506 0.019508135 0.999542534 -0.023111578 -1.416472912 -0.992633283 0.022127613 0.119120203 88.220390320
0.104643777 0.017174110 0.994361758 3.840204239 0.019910073 0.999614358 -0.019360110 -1.435508132 -0.994310498 0.021823732 0.104261443 88.257087708
0.091865838 0.014755147 0.995662391 4.340106010 0.022881288 0.999594927 -0.016924584 -1.449383259 -0.995508373 0.024336820 0.091490954 88.307319641
0.080111884 0.013830421 0.996690035 4.837372303 0.027328223 0.999497294 -0.016065963 -1.467780471 -0.996411145 0.028524833 0.079693638 88.327568054
0.069873691 0.014299118 0.997453451 5.351621151 0.030065946 0.999412715 -0.016433386 -1.483395815 -0.997102559 0.031137630 0.069402739 88.358009338
0.061954524 0.014488610 0.997973800 5.889975071 0.031840365 0.999356806 -0.016485350 -1.498482466 -0.997570932 0.032797188 0.061453342 88.378684998
0.055955917 0.015012651 0.998320401 6.433015347 0.034087393 0.999275148 -0.016937612 -1.507028937 -0.997851193 0.034977887 0.055403620 88.411224365
0.050460950 0.015890922 0.998599172 6.978489399 0.034231372 0.999258280 -0.017631179 -1.519993544 -0.998139262 0.035073090 0.049879558 88.444847107
0.044577640 0.016650060 0.998867214 7.567655563 0.034952618 0.999222934 -0.018215861 -1.534419060 -0.998394132 0.035725031 0.043961044 88.457908630
0.040318206 0.016599098 0.999049008 8.162589073 0.037561618 0.999130070 -0.018116301 -1.549842119 -0.998480439 0.038256299 0.039659645 88.480827332
0.037241727 0.016240301 0.999174356 8.794164658 0.038510766 0.999101698 -0.017674508 -1.565770626 -0.998563647 0.039137170 0.036582854 88.515472412
0.034113042 0.015742484 0.999294162 9.439839363 0.039232116 0.999084234 -0.017078450 -1.580902696 -0.998647511 0.039787013 0.033464182 88.533714294
0.031915374 0.015493487 0.999370694 10.109236717 0.041565295 0.998994470 -0.016815059 -1.597969890 -0.998625636 0.042075787 0.031239271 88.547637939
0.031059815 0.015233994 0.999401510 10.780567169 0.045511078 0.998825252 -0.016639624 -1.620466828 -0.998480618 0.046000656 0.030330004 88.558753967
0.031823795 0.015046645 0.999380291 11.474891663 0.048572984 0.998681962 -0.016582863 -1.640388012 -0.998312294 0.049070608 0.031050976 88.578735352
0.034471046 0.014634768 0.999298453 12.189013481 0.051195513 0.998554289 -0.016389854 -1.654051185 -0.998093247 0.051724579 0.033671964 88.607391357
0.038089160 0.014715495 0.999166071 12.923311234 0.052237522 0.998495162 -0.016696960 -1.674172521 -0.997908115 0.052829914 0.037263125 88.640594482
0.042260695 0.014589936 0.999000192 13.660575867 0.053198893 0.998442054 -0.016832262 -1.693799138 -0.997689307 0.053857036 0.041418668 88.676437378
0.046394855 0.012375216 0.998846650 14.426387787 0.054881517 0.998381376 -0.014918618 -1.713202238 -0.997414470 0.055510338 0.045640577 88.709808350
0.050649717 0.010961627 0.998656571 15.192300797 0.055152722 0.998383224 -0.013755864 -1.730910420 -0.997192562 0.055775300 0.049963266 88.760559082
0.054593034 0.009459041 0.998463988 15.967485428 0.052532986 0.998543084 -0.012332140 -1.747465491 -0.997125685 0.053125523 0.054016568 88.808937073
0.058834672 0.008455514 0.998232067 16.772493362 0.050611816 0.998652816 -0.011442086 -1.765152216 -0.996983707 0.051195513 0.058327444 88.864242554
0.062762879 0.009234142 0.997985899 17.580795288 0.048385572 0.998753190 -0.012284192 -1.788542151 -0.996854663 0.049059104 0.062237818 88.920303345
0.065996885 0.012315542 0.997743964 18.389760971 0.046942040 0.998778343 -0.015433349 -1.814968705 -0.996714711 0.047854677 0.065338157 88.988838196
0.068004705 0.016794031 0.997543693 19.205266953 0.043523822 0.998856604 -0.019783247 -1.833550930 -0.996735096 0.044762257 0.067195989 89.062919617
0.067719653 0.020545261 0.997492969 20.021759033 0.039005447 0.998969078 -0.023223743 -1.867690086 -0.996941686 0.040480364 0.066848442 89.119285583
0.067983031 0.020454919 0.997476935 20.856342316 0.037154909 0.999044418 -0.023019359 -1.892171383 -0.996994555 0.038626093 0.067158051 89.185836792
0.067876287 0.018855790 0.997515738 21.681957245 0.034933023 0.999163628 -0.021263970 -1.926153898 -0.997081995 0.036289580 0.067160800 89.250434875
0.067814857 0.017696572 0.997541189 22.507226944 0.034909766 0.999188602 -0.020099029 -1.957074881 -0.997087121 0.036186978 0.067142002 89.290321350
0.068065263 0.017222883 0.997532308 23.327043533 0.032586858 0.999279141 -0.019476559 -1.988350630 -0.997148395 0.033832103 0.067454942 89.357025146
0.068293601 0.017019656 0.997520208 24.144218445 0.031378195 0.999323249 -0.019198669 -2.019275904 -0.997171521 0.032611523 0.067713313 89.413009644
0.068414807 0.017926255 0.997496009 24.958789825 0.028343147 0.999400139 -0.019904425 -2.049694061 -0.997254074 0.029633932 0.067865662 89.479331970
0.067291163 0.019147364 0.997549593 25.776395798 0.024829883 0.999474227 -0.020859223 -2.084425211 -0.997424126 0.026172683 0.066780321 89.542579651
0.064451739 0.019034067 0.997739196 26.596233368 0.022382688 0.999539077 -0.020514255 -2.113480091 -0.997669578 0.023654265 0.063995972 89.607574463
0.060612842 0.017489949 0.998007894 27.402692795 0.020532100 0.999613345 -0.018765038 -2.147159100 -0.997949719 0.021628596 0.060230259 89.660247803
0.055403285 0.015187867 0.998348713 28.227289200 0.018780075 0.999691546 -0.016250491 -2.175591707 -0.998287380 0.019649383 0.055100955 89.715118408
0.049160659 0.012768075 0.998709500 29.041795731 0.018140314 0.999741852 -0.013674217 -2.201856613 -0.998626173 0.018789124 0.048916359 89.763885498
0.041722186 0.012921007 0.999045908 29.852888107 0.017582202 0.999751925 -0.013664410 -2.233751774 -0.998974502 0.018135520 0.041484673 89.799804688
0.033746947 0.014246857 0.999329209 30.666921616 0.013905382 0.999794722 -0.014723088 -2.262201309 -0.999333739 0.014392890 0.033541951 89.837890625
0.024039816 0.014872486 0.999600410 31.466255188 0.014516411 0.999778569 -0.015224248 -2.290552139 -0.999605656 0.014876593 0.023818597 89.851036072
0.013763078 0.014005306 0.999807179 32.269081116 0.014573899 0.999792755 -0.014205727 -2.316131830 -0.999799073 0.014766596 0.013556110 89.864151001
0.002875898 0.013150848 0.999909341 33.074176788 0.014215485 0.999811828 -0.013190450 -2.339453459 -0.999894679 0.014252124 0.002688412 89.869194031
-0.007878738 0.012222703 0.999894142 33.858421326 0.015841743 0.999801338 -0.012096739 -2.364477158 -0.999843240 0.015744757 -0.008070793 89.872833252
-0.018858518 0.012225834 0.999747634 34.647884369 0.016173139 0.999798238 -0.011921373 -2.389165878 -0.999691188 0.015944233 -0.019052431 89.860954285
-0.029952850 0.012605583 0.999472082 35.437820435 0.016328733 0.999793291 -0.012120284 -2.413564682 -0.999417722 0.015957072 -0.030152462 89.831161499
-0.040044520 0.013773832 0.999103069 36.194587708 0.015914828 0.999786913 -0.013145381 -2.439594030 -0.999070883 0.015374168 -0.040255148 89.783325195
-0.050595842 0.015053414 0.998605907 36.961986542 0.016551338 0.999761641 -0.014232241 -2.466841459 -0.998581886 0.015808171 -0.050832924 89.740829468
-0.060191382 0.015688445 0.998063743 37.734935760 0.016769018 0.999751151 -0.014703663 -2.490948200 -0.998045802 0.015851513 -0.060439467 89.697311401
-0.069500551 0.015901320 0.997455537 38.487442017 0.016931120 0.999747574 -0.014758135 -2.516361237 -0.997438014 0.015862340 -0.069752194 89.634643555
-0.078980297 0.016529609 0.996739209 39.233238220 0.016733972 0.999743700 -0.015253448 -2.542672157 -0.996735632 0.015474686 -0.079236627 89.577812195
-0.087554254 0.015754981 0.996035218 39.976852417 0.016532503 0.999760211 -0.014360645 -2.566224337 -0.996022522 0.015209621 -0.087793685 89.511314392
-0.094926357 0.014847747 0.995373726 40.712848663 0.019057864 0.999732554 -0.013095263 -2.591661453 -0.995301843 0.017726615 -0.095183894 89.433105469
-0.100243367 0.013164937 0.994875908 41.431617737 0.023486620 0.999665141 -0.010861806 -2.614847660 -0.994685709 0.022277452 -0.100518934 89.356010437
-0.104087174 0.011540052 0.994501173 42.157222748 0.026864327 0.999600470 -0.008787521 -2.638941288 -0.994205415 0.025801947 -0.104355477 89.290885925
-0.107225947 0.010293933 0.994181633 42.839813232 0.029002286 0.999553263 -0.007221553 -2.660371780 -0.993811429 0.028059194 -0.107476547 89.207542419
-0.108950414 0.009862253 0.993998408 43.533149719 0.029690955 0.999536991 -0.006662830 -2.685221434 -0.993603408 0.028786838 -0.109192729 89.133316040
-0.108944863 0.009841704 0.993999183 44.204586029 0.028461382 0.999572039 -0.006777436 -2.700046062 -0.993640006 0.027552217 -0.109178253 89.058204651
-0.107991315 0.010415847 0.994097412 44.867774963 0.028468689 0.999567389 -0.007380538 -2.720566273 -0.993744135 0.027503608 -0.108241104 88.992103577
-0.105236664 0.011895103 0.994376242 45.509841919 0.029972756 0.999512076 -0.008784471 -2.743453026 -0.993995428 0.028879739 -0.105541810 88.911239624
-0.099898644 0.012442959 0.994920075 46.129150391 0.030317074 0.999495566 -0.009456087 -2.761888742 -0.994535804 0.029218398 -0.100225449 88.867233276
-0.092271343 0.013028495 0.995648980 46.736690521 0.029746510 0.999504209 -0.010322198 -2.780536413 -0.995289564 0.028664617 -0.092613071 88.810943604
-0.081157230 0.013180068 0.996614516 47.318004608 0.028875144 0.999524057 -0.010867159 -2.800750732 -0.996283114 0.027895415 -0.081499100 88.780212402
-0.065864518 0.013772369 0.997733772 47.855865479 0.029024009 0.999508262 -0.011880863 -2.817624331 -0.997406662 0.028175667 -0.066231728 88.770217896
-0.048751723 0.014886413 0.998700023 48.402572632 0.027667532 0.999525487 -0.013548120 -2.832401752 -0.998427689 0.026971063 -0.049140438 88.748901367
-0.027413443 0.017658282 0.999468327 48.945846558 0.026287360 0.999511063 -0.016938027 -2.858476639 -0.999278486 0.025809050 -0.027864218 88.762390137
-0.002972685 0.020749543 0.999780416 49.479358673 0.023743950 0.999504447 -0.020673212 -2.876884937 -0.999713719 0.023677276 -0.003463879 88.778480530
0.025284261 0.022475148 0.999427736 49.984275818 0.021827282 0.999496520 -0.023028892 -2.894215584 -0.999442101 0.022397052 0.024780966 88.805564880
0.058168091 0.022184359 0.998060405 50.526565552 0.020401251 0.999517918 -0.023405761 -2.916195393 -0.998098433 0.021723146 0.057687469 88.867988586
0.095931962 0.020250391 0.995181978 51.035587311 0.019346816 0.999566436 -0.022204563 -2.935549974 -0.995199978 0.021383725 0.095498569 88.944046021
0.137895033 0.016912559 0.990302622 51.527507782 0.018679935 0.999632120 -0.019672981 -2.956005573 -0.990270734 0.021211589 0.137528375 89.043060303
0.182356507 0.012142988 0.983157635 52.025012970 0.014488345 0.999782324 -0.015035617 -2.981831074 -0.983125865 0.016986161 0.182140768 89.168838501
0.230994761 0.008834203 0.972915113 52.525810242 0.009723551 0.999888301 -0.011387736 -3.003926754 -0.972906709 0.012090692 0.230882883 89.334259033
0.281962901 0.007334628 0.959397197 52.986164093 0.005208610 0.999944389 -0.009175403 -3.020926237 -0.959411085 0.007584252 0.281908870 89.499717712
0.335445255 0.007383071 0.942030728 53.441360474 0.004420170 0.999945939 -0.009410944 -3.023927212 -0.942049384 0.007320791 0.335394382 89.719314575
0.392715335 0.007706842 0.919627607 53.876144409 0.005959124 0.999922574 -0.010924514 -3.056675434 -0.919640839 0.009770401 0.392638862 89.956756592
0.452551126 0.010528121 0.891676247 54.272911072 0.007498800 0.999850035 -0.015611203 -3.069214821 -0.891707003 0.013751370 0.452404171 90.185073853
0.511095881 0.014023497 0.859409094 54.687881470 0.009489211 0.999713719 -0.021956230 -3.085667849 -0.859471500 0.019376853 0.510816395 90.496070862
0.568873703 0.018647263 0.822213590 55.047096252 0.005054396 0.999644637 -0.026168324 -3.100581169 -0.822409213 0.019042257 0.568577349 90.759277344
0.623691916 0.021348145 0.781378746 55.390357971 0.000859944 0.999607503 -0.027996805 -3.113688469 -0.781669557 0.018133322 0.623428822 91.119293213
0.676303387 0.022934353 0.736266136 55.702426910 -0.000810210 0.999537587 -0.030390915 -3.133198023 -0.736622453 0.019956946 0.676009357 91.474754333
0.725481749 0.021523243 0.687904537 55.970634460 -0.001088314 0.999545395 -0.030126136 -3.143215179 -0.688239753 0.021107305 0.725175500 91.816734314
0.770178676 0.018274836 0.637566328 56.260581970 -0.002993998 0.999682069 -0.025037572 -3.176020145 -0.637821078 0.017374536 0.769988418 92.224121094
0.811345220 0.012835129 0.584426343 56.486511230 -0.002694629 0.999830365 -0.018217325 -3.181259155 -0.584560812 0.013205726 0.811242163 92.634048462
0.847893715 0.010756728 0.530057311 56.675632477 -0.005397035 0.999917507 -0.011658616 -3.204161644 -0.530138552 0.007024533 0.847881734 93.020652771
0.878969550 0.008631932 0.476799905 56.870170593 -0.006991121 0.999961913 -0.005215246 -3.203554153 -0.476826429 0.001250679 0.878996432 93.483215332
0.905061543 0.007787152 0.425209165 57.056941986 -0.009135232 0.999957442 0.001131491 -3.217838764 -0.425181866 -0.004908438 0.905094624 93.952644348
0.925259709 0.010051039 0.379201353 57.191543579 -0.012619607 0.999911189 0.004288650 -3.235753775 -0.379124373 -0.008753484 0.925304294 94.349601746
0.940633297 0.015126512 0.339087635 57.320304871 -0.018481232 0.999807119 0.006666308 -3.227591276 -0.338921189 -0.012537304 0.940731108 94.845230103
0.952598989 0.020565869 0.303533435 57.431365967 -0.023462364 0.999707460 0.005898414 -3.242697716 -0.303323179 -0.012740430 0.952802479 95.297943115
0.961962044 0.022725759 0.272236466 57.536510468 -0.024959976 0.999677241 0.004746331 -3.219598055 -0.272040486 -0.011360801 0.962218583 95.773681641
0.968084037 0.017863277 0.249988541 57.657112122 -0.019960947 0.999783635 0.005858111 -3.253235102 -0.249829575 -0.010661148 0.968230963 96.246719360
0.972132266 0.015097872 0.233946547 57.772827148 -0.017058667 0.999834418 0.006360009 -3.255370378 -0.233811632 -0.010173583 0.972228527 96.738113403
0.975031793 0.018569382 0.221287802 57.864379883 -0.020404307 0.999773860 0.006008735 -3.256963491 -0.221126080 -0.010373933 0.975189924 97.244819641
0.977136314 0.023915032 0.211264685 57.951950073 -0.025720974 0.999652445 0.005803952 -3.249311924 -0.211052343 -0.011105189 0.977411449 97.759552002
0.978278399 0.030035619 0.205108121 58.048988342 -0.031720471 0.999484777 0.004930547 -3.256435394 -0.204854220 -0.011329574 0.978726685 98.280067444
0.978610396 0.037946995 0.202192664 58.139114380 -0.038973093 0.999239743 0.001094589 -3.255428076 -0.201997355 -0.008951250 0.979344964 98.797424316
0.978811920 0.039798751 0.200856224 58.253692627 -0.040424570 0.999182403 -0.000986608 -3.265895844 -0.200731099 -0.007153835 0.979619801 99.351440430
0.978426158 0.037420690 0.203180075 58.366832733 -0.037344187 0.999293625 -0.004211657 -3.276465893 -0.203194037 -0.003466800 0.979132295 99.888183594
0.977608025 0.037888572 0.206995860 58.492309570 -0.036443692 0.999277532 -0.010790294 -3.287205696 -0.207255036 0.003004982 0.978282094 100.442832947
0.976673841 0.039931629 0.210983247 58.623134613 -0.037583079 0.999179006 -0.015131244 -3.295454502 -0.211414114 0.006848886 0.977372408 101.004898071
0.975534499 0.043222014 0.215556130 58.736957550 -0.040879764 0.999046683 -0.015314769 -3.307964563 -0.216012448 0.006128199 0.976371109 101.584312439
0.974228680 0.044584364 0.221113056 58.863121033 -0.043120150 0.999004364 -0.011447024 -3.320281744 -0.221403167 0.001617587 0.975180686 102.179450989
0.973210156 0.042543162 0.225948215 59.007736206 -0.042045388 0.999091089 -0.007017077 -3.331994057 -0.226041287 -0.002670991 0.974113822 102.789283752
0.972598195 0.036727984 0.229574040 59.172660828 -0.037486903 0.999296725 -0.001056059 -3.337322235 -0.229451329 -0.007578895 0.973290205 103.409759521
0.971803725 0.033763535 0.233361199 59.326072693 -0.035632554 0.999357700 0.003796718 -3.345083237 -0.233082995 -0.012004916 0.972382665 104.034576416
0.971293569 0.027803291 0.236253470 59.488838196 -0.029830918 0.999542356 0.005011605 -3.359624147 -0.236005872 -0.011915391 0.971678495 104.686470032
0.971178234 0.025740914 0.236959934 59.641532898 -0.026963728 0.999634564 0.001920483 -3.364253283 -0.236823797 -0.008254449 0.971517444 105.317726135
0.971308768 0.024963021 0.236507550 59.805725098 -0.024432853 0.999688089 -0.005172704 -3.377490997 -0.236562848 -0.000754260 0.971615672 105.969001770
0.971401870 0.028810052 0.235686406 59.957214355 -0.026717780 0.999570191 -0.012066749 -3.385218620 -0.235932663 0.005424647 0.971754074 106.631080627
0.971920311 0.031571515 0.233182400 60.110809326 -0.028653581 0.999463141 -0.015891267 -3.395068169 -0.233558863 0.008763533 0.972302973 107.291755676
0.972651839 0.029269654 0.230414554 60.276535034 -0.027296904 0.999558508 -0.011745458 -3.407814026 -0.230656445 0.005134636 0.973021269 108.012763977
0.973056257 0.024371199 0.229276419 60.449367523 -0.024032354 0.999701977 -0.004270400 -3.426692963 -0.229312077 -0.001354713 0.973352015 108.718116760
0.973734856 0.022836739 0.226536810 60.615943909 -0.023829281 0.999714613 0.001647326 -3.436636209 -0.226434425 -0.007002268 0.974001229 109.449913025
0.973995328 0.027706338 0.224867240 60.767375946 -0.028695591 0.999587536 0.001131637 -3.449447632 -0.224743024 -0.007554906 0.974388778 110.168930054
0.974276006 0.032985728 0.222930327 60.909149170 -0.032943342 0.999449372 -0.003910028 -3.451343775 -0.222936392 -0.003534623 0.974826872 110.913879395
0.975065887 0.034724709 0.219182685 61.073112488 -0.033534016 0.999395490 -0.009151435 -3.470228434 -0.219367996 0.001573171 0.975640893 111.674087524
0.975947261 0.035677426 0.215068027 61.237773895 -0.033769663 0.999350727 -0.012539463 -3.475659370 -0.215375826 0.004975077 0.976518452 112.422325134
0.976943612 0.031763155 0.211122140 61.405731201 -0.030176479 0.999486864 -0.010733661 -3.489518404 -0.211354718 0.004115258 0.977400601 113.179870605
0.977664649 0.031370431 0.207817465 61.572933197 -0.030161139 0.999504566 -0.008985901 -3.502885818 -0.207996354 0.002517184 0.978126407 113.987609863
0.978126049 0.028952282 0.205988765 61.734016418 -0.028340783 0.999580622 -0.005919229 -3.520025253 -0.206073731 -0.000048136 0.978536546 114.777137756
0.978526056 0.023565060 0.204772353 61.901786804 -0.023202049 0.999721944 -0.004173953 -3.532956600 -0.204813763 -0.000666822 0.978800714 115.564384460
0.978760660 0.018547311 0.204166323 62.080795288 -0.018402478 0.999826968 -0.002608172 -3.554578066 -0.204179376 -0.001204393 0.978932738 116.375762939
0.978960335 0.017697174 0.203281745 62.248672485 -0.017905431 0.999838948 -0.000814791 -3.563413143 -0.203263447 -0.002842210 0.979120195 117.207626343
0.978768528 0.023140617 0.203658924 62.410804749 -0.023184016 0.999728858 -0.002173052 -3.577839613 -0.203653961 -0.002594717 0.979039252 118.041381836
0.978527248 0.028641233 0.204118341 62.569400787 -0.028086632 0.999589562 -0.005614153 -3.589897633 -0.204195350 -0.000239395 0.978929937 118.858016968
0.978025973 0.036410253 0.205279455 62.726387024 -0.035658002 0.999336720 -0.007363883 -3.608334780 -0.205411389 -0.000117789 0.978675544 119.684722900
0.977243185 0.041754130 0.207972378 62.890552521 -0.041280400 0.999125421 -0.006619259 -3.626643658 -0.208066866 -0.002116557 0.978112161 120.530746460
0.976446688 0.044405039 0.211140499 63.061538696 -0.044396400 0.999002218 -0.004783689 -3.642338753 -0.211142287 -0.004702858 0.977443874 121.383209229
0.976232767 0.046025101 0.211781815 63.262905121 -0.045733646 0.998933196 -0.006276938 -3.652032852 -0.211844876 -0.003557798 0.977296889 122.202560425
0.975926638 0.044727422 0.213464588 63.441146851 -0.043893956 0.998998821 -0.008644810 -3.672517300 -0.213637471 -0.000933107 0.976912558 123.044891357
0.975793421 0.039050527 0.215180695 63.631942749 -0.038107928 0.999237239 -0.008529007 -3.695601463 -0.215349570 0.000122458 0.976536989 123.886665344
0.976059973 0.033048555 0.214977294 63.827156067 -0.031894714 0.999452293 -0.008834859 -3.716933250 -0.215151459 0.001766712 0.976579070 124.712829590
0.975900531 0.029971279 0.216149688 64.016517639 -0.028664472 0.999547064 -0.009178953 -3.753601074 -0.216326773 0.002761927 0.976317048 125.568527222
0.975400805 0.032044027 0.218099251 64.189392090 -0.031299710 0.999486387 -0.006867556 -3.769047260 -0.218207255 -0.000127824 0.975902379 126.399330139
0.974616051 0.035210885 0.221099496 64.360145569 -0.036073007 0.999349177 -0.000138578 -3.780328035 -0.220960423 -0.007840655 0.975251138 127.253776550
0.974162996 0.038919285 0.222467884 64.544723511 -0.040416226 0.999180675 0.002178293 -3.778611422 -0.222200781 -0.011113322 0.974937499 128.101974487
0.973917127 0.038332265 0.223642871 64.725181580 -0.038559530 0.999250889 -0.003352445 -3.801434040 -0.223603770 -0.005358559 0.974665344 128.923492432
0.974202573 0.034663405 0.222997174 64.914360046 -0.031487703 0.999346137 -0.017781975 -3.827440262 -0.223467708 0.010301576 0.974656761 129.748519897
