1.000000000 -0.000000000 0.000000000 -0.000000000 -0.000000000 1.000000000 0.000000000 0.000000000 0.000000000 0.000000000 1.000000000 0.000000000
0.999055684 -0.001151201 0.043432426 0.038685214 0.001257085 0.999996305 -0.002410656 -0.024888515 -0.043429501 0.002462978 0.999053359 1.007062554
0.996000946 -0.005075766 0.089198276 0.122792073 0.005720011 0.999959290 -0.006968488 -0.056115616 -0.089159265 0.007450838 0.995989442 2.051088333
0.991038978 -0.005299017 0.133467704 0.274655074 0.006858251 0.999913335 -0.011225468 -0.116659388 -0.133396626 0.012040233 0.990989566 2.997968912
0.983450592 -0.003464063 0.181140825 0.437505305 0.006095137 0.999883592 -0.013970393 -0.101855002 -0.181071401 0.014843283 0.983357906 4.026009083
0.974053860 -0.005749477 0.226243943 0.666962266 0.009076844 0.999865174 -0.013669459 -0.139708728 -0.226134822 0.015368365 0.973974884 4.974772453
0.962361217 -0.007075761 0.271681309 0.933889747 0.011385931 0.999832928 -0.014291740 -0.169608265 -0.271534830 0.016847163 0.962281227 5.913681507
0.948591292 -0.010110829 0.316341221 1.239313602 0.016491588 0.999710798 -0.017499702 -0.198674694 -0.316072971 0.021817043 0.948484182 6.918630600
0.933637738 -0.011958356 0.358018816 1.603323579 0.019690894 0.999644876 -0.017960101 -0.285203427 -0.357676834 0.023817947 0.933541477 7.799667358
0.916187167 -0.012471471 0.400556624 1.997460127 0.022199145 0.999560177 -0.019654091 -0.278215080 -0.400135428 0.026898840 0.916061163 8.696945190
0.896192014 -0.012846342 0.443480194 2.423593998 0.023298573 0.999564052 -0.018127633 -0.323055923 -0.443053931 0.026578296 0.896100760 9.624053955
0.874335706 -0.012812924 0.485152662 2.890933037 0.023601649 0.999591231 -0.016135287 -0.365919948 -0.484747618 0.025558058 0.874280572 10.443247795
0.849661291 -0.013133362 0.527165413 3.417058945 0.025200173 0.999558926 -0.015714312 -0.393156111 -0.526726484 0.026636502 0.849617422 11.335559845
0.824259639 -0.013510449 0.566051245 3.953771591 0.027073538 0.999512136 -0.015567073 -0.423657209 -0.565564811 0.028156307 0.824223101 12.108282089
0.796710372 -0.014756086 0.604181290 4.533656597 0.030089395 0.999430656 -0.015268344 -0.477790058 -0.603611887 0.030343894 0.796700656 12.890892982
0.767403126 -0.014921978 0.640991390 5.169076920 0.032189853 0.999364972 -0.015273365 -0.472893894 -0.640356362 0.032354243 0.767396212 13.656271935
0.737038970 -0.017725438 0.675617993 5.819380283 0.036828671 0.999224305 -0.013961282 -0.541029096 -0.674846053 0.035172120 0.737119615 14.350578308
0.704792738 -0.016928745 0.709211290 6.495413303 0.037372731 0.999212980 -0.013288849 -0.565917492 -0.708428323 0.035871051 0.704870641 15.018969536
0.669639885 -0.016336758 0.742506146 7.239739895 0.039466366 0.999128163 -0.013610309 -0.561726689 -0.741636693 0.038418032 0.669700861 15.700909615
0.635122657 -0.017283248 0.772217691 7.958971977 0.043695159 0.998952448 -0.013579918 -0.630360723 -0.771174312 0.042367108 0.635212898 16.286859512
0.597539842 -0.015729213 0.801684916 8.751035690 0.044292040 0.998928547 -0.013414125 -0.643545508 -0.800614834 0.043523740 0.597596347 16.877037048
0.560566187 -0.014825420 0.827977061 9.518526077 0.047553129 0.998766065 -0.014311443 -0.696356773 -0.826743245 0.047395401 0.560579479 17.376312256
0.521738052 -0.013413995 0.853000045 10.317180634 0.051985092 0.998518050 -0.016094355 -0.723877072 -0.851520300 0.052740335 0.521662593 17.878036499
0.482590884 -0.012185506 0.875761092 11.196128845 0.054928984 0.998355985 -0.016377468 -0.739036322 -0.874121726 0.056008290 0.482466698 18.372493744
0.444142878 -0.014249860 0.895842552 12.027654648 0.059824232 0.998113751 -0.013783129 -0.764477491 -0.893956482 0.059714805 0.444157541 18.761957169
0.406623363 -0.014951398 0.913473547 12.925798416 0.063763455 0.997892261 -0.012050511 -0.810786545 -0.911368132 0.063146263 0.406719595 19.161251068
0.370606303 -0.012802825 0.928702116 13.854143143 0.065581784 0.997769833 -0.012415981 -0.834391415 -0.926472068 0.065507360 0.370619476 19.539123535
0.337228298 -0.013299580 0.941328943 14.754213333 0.066384144 0.997747123 -0.009685245 -0.849763870 -0.939079344 0.065755464 0.337351561 19.862871170
0.303361773 -0.014587604 0.952763796 15.715159416 0.068768114 0.997610629 -0.006621663 -0.865940094 -0.950390697 0.067528531 0.303640306 20.160087585
0.270714253 -0.014725258 0.962547123 16.648757935 0.069630519 0.997563183 -0.004322489 -0.892392397 -0.960138023 0.068192765 0.271080136 20.423131943
0.238568753 -0.012082814 0.971050560 17.624835968 0.067201868 0.997730970 -0.004095431 -0.920076787 -0.968797803 0.066233456 0.238839388 20.659437180
0.206381336 -0.010273726 0.978417575 18.634426117 0.067109704 0.997738779 -0.003679103 -0.916519463 -0.976167619 0.066420659 0.206604034 20.898027420
0.176077738 -0.009732839 0.984328389 19.621437073 0.069044784 0.997610629 -0.002486646 -0.932892919 -0.981951952 0.068400599 0.176329032 21.065240860
0.145523801 -0.010279639 0.989301324 20.644714355 0.070662685 0.997500241 -0.000029465 -0.948576927 -0.986827970 0.069910929 0.145886406 21.214056015
0.114437498 -0.010777690 0.993372023 21.695013046 0.069688194 0.997564852 0.002795022 -0.960663497 -0.990983129 0.068906449 0.114909939 21.349487305
0.085192651 -0.010799808 0.996305943 22.727596283 0.070225105 0.997519612 0.004808119 -0.966103673 -0.993886769 0.069556050 0.085739724 21.439773560
0.057505414 -0.010513663 0.998289883 23.818702698 0.072542667 0.997345209 0.006324972 -0.959923387 -0.995706141 0.072054893 0.058115430 21.488286972
0.032501820 -0.009896616 0.999422789 24.862874985 0.077052481 0.996999502 0.007366830 -0.979613483 -0.996497035 0.076768562 0.033166889 21.540330887
0.009541010 -0.009260799 0.999911606 25.980556488 0.081606768 0.996628881 0.008451711 -0.976355672 -0.996618986 0.081518948 0.010264589 21.548538208
-0.011332883 -0.009522209 0.999890327 27.096559525 0.087076485 0.996146619 0.010473493 -0.992755771 -0.996137142 0.087185629 -0.010460042 21.535657883
-0.028697217 -0.009873993 0.999539375 28.218761444 0.091575794 0.995720208 0.012465446 -0.984980822 -0.995384455 0.091891386 -0.027670169 21.500938416
-0.044463202 -0.009942267 0.998961806 29.348628998 0.094506092 0.995424151 0.014113477 -0.979460597 -0.994530857 0.095035508 -0.043320134 21.451768875
-0.059433445 -0.010421098 0.998178124 30.491950989 0.096890748 0.995163798 0.016158700 -0.978860617 -0.993519008 0.097674623 -0.058136310 21.392696381
-0.072592840 -0.011199077 0.997298837 31.616794586 0.097299851 0.995087564 0.018256651 -0.971044421 -0.992604136 0.098362304 -0.071146578 21.308448792
-0.084829241 -0.011036240 0.996334493 32.774566650 0.097089142 0.995088756 0.019288743 -0.961996853 -0.991654038 0.098369494 -0.083341122 21.215476990
-0.096311055 -0.008441369 0.995315433 33.943721771 0.097051166 0.995119631 0.017830787 -0.955715954 -0.990608513 0.098313794 -0.095021747 21.104608536
-0.106067978 -0.004934744 0.994346738 35.109085083 0.097449936 0.995122194 0.015333683 -0.946665823 -0.989571929 0.098525420 -0.105069749 20.984083176
-0.115795821 -0.002570711 0.993269861 36.330501556 0.098188527 0.995068908 0.014022233 -0.943216085 -0.988407791 0.099151403 -0.114972427 20.847251892
-0.122996733 -0.001211022 0.992406368 37.540382385 0.098048165 0.995091677 0.013366177 -0.931428790 -0.987551570 0.098947607 -0.122274280 20.691802979
-0.129024029 -0.000221679 0.991641402 38.793247223 0.098104335 0.995091379 0.012986956 -0.915522099 -0.986776888 0.098959960 -0.128368914 20.544795990
-0.134410545 0.001065785 0.990924954 40.057228088 0.098611623 0.995050192 0.012305599 -0.915768147 -0.986006796 0.099370733 -0.133850247 20.371725082
-0.138692603 0.002474701 0.990332365 41.293594360 0.097976223 0.995125413 0.011234546 -0.906509995 -0.985476971 0.098587170 -0.138258934 20.197948456
-0.142983645 0.003540138 0.989718795 42.650402069 0.098284490 0.995101511 0.010639655 -0.908963680 -0.984832704 0.098795258 -0.142631114 20.021442413
-0.146109462 0.003204529 0.989263117 43.998382568 0.098358929 0.995086789 0.011303755 -0.909837663 -0.984366477 0.098954469 -0.145706803 19.826564789
-0.148732409 0.001353342 0.988876462 45.339004517 0.098897271 0.995005846 0.013512954 -0.901578009 -0.983919621 0.099806987 -0.148123428 19.628532410
-0.150486842 0.000087448 0.988611758 46.700115204 0.099234007 0.994950712 0.015017427 -0.871668637 -0.983618796 0.100363843 -0.149735674 19.419330597
-0.152655065 -0.000145708 0.988279462 48.113513947 0.100198917 0.994844735 0.015623952 -0.868259549 -0.983187020 0.101409622 -0.151853457 19.194320679
-0.152968079 0.000997630 0.988230586 49.496921539 0.101270445 0.994750738 0.014671427 -0.844357252 -0.983028531 0.102322839 -0.152266070 18.971202850
-0.153960347 0.001600181 0.988075793 50.960449219 0.101963885 0.994685650 0.014276965 -0.846978366 -0.982801974 0.102946125 -0.153305307 18.752731323
-0.153773397 0.002437815 0.988103330 52.393997192 0.102464736 0.994645119 0.013492113 -0.821727037 -0.982779086 0.103320427 -0.153199807 18.541164398
-0.153599441 0.003445423 0.988127351 53.863548279 0.101869911 0.994720995 0.012366754 -0.832882285 -0.982868135 0.102559939 -0.153139532 18.325218201
-0.152103111 0.003509466 0.988358378 55.374610901 0.101863675 0.994724154 0.012144214 -0.830032468 -0.983101308 0.102524988 -0.151658148 18.077959061
-0.151117653 0.002895842 0.988511205 56.887447357 0.102411203 0.994660556 0.012742161 -0.810018003 -0.983196199 0.103160247 -0.150607318 17.882349014
-0.149943784 0.003043785 0.988689721 58.422031403 0.102309510 0.994674623 0.012453952 -0.807174206 -0.983386636 0.103019744 -0.149456665 17.646282196
-0.148609623 0.003923760 0.988888085 60.004768372 0.102673315 0.994648695 0.011483073 -0.796153545 -0.983551085 0.103238910 -0.148217171 17.407649994
-0.146868169 0.004578899 0.989145458 61.575977325 0.102759436 0.994649231 0.010653328 -0.794583857 -0.983803928 0.103208683 -0.146552816 17.169208527
-0.146941945 0.004474440 0.989134789 63.198966980 0.103064649 0.994615853 0.010811630 -0.788078547 -0.983761013 0.103533514 -0.146611929 16.948654175
-0.146604300 0.003027316 0.989190519 64.785720825 0.104575381 0.994439065 0.012455356 -0.792681277 -0.983651936 0.105270982 -0.146105632 16.728477478
-0.146090478 0.001938486 0.989269257 66.439598083 0.106937550 0.994169295 0.013843931 -0.777651906 -0.983474493 0.107812501 -0.145445973 16.482139587
-0.144997180 0.002501843 0.989428759 68.095550537 0.109013051 0.993948996 0.013462195 -0.761378407 -0.983408689 0.109812617 -0.144392610 16.245424271
-0.144262627 0.003366167 0.989533722 69.748779297 0.108323239 0.994038165 0.012410790 -0.777383149 -0.983592629 0.108979903 -0.143767193 16.001070023
-0.143471405 0.003741962 0.989647329 71.406394958 0.109933309 0.993864059 0.012179373 -0.759128869 -0.983529627 0.110542633 -0.143002450 15.775108337
-0.143422931 0.002826063 0.989657462 73.105369568 0.109811418 0.993866384 0.013075984 -0.771516383 -0.983550549 0.110551082 -0.142853573 15.529156685
-0.143242732 0.002928543 0.989683390 74.805023193 0.110276282 0.993815482 0.013020161 -0.743454754 -0.983524740 0.111003600 -0.142679811 15.289257050
-0.143386513 0.002510947 0.989663482 76.561843872 0.111128844 0.993713260 0.013579581 -0.750499427 -0.983407676 0.111927286 -0.142764062 15.033967018
-0.142954022 0.002792394 0.989725411 78.279960632 0.112261258 0.993587971 0.013411498 -0.736444473 -0.983342171 0.113025002 -0.142350852 14.795211792
-0.143204167 0.003516386 0.989686668 80.027557373 0.112841114 0.993530512 0.012797664 -0.736202538 -0.983239293 0.113510080 -0.142674461 14.553235054
-0.144067943 0.004352295 0.989558399 81.814483643 0.112112589 0.993623912 0.011952093 -0.729444265 -0.983196318 0.112663858 -0.143637270 14.298372269
-0.144546345 0.005152423 0.989484727 83.591262817 0.111247234 0.993731081 0.011076745 -0.726363719 -0.983224511 0.111678526 -0.144213468 14.042150497
-0.145661250 0.005304139 0.989320397 85.392021179 0.110347837 0.993833005 0.010918580 -0.732219160 -0.983161330 0.110759743 -0.145348251 13.782839775
-0.146505788 0.005401416 0.989194989 87.203010559 0.110739388 0.993788958 0.010974672 -0.716849267 -0.982991815 0.111150689 -0.146193951 13.511877060
-0.147865802 0.004218026 0.988998353 89.044090271 0.109453224 0.993918002 0.012125416 -0.733670950 -0.982932210 0.110041991 -0.147428170 13.266446114
-0.148465335 0.003943135 0.988909781 90.889976501 0.107267529 0.994155943 0.012140053 -0.712284684 -0.983082771 0.107880265 -0.148020715 12.986862183
-0.149710387 0.004358378 0.988720417 92.758399963 0.106981754 0.994190454 0.011816499 -0.717542410 -0.982925236 0.107544042 -0.149307013 12.705537796
-0.152199924 0.004907643 0.988337398 94.630134583 0.105457477 0.994359553 0.011302468 -0.710876226 -0.982707679 0.105947800 -0.151858971 12.421245575
-0.156299800 0.005654261 0.987693489 96.511840820 0.105743900 0.994332135 0.011041424 -0.709971309 -0.982033014 0.106168330 -0.156011790 12.126729965
-0.160984293 0.005081681 0.986943841 98.384658813 0.104043283 0.994502187 0.011850307 -0.702753067 -0.981457591 0.104592577 -0.160627887 11.842282295
-0.165455267 0.004786481 0.986205637 100.301208496 0.102884986 0.994615614 0.012433670 -0.691499710 -0.980835974 0.103522964 -0.165056899 11.522270203
-0.170279890 0.005303138 0.985381484 102.220039368 0.101842709 0.994725347 0.012245616 -0.689617872 -0.980118692 0.102439113 -0.169921756 11.228261948
-0.174923807 0.006971650 0.984557390 104.126571655 0.101952106 0.994727850 0.011069908 -0.700909615 -0.979289055 0.102314048 -0.174712345 10.879207611
-0.179559484 0.008471946 0.983710468 106.065719604 0.101422630 0.994793594 0.009945579 -0.706014872 -0.978504896 0.101556405 -0.179483995 10.532114029
-0.184341058 0.008995347 0.982821167 108.011337280 0.100074798 0.994933009 0.009664150 -0.706873894 -0.977754235 0.100137159 -0.184307188 10.187341690
-0.190129891 0.008784560 0.981719792 109.952575684 0.098682344 0.995066643 0.010207853 -0.714490771 -0.976786613 0.098819263 -0.190058783 9.831779480
-0.195840344 0.008167890 0.980601728 111.918800354 0.096396677 0.995282650 0.010961642 -0.716374516 -0.975886285 0.096673518 -0.195703864 9.469451904
-0.200878650 0.007481476 0.979587197 113.850593567 0.095548294 0.995352626 0.011991693 -0.715291858 -0.974945009 0.096006870 -0.200659886 9.065380096
-0.206605926 0.007195210 0.978397787 115.821022034 0.095587455 0.995337784 0.012865187 -0.708213925 -0.973743856 0.096180573 -0.206330493 8.679292679
-0.212731346 0.008999545 0.977069199 117.808998108 0.097205348 0.995191813 0.011997457 -0.716915369 -0.972263575 0.097528592 -0.212583348 8.271099091
-0.217984810 0.009631644 0.975904346 119.794151306 0.095472023 0.995365500 0.011501578 -0.717187524 -0.971270859 0.095678769 -0.217894047 7.823848724
-0.224080160 0.009504084 0.974524379 121.794120789 0.096081741 0.995296359 0.012386179 -0.721839666 -0.969822884 0.096409500 -0.223939300 7.380094528
-0.229731634 0.009781875 0.973204732 123.816726685 0.095606074 0.995340049 0.012564096 -0.716408730 -0.968546748 0.095930643 -0.229596242 6.925848007
-0.234814361 0.010599508 0.971982419 125.798149109 0.094909884 0.995412529 0.012073592 -0.713838100 -0.967395782 0.095085785 -0.234743193 6.450767517
-0.240244135 0.010627022 0.970654309 127.831993103 0.093354285 0.995557845 0.012206210 -0.717322230 -0.966212928 0.093547218 -0.240169093 5.963762283
-0.244674563 0.010291837 0.969550610 129.817810059 0.095168792 0.995370209 0.013450747 -0.715936780 -0.964923263 0.095561989 -0.244521230 5.474435806
-0.248504400 0.010264284 0.968576252 131.838012695 0.097095087 0.995171607 0.014365228 -0.705668688 -0.963752210 0.097613789 -0.248301059 4.964466095
-0.252085537 0.010802184 0.967644513 133.874298096 0.098445766 0.995036364 0.014538595 -0.708966732 -0.962684453 0.098925516 -0.251897633 4.433917999
-0.255125821 0.011358262 0.966841161 135.889938354 0.098620273 0.995021880 0.014334167 -0.702184200 -0.961865246 0.099007145 -0.254975975 3.907447815
-0.257930040 0.011542718 0.966094494 137.941390991 0.097668581 0.995117903 0.014186272 -0.694006801 -0.961214304 0.098016173 -0.257798016 3.369136810
-0.262443542 0.011748374 0.964875579 140.007614136 0.096517645 0.995230854 0.014134542 -0.692172766 -0.960107982 0.096837103 -0.262325704 2.817207336
-0.267073989 0.011912301 0.963602424 142.071472168 0.094839558 0.995394349 0.013980619 -0.693532825 -0.958997846 0.095121488 -0.266973823 2.254131317
-0.271601826 0.012096692 0.962333560 144.143493652 0.094217449 0.995452106 0.014078252 -0.680902958 -0.957786381 0.094492331 -0.271506310 1.691276550
-0.276136398 0.012581989 0.961036265 146.201416016 0.094626799 0.995412111 0.014157272 -0.685365438 -0.956448853 0.094849102 -0.276060134 1.123741150
-0.280511111 0.013232525 0.959759474 148.274917603 0.094047874 0.995472550 0.013762682 -0.676565170 -0.955232024 0.094123967 -0.280485570 0.533473969
-0.285201132 0.013127901 0.958377838 150.380493164 0.093539216 0.995514274 0.014199489 -0.678509474 -0.953892529 0.093695648 -0.285149753 -0.078529358
-0.289184153 0.012686130 0.957189202 152.462280273 0.093379714 0.995517373 0.015017602 -0.670644999 -0.952708006 0.093724936 -0.289072603 -0.695877075
-0.293262094 0.012908585 0.955944836 154.561355591 0.094212085 0.995432317 0.015460322 -0.663815498 -0.951378524 0.094595470 -0.293138653 -1.326210022
-0.297191739 0.013505221 0.954722285 156.682540894 0.095142767 0.995342374 0.015536796 -0.664474249 -0.950065851 0.095452316 -0.297092497 -1.974800110
-0.300791174 0.014432264 0.953580797 158.753234863 0.095025308 0.995363176 0.014909516 -0.652343750 -0.948943973 0.095098957 -0.300767899 -2.617393494
-0.304837227 0.015938746 0.952271044 160.877166748 0.095177442 0.995364547 0.013807789 -0.657400131 -0.947636783 0.094843842 -0.304941088 -3.287780762
-0.308343023 0.017149808 0.951120555 163.014465332 0.095699981 0.995324194 0.013078036 -0.649717331 -0.946449459 0.095054738 -0.308542520 -3.964775085
-0.311630011 0.017727988 0.950038254 165.092224121 0.095338844 0.995363891 0.012699114 -0.655045509 -0.945408523 0.094532959 -0.311875403 -4.626838684
-0.315382540 0.017742179 0.948799074 167.258178711 0.095115289 0.995381355 0.013003257 -0.643881559 -0.944186032 0.094346285 -0.315613449 -5.341827393
-0.319240391 0.018067595 0.947501540 169.361114502 0.095394649 0.995352447 0.013161127 -0.647003174 -0.942860365 0.094588108 -0.319480330 -6.034626007
-0.324196249 0.018794965 0.945803046 171.490921021 0.096152000 0.995279372 0.013180201 -0.637814760 -0.941090584 0.095213823 -0.324473143 -6.750175476
-0.326553434 0.018783448 0.944991946 173.669525146 0.098865725 0.994996786 0.014386862 -0.645560503 -0.939993739 0.098125450 -0.326776564 -7.486209869
-0.328807801 0.018495984 0.944215775 175.785003662 0.099592455 0.994912326 0.015192389 -0.637815237 -0.939130783 0.099032134 -0.328976899 -8.207263947
-0.331952006 0.017899653 0.943126380 177.945861816 0.099421725 0.994914949 0.016110891 -0.632700682 -0.938042164 0.099115305 -0.332043678 -8.963642120
-0.334702641 0.018034905 0.942151308 180.131439209 0.098074228 0.995053828 0.015793633 -0.624225855 -0.937206209 0.097686939 -0.334815651 -9.747116089
-0.336947590 0.019686205 0.941317439 182.274841309 0.097227670 0.995163798 0.013990651 -0.619718075 -0.936489642 0.096236259 -0.337232143 -10.483612061
-0.340942621 0.021199211 0.939845204 184.445816040 0.096509181 0.995252788 0.012561135 -0.625238419 -0.935117006 0.094986312 -0.341370046 -11.266418457
-0.344312876 0.022400565 0.938587666 186.649124146 0.095671542 0.995348454 0.011341066 -0.616098881 -0.933967531 0.093701035 -0.344854444 -12.066020966
-0.347820580 0.023289742 0.937271833 188.807205200 0.094155289 0.995505214 0.010204189 -0.621936083 -0.932821274 0.091798328 -0.348450065 -12.840896606
-0.351438940 0.023766957 0.935908854 191.029266357 0.094596557 0.995462954 0.010242197 -0.629463077 -0.931419551 0.092133269 -0.352092624 -13.659618378
-0.354731649 0.023004388 0.934684932 193.189483643 0.094161384 0.995493710 0.011235122 -0.627811432 -0.930214524 0.091996685 -0.355299234 -14.468936920
-0.358487815 0.022286167 0.933268368 195.380203247 0.093714677 0.995523930 0.012224934 -0.631618261 -0.928818703 0.091843449 -0.358971775 -15.288604736
-0.362015098 0.021988273 0.931912959 197.593307495 0.093826465 0.995504200 0.012959570 -0.636420012 -0.927438140 0.092129655 -0.362450689 -16.149673462
-0.365879387 0.022366198 0.930393338 199.767272949 0.092650443 0.995620370 0.012500769 -0.630474091 -0.926039219 0.090775110 -0.366349012 -16.979270935
-0.369098812 0.023102464 0.929102898 201.955932617 0.092123583 0.995677173 0.011839476 -0.628368378 -0.924813390 0.089962237 -0.369631469 -17.854934692
-0.372644663 0.023449495 0.927677751 204.189407349 0.092182092 0.995671630 0.011860987 -0.637867928 -0.923384309 0.089935213 -0.373193324 -18.723957062
-0.375481874 0.023881311 0.926522017 206.381668091 0.092767045 0.995616436 0.011932498 -0.647890568 -0.922175229 0.090431198 -0.376051247 -19.605461121
-0.378101051 0.023832170 0.925457537 208.599761963 0.093751632 0.995515049 0.012666487 -0.650368690 -0.921005070 0.091552354 -0.378639489 -20.500453949
-0.380673379 0.023711830 0.924405277 210.795486450 0.095234975 0.995360732 0.013686210 -0.645946503 -0.919792235 0.093245760 -0.381165653 -21.393505096
-0.383338392 0.023982307 0.923296571 213.007049561 0.095973760 0.995285332 0.013994594 -0.649221420 -0.918608189 0.093976870 -0.383832663 -22.303085327
-0.385667533 0.024753129 0.922305763 215.207611084 0.095899098 0.995301008 0.013388568 -0.653428078 -0.917640269 0.093611851 -0.386228979 -23.236766815
-0.388768464 0.025212614 0.920990407 217.417739868 0.095733009 0.995319903 0.013163369 -0.650058270 -0.916348279 0.093286730 -0.389362633 -24.147220612
-0.391209990 0.026234251 0.919927597 219.633071899 0.095246390 0.995379925 0.012118654 -0.656215906 -0.915359437 0.092360705 -0.391901344 -25.075340271
-0.394605130 0.027057238 0.918452442 221.848205566 0.094587415 0.995452285 0.011313036 -0.670291662 -0.913969338 0.091338187 -0.395369947 -26.009696960
-0.396789610 0.027468096 0.917498410 224.041931152 0.092829496 0.995628238 0.010338714 -0.673363924 -0.913203478 0.089273177 -0.397604942 -26.940105438
-0.399797410 0.028248008 0.916168213 226.252914429 0.093586721 0.995559692 0.010143473 -0.688546419 -0.911813676 0.089796491 -0.400665671 -27.889301300
-0.402362823 0.028015770 0.915051460 228.475601196 0.095092848 0.995403767 0.011337960 -0.703392744 -0.910527825 0.091576822 -0.403177649 -28.879623413
-0.404904157 0.027321849 0.913950622 230.656539917 0.095888607 0.995310545 0.012727169 -0.702456474 -0.909317195 0.092790768 -0.405625492 -29.838195801
-0.407736152 0.026808044 0.912705958 232.880889893 0.094727367 0.995417416 0.013080413 -0.704843998 -0.908172667 0.091791615 -0.408407122 -30.827487946
-0.410885453 0.026665784 0.911297023 235.067550659 0.093448907 0.995539308 0.013003409 -0.723106146 -0.906885028 0.090502605 -0.411544442 -31.783893585
-0.414316356 0.026323749 0.909752250 237.256256104 0.092110857 0.995661974 0.013139274 -0.717364788 -0.905459821 0.089241855 -0.414943844 -32.777439117
-0.417922109 0.025764195 0.908117175 239.484390259 0.090846948 0.995772481 0.013557376 -0.720130444 -0.903929293 0.088165618 -0.418496042 -33.776576996
-0.420977473 0.025488840 0.906712890 241.652603149 0.090227947 0.995824158 0.013898047 -0.728739500 -0.902572453 0.087661624 -0.421519339 -34.784019470
-0.425306141 0.025270833 0.904696524 243.818344116 0.089587674 0.995876253 0.014298268 -0.727339268 -0.900604606 0.087130830 -0.425816447 -35.783599854
-0.429524928 0.024796704 0.902714372 246.023254395 0.088733777 0.995944381 0.014863224 -0.736935854 -0.898684919 0.086485416 -0.429983228 -36.792343140
-0.432791352 0.025010230 0.901146889 248.191162109 0.087965429 0.996016145 0.014603712 -0.727766514 -0.897192180 0.085590154 -0.433267474 -37.839920044
-0.436757147 0.025548650 0.899216712 250.368881226 0.087990992 0.996016741 0.014439045 -0.734107018 -0.895265579 0.085429311 -0.437265575 -38.875053406
-0.440551758 0.025748195 0.897358060 252.545333862 0.088393718 0.995975614 0.014818440 -0.747541904 -0.893364787 0.085849129 -0.441054761 -39.923835754
-0.443712801 0.025842084 0.895796239 254.690002441 0.088044576 0.996005654 0.014877994 -0.743695498 -0.891833544 0.085471608 -0.444215596 -40.971290588
-0.447658122 0.025984736 0.893827200 256.906158447 0.086976334 0.996103466 0.014602569 -0.751585960 -0.889964640 0.084278740 -0.448173732 -42.054405212
-0.450844914 0.026396289 0.892211914 259.019042969 0.087233469 0.996080816 0.014610804 -0.738285780 -0.888329625 0.084417939 -0.451380521 -43.126472473
-0.454067707 0.028024010 0.890526235 261.188232422 0.088081993 0.996020794 0.013568049 -0.721031427 -0.886602700 0.084600165 -0.454729468 -44.192214966
-0.458286256 0.028213687 0.888356805 263.397552490 0.088941291 0.995934844 0.014252810 -0.735219002 -0.884343565 0.085543476 -0.458932579 -45.320205688
-0.461472869 0.029775048 0.886654735 265.483795166 0.091048494 0.995748758 0.013948985 -0.743658066 -0.882469952 0.087165594 -0.462221891 -46.424659729
-0.464697748 0.030723462 0.884936273 267.635253906 0.092078745 0.995656371 0.013784934 -0.732763529 -0.880668640 0.087889634 -0.465508074 -47.519554138
-0.467732430 0.032780107 0.883262038 269.820739746 0.094000973 0.995489359 0.012833165 -0.735757351 -0.878857315 0.089029968 -0.468703926 -48.658149719
-0.470058352 0.035006184 0.881941020 271.937377930 0.096073143 0.995305419 0.011699360 -0.742910862 -0.877390981 0.090230219 -0.471214950 -49.772483826
-0.472984850 0.035749778 0.880344808 274.133544922 0.096790500 0.995237231 0.011587441 -0.733273745 -0.875737786 0.090689741 -0.474192530 -50.948600769
-0.476542801 0.035860140 0.878419757 276.280090332 0.096862964 0.995226204 0.011919577 -0.741288662 -0.873798966 0.090766497 -0.477741450 -52.099777222
-0.479565233 0.036766246 0.876735568 278.466583252 0.096370250 0.995285153 0.010975865 -0.730529547 -0.872198284 0.089754865 -0.480847329 -53.258689880
-0.483017564 0.037706230 0.874798238 280.678253174 0.096769080 0.995251119 0.010532723 -0.725887299 -0.870246708 0.089740902 -0.484372616 -54.493339539
-0.486138016 0.038063567 0.873052657 282.842468262 0.096262187 0.995303690 0.010207762 -0.729580879 -0.868563712 0.089004330 -0.487519145 -55.674041748
-0.488740236 0.038102396 0.871596813 285.028381348 0.094983213 0.995431185 0.009745096 -0.722650290 -0.867243350 0.087549895 -0.490126282 -56.873382568
-0.491439730 0.038585041 0.870056510 287.273406982 0.095834382 0.995346904 0.009989385 -0.725796461 -0.865622461 0.088290490 -0.492851138 -58.136817932
-0.493828058 0.038510427 0.868706167 289.446472168 0.097359188 0.995185912 0.011227807 -0.725560188 -0.864091992 0.090121150 -0.495200038 -59.353179932
-0.496007770 0.038369525 0.867469966 291.635101318 0.098222293 0.995090365 0.012147831 -0.727594376 -0.862744987 0.091230340 -0.497341275 -60.598777771
-0.498349816 0.038205560 0.866133988 293.910339355 0.098005809 0.995107472 0.012495245 -0.725584984 -0.861418784 0.091113150 -0.499655783 -61.878173828
-0.500167251 0.037958439 0.865096331 296.102569580 0.097929440 0.995109141 0.012956177 -0.703639984 -0.860373318 0.091198698 -0.501438260 -63.147377014
-0.503822505 0.037318856 0.863000572 298.372924805 0.099104203 0.994966447 0.014831873 -0.700729370 -0.858103096 0.092999607 -0.504985034 -64.454315186
-0.504997194 0.037419550 0.862309277 300.577026367 0.099211931 0.994954228 0.014926244 -0.695987225 -0.857399881 0.093089111 -0.506161809 -65.738319397
-0.506681383 0.038281605 0.861282706 302.815460205 0.098973542 0.994991720 0.014000257 -0.680321217 -0.856433392 0.092337869 -0.507932603 -67.051528931
-0.509941161 0.039698210 0.859292626 305.096832275 0.097707428 0.995142698 0.012009471 -0.686181068 -0.854642332 0.090083443 -0.511342883 -68.386680603
-0.512744784 0.039445706 0.857634604 307.308593750 0.095914535 0.995322466 0.011564916 -0.680244684 -0.853166759 0.088189475 -0.514129519 -69.691001892
-0.517031431 0.037597850 0.855140388 309.571716309 0.094007015 0.995485663 0.013069727 -0.671637535 -0.850788414 0.087146670 -0.518231928 -71.034500122
-0.522613168 0.035622176 0.851825178 311.892333984 0.091860779 0.995663285 0.014721307 -0.658923626 -0.847606480 0.085942924 -0.523618758 -72.409149170
-0.526890218 0.034354262 0.849238813 314.107604980 0.090485908 0.995771468 0.015857877 -0.643018723 -0.845103025 0.085199520 -0.527770579 -73.775733948
-0.531247556 0.034165021 0.846527278 316.379394531 0.090605855 0.995747209 0.016673278 -0.630856991 -0.842357755 0.085557960 -0.532083929 -75.170478821
-0.535891354 0.035546727 0.843538404 318.675445557 0.092979208 0.995520771 0.017117439 -0.616899967 -0.839151502 0.087604597 -0.536795974 -76.598487854
-0.539073229 0.036368694 0.841473222 320.891143799 0.093590856 0.995466948 0.016932782 -0.600745201 -0.837042868 0.087882221 -0.540033281 -78.016174316
-0.543072522 0.036237065 0.838903546 323.211608887 0.093749635 0.995438755 0.017691063 -0.592448235 -0.834435821 0.088254452 -0.543993056 -79.501586914
-0.546838820 0.035219420 0.836496711 325.410583496 0.094472364 0.995329440 0.019852133 -0.567039013 -0.831890762 0.089881755 -0.547612309 -80.916542053
-0.550945878 0.033774886 0.833857358 327.661712646 0.093127757 0.995428145 0.021212069 -0.549640656 -0.829328656 0.089341946 -0.551572084 -82.364906311
-0.555007637 0.033584286 0.831166983 329.979858398 0.092628755 0.995465755 0.021629410 -0.540975094 -0.826672137 0.088994473 -0.555601954 -83.879180908
-0.558678508 0.032843761 0.828733802 332.169860840 0.091789961 0.995525956 0.022424875 -0.512794495 -0.824289322 0.088597730 -0.559193552 -85.334838867
-0.562859476 0.033366773 0.825878799 334.389862061 0.094087794 0.995276570 0.023912741 -0.484347820 -0.821180046 0.091164604 -0.563340306 -86.840888977
-0.566814244 0.032543093 0.823202372 336.714782715 0.093154922 0.995342910 0.024793399 -0.471451759 -0.818561852 0.090738609 -0.567206085 -88.417335510
-0.569515944 0.031656437 0.821370423 338.889526367 0.092087545 0.995424747 0.025486354 -0.443633080 -0.816805720 0.090152867 -0.569825470 -89.897361755
-0.573772967 0.031065220 0.818424881 341.128936768 0.091822922 0.995420277 0.026590781 -0.405083656 -0.813850999 0.090407200 -0.573997617 -91.440971375
-0.576894581 0.030462289 0.816250026 343.407043457 0.092314713 0.995333254 0.028098905 -0.370981216 -0.811585069 0.091561995 -0.577014804 -93.012771606
-0.579505920 0.029002424 0.814451694 345.591827393 0.089543439 0.995581985 0.028260287 -0.346323013 -0.810033858 0.089305758 -0.579542696 -94.552040100
-0.581504881 0.029126288 0.813021421 347.899658203 0.086614460 0.995895386 0.026272397 -0.299469948 -0.808918893 0.085696928 -0.581640899 -96.173507690
-0.584367633 0.028115118 0.811001956 350.080871582 0.082456701 0.996284127 0.024875892 -0.282442093 -0.807288885 0.081409201 -0.584514499 -97.693733215
-0.588943064 0.024785593 0.807794452 352.257385254 0.079264894 0.996481836 0.027214987 -0.242724419 -0.804278255 0.080057785 -0.588835895 -99.282562256
-0.592435896 0.024763612 0.805236697 354.527526855 0.081519000 0.996239662 0.029338315 -0.198086739 -0.801482618 0.083023190 -0.592226982 -100.899200439
-0.594867229 0.025038209 0.803434074 356.673004150 0.080704443 0.996324658 0.028704626 -0.157914162 -0.799762487 0.081916131 -0.594702005 -102.492782593
-0.598324001 0.023320900 0.800914824 358.854980469 0.077232659 0.996600509 0.028677877 -0.125169754 -0.797523320 0.079015456 -0.598091245 -104.095054626
-0.601013243 0.020647407 0.798972189 361.128540039 0.076190643 0.996593654 0.031558681 -0.073349953 -0.795599103 0.079841465 -0.600539327 -105.773170471
-0.604134798 0.018556589 0.796666086 363.290039062 0.074677452 0.996647656 0.033415329 -0.023630142 -0.793375492 0.079680346 -0.603495300 -107.377929688
-0.607220054 0.017976984 0.794330418 365.437927246 0.072954826 0.996782243 0.033210985 0.022048950 -0.791177094 0.078116588 -0.606577694 -108.982360840
-0.610354483 0.017012915 0.791945815 367.640838623 0.071589328 0.996862650 0.033759028 0.065852165 -0.788886726 0.077299826 -0.609657586 -110.652565002
-0.612972260 0.017625634 0.789907813 369.793548584 0.072369754 0.996801019 0.033917118 0.116401672 -0.786782920 0.077955708 -0.612286925 -112.310806274
-0.615569949 0.017718717 0.787883103 371.940460205 0.073053569 0.996725440 0.034661073 0.165576935 -0.784689188 0.078893967 -0.614848614 -113.951095581
-0.617890358 0.014935766 0.786122084 374.102874756 0.068518251 0.997038484 0.034912169 0.204027176 -0.783273280 0.075435579 -0.617084265 -115.616622925
-0.620605052 0.010881169 0.784047544 376.234069824 0.058221627 0.997782886 0.032237343 0.240885735 -0.781958699 0.065655187 -0.619863093 -117.266090393
-0.624469280 0.015212401 0.780900836 378.383758545 0.052693140 0.998352706 0.022689113 0.322574615 -0.779269636 0.055316772 -0.624242902 -118.909423828
-0.626194894 0.023724198 0.779305577 380.550689697 0.060211681 0.998023450 0.017999282 0.311659813 -0.777337968 0.058194350 -0.626385629 -120.638809204
-0.627781630 0.025459044 0.777972877 382.680236816 0.067769490 0.997457683 0.022044666 0.308556557 -0.775433302 0.066562071 -0.627911031 -122.334442139
-0.629483342 0.016082495 0.776847601 384.723571777 0.067152217 0.997171044 0.033770092 0.326100349 -0.774106741 0.073424742 -0.628782511 -123.999244690
-0.632126331 0.006219427 0.774840474 386.885742188 0.062007070 0.997166872 0.042582337 0.409057617 -0.772380054 0.074962996 -0.630721033 -125.706710815
-0.635304749 -0.000115451 0.772261560 388.999542236 0.056352429 0.997327089 0.046507701 0.498186111 -0.770202816 0.073065378 -0.633600056 -127.395530701
-0.638187051 -0.000099837 0.769881368 391.111145020 0.055215329 0.997418880 0.045899652 0.578695297 -0.767898798 0.071801834 -0.636534095 -129.109222412
-0.640455365 0.004619901 0.767981470 393.200683594 0.059866298 0.997239470 0.043926250 0.639616013 -0.765658617 0.074109033 -0.638963878 -130.822998047
-0.642720938 0.010257202 0.766031623 395.227233887 0.063553169 0.997177660 0.039970554 0.693201065 -0.763460100 0.074373670 -0.641558766 -132.528015137
-0.645005584 0.014533289 0.764039516 397.323028564 0.065649331 0.997176707 0.036453534 0.761301041 -0.761352718 0.073671430 -0.644138694 -134.267486572
-0.647849500 0.014067645 0.761638284 399.397430420 0.065476030 0.997157514 0.037276197 0.809381485 -0.758949220 0.074018449 -0.646929264 -135.996093750
-0.650737166 0.013573431 0.759181678 401.438354492 0.065996505 0.997067451 0.038742699 0.862851143 -0.756429493 0.075314648 -0.649724603 -137.714996338
-0.652711570 0.012941446 0.757495701 403.533630371 0.066563830 0.996967196 0.040323418 0.936371803 -0.754676521 0.076741368 -0.651593566 -139.476928711
-0.654597342 0.012744053 0.755870283 405.581359863 0.066806890 0.996921301 0.041047767 1.002822876 -0.753020048 0.077367097 -0.653433263 -141.236511230
-0.656351030 0.013289424 0.754338086 407.603454590 0.067092985 0.996911645 0.040814810 1.064254761 -0.751466274 0.077399641 -0.655215740 -142.981781006
-0.657473922 0.013644769 0.753353715 409.689178467 0.067652076 0.996866703 0.040986679 1.133059502 -0.750433922 0.077913605 -0.656337023 -144.776382446
-0.658948302 0.013020388 0.752075493 411.703155518 0.068967983 0.996684313 0.043172676 1.192094803 -0.749019742 0.080317698 -0.657661259 -146.519958496
-0.659180105 0.012960749 0.751873314 413.710601807 0.071282104 0.996426225 0.045317885 1.265470505 -0.748599112 0.083467759 -0.657747984 -148.248901367
-0.660672426 0.012325137 0.750573158 415.767211914 0.072663561 0.996219814 0.047601309 1.337059021 -0.747149289 0.085988194 -0.659070671 -150.045013428
-0.661818922 0.012337646 0.749562025 417.792358398 0.071323954 0.996365070 0.046574868 1.411376953 -0.746262848 0.084285878 -0.660293698 -151.770782471
-0.662389100 0.012487853 0.749055922 419.846588135 0.067699812 0.996767938 0.043249268 1.485225677 -0.746094882 0.079358779 -0.661093652 -153.557495117
-0.664319038 0.012464591 0.747345507 421.868804932 0.065040708 0.997032404 0.041185990 1.567021370 -0.744614303 0.075968467 -0.663158238 -155.339340210
-0.665608883 0.012118661 0.746202350 423.867248535 0.064754218 0.997035027 0.041568156 1.638239861 -0.743486106 0.075987883 -0.664420247 -157.119201660
-0.666353643 0.009901729 0.745570481 425.913909912 0.062165234 0.997168243 0.042317029 1.691987991 -0.743040323 0.074546658 -0.665082276 -158.901992798
-0.667243004 0.009497787 0.744779587 427.922332764 0.059456527 0.997407138 0.040547293 1.762849808 -0.742463470 0.071336895 -0.666077495 -160.684234619
-0.668426692 0.008721832 0.743726969 429.912414551 0.058634389 0.997437477 0.041000638 1.828665733 -0.741463840 0.071013883 -0.667224824 -162.463256836
-0.668335974 0.007315190 0.743823588 431.903228760 0.059135474 0.997309387 0.043325935 1.906284332 -0.741505384 0.072942629 -0.666970313 -164.237915039
-0.668725729 0.005997316 0.743484974 433.923095703 0.060807716 0.997058570 0.046650548 1.974985123 -0.741018593 0.076406039 -0.667123437 -166.016082764
-0.666983306 0.005713058 0.745050669 435.910278320 0.065939203 0.996499538 0.051388845 2.061210632 -0.742149115 0.083403565 -0.665025294 -167.791442871
-0.665557921 0.003302606 0.746338725 437.961425781 0.068693988 0.996016502 0.056851424 2.150997162 -0.743177831 0.089106895 -0.663133800 -169.619201660
-0.664966464 0.001507816 0.746871769 439.972534180 0.063470282 0.996494532 0.054498080 2.262798309 -0.744171619 0.083643548 -0.662731051 -171.399932861
-0.663065314 0.001150034 0.748560727 441.989807129 0.057117049 0.997161269 0.049061529 2.360435486 -0.746379733 0.075286552 -0.661248326 -173.129974365
-0.661484063 -0.000659874 0.749958992 444.009643555 0.052243847 0.997529805 0.046958189 2.464258194 -0.748137414 0.070242845 -0.659815490 -174.873809814
-0.659733772 -0.001455235 0.751497746 446.037048340 0.050754558 0.997628689 0.046488833 2.528388977 -0.749783635 0.068812191 -0.658095300 -176.647766113
-0.656438410 -0.001086184 0.754378974 448.080932617 0.052258439 0.997531176 0.046910044 2.608671188 -0.752567351 0.070216201 -0.654760838 -178.382263184
-0.653651595 -0.001300655 0.756794393 450.095489502 0.052798145 0.997483552 0.047316652 2.694627762 -0.754951596 0.070885949 -0.651938021 -180.121917725
-0.652138591 -0.000789224 0.758099198 452.120544434 0.050567813 0.997727036 0.044538599 2.765254974 -0.756411374 0.067380749 -0.650616467 -181.879760742
-0.649834752 -0.005162728 0.760057747 454.196533203 0.043891378 0.998053312 0.044305585 2.850227356 -0.758807123 0.062151302 -0.648343027 -183.600158691
-0.649439335 -0.010505417 0.760340750 456.239074707 0.036270183 0.998338461 0.044773664 2.940769196 -0.759548008 0.056655470 -0.647979259 -185.362274170
-0.648061574 -0.013770852 0.761463225 458.321411133 0.029598175 0.998625636 0.043250110 3.001359940 -0.761012793 0.050566662 -0.646763504 -187.020324707
-0.647893786 -0.014453046 0.761593461 460.337738037 0.027349971 0.998733938 0.042220183 3.069387436 -0.761239469 0.048183769 -0.646678150 -188.720520020
-0.647240877 -0.015175856 0.762134254 462.400329590 0.028667644 0.998609781 0.044230577 3.147809982 -0.761746109 0.050476458 -0.645906150 -190.488647461
-0.645340383 -0.016572095 0.763715744 464.439086914 0.030250663 0.998426139 0.047226999 3.210004807 -0.763295770 0.053580377 -0.643823147 -192.181121826
-0.643689811 -0.017957751 0.765075684 466.482513428 0.029241007 0.998417616 0.048036389 3.304836273 -0.764727414 0.053292129 -0.642146170 -193.881256104
-0.643285930 -0.018639268 0.765399098 468.560638428 0.027092092 0.998523533 0.047086142 3.389852524 -0.765146732 0.051026139 -0.641830981 -195.600738525
-0.641783357 -0.017557766 0.766684949 470.613159180 0.026061559 0.998661041 0.044686049 3.473663330 -0.766443014 0.048659764 -0.640466511 -197.290557861
-0.640849411 -0.016093453 0.767497897 472.665954590 0.026699830 0.998707891 0.043235615 3.548532486 -0.767202199 0.048199568 -0.639591813 -198.988250732
-0.639856637 -0.015826603 0.768331409 474.725952148 0.028885845 0.998586237 0.044625297 3.610601425 -0.767951190 0.050747693 -0.638494849 -200.676635742
