1.000000000 -0.000000000 -0.000000000 -0.000000000 -0.000000000 1.000000000 0.000000000 0.000000000 -0.000000000 0.000000000 0.999999881 0.000000000
0.999997497 -0.001199052 -0.001883045 -0.013127405 0.001201747 0.999998271 0.001430566 -0.023999091 0.001881327 -0.001432825 0.999997079 1.544619560
0.999993324 -0.002324874 -0.002808723 -0.002473834 0.002334259 0.999991715 0.003342897 -0.054233853 0.002800929 -0.003349432 0.999990404 3.047519207
0.999990046 -0.001415563 -0.004216765 -0.022407535 0.001429546 0.999993503 0.003314791 -0.070567966 0.004212043 -0.003320786 0.999985516 4.551600933
0.999985337 -0.001432324 -0.005210113 -0.027333999 0.001449808 0.999993324 0.003353219 -0.093137100 0.005205273 -0.003360724 0.999980807 6.072040558
0.999978244 -0.000790557 -0.006551440 -0.059887733 0.000812249 0.999994099 0.003308326 -0.120541655 0.006548780 -0.003313577 0.999973118 7.608568192
0.999965727 -0.001140297 -0.008201663 -0.071433075 0.001168116 0.999993622 0.003387917 -0.145145312 0.008197747 -0.003397381 0.999960542 9.119816780
0.999948740 -0.002317402 -0.009861602 -0.089226447 0.002346637 0.999993026 0.002954101 -0.174301878 0.009854686 -0.002977091 0.999947011 10.621595383
0.999922872 -0.004002281 -0.011761925 -0.133854017 0.004030508 0.999989152 0.002377116 -0.181727022 0.011752284 -0.002424343 0.999927878 12.097905159
0.999907196 -0.003891515 -0.013057446 -0.168330520 0.003922394 0.999989450 0.002340057 -0.211421043 0.013048203 -0.002391057 0.999911904 13.583032608
0.999904811 -0.002874272 -0.013491175 -0.179415137 0.002919510 0.999990046 0.003334629 -0.231007427 0.013481461 -0.003373702 0.999903262 15.085405350
0.999888301 -0.001828022 -0.014830114 -0.227418512 0.001885407 0.999990821 0.003856476 -0.262058258 0.014822924 -0.003884005 0.999882638 16.580472946
0.999893248 -0.000464219 -0.014607539 -0.251454204 0.000532502 0.999988973 0.004671280 -0.276330709 0.014605203 -0.004678560 0.999882519 18.049692154
0.999886811 -0.000160299 -0.015038143 -0.281708628 0.000242096 0.999985278 0.005437739 -0.293928593 0.015037047 -0.005440764 0.999871969 19.513847351
0.999900520 0.000899124 -0.014049872 -0.289322197 -0.000822118 0.999984562 0.005485880 -0.322211802 0.014054589 -0.005473789 0.999886036 20.991783142
0.999901116 0.001954514 -0.013918093 -0.315560669 -0.001874504 0.999981582 0.005759375 -0.339947045 0.013929091 -0.005732719 0.999886394 22.457216263
0.999866605 0.001914625 -0.016206842 -0.379071355 -0.001810014 0.999977589 0.006466907 -0.363963008 0.016218862 -0.006436714 0.999847233 23.924802780
0.999832988 0.002063037 -0.018157199 -0.437548935 -0.001948217 0.999978125 0.006339025 -0.375097096 0.018169880 -0.006302592 0.999814868 25.354005814
0.999845445 0.002708009 -0.017373573 -0.449929118 -0.002587444 0.999972403 0.006958186 -0.401087105 0.017391933 -0.006912155 0.999824882 26.779008865
0.999843597 0.003242114 -0.017387519 -0.488123089 -0.003153435 0.999981880 0.005125167 -0.420329869 0.017403817 -0.005069534 0.999835551 28.217365265
0.999877393 0.001435382 -0.015581109 -0.511626065 -0.001373871 0.999991417 0.003957823 -0.438285530 0.015586654 -0.003935931 0.999870479 29.691064835
0.999915898 0.000464225 -0.012971592 -0.506450355 -0.000395942 0.999986172 0.005265958 -0.451449931 0.012973857 -0.005260379 0.999901712 31.141300201
0.999894917 -0.000767737 -0.014487947 -0.547079921 0.000895294 0.999960899 0.008799907 -0.479284734 0.014480618 -0.008811948 0.999856174 32.530529022
0.999903023 -0.001353627 -0.013858457 -0.557142377 0.001472095 0.999962449 0.008541809 -0.494610488 0.013846371 -0.008561380 0.999867380 33.943260193
0.999908030 -0.001440908 -0.013487715 -0.590361297 0.001538129 0.999972820 0.007200499 -0.513942838 0.013476972 -0.007220579 0.999882936 35.333141327
0.999901235 -0.001276340 -0.014000058 -0.663231850 0.001341710 0.999988079 0.004660815 -0.535317719 0.013993947 -0.004679139 0.999890745 36.707862854
0.999920487 -0.000142153 -0.012613632 -0.682959735 0.000193014 0.999991775 0.004031243 -0.564200699 0.012612954 -0.004033356 0.999912143 38.066825867
0.999926329 -0.000023580 -0.012134373 -0.718424976 0.000081586 0.999988437 0.004780183 -0.582175374 0.012134119 -0.004780822 0.999914765 39.398925781
0.999939561 -0.000319396 -0.010999713 -0.761099637 0.000392395 0.999977887 0.006635003 -0.606658697 0.010997349 -0.006638916 0.999917388 40.726516724
0.999962747 -0.000167932 -0.008642545 -0.754147232 0.000236464 0.999968290 0.007929185 -0.634343743 0.008640945 -0.007930933 0.999931097 42.024242401
0.999978781 -0.000031772 -0.006509276 -0.777747154 0.000088145 0.999962449 0.008660238 -0.647714913 0.006508755 -0.008660628 0.999941230 43.293647766
0.999994755 -0.000347864 -0.003243658 -0.796812475 0.000375062 0.999964654 0.008388302 -0.666537404 0.003240627 -0.008389473 0.999959469 44.566581726
0.999999762 -0.000773249 0.000575065 -0.795146286 0.000769622 0.999979854 0.006278647 -0.689276338 -0.000579904 -0.006278203 0.999979854 45.824501038
0.999986708 -0.000711438 0.005076230 -0.773589432 0.000686894 0.999988139 0.004835075 -0.713665724 -0.005079611 -0.004831525 0.999975383 47.075550079
0.999964058 -0.000573574 0.008427463 -0.801677167 0.000530485 0.999986887 0.005114315 -0.723344505 -0.008430285 -0.005109662 0.999951363 48.271331787
0.999907017 -0.000408845 0.013597819 -0.784518361 0.000339528 0.999987245 0.005099727 -0.755012870 -0.013599727 -0.005094641 0.999894440 49.498874664
0.999798656 0.000832776 0.020045271 -0.782363892 -0.000925187 0.999989033 0.004601252 -0.769291461 -0.020041216 -0.004618872 0.999788344 50.697757721
0.999612987 0.002114837 0.027736694 -0.755985379 -0.002242062 0.999987125 0.004556473 -0.790848017 -0.027726693 -0.004616898 0.999604702 51.911121368
0.999361694 0.003350832 0.035571024 -0.722395658 -0.003544399 0.999979377 0.005379927 -0.811703682 -0.035552252 -0.005502572 0.999352455 53.056903839
0.998920083 0.005411290 0.046147160 -0.682989120 -0.005695777 0.999965608 0.006035564 -0.832355618 -0.046112910 -0.006291890 0.998916447 54.238391876
0.998229146 0.007699444 0.058987401 -0.625655651 -0.008072758 0.999948859 0.006093041 -0.848004580 -0.058937475 -0.006558441 0.998240173 55.370422363
0.997226238 0.009938940 0.073765144 -0.548562050 -0.010438512 0.999924898 0.006390078 -0.867133975 -0.073696092 -0.007142346 0.997255504 56.509902954
0.995788872 0.011927468 0.090897210 -0.450686932 -0.012637187 0.999893904 0.007236402 -0.876305938 -0.090801239 -0.008354614 0.995833993 57.640365601
0.994097412 0.011988768 0.107826404 -0.342115879 -0.012972162 0.999880135 0.008423281 -0.892322540 -0.107712507 -0.009772299 0.994133830 58.758460999
0.991822362 0.011596623 0.127098814 -0.208478451 -0.012699993 0.999888301 0.007874237 -0.917233825 -0.126993299 -0.009423994 0.991858780 59.852878571
0.988988876 0.010219904 0.147637650 -0.070275307 -0.011341880 0.999912679 0.006759657 -0.926150501 -0.147555694 -0.008359705 0.989018559 60.950435638
0.985697627 0.006642005 0.168392792 0.109125137 -0.007895025 0.999945819 0.006772625 -0.934083819 -0.168338686 -0.008005222 0.985696614 62.028636932
0.981711566 0.002328522 0.190360978 0.308503151 -0.004050793 0.999954283 0.008658766 -0.961888611 -0.190332115 -0.009271515 0.981675863 63.062992096
0.977024019 -0.002948141 0.213109389 0.522174835 0.000763089 0.999946356 0.010334725 -0.961945951 -0.213128418 -0.009934651 0.976973534 64.060760498
0.971381009 -0.008437551 0.237377107 0.785088539 0.006253067 0.999930918 0.009954021 -0.979870021 -0.237444699 -0.008184809 0.971366465 65.086868286
0.964906573 -0.014705592 0.262181133 1.061221123 0.012996959 0.999881566 0.008250011 -1.006263256 -0.262271315 -0.004552937 0.964983582 66.103630066
0.957425237 -0.018617366 0.288080633 1.319946289 0.016740467 0.999819458 0.008977562 -1.006798625 -0.288195819 -0.003772739 0.957563996 67.043968201
0.948802769 -0.020859601 0.315179884 1.673561096 0.018221572 0.999769747 0.011314591 -1.016479254 -0.315343469 -0.004992241 0.948964477 68.032981873
0.938799322 -0.026079040 0.343476087 2.008115768 0.022684429 0.999646008 0.013898170 -1.020743847 -0.343717039 -0.005256034 0.939058840 68.963310242
0.927660108 -0.029585976 0.372251809 2.394210815 0.026244206 0.999556899 0.014041994 -1.038609028 -0.372502357 -0.003256746 0.928025544 69.885910034
0.915774047 -0.029212283 0.400629669 2.792608261 0.027494173 0.999571323 0.010037465 -1.038049459 -0.400751352 0.001822936 0.916185021 70.791839600
0.902760744 -0.030359706 0.429070204 3.162439346 0.031036844 0.999503434 0.005420524 -1.062484741 -0.429021746 0.008423551 0.903254807 71.645347595
0.888205409 -0.031969253 0.458333015 3.634595871 0.034418549 0.999402940 0.003009658 -1.070813537 -0.458155483 0.013101962 0.888775349 72.496673584
0.872088015 -0.032889131 0.488242626 4.145200729 0.034304637 0.999393106 0.006047211 -1.092144251 -0.488145083 0.011475281 0.872686863 73.366928101
0.854619026 -0.032278419 0.518251479 4.587196350 0.030894581 0.999458611 0.011303106 -1.082872391 -0.518335700 0.006351310 0.855153501 74.176467896
0.835061669 -0.032492675 0.549195707 5.134117126 0.029199438 0.999464989 0.014734165 -1.080477953 -0.549380839 0.003732261 0.835563600 74.963378906
0.814068377 -0.027347164 0.580124855 5.669940948 0.025662148 0.999608755 0.011110932 -1.107460737 -0.580201745 0.005842193 0.814451754 75.732032776
0.792196393 -0.020065129 0.609936357 6.220642090 0.021755164 0.999752402 0.004632953 -1.117342114 -0.609878302 0.009599059 0.792436898 76.479423523
0.769598782 -0.017571023 0.638286114 6.859233856 0.020867784 0.999779224 0.002361525 -1.116243362 -0.638186574 0.011502189 0.769796014 77.186561584
0.746268034 -0.020689419 0.665323913 7.410373688 0.022948327 0.999722362 0.005347875 -1.144972563 -0.665249705 0.011277123 0.746535540 77.876525879
0.721616030 -0.021205671 0.691968501 8.074127197 0.023777479 0.999700308 0.005840006 -1.138121605 -0.691884935 0.012239022 0.721903980 78.535400391
0.695966005 -0.019586269 0.717806995 8.720981598 0.024066521 0.999702930 0.003943884 -1.168864489 -0.717671156 0.014530315 0.696230590 79.172225952
0.669945419 -0.016682478 0.742222905 9.386520386 0.023057815 0.999732733 0.001657918 -1.171105981 -0.742052078 0.016003324 0.670150995 79.745269775
0.642777145 -0.014840337 0.765909433 10.101116180 0.022106728 0.999755263 0.000818640 -1.173617840 -0.765733838 0.016405549 0.642947912 80.362518311
0.614215672 -0.013693245 0.789019287 10.788082123 0.022811238 0.999739885 -0.000407264 -1.192955613 -0.788807988 0.018248662 0.614367783 80.915359497
0.585393250 -0.007731267 0.810712636 11.509243011 0.021742737 0.999744415 -0.006165883 -1.224298239 -0.810457826 0.021236578 0.585411668 81.455398560
0.555585384 0.001555487 0.831458032 12.299270630 0.020076286 0.999681532 -0.015285298 -1.233102083 -0.831216991 0.025184864 0.555376947 81.964561462
0.524634719 0.009283907 0.851276815 13.052356720 0.019344529 0.999552369 -0.022822844 -1.268977404 -0.851107538 0.028441206 0.524220109 82.443397522
0.493019402 0.014291555 0.869900882 13.856647491 0.017006340 0.999515712 -0.026059398 -1.296129704 -0.869851828 0.027641620 0.492537558 82.891899109
0.460953951 0.014269697 0.887309313 14.681758881 0.014893185 0.999605656 -0.023812616 -1.326135635 -0.887298822 0.024191380 0.460559905 83.322021484
0.427122116 0.013137719 0.904098451 15.519372940 0.010966357 0.999745607 -0.019708415 -1.358322978 -0.904127359 0.018332558 0.426869333 83.727134705
0.392969966 0.014095313 0.919443250 16.379617691 0.006553276 0.999814093 -0.018128291 -1.390254021 -0.919527888 0.013149232 0.392804414 84.097740173
0.357897609 0.016618060 0.933612883 17.215253830 -0.000539253 0.999844968 -0.017590249 -1.425148249 -0.933760583 0.005792046 0.357851177 84.481735229
0.322194040 0.018593226 0.946491122 18.106678009 -0.005669273 0.999827027 -0.017711110 -1.436582327 -0.946656406 0.000340495 0.322243720 84.788085938
0.286276877 0.018298157 0.957972169 19.000549316 -0.008415346 0.999827087 -0.016582817 -1.465729237 -0.958109736 -0.003314393 0.286381364 85.053436279
0.248770595 0.017869091 0.968397617 19.932245255 -0.008999009 0.999829292 -0.016137339 -1.494024277 -0.968520343 -0.004700126 0.248889044 85.306762695
0.213437364 0.016832076 0.976811528 20.866613388 -0.008451435 0.999845862 -0.015382336 -1.532152772 -0.976919889 -0.004972304 0.213546872 85.508056641
0.179229259 0.015926987 0.983678401 21.794450760 -0.006103711 0.999867737 -0.015076993 -1.545560837 -0.983788490 -0.003301849 0.179302692 85.667419434
0.143278927 0.014424158 0.989577353 22.758314133 0.001102343 0.999890804 -0.014734092 -1.587987900 -0.989681721 0.003201939 0.143247306 85.810829163
0.110457733 0.017403679 0.993728578 23.707981110 0.003466483 0.999833763 -0.017895918 -1.628391623 -0.993874669 0.005421489 0.110378973 85.904380798
0.077171713 0.023294624 0.996746242 24.680273056 0.005006081 0.999705315 -0.023751386 -1.625999451 -0.997005105 0.006822731 0.077032246 85.991752625
0.048259489 0.025713027 0.998503983 25.656927109 0.009936402 0.999606788 -0.026221674 -1.701776028 -0.998785257 0.011186977 0.047985040 86.029266357
0.022977524 0.024722898 0.999430358 26.628562927 0.012963936 0.999602795 -0.025025215 -1.721762419 -0.999651790 0.013531568 0.022647917 86.057640076
0.000051644 0.022247156 0.999752522 27.628417969 0.015123544 0.999638081 -0.022245388 -1.747967958 -0.999885499 0.015120949 -0.000284793 86.059097290
-0.019600123 0.020004420 0.999607742 28.591897964 0.016342858 0.999672711 -0.019685267 -1.785927176 -0.999674201 0.015950618 -0.019920630 86.045196533
-0.035521995 0.022300983 0.999120057 29.561340332 0.017359048 0.999613881 -0.021694837 -1.827204585 -0.999217987 0.016573127 -0.035895411 86.005882263
-0.050202802 0.027123168 0.998370647 30.561805725 0.020384178 0.999450743 -0.026127513 -1.843898773 -0.998530626 0.019039286 -0.050728124 85.951538086
-0.062102549 0.031288005 0.997579217 31.557744980 0.023921477 0.999268055 -0.029851783 -1.894519567 -0.997783065 0.022009697 -0.062805548 85.882202148
-0.071390569 0.035383400 0.996820688 32.540367126 0.029539360 0.999007225 -0.033345461 -1.927198648 -0.997011065 0.027064893 -0.072364911 85.813575745
-0.077112228 0.040744178 0.996189654 33.536510468 0.033147808 0.998717189 -0.038281690 -1.985378861 -0.996471643 0.030069524 -0.078363903 85.743705750
-0.081187785 0.045859925 0.995643079 34.533782959 0.035944439 0.998425841 -0.043057065 -2.028903484 -0.996050417 0.032292124 -0.082708389 85.662857056
-0.084289737 0.049387556 0.995216548 35.521778107 0.037030801 0.998236239 -0.046401083 -2.091671944 -0.995752871 0.032942530 -0.085969932 85.586669922
-0.085845321 0.052958876 0.994900048 36.553123474 0.038281046 0.998024285 -0.049822070 -2.147716045 -0.995572507 0.033808816 -0.087702990 85.494995117
-0.088687815 0.056489848 0.994456291 37.543701172 0.039020956 0.997821152 -0.053200997 -2.213902950 -0.995294750 0.034086354 -0.090698868 85.401473999
-0.089851141 0.059966236 0.994148433 38.547389984 0.040399458 0.997583389 -0.056522142 -2.274980783 -0.995135248 0.035084464 -0.092056669 85.336273193
-0.091419689 0.060794052 0.993954957 39.560634613 0.041347209 0.997505665 -0.057208296 -2.346788645 -0.994953632 0.035867307 -0.093705326 85.245590210
-0.094008625 0.060342271 0.993740976 40.559066772 0.042536207 0.997493505 -0.056546170 -2.407423258 -0.994662225 0.036954157 -0.096339725 85.149597168
-0.096290551 0.059802741 0.993554950 41.592704773 0.042709757 0.997522473 -0.055902302 -2.485151768 -0.994436562 0.037051655 -0.098606139 85.037887573
-0.098583817 0.060898684 0.993263423 42.627273560 0.041729797 0.997500777 -0.057016682 -2.558124065 -0.994253278 0.035827771 -0.100878716 84.929473877
-0.100487836 0.062868491 0.992949724 43.637287140 0.040819384 0.997421920 -0.059020642 -2.623768091 -0.994100451 0.034600753 -0.102795020 84.847351074
-0.102898337 0.065274000 0.992547870 44.672641754 0.039446328 0.997327268 -0.061498884 -2.695824862 -0.993909419 0.032824211 -0.105198130 84.737983704
-0.105540782 0.068825103 0.992030263 45.692211151 0.037105281 0.997179747 -0.065234795 -2.774464130 -0.993722618 0.029924575 -0.107796900 84.619285583
-0.107541196 0.072843641 0.991528630 46.734691620 0.033420600 0.997013390 -0.069621809 -2.845137596 -0.993638575 0.025650261 -0.109654494 84.511543274
-0.109858669 0.075364716 0.991086125 47.773887634 0.030615225 0.996904612 -0.072413594 -2.933367491 -0.993475437 0.022387069 -0.111825898 84.395179749
-0.113239251 0.073766388 0.990826130 48.823242188 0.028971909 0.997060955 -0.070919521 -3.029146671 -0.993145227 0.020675249 -0.115043588 84.282333374
-0.115969419 0.070204154 0.990768611 49.881435394 0.027043987 0.997352302 -0.067505181 -3.087505341 -0.992884576 0.018965796 -0.117560968 84.167266846
-0.118488610 0.068067119 0.990619659 50.934928894 0.027185265 0.997496068 -0.065287985 -3.186671257 -0.992583096 0.019194379 -0.120042332 84.046951294
-0.119963989 0.068554804 0.990408182 52.002922058 0.026814876 0.997472525 -0.065795839 -3.275285006 -0.992415607 0.018664550 -0.121499099 83.927375793
-0.121168301 0.071372695 0.990062714 53.050399780 0.027190013 0.997276127 -0.068565033 -3.357781172 -0.992259383 0.018611904 -0.122778855 83.794395447
-0.122125484 0.073494919 0.989789724 54.111927032 0.026934681 0.997132778 -0.070716776 -3.441934347 -0.992148757 0.018023346 -0.123754874 83.660423279
-0.121814042 0.074710496 0.989737213 55.198890686 0.026440646 0.997053742 -0.072008483 -3.535332203 -0.992200196 0.017397648 -0.123430550 83.516426086
-0.122343890 0.073671684 0.989749730 56.255386353 0.023205945 0.997180879 -0.071356334 -3.613491058 -0.992216289 0.014238068 -0.123708583 83.403701782
-0.122335210 0.073085234 0.989794254 57.343868256 0.019944454 0.997264624 -0.071171805 -3.700325489 -0.992288291 0.011034085 -0.123458184 83.281242371
-0.121437423 0.073867634 0.989846766 58.437484741 0.015740531 0.997244775 -0.072488703 -3.793366432 -0.992474020 0.006777868 -0.122265592 83.132545471
-0.121844567 0.074043982 0.989783585 59.513431549 0.011905503 0.997250795 -0.073137015 -3.882116795 -0.992477596 0.002872519 -0.122391127 83.022651672
-0.120202184 0.073751912 0.990006387 60.647491455 0.007484495 0.997275531 -0.073384754 -3.982648134 -0.992721140 -0.001411307 -0.120426632 82.814453125
-0.119734697 0.068675682 0.990427852 61.746318817 0.006928854 0.997638166 -0.068338007 -4.066463470 -0.992781639 -0.001319899 -0.119927779 82.671302795
-0.120242462 0.060667370 0.990889072 62.847396851 0.010324496 0.998153329 -0.059859280 -4.143241405 -0.992690802 0.003032804 -0.120646805 82.522544861
-0.122268118 0.055298533 0.990955114 63.940818787 0.017391186 0.998412549 -0.053568870 -4.199085236 -0.992344856 0.010684121 -0.123035759 82.467727661
-0.121638417 0.057187013 0.990925670 65.021301270 0.024352770 0.998210311 -0.054618053 -4.297226906 -0.992275536 0.017488131 -0.122813351 82.345664978
-0.120097414 0.062074922 0.990819454 66.155639648 0.029096568 0.997834563 -0.058987617 -4.388674259 -0.992335618 0.021745186 -0.121643484 82.167808533
-0.120096520 0.067895032 0.990437746 67.218994141 0.033006750 0.997380197 -0.064368688 -4.442976475 -0.992213428 0.024960669 -0.122022815 82.070442200
-0.118703187 0.070595749 0.990417004 68.350730896 0.033590481 0.997183919 -0.067052215 -4.576091766 -0.992361605 0.025309265 -0.120740145 81.905250549
-0.118707024 0.069907859 0.990465343 69.486236572 0.032679070 0.997253180 -0.066470377 -4.626286030 -0.992391229 0.024476985 -0.120665476 81.799148560
-0.117918454 0.065559782 0.990856767 70.619796753 0.032899592 0.997528493 -0.062085956 -4.682625771 -0.992477953 0.025277695 -0.119783871 81.665481567
-0.117427677 0.063164130 0.991070628 71.767913818 0.029242557 0.997762382 -0.060125809 -4.769083500 -0.992650628 0.021921009 -0.119011968 81.521141052
-0.117659315 0.063988581 0.990990102 72.919555664 0.027582763 0.997747421 -0.061150052 -4.856090546 -0.992670655 0.020139374 -0.119159222 81.388580322
-0.117498301 0.068357892 0.990717649 74.029396057 0.026912689 0.997480869 -0.065632738 -4.952136993 -0.992708325 0.018951135 -0.119042009 81.250366211
-0.117031343 0.071345739 0.990562201 75.186889648 0.028317278 0.997250378 -0.068481907 -5.044144154 -0.992724359 0.020035498 -0.118729904 81.132026672
-0.117433459 0.069531083 0.990643620 76.292213440 0.026461191 0.997410834 -0.066869274 -5.147800922 -0.992728114 0.018360922 -0.118969269 81.012222290
-0.115858689 0.064597838 0.991162658 77.479278564 0.030152198 0.997651994 -0.061496202 -5.200309753 -0.992808104 0.022760876 -0.117534399 80.857917786
-0.115579560 0.062474679 0.991331518 78.680908203 0.029995695 0.997784376 -0.059384130 -5.294783115 -0.992845058 0.022872087 -0.117197432 80.723846436
-0.115799986 0.065081432 0.991138160 79.815345764 0.027259063 0.997683287 -0.062326398 -5.375438690 -0.992898285 0.019800095 -0.117305785 80.588211060
-0.115486987 0.067669764 0.991001308 80.986312866 0.025339596 0.997552633 -0.065164149 -5.468528748 -0.992985368 0.017585957 -0.116919048 80.468750000
-0.115509219 0.067069679 0.991039395 82.171386719 0.025005417 0.997597933 -0.064599060 -5.548781872 -0.992991567 0.017319566 -0.116908841 80.330917358
-0.114723511 0.064123474 0.991325796 83.353317261 0.024790581 0.997788548 -0.061672561 -5.621413231 -0.993088007 0.017500242 -0.116059452 80.210792542
-0.113979824 0.063024685 0.991481960 84.545448303 0.025509976 0.997842669 -0.060496323 -5.723409653 -0.993155420 0.018397307 -0.115341634 80.060081482
-0.113357484 0.063352220 0.991532445 85.736442566 0.027067928 0.997791708 -0.060657565 -5.811720848 -0.993185282 0.019962735 -0.114821956 79.903755188
-0.112141781 0.063408799 0.991667151 86.922142029 0.029202387 0.997741342 -0.060494848 -5.896906853 -0.993262887 0.022175046 -0.113740183 79.767837524
-0.111307949 0.063577168 0.991750360 88.146469116 0.029477458 0.997723639 -0.060651753 -5.971635818 -0.993348479 0.022483248 -0.112928711 79.660858154
-0.110464893 0.063308552 0.991861761 89.317459106 0.028935276 0.997751057 -0.060461912 -6.074504375 -0.993458629 0.022020869 -0.112048313 79.518264771
-0.108684584 0.062248476 0.992125452 90.540878296 0.031467464 0.997752726 -0.059154406 -6.153277874 -0.993578017 0.024790488 -0.110399149 79.400634766
-0.108236879 0.061157424 0.992242336 91.750152588 0.029118327 0.997872591 -0.058328215 -6.236159325 -0.993698478 0.022579156 -0.109787427 79.261817932
-0.105920576 0.060628206 0.992524624 92.970062256 0.030646283 0.997864366 -0.057683863 -6.314705372 -0.993902028 0.024307277 -0.107552409 79.143051147
-0.103978582 0.061420847 0.992681086 94.190505981 0.029252142 0.997848332 -0.058676537 -6.397767067 -0.994149029 0.022936942 -0.105551563 79.018791199
-0.103369668 0.063498825 0.992613852 95.412803650 0.028229447 0.997745514 -0.060887296 -6.494845867 -0.994242132 0.021727037 -0.104929201 78.892845154
-0.101826705 0.063272379 0.992788017 96.629714966 0.027124306 0.997780859 -0.060808558 -6.560931683 -0.994432151 0.020736758 -0.103316933 78.787918091
-0.101352930 0.061915830 0.992922187 97.876670837 0.024545580 0.997913063 -0.059721604 -6.656363010 -0.994547725 0.018318893 -0.102661178 78.655380249
-0.101082198 0.062000558 0.992944181 99.113311768 0.020082597 0.997979999 -0.060270552 -6.757080078 -0.994675457 0.013848618 -0.102123134 78.554542542
-0.102048598 0.061711974 0.992863178 100.386871338 0.017339477 0.998032749 -0.060251024 -6.838539124 -0.994628549 0.011067198 -0.102917872 78.432594299
-0.103091531 0.059828877 0.992870808 101.660140991 0.016723754 0.998152614 -0.058410674 -6.918587685 -0.994531155 0.010582881 -0.103901625 78.304702759
-0.103673369 0.057947971 0.992921770 102.897506714 0.013794017 0.998289227 -0.056820922 -7.009016037 -0.994515538 0.007805567 -0.104295313 78.206863403
-0.105311915 0.057354074 0.992783844 104.147079468 0.012261220 0.998334527 -0.056374073 -7.095112324 -0.994363427 0.006235883 -0.105839752 78.063751221
-0.108015545 0.057398137 0.992490828 105.418731689 0.011433139 0.998337567 -0.056491960 -7.184190750 -0.994083464 0.005245273 -0.108492225 77.919120789
-0.109429859 0.055385198 0.992450297 106.656463623 0.009835770 0.998457849 -0.054635949 -7.283312321 -0.993946016 0.003782703 -0.109805860 77.801666260
-0.111743860 0.052373748 0.992355883 107.934463501 0.011004668 0.998614132 -0.051464867 -7.338540554 -0.993676007 0.005169665 -0.112165324 77.676254272
-0.115831457 0.051631711 0.991926014 109.159538269 0.009942483 0.998658180 -0.050821137 -7.423446178 -0.993219197 0.003975525 -0.116189368 77.526954651
-0.121725477 0.056129754 0.990975440 110.399505615 0.003871921 0.998418927 -0.056075748 -7.522481441 -0.992556274 -0.002988869 -0.121750340 77.396301270
-0.130134657 0.058533646 0.989767075 111.651840210 -0.000093817 0.998255014 -0.059047945 -7.610012054 -0.991496265 -0.007777043 -0.129902080 77.206069946
-0.138598517 0.056110263 0.988757849 112.896026611 0.005267167 0.998421192 -0.055920310 -7.692806244 -0.990334511 -0.002542523 -0.138675228 77.076461792
-0.148612842 0.054123964 0.987413168 114.147277832 0.007777418 0.998534143 -0.053562988 -7.772572517 -0.988864839 -0.000280624 -0.148815945 76.924285889
-0.162125096 0.054355942 0.985271990 115.359535217 0.008224457 0.998521447 -0.053733554 -7.883614540 -0.986735761 -0.000608235 -0.162332430 76.704162598
-0.176680624 0.053783841 0.982797801 116.541748047 0.007514589 0.998550653 -0.053294975 -7.962548256 -0.984239459 -0.002030875 -0.176828668 76.479675293
-0.190338552 0.053727500 0.980247259 117.777770996 0.010027436 0.998555541 -0.052783906 -8.017486572 -0.981667221 -0.000217447 -0.190602347 76.268997192
-0.205769807 0.054339647 0.977090716 118.945014954 0.012842185 0.998520911 -0.052826989 -8.120199203 -0.978516221 0.001677777 -0.206163287 76.014808655
-0.220739663 0.058566649 0.973572850 120.130210876 0.014282477 0.998282552 -0.056814805 -8.194711685 -0.975228131 0.001363750 -0.221197069 75.761726379
-0.236985594 0.060556117 0.969624102 121.308486938 0.012022704 0.998161972 -0.059399910 -8.305109024 -0.971438646 -0.002419413 -0.237278074 75.463592529
-0.252417624 0.059134636 0.965809584 122.492927551 0.010012181 0.998236954 -0.058503401 -8.390998840 -0.967566550 -0.005097426 -0.252564639 75.203796387
-0.268144190 0.054173611 0.961854279 123.656272888 0.004855568 0.998480856 -0.054882888 -8.459245682 -0.963366568 -0.010046177 -0.267999947 74.891998291
-0.283372372 0.051870115 0.957605958 124.875900269 0.002461675 0.998571992 -0.053360678 -8.528579712 -0.959006846 -0.012763625 -0.283095539 74.553634644
-0.299295872 0.051310871 0.952779710 126.017211914 -0.000240477 0.998548865 -0.053851258 -8.626276016 -0.954160392 -0.016346576 -0.298849106 74.196853638
-0.313423544 0.053639881 0.948097110 127.163513184 -0.001539306 0.998373508 -0.056993168 -8.706333160 -0.949612379 -0.019322401 -0.312831044 73.846725464
-0.328002393 0.055171985 0.943064511 128.294464111 -0.000127382 0.998290479 -0.058447175 -8.798610687 -0.944676876 -0.019290941 -0.327434599 73.467117310
-0.341610640 0.055395920 0.938207746 129.440795898 0.001822633 0.998298466 -0.058280330 -8.889648438 -0.939839900 -0.018199183 -0.341130316 73.067001343
-0.355871648 0.053318176 0.933012605 130.557586670 0.001211425 0.998396516 -0.056592565 -8.973569870 -0.934533834 -0.019009409 -0.355365604 72.641311646
-0.370391399 0.052521635 0.927389801 131.678253174 0.001500528 0.998432636 -0.055945780 -9.057316780 -0.928874433 -0.019330256 -0.369889617 72.199653625
-0.384878397 0.053821005 0.921396673 132.794723511 -0.000264920 0.998291612 -0.058423314 -9.140624046 -0.922966838 -0.022729961 -0.384206772 71.762405396
-0.399624854 0.055729583 0.914983213 133.870712280 0.000439241 0.998161852 -0.060603950 -9.234031677 -0.916678548 -0.023816943 -0.398914695 71.292366028
-0.414722651 0.057566706 0.908125162 134.972259521 0.001528434 0.998039305 -0.062568456 -9.313796043 -0.909946501 -0.024560528 -0.413997680 70.815185547
-0.429441184 0.060480136 0.901067257 136.061157227 0.004795117 0.997893691 -0.064693861 -9.402899742 -0.903082013 -0.023461487 -0.428826630 70.322738647
-0.443731278 0.064023010 0.893869996 137.135360718 0.004846259 0.997601748 -0.069046989 -9.501494408 -0.896146774 -0.026306381 -0.442977339 69.791854858
-0.459064364 0.065062001 0.886017263 138.211334229 0.004007656 0.997456312 -0.071168721 -9.606908798 -0.888393879 -0.029120181 -0.458157539 69.241409302
-0.474253625 0.064238496 0.878041565 139.279922485 0.003969397 0.997480214 -0.070832804 -9.693653107 -0.880379260 -0.030107424 -0.473313659 68.675796509
-0.489867687 0.059472661 0.869765997 140.347335815 0.000506353 0.997689664 -0.067934595 -9.770952225 -0.871796548 -0.032838579 -0.488766104 68.076721191
-0.506389797 0.059290245 0.860263944 141.410186768 0.000243126 0.997642994 -0.068615444 -9.881039619 -0.862304449 -0.034536999 -0.505210757 67.484054565
-0.522348702 0.057867542 0.850766063 142.459030151 -0.001815699 0.997616649 -0.068970859 -9.975350380 -0.852729738 -0.037571579 -0.520998836 66.851600647
-0.538450718 0.057224978 0.840711832 143.508621216 -0.001995201 0.997602105 -0.069181941 -10.065710068 -0.842654645 -0.038928445 -0.537045360 66.212646484
-0.553920090 0.056248281 0.830667734 144.530517578 -0.004159315 0.997515619 -0.070319921 -10.168529510 -0.832559168 -0.042406619 -0.552310228 65.526054382
-0.569364309 0.056082018 0.820170224 145.553955078 -0.003883273 0.997475684 -0.070901699 -10.275587082 -0.822076023 -0.043553829 -0.567709208 64.835357666
-0.584869027 0.052893370 0.809401512 146.575286865 -0.005387131 0.997596025 -0.069084421 -10.373413086 -0.811109602 -0.044765662 -0.583178163 64.134719849
-0.600531340 0.049886055 0.798043549 147.576629639 -0.005146602 0.997790158 -0.066245139 -10.458746910 -0.799584508 -0.043889493 -0.598947465 63.393234253
-0.615065694 0.047959954 0.787015975 148.575180054 -0.004417912 0.997923255 -0.064265065 -10.560590744 -0.788463175 -0.043004200 -0.613576472 62.640724182
-0.630137324 0.047166206 0.775049984 149.557952881 -0.004580953 0.997910261 -0.064452976 -10.647468567 -0.776470304 -0.044164691 -0.628604174 61.870204926
-0.644901216 0.046938907 0.762823343 150.525543213 -0.007079661 0.997702539 -0.067376986 -10.755243301 -0.764233470 -0.048852023 -0.643086493 61.072631836
-0.660056651 0.046708070 0.749762297 151.474792480 -0.008842889 0.997512996 -0.069927104 -10.858675003 -0.751163661 -0.052785907 -0.658001900 60.257972717
-0.675991952 0.043186329 0.735642314 152.430816650 -0.011309435 0.997555673 -0.068954468 -10.960693359 -0.736822009 -0.054932375 -0.673851132 59.411952972
-0.691746056 0.037272692 0.721178472 153.351196289 -0.013763201 0.997805476 -0.064771086 -11.035753250 -0.722010136 -0.054730836 -0.689714670 58.523880005
-0.708124876 0.033641104 0.705285072 154.260101318 -0.015877038 0.997853160 -0.063537121 -11.137132645 -0.705908716 -0.056190059 -0.706070602 57.628345490
-0.726918995 0.031850863 0.685983956 155.192001343 -0.016774025 0.997802198 -0.064103872 -11.238848686 -0.686518133 -0.058105044 -0.724787712 56.742042542
-0.743864954 0.026835935 0.667791069 156.065811157 -0.021803055 0.997687221 -0.064380057 -11.337753296 -0.667974174 -0.062449928 -0.741559386 55.777286530
-0.760362148 0.026723228 0.648949027 156.896514893 -0.019978682 0.997718096 -0.064493991 -11.407705307 -0.649191558 -0.062003914 -0.758093536 54.830585480
-0.776672304 0.026349436 0.629353404 157.723236084 -0.020059008 0.997583330 -0.066520706 -11.544507027 -0.629585266 -0.064288996 -0.774266839 53.842376709
-0.791646779 0.028207738 0.610327303 158.517578125 -0.015224101 0.997712672 -0.065858640 -11.608273506 -0.610789001 -0.061428476 -0.789406836 52.846378326
-0.806279540 0.028652107 0.590839744 159.281768799 -0.012078349 0.997820139 -0.064870656 -11.724275589 -0.591410577 -0.059440292 -0.804176569 51.805747986
-0.821166992 0.030138755 0.569891810 160.036087036 -0.010374926 0.997651279 -0.067710236 -11.822534561 -0.570593774 -0.061513994 -0.818925321 50.751705170
-0.834570110 0.030534297 0.550055265 160.731689453 -0.010703340 0.997375786 -0.071605295 -11.947671890 -0.550797939 -0.065647036 -0.832053065 49.689727783
-0.847181678 0.031500865 0.530369222 161.419891357 -0.007608120 0.997419477 -0.071393736 -12.045322418 -0.531249285 -0.064518511 -0.844755650 48.629062653
-0.859295607 0.031769261 0.510491610 162.095565796 -0.004636770 0.997544348 -0.069884777 -12.131281853 -0.511458278 -0.062418707 -0.857038081 47.523044586
-0.869526029 0.032114577 0.492841750 162.733154297 -0.003399045 0.997470975 -0.070994213 -12.234147072 -0.493875384 -0.063406475 -0.867217779 46.437240601
-0.879032195 0.034769665 0.475492924 163.346710205 -0.000527021 0.997265697 -0.073897772 -12.370178223 -0.476762176 -0.065209098 -0.876610160 45.313461304
-0.888178110 0.032507014 0.458347559 163.947937012 -0.002485625 0.997140110 -0.075535923 -12.474516869 -0.459492296 -0.068228640 -0.885556996 44.190971375
-0.896355569 0.030569514 0.442280889 164.531585693 -0.003301181 0.997132123 -0.075610019 -12.572394371 -0.443323791 -0.069233522 -0.893683672 43.046085358
-0.903505206 0.028320262 0.427639812 165.092239380 -0.004479799 0.997135758 -0.075499639 -12.692296028 -0.428553194 -0.070130065 -0.900790632 41.883907318
-0.910005510 0.027592417 0.413676977 165.620620728 -0.003958927 0.997159123 -0.075219743 -12.802181244 -0.414577246 -0.070088096 -0.907311022 40.745391846
-0.916413605 0.023972269 0.399514198 166.155395508 -0.006300631 0.997216821 -0.074289069 -12.916933060 -0.400183022 -0.070596717 -0.913712025 39.569343567
-0.922104597 0.019833298 0.386431843 166.667327881 -0.008300690 0.997441769 -0.071000010 -13.013042450 -0.386851370 -0.068677075 -0.919580996 38.380393982
-0.927014828 0.015713155 0.374695241 167.147506714 -0.010222813 0.997691810 -0.067130797 -13.118992805 -0.374885172 -0.066061653 -0.924714386 37.201408386
-0.931461036 0.016581845 0.363462746 167.639648438 -0.007583398 0.997859180 -0.064958483 -13.208031654 -0.363761753 -0.063262552 -0.929341078 35.996990204
-0.934691012 0.020093324 0.354892939 168.094924927 -0.003281253 0.997870684 -0.065139368 -13.328738213 -0.355446398 -0.062049620 -0.932634473 34.785671234
-0.936898172 0.025873292 0.348643452 168.551467896 0.002273988 0.997687638 -0.067928873 -13.430669785 -0.349594831 -0.062849626 -0.934790611 33.584220886
-0.938724935 0.028207002 0.343510807 168.983535767 0.004688796 0.997598469 -0.069103412 -13.541034698 -0.344635099 -0.063258439 -0.936602950 32.393226624
-0.940645993 0.026121447 0.338382334 169.427413940 0.002993019 0.997633398 -0.068692267 -13.646522522 -0.339375883 -0.063602343 -0.938498080 31.179962158
-0.942312419 0.019448707 0.334168792 169.885192871 -0.002473267 0.997878671 -0.065051071 -13.734004021 -0.334725350 -0.062124956 -0.940265596 29.965812683
-0.944309056 0.013333356 0.328789681 170.321273804 -0.007826108 0.997986078 -0.062948361 -13.839478493 -0.328966796 -0.062015846 -0.942302942 28.744022369
-0.945831418 0.006947798 0.324583828 170.780349731 -0.014847072 0.997799337 -0.064622283 -13.925559044 -0.324318409 -0.065940887 -0.943646908 27.534549713
-0.946950138 0.004363657 0.321350932 171.189575195 -0.018205624 0.997573793 -0.067194127 -14.031253815 -0.320864409 -0.069479875 -0.944573402 26.320884705
-0.947844803 0.004201818 0.318704665 171.590332031 -0.018942205 0.997403085 -0.069484934 -14.132452011 -0.318168968 -0.071897894 -0.945303679 25.110332489
-0.947937489 0.005301027 0.318412304 172.026840210 -0.018406786 0.997277796 -0.071401358 -14.238004684 -0.317923993 -0.073544979 -0.945259392 23.895126343
-0.947854221 0.007600467 0.318613678 172.435699463 -0.016465537 0.997212768 -0.072772101 -14.352952003 -0.318278760 -0.074223518 -0.945086777 22.687553406
-0.947705209 0.008486026 0.319034219 172.840545654 -0.016110288 0.997099996 -0.074378282 -14.449116707 -0.318740189 -0.075628437 -0.944819927 21.471687317
-0.946986973 0.009516986 0.321131051 173.278076172 -0.015706578 0.996994436 -0.075864032 -14.567182541 -0.320887983 -0.076886132 -0.943991065 20.256641388
-0.946549535 0.011685390 0.322347730 173.715103149 -0.013562285 0.997018039 -0.075967342 -14.683685303 -0.322274417 -0.076278627 -0.943567872 19.009075165
-0.945629895 0.011309106 0.325047791 174.128570557 -0.014089872 0.997032583 -0.075679190 -14.802389145 -0.324939132 -0.076144367 -0.942664504 17.819255829
-0.944430709 0.009504055 0.328573048 174.553253174 -0.016364045 0.996983171 -0.075873800 -14.912027359 -0.328302920 -0.077034317 -0.941425920 16.611545563
-0.942749918 0.008712977 0.333386451 175.002059937 -0.016813749 0.997145593 -0.073606059 -15.027155876 -0.333076179 -0.074997596 -0.939912319 15.403667450
-0.940623641 0.007041618 0.339378327 175.426147461 -0.017932059 0.997358084 -0.070394389 -15.132660866 -0.338977367 -0.072300367 -0.938012123 14.216850281
-0.938346744 0.004970142 0.345660239 175.852233887 -0.019663190 0.997510552 -0.067721583 -15.227693558 -0.345136166 -0.070343100 -0.935912669 13.036964417
-0.935315967 0.006744791 0.353750497 176.324188232 -0.017958421 0.997624695 -0.066503286 -15.346813202 -0.353358448 -0.068554319 -0.932972491 11.846813202
-0.931993306 0.007779203 0.362391680 176.780670166 -0.017895548 0.997562885 -0.067437492 -15.442529678 -0.362033129 -0.069336466 -0.929582894 10.684253693
-0.928344071 0.009423194 0.371602178 177.255859375 -0.017319372 0.997496426 -0.068562411 -15.554200172 -0.371317923 -0.070085421 -0.925856829 9.500942230
-0.923785567 0.011880526 0.382725060 177.750518799 -0.015650392 0.997511744 -0.068740137 -15.648458481 -0.382589251 -0.069490954 -0.921301365 8.286788940
-0.918960690 0.014191890 0.394093394 178.239273071 -0.014282018 0.997498691 -0.069224723 -15.747188568 -0.394090086 -0.069243267 -0.916459680 7.150211334
-0.913119018 0.015423786 0.407400995 178.762954712 -0.014609515 0.997404218 -0.070505433 -15.853708267 -0.407430917 -0.070331790 -0.910523593 5.952079773
-0.907003105 0.018334845 0.420724183 179.303634644 -0.012465185 0.997444928 -0.070340537 -15.964168549 -0.420938879 -0.069043487 -0.904457450 4.821670532
-0.900696993 0.017290955 0.434102684 179.864318848 -0.013571114 0.997599840 -0.067893907 -16.058015823 -0.434234947 -0.067043073 -0.898301244 3.680046082
-0.893698692 0.020266656 0.448209375 180.464752197 -0.011266637 0.997650504 -0.067575634 -16.175216675 -0.448525786 -0.065442048 -0.891370654 2.517517090
-0.887019813 0.021607222 0.461225003 181.031463623 -0.010630718 0.997683942 -0.067183793 -16.271499634 -0.461608410 -0.064496502 -0.884735942 1.411979675
-0.879682958 0.024436666 0.474931717 181.607498169 -0.007162182 0.997884572 -0.064610213 -16.371343613 -0.475505948 -0.060238048 -0.877647340 0.313667297
-0.871656716 0.026744027 0.489386678 182.222991943 -0.003920431 0.998097658 -0.061526872 -16.468017578 -0.490101129 -0.055548906 -0.869893670 -0.828521729
-0.863685191 0.029350562 0.503176332 182.848831177 -0.000760474 0.998226047 -0.059532437 -16.568075180 -0.504030883 -0.051799901 -0.862130702 -1.881065369
-0.854286492 0.032664314 0.518775284 183.485076904 0.002683948 0.998287737 -0.058436692 -16.660999298 -0.519795716 -0.048529297 -0.852911055 -2.940711975
-0.843430758 0.036047578 0.536027253 184.149963379 0.006440610 0.998353302 -0.057004564 -16.748939514 -0.537199378 -0.044627044 -0.842273712 -4.022293091
-0.832854331 0.037754185 0.552203357 184.811386108 0.008306469 0.998411477 -0.055733312 -16.848506927 -0.553430319 -0.041830827 -0.831844211 -5.043807983
-0.821013331 0.039094876 0.569568872 185.528213501 0.009560274 0.998454154 -0.054752503 -16.944637299 -0.570829034 -0.039507285 -0.820117772 -6.096908569
-0.809560299 0.041425038 0.585573256 186.238372803 0.011421153 0.998429716 -0.054841738 -17.024486542 -0.586925387 -0.037709754 -0.808762133 -7.068908691
-0.797054708 0.041556127 0.602475822 186.966522217 0.010898270 0.998457015 -0.054451134 -17.119483948 -0.603808820 -0.036834579 -0.796277463 -8.070503235
-0.782770872 0.042914189 0.620828688 187.742126465 0.013265979 0.998543501 -0.052296966 -17.205780029 -0.622168601 -0.032700635 -0.782199740 -9.064270020
-0.767488599 0.045909114 0.639416516 188.502166748 0.017617928 0.998566151 -0.050548796 -17.278182983 -0.640820384 -0.027530434 -0.767196596 -9.954147339
