0.999999881 -0.000000000 -0.000000000 -0.000000000 -0.000000000 1.000000000 0.000000000 0.000000000 -0.000000000 0.000000000 0.999999881 -0.000000000
0.999994457 0.001924570 0.002683846 -0.001686723 -0.001910942 0.999985337 -0.005070492 -0.001339400 -0.002693566 0.005065334 0.999983430 0.950541854
0.999997199 -0.000739396 0.002211157 -0.001422823 0.000750655 0.999986768 -0.005095111 -0.010224080 -0.002207361 0.005096754 0.999984503 1.902900934
0.999994516 -0.002155382 0.002457007 0.006839253 0.002161182 0.999994993 -0.002360085 -0.014858835 -0.002451909 0.002365381 0.999994218 2.880066633
0.999978185 -0.006445919 0.001239641 0.005883126 0.006441145 0.999972284 0.003820503 0.001775095 -0.001264233 -0.003812436 0.999991953 3.806644678
0.999964118 -0.008457857 -0.000235405 0.011194440 0.008458751 0.999955833 0.004085551 -0.001672741 0.000200840 -0.004087397 0.999991596 4.738639832
0.999938250 -0.011086132 -0.000641227 0.011090782 0.011086771 0.999938011 0.001001799 -0.010308409 0.000630082 -0.001008847 0.999999285 5.676698685
0.999942720 -0.010559376 -0.001681862 -0.003875825 0.010557444 0.999943316 -0.001152009 -0.016176317 0.001693932 0.001134189 0.999997973 6.615025520
0.999939680 -0.010604202 -0.002837246 -0.011607691 0.010599656 0.999942422 -0.001612591 -0.015968693 0.002854184 0.001582420 0.999994516 7.538506508
0.999937475 -0.010614646 -0.003484349 -0.019958738 0.010614153 0.999943495 -0.000160651 -0.018536571 0.003485858 0.000123657 0.999993742 8.477781296
0.999937117 -0.010457017 -0.004044963 -0.018085241 0.010465656 0.999942780 0.002119662 -0.012944559 0.004022567 -0.002161863 0.999989390 9.380711555
0.999918461 -0.011714463 -0.005092358 -0.033485774 0.011734426 0.999923110 0.003906971 -0.012260828 0.005046198 -0.003966408 0.999979079 10.293321609
0.999898016 -0.013096906 -0.005690845 -0.040981077 0.013121389 0.999904752 0.004285588 -0.011059474 0.005634173 -0.004359821 0.999974549 11.227157593
0.999888062 -0.013364009 -0.006732726 -0.055782564 0.013393549 0.999900877 0.004361552 -0.009316944 0.006673769 -0.004451236 0.999967694 12.126899719
0.999893248 -0.012678403 -0.007283228 -0.059840802 0.012705687 0.999912500 0.003711590 -0.010944430 0.007235530 -0.003803727 0.999966264 13.032217026
0.999894977 -0.011944612 -0.008212899 -0.054783095 0.011961041 0.999926507 0.001953973 -0.013816809 0.008188956 -0.002052002 0.999964237 13.946795464
0.999846399 -0.014337820 -0.010074322 -0.074396409 0.014342191 0.999896944 0.000361637 -0.020044902 0.010068102 -0.000506069 0.999949038 14.827638626
0.999825537 -0.014211047 -0.012104855 -0.094868906 0.014212071 0.999898732 -0.000001766 -0.015512215 0.012103661 -0.000170270 0.999926388 15.731698036
0.999820530 -0.012989020 -0.013781714 -0.109823763 0.012982542 0.999915481 -0.000559507 -0.024156457 0.013787814 0.000380485 0.999904811 16.639820099
0.999805093 -0.012197142 -0.015508791 -0.132850513 0.012185940 0.999925435 -0.000816276 -0.022936421 0.015517584 0.000627127 0.999879360 17.526508331
0.999778867 -0.012499186 -0.016897138 -0.148854867 0.012494992 0.999921799 -0.000353654 -0.021742893 0.016900234 0.000142446 0.999857128 18.413890839
0.999756813 -0.012470095 -0.018179875 -0.170956895 0.012483581 0.999921858 0.000628472 -0.025247630 0.018170612 -0.000855268 0.999834478 19.310697556
0.999740183 -0.011523854 -0.019651728 -0.195264891 0.011545579 0.999932885 0.000992325 -0.020956630 0.019638972 -0.001218954 0.999806166 20.171400070
0.999707520 -0.011212400 -0.021424023 -0.210981831 0.011238799 0.999936342 0.001112158 -0.028139811 0.021410182 -0.001352612 0.999769807 21.051799774
0.999674320 -0.010687801 -0.023166388 -0.237884343 0.010710999 0.999942362 0.000877448 -0.032468420 0.023155665 -0.001125296 0.999731123 21.935680389
0.999652982 -0.010574274 -0.024117032 -0.261454195 0.010602293 0.999943495 0.001034146 -0.027482310 0.024104726 -0.001289482 0.999708474 22.788558960
0.999625683 -0.010684871 -0.025180275 -0.284879833 0.010749229 0.999939501 0.002421919 -0.017171569 0.025152858 -0.002691681 0.999679804 23.653131485
0.999593258 -0.013022848 -0.025369586 -0.303247631 0.013161883 0.999899566 0.005320993 -0.028539658 0.025297727 -0.005652739 0.999663591 24.474950790
0.999569833 -0.013114436 -0.026227375 -0.328230292 0.013284952 0.999891579 0.006337839 -0.023495197 0.026141416 -0.006683544 0.999635875 25.311740875
0.999567866 -0.012532551 -0.026583137 -0.351772338 0.012693225 0.999902010 0.005884121 -0.024461031 0.026506789 -0.006219006 0.999629200 26.148672104
0.999558747 -0.010806330 -0.027657479 -0.387554199 0.010912668 0.999933481 0.003696799 -0.029642403 0.027615689 -0.003996988 0.999610543 26.958604813
0.999545395 -0.009951959 -0.028457569 -0.413779289 0.010025859 0.999946773 0.002455228 -0.030854188 0.028431622 -0.002739424 0.999591887 27.774080276
0.999526978 -0.008987616 -0.029412568 -0.445963293 0.009054149 0.999956667 0.002129607 -0.030489657 0.029392160 -0.002394906 0.999564946 28.580177307
0.999485493 -0.009596502 -0.030605571 -0.473882347 0.009645290 0.999952435 0.001446777 -0.031636015 0.030590232 -0.001741232 0.999530494 29.352748871
0.999422431 -0.009784824 -0.032538746 -0.504778743 0.009798085 0.999952018 0.000248043 -0.034854624 0.032534756 -0.000566719 0.999470592 30.109077454
0.999364555 -0.009216256 -0.034428958 -0.536383033 0.009230950 0.999957323 0.000267782 -0.040282551 0.034425020 -0.000585424 0.999406993 30.888711929
0.999288499 -0.009141498 -0.036588576 -0.572410047 0.009194040 0.999956787 0.001267894 -0.035905655 0.036575407 -0.001603389 0.999329507 31.635452271
0.999211550 -0.010241280 -0.038355980 -0.600116730 0.010372931 0.999940693 0.003234834 -0.034078233 0.038320571 -0.003630146 0.999258816 32.371795654
0.999147832 -0.009570806 -0.040147729 -0.638344884 0.009782034 0.999939322 0.005068164 -0.034708604 0.040096797 -0.005456571 0.999180734 33.114448547
0.999069393 -0.008984307 -0.042182934 -0.679530025 0.009219060 0.999943018 0.005373888 -0.035550252 0.042132262 -0.005757775 0.999095321 33.834300995
0.999011397 -0.005694848 -0.044092424 -0.710974634 0.005889221 0.999973536 0.004279515 -0.035165370 0.044066906 -0.004534956 0.999018312 34.575313568
0.998931825 -0.003116878 -0.046101339 -0.762945771 0.003292403 0.999987662 0.003731938 -0.043734863 0.046089135 -0.003879737 0.998929739 35.274948120
0.998863816 -0.002266855 -0.047602113 -0.795467913 0.002492352 0.999986053 0.004678302 -0.040016577 0.047590841 -0.004791627 0.998855293 35.972198486
0.998811603 -0.001765015 -0.048707545 -0.833210289 0.002068654 0.999978900 0.006184176 -0.035956264 0.048695594 -0.006277585 0.998793840 36.673118591
0.998829603 0.000547544 -0.048369925 -0.872253895 -0.000207297 0.999975324 0.007038920 -0.032437712 0.048372589 -0.007020651 0.998804688 37.331241608
0.998859763 0.004737395 -0.047499854 -0.916594386 -0.004487521 0.999975562 0.005365792 -0.041905105 0.047524113 -0.005146517 0.998856783 38.003067017
0.998932123 0.006082385 -0.045794915 -0.951858878 -0.005980243 0.999979377 0.002367099 -0.040803358 0.045808375 -0.002090706 0.998947918 38.657627106
0.999026299 0.006538613 -0.043624122 -0.986382425 -0.006522600 0.999978602 0.000509399 -0.040949859 0.043626525 -0.000224361 0.999047816 39.296752930
0.999153316 0.007224787 -0.040495902 -1.011121273 -0.007187007 0.999973714 0.001078431 -0.040130362 0.040502638 -0.000786476 0.999179006 39.930099487
0.999233544 0.011712977 -0.037343644 -1.041352034 -0.011589856 0.999926925 0.003511809 -0.035827592 0.037382085 -0.003076312 0.999296248 40.587482452
0.999300241 0.016002471 -0.033803403 -1.067776203 -0.015780758 0.999852240 0.006815688 -0.027021796 0.033907477 -0.006277476 0.999405086 41.194370270
0.999361217 0.020579200 -0.029210087 -1.085549235 -0.020356704 0.999761581 0.007894332 -0.032828867 0.029365573 -0.007294668 0.999541998 41.800926208
0.999400198 0.025276013 -0.023661923 -1.111395478 -0.025085967 0.999650955 0.008294571 -0.034838796 0.023863304 -0.007696015 0.999685347 42.391048431
0.999431670 0.028498208 -0.017989108 -1.129171491 -0.028320745 0.999548435 0.010044283 -0.030626357 0.018267220 -0.009529113 0.999787450 42.948852539
0.999369025 0.033631824 -0.011373580 -1.147264838 -0.033500422 0.999372005 0.011555010 -0.021022022 0.011755033 -0.011166709 0.999867976 43.501789093
0.999325335 0.036426850 -0.004640191 -1.180152535 -0.036369734 0.999268055 0.011851460 -0.018409789 0.005068498 -0.011674700 0.999918997 44.049663544
0.999197781 0.039951321 0.002648234 -1.170373201 -0.039979730 0.999131799 0.011714977 -0.020151615 -0.002177916 -0.011811457 0.999927938 44.549438477
0.998971939 0.044199806 0.010030548 -1.179793477 -0.044311423 0.998955011 0.011191120 -0.020785332 -0.009525434 -0.011624087 0.999887109 45.043746948
0.998642504 0.048902810 0.017910842 -1.172760248 -0.049066082 0.998756647 0.008791607 -0.014093727 -0.017458655 -0.009658489 0.999800980 45.516891479
0.998338163 0.051213969 0.026390998 -1.147430897 -0.051371567 0.998665333 0.005327268 -0.023876950 -0.026082989 -0.006674163 0.999637365 45.936500549
0.998028815 0.052165378 0.034889564 -1.124393106 -0.052360594 0.998617232 0.004704184 -0.008963808 -0.034595933 -0.006521751 0.999379873 46.360881805
0.997765660 0.051625911 0.042407520 -1.109625101 -0.051924255 0.998633325 0.005963304 -0.021519721 -0.042041704 -0.008151961 0.999082327 46.761409760
0.997330546 0.052736837 0.050500441 -1.082849503 -0.053130072 0.998566747 0.006475512 -0.015539706 -0.050086569 -0.009141321 0.998702824 47.131397247
0.996692240 0.055551026 0.059316222 -1.076377630 -0.056034062 0.998407781 0.006510390 -0.014457047 -0.058860116 -0.009812586 0.998217821 47.496768951
0.995877326 0.060497053 0.067586645 -1.049657822 -0.061086591 0.998110175 0.006688957 -0.021184564 -0.067054287 -0.010790021 0.997691035 47.811119080
0.994929612 0.064485528 0.077180207 -1.021339893 -0.065183438 0.997851610 0.006555023 -0.016529977 -0.076591730 -0.011552657 0.996995568 48.105129242
0.994228125 0.063949630 0.086142384 -1.011226177 -0.064777434 0.997875988 0.006845771 -0.020176232 -0.085521653 -0.012386342 0.996259272 48.401031494
0.993345320 0.062786929 0.096553296 -0.967934608 -0.063572787 0.997963667 0.005081139 -0.017318755 -0.096037678 -0.011185491 0.995314896 48.658714294
0.992230177 0.061027043 0.108419277 -0.924482822 -0.061445292 0.998110235 0.000517767 -0.019679340 -0.108182788 -0.007175599 0.994104922 48.926479340
0.990614653 0.062501617 0.121554285 -0.885898113 -0.062595822 0.998034000 -0.003047510 -0.029172435 -0.121505834 -0.004589885 0.992579639 49.191017151
0.988512337 0.064583324 0.136645928 -0.843515873 -0.064494111 0.997905016 -0.005084663 -0.026564732 -0.136688069 -0.003786608 0.990606844 49.449234009
0.986025870 0.065695725 0.153089061 -0.801300526 -0.065455295 0.997833371 -0.006615346 -0.028742880 -0.153191924 -0.003497592 0.988190114 49.709865570
0.983298779 0.066018417 0.169602215 -0.746368408 -0.065673009 0.997811794 -0.007651860 -0.026801825 -0.169736266 -0.003614220 0.985482812 49.949287415
0.980066955 0.065582909 0.187529504 -0.689539909 -0.065101072 0.997840345 -0.008733897 -0.031341732 -0.187697291 -0.003648566 0.982219994 50.199810028
0.976225972 0.064479865 0.206941664 -0.617860794 -0.063939720 0.997910261 -0.009304600 -0.038755208 -0.207109198 -0.004148396 0.978308976 50.454181671
0.971707165 0.064948060 0.227082610 -0.553834915 -0.064215906 0.997879446 -0.010618519 -0.040384144 -0.227290735 -0.004264222 0.973817468 50.679531097
0.966427922 0.066847548 0.248088747 -0.475666046 -0.065707922 0.997755647 -0.012880652 -0.045012355 -0.248393029 -0.003853173 0.968651593 50.922645569
0.960191846 0.068117417 0.270908177 -0.382139206 -0.066472784 0.997671604 -0.015253151 -0.042824268 -0.271316439 -0.003362066 0.962484300 51.178398132
0.952898324 0.069529355 0.295211673 -0.299344063 -0.067747615 0.997569740 -0.016272336 -0.051046491 -0.295625746 -0.004494003 0.955293357 51.403923035
0.944366276 0.072676823 0.320764601 -0.208097458 -0.070931852 0.997333884 -0.017138474 -0.054779649 -0.321155131 -0.006567426 0.947003901 51.644355774
0.934458852 0.074530222 0.348182976 -0.085252762 -0.072726928 0.997184575 -0.018266486 -0.067272365 -0.348564267 -0.008252993 0.937248647 51.898796082
0.923151255 0.075734630 0.376901805 0.021690369 -0.073586725 0.997085750 -0.020117342 -0.072989106 -0.377327353 -0.009163608 0.926034927 52.138942719
0.910403788 0.074305221 0.406993389 0.142034531 -0.071454331 0.997196138 -0.022223014 -0.084498286 -0.407503575 -0.008849524 0.913160682 52.378005981
0.895669580 0.071771033 0.438890725 0.309288025 -0.067793168 0.997392297 -0.024752438 -0.097850084 -0.439522654 -0.007583787 0.898199439 52.619049072
0.878372192 0.070830524 0.472700059 0.448368073 -0.064821616 0.997475028 -0.029012423 -0.108736277 -0.473561436 -0.005157485 0.880745709 52.835746765
0.858841002 0.072969548 0.507018387 0.642410278 -0.064400785 0.997329473 -0.034445822 -0.117412806 -0.508177757 -0.003068896 0.861246824 53.075592041
0.836921811 0.075055532 0.542151749 0.793342590 -0.064163893 0.997177005 -0.038999245 -0.124926329 -0.543548346 -0.002147236 0.839375257 53.280570984
0.812334180 0.077888168 0.577967823 0.981378555 -0.065025590 0.996958435 -0.042958818 -0.136919022 -0.579555809 -0.002685762 0.814928174 53.513031006
0.784898877 0.082486123 0.614108920 1.237724304 -0.068670981 0.996573925 -0.046089247 -0.157374740 -0.615806758 -0.005996041 0.787874460 53.782829285
0.755034566 0.086587422 0.649942636 1.429458618 -0.071751378 0.996200085 -0.049363889 -0.155634165 -0.651747286 -0.009362822 0.758378446 53.979446411
0.722237408 0.087905638 0.686036527 1.688545227 -0.071425475 0.996066391 -0.052437197 -0.169551969 -0.687947571 -0.011128354 0.725674927 54.178009033
0.686262667 0.085784175 0.722277164 2.017547607 -0.068368912 0.996231914 -0.053361673 -0.195548773 -0.724133372 -0.012761181 0.689541817 54.436141968
0.647336364 0.084534511 0.757501960 2.263389587 -0.065387197 0.996326029 -0.055308662 -0.212215185 -0.759394586 -0.013727613 0.650485575 54.627449036
0.605131865 0.084290743 0.791650355 2.652637482 -0.063531257 0.996320903 -0.057520151 -0.229631186 -0.793586254 -0.015487256 0.608260572 54.866397858
0.559548020 0.084035762 0.824526310 2.957584381 -0.060090132 0.996341586 -0.060768250 -0.256274343 -0.826616645 -0.015543139 0.562550604 55.035568237
0.511603832 0.083123252 0.855191171 3.355550766 -0.057193510 0.996396601 -0.062633149 -0.286520720 -0.857315838 -0.016868018 0.514514208 55.230888367
0.463012755 0.081402071 0.882605731 3.805622101 -0.055098370 0.996491492 -0.063001238 -0.311797380 -0.884637415 -0.019459732 0.465872824 55.406269073
0.413215250 0.079339556 0.907170355 4.176580429 -0.055227578 0.996547043 -0.062000163 -0.337467432 -0.908957005 -0.024481410 0.416170180 55.558361053
0.363021106 0.079121791 0.928415298 4.634601593 -0.057552315 0.996389866 -0.062411115 -0.345699787 -0.930001616 -0.030775912 0.366264105 55.714214325
0.314223349 0.079875395 0.945982695 5.107986450 -0.056258906 0.996269703 -0.065434165 -0.362038255 -0.947680473 -0.032659013 0.317544818 55.833614349
0.266641170 0.076081283 0.960788131 5.572516441 -0.045381200 0.996764839 -0.066335835 -0.414869785 -0.962726653 -0.025913855 0.269231170 55.938201904
0.222157180 0.070778787 0.972438514 6.081318855 -0.031739816 0.997358024 -0.065341540 -0.443050504 -0.974493682 -0.016348919 0.223816916 56.010028839
0.179853290 0.068618394 0.981297076 6.642092705 -0.021866430 0.997596443 -0.065750442 -0.501562119 -0.983450234 -0.009632029 0.180921465 56.066013336
0.139161468 0.071323082 0.987697780 7.135905266 -0.018511735 0.997415960 -0.069416657 -0.494389534 -0.990096450 -0.008623869 0.140122160 56.145267487
0.106166601 0.071463600 0.991776824 7.660263062 -0.010472551 0.997439027 -0.070750542 -0.547584534 -0.994293094 -0.002875088 0.106643096 56.185047150
0.076934770 0.070291452 0.994555056 8.227753639 -0.002480064 0.997522175 -0.070309281 -0.588720083 -0.997033000 0.002942674 0.076918446 56.202201843
0.051660858 0.068256408 0.996329129 8.787200928 0.004252377 0.997637510 -0.068566494 -0.609622598 -0.998655558 0.007778974 0.051248536 56.212196350
0.034232218 0.067685895 0.997119009 9.354856491 0.009713809 0.997634232 -0.068054318 -0.642451048 -0.999366522 0.012015483 0.033493705 56.190231323
0.017770037 0.069010451 0.997457743 9.940479279 0.010500022 0.997547209 -0.069203727 -0.686957061 -0.999786735 0.011703086 0.017001860 56.199241638
0.004678015 0.069441743 0.997575045 10.519655228 0.011876013 0.997511744 -0.069493011 -0.714858592 -0.999918282 0.012172309 0.003841706 56.190975189
-0.007269930 0.070281968 0.997500658 11.123577118 0.012515332 0.997455239 -0.070187569 -0.731447101 -0.999894917 0.011973796 -0.008131012 56.185321808
-0.016484294 0.072900780 0.997202933 11.741576195 0.017156236 0.997212172 -0.072617881 -0.786710858 -0.999716640 0.015911199 -0.017689027 56.176155090
-0.022428175 0.074850664 0.996942461 12.382589340 0.022394959 0.996980429 -0.074349761 -0.838028729 -0.999497056 0.020658962 -0.024036700 56.142787933
-0.026861534 0.074748062 0.996840656 13.009166718 0.023188882 0.996978760 -0.074133545 -0.865894914 -0.999370039 0.021124274 -0.028513711 56.120731354
-0.030872701 0.071772151 0.996943235 13.659511566 0.020935154 0.997246385 -0.071145661 -0.914707363 -0.999303877 0.018674696 -0.032290258 56.105648041
-0.033229016 0.065594099 0.997293055 14.340085983 0.019079711 0.997704029 -0.064985417 -0.938950062 -0.999265552 0.016868658 -0.034404248 56.083740234
-0.034480643 0.059415516 0.997637749 15.016268730 0.020301644 0.998067021 -0.058739431 -0.970316708 -0.999199033 0.018228309 -0.035620235 56.045707703
-0.035049438 0.057330843 0.997739911 15.709606171 0.022899577 0.998137236 -0.056549262 -1.008391023 -0.999123096 0.020865796 -0.036297016 56.025718689
-0.034753002 0.058525141 0.997680843 16.379978180 0.026776109 0.997979820 -0.057609998 -1.061235428 -0.999037087 0.024711879 -0.036249898 56.016284943
-0.033870202 0.065570295 0.997272789 17.085298538 0.027428662 0.997530580 -0.064655691 -1.101557612 -0.999049783 0.025163963 -0.035585061 55.995475769
-0.031701047 0.073469840 0.996793211 17.782726288 0.026832681 0.996997893 -0.072631560 -1.162560821 -0.999137223 0.024444148 -0.033577241 55.982543945
-0.029980117 0.074878037 0.996741593 18.506816864 0.027010389 0.996886790 -0.074076496 -1.205818295 -0.999185562 0.024701562 -0.031909239 55.956291199
-0.027383206 0.070510305 0.997134864 19.244581223 0.027822521 0.997176468 -0.069749191 -1.234036207 -0.999237657 0.025832856 -0.029267639 55.940635681
-0.024655577 0.064298041 0.997625828 19.978185654 0.028172670 0.997577965 -0.063598678 -1.268291116 -0.999298990 0.026537729 -0.026407268 55.921150208
-0.022157457 0.062374257 0.997806489 20.724229813 0.025389364 0.997765183 -0.061807867 -1.315020800 -0.999432027 0.023964174 -0.023691546 55.917442322
-0.018944008 0.067850180 0.997515082 21.447685242 0.032587994 0.997206986 -0.067210324 -1.375903010 -0.999289215 0.031233802 -0.021102132 55.887001038
-0.015476344 0.073597185 0.997167826 22.173147202 0.034814596 0.996722341 -0.073023982 -1.433720827 -0.999273896 0.033585850 -0.017987875 55.870185852
-0.013372488 0.074643895 0.997120440 22.909065247 0.028550502 0.996831656 -0.074239381 -1.475907922 -0.999502718 0.027475521 -0.015461246 55.886344910
-0.010036605 0.071358427 0.997400105 23.641077042 0.023612017 0.997189283 -0.071105734 -1.509577274 -0.999670744 0.022836963 -0.011693316 55.890644073
-0.005300891 0.067142770 0.997729182 24.388553619 0.028514661 0.997347653 -0.066965617 -1.551649332 -0.999579191 0.028094927 -0.007201386 55.876461029
-0.000879112 0.068079971 0.997679293 25.163175583 0.033105858 0.997134745 -0.068013646 -1.619537234 -0.999451339 0.032969229 -0.003130438 55.857044220
0.002153174 0.072196856 0.997387946 25.894407272 0.032492787 0.996858597 -0.072228678 -1.692917705 -0.999469578 0.032563444 -0.000199469 55.857463837
0.005569492 0.073796339 0.997257590 26.629428864 0.028277593 0.996862769 -0.073925048 -1.727520704 -0.999584436 0.028611775 0.003465235 55.875839233
0.009140553 0.072611481 0.997318208 27.385400772 0.026737722 0.996985793 -0.072832339 -1.786319256 -0.999600470 0.027331755 0.007171533 55.888748169
0.012685918 0.070416875 0.997436702 28.100923538 0.031086551 0.997007310 -0.070781931 -1.830627203 -0.999435961 0.031904805 0.010458933 55.890190125
0.016315412 0.069980390 0.997414470 28.850473404 0.035593674 0.996874869 -0.070524730 -1.887666464 -0.999232829 0.036652304 0.013773565 55.902137756
0.019998852 0.071541600 0.997236192 29.604192734 0.039380651 0.996606231 -0.072286099 -1.936119795 -0.999023676 0.040717486 0.017113626 55.910152435
0.022581477 0.071494676 0.997185230 30.333097458 0.040186431 0.996568501 -0.072360493 -1.982731581 -0.998936892 0.041707318 0.019630879 55.924510956
0.025907168 0.070263445 0.997191846 31.072507858 0.040961657 0.996614337 -0.071286954 -2.028657913 -0.998824716 0.042693470 0.022941355 55.943222046
0.029704273 0.068856195 0.997184038 31.830860138 0.044602308 0.996539354 -0.070140302 -2.079500198 -0.998563051 0.046560179 0.026530346 55.960754395
0.032700144 0.069528677 0.997043848 32.571666718 0.043083109 0.996551931 -0.070907399 -2.122688293 -0.998536050 0.045274425 0.029591899 55.987457275
0.035797212 0.070791766 0.996848464 33.323547363 0.038843952 0.996635556 -0.072171532 -2.181085587 -0.998603702 0.041305080 0.032926954 56.026824951
0.038140275 0.070020534 0.996815920 34.049739838 0.039829176 0.996643245 -0.071532287 -2.237214804 -0.998477936 0.042430643 0.035223402 56.068775177
0.042077828 0.072393522 0.996488214 34.842975616 0.038849700 0.996498585 -0.074034758 -2.285178900 -0.998358667 0.041828480 0.039118029 56.105842590
0.044457655 0.072966270 0.996343017 35.649829865 0.037160616 0.996518075 -0.074637257 -2.341351748 -0.998319924 0.040342908 0.041591391 56.150291443
0.047010005 0.073110253 0.996215284 36.327602386 0.035312127 0.996572852 -0.074802853 -2.382363319 -0.998270094 0.038694941 0.044267211 56.187244415
0.050463755 0.074872985 0.995915294 37.122184753 0.032424144 0.996537328 -0.076562732 -2.444239140 -0.998199344 0.036155332 0.047861326 56.222965240
0.053164989 0.076996200 0.995612741 37.874862671 0.031505160 0.996396959 -0.078739218 -2.498303175 -0.998088479 0.035553113 0.050547671 56.267196655
0.056642719 0.078586444 0.995296776 38.620937347 0.031775832 0.996250391 -0.080470100 -2.537323475 -0.997888565 0.036184423 0.053933177 56.313274384
0.059710056 0.081198953 0.994907677 39.397296906 0.025649892 0.996232212 -0.082846411 -2.607323885 -0.997885942 0.030466042 0.057402335 56.377765656
0.062184229 0.080698550 0.994796753 40.192146301 0.020981170 0.996399999 -0.082140088 -2.651920080 -0.997843981 0.025979824 0.060267206 56.430759430
0.065805741 0.080539092 0.994576693 40.949596405 0.023044035 0.996348977 -0.082207263 -2.723388433 -0.997566104 0.028328776 0.063709535 56.492675781
0.069178641 0.082202002 0.994211614 41.732212067 0.023637446 0.996184766 -0.084009804 -2.796423435 -0.997323871 0.029312309 0.066971615 56.547428131
0.072718725 0.083591767 0.993843198 42.526695251 0.017827824 0.996213257 -0.085095592 -2.871214867 -0.997193038 0.023906101 0.070953108 56.615119934
0.076948091 0.082492284 0.993616581 43.305969238 0.016833138 0.996321738 -0.084020518 -2.913796425 -0.996892929 0.023190897 0.075276479 56.682556152
0.081751764 0.080936149 0.993360996 44.097427368 0.018925056 0.996391416 -0.082740590 -2.990417004 -0.996472895 0.025563594 0.079925075 56.743194580
0.086402133 0.085329220 0.992599368 44.901767731 0.014291558 0.996116698 -0.086875625 -3.039716244 -0.996157646 0.021692028 0.084847137 56.819999695
0.092856005 0.093397588 0.991289437 45.691547394 0.012382023 0.995405614 -0.094945274 -3.119591951 -0.995602131 0.021090401 0.091272987 56.920211792
0.100212745 0.098533034 0.990075052 46.487636566 0.011205104 0.994909525 -0.100148268 -3.183039427 -0.994902849 0.021130031 0.098598540 57.006977081
0.107369773 0.101361819 0.989038587 47.285526276 0.006403417 0.994698346 -0.102636963 -3.257439613 -0.994198561 0.017353335 0.106151469 57.109817505
0.114512138 0.099893540 0.988386631 48.096176147 0.003096709 0.994890809 -0.100909643 -3.334102869 -0.993417084 0.014616126 0.113617741 57.209003448
0.122198768 0.098010838 0.987654269 48.903999329 0.002527870 0.995078206 -0.099060282 -3.419038773 -0.992502451 0.014601707 0.121349558 57.318241119
0.129368544 0.094863415 0.987048149 49.712646484 0.002276720 0.995382369 -0.095962740 -3.490907669 -0.991593957 0.014661795 0.128555164 57.429466248
0.137088880 0.089080423 0.986544549 50.540355682 0.000457668 0.995942473 -0.089992493 -3.571405411 -0.990558326 0.012788477 0.136491835 57.537971497
0.144170880 0.082431570 0.986113369 51.347457886 -0.001337619 0.996539652 -0.083107561 -3.629767895 -0.989551842 0.010662640 0.143782258 57.670413971
0.151587605 0.078475043 0.985323668 52.154724121 -0.001214263 0.996857226 -0.079206839 -3.706349850 -0.988443077 0.010810329 0.151206553 57.800342560
0.158842459 0.080823034 0.983990014 52.945075989 -0.001408130 0.996660948 -0.081636511 -3.771039009 -0.987303019 0.011581752 0.158425942 57.944171906
0.166291177 0.087039530 0.982227683 53.752738953 -0.002377814 0.996128798 -0.087868862 -3.841837645 -0.986073971 0.012276260 0.165854499 58.089523315
0.171481997 0.091668718 0.980913103 54.517307281 -0.003583546 0.995713234 -0.092425331 -3.906414986 -0.985180616 0.012334135 0.171075344 58.227668762
0.176505566 0.093455620 0.979852796 55.289360046 -0.005438467 0.995559752 -0.093974009 -3.987129927 -0.984284520 0.011258047 0.176230043 58.379379272
0.181753755 0.093706511 0.978868961 56.061923981 -0.007007992 0.995547354 -0.094001852 -4.046310425 -0.983318865 0.010225289 0.181601137 58.529487610
0.186617926 0.090751670 0.978231728 56.820384979 -0.004765153 0.995796263 -0.091472022 -4.131337166 -0.982420743 0.012408908 0.186265841 58.679183960
0.189507291 0.084775686 0.978212357 57.547561646 -0.002928564 0.996310115 -0.085776672 -4.168807507 -0.981874466 0.013390562 0.189056143 58.806175232
0.193357185 0.077122554 0.978092611 58.305938721 -0.004348543 0.996963322 -0.077750862 -4.252597332 -0.981118679 0.010780408 0.193105400 58.952400208
0.196273059 0.073918708 0.977759123 59.019378662 -0.008487025 0.997245252 -0.073688194 -4.302357674 -0.980512381 0.006164743 0.196359679 59.108318329
0.199612662 0.073999546 0.977076709 59.762550354 -0.009223377 0.997242093 -0.073642500 -4.363519192 -0.979831219 0.005688024 0.199744627 59.268402100
0.201532498 0.075924799 0.976534784 60.466930389 -0.011206634 0.997104585 -0.075211346 -4.414250851 -0.979417324 0.004213857 0.201799825 59.417076111
0.203250423 0.080118984 0.975843370 61.184120178 -0.015803168 0.996785104 -0.078546867 -4.481199741 -0.978998959 0.000543263 0.203863040 59.579902649
0.205159634 0.085370176 0.974998236 61.872692108 -0.016845237 0.996349096 -0.083695076 -4.526487350 -0.978583336 0.000746768 0.205848575 59.733219147
0.207148358 0.090671197 0.974098802 62.543472290 -0.018931132 0.995880961 -0.088672906 -4.596063614 -0.978126049 -0.000072351 0.208011359 59.883773804
0.208737686 0.092144698 0.973620772 63.221126556 -0.017519781 0.995743990 -0.090482317 -4.668027878 -0.977814555 0.001829443 0.209463626 60.037647247
0.210088491 0.092238665 0.973321378 63.882888794 -0.020270457 0.995736480 -0.089987561 -4.721601963 -0.977472067 -0.000824322 0.211062506 60.198005676
0.210702673 0.089169323 0.973474562 64.547126770 -0.019323345 0.996016264 -0.087051697 -4.783713818 -0.977358997 -0.000468769 0.211586356 60.326667786
0.211439446 0.086488120 0.973556757 65.191040039 -0.019299647 0.996252358 -0.084312782 -4.833543777 -0.977200389 -0.000962268 0.212316200 60.487380981
0.211288169 0.085788779 0.973651469 65.839050293 -0.019082565 0.996312916 -0.083644450 -4.892557144 -0.977237344 -0.000906701 0.212146148 60.624996185
0.209971666 0.084956333 0.974009335 66.467613220 -0.018775867 0.996384144 -0.082860351 -4.949203014 -0.977527022 -0.000889555 0.210807562 60.751724243
0.208072484 0.085688479 0.974352717 67.092498779 -0.020277768 0.996318698 -0.083290026 -5.003780365 -0.977903068 -0.002427361 0.209044039 60.905441284
0.205592692 0.088803075 0.974600196 67.707794189 -0.021139199 0.996045053 -0.086297743 -5.053281307 -0.978409052 -0.002860080 0.206656814 61.030998230
0.203491464 0.093136050 0.974636734 68.314498901 -0.020175455 0.995652676 -0.090931959 -5.118884087 -0.978868604 -0.001159861 0.204485968 61.164405823
0.201614812 0.093439505 0.974997640 68.900863647 -0.017095817 0.995623112 -0.091881022 -5.165434837 -0.979315579 0.001856196 0.202329844 61.291770935
0.199477077 0.092487745 0.975528002 69.493347168 -0.017968098 0.995713592 -0.090727396 -5.221032143 -0.979737699 0.000569652 0.200283900 61.415031433
0.197523147 0.089420132 0.976211190 70.091003418 -0.018747428 0.995993257 -0.087438881 -5.271129608 -0.980118930 -0.001030246 0.198408261 61.538059235
0.195633143 0.085169524 0.976971626 70.654022217 -0.018551841 0.996364713 -0.083145276 -5.324383259 -0.980501592 -0.001858659 0.196502015 61.645183563
0.193664089 0.083897784 0.977473795 71.210563660 -0.015354098 0.996473730 -0.082486540 -5.379770279 -0.980947554 0.000966442 0.194269434 61.750297546
0.191667274 0.085548714 0.977724195 71.759582520 -0.011270706 0.996320009 -0.084966376 -5.425172806 -0.981395125 0.005265620 0.191926137 61.867561340
0.189540386 0.087603457 0.977956831 72.309669495 -0.007147320 0.996108472 -0.087844223 -5.478761673 -0.981846750 0.009660244 0.189428955 61.963291168
0.187660933 0.089549579 0.978143036 72.838935852 -0.007164218 0.995933473 -0.089803837 -5.511803627 -0.982207656 0.009845030 0.187539384 62.062854767
0.186145574 0.091999322 0.978204966 73.393005371 -0.008151060 0.995716155 -0.092095174 -5.573392868 -0.982488513 0.009169679 0.186098233 62.196342468
0.184554517 0.091197036 0.978581965 73.947257996 -0.006560032 0.995777786 -0.091562368 -5.606861591 -0.982800364 0.010478721 0.184373513 62.266128540
0.185292825 0.089184828 0.978627920 74.489639282 -0.000603525 0.995883226 -0.090643071 -5.667366028 -0.982683182 0.016204886 0.184583813 62.362564087
0.187234908 0.087407745 0.978418589 75.041671753 0.004680714 0.995942473 -0.089868985 -5.709298134 -0.982303977 0.021406312 0.186066046 62.487312317
0.189427480 0.086575054 0.978070617 75.593917847 0.007651845 0.995944679 -0.089639202 -5.756756783 -0.981864870 0.024464171 0.187996849 62.571937561
0.192653120 0.086677544 0.977431297 76.142181396 0.005353318 0.995983124 -0.089377880 -5.809529305 -0.981252313 0.022451427 0.191415280 62.681838989
0.198072940 0.086994573 0.976319134 76.700653076 0.003635690 0.995981395 -0.089484185 -5.855715275 -0.980180442 0.021273991 0.196960688 62.815494537
0.204254463 0.086177185 0.975117147 77.263084412 0.005301792 0.996005297 -0.089133754 -5.903510094 -0.978903532 0.023375841 0.202981666 62.938362122
0.212788910 0.085761681 0.973327160 77.818717957 0.003223726 0.996073246 -0.088470653 -5.956476212 -0.977092922 0.021963319 0.211676911 63.085540771
0.221331522 0.084313065 0.971546829 78.397796631 0.002975380 0.996192634 -0.087129697 -5.993529797 -0.975194097 0.022175267 0.220237911 63.233337402
0.230197981 0.083348051 0.969567657 78.974761963 0.000534205 0.996314406 -0.085774146 -6.047993183 -0.973143756 0.020262972 0.229305029 63.370006561
0.239545822 0.083746321 0.967266083 79.549026489 -0.001700680 0.996307492 -0.085839547 -6.091578484 -0.970883608 0.018917488 0.238803729 63.529861450
0.249115676 0.086642578 0.964589953 80.138710022 -0.006246591 0.996113181 -0.087860793 -6.144903660 -0.968453646 0.015862098 0.248688608 63.710361481
0.258514583 0.089496575 0.961852372 80.725837708 -0.010296509 0.995897830 -0.089896977 -6.185379982 -0.965952516 0.013335950 0.258375585 63.861419678
0.269392878 0.091550164 0.958668590 81.331619263 -0.013355518 0.995730460 -0.091336451 -6.231219292 -0.962937713 0.011801865 0.269465357 64.062149048
0.279458433 0.093801439 0.955564439 81.947364807 -0.015657654 0.995529175 -0.093145303 -6.299627304 -0.960030019 0.011068330 0.279677570 64.234375000
0.289205432 0.094863296 0.952554882 82.565475464 -0.018982580 0.995450199 -0.093371861 -6.355335236 -0.957078695 0.008921701 0.289690286 64.421745300
0.299513876 0.095316239 0.949318707 83.184036255 -0.020171173 0.995407343 -0.093579680 -6.405036926 -0.953878582 0.008879552 0.300061017 64.631111145
0.309663057 0.096109070 0.945976615 83.819519043 -0.023810050 0.995350301 -0.093331158 -6.463889599 -0.950548112 0.006377469 0.310511619 64.854911804
0.320825696 0.092275031 0.942632496 84.536231995 -0.023634069 0.995712876 -0.089427218 -6.515924931 -0.946843147 0.006412312 0.321631044 65.121673584
0.331188321 0.084401578 0.939782023 85.136558533 -0.020123988 0.996396303 -0.082394205 -6.572017670 -0.943349838 0.008375833 0.331693411 65.326782227
0.342310816 0.080005839 0.936174154 85.821426392 -0.018917827 0.996753037 -0.078265660 -6.626601696 -0.939396262 0.009080800 0.342712820 65.580551147
0.352715403 0.076333262 0.932611704 86.500350952 -0.017728563 0.997033298 -0.074901111 -6.669008732 -0.935562611 0.009884910 0.353022218 65.856224060
0.361801118 0.073995687 0.929313600 87.157867432 -0.013724928 0.997160017 -0.074054427 -6.729686737 -0.932154298 0.014038219 0.361788929 66.101791382
0.370568067 0.070296124 0.926141262 87.835426331 -0.007409183 0.997323871 -0.072734468 -6.765321255 -0.928775728 0.020091120 0.370097131 66.345809937
0.378109217 0.060697645 0.923768938 88.609977722 0.001805488 0.997798026 -0.066300862 -6.816551208 -0.925759137 0.026736826 0.377167076 66.688095093
0.385220200 0.054865953 0.921192288 89.280242920 0.007926308 0.997997463 -0.062755063 -6.871606827 -0.922790587 0.031476177 0.384013891 66.951812744
0.392699748 0.054283485 0.918063462 90.023963928 0.011556075 0.997886121 -0.063946411 -6.903535366 -0.919594169 0.035720941 0.391242355 67.271469116
0.399949163 0.060560796 0.914534330 90.721672058 0.012732709 0.997351170 -0.071613304 -6.965998173 -0.916448772 0.040286176 0.398118764 67.564178467
0.407386899 0.066036120 0.910865009 91.439590454 0.015522567 0.996737480 -0.079204239 -7.021647930 -0.913123667 0.046405714 0.405032784 67.872856140
0.412914991 0.067609660 0.908256590 92.158454895 0.013917563 0.996656001 -0.080517262 -7.082671642 -0.910663068 0.045887489 0.410593271 68.213691711
0.417202234 0.069517307 0.906150877 92.856735229 0.007280405 0.996782482 -0.079822257 -7.127511501 -0.908784509 0.039899152 0.415353715 68.540008545
0.421061486 0.072587870 0.904122829 93.537597656 0.001442962 0.996737838 -0.080695488 -7.173069954 -0.907030940 0.035282355 0.419583142 68.876853943
0.425463527 0.075736478 0.901800752 94.233528137 -0.000010502 0.996492326 -0.083684027 -7.254509449 -0.904975355 0.035594977 0.423971832 69.234687805
0.429473400 0.079761460 0.899550200 94.891227722 -0.002365141 0.996187985 -0.087200969 -7.303409576 -0.903076112 0.035322931 0.428024828 69.557334900
0.432783335 0.082868733 0.897680998 95.564491272 -0.005510816 0.995990694 -0.089287288 -7.374735832 -0.901480973 0.033695098 0.431504756 69.896842957
0.436778903 0.082047865 0.895819187 96.220451355 -0.006496404 0.996093452 -0.088064484 -7.430094719 -0.899545193 0.032645117 0.435605556 70.219093323
0.440786123 0.077752769 0.894237936 96.863059998 -0.005086059 0.996441543 -0.084132187 -7.497989178 -0.897597492 0.032536175 0.439613044 70.537788391
0.444316149 0.075554460 0.892678142 97.516990662 -0.005013769 0.996631324 -0.081857294 -7.557114601 -0.895855784 0.031894848 0.443198234 70.870185852
0.447754294 0.074335769 0.891060948 98.131378174 -0.006027333 0.996766567 -0.080125347 -7.618474483 -0.894136012 0.030505775 0.446754485 71.188613892
0.451262027 0.076247841 0.889127851 98.751464844 -0.008680405 0.996671081 -0.081064604 -7.676765442 -0.892349124 0.028863415 0.450421602 71.515914917
0.454183906 0.076718554 0.887597859 99.364433289 -0.008997429 0.996629715 -0.081538372 -7.741748810 -0.890862286 0.029047411 0.453343242 71.825866699
0.456224948 0.075088643 0.886690617 99.971885681 -0.007018406 0.996706188 -0.080794044 -7.793432236 -0.889836609 0.030637110 0.455249250 72.127937317
0.458190948 0.073598862 0.885801494 100.549415588 -0.004443014 0.996743202 -0.080518529 -7.847242832 -0.888842523 0.032957233 0.457025826 72.431877136
0.459936053 0.073971502 0.884865463 101.136222839 -0.006205106 0.996767282 -0.080100805 -7.901996136 -0.887930095 0.031350568 0.458908409 72.746101379
0.461980313 0.073166370 0.883866906 101.714363098 -0.004821034 0.996783555 -0.079993732 -7.952965736 -0.886876822 0.032694396 0.460847288 73.045196533
0.464388609 0.075084224 0.882442892 102.262962341 -0.005506700 0.996625066 -0.081901692 -8.003679276 -0.885614157 0.033174891 0.463234961 73.342384338
0.467317551 0.075153574 0.880889416 102.828880310 -0.003106911 0.996513784 -0.083369881 -8.057965279 -0.884083748 0.036223389 0.465921998 73.638832092
0.470348775 0.073781878 0.879391015 103.358779907 0.000047057 0.996496439 -0.083632313 -8.110280991 -0.882480085 0.039377790 0.468697667 73.938858032
0.473482281 0.072282344 0.877832413 103.892784119 0.002561734 0.996509790 -0.083436206 -8.156347275 -0.880799592 0.041754331 0.471644551 74.220619202
0.476666093 0.071405850 0.876179576 104.426544189 0.003701818 0.996523798 -0.083227433 -8.211478233 -0.879076540 0.042915143 0.474744737 74.510795593
0.480060816 0.071099363 0.874349177 104.935501099 0.004576428 0.996493638 -0.083544433 -8.259957314 -0.877223194 0.044107813 0.478052020 74.790588379
0.483241409 0.070294209 0.872660577 105.436096191 0.005392937 0.996513546 -0.083257131 -8.309110641 -0.875470519 0.044939492 0.481177390 75.080566406
0.486745775 0.069496877 0.870774865 105.958869934 0.007497313 0.996461153 -0.083718799 -8.355125427 -0.873511374 0.047278240 0.484502137 75.368804932
0.490476578 0.070867933 0.868568182 106.445175171 0.006244756 0.996376455 -0.084822424 -8.405583382 -0.871431947 0.047027390 0.488256574 75.651634216
0.495115817 0.070750542 0.865941584 106.949272156 0.009056998 0.996204317 -0.086571962 -8.456452370 -0.868779838 0.050705973 0.492595583 75.926780701
0.499970675 0.074119627 0.862865090 107.445190430 0.006434604 0.995985448 -0.089283019 -8.508280754 -0.866018593 0.050191086 0.497486353 76.216934204
0.505365312 0.080105051 0.859179258 107.925483704 0.003345713 0.995492458 -0.094782054 -8.558841705 -0.862898886 0.050774135 0.502819300 76.521339417
0.510945559 0.087458789 0.855152428 108.391342163 -0.002203459 0.994940758 -0.100438833 -8.608873367 -0.859610140 0.049434468 0.508553207 76.807373047
0.517276525 0.093872011 0.850654542 108.878738403 -0.007087820 0.994402111 -0.105424911 -8.655290604 -0.855789006 0.048504546 0.515046060 77.128372192
0.523325920 0.098494038 0.846421480 109.348960876 -0.011224438 0.994008183 -0.108728215 -8.710260391 -0.852058709 0.047399685 0.521295607 77.429206848
0.528983235 0.098799370 0.842861652 109.841941833 -0.014766909 0.994121075 -0.107262120 -8.767211914 -0.848503768 0.044293411 0.527332246 77.761489868
0.534495115 0.097567856 0.839521170 110.338279724 -0.021964537 0.994582236 -0.101604767 -8.826841354 -0.844886005 0.035867617 0.533742309 78.078041077
0.540042698 0.095398873 0.836213291 110.824218750 -0.028185604 0.995047808 -0.095316641 -8.879453659 -0.841165364 0.027905885 0.540057302 78.406372070
0.545887232 0.093642451 0.832609177 111.324119568 -0.034616448 0.995406866 -0.089256413 -8.939098358 -0.837143183 0.019901967 0.546621561 78.761466980
0.551619887 0.091484830 0.829063118 111.832061768 -0.037435256 0.995680630 -0.084962942 -8.988554001 -0.833254933 0.015831072 0.552662075 79.111495972
0.557901084 0.095139325 0.824435949 112.337379456 -0.042434879 0.995378017 -0.086149998 -9.038147926 -0.828821540 0.013078365 0.559360206 79.480323792
0.564298332 0.099025451 0.819610476 112.861801147 -0.046340320 0.995014310 -0.088312678 -9.086833000 -0.824269235 0.011853687 0.566073895 79.866828918
0.569981873 0.102710716 0.815212250 113.386405945 -0.049227387 0.994642675 -0.090898708 -9.141507149 -0.820181131 0.011679856 0.571984649 80.242851257
