0.999999881 0.000000001 0.000000000 0.000000000 0.000000001 0.999999881 0.000000000 0.000000000 0.000000000 0.000000000 1.000000000 0.000000000
0.999999821 -0.000085097 -0.000407970 0.055600986 0.000085654 0.999998927 0.001361186 -0.026459835 0.000407854 -0.001361221 0.999998987 1.315979719
0.999998510 -0.001678760 -0.000162158 -0.014054705 0.001679014 0.999997199 0.001584801 -0.043307766 0.000159498 -0.001585073 0.999998689 2.617465973
0.999996126 -0.002652181 -0.000722538 -0.017082294 0.002652830 0.999996006 0.000893682 -0.072681360 0.000720165 -0.000895596 0.999999344 3.945240259
0.999994099 -0.003387170 -0.000411662 -0.014712376 0.003387462 0.999993920 0.000704047 -0.087566681 0.000409274 -0.000705437 0.999999702 5.277325153
0.999994457 -0.003328934 -0.000464474 -0.030553967 0.003329569 0.999993443 0.001375625 -0.113830477 0.000459890 -0.001377162 0.999998748 6.581880093
0.999990344 -0.004408362 -0.000372232 -0.032667998 0.004409224 0.999987483 0.002355298 -0.149375394 0.000361844 -0.002356916 0.999997079 7.914554596
0.999988496 -0.004812669 -0.000399309 -0.048544783 0.004813763 0.999984443 0.002793705 -0.162608474 0.000385858 -0.002795594 0.999995947 9.239551544
0.999992907 -0.003700717 -0.000762766 -0.044017464 0.003701940 0.999991894 0.001609346 -0.191969961 0.000756804 -0.001612157 0.999998331 10.560594559
0.999999225 -0.001130799 -0.000561363 -0.062266525 0.001130411 0.999999046 -0.000694318 -0.208644852 0.000562148 0.000693684 0.999999642 11.879727364
0.999998212 0.001753807 -0.000706011 -0.057525888 -0.001755016 0.999996901 -0.001716830 -0.241542250 0.000702999 0.001718067 0.999998331 13.226006508
0.999987483 0.004982216 -0.000525977 -0.087297425 -0.004983140 0.999985635 -0.001768101 -0.268361598 0.000517166 0.001770702 0.999998212 14.575012207
0.999985635 0.005326702 -0.000030552 -0.107855596 -0.005326732 0.999985158 -0.000901977 -0.299152583 0.000025747 0.000902128 0.999999523 15.923497200
0.999993920 0.003431541 0.000090288 -0.098889664 -0.003431686 0.999992669 0.001590651 -0.324479133 -0.000084830 -0.001590951 0.999998689 17.270330429
0.999998868 -0.001315540 0.000431581 -0.120198831 0.001313913 0.999991953 0.003733634 -0.353182256 -0.000436489 -0.003733065 0.999992907 18.621973038
0.999995947 -0.002748540 -0.000096315 -0.111558609 0.002748686 0.999994695 0.001581512 -0.373915136 0.000091969 -0.001581770 0.999998868 19.965658188
0.999994576 -0.003239835 -0.000490638 -0.105528265 0.003238714 0.999992132 -0.002264894 -0.389064938 0.000497971 0.002263295 0.999997437 21.330438614
0.999999225 -0.001054027 -0.000375190 -0.101174079 0.001052653 0.999992669 -0.003641090 -0.444485903 0.000379026 0.003640695 0.999993324 22.686092377
0.999998808 0.000983199 0.001108838 -0.140593767 -0.000982734 0.999999344 -0.000423045 -0.440843195 -0.001109249 0.000421959 0.999999285 24.042726517
0.999996483 0.001226996 0.002353922 -0.162001699 -0.001235665 0.999992430 0.003684167 -0.466412753 -0.002349383 -0.003687064 0.999990523 25.430349350
0.999997318 -0.000382281 0.002225261 -0.139023110 0.000371736 0.999988735 0.004736117 -0.488273054 -0.002227047 -0.004735278 0.999986410 26.800640106
0.999986291 -0.004670892 0.002302954 -0.162918419 0.004661115 0.999980330 0.004232453 -0.518651366 -0.002322678 -0.004221662 0.999988616 28.153818130
0.999985874 -0.004799682 0.002245151 -0.164634973 0.004796457 0.999987423 0.001439290 -0.533031106 -0.002252030 -0.001428501 0.999996424 29.527826309
0.999984443 -0.004740214 0.002897235 -0.165555388 0.004742293 0.999988437 -0.000710838 -0.576175094 -0.002893832 0.000724566 0.999995470 30.910860062
0.999992609 -0.001961922 0.003262810 -0.177510381 0.001967893 0.999996424 -0.001829462 -0.582351089 -0.003259209 0.001835866 0.999992728 32.291912079
0.999992490 -0.000183112 0.003835473 -0.181094989 0.000198052 0.999992430 -0.003896722 -0.630088925 -0.003834732 0.003897452 0.999984980 33.669361115
0.999992847 0.000235108 0.003744670 -0.186116949 -0.000221506 0.999993443 -0.003631075 -0.641316235 -0.003745499 0.003630216 0.999986351 35.061012268
0.999995232 -0.000101455 0.003050487 -0.178411722 0.000108312 0.999997437 -0.002246657 -0.683045805 -0.003050250 0.002246977 0.999992847 36.451156616
0.999994397 0.000840580 0.003234931 -0.191733569 -0.000839149 0.999999464 -0.000444444 -0.702967584 -0.003235302 0.000441725 0.999994695 37.858112335
0.999990106 0.003476527 0.002787380 -0.192969576 -0.003475809 0.999993742 -0.000261830 -0.732193947 -0.002788274 0.000252138 0.999996006 39.255519867
0.999976635 0.006042615 0.003203886 -0.204779729 -0.006041891 0.999981403 -0.000235235 -0.758011401 -0.003205249 0.000215869 0.999994576 40.666271210
0.999967575 0.007378175 0.003184387 -0.216372252 -0.007378284 0.999972701 0.000023008 -0.779615760 -0.003184130 -0.000046502 0.999994814 42.089706421
0.999958634 0.008584122 0.002962439 -0.224924251 -0.008584849 0.999963045 0.000233418 -0.807674050 -0.002960326 -0.000258840 0.999995410 43.478610992
0.999965489 0.007858240 0.002653470 -0.241927058 -0.007858848 0.999969006 0.000217160 -0.836410284 -0.002651680 -0.000238005 0.999996185 44.886119843
0.999971867 0.007270075 0.001805188 -0.234722763 -0.007269231 0.999973476 -0.000474160 -0.872341037 -0.001808587 0.000461025 0.999998212 46.284706116
0.999974191 0.007066617 0.001177249 -0.260099828 -0.007066498 0.999974847 -0.000106975 -0.903743267 -0.001177975 0.000098653 0.999999285 47.711555481
0.999977112 0.006702189 0.000125897 -0.265638739 -0.006702301 0.999976993 0.000935220 -0.920470774 -0.000119626 -0.000936043 0.999999464 49.113727570
0.999974847 0.007042680 -0.000854487 -0.279273957 -0.007041814 0.999974549 0.001010418 -0.948707700 0.000861580 -0.001004376 0.999999046 50.538875580
0.999972105 0.007250351 -0.001805560 -0.294800669 -0.007248380 0.999972880 0.001095768 -0.971464992 0.001813455 -0.001082650 0.999997675 51.987869263
0.999966681 0.007622917 -0.002960667 -0.307005167 -0.007616826 0.999968529 0.002063647 -1.002283812 0.002976304 -0.002041027 0.999993324 53.389865875
0.999972165 0.006425707 -0.003836297 -0.318665445 -0.006414024 0.999974251 0.003050475 -1.030168533 0.003855800 -0.003025781 0.999987602 54.845443726
0.999982595 0.003767174 -0.004521950 -0.321875215 -0.003750775 0.999986231 0.003629217 -1.046830535 0.004535560 -0.003612194 0.999983072 56.242900848
0.999985218 0.002227756 -0.004962455 -0.338417262 -0.002213925 0.999993503 0.002790824 -1.080941439 0.004968641 -0.002779797 0.999983668 57.665451050
0.999984920 0.001743977 -0.005198922 -0.338466108 -0.001728560 0.999994040 0.002968160 -1.109641314 0.005204068 -0.002959129 0.999981761 59.152011871
0.999987185 0.000822622 -0.005018007 -0.349299103 -0.000805174 0.999993622 0.003478124 -1.135777831 0.005020838 -0.003474039 0.999981284 60.558704376
0.999988735 -0.001064984 -0.004633947 -0.357779026 0.001085619 0.999989450 0.004453009 -1.156819940 0.004629157 -0.004457987 0.999979317 62.021827698
0.999982953 -0.004443178 -0.003819085 -0.378118634 0.004454485 0.999985635 0.002958141 -1.167812705 0.003805891 -0.002975097 0.999988258 63.397102356
0.999977410 -0.005474770 -0.003871582 -0.388575166 0.005482056 0.999983132 0.001873744 -1.192120790 0.003861261 -0.001894927 0.999990702 64.818176270
0.999981999 -0.005122214 -0.003091619 -0.400573164 0.005127485 0.999985397 0.001699694 -1.229781508 0.003082871 -0.001715517 0.999993801 66.275802612
0.999996543 -0.001938612 -0.001731833 -0.423092961 0.001943607 0.999993742 0.002889236 -1.270128608 0.001726228 -0.002892590 0.999994457 67.626739502
0.999999106 0.000633865 -0.001071595 -0.439156055 -0.000629732 0.999992192 0.003854482 -1.300388932 0.001074030 -0.003853804 0.999992013 69.097946167
0.999990225 0.004393579 -0.000430823 -0.449495316 -0.004391280 0.999976695 0.005201216 -1.324903011 0.000453666 -0.005199273 0.999986529 70.466796875
0.999969006 0.007797747 0.000980529 -0.494831800 -0.007803343 0.999952078 0.005844409 -1.345692873 -0.000934906 -0.005851876 0.999982595 71.892562866
0.999922872 0.012339635 0.001402492 -0.504154503 -0.012347068 0.999909043 0.005419663 -1.363435984 -0.001335487 -0.005436564 0.999984324 73.248199463
0.999822319 0.018769501 0.001796780 -0.505492568 -0.018781630 0.999799132 0.006984281 -1.411089659 -0.001665328 -0.007016792 0.999973834 74.657829285
0.999795556 0.020030690 0.002739190 -0.520325899 -0.020049289 0.999774754 0.006938670 -1.424652100 -0.002599588 -0.006992171 0.999972105 76.104980469
0.999837101 0.017871417 0.002455052 -0.522166312 -0.017884281 0.999825656 0.005316128 -1.440668583 -0.002359623 -0.005359168 0.999982774 77.461097717
0.999848902 0.017216513 0.002341233 -0.530080795 -0.017228605 0.999837697 0.005245239 -1.468161464 -0.002250549 -0.005284784 0.999983490 78.882194519
0.999862134 0.016384330 0.002610114 -0.538059831 -0.016395314 0.999856353 0.004243565 -1.494761229 -0.002540209 -0.004285776 0.999987543 80.249275208
0.999866724 0.016143488 0.002405884 -0.538947999 -0.016154030 0.999859512 0.004429523 -1.524103642 -0.002334038 -0.004467800 0.999987364 81.636497498
0.999877810 0.015492666 0.002015111 -0.549224257 -0.015501230 0.999870241 0.004314325 -1.546910048 -0.001948011 -0.004345039 0.999988794 83.062873840
0.999898612 0.014151396 0.001576452 -0.555503070 -0.014157603 0.999891639 0.003998083 -1.567847967 -0.001519703 -0.004019997 0.999990761 84.423103333
0.999887049 0.015002435 0.000729418 -0.565755069 -0.015005377 0.999878407 0.004214346 -1.593857288 -0.000666105 -0.004224817 0.999990761 85.817779541
0.999895990 0.014401709 -0.000619433 -0.573737919 -0.014398473 0.999884009 0.004943284 -1.622590780 0.000690554 -0.004933853 0.999987602 87.173812866
0.999911845 0.013171190 -0.001654315 -0.569812953 -0.013160500 0.999893367 0.006316391 -1.650825262 0.001737335 -0.006294066 0.999978602 88.554542542
0.999931931 0.011247997 -0.003042691 -0.575491667 -0.011224519 0.999907911 0.007625760 -1.677874565 0.003128188 -0.007591092 0.999966323 89.930999756
0.999937773 0.010327771 -0.004187690 -0.583099961 -0.010295290 0.999917269 0.007704771 -1.705245495 0.004266917 -0.007661180 0.999961615 91.265892029
0.999945819 0.009400073 -0.004402984 -0.602092445 -0.009368795 0.999931157 0.007071264 -1.724545479 0.004469153 -0.007029633 0.999965429 92.656555176
0.999965966 0.007085057 -0.004101541 -0.615876913 -0.007061842 0.999959171 0.005645380 -1.744641781 0.004141374 -0.005616227 0.999975622 94.018493652
0.999970436 0.006376319 -0.004309635 -0.630372107 -0.006353900 0.999966264 0.005195232 -1.760887980 0.004342616 -0.005167696 0.999977231 95.423973083
0.999968588 0.006958562 -0.003815348 -0.656617165 -0.006940254 0.999964297 0.004791229 -1.789564013 0.003848552 -0.004764597 0.999981284 96.762313843
0.999963522 0.007768266 -0.003509766 -0.672155976 -0.007754053 0.999961674 0.004045181 -1.819697261 0.003541056 -0.004017819 0.999985695 98.098953247
0.999959350 0.008384706 -0.003251988 -0.695297480 -0.008371103 0.999956191 0.004174898 -1.838619828 0.003286851 -0.004147507 0.999985993 99.467620850
0.999952972 0.009031996 -0.003426909 -0.702637494 -0.009013684 0.999945045 0.005321468 -1.856756210 0.003474788 -0.005290329 0.999979913 100.808898926
0.999947786 0.009783220 -0.002932339 -0.717066169 -0.009763176 0.999929309 0.006773650 -1.877297878 0.002998401 -0.006744668 0.999972761 102.184249878
0.999951541 0.009456770 -0.002695308 -0.731546938 -0.009440877 0.999938250 0.005849367 -1.895815015 0.002750457 -0.005823638 0.999979317 103.500595093
0.999950171 0.009420613 -0.003249963 -0.737832427 -0.009411443 0.999951661 0.002827895 -1.926103115 0.003276446 -0.002797167 0.999990821 104.851226807
0.999959707 0.008327979 -0.003324522 -0.752568245 -0.008323414 0.999964356 0.001384159 -1.945703387 0.003335931 -0.001356431 0.999993503 106.205223083
0.999973595 0.006545131 -0.003149233 -0.763266504 -0.006536709 0.999975085 0.002676043 -1.983182788 0.003166668 -0.002655386 0.999991477 107.520431519
0.999990463 0.003534190 -0.002578939 -0.775986075 -0.003522100 0.999983013 0.004673217 -1.997714520 0.002595408 -0.004664086 0.999985993 108.878608704
0.999996245 0.002107372 -0.001670904 -0.785733700 -0.002098519 0.999983728 0.005280262 -2.026561499 0.001682005 -0.005276737 0.999984682 110.230506897
0.999998569 0.001402482 -0.000879346 -0.794930995 -0.001398702 0.999989688 0.004279792 -2.052998781 0.000885341 -0.004278559 0.999990404 111.547264099
0.999995887 0.002835195 -0.000145615 -0.804913640 -0.002834925 0.999994397 0.001785453 -2.070125341 0.000150676 -0.001785034 0.999998450 112.863952637
0.999984026 0.005578903 0.000816323 -0.814804196 -0.005578859 0.999984443 -0.000048720 -2.104182482 -0.000816581 0.000044166 0.999999702 114.193733215
0.999959290 0.008693505 0.002420881 -0.826881051 -0.008691953 0.999961853 -0.000649696 -2.123867750 -0.002426436 0.000628628 0.999996781 115.517883301
0.999944031 0.009822446 0.003918359 -0.836620331 -0.009827007 0.999950945 0.001145813 -2.148419380 -0.003906914 -0.001184257 0.999991655 116.842254639
0.999944031 0.009412585 0.004843979 -0.838975847 -0.009431606 0.999947667 0.003919214 -2.174709320 -0.004806838 -0.003964686 0.999980509 118.176383972
0.999938607 0.009483834 0.005728348 -0.839188635 -0.009510219 0.999944031 0.004597004 -2.202744484 -0.005684429 -0.004651200 0.999973059 119.532394409
0.999932170 0.009490103 0.006778665 -0.844743848 -0.009513972 0.999948382 0.003497896 -2.222935915 -0.006745119 -0.003562151 0.999970853 120.851890564
0.999901056 0.011483904 0.008095256 -0.848074675 -0.011487404 0.999933839 0.000385778 -2.241050720 -0.008090295 -0.000478734 0.999967098 122.204780579
0.999877512 0.012691393 0.009148546 -0.848623276 -0.012691312 0.999919295 -0.000067261 -2.263034821 -0.009148664 -0.000048855 0.999958158 123.555740356
0.999840677 0.014505029 0.010405296 -0.846864581 -0.014495257 0.999894202 -0.001013885 -2.294817924 -0.010418905 0.000862897 0.999945283 124.887107849
0.999819398 0.015214521 0.011373617 -0.841870904 -0.015226319 0.999883294 0.000951377 -2.316167116 -0.011357817 -0.001124381 0.999934733 126.238815308
0.999808550 0.015114260 0.012421023 -0.839813709 -0.015122959 0.999885321 0.000606687 -2.346742153 -0.012410433 -0.000794413 0.999922633 127.564346313
0.999817967 0.013698103 0.013293844 -0.830109477 -0.013721246 0.999904394 0.001650906 -2.367800236 -0.013269964 -0.001833011 0.999910414 128.879928589
0.999828398 0.012025604 0.014090111 -0.820152164 -0.012065811 0.999923289 0.002771843 -2.391994476 -0.014055701 -0.002941377 0.999896884 130.243240356
0.999834239 0.011159051 0.014383225 -0.804846764 -0.011202626 0.999932826 0.002952033 -2.414829254 -0.014349317 -0.003112673 0.999892235 131.580444336
0.999849856 0.009664863 0.014391182 -0.795276642 -0.009717717 0.999946237 0.003606890 -2.444942713 -0.014355554 -0.003746195 0.999889970 132.915084839
0.999862492 0.008509239 0.014231688 -0.784584641 -0.008570549 0.999954164 0.004252463 -2.467024088 -0.014194854 -0.004373850 0.999889791 134.259841919
0.999875307 0.007914110 0.013658944 -0.772848725 -0.007968349 0.999960542 0.003921035 -2.498629093 -0.013627375 -0.004029385 0.999899149 135.619216919
0.999904752 0.005945916 0.012442082 -0.762099743 -0.005996728 0.999973774 0.004050456 -2.513184547 -0.012417676 -0.004124680 0.999914527 136.903839111
0.999924362 0.004409091 0.011487814 -0.756267786 -0.004465229 0.999978244 0.004865383 -2.538347244 -0.011466113 -0.004916310 0.999922276 138.273040771
0.999942839 0.002871929 0.010307198 -0.743079305 -0.002926732 0.999981701 0.005305300 -2.556812286 -0.010291774 -0.005335162 0.999932885 139.589477539
0.999959588 0.000773431 0.009000379 -0.737843990 -0.000821368 0.999985635 0.005322672 -2.577201605 -0.008996133 -0.005329848 0.999945700 140.978820801
0.999968112 0.001677281 0.007784387 -0.735935688 -0.001713587 0.999987602 0.004659694 -2.603484631 -0.007776476 -0.004672888 0.999958754 142.296722412
0.999975741 0.001630916 0.006759125 -0.733512282 -0.001658329 0.999990344 0.004052046 -2.617328882 -0.006752454 -0.004063159 0.999968886 143.637252808
0.999981642 -0.001180375 0.005919410 -0.728865564 0.001166608 0.999996901 0.002328007 -2.640142679 -0.005922145 -0.002321059 0.999979615 145.000106812
0.999974251 -0.005516945 0.004587431 -0.742424250 0.005512574 0.999984384 0.000964364 -2.678097725 -0.004592679 -0.000939050 0.999989092 146.307479858
0.999879062 -0.015160330 0.003472871 -0.735893428 0.015145471 0.999876380 0.004265518 -2.686510324 -0.003537107 -0.004212402 0.999984920 147.671752930
0.999739766 -0.022729293 0.001909209 -0.726759911 0.022718322 0.999726295 0.005584097 -2.706999540 -0.002035608 -0.005539268 0.999982655 148.979064941
0.999678612 -0.025322067 0.000959188 -0.704543710 0.025319241 0.999675512 0.002855207 -2.734411716 -0.001031174 -0.002829998 0.999995708 150.317871094
0.999733627 -0.023048064 0.001084180 -0.721039951 0.023049137 0.999733806 -0.000994693 -2.771454811 -0.001060965 0.001019419 0.999998927 151.715011597
0.999795258 -0.020116696 0.002124345 -0.728858709 0.020122882 0.999793112 -0.002935343 -2.796388149 -0.002064855 0.002977490 0.999993503 153.027160645
0.999791622 -0.020131037 0.003295249 -0.727108598 0.020140456 0.999792933 -0.002854211 -2.822374105 -0.003237108 0.002919982 0.999990404 154.411575317
0.999728680 -0.022958953 0.003926417 -0.727347195 0.022959152 0.999736428 -0.000006862 -2.845842361 -0.003925225 0.000097007 0.999992251 155.722961426
0.999537289 -0.030131053 0.004148935 -0.726362705 0.030116692 0.999540210 0.003480341 -2.873525620 -0.004251894 -0.003353779 0.999985337 157.066192627
0.999434054 -0.033372257 0.004191225 -0.703429222 0.033351757 0.999431729 0.004868296 -2.897380829 -0.004351306 -0.004725757 0.999979496 158.460235596
0.999415636 -0.033941016 0.004042307 -0.692323625 0.033921521 0.999412775 0.004797417 -2.923314333 -0.004202763 -0.004657493 0.999980330 159.802871704
0.999468982 -0.032171823 0.005125803 -0.699598908 0.032147054 0.999471307 0.004843052 -2.945239305 -0.005278901 -0.004675701 0.999975204 161.175979614
0.999529243 -0.030001430 0.006367335 -0.705304027 0.029970312 0.999538541 0.004927533 -2.961168051 -0.006512227 -0.004734380 0.999967813 162.497314453
0.999635816 -0.025958495 0.007379111 -0.706634283 0.025938721 0.999659657 0.002762280 -2.987708569 -0.007448304 -0.002569869 0.999968886 163.861953735
0.999688089 -0.023632370 0.008065240 -0.704674363 0.023618152 0.999719262 0.001853166 -3.004782677 -0.008106770 -0.001662102 0.999965727 165.195449829
0.999737144 -0.021360710 0.008336551 -0.708052635 0.021335902 0.999767423 0.003052349 -3.026558399 -0.008399817 -0.002873679 0.999960423 166.542358398
0.999754310 -0.020589054 0.008203233 -0.702896357 0.020566864 0.999784470 0.002779481 -3.050763130 -0.008258693 -0.002610084 0.999962389 167.902404785
0.999803364 -0.018275978 0.007710109 -0.702657819 0.018272495 0.999832809 0.000519575 -3.075876713 -0.007718318 -0.000378591 0.999969959 169.273742676
0.999890864 -0.012878169 0.007222188 -0.706406593 0.012898104 0.999912918 -0.002721017 -3.120203018 -0.007186519 0.002813872 0.999970198 170.682662964
0.999939799 -0.008393676 0.007025764 -0.710654497 0.008419066 0.999957860 -0.003592533 -3.137768507 -0.006995316 0.003651466 0.999968827 172.021026611
0.999966919 -0.003153341 0.007492898 -0.712312579 0.003171435 0.999992013 -0.002404916 -3.168440819 -0.007485257 0.002428599 0.999969125 173.399414062
0.999966502 -0.001363754 0.008063718 -0.726546526 0.001368223 0.999999106 -0.000548734 -3.193242311 -0.008062960 0.000559747 0.999967337 174.792007446
0.999967098 -0.001052691 0.008018479 -0.727394938 0.001040480 0.999998212 0.001527277 -3.214391708 -0.008020074 -0.001518884 0.999966621 176.137985229
0.999970436 -0.002858388 0.007109655 -0.723211646 0.002840248 0.999992609 0.002560311 -3.247150660 -0.007116927 -0.002540044 0.999971211 177.556854248
0.999968827 -0.005577064 0.005571310 -0.721098304 0.005561717 0.999980628 0.002765800 -3.263192892 -0.005586628 -0.002734727 0.999980748 178.913040161
0.999973595 -0.006406782 0.003404844 -0.720741093 0.006410726 0.999978662 -0.001149551 -3.292640924 -0.003397405 0.001171350 0.999993503 180.249343872
0.999991477 -0.003553807 0.002010665 -0.729071021 0.003564672 0.999978662 -0.005426588 -3.325036764 -0.001991334 0.005433714 0.999983191 181.689117432
0.999997973 0.000406550 0.001931995 -0.748068690 -0.000393806 0.999978125 -0.006592462 -3.354352951 -0.001934634 0.006591690 0.999976456 183.079803467
0.999988437 0.004630388 0.001284782 -0.761019707 -0.004623618 0.999975741 -0.005219107 -3.390821695 -0.001308916 0.005213107 0.999985695 184.465744019
0.999980927 0.005945573 0.001431671 -0.771550059 -0.005942728 0.999980271 -0.001984734 -3.417841673 -0.001443442 0.001976190 0.999996960 185.893310547
0.999973476 0.007047996 0.001773328 -0.783090413 -0.007048705 0.999975026 0.000393933 -3.449050188 -0.001770508 -0.000406423 0.999998331 187.292800903
0.999973595 0.006947464 0.002162375 -0.795746684 -0.006951235 0.999974370 0.001741346 -3.481395721 -0.002150224 -0.001756330 0.999996126 188.703140259
0.999984145 0.005281805 0.001872990 -0.798297524 -0.005285725 0.999983668 0.002094899 -3.508490562 -0.001861894 -0.002104765 0.999996066 190.103134155
0.999993622 0.002863440 0.002057162 -0.796269059 -0.002868753 0.999992371 0.002584851 -3.534621000 -0.002049744 -0.002590736 0.999994516 191.478317261
0.999997139 0.000143010 0.002181040 -0.798841834 -0.000148266 0.999996781 0.002410708 -3.556391478 -0.002180686 -0.002411024 0.999994695 192.919845581
0.999988735 -0.003997785 0.002570815 -0.798540056 0.003989600 0.999987066 0.003181221 -3.579796791 -0.002583500 -0.003170929 0.999991715 194.306503296
0.999956906 -0.008855999 0.002797767 -0.795959234 0.008843040 0.999950290 0.004610670 -3.594569683 -0.002838458 -0.004585731 0.999985456 195.761718750
0.999930024 -0.011418967 0.003114287 -0.794491470 0.011402986 0.999922156 0.005098254 -3.621985197 -0.003172257 -0.005062386 0.999982059 197.192886353
0.999950290 -0.009452868 0.003131535 -0.809873641 0.009449976 0.999954760 0.000935327 -3.650082827 -0.003140235 -0.000905687 0.999994636 198.612197876
0.999990284 -0.001987390 0.003896897 -0.812033713 0.002004380 0.999988139 -0.004362045 -3.674753189 -0.003888184 0.004369818 0.999982715 200.021789551
0.999969661 0.005633989 0.005363856 -0.824039221 -0.005606319 0.999970734 -0.005159265 -3.689870358 -0.005392769 0.005129037 0.999972403 201.461761475
0.999871016 0.014772899 0.006276515 -0.847648859 -0.014766880 0.999890268 -0.001003958 -3.731974840 -0.006290658 0.000911140 0.999979913 202.889495850
0.999837220 0.016444212 0.007405393 -0.845998645 -0.016451199 0.999864221 0.000883082 -3.759167194 -0.007389867 -0.001004766 0.999972165 204.337051392
0.999869704 0.014681203 0.006700963 -0.841404438 -0.014690543 0.999891162 0.001346118 -3.783860445 -0.006680474 -0.001444383 0.999976575 205.745208740
0.999924958 0.010925872 0.005496245 -0.844191790 -0.010935843 0.999938428 0.001786183 -3.809725285 -0.005476399 -0.001846152 0.999983191 207.216781616
0.999950171 0.009009318 0.004274923 -0.840001047 -0.009016612 0.999957860 0.001690479 -3.840304613 -0.004259513 -0.001728939 0.999989510 208.646942139
0.999946237 0.009602566 0.003874051 -0.846705079 -0.009605904 0.999953568 0.000844892 -3.862864017 -0.003865758 -0.000882061 0.999992311 210.108001709
0.999940097 0.010249426 0.003793163 -0.849062204 -0.010252871 0.999947011 0.000890981 -3.892627716 -0.003783830 -0.000929819 0.999992549 211.589355469
0.999920607 0.012030007 0.003664119 -0.861774564 -0.012036175 0.999926448 0.001668018 -3.917238235 -0.003643781 -0.001711989 0.999992132 213.027832031
0.999921799 0.012017123 0.003411363 -0.869168818 -0.012022364 0.999926388 0.001519828 -3.952932596 -0.003392848 -0.001560722 0.999993086 214.485504150
0.999934018 0.011048007 0.003092483 -0.870690644 -0.011049284 0.999938607 0.000396169 -3.974181652 -0.003087919 -0.000430312 0.999995112 215.968292236
0.999951422 0.009457123 0.002777940 -0.877210557 -0.009456903 0.999955237 -0.000092456 -3.997633219 -0.002778691 0.000066181 0.999996126 217.424560547
0.999945581 0.010210976 0.002155622 -0.881966591 -0.010210953 0.999947846 -0.000022334 -4.028379440 -0.002155739 0.000000322 0.999997675 218.875305176
0.999937177 0.011000918 0.002068332 -0.888624072 -0.010999425 0.999939263 -0.000731195 -4.055730820 -0.002076250 0.000708398 0.999997616 220.354812622
0.999941409 0.010637363 0.001827526 -0.893770635 -0.010636505 0.999943376 -0.000478682 -4.088486195 -0.001832513 0.000459214 0.999998152 221.803680420
0.999924958 0.012174455 0.001247751 -0.908300638 -0.012173272 0.999925554 -0.000953892 -4.120694160 -0.001259270 0.000938630 0.999998689 223.284317017
0.999927640 0.011969344 0.001066574 -0.917575240 -0.011968430 0.999928176 -0.000865244 -4.145330429 -0.001076848 0.000852409 0.999999106 224.813308716
0.999923348 0.012363771 0.000641265 -0.926777482 -0.012363297 0.999923229 -0.000738705 -4.175601959 -0.000650348 0.000730718 0.999999642 226.300521851
0.999917805 0.012802753 0.000604207 -0.935287416 -0.012802206 0.999917448 -0.000897169 -4.218390942 -0.000615643 0.000889359 0.999999583 227.788375854
0.999950290 0.009932209 0.000756301 -0.939771473 -0.009931353 0.999949813 -0.001125719 -4.235013008 -0.000767443 0.001118150 0.999999344 229.287887573
0.999956369 0.009300606 0.000712636 -0.954192281 -0.009300022 0.999956429 -0.000817197 -4.270131588 -0.000720205 0.000810533 0.999999404 230.756973267
0.999975085 0.006974782 0.000954123 -0.958301604 -0.006974671 0.999975622 -0.000119677 -4.294511795 -0.000954935 0.000113018 0.999999523 232.238235474
0.999976814 0.006734566 0.000559385 -0.957763314 -0.006734708 0.999977291 0.000266401 -4.326232910 -0.000557579 -0.000270167 0.999999762 233.798690796
0.999973714 0.007194014 0.000757387 -0.960956037 -0.007193911 0.999974072 -0.000132885 -4.354749680 -0.000758324 0.000127435 0.999999702 235.232070923
0.999966621 0.008086578 0.001113460 -0.981208086 -0.008085661 0.999966919 -0.000827521 -4.386705875 -0.001120117 0.000818494 0.999999046 236.803817749
0.999955714 0.009281610 0.001525645 -0.995185971 -0.009281142 0.999956846 -0.000313472 -4.418946743 -0.001528490 0.000299299 0.999998748 238.273696899
0.999953926 0.009370095 0.002059508 -0.992644906 -0.009374349 0.999953747 0.002065166 -4.443912506 -0.002040063 -0.002084377 0.999995768 239.799301147
0.999966502 0.007653987 0.002883301 -0.986796916 -0.007662418 0.999966204 0.002924371 -4.467762470 -0.002860821 -0.002946366 0.999991596 241.361984253
0.999954104 0.009041703 0.003163810 -1.004434824 -0.009044655 0.999958336 0.000916989 -4.495690823 -0.003155386 -0.000945562 0.999994397 242.820938110
0.999946177 0.009544034 0.004057202 -0.997158289 -0.009540455 0.999953985 -0.000901593 -4.532150745 -0.004065621 0.000862836 0.999991357 244.388549805
0.999941230 0.010091539 0.003907833 -1.018349886 -0.010091161 0.999949038 -0.000116229 -4.552579403 -0.003908806 0.000076788 0.999992311 245.869461060
0.999936819 0.010451264 0.004114473 -1.016256332 -0.010454588 0.999944985 0.000787309 -4.584973812 -0.004106020 -0.000830273 0.999991179 247.391921997
0.999941945 0.010093548 0.003718281 -1.025553465 -0.010099808 0.999947667 0.001669781 -4.618328094 -0.003701234 -0.001707237 0.999991536 248.928863525
0.999948919 0.009559641 0.003248702 -1.038676739 -0.009564777 0.999953032 0.001570201 -4.638415813 -0.003233538 -0.001601194 0.999993443 250.406616211
0.999921858 0.011986423 0.003559365 -1.028070450 -0.011993112 0.999926269 0.001863904 -4.668770790 -0.003536758 -0.001906445 0.999991894 251.990661621
0.999913692 0.012662437 0.003470991 -1.045371294 -0.012669496 0.999917567 0.002019437 -4.695127487 -0.003445133 -0.002063237 0.999991894 253.465270996
0.999906898 0.013131456 0.003686353 -1.042173624 -0.013138567 0.999911726 0.001911383 -4.713926315 -0.003660930 -0.001959636 0.999991357 255.049011230
0.999918461 0.012169710 0.003782031 -1.045665503 -0.012178614 0.999922633 0.002340854 -4.754987717 -0.003753255 -0.002386717 0.999990106 256.575347900
0.999939561 0.010312761 0.003795361 -1.042052031 -0.010323536 0.999942660 0.002830830 -4.771008492 -0.003765950 -0.002869841 0.999988735 258.113677979
0.999964654 0.007494977 0.003785362 -1.048493385 -0.007509912 0.999963939 0.003948071 -4.809752941 -0.003755635 -0.003976359 0.999984980 259.631561279
0.999969900 0.006957814 0.003428837 -1.042477846 -0.006967842 0.999971449 0.002922797 -4.831033230 -0.003408403 -0.002946599 0.999989867 261.166595459
0.999978900 0.005463162 0.003485627 -1.047641039 -0.005469969 0.999983013 0.001947258 -4.861413479 -0.003474934 -0.001966282 0.999992013 262.717773438
0.999985158 0.002913758 0.004558127 -1.041658282 -0.002928336 0.999990284 0.003195082 -4.885184765 -0.004548778 -0.003208384 0.999984503 264.248443604
0.999987483 -0.001300261 0.004815574 -1.038478494 0.001273972 0.999984145 0.005457912 -4.893136978 -0.004822596 -0.005451710 0.999973416 265.798950195
0.999986470 0.000248433 0.005182769 -1.031636119 -0.000272735 0.999988854 0.004688757 -4.939329147 -0.005181546 -0.004690107 0.999975502 267.371643066
0.999989450 -0.001472437 0.004325587 -1.059365988 0.001454591 0.999990225 0.004125733 -4.951982021 -0.004331618 -0.004119397 0.999981940 268.845489502
0.999986470 -0.000650729 0.005123465 -1.067764640 0.000630674 0.999992073 0.003914181 -4.977303982 -0.005125972 -0.003910898 0.999979198 270.430023193
0.999979675 0.000603492 0.006324206 -1.068995714 -0.000629209 0.999991536 0.004064382 -4.997698307 -0.006321701 -0.004068280 0.999971628 271.941070557
0.999968767 0.003631313 0.007003438 -1.075348496 -0.003656747 0.999986708 0.003622185 -5.034652233 -0.006990188 -0.003647682 0.999968708 273.472076416
0.999956727 0.004643926 0.008057724 -1.067309141 -0.004672923 0.999982536 0.003583462 -5.059011459 -0.008040946 -0.003620960 0.999961078 275.049102783
0.999950111 0.004757355 0.008805783 -1.075505018 -0.004786937 0.999982655 0.003340902 -5.085460663 -0.008789739 -0.003382886 0.999955654 276.555480957
0.999944448 0.004260265 0.009641653 -1.080642223 -0.004286937 0.999987006 0.002746921 -5.105159760 -0.009629824 -0.002788103 0.999949753 278.127349854
0.999935865 0.004019063 0.010587409 -1.065912485 -0.004043633 0.999989152 0.002299643 -5.133688450 -0.010578052 -0.002342307 0.999941230 279.621612549
0.999926448 0.004979034 0.011053454 -1.072612047 -0.005004524 0.999985099 0.002278815 -5.170482159 -0.011041935 -0.002333966 0.999936104 281.177368164
0.999920845 0.003739854 0.012014534 -1.045880079 -0.003780999 0.999987125 0.003403612 -5.204547882 -0.012001650 -0.003448771 0.999921858 282.776611328
0.999925017 0.001818501 0.012103476 -1.036233425 -0.001865071 0.999991119 0.003837336 -5.220742226 -0.012096383 -0.003859625 0.999919057 284.259887695
0.999923885 0.000306618 0.012324993 -1.021448612 -0.000324305 0.999998748 0.001432820 -5.250980854 -0.012324542 -0.001436708 0.999923050 285.831390381
0.999928296 0.001523330 0.011862692 -1.027671099 -0.001515803 0.999998331 -0.000643705 -5.280918121 -0.011863655 0.000625678 0.999929368 287.359222412
0.999936938 0.000987690 0.011177701 -1.013012648 -0.000979809 0.999999106 -0.000710786 -5.308862686 -0.011178396 0.000699787 0.999937236 288.900878906
0.999948442 -0.000826482 0.010111151 -1.010165453 0.000831936 0.999999464 -0.000535144 -5.341441154 -0.010110706 0.000543526 0.999948502 290.474426270
0.999959588 -0.000291656 0.008973275 -1.001569271 0.000303453 0.999998987 -0.001313186 -5.371189117 -0.008972886 0.001315857 0.999958813 292.000091553
0.999963105 -0.000695754 0.008545222 -1.000110149 0.000708240 0.999998510 -0.001457668 -5.403023243 -0.008544197 0.001463664 0.999962330 293.584197998
0.999968112 -0.000295058 0.007964702 -1.002090693 0.000304428 0.999999166 -0.001174847 -5.430245876 -0.007964352 0.001177236 0.999967575 295.135925293
0.999974668 -0.000971268 0.007043132 -0.996212721 0.000977451 0.999999046 -0.000874369 -5.464977741 -0.007042276 0.000881229 0.999974668 296.695220947
0.999980628 -0.001032107 0.006139225 -0.968639851 0.001032139 0.999999404 -0.000002055 -5.488986015 -0.006139219 0.000008390 0.999981046 298.317565918
0.999985218 0.000058512 0.005414501 -0.992763281 -0.000068556 0.999998152 0.001854010 -5.526776791 -0.005414379 -0.001854357 0.999983430 299.855346680
0.999982476 0.000395040 0.005913487 -0.998708725 -0.000405075 0.999998391 0.001696695 -5.548644066 -0.005912810 -0.001699060 0.999981046 301.455810547
0.999974310 0.001789896 0.006933089 -1.006275415 -0.001800050 0.999997258 0.001459248 -5.574531555 -0.006930460 -0.001471690 0.999974847 303.044067383
0.999972880 0.000149643 0.007374878 -0.999791622 -0.000159029 0.999999106 0.001272838 -5.604453564 -0.007374683 -0.001273978 0.999971986 304.650970459
0.999970257 -0.001968908 0.007467221 -0.992587566 0.001965675 0.999997854 0.000440146 -5.632895947 -0.007468077 -0.000425458 0.999971926 306.254211426
0.999960840 -0.003957325 0.007912445 -0.986138821 0.003968124 0.999990880 -0.001349488 -5.665195942 -0.007907035 0.001380832 0.999967754 307.841125488
0.999960184 -0.004518751 0.007697923 -0.999670982 0.004540166 0.999985754 -0.002766677 -5.699465275 -0.007685313 0.002801517 0.999966502 309.481964111
0.999976814 -0.003504785 0.005826918 -0.995331645 0.003524413 0.999987960 -0.003361834 -5.733784676 -0.005815065 0.003382293 0.999977231 311.059539795
0.999991417 -0.002318567 0.003466781 -0.993782640 0.002329451 0.999992311 -0.003138241 -5.768224716 -0.003459482 0.003146289 0.999989152 312.683471680
0.999995589 -0.001282554 0.002687923 -1.011996388 0.001280321 0.999998748 0.000834164 -5.799666882 -0.002688995 -0.000830720 0.999996066 314.276367188
0.999990106 -0.002937821 0.003299862 -1.006951690 0.002925333 0.999988377 0.003782684 -5.836118221 -0.003310937 -0.003772994 0.999987423 315.884002686
0.999987006 -0.003470413 0.003695912 -1.002420902 0.003454284 0.999984086 0.004361460 -5.849722862 -0.003710991 -0.004348636 0.999983788 317.528350830
0.999983370 -0.004356530 0.003766040 -1.006081581 0.004345245 0.999985993 0.002999444 -5.878639221 -0.003779056 -0.002983030 0.999988437 319.151702881
0.999976873 -0.005183350 0.004372611 -1.016295671 0.005170465 0.999982178 0.002952183 -5.900429726 -0.004387838 -0.002929508 0.999986112 320.783599854
0.999977350 -0.005313504 0.004105344 -1.010822535 0.005300632 0.999980927 0.003141623 -5.927326679 -0.004121968 -0.003119791 0.999986649 322.405120850
0.999975085 -0.005369861 0.004572675 -1.011321425 0.005353665 0.999979317 0.003548404 -5.965314865 -0.004591637 -0.003523835 0.999983251 324.029510498
0.999978781 -0.003856954 0.005197346 -1.014650822 0.003842928 0.999989033 0.002706142 -5.991655827 -0.005207727 -0.002686115 0.999982834 325.665344238
0.999976635 -0.003264475 0.005977312 -1.020152807 0.003253014 0.999992847 0.001925545 -6.017977715 -0.005983556 -0.001906057 0.999980271 327.287780762
0.999968946 -0.004172423 0.006655577 -1.026687145 0.004148816 0.999984980 0.003557158 -6.049107552 -0.006670323 -0.003529437 0.999971449 328.900665283
0.999969959 -0.005984486 0.004879256 -1.009507060 0.005957314 0.999966681 0.005565186 -6.086791039 -0.004912395 -0.005535954 0.999972463 330.557891846
0.999967277 -0.006326130 0.005037562 -1.014635444 0.006305150 0.999971449 0.004170076 -6.114261627 -0.005063798 -0.004138178 0.999978542 332.163391113
0.999963403 -0.005175358 0.006803505 -1.008659124 0.005151412 0.999980628 0.003531461 -6.148452282 -0.006821650 -0.003496285 0.999970555 333.778015137
0.999969959 -0.003446140 0.006927062 -1.013881207 0.003433658 0.999992609 0.001812472 -6.168096066 -0.006933257 -0.001788636 0.999974370 335.383392334
0.999977291 -0.001865746 0.006452111 -1.020157337 0.001877489 0.999996543 -0.001814652 -6.208668232 -0.006448704 0.001826725 0.999977529 337.006622314
0.999986529 -0.000291343 0.005123777 -1.015448451 0.000294407 0.999999523 -0.000597753 -6.240331173 -0.005123603 0.000599254 0.999986589 338.608520508
0.999990523 0.000228389 0.004348349 -1.018929958 -0.000238113 0.999997318 0.002235327 -6.272161007 -0.004347826 -0.002236340 0.999988139 340.231964111
0.999994338 0.001393834 0.003126681 -1.026610494 -0.001410094 0.999985337 0.005203007 -6.298422813 -0.003119377 -0.005207384 0.999981701 341.837036133
0.999996305 0.001997594 0.001809679 -1.032255054 -0.002005858 0.999987543 0.004572842 -6.323524952 -0.001800523 -0.004576455 0.999987900 343.423492432
0.999998271 0.001856121 0.000429216 -1.044704080 -0.001857297 0.999994755 0.002759778 -6.354948521 -0.000424092 -0.002760570 0.999996066 345.029907227
0.999998391 0.001020001 -0.001437312 -1.056403637 -0.001014538 0.999992132 0.003795980 -6.379673958 0.001441173 -0.003794516 0.999991596 346.608612061
0.999994695 -0.001447723 -0.002896742 -1.053755522 0.001461533 0.999987364 0.004771223 -6.420382977 0.002889799 -0.004775434 0.999984205 348.215026855
0.999992967 -0.001752535 -0.003311353 -1.085050941 0.001765966 0.999990225 0.004057705 -6.438885689 0.003304210 -0.004063525 0.999986291 349.810943604
0.999992847 -0.002106611 -0.003169647 -1.084260821 0.002116231 0.999993145 0.003036406 -6.475345612 0.003163230 -0.003043094 0.999990523 351.404998779
0.999993622 -0.002090278 -0.002899838 -1.103764176 0.002098370 0.999993801 0.002791993 -6.501287937 0.002893986 -0.002798062 0.999991953 353.014984131
0.999990940 -0.002757852 -0.003183790 -1.112491131 0.002766685 0.999992192 0.002773220 -6.531294346 0.003176122 -0.002782007 0.999991119 354.591339111
0.999990225 -0.003183298 -0.003021866 -1.128419876 0.003189710 0.999992371 0.002119883 -6.564774036 0.003015097 -0.002129501 0.999993205 356.173156738
0.999988198 -0.003609272 -0.003178196 -1.141010284 0.003614225 0.999992073 0.001555282 -6.594367504 0.003172560 -0.001566749 0.999993742 357.801086426
0.999984086 -0.004484640 -0.003417630 -1.160342216 0.004489640 0.999988914 0.001457630 -6.626581192 0.003411054 -0.001472952 0.999993086 359.379455566
0.999987066 -0.003960356 -0.003140653 -1.171204090 0.003962946 0.999991953 0.000818902 -6.653246403 0.003137381 -0.000831337 0.999994695 361.005554199
0.999984562 -0.004570684 -0.003132193 -1.189661384 0.004570669 0.999989390 -0.000011795 -6.697672367 0.003132215 -0.000002521 0.999995053 362.567840576
0.999972284 -0.006674581 -0.003269539 -1.194885135 0.006677619 0.999976873 0.000918935 -6.713684082 0.003263332 -0.000940742 0.999994338 364.159454346
0.999937236 -0.010815445 -0.002875779 -1.205144048 0.010821065 0.999939501 0.001945250 -6.753011227 0.002854567 -0.001976247 0.999993980 365.779754639
0.999950588 -0.009552339 -0.002800213 -1.218619585 0.009556451 0.999953330 0.001458553 -6.783901215 0.002786151 -0.001485241 0.999994993 367.328735352
0.999959409 -0.008821179 -0.001919146 -1.226182938 0.008822263 0.999960721 0.000557255 -6.812353134 0.001914156 -0.000574164 0.999997973 368.954406738
0.999974906 -0.006783638 -0.002148642 -1.252314448 0.006786586 0.999975801 0.001366855 -6.844089985 0.002139319 -0.001381402 0.999996781 370.535522461
0.999984860 -0.005308709 -0.001662404 -1.260579348 0.005312170 0.999983549 0.002080344 -6.872251987 0.001651336 -0.002089144 0.999996424 372.166564941
0.999986231 -0.005001142 -0.001545118 -1.269181490 0.005004087 0.999985754 0.001905793 -6.902513504 0.001535565 -0.001913500 0.999996901 373.757690430
0.999989390 -0.004582521 -0.000390766 -1.282380104 0.004582853 0.999989212 0.000852625 -6.937386036 0.000386855 -0.000854410 0.999999523 375.333129883
0.999990821 -0.004289285 0.000225474 -1.289036989 0.004289226 0.999990702 0.000269866 -6.964386940 -0.000226630 -0.000268896 0.999999940 376.960510254
0.999993443 -0.003600478 0.000173267 -1.306753039 0.003600419 0.999993324 0.000355531 -6.999064445 -0.000174547 -0.000354904 0.999999940 378.545379639
0.999994576 -0.003325361 0.000071882 -1.332906127 0.003325288 0.999993682 0.000975330 -7.022813320 -0.000075127 -0.000975086 0.999999404 380.185211182
0.999997675 -0.002176160 -0.000175968 -1.349169374 0.002176408 0.999996424 0.001443467 -7.055337429 0.000172826 -0.001443847 0.999998868 381.780883789
0.999999523 -0.001004921 0.000039355 -1.359752059 0.001004887 0.999999046 0.000785111 -7.082605839 -0.000040145 -0.000785073 0.999999583 383.406036377
