1.000000000 0.000000000 0.000000000 0.000000000 0.000000000 1.000000000 0.000000000 0.000000000 0.000000000 0.000000000 1.000000000 0.000000000
0.999997497 -0.001518029 -0.001632017 -0.007809917 0.001517707 0.999998808 -0.000198449 -0.018252149 0.001632317 0.000195971 0.999998629 0.565237403
0.999994099 -0.001749478 -0.002958088 -0.010964606 0.001744176 0.999996841 -0.001794056 -0.032115407 0.002961217 0.001788886 0.999994040 1.139278769
0.999987423 -0.001830113 -0.004668735 -0.014835162 0.001816693 0.999994218 -0.002877180 -0.048437014 0.004673973 0.002868662 0.999984980 1.679042578
0.999972224 -0.003036334 -0.006807419 -0.017562080 0.003003888 0.999984086 -0.004771497 -0.074684218 0.006821799 0.004750915 0.999965429 2.233819246
0.999941170 -0.006479563 -0.008701145 -0.015753848 0.006422079 0.999957502 -0.006618227 -0.077895477 0.008743658 0.006561958 0.999940217 2.807361126
0.999925673 -0.006924308 -0.010036380 -0.030212529 0.006853321 0.999951363 -0.007090198 -0.100629114 0.010084987 0.007020888 0.999924481 3.354243994
0.999900520 -0.008867468 -0.010969399 -0.047246274 0.008788211 0.999935091 -0.007252395 -0.097853854 0.011032996 0.007155272 0.999913573 3.939832449
0.999885023 -0.008965016 -0.012229090 -0.056731515 0.008873814 0.999932587 -0.007491826 -0.115248330 0.012295429 0.007382446 0.999897122 4.522645950
0.999878407 -0.008256137 -0.013233322 -0.076794863 0.008127815 0.999919832 -0.009721454 -0.139884442 0.013312520 0.009612713 0.999865294 5.109732151
0.999864340 -0.007257488 -0.014787482 -0.088373296 0.007049802 0.999876559 -0.014048669 -0.152243197 0.014887612 0.013942515 0.999792039 5.709756374
0.999857128 -0.005631497 -0.015944548 -0.105170012 0.005349974 0.999830008 -0.017644251 -0.168694109 0.016041208 0.017556436 0.999717355 6.320845127
0.999845445 -0.004578908 -0.016977724 -0.121639408 0.004270019 0.999825537 -0.018185506 -0.175154209 0.017058033 0.018110201 0.999690533 6.950430870
0.999833643 -0.000749034 -0.018225092 -0.147988439 0.000538318 0.999933004 -0.011564055 -0.192839950 0.018232539 0.011552323 0.999767065 7.593284607
0.999822915 0.000407366 -0.018816013 -0.167396009 -0.000420747 0.999999642 -0.000707095 -0.216301203 0.018815724 0.000714893 0.999822795 8.257876396
0.999804616 0.000905027 -0.019749073 -0.183107167 -0.000778765 0.999979258 0.006400116 -0.229419604 0.019754462 -0.006383482 0.999784648 8.924752235
0.999777496 0.002355509 -0.020973146 -0.199834570 -0.002233476 0.999980450 0.005840078 -0.246786192 0.020986503 -0.005791927 0.999763370 9.602952003
0.999753177 0.004892400 -0.021664415 -0.222459063 -0.004932248 0.999986231 -0.001786181 -0.256929219 0.021655377 0.001892596 0.999763727 10.293017387
0.999720573 0.005032161 -0.023086533 -0.261850148 -0.005212519 0.999956191 -0.007758726 -0.259770632 0.023046477 0.007876901 0.999703348 10.996130943
0.999707758 0.002696056 -0.024015026 -0.278312147 -0.002867517 0.999970496 -0.007108198 -0.263354003 0.023995148 0.007174986 0.999686360 11.728145599
0.999697626 0.001202134 -0.024555931 -0.292326719 -0.001147292 0.999996543 0.002247339 -0.280239373 0.024558548 -0.002218490 0.999696016 12.475818634
0.999692023 0.000618792 -0.024804549 -0.315809101 -0.000366500 0.999947965 0.010174448 -0.277178288 0.024809552 -0.010162230 0.999640644 13.255896568
0.999676287 -0.000059533 -0.025431940 -0.339486480 0.000381563 0.999919593 0.012657808 -0.283420444 0.025429141 -0.012663423 0.999596596 14.048531532
0.999659956 -0.001925077 -0.026007721 -0.366845489 0.002232928 0.999927700 0.011813083 -0.299384654 0.025983110 -0.011867136 0.999591947 14.857666969
0.999675512 -0.002224598 -0.025379486 -0.378866732 0.002461815 0.999953508 0.009319400 -0.299454868 0.025357585 -0.009378854 0.999634504 15.681807518
0.999682844 -0.000228309 -0.025190132 -0.413516074 0.000370554 0.999984026 0.005642384 -0.292715818 0.025188448 -0.005649928 0.999666810 16.508274078
0.999710560 -0.002992986 -0.023876406 -0.433005869 0.003003241 0.999995410 0.000393728 -0.307078451 0.023875128 -0.000465321 0.999714971 17.369329453
0.999707639 -0.005897461 -0.023453709 -0.454885811 0.005759036 0.999965608 -0.005965115 -0.321626067 0.023488093 0.005828299 0.999707162 18.218339920
0.999744058 -0.005382802 -0.021977032 -0.480505049 0.005130911 0.999920607 -0.011501884 -0.337062716 0.022037217 0.011386179 0.999692321 19.124893188
0.999756634 -0.002948598 -0.021864535 -0.511446238 0.002672306 0.999916255 -0.012654942 -0.353597820 0.021900030 0.012593436 0.999680936 20.011472702
0.999756098 -0.002603945 -0.021936696 -0.533517420 0.002349478 0.999929607 -0.011617687 -0.375704944 0.021965420 0.011563309 0.999692142 20.923034668
0.999759793 -0.001594928 -0.021859512 -0.561950505 0.001324168 0.999922156 -0.012395305 -0.401333272 0.021877591 0.012363381 0.999684334 21.882329941
0.999759197 0.001874651 -0.021867216 -0.592858911 -0.002198287 0.999888182 -0.014785492 -0.431087941 0.021837058 0.014830002 0.999651670 22.821214676
0.999745548 0.005560674 -0.021863040 -0.627781212 -0.005905379 0.999858618 -0.015733864 -0.453018993 0.021772470 0.015858967 0.999637187 23.799263000
0.999731421 0.007017369 -0.022078268 -0.655223608 -0.007367936 0.999847054 -0.015837537 -0.483728260 0.021963781 0.015995955 0.999630749 24.736248016
0.999734402 0.007400981 -0.021821968 -0.682583213 -0.007752604 0.999840677 -0.016072895 -0.517006516 0.021699544 0.016237807 0.999632657 25.739608765
0.999725997 0.007533102 -0.022158930 -0.712729037 -0.007887459 0.999841630 -0.015947903 -0.547471166 0.022035290 0.016118318 0.999627292 26.710523605
0.999714136 0.008339191 -0.022406625 -0.733333945 -0.008676610 0.999849617 -0.015004178 -0.580601692 0.022278143 0.015194307 0.999636352 27.698228836
0.999700367 0.009394816 -0.022602463 -0.769620776 -0.009692273 0.999867260 -0.013087011 -0.615824938 0.022476526 0.013302164 0.999658823 28.734985352
0.999680281 0.010058619 -0.023202524 -0.801792860 -0.010326302 0.999880970 -0.011446047 -0.636679113 0.023084654 0.011681991 0.999664962 29.714797974
0.999691486 0.009632820 -0.022891462 -0.828333318 -0.009909770 0.999878705 -0.012015898 -0.673531413 0.022772938 0.012239040 0.999665856 30.757244110
0.999664307 0.011332165 -0.023293747 -0.866289973 -0.011632086 0.999850690 -0.012780659 -0.695389271 0.023145432 0.013047323 0.999647081 31.756910324
0.999662459 0.010885309 -0.023580430 -0.897902846 -0.011181333 0.999859869 -0.012458469 -0.721241295 0.023441508 0.012717928 0.999644399 32.786926270
0.999655068 0.009833666 -0.024343384 -0.932541430 -0.010077479 0.999900043 -0.009912996 -0.761293292 0.024243476 0.010154900 0.999654770 33.874618530
0.999625623 0.011600891 -0.024780331 -0.970451653 -0.011744260 0.999915123 -0.005647872 -0.797117770 0.024712706 0.005936779 0.999676943 34.906658173
0.999633789 0.010010222 -0.025142264 -0.998447120 -0.010107613 0.999941945 -0.003749449 -0.814837039 0.025103264 0.004002199 0.999676824 35.992019653
0.999616742 0.010074213 -0.025782965 -1.036377668 -0.010162617 0.999943018 -0.003300069 -0.840051293 0.025748244 0.003560826 0.999661982 37.038745880
0.999603331 0.009896258 -0.026362784 -1.065935254 -0.010022925 0.999939203 -0.004676959 -0.864810407 0.026314877 0.004939331 0.999641120 38.134265900
0.999576271 0.010356073 -0.027202992 -1.105664968 -0.010498380 0.999931931 -0.005093680 -0.887248874 0.027148390 0.005377109 0.999617040 39.179668427
0.999551296 0.010393970 -0.028092816 -1.135203719 -0.010507332 0.999937177 -0.003890794 -0.909983337 0.028050611 0.004184233 0.999597907 40.262561798
0.999544978 0.009570019 -0.028608769 -1.173363209 -0.009634603 0.999951303 -0.002120478 -0.937723279 0.028587082 0.002395148 0.999588490 41.356468201
0.999529183 0.008474759 -0.029489968 -1.214782715 -0.008464020 0.999964058 0.000488894 -0.958612502 0.029493051 -0.000239057 0.999565005 42.426368713
0.999510825 0.009867123 -0.029678041 -1.255295753 -0.009850271 0.999951303 0.000713963 -0.982191801 0.029683637 -0.000421275 0.999559402 43.507980347
0.999473929 0.012640763 -0.029869663 -1.298375964 -0.012743586 0.999913573 -0.003254641 -1.012576580 0.029825937 0.003633579 0.999548495 44.564567566
0.999447703 0.014559006 -0.029875372 -1.343084693 -0.014790431 0.999862194 -0.007540030 -1.043064356 0.029761480 0.007977735 0.999525309 45.663337708
0.999422729 0.016033910 -0.029956022 -1.383171558 -0.016265789 0.999839425 -0.007513131 -1.070686579 0.029830752 0.007996053 0.999523103 46.719009399
0.999451339 0.014413797 -0.029819511 -1.421341777 -0.014563376 0.999882281 -0.004805206 -1.093297243 0.029746741 0.005236843 0.999543846 47.793930054
0.999446332 0.015110022 -0.029644903 -1.458430886 -0.015225451 0.999876976 -0.003671990 -1.117682934 0.029585781 0.004121312 0.999554098 48.914394379
0.999482512 0.013213336 -0.029333413 -1.505465508 -0.013271454 0.999910414 -0.001787371 -1.145950556 0.029307170 0.002175742 0.999568045 49.973136902
0.999485075 0.013969755 -0.028892243 -1.541478276 -0.014035949 0.999899328 -0.002089397 -1.170689821 0.028860148 0.002493850 0.999580264 51.074584961
0.999505818 0.013388432 -0.028443053 -1.584364295 -0.013487088 0.999903738 -0.003279551 -1.208421469 0.028396405 0.003661544 0.999589920 52.130039215
0.999497890 0.014085794 -0.028383570 -1.610022783 -0.014286363 0.999874294 -0.006876102 -1.225066781 0.028283153 0.007278146 0.999573410 53.187602997
0.999521375 0.012990283 -0.028078023 -1.645595193 -0.013237343 0.999875128 -0.008631107 -1.257029891 0.027962396 0.008998655 0.999568522 54.263446808
0.999535680 0.011536312 -0.028201997 -1.679856777 -0.011888834 0.999852836 -0.012364238 -1.295442104 0.028055213 0.012693785 0.999525905 55.342384338
0.999556363 0.010808255 -0.027752927 -1.721277833 -0.011191691 0.999843419 -0.013697943 -1.336091638 0.027600534 0.014002467 0.999521136 56.417552948
0.999579072 0.008532610 -0.027721874 -1.752936363 -0.008866816 0.999889195 -0.011954944 -1.367651463 0.027616793 0.012195713 0.999544561 57.498363495
0.999608278 0.006126679 -0.027308308 -1.787313104 -0.006302523 0.999960005 -0.006357811 -1.392530084 0.027268264 0.006527434 0.999606848 58.570392609
0.999623358 0.004566276 -0.027061321 -1.816491723 -0.004584322 0.999989450 -0.000604995 -1.415444613 0.027058270 0.000728825 0.999633670 59.677085876
0.999625504 0.003660965 -0.027123442 -1.845306516 -0.003648487 0.999993563 0.000509215 -1.450554729 0.027125135 -0.000410065 0.999632239 60.767856598
0.999642789 0.000677354 -0.026717285 -1.876373887 -0.000743771 0.999996841 -0.002476115 -1.469556093 0.026715526 0.002495103 0.999639988 61.842433929
0.999643505 -0.000621197 -0.026691191 -1.911082864 0.000457137 0.999980986 -0.006152309 -1.495975971 0.026694512 0.006137913 0.999624789 62.944885254
0.999642432 0.001939449 -0.026670247 -1.956288338 -0.002191899 0.999953210 -0.009439777 -1.530695677 0.026650703 0.009494854 0.999599755 64.037902832
0.999643743 0.002333191 -0.026588917 -1.996248841 -0.002699377 0.999901950 -0.013744554 -1.567861080 0.026554238 0.013811434 0.999551952 65.118942261
0.999651551 0.005486754 -0.025821688 -2.027618647 -0.005864967 0.999876380 -0.014594235 -1.594912410 0.025738416 0.014740592 0.999560058 66.200157166
0.999640942 0.008930082 -0.025262401 -2.070785284 -0.009222914 0.999891520 -0.011498928 -1.621765852 0.025156969 0.011727794 0.999614775 67.294464111
0.999630749 0.009756196 -0.025350260 -2.103488207 -0.009978760 0.999912918 -0.008667712 -1.669085026 0.025263472 0.008917483 0.999640942 68.378540039
0.999636829 0.009603391 -0.025180055 -2.133110046 -0.009803016 0.999921441 -0.007816376 -1.700522900 0.025103021 0.008060377 0.999652326 69.456367493
0.999648333 0.008421235 -0.025145603 -2.167137384 -0.008605468 0.999936879 -0.007227512 -1.731544733 0.025083158 0.007441361 0.999657691 70.561676025
0.999656320 0.007531577 -0.025109412 -2.203331947 -0.007696570 0.999949098 -0.006480918 -1.757126808 0.025059346 0.006671946 0.999663889 71.651664734
0.999662757 0.005496741 -0.025383234 -2.233852863 -0.005608995 0.999974787 -0.004353300 -1.788652658 0.025358664 0.004494206 0.999668419 72.759506226
0.999652505 0.004136411 -0.026036663 -2.264042854 -0.004206562 0.999987602 -0.002640122 -1.818158388 0.026025420 0.002748728 0.999657631 73.836822510
0.999641716 0.003572275 -0.026528131 -2.299855709 -0.003663020 0.999987483 -0.003373014 -1.847525477 0.026515748 0.003468978 0.999642491 74.899635315
0.999616921 0.004422255 -0.027320709 -2.342498302 -0.004610700 0.999965787 -0.006838694 -1.879687667 0.027289530 0.006962041 0.999603510 75.985382080
0.999602854 0.005318413 -0.027675403 -2.383428335 -0.005576439 0.999941707 -0.009254556 -1.910188913 0.027624562 0.009405210 0.999574244 77.051292419
0.999571025 0.006619886 -0.028530329 -2.416777849 -0.006836931 0.999948382 -0.007516911 -1.938764572 0.028479094 0.007708748 0.999564707 78.126899719
0.999551415 0.007619838 -0.028965870 -2.454848051 -0.007734485 0.999962628 -0.003848175 -1.967071295 0.028935464 0.004070486 0.999572992 79.214073181
0.999531388 0.008242326 -0.029478831 -2.490941048 -0.008219046 0.999965727 0.000910665 -1.988190770 0.029485326 -0.000667951 0.999565005 80.262786865
0.999507606 0.009148792 -0.030010566 -2.543288708 -0.009112282 0.999957502 0.001352879 -2.015860319 0.030021669 -0.001078747 0.999548376 81.338516235
0.999489546 0.010038739 -0.030333057 -2.585184097 -0.010045451 0.999949396 -0.000068858 -2.040780783 0.030330833 0.000373532 0.999539912 82.378425598
0.999467313 0.009646910 -0.031181343 -2.624718428 -0.009682918 0.999952555 -0.001003997 -2.060883760 0.031170180 0.001305388 0.999513328 83.436546326
0.999458373 0.009237106 -0.031588748 -2.667902470 -0.009285528 0.999955893 -0.001386549 -2.090331078 0.031574555 0.001679116 0.999500036 84.475837708
0.999442875 0.007714650 -0.032480147 -2.694315434 -0.007752865 0.999969125 -0.001050782 -2.123355627 0.032471057 0.001302010 0.999471843 85.512390137
0.999422669 0.007135854 -0.033216227 -2.734508514 -0.007128325 0.999974430 0.000345123 -2.152508497 0.033217825 -0.000108148 0.999448180 86.516662598
0.999417305 0.005568275 -0.033672214 -2.771804094 -0.005474774 0.999980748 0.002868476 -2.170768499 0.033687536 -0.002682457 0.999428809 87.499855042
0.999388993 0.005771850 -0.034470111 -2.806249857 -0.005628522 0.999974966 0.004253734 -2.201539755 0.034493797 -0.004057119 0.999396682 88.505226135
0.999321520 0.004941649 -0.036488950 -2.855140686 -0.004792608 0.999979794 0.004170998 -2.217562914 0.036508802 -0.003993290 0.999325514 89.469108582
0.999202192 0.004268801 -0.039710257 -2.901584625 -0.004130809 0.999985278 0.003556343 -2.243989229 0.039724860 -0.003389472 0.999204934 90.416481018
0.999069393 0.004085346 -0.042937666 -2.950174332 -0.003966922 0.999988198 0.002842862 -2.263666153 0.042948782 -0.002669887 0.999073744 91.317123413
0.998926461 0.003895279 -0.046154875 -2.988831758 -0.003769594 0.999988914 0.002809825 -2.285571098 0.046165343 -0.002632828 0.998930097 92.196487427
0.998761535 0.005096104 -0.049491063 -3.040471077 -0.004882536 0.999978185 0.004435200 -2.306568623 0.049512584 -0.004188065 0.998764753 93.072372437
0.998619914 0.006052960 -0.052170128 -3.094338894 -0.005787285 0.999969423 0.005242037 -2.327744961 0.052200273 -0.004932878 0.998624504 93.895927429
0.998441935 0.006629921 -0.055407848 -3.151286840 -0.006268021 0.999957800 0.006702766 -2.348172665 0.055449940 -0.006345019 0.998441577 94.723571777
0.998277724 0.007745484 -0.058152266 -3.207125425 -0.007323011 0.999945223 0.007474513 -2.359102488 0.058206972 -0.007035789 0.998279810 95.503463745
0.998109758 0.010013114 -0.060634892 -3.260121822 -0.009531857 0.999920785 0.008220959 -2.376550674 0.060712416 -0.007627452 0.998126149 96.264244080
0.997930408 0.011163298 -0.063324519 -3.320929050 -0.010728544 0.999916553 0.007201320 -2.394130230 0.063399628 -0.006507028 0.997967064 96.994682312
0.997751772 0.013642155 -0.065608606 -3.364119530 -0.013435474 0.999903262 0.003590338 -2.419528961 0.065651238 -0.002700767 0.997839034 97.676040649
0.997526705 0.016608391 -0.068297595 -3.422221422 -0.016652962 0.999861360 -0.000083277 -2.440183401 0.068286732 0.001220427 0.997665048 98.341445923
0.997348309 0.018724360 -0.070326492 -3.477403879 -0.018961871 0.999816537 -0.002711168 -2.456475258 0.070262834 0.004037499 0.997520447 98.977012634
0.997247458 0.020579588 -0.071230695 -3.529374123 -0.020890918 0.999775231 -0.003628408 -2.475909233 0.071139999 0.005106497 0.997453451 99.574440002
0.997261941 0.022442322 -0.070461050 -3.573779345 -0.022738598 0.999735713 -0.003405445 -2.493857384 0.070365988 0.004998308 0.997508824 100.156608582
0.997369945 0.025904613 -0.067688502 -3.628834724 -0.026132494 0.999655485 -0.002483150 -2.507371187 0.067600846 0.004245492 0.997703493 100.715515137
0.997702897 0.027254248 -0.062015153 -3.673482418 -0.027347861 0.999625862 -0.000660925 -2.516594410 0.061973926 0.002355391 0.998075187 101.258766174
0.998094201 0.029120015 -0.054405432 -3.696204185 -0.029092448 0.999575973 0.001298920 -2.537017584 0.054420181 0.000286346 0.998518229 101.775970459
0.998575687 0.028859856 -0.044873063 -3.714293003 -0.028714670 0.999580264 0.003877052 -2.551489353 0.044966087 -0.002583012 0.998985350 102.262130737
0.999061942 0.028194124 -0.032865468 -3.727295160 -0.028035453 0.999593079 0.005279490 -2.564415455 0.033000935 -0.004353136 0.999445856 102.748397827
0.999416769 0.028018497 -0.019514123 -3.734372616 -0.027926438 0.999597549 0.004973942 -2.578103304 0.019645628 -0.004426080 0.999797225 103.199180603
0.999617755 0.027298080 -0.004355872 -3.721247673 -0.027278665 0.999617875 0.004453822 -2.588785410 0.004475793 -0.004333295 0.999980628 103.624160767
0.999561548 0.026357140 0.013485711 -3.709909916 -0.026380666 0.999650538 0.001569999 -2.601536512 -0.013439633 -0.001925070 0.999907911 104.042572021
0.999082446 0.025229828 0.034607753 -3.685046434 -0.025144311 0.999679506 -0.002903857 -2.615367413 -0.034669936 0.002031008 0.999396861 104.455268860
0.997977674 0.024059504 0.058835685 -3.639095306 -0.023625979 0.999688268 -0.008052918 -2.637289762 -0.059011117 0.006646587 0.998235404 104.872299194
0.996071279 0.021219580 0.085973129 -3.593975067 -0.020396646 0.999737322 -0.010439145 -2.646745205 -0.086172074 0.008644577 0.996242940 105.250411987
0.993132174 0.018530970 0.115519732 -3.519522667 -0.017286951 0.999781191 -0.011761460 -2.653660297 -0.115712464 0.009683704 0.993235826 105.649177551
0.988859415 0.015997848 0.147989959 -3.437630653 -0.014102144 0.999804318 -0.013850092 -2.666860104 -0.148182660 0.011608822 0.988892078 106.011108398
0.982859910 0.014244089 0.183802560 -3.329208374 -0.011589013 0.999812245 -0.015511407 -2.689221382 -0.183989078 0.013115458 0.982841015 106.398605347
0.975054920 0.009444695 0.221762031 -3.218669891 -0.006087549 0.999855995 -0.015817136 -2.693038464 -0.221879601 0.014072601 0.974972665 106.728782654
0.964992225 0.008513385 0.262139559 -3.078689575 -0.004215803 0.999847054 -0.016952287 -2.718012333 -0.262243956 0.015253710 0.964881241 107.107490540
0.953007698 0.008653135 0.302821994 -2.951566696 -0.003414572 0.999835074 -0.017824313 -2.734431744 -0.302926451 0.015952708 0.952880502 107.410537720
0.937858045 0.010244047 0.346867383 -2.798587799 -0.004111587 0.999821663 -0.018410876 -2.745033264 -0.346994370 0.015840620 0.937733531 107.740211487
0.919946074 0.009614724 0.391926825 -2.605171204 -0.003015273 0.999842823 -0.017450506 -2.763975143 -0.392033219 0.014871765 0.919830859 108.104988098
0.899864495 0.008705456 0.436082423 -2.435932159 -0.001835893 0.999866724 -0.016171824 -2.761780977 -0.436165690 0.013751865 0.899761319 108.363365173
0.876465321 0.007519522 0.481406391 -2.219886780 0.000750274 0.999855459 -0.016983625 -2.788883209 -0.481464595 0.015246742 0.876332998 108.688293457
0.851668298 0.007470116 0.524028063 -2.015201569 0.002710700 0.999822259 -0.018658174 -2.806685448 -0.524074256 0.017311057 0.851496756 108.927291870
0.823947668 0.008808755 0.566597283 -1.788265228 0.003983860 0.999764442 -0.021336444 -2.816029072 -0.566651821 0.019837361 0.823718607 109.222381592
0.793907344 0.013108215 0.607897341 -1.561950684 0.002664018 0.999682963 -0.025035543 -2.837661743 -0.608033061 0.021495353 0.793620944 109.436996460
0.760093987 0.018791126 0.649541378 -1.290897369 0.000072050 0.999579370 -0.029001974 -2.862198353 -0.649813533 0.022091025 0.759772837 109.742843628
0.723377824 0.024080016 0.690032363 -1.030975342 -0.002493915 0.999476314 -0.032264221 -2.859543800 -0.690448165 0.021618335 0.723059058 109.921058655
0.684147894 0.024048716 0.728946686 -0.748413086 -0.000143503 0.999460638 -0.032838564 -2.873276949 -0.729343772 0.022361819 0.683782220 110.149986267
0.642852664 0.020748515 0.765708685 -0.416912079 0.004253594 0.999520957 -0.030655257 -2.906313419 -0.765978456 0.022963820 0.642456234 110.374191284
0.599756420 0.018981980 0.799957335 -0.123195648 0.006142162 0.999579906 -0.028323751 -2.905279636 -0.800159454 0.021900814 0.599387527 110.531539917
0.552732468 0.016617030 0.833192945 0.247520447 0.007352404 0.999665022 -0.024814611 -2.926110983 -0.833326697 0.019841809 0.552424848 110.739837646
0.506277382 0.014013830 0.862256706 0.551414490 0.008940246 0.999728799 -0.021497365 -2.915088654 -0.862325072 0.018592397 0.506014228 110.859375000
0.455526322 0.009137384 0.890175521 0.960281372 0.011736172 0.999798894 -0.016268339 -2.961974144 -0.890144944 0.017857905 0.455327362 111.042533875
0.404500246 0.009296505 0.914490819 1.297000885 0.009920007 0.999845028 -0.014552039 -2.954366446 -0.914484203 0.014958053 0.404345214 111.130569458
0.353391647 0.013728371 0.935374916 1.661735535 0.006684494 0.999829710 -0.017199812 -2.969536781 -0.935451686 0.012330770 0.353239596 111.243812561
0.301780879 0.019402504 0.953180134 2.091096878 0.005001327 0.999746919 -0.021933835 -2.990443230 -0.953364253 0.011386367 0.301607400 111.368225098
0.255791336 0.020962561 0.966505051 2.465511322 0.007115833 0.999697030 -0.023565708 -2.988661766 -0.966706038 0.012905381 0.255564600 111.414337158
0.213179201 0.020912245 0.976789474 2.903955460 0.014037210 0.999602199 -0.024464190 -3.013839483 -0.976912439 0.018926641 0.212800771 111.508125305
0.178704605 0.020160848 0.983696580 3.320070267 0.022386100 0.999447703 -0.024550468 -3.029950619 -0.983648360 0.026408382 0.178154409 111.519332886
0.147166386 0.021419428 0.988879800 3.766309738 0.026372617 0.999325156 -0.025570484 -3.055097103 -0.988760114 0.029842459 0.146502182 111.572105408
0.119949050 0.020096187 0.992576540 4.219555855 0.024715794 0.999424875 -0.023221644 -3.072167635 -0.992472470 0.027317736 0.119383365 111.594474792
0.094233558 0.016485317 0.995413542 4.701765060 0.019122085 0.999648571 -0.018365692 -3.064784765 -0.995366633 0.020765051 0.093885191 111.634124756
0.069355264 0.013700205 0.997497916 5.216060638 0.014510071 0.999786258 -0.014740502 -3.073402166 -0.997486591 0.015496101 0.069141641 111.675559998
0.047378421 0.010318295 0.998823702 5.721760273 0.018466841 0.999766827 -0.011203998 -3.090636015 -0.998706400 0.018975949 0.047176853 111.672492981
0.027454317 0.010766651 0.999565005 6.257461548 0.025412606 0.999611497 -0.011465133 -3.115104198 -0.999300122 0.025716316 0.027170032 111.664550781
0.009069011 0.012738060 0.999877751 6.822256088 0.031372678 0.999423027 -0.013016820 -3.142106771 -0.999466717 0.031486887 0.008664146 111.663871765
-0.004376448 0.018022088 0.999827921 7.385005951 0.031012136 0.999359071 -0.017877892 -3.152958632 -0.999509454 0.030928552 -0.004932509 111.649810791
-0.015818954 0.022885658 0.999612927 7.995365620 0.028220208 0.999349952 -0.022433050 -3.153729200 -0.999476612 0.027854420 -0.016454501 111.647560120
-0.022010127 0.023002125 0.999493122 8.602628708 0.030404011 0.999288261 -0.022327878 -3.161752939 -0.999295413 0.029897166 -0.022693815 111.626556396
-0.025192203 0.019543588 0.999491632 9.235232353 0.035971448 0.999178946 -0.018630819 -3.195444584 -0.999035299 0.035483804 -0.025874523 111.603424072
-0.024805926 0.018099235 0.999528468 9.899198532 0.038063709 0.999128103 -0.017147334 -3.209648132 -0.998967350 0.037620403 -0.025473222 111.585350037
-0.022473266 0.017273566 0.999598145 10.568958282 0.037597258 0.999157846 -0.016420679 -3.238508463 -0.999040186 0.037213098 -0.023103766 111.589103699
-0.021094976 0.017475989 0.999624729 11.254660606 0.034148090 0.999276400 -0.016749276 -3.237687349 -0.999194086 0.033781938 -0.021676479 111.587150574
-0.019836586 0.018264489 0.999636471 11.958715439 0.032764554 0.999307930 -0.017608311 -3.266314745 -0.999266148 0.032403346 -0.020421281 111.573844910
-0.018640429 0.019111045 0.999643624 12.681747437 0.032705575 0.999293983 -0.018494489 -3.284006357 -0.999291182 0.032349166 -0.019252297 111.559555054
-0.018238179 0.019214051 0.999648988 13.446517944 0.032631710 0.999294341 -0.018611863 -3.323518753 -0.999301016 0.032280792 -0.018852284 111.572921753
-0.017916499 0.018100193 0.999675810 14.188398361 0.031461678 0.999351203 -0.017530447 -3.348718166 -0.999344349 0.031137388 -0.018474340 111.572219849
-0.017528798 0.016676156 0.999707341 14.962433815 0.031464219 0.999374747 -0.016118916 -3.375479460 -0.999351025 0.031172462 -0.018042548 111.561882019
-0.017721482 0.014343156 0.999740005 15.737417221 0.032332875 0.999382257 -0.013764879 -3.398824453 -0.999319553 0.032080542 -0.018174300 111.541801453
-0.018704042 0.013502988 0.999733806 16.522100449 0.030403027 0.999454141 -0.012930396 -3.417765379 -0.999362707 0.030153094 -0.019104365 111.529403687
-0.020088948 0.012839022 0.999715567 17.328273773 0.029507760 0.999489725 -0.012243167 -3.431571007 -0.999362886 0.029253419 -0.020457545 111.526870728
-0.021704089 0.009728406 0.999717116 18.120283127 0.031090721 0.999475539 -0.009051070 -3.459493399 -0.999280930 0.030885478 -0.021995174 111.513999939
-0.022957537 0.007466295 0.999708593 18.940111160 0.032722261 0.999441981 -0.006712861 -3.488185167 -0.999200821 0.032558616 -0.023189042 111.505279541
-0.024512121 0.007696392 0.999669969 19.748632431 0.030672437 0.999505341 -0.006943031 -3.495821953 -0.999228895 0.030492131 -0.024736065 111.490615845
-0.024452591 0.011131422 0.999638915 20.555065155 0.027319442 0.999571681 -0.010462401 -3.530854464 -0.999327600 0.027053764 -0.024746241 111.461349487
-0.025358422 0.016649686 0.999539673 21.392801285 0.028619640 0.999463677 -0.015922330 -3.549002886 -0.999268711 0.028202699 -0.025821323 111.454055786
-0.026492041 0.018466154 0.999478340 22.220523834 0.029319188 0.999413669 -0.017687827 -3.582864761 -0.999219060 0.028835304 -0.027017921 111.433380127
-0.027926005 0.015976496 0.999482155 23.085159302 0.026007567 0.999545515 -0.015250841 -3.609919071 -0.999271691 0.025568204 -0.028328821 111.417434692
-0.029157957 0.012000316 0.999502659 23.912305832 0.023207955 0.999666572 -0.011325249 -3.627319336 -0.999305487 0.022866191 -0.029426733 111.410964966
-0.029242659 0.005983768 0.999554157 24.759832382 0.020898402 0.999767005 -0.005373647 -3.662904263 -0.999353945 0.020731945 -0.029360894 111.388298035
-0.029167419 0.000590668 0.999574184 25.610223770 0.017693203 0.999843419 -0.000074544 -3.675635815 -0.999417901 0.017683499 -0.029173303 111.365463257
-0.028838342 -0.000118999 0.999583900 26.450222015 0.015371386 0.999881506 0.000562503 -3.679726839 -0.999465764 0.015381209 -0.028833101 111.351089478
-0.028564919 0.006290423 0.999571979 27.289726257 0.017847743 0.999823749 -0.005781969 -3.719669819 -0.999432445 0.017674942 -0.028672159 111.336975098
-0.027254554 0.016299592 0.999495447 28.118183136 0.019861694 0.999678373 -0.015760981 -3.752215624 -0.999430954 0.019422114 -0.027569531 111.314903259
-0.026954882 0.021270148 0.999410093 28.945846558 0.021515548 0.999554038 -0.020692918 -3.789200068 -0.999404907 0.020945078 -0.027400503 111.304466248
-0.025572844 0.016393742 0.999538243 29.757970810 0.023072990 0.999608338 -0.015804589 -3.805758715 -0.999406338 0.022658158 -0.025941098 111.285476685
-0.025024280 0.010092437 0.999635816 30.593013763 0.026417214 0.999606431 -0.009430828 -3.832593918 -0.999337792 0.026171600 -0.025281049 111.261512756
-0.024874194 0.007365736 0.999663353 31.421367645 0.027475966 0.999600053 -0.006681592 -3.863818645 -0.999313056 0.027300525 -0.025066625 111.249649048
-0.024907107 0.007533945 0.999661326 32.241897583 0.026280258 0.999630868 -0.006878925 -3.887781143 -0.999344409 0.026100030 -0.025095912 111.233596802
-0.025613105 0.007076398 0.999646902 33.043457031 0.023471735 0.999703526 -0.006475396 -3.907474518 -0.999396324 0.023297599 -0.025771610 111.226356506
-0.027166253 0.007311489 0.999604046 33.856708527 0.021851828 0.999738514 -0.006718607 -3.929159641 -0.999392033 0.021660661 -0.027318919 111.211837769
-0.029566247 0.007477495 0.999534786 34.670818329 0.021158736 0.999752522 -0.006853250 -3.951775312 -0.999338806 0.020946268 -0.029717145 111.190299988
-0.031437807 0.008076577 0.999472916 35.481807709 0.020403927 0.999764144 -0.007437137 -3.983139277 -0.999297440 0.020159366 -0.031595182 111.168266296
-0.033630822 0.007729788 0.999404311 36.280471802 0.019147936 0.999791503 -0.007088441 -3.997979641 -0.999250889 0.018898135 -0.033771809 111.144897461
-0.035857767 0.006927496 0.999332726 37.092517853 0.016107414 0.999849856 -0.006353131 -4.026949883 -0.999226987 0.015868846 -0.035963945 111.147979736
-0.037913159 0.005914747 0.999263465 37.897453308 0.015667401 0.999863029 -0.005323859 -4.058647633 -0.999158204 0.015454018 -0.038000636 111.123207092
-0.039989673 0.006152797 0.999181092 38.670707703 0.015554376 0.999863684 -0.005534477 -4.078651428 -0.999078989 0.015320317 -0.040079918 111.102638245
-0.041679800 0.006558399 0.999109447 39.461181641 0.014930262 0.999870896 -0.005940553 -4.103921890 -0.999019384 0.014669369 -0.041772336 111.072937012
-0.043009538 0.006712664 0.999052048 40.227703094 0.015443240 0.999862254 -0.006053272 -4.125042439 -0.998955250 0.015168256 -0.043107294 111.046699524
-0.043963172 0.005551136 0.999017596 41.008533478 0.016640605 0.999849677 -0.004823467 -4.151390076 -0.998894572 0.016412204 -0.044048950 111.008041382
-0.045604575 0.004760363 0.998948097 41.774368286 0.018858008 0.999814272 -0.003903571 -4.166873932 -0.998781621 0.018660162 -0.045685906 110.981498718
-0.047051366 0.004269549 0.998883367 42.528148651 0.018715741 0.999819160 -0.003391961 -4.186130524 -0.998717129 0.018535241 -0.047122765 110.955345154
-0.048022352 0.003437788 0.998840451 43.289436340 0.016552424 0.999859571 -0.002645484 -4.206821442 -0.998709142 0.016406184 -0.048072524 110.927459717
-0.048911642 0.002452694 0.998800159 44.006641388 0.015776889 0.999874175 -0.001682729 -4.225302219 -0.998678565 0.015675653 -0.048944198 110.898483276
-0.049478985 0.002347368 0.998772502 44.734367371 0.015919268 0.999872088 -0.001561313 -4.248715878 -0.998648345 0.015822470 -0.049510036 110.867294312
-0.049928151 0.004101916 0.998744428 45.434894562 0.015838154 0.999868989 -0.003314768 -4.263128281 -0.998627245 0.015652763 -0.049986601 110.836448669
-0.050183784 0.006823449 0.998716652 46.132640839 0.015756559 0.999857366 -0.006039495 -4.299404144 -0.998615623 0.015433250 -0.050284158 110.808570862
-0.050309181 0.009575579 0.998687744 46.830257416 0.014373780 0.999857545 -0.008862711 -4.319888115 -0.998630106 0.013909042 -0.050439637 110.787033081
-0.050907608 0.009762852 0.998655498 47.522392273 0.014736312 0.999850690 -0.009023333 -4.341523647 -0.998594463 0.014257143 -0.051043861 110.747207642
-0.050607376 0.009926564 0.998669207 48.213287354 0.015873723 0.999832273 -0.009133725 -4.361340523 -0.998592377 0.015390364 -0.050756443 110.720039368
-0.050967596 0.008555238 0.998663783 48.914443970 0.016074006 0.999840856 -0.007744972 -4.379117012 -0.998570919 0.015657783 -0.051096998 110.688034058
-0.051133193 0.008710471 0.998653829 49.602214813 0.013387575 0.999878109 -0.008035676 -4.391271591 -0.998602033 0.012958664 -0.051243581 110.666877747
-0.051133893 0.008562272 0.998655021 50.266582489 0.011698120 0.999899745 -0.007973969 -4.406842232 -0.998623252 0.011274648 -0.051228933 110.640853882
-0.051184431 0.007735198 0.998659313 50.956146240 0.012761923 0.999893308 -0.007090671 -4.439445496 -0.998607695 0.012381881 -0.051277693 110.612533569
-0.052437115 0.007323027 0.998597383 51.632377625 0.012384563 0.999900818 -0.006682267 -4.460265160 -0.998547435 0.012016789 -0.052522611 110.583961487
-0.055455804 0.006597230 0.998439372 52.305427551 0.007872714 0.999949634 -0.006169952 -4.479278564 -0.998430073 0.007518257 -0.055504955 110.554718018
-0.060660902 0.006891386 0.998134553 52.993282318 0.006591892 0.999957263 -0.006503352 -4.490959167 -0.998136699 0.006185096 -0.060703732 110.524192810
-0.066453695 0.009373474 0.997745395 53.644096375 0.008319550 0.999926329 -0.008839849 -4.513375759 -0.997754931 0.007713350 -0.066526778 110.480278015
-0.073241271 0.012983961 0.997229636 54.331275940 0.009167891 0.999881685 -0.012345161 -4.530449867 -0.997272074 0.008238317 -0.073351659 110.433021545
-0.080223575 0.013753583 0.996681929 54.984275818 0.008615639 0.999876916 -0.013104199 -4.552257061 -0.996739686 0.007535784 -0.080332227 110.374794006
-0.086612470 0.013254602 0.996153712 55.672798157 0.005355794 0.999903142 -0.012838826 -4.572191238 -0.996227682 0.004223188 -0.086675100 110.323356628
-0.092195220 0.012543667 0.995661736 56.362525940 0.004903804 0.999914229 -0.012143165 -4.594157219 -0.995728850 0.003762985 -0.092248857 110.261032104
-0.096579723 0.012371123 0.995248079 57.017570496 0.002751329 0.999922216 -0.012162232 -4.624984264 -0.995321393 0.001563623 -0.096606314 110.218940735
-0.100606374 0.012314390 0.994850039 57.732814789 -0.000705059 0.999922216 -0.012448474 -4.637614727 -0.994925916 -0.001953823 -0.100589864 110.151412964
-0.102990299 0.009009006 0.994641423 58.404533386 -0.001052012 0.999957383 -0.009166083 -4.653174400 -0.994681597 -0.001990390 -0.102976464 110.078964233
-0.105374068 0.006648864 0.994410217 59.145919800 0.002294770 0.999976575 -0.006442910 -4.677853584 -0.994429827 0.001603028 -0.105386883 110.008880615
-0.106743395 0.003907388 0.994278848 59.834701538 0.001916246 0.999991119 -0.003724110 -4.692509174 -0.994284570 0.001507760 -0.106749974 109.934127808
-0.108111903 0.003356483 0.994132996 60.580902100 0.001303996 0.999993861 -0.003234458 -4.709114552 -0.994137645 0.000946662 -0.108115651 109.862731934
-0.108587004 0.006311238 0.994066775 61.311477661 0.003000787 0.999977291 -0.006020968 -4.730600357 -0.994082212 0.002329184 -0.108603522 109.787826538
-0.109120235 0.010209545 0.993976116 62.028659821 0.008210426 0.999922395 -0.009369263 -4.742792130 -0.993994415 0.007138592 -0.109195642 109.714965820
-0.109363981 0.014868797 0.993890584 62.769447327 0.017088797 0.999768138 -0.013076341 -4.777887821 -0.993854403 0.015554314 -0.109592818 109.634696960
-0.109796010 0.016528940 0.993816853 63.493450165 0.019003315 0.999713898 -0.014527552 -4.794498444 -0.993772328 0.017290747 -0.110078722 109.559226990
-0.110208005 0.014514985 0.993802607 64.266433716 0.016794823 0.999777675 -0.012739793 -4.818940639 -0.993766487 0.015286710 -0.110427320 109.478286743
-0.110124074 0.010309401 0.993864477 65.012184143 0.018286658 0.999797761 -0.008344721 -4.823802471 -0.993749380 0.017255502 -0.110290386 109.399833679
-0.110187493 0.007628628 0.993881524 65.734130859 0.019244805 0.999799252 -0.005540467 -4.852749348 -0.993724167 0.018516561 -0.110312223 109.318595886
-0.110908069 0.007794059 0.993800044 66.484283447 0.020679004 0.999770999 -0.005533109 -4.868709564 -0.993615568 0.019937135 -0.111043818 109.239135742
-0.112581886 0.008247927 0.993608117 67.215179443 0.020087663 0.999780238 -0.006023103 -4.889633656 -0.993439376 0.019281184 -0.112722784 109.167457581
-0.114491954 0.008367177 0.993388772 67.957916260 0.019489551 0.999791026 -0.006174853 -4.915722847 -0.993233085 0.018653739 -0.114631057 109.088272095
-0.117127478 0.008592237 0.993079603 68.709197998 0.018106798 0.999814689 -0.006514926 -4.932776928 -0.992951810 0.017218422 -0.117261365 109.004196167
-0.118970953 0.008761908 0.992859125 69.458549500 0.018098878 0.999814093 -0.006654558 -4.953566551 -0.992732763 0.017177939 -0.119107410 108.919677734
-0.120993271 0.008498534 0.992617071 70.218063354 0.017885279 0.999819696 -0.006380109 -4.976339817 -0.992492199 0.016981281 -0.121123493 108.835662842
-0.122533344 0.009032365 0.992423296 70.955917358 0.018798266 0.999800324 -0.006778508 -5.005917549 -0.992286503 0.017825242 -0.122678667 108.748878479
-0.123622037 0.010005338 0.992278934 71.707725525 0.016531171 0.999831319 -0.008021971 -5.025853157 -0.992191792 0.015411837 -0.123766571 108.672164917
-0.124889642 0.010482647 0.992115259 72.441673279 0.016872261 0.999821961 -0.008440157 -5.037551880 -0.992027223 0.015685139 -0.125044286 108.591285706
-0.126008421 0.010585874 0.991972685 73.227561951 0.016592877 0.999825597 -0.008561915 -5.066318512 -0.991890490 0.015380807 -0.126162142 108.500480652
-0.126529038 0.009234433 0.991919816 73.983276367 0.016028363 0.999845028 -0.007263636 -5.084867954 -0.991833806 0.014979791 -0.126657367 108.408050537
-0.127520040 0.007926150 0.991804242 74.771865845 0.016033169 0.999853790 -0.005929035 -5.116758823 -0.991706550 0.015145695 -0.127628505 108.328300476
-0.130709618 0.005182078 0.991407394 75.563262939 0.010980735 0.999932587 -0.003778921 -5.114964962 -0.991360188 0.010392428 -0.130757809 108.229515076
-0.132665828 0.004271541 0.991151452 76.319015503 0.010552665 0.999940217 -0.002896941 -5.132757664 -0.991104662 0.010074964 -0.132702976 108.129959106
-0.135000125 0.004613375 0.990834773 77.139854431 0.011088919 0.999933600 -0.003144886 -5.163987160 -0.990783393 0.010562726 -0.135042369 108.024742126
-0.136968896 0.005612686 0.990559340 77.914161682 0.011151216 0.999929368 -0.004123851 -5.169454098 -0.990512550 0.010481102 -0.137021840 107.919860840
-0.138389245 0.009541675 0.990331829 78.740844727 0.012081534 0.999895573 -0.007945541 -5.192811966 -0.990304172 0.010865154 -0.138490051 107.800018311
-0.137849703 0.013330160 0.990363300 79.524864197 0.015957989 0.999809504 -0.011236097 -5.216124058 -0.990324438 0.014255323 -0.138036177 107.721374512
-0.138666615 0.017266108 0.990188658 80.350463867 0.017058961 0.999741375 -0.015043736 -5.249925137 -0.990192115 0.014805530 -0.138925239 107.596740723
-0.138461336 0.018589236 0.990193367 81.163154602 0.018613348 0.999696195 -0.016164884 -5.265838146 -0.990192890 0.016192604 -0.138765216 107.497909546
-0.138040051 0.017986555 0.990263283 81.984680176 0.021957735 0.999644995 -0.015096113 -5.309009552 -0.990183055 0.019660071 -0.138385937 107.383644104
-0.137789652 0.016376562 0.990326107 82.820091248 0.022942591 0.999647796 -0.013338585 -5.328447819 -0.990195632 0.020882728 -0.138116822 107.267532349
-0.136901304 0.014193241 0.990482807 83.656837463 0.021908332 0.999696195 -0.011297174 -5.352957249 -0.990342140 0.020153226 -0.137170643 107.157539368
-0.135276526 0.011673586 0.990739226 84.492034912 0.021532834 0.999729156 -0.008839397 -5.367671967 -0.990573883 0.020137655 -0.135491282 107.060234070
-0.133744478 0.009211779 0.990973115 85.337059021 0.022491816 0.999727488 -0.006257602 -5.392495155 -0.990760684 0.021451855 -0.133915246 106.953666687
-0.131825328 0.005417533 0.991258144 86.189796448 0.022279991 0.999748588 -0.002500970 -5.413782120 -0.991022646 0.021755526 -0.131912887 106.840309143
-0.130668104 0.005825436 0.991408944 87.044021606 0.021437395 0.999765217 -0.003049078 -5.433016300 -0.991194665 0.020854812 -0.130762309 106.742126465
-0.129142284 0.009645247 0.991579115 87.898307800 0.021824168 0.999738216 -0.006882251 -5.460771561 -0.991385937 0.020751603 -0.129319012 106.633476257
-0.127668247 0.015553854 0.991695046 88.738189697 0.021435080 0.999686778 -0.012919703 -5.492400169 -0.991585433 0.019607631 -0.127961695 106.537406921
-0.125575140 0.018170916 0.991917670 89.590553284 0.018999778 0.999692976 -0.015908010 -5.522255421 -0.991902113 0.016848583 -0.125881866 106.443534851
-0.124980800 0.016671313 0.992019057 90.461395264 0.018406238 0.999725759 -0.014481898 -5.532294750 -0.991988420 0.016449383 -0.125253379 106.342330933
