0.999999881 -0.000000001 0.000000000 -0.000000000 -0.000000001 0.999999881 0.000000000 -0.000000000 0.000000000 0.000000000 1.000000000 0.000000000
0.999997914 0.000001061 0.001977773 -0.003862149 -0.000001807 0.999999821 0.000376197 -0.036205173 -0.001977772 -0.000376200 0.999997973 1.191641212
0.999993205 0.000140838 0.003651052 -0.009437401 -0.000143662 0.999999583 0.000772666 -0.051940773 -0.003650943 -0.000773186 0.999993026 2.388249874
0.999989927 0.000511536 0.004425140 -0.009257654 -0.000511548 0.999999762 0.000001559 -0.074536569 -0.004425138 -0.000003824 0.999990165 3.595243692
0.999985874 0.000194116 0.005278543 -0.008012293 -0.000194435 0.999999881 0.000059932 -0.102940135 -0.005278529 -0.000060958 0.999986053 4.793696880
0.999980092 0.000212536 0.006273650 -0.001294706 -0.000214391 0.999999881 0.000294886 -0.123085320 -0.006273588 -0.000296224 0.999980271 5.988195419
0.999974668 -0.000121699 0.007065306 -0.013266388 0.000126987 0.999999642 -0.000748053 -0.153397173 -0.007065217 0.000748934 0.999974906 7.190979481
0.999969125 -0.000291836 0.007853208 -0.015982024 0.000301502 0.999999106 -0.001229730 -0.170591831 -0.007852843 0.001232060 0.999968469 8.389513016
0.999965310 -0.000199793 0.008325757 -0.004545428 0.000199039 0.999999881 0.000091157 -0.202191561 -0.008325771 -0.000089494 0.999965370 9.580345154
0.999970138 -0.000364735 0.007696883 -0.007678427 0.000357459 0.999999285 0.000946612 -0.230978921 -0.007697226 -0.000943833 0.999970019 10.776233673
0.999983668 -0.002128643 0.005306237 -0.010674641 0.002125049 0.999997258 0.000683126 -0.249623418 -0.005307684 -0.000671843 0.999985933 11.988452911
0.999992192 -0.002664707 0.002884785 -0.015021395 0.002664171 0.999996245 0.000189717 -0.268187791 -0.002885281 -0.000182031 0.999995828 13.187242508
0.999996483 -0.002162563 0.001489995 -0.019986302 0.002162677 0.999997437 -0.000074357 -0.300019175 -0.001489832 0.000077577 0.999998927 14.377764702
0.999999702 -0.000582204 0.000273692 -0.031956203 0.000582266 0.999999642 -0.000226405 -0.319314122 -0.000273561 0.000226563 1.000000000 15.560362816
0.999999940 -0.000208320 0.000333086 -0.023745583 0.000208358 0.999999881 -0.000110802 -0.353225589 -0.000333067 0.000110868 1.000000000 16.777753830
0.999999404 -0.001123116 -0.000165580 -0.026006483 0.001123160 0.999999285 0.000269769 -0.375925392 0.000165277 -0.000269955 0.999999881 18.000568390
0.999999225 -0.000918967 -0.000843388 -0.039893769 0.000919404 0.999999404 0.000518247 -0.404517949 0.000842912 -0.000519023 0.999999404 19.180492401
0.999998569 -0.001194655 -0.001183417 -0.043264389 0.001194551 0.999999344 -0.000088910 -0.428599328 0.001183522 0.000087493 0.999999046 20.382400513
0.999996305 -0.001592247 -0.002160059 -0.062890306 0.001589903 0.999998093 -0.001086170 -0.450050324 0.002161785 0.001082731 0.999997079 21.569320679
0.999996603 -0.000810137 -0.002603935 -0.067802951 0.000808214 0.999999404 -0.000738774 -0.477256000 0.002604536 0.000736669 0.999996305 22.751241684
0.999993622 -0.000653902 -0.003490670 -0.076667145 0.000651950 0.999999464 -0.000560324 -0.500099242 0.003491036 0.000558045 0.999993742 23.977109909
0.999991357 -0.000174533 -0.004120219 -0.089442730 0.000168426 0.999998689 -0.001482364 -0.532552004 0.004120471 0.001481661 0.999990702 25.151151657
0.999987185 0.000392293 -0.005029549 -0.099004343 -0.000397756 0.999999344 -0.001085032 -0.556023598 0.005029120 0.001087019 0.999986887 26.374261856
0.999982178 -0.000645279 -0.005909918 -0.115250751 0.000650014 0.999999583 0.000799562 -0.583889544 0.005909401 -0.000803388 0.999982297 27.551017761
0.999977589 -0.001990695 -0.006391123 -0.124888510 0.001997878 0.999997675 0.001117714 -0.607367039 0.006388887 -0.001130453 0.999978960 28.736972809
0.999973416 -0.001844629 -0.007035860 -0.132656634 0.001844410 0.999998271 -0.000037363 -0.630562842 0.007035920 0.000024386 0.999975204 29.942373276
0.999961615 -0.002987550 -0.008212269 -0.158472240 0.002982605 0.999995291 -0.000614023 -0.658137560 0.008214069 0.000589507 0.999965847 31.133417130
0.999958277 -0.002534097 -0.008775448 -0.177006915 0.002526475 0.999996364 -0.000879435 -0.682699859 0.008777646 0.000857227 0.999961078 32.352138519
0.999951184 -0.003258121 -0.009345669 -0.190933242 0.003254984 0.999994457 -0.000350959 -0.704037845 0.009346770 0.000320519 0.999956131 33.525993347
0.999953866 -0.003523096 -0.008902196 -0.194780111 0.003526338 0.999993503 0.000348650 -0.730279386 0.008900914 -0.000380027 0.999960244 34.699249268
0.999952257 -0.004368186 -0.008719993 -0.199740291 0.004368521 0.999990284 0.000019469 -0.760664880 0.008719827 -0.000057562 0.999961972 35.910240173
0.999930084 -0.004286526 -0.011008844 -0.245978996 0.004283492 0.999990523 -0.000299140 -0.777906418 0.011010027 0.000251963 0.999939382 37.126556396
0.999926448 -0.005248058 -0.010925788 -0.254292130 0.005250078 0.999986053 0.000156180 -0.806421161 0.010924823 -0.000213531 0.999940455 38.346275330
0.999926448 -0.005096920 -0.010998332 -0.273984969 0.005112161 0.999985695 0.001357964 -0.828103721 0.010991262 -0.001414092 0.999938667 39.538936615
0.999927938 -0.004539592 -0.011104477 -0.311009526 0.004565775 0.999986351 0.002333236 -0.852012694 0.011093743 -0.002383776 0.999935806 40.733589172
0.999934375 -0.003326937 -0.010956079 -0.327175111 0.003351144 0.999991894 0.002191849 -0.874643803 0.010948697 -0.002228422 0.999937534 41.945308685
0.999936700 -0.002787729 -0.010907352 -0.354603171 0.002809893 0.999993920 0.002017268 -0.897143960 0.010901663 -0.002047791 0.999938428 43.136516571
0.999949455 -0.000413147 -0.010042753 -0.370802045 0.000448631 0.999993563 0.003531396 -0.915299535 0.010041228 -0.003535728 0.999943316 44.343875885
0.999962330 0.000110870 -0.008679200 -0.401219130 -0.000054762 0.999979198 0.006464868 -0.937432230 0.008679731 -0.006464159 0.999941587 45.538719177
0.999974549 0.000847032 -0.007076300 -0.425348967 -0.000781797 0.999957144 0.009216649 -0.949562550 0.007083807 -0.009210883 0.999932528 46.732818604
0.999986529 0.001235022 -0.005019410 -0.424219966 -0.001171052 0.999918282 0.012727991 -0.960904777 0.005034721 -0.012721946 0.999906480 47.952850342
0.999992192 0.000482811 -0.003888226 -0.447143346 -0.000427275 0.999898136 0.014271711 -0.977938652 0.003894723 -0.014269947 0.999890566 49.153022766
0.999997377 -0.000729454 -0.002205093 -0.460025698 0.000756332 0.999925077 0.012213824 -0.986086786 0.002196019 -0.012215458 0.999923110 50.360488892
0.999999642 -0.000527088 -0.000560993 -0.456530601 0.000533028 0.999943078 0.010645124 -1.002631664 0.000555351 -0.010645417 0.999943256 51.572902679
1.000000000 -0.000233978 0.000093958 -0.467431098 0.000233003 0.999947608 0.010227760 -0.998024464 -0.000096343 -0.010227734 0.999947786 52.755470276
0.999999940 -0.000324076 -0.000247039 -0.480213553 0.000326502 0.999950886 0.009887475 -1.020642519 0.000243829 -0.009887539 0.999951303 54.006690979
0.999998689 -0.001122635 -0.001071874 -0.490664482 0.001132139 0.999959528 0.008908267 -1.039257646 0.001061831 -0.008909471 0.999959767 55.188777924
0.999995828 -0.000611407 -0.002799048 -0.503726542 0.000636279 0.999960184 0.008893789 -1.041943550 0.002793502 -0.008895533 0.999956608 56.400283813
0.999991059 -0.001101829 -0.004063448 -0.505096078 0.001143222 0.999947429 0.010198479 -1.061466813 0.004051997 -0.010203036 0.999939799 57.613632202
0.999986112 -0.000736398 -0.005215697 -0.531461477 0.000792040 0.999942839 0.010674024 -1.072676420 0.005207537 -0.010678008 0.999929547 58.822196960
0.999980927 0.000102690 -0.006144720 -0.551772356 -0.000039299 0.999947071 0.010315100 -1.084609032 0.006145451 -0.010314663 0.999928296 60.041313171
0.999970078 0.000957010 -0.007671541 -0.581653535 -0.000884369 0.999954879 0.009466809 -1.098762512 0.007680252 -0.009459738 0.999925971 61.254970551
0.999970198 0.000310571 -0.007717446 -0.610078990 -0.000243065 0.999961674 0.008746692 -1.109075308 0.007719867 -0.008744556 0.999931991 62.448394775
0.999974728 -0.001257496 -0.006978362 -0.595399976 0.001318554 0.999960721 0.008751670 -1.131683111 0.006967080 -0.008760652 0.999937296 63.649513245
0.999971211 -0.001470567 -0.007431279 -0.610465944 0.001542574 0.999951601 0.009693345 -1.139864683 0.007416663 -0.009704528 0.999925435 64.836059570
0.999966800 -0.002236620 -0.007804669 -0.625286102 0.002327572 0.999929011 0.011664339 -1.149965644 0.007778028 -0.011682127 0.999901652 66.068496704
0.999966621 -0.001040366 -0.008091968 -0.644448400 0.001123751 0.999945998 0.010307108 -1.171036363 0.008080811 -0.010315862 0.999914229 67.259788513
0.999968588 0.000524362 -0.007910164 -0.661142290 -0.000456701 0.999962807 0.008553321 -1.184220791 0.007914359 -0.008549444 0.999932289 68.448051453
0.999964714 0.002071018 -0.008122499 -0.681496024 -0.001998537 0.999958158 0.008921715 -1.193774343 0.008140638 -0.008905170 0.999927163 69.663459778
0.999960542 0.003608394 -0.008099786 -0.706966162 -0.003533786 0.999951303 0.009206762 -1.213253975 0.008132615 -0.009177779 0.999924719 70.837310791
0.999953985 0.005701495 -0.007677305 -0.724831581 -0.005628629 0.999939084 0.009479868 -1.222712636 0.007730884 -0.009436223 0.999925494 72.039543152
0.999958336 0.005933431 -0.006911065 -0.739610910 -0.005860884 0.999927878 0.010470709 -1.244465113 0.006972693 -0.010429772 0.999921381 73.216415405
0.999965250 0.006729224 -0.004892178 -0.754949391 -0.006675397 0.999917626 0.010937207 -1.247064114 0.004965375 -0.010904173 0.999928296 74.392890930
0.999975443 0.006717177 -0.001942190 -0.766291261 -0.006697436 0.999927282 0.009998443 -1.266330719 0.002009209 -0.009985194 0.999948144 75.580627441
0.999991298 0.004094683 0.000378575 -0.773544073 -0.004096321 0.999981701 0.004430984 -1.298696280 -0.000360424 -0.004432499 0.999990404 76.764106750
0.999985039 0.004495256 0.003118355 -0.781342685 -0.004504398 0.999985635 0.002930362 -1.297023296 -0.003105136 -0.002944367 0.999990880 77.939544678
0.999975324 0.004249791 0.005627532 -0.773625851 -0.004289751 0.999965847 0.007108153 -1.324027300 -0.005597131 -0.007132120 0.999958873 79.123497009
0.999951959 0.004126715 0.008882456 -0.764342785 -0.004206394 0.999950945 0.008970320 -1.354215384 -0.008845003 -0.009007256 0.999920309 80.311653137
0.999903083 0.004642761 0.013104835 -0.767690063 -0.004730926 0.999966502 0.006704594 -1.354349852 -0.013073271 -0.006765951 0.999891639 81.476409912
0.999853015 0.004260956 0.016601630 -0.753700733 -0.004329078 0.999982417 0.004069394 -1.387421489 -0.016583992 -0.004140666 0.999853909 82.644187927
0.999801755 0.002459899 0.019767160 -0.738061547 -0.002470465 0.999996960 0.000509709 -1.401736975 -0.019765837 -0.000558443 0.999804616 83.820053101
0.999737501 0.001476455 0.022861393 -0.724355459 -0.001464628 0.999998868 -0.000534161 -1.427181005 -0.022862153 0.000500537 0.999738514 84.974151611
0.999644041 0.001035132 0.026654577 -0.688310146 -0.001065320 0.999998987 0.001118303 -1.450068593 -0.026653387 -0.001146303 0.999643981 86.124977112
0.999525368 0.002152379 0.030725593 -0.657834291 -0.002207018 0.999996006 0.001744440 -1.477075338 -0.030721720 -0.001811425 0.999526381 87.288932800
0.999418437 0.001405991 0.034066811 -0.628010750 -0.001409918 0.999998987 0.000091220 -1.493354559 -0.034066658 -0.000139199 0.999419570 88.438484192
0.999290645 0.001655620 0.037618499 -0.595430136 -0.001556255 0.999995172 -0.002670628 -1.521636486 -0.037622754 0.002610188 0.999288499 89.610733032
0.999173343 0.001616586 0.040619425 -0.549368620 -0.001493729 0.999994099 -0.003054784 -1.548308849 -0.040624142 0.002991584 0.999169946 90.764106750
0.999054492 0.000135359 0.043477356 -0.504731417 -0.000059339 0.999998212 -0.001749855 -1.574702740 -0.043477546 0.001745621 0.999052644 91.906707764
0.998896539 -0.000729524 0.046959419 -0.468491077 0.000742461 0.999999702 -0.000258076 -1.597825646 -0.046959225 0.000292657 0.998896837 93.060676575
0.998802423 -0.001339560 0.048909046 -0.408074379 0.001268412 0.999998033 0.001485784 -1.623486042 -0.048910946 -0.001421965 0.998802125 94.217094421
0.998665214 -0.002805264 0.051573511 -0.355591774 0.002673984 0.999992967 0.002614332 -1.645922780 -0.051580492 -0.002472934 0.998665810 95.381240845
0.998548508 -0.003779347 0.053723894 -0.294739723 0.003751477 0.999992728 0.000619560 -1.669354677 -0.053725854 -0.000417113 0.998555601 96.519561768
0.998412549 -0.005976405 0.056002092 -0.227909565 0.006170141 0.999975443 -0.003287208 -1.691480875 -0.055981077 0.003627531 0.998425245 97.679290771
0.998301566 -0.004871774 0.058047850 -0.172091961 0.005232625 0.999967873 -0.006066097 -1.714593053 -0.058016423 0.006359541 0.998295367 98.866081238
0.998187304 -0.004971706 0.059977654 -0.093962193 0.005390031 0.999962270 -0.006814908 -1.743787527 -0.059941500 0.007125838 0.998176455 100.019325256
0.998166442 -0.004686681 0.060347568 -0.055085659 0.005085357 0.999966145 -0.006454422 -1.769934773 -0.060315277 0.006749476 0.998156369 101.209350586
0.998239338 -0.004793554 0.059116378 0.011633396 0.005073758 0.999976635 -0.004590716 -1.799609900 -0.059092980 0.004882577 0.998240590 102.385116577
0.998311043 -0.005498097 0.057831116 0.070005894 0.005688760 0.999978960 -0.003132849 -1.830600858 -0.057812661 0.003456545 0.998321593 103.574577332
0.998371363 -0.004856615 0.056839224 0.129599094 0.005045940 0.999982357 -0.003187982 -1.844711304 -0.056822706 0.003469597 0.998378694 104.749572754
0.998518527 -0.005099422 0.054172322 0.193978786 0.005254360 0.999982357 -0.002718090 -1.868035793 -0.054157518 0.002998704 0.998527825 105.935478210
0.998673975 -0.004346609 0.051295847 0.244160652 0.004493070 0.999986053 -0.002740295 -1.891604424 -0.051283233 0.002967137 0.998679578 107.145614624
0.998898268 -0.002516647 0.046857361 0.295077801 0.002618696 0.999994099 -0.002116678 -1.928884864 -0.046851758 0.002237048 0.998898864 108.362594604
0.999065638 -0.002124930 0.043163974 0.338901043 0.002196207 0.999996185 -0.001603977 -1.955583930 -0.043160405 0.001697275 0.999066770 109.570503235
0.999224186 -0.001580131 0.039348476 0.373287201 0.001609843 0.999998391 -0.000723482 -1.977824330 -0.039347265 0.000786266 0.999225318 110.792655945
0.999391258 -0.001705306 0.034841042 0.409508467 0.001699856 0.999998450 0.000185924 -2.005592346 -0.034841307 -0.000126584 0.999392807 111.987327576
0.999531329 -0.001875993 0.030552026 0.445780039 0.001849570 0.999997854 0.000893056 -2.022593975 -0.030553639 -0.000836129 0.999532580 113.218811035
0.999673843 -0.001127607 0.025509460 0.457019091 0.001103332 0.999998808 0.000965679 -2.055574417 -0.025510520 -0.000937221 0.999674022 114.429740906
0.999782324 -0.000743546 0.020841183 0.466594696 0.000729706 0.999999404 0.000671603 -2.067739010 -0.020841671 -0.000656250 0.999782383 115.635917664
0.999873400 0.000287872 0.015884105 0.482515216 -0.000295109 0.999999881 0.000453325 -2.099056721 -0.015883958 -0.000457958 0.999873400 116.880699158
0.999938786 0.001147085 0.010993273 0.478549540 -0.001143600 0.999999166 -0.000323401 -2.116453171 -0.010993635 0.000310810 0.999939442 118.100761414
0.999967754 0.003003308 0.007448072 0.486696243 -0.003002384 0.999995410 -0.000135211 -2.149141312 -0.007448449 0.000112843 0.999972105 119.345718384
0.999972165 0.005383113 0.005137281 0.472165942 -0.005383004 0.999985456 -0.000035082 -2.170012712 -0.005137392 0.000007427 0.999986887 120.558845520
0.999971092 0.006242240 0.004314046 0.477184474 -0.006241271 0.999980509 -0.000237535 -2.200112343 -0.004315440 0.000210604 0.999990821 121.804855347
0.999961734 0.008145931 0.003223453 0.479510456 -0.008146040 0.999966741 0.000020313 -2.221204519 -0.003223179 -0.000046569 0.999994814 123.070106506
0.999948502 0.009898834 0.002318187 0.459297210 -0.009900764 0.999950707 0.000823908 -2.242893934 -0.002309916 -0.000846814 0.999996901 124.288108826
0.999938846 0.010875565 0.001995254 0.468813419 -0.010877902 0.999940097 0.001163851 -2.276737452 -0.001982479 -0.001185484 0.999997318 125.536178589
0.999908447 0.013512316 0.000717223 0.444471270 -0.013514422 0.999904096 0.003014057 -2.291866302 -0.000676430 -0.003023474 0.999995112 126.784355164
0.999891758 0.014714847 0.000076381 0.427328289 -0.014715043 0.999872506 0.006200425 -2.296142817 0.000014864 -0.006200879 0.999980628 128.035980225
0.999912024 0.013261030 -0.000336756 0.437913597 -0.013258568 0.999890924 0.006487764 -2.340931892 0.000422756 -0.006482730 0.999978900 129.310714722
0.999908566 0.013486724 -0.000950165 0.415725201 -0.013482379 0.999899089 0.004440221 -2.348001003 0.001009955 -0.004427005 0.999989688 130.552871704
0.999939799 0.010877427 -0.001393306 0.414478064 -0.010869657 0.999925792 0.005465273 -2.354946375 0.001452652 -0.005449801 0.999984205 131.808944702
0.999969661 0.007195315 -0.002948403 0.398313552 -0.007172679 0.999945223 0.007617965 -2.371957302 0.003003055 -0.007596588 0.999966502 133.057266235
0.999982417 0.004851175 -0.003379404 0.384727269 -0.004819067 0.999943733 0.009445362 -2.387989998 0.003425034 -0.009428912 0.999949574 134.320373535
0.999989867 0.003395956 -0.002880546 0.396603823 -0.003364891 0.999936819 0.010722793 -2.404509544 0.002916777 -0.010712991 0.999938071 135.602706909
0.999994338 -0.000486205 -0.003246772 0.369356573 0.000515379 0.999959230 0.008991351 -2.417532682 0.003242268 -0.008992978 0.999954283 136.859512329
0.999992907 -0.002370536 -0.002806791 0.377696544 0.002391210 0.999969661 0.007385796 -2.427698851 0.002789197 -0.007392460 0.999968708 138.142456055
0.999984264 -0.004713645 -0.002903978 0.371529192 0.004735685 0.999959707 0.007630257 -2.453621864 0.002867895 -0.007643903 0.999966443 139.401626587
0.999984264 -0.004937718 -0.002599149 0.359208226 0.004958127 0.999956429 0.007905435 -2.458026171 0.002560002 -0.007918199 0.999965250 140.679946899
0.999987602 -0.004654860 -0.001758213 0.356961280 0.004671838 0.999941409 0.009777969 -2.481443644 0.001712597 -0.009786063 0.999950469 141.973358154
0.999996483 -0.002330240 -0.001178161 0.339576900 0.002343840 0.999928892 0.011677685 -2.481938839 0.001150865 -0.011680407 0.999931097 143.249542236
0.999996543 -0.002518086 -0.000557747 0.326595187 0.002523702 0.999943435 0.010311711 -2.505985260 0.000531748 -0.010313087 0.999946594 144.524093628
0.999998868 -0.001351026 0.000116443 0.323867112 0.001350032 0.999965787 0.008135685 -2.519300461 -0.000127433 -0.008135527 0.999966681 145.806304932
0.999998927 -0.001391052 -0.000381794 0.300829470 0.001393408 0.999979436 0.006243753 -2.539587021 0.000373101 -0.006244281 0.999980569 147.088317871
0.999997199 -0.002332768 0.000478932 0.307022363 0.002331821 0.999995232 0.001970152 -2.572406769 -0.000483524 -0.001969033 0.999998093 148.348297119
0.999997079 -0.002351687 0.001060216 0.299549520 0.002353627 0.999995291 -0.001832051 -2.584046602 -0.001055898 0.001834539 0.999998033 149.603027344
0.999995947 -0.002683995 0.000964734 0.293978035 0.002686418 0.999993086 -0.002520981 -2.612531662 -0.000957960 0.002523563 0.999996424 150.870712280
0.999994338 -0.003124491 0.001212852 0.299815625 0.003127138 0.999992490 -0.002188634 -2.642696619 -0.001206003 0.002192415 0.999996901 152.142395020
0.999996424 -0.002380085 0.001243058 0.277677864 0.002382475 0.999994934 -0.001927986 -2.675345659 -0.001238463 0.001930943 0.999997318 153.406982422
0.999996960 -0.001982700 0.001472386 0.281955183 0.001983725 0.999997735 -0.000695353 -2.698870659 -0.001471002 0.000698272 0.999998629 154.684539795
0.999999106 -0.001226812 0.000814618 0.256627858 0.001227143 0.999999106 -0.000405442 -2.727137804 -0.000814118 0.000406442 0.999999404 155.933853149
0.999999404 -0.000835608 0.000450440 0.252981871 0.000835761 0.999999464 -0.000341962 -2.762885094 -0.000450155 0.000342338 0.999999821 157.187576294
0.999999464 -0.000729443 -0.000188414 0.246194199 0.000729414 0.999999642 -0.000147737 -2.787719488 0.000188520 0.000147598 1.000000000 158.484161377
0.999998868 -0.000977031 -0.001168834 0.237017110 0.000978007 0.999999166 0.000835811 -2.814874411 0.001168014 -0.000836954 0.999998987 159.743179321
0.999998808 -0.000658630 -0.001368799 0.234565228 0.000660180 0.999999166 0.001133408 -2.835199594 0.001368049 -0.001134312 0.999998450 161.007781982
0.999997079 -0.000219753 -0.002379945 0.216485560 0.000220518 1.000000238 0.000323086 -2.866654873 0.002379869 -0.000323617 0.999997258 162.270874023
0.999995530 0.000121811 -0.002988868 0.199163795 -0.000124461 0.999999583 -0.000885975 -2.897679567 0.002988759 0.000886343 0.999995172 163.539749146
0.999994278 0.000633872 -0.003304382 0.185756505 -0.000637228 0.999999166 -0.001014173 -2.914392948 0.003303738 0.001016272 0.999994099 164.802673340
0.999988914 0.000805040 -0.004611140 0.174001157 -0.000813078 0.999997914 -0.001741433 -2.947298527 0.004609734 0.001745160 0.999987841 166.080444336
0.999986053 0.000809337 -0.005185761 0.158736825 -0.000824075 0.999995470 -0.002840199 -2.974706888 0.005183442 0.002844434 0.999982476 167.346038818
0.999980688 0.001031120 -0.006103281 0.141480207 -0.001047749 0.999995589 -0.002721775 -3.000497341 0.006100451 0.002728119 0.999977648 168.614517212
0.999976039 0.001360152 -0.006742085 0.121114016 -0.001368521 0.999998212 -0.001236500 -3.033694983 0.006740394 0.001245698 0.999976516 169.876373291
0.999973893 0.001628071 -0.007030043 0.111113667 -0.001631388 0.999998391 -0.000465988 -3.063929558 0.007029274 0.000477445 0.999975204 171.141357422
0.999965250 0.002012832 -0.008085845 0.095994592 -0.002013814 0.999997795 -0.000113234 -3.086861134 0.008085601 0.000129513 0.999967277 172.414596558
0.999958873 0.002149974 -0.008798379 0.067326069 -0.002149411 0.999997497 0.000073428 -3.122338533 0.008798514 -0.000054513 0.999961078 173.691436768
0.999946296 0.002797413 -0.009962955 0.048520446 -0.002802947 0.999995768 -0.000541507 -3.148267984 0.009961401 0.000569405 0.999950290 174.965438843
0.999938011 0.003826805 -0.010437595 0.022968292 -0.003838416 0.999991834 -0.001092538 -3.174531698 0.010433331 0.001132535 0.999944985 176.231491089
0.999940932 0.003619144 -0.010227972 0.006879449 -0.003628126 0.999992847 -0.000859684 -3.196046829 0.010224796 0.000896743 0.999947548 177.481277466
0.999938071 0.003389367 -0.010595243 -0.003617644 -0.003408044 0.999992490 -0.001745157 -3.223875284 0.010589251 0.001781159 0.999942362 178.749679565
0.999940991 0.002485493 -0.010576421 -0.033661246 -0.002519659 0.999991536 -0.003218136 -3.254313946 0.010568338 0.003244595 0.999938846 180.010101318
0.999941289 -0.000946029 -0.010793342 -0.048804164 0.000909125 0.999993622 -0.003423177 -3.300621748 0.010796511 0.003413167 0.999935865 181.272445679
0.999935031 -0.000553851 -0.011372407 -0.083527327 0.000548635 0.999999583 -0.000461677 -3.314457655 0.011372657 0.000455407 0.999935150 182.537948608
0.999934494 -0.001637376 -0.011324425 -0.099479198 0.001684743 0.999989688 0.004174598 -3.343299389 0.011317475 -0.004193404 0.999927044 183.811676025
0.999932826 -0.000509391 -0.011568882 -0.119064093 0.000557971 0.999991179 0.004196712 -3.365945816 0.011566640 -0.004202887 0.999924123 185.029678345
0.999937952 0.001430111 -0.011042777 -0.137799859 -0.001418766 0.999998510 0.001035351 -3.387306690 0.011044242 -0.001019620 0.999938607 186.295837402
0.999932349 0.002072905 -0.011424806 -0.160493851 -0.002084933 0.999997437 -0.001040708 -3.414325953 0.011422622 0.001064457 0.999934316 187.542068481
0.999930859 0.001495809 -0.011654393 -0.191883087 -0.001508550 0.999998152 -0.001084474 -3.444089413 0.011652755 0.001101982 0.999931514 188.794372559
0.999932647 0.001549339 -0.011489110 -0.209309578 -0.001550725 0.999998748 -0.000111591 -3.472254038 0.011488927 0.000129403 0.999934018 190.066635132
0.999932289 0.001043858 -0.011576749 -0.239494205 -0.001018199 0.999997020 0.002222277 -3.491745710 0.011579034 -0.002210334 0.999930620 191.294616699
0.999941826 0.000304138 -0.010756927 -0.263120651 -0.000269162 0.999994516 0.003252749 -3.523689747 0.010757859 -0.003249665 0.999936819 192.564727783
0.999954641 0.000471515 -0.009480808 -0.283000112 -0.000444230 0.999995530 0.002879733 -3.540491104 0.009482124 -0.002875391 0.999950945 193.783004761
0.999967396 -0.001015583 -0.007966791 -0.290818214 0.001025648 0.999998569 0.001259473 -3.571057081 0.007965499 -0.001267602 0.999967456 195.007812500
0.999974370 -0.000814807 -0.007092148 -0.302845001 0.000816513 0.999999523 0.000237855 -3.593151093 0.007091952 -0.000243640 0.999974787 196.269424438
0.999981046 -0.002567998 -0.005573465 -0.316531718 0.002565885 0.999996603 -0.000386124 -3.620016336 0.005574442 0.000371816 0.999984443 197.477798462
0.999988437 -0.001987734 -0.004352532 -0.339595437 0.001989610 0.999997854 0.000426901 -3.649205685 0.004351678 -0.000435556 0.999990523 198.703201294
0.999993742 -0.001899916 -0.002955373 -0.343829334 0.001905237 0.999996603 0.001799132 -3.674304008 0.002951949 -0.001804752 0.999993980 199.906433105
0.999997258 -0.001354021 -0.001852143 -0.355796278 0.001358451 0.999996126 0.002393355 -3.704501867 0.001848896 -0.002395865 0.999995410 201.115219116
0.999999106 -0.001191944 -0.000399004 -0.359463871 0.001192720 0.999997437 0.001954698 -3.726386786 0.000396674 -0.001955172 0.999997973 202.336654663
0.999998987 -0.000965471 0.000716284 -0.378601581 0.000963565 0.999995947 0.002653823 -3.751249790 -0.000718844 -0.002653126 0.999996066 203.500015259
0.999997795 -0.001109026 0.001750281 -0.382003188 0.001103846 0.999994874 0.002957357 -3.780067921 -0.001753550 -0.002955419 0.999994099 204.715347290
0.999996483 -0.000791095 0.002510808 -0.390191913 0.000783982 0.999995530 0.002832466 -3.801451683 -0.002513037 -0.002830489 0.999992847 205.863235474
0.999994636 -0.000676655 0.003263877 -0.397194266 0.000667473 0.999995351 0.002813359 -3.823184729 -0.003265765 -0.002811165 0.999990761 207.045822144
0.999990225 -0.001884803 0.003996460 -0.396023750 0.001873306 0.999993920 0.002877998 -3.858690739 -0.004001861 -0.002870483 0.999987900 208.199951172
0.999990940 -0.002042983 0.003736389 -0.397634566 0.002030721 0.999992430 0.003282370 -3.881517410 -0.003743066 -0.003274752 0.999987602 209.358978271
0.999989092 -0.002907301 0.003583614 -0.403523266 0.002890453 0.999984622 0.004697131 -3.899343491 -0.003597215 -0.004686722 0.999982536 210.508560181
0.999993086 -0.002364409 0.002800376 -0.405309618 0.002351898 0.999987304 0.004462220 -3.917747736 -0.002810893 -0.004455605 0.999986112 211.621917725
0.999994695 -0.002150973 0.002358362 -0.410724163 0.002142226 0.999990940 0.003703944 -3.945827246 -0.002366310 -0.003698873 0.999990344 212.728530884
0.999994576 -0.001993201 0.002481180 -0.412696183 0.001986589 0.999994636 0.002662940 -3.965996742 -0.002486479 -0.002657996 0.999993384 213.792221069
0.999995887 -0.002138054 0.001776520 -0.418700308 0.002133336 0.999994040 0.002653775 -3.990371704 -0.001782186 -0.002649974 0.999994934 214.856964111
0.999995589 -0.002925082 0.000314303 -0.419410348 0.002924174 0.999991536 0.002851940 -4.015666008 -0.000322643 -0.002851005 0.999996006 215.934967041
0.999994874 -0.002905678 -0.001379048 -0.423356533 0.002910408 0.999989808 0.003441322 -4.034811020 0.001369034 -0.003445317 0.999993205 216.976898193
0.999984205 -0.004348440 -0.003557797 -0.438877285 0.004365841 0.999978364 0.004898246 -4.058664799 0.003536421 -0.004913703 0.999981701 218.020141602
0.999975801 -0.004163816 -0.005531539 -0.453337908 0.004202710 0.999966443 0.007038572 -4.077219963 0.005502046 -0.007061654 0.999959826 219.044982910
0.999959946 -0.003935195 -0.008028999 -0.466482282 0.003992369 0.999966502 0.007117432 -4.096018314 0.008000724 -0.007149203 0.999942422 220.047439575
0.999938071 -0.003335151 -0.010611640 -0.483931303 0.003403882 0.999973118 0.006465428 -4.114548683 0.010589796 -0.006501151 0.999922752 221.036956787
0.999902725 -0.003389989 -0.013531814 -0.510476351 0.003478322 0.999972522 0.006509560 -4.130801201 0.013509380 -0.006555996 0.999887288 222.001754761
0.999863803 -0.003037426 -0.016228955 -0.537927389 0.003153623 0.999969125 0.007138812 -4.156095982 0.016206780 -0.007189020 0.999842823 222.938385010
0.999811351 -0.002827862 -0.019204972 -0.561803579 0.002965850 0.999969900 0.007160338 -4.177309990 0.019184154 -0.007215948 0.999789894 223.873825073
0.999746442 -0.002762462 -0.022330267 -0.585610390 0.002911673 0.999973536 0.006652265 -4.194578171 0.022311307 -0.006715600 0.999728560 224.765197754
0.999671459 -0.003048218 -0.025430283 -0.613361359 0.003205825 0.999975801 0.006159181 -4.212590694 0.025410902 -0.006238687 0.999657631 225.654708862
0.999582410 -0.001474800 -0.028834723 -0.640548706 0.001637320 0.999982536 0.005613477 -4.230648518 0.028825961 -0.005658351 0.999568462 226.497161865
0.999503374 -0.000880654 -0.031499851 -0.676683426 0.001022514 0.999989331 0.004487749 -4.257618427 0.031495564 -0.004517730 0.999493718 227.318923950
0.999419510 0.001236123 -0.034042452 -0.711365700 -0.001080980 0.999988973 0.004575395 -4.280315876 0.034047730 -0.004535941 0.999410033 228.140914917
0.999382496 0.001764894 -0.035088141 -0.756111622 -0.001600033 0.999987721 0.004726015 -4.289293766 0.035096046 -0.004666958 0.999373257 228.940628052
0.999397695 0.001621058 -0.034661416 -0.787939072 -0.001426116 0.999983191 0.005648224 -4.307991505 0.034669980 -0.005595394 0.999383450 229.730361938
0.999418318 0.001385584 -0.034066752 -0.814724922 -0.001144417 0.999974549 0.007097808 -4.312553406 0.034075685 -0.007054699 0.999394715 230.474533081
0.999430537 0.001411616 -0.033712849 -0.841544628 -0.001184299 0.999976397 0.006761787 -4.332022667 0.033721603 -0.006718011 0.999408662 231.210571289
0.999446034 0.001777172 -0.033231307 -0.875504017 -0.001612949 0.999986291 0.004967987 -4.339999199 0.033239681 -0.004911635 0.999435306 231.951339722
0.999476254 0.002155413 -0.032286484 -0.893941879 -0.002071509 0.999994278 0.002631993 -4.357808113 0.032291975 -0.002563732 0.999475181 232.662048340
0.999513865 0.001705133 -0.031124989 -0.927232742 -0.001666386 0.999997973 0.001270898 -4.378525734 0.031127080 -0.001218411 0.999514699 233.417770386
0.999553978 0.002222128 -0.029778272 -0.952584267 -0.002197145 0.999997020 0.000871715 -4.388098717 0.029780123 -0.000805898 0.999556184 234.126571655
0.999602139 0.001644323 -0.028155372 -0.977000237 -0.001628626 0.999998391 0.000580538 -4.405779362 0.028156282 -0.000534452 0.999603391 234.851043701
0.999657333 0.001258814 -0.026152024 -1.006707668 -0.001242165 0.999998629 0.000653055 -4.420433998 0.026152823 -0.000620343 0.999658048 235.581176758
0.999701917 0.001280790 -0.024379589 -1.024765015 -0.001264582 0.999998868 0.000680279 -4.435167313 0.024380434 -0.000649246 0.999702632 236.286010742
0.999751925 0.001081545 -0.022244213 -1.049042702 -0.001073370 0.999999225 0.000379524 -4.452160835 0.022244604 -0.000355554 0.999752581 237.003921509
0.999807715 0.000906275 -0.019582488 -1.067894220 -0.000895903 0.999999225 0.000538417 -4.459888935 0.019582961 -0.000520771 0.999808133 237.698318481
0.999864399 0.000099855 -0.016451238 -1.077885628 -0.000082625 0.999999225 0.001048063 -4.479728699 0.016451329 -0.001046563 0.999864161 238.401809692
0.999911070 -0.001015231 -0.013260222 -1.086652517 0.001037594 0.999997795 0.001679597 -4.499087334 0.013258479 -0.001693209 0.999910593 239.113739014
0.999949872 -0.000666710 -0.009988211 -1.089755893 0.000685794 0.999997914 0.001907333 -4.515194893 0.009986923 -0.001914086 0.999948323 239.792266846
0.999976337 -0.001026993 -0.006804863 -1.105006695 0.001038451 0.999998093 0.001680570 -4.531631470 0.006803128 -0.001687596 0.999975383 240.492950439
0.999989271 -0.001708465 -0.004334995 -1.111383319 0.001713790 0.999997735 0.001225200 -4.542352676 0.004332900 -0.001232612 0.999989808 241.169296265
0.999998569 -0.000635976 -0.001440713 -1.115735769 0.000636621 0.999999583 0.000448556 -4.556997776 0.001440430 -0.000449473 0.999998868 241.857910156
0.999998808 -0.000570631 0.001249988 -1.119683981 0.000570680 0.999999404 -0.000041715 -4.571271420 -0.001249964 0.000042427 0.999999344 242.576354980
0.999991894 -0.001128128 0.003854040 -1.121261120 0.001126033 0.999999046 0.000545365 -4.583563805 -0.003854650 -0.000541022 0.999992430 243.270126343
0.999977708 -0.001119978 0.006573193 -1.130086422 0.001113447 0.999998748 0.000997205 -4.591827393 -0.006574302 -0.000989865 0.999977887 243.979278564
0.999963164 -0.001122882 0.008509449 -1.121626616 0.001114299 0.999998748 0.001013328 -4.614894867 -0.008510578 -0.001003810 0.999963284 244.680267334
0.999936163 -0.001028144 0.011258820 -1.111427546 0.001033243 0.999999166 -0.000446972 -4.627309799 -0.011258363 0.000458573 0.999936521 245.397583008
0.999916494 -0.000367312 0.012916441 -1.109739304 0.000409538 0.999994516 -0.003266625 -4.648581028 -0.012915172 0.003271642 0.999911189 246.106765747
0.999900818 -0.001234178 0.014027756 -1.102554560 0.001297299 0.999988973 -0.004491508 -4.656816959 -0.014022060 0.004509260 0.999891400 246.823364258
0.999894857 -0.001644165 0.014397911 -1.095477581 0.001716201 0.999985695 -0.004992321 -4.666162491 -0.014389489 0.005016508 0.999883592 247.535308838
0.999903262 -0.001903136 0.013763045 -1.085569143 0.001975110 0.999984264 -0.005217823 -4.688944817 -0.013752900 0.005244505 0.999891579 248.261245728
0.999892950 -0.001395455 0.014548987 -1.081542253 0.001476807 0.999982893 -0.005582277 -4.702966690 -0.014540963 0.005603173 0.999878407 248.998840332
0.999885440 -0.000671487 0.015109078 -1.076174259 0.000761398 0.999981940 -0.005945962 -4.715598583 -0.015104811 0.005956789 0.999868155 249.730834961
0.999886394 -0.000887260 0.015025507 -1.065706491 0.001007988 0.999967158 -0.008029439 -4.738694668 -0.015017879 0.008043675 0.999854982 250.483825684
0.999867857 -0.005272109 0.015370784 -1.049601793 0.005431379 0.999931872 -0.010338793 -4.762677193 -0.015315233 0.010420907 0.999828398 251.245117188
0.999849200 -0.007452512 0.015698818 -1.035061598 0.007629270 0.999907732 -0.011229829 -4.780251026 -0.015613687 0.011347906 0.999813735 252.002960205
0.999845982 -0.006836085 0.016162388 -1.031467438 0.006961673 0.999945819 -0.007727030 -4.791567802 -0.016108686 0.007838357 0.999839604 252.790908813
0.999852836 -0.001903452 0.017053284 -1.031794071 0.001928945 0.999997079 -0.001478635 -4.801584244 -0.017050410 0.001511305 0.999853611 253.562591553
0.999837637 -0.002658759 0.017822478 -1.022082806 0.002603184 0.999991536 0.003140683 -4.836375237 -0.017830679 -0.003093781 0.999836266 254.353897095
0.999795973 -0.004627501 0.019662334 -0.984769821 0.004603942 0.999988437 0.001243283 -4.837032795 -0.019667860 -0.001152509 0.999805987 255.158508301
0.999717534 -0.002731522 0.023605792 -0.990118980 0.002869158 0.999978781 -0.005798654 -4.862995625 -0.023589451 0.005864742 0.999704659 255.941284180
0.999594927 -0.000817871 0.028442940 -0.986953735 0.001109219 0.999946535 -0.010228843 -4.857793808 -0.028433047 0.010256250 0.999543309 256.763885498
0.999508798 0.000859158 0.031323183 -0.956048012 -0.000546639 0.999949872 -0.009984454 -4.893475533 -0.031330194 0.009962431 0.999459445 257.568939209
0.999406099 -0.000383630 0.034453191 -0.938809395 0.000636227 0.999972880 -0.007320938 -4.912639618 -0.034449458 0.007338513 0.999379575 258.395416260
0.999296129 -0.004339574 0.037259810 -0.906186104 0.004491944 0.999981761 -0.004006675 -4.926397324 -0.037241746 0.004171228 0.999297619 259.257049561
0.999175012 -0.006890411 0.040025145 -0.861553192 0.006986201 0.999972641 -0.002253906 -4.948808670 -0.040008523 0.002531675 0.999196112 260.065307617
0.999021769 -0.007516695 0.043577056 -0.828142166 0.007592961 0.999969780 -0.001584859 -4.962750435 -0.043563832 0.001914188 0.999048769 260.905334473
0.998933673 -0.004663658 0.045932010 -0.800153732 0.004836644 0.999981463 -0.003655680 -4.982873440 -0.045914125 0.003873939 0.998937786 261.739929199
0.998826921 -0.003893179 0.048265107 -0.758657455 0.004186587 0.999973238 -0.005979465 -5.001478195 -0.048240550 0.006174519 0.998816669 262.568359375
0.998699725 -0.003734654 0.050839540 -0.733794212 0.004060016 0.999971688 -0.006297909 -5.021579266 -0.050814603 0.006496132 0.998686910 263.433959961
0.998557448 -0.003077699 0.053602070 -0.692622185 0.003305237 0.999985874 -0.004156824 -5.042221546 -0.053588517 0.004327997 0.998553693 264.254394531
0.998373210 -0.002508757 0.056959223 -0.652278900 0.002630431 0.999994457 -0.002061300 -5.055928230 -0.056953732 0.002207777 0.998374343 265.127166748
0.998218715 -0.001169290 0.059648428 -0.602271080 0.001299492 0.999996960 -0.002144091 -5.083241940 -0.059645742 0.002217786 0.998216987 265.945037842
0.998084128 -0.000829406 0.061868947 -0.546543121 0.001025376 0.999994814 -0.003135846 -5.104544163 -0.061866052 0.003193279 0.998078942 266.804809570
0.997911990 -0.002298618 0.064545922 -0.491804123 0.002501994 0.999992013 -0.003070264 -5.123216629 -0.064538345 0.003225346 0.997909904 267.672271729
0.997786403 -0.004882494 0.066318512 -0.438766479 0.005068362 0.999983490 -0.002634722 -5.140690327 -0.066304572 0.002965015 0.997794926 268.500793457
0.997706354 -0.006952993 0.067329004 -0.386747360 0.007116159 0.999972045 -0.002183914 -5.161448956 -0.067311965 0.002658027 0.997728407 269.365173340
0.997681260 -0.007009662 0.067694180 -0.323614120 0.007197170 0.999970734 -0.002526469 -5.180199623 -0.067674510 0.003007814 0.997702956 270.198059082
0.997644246 -0.007721016 0.068156749 -0.278911591 0.007920091 0.999964893 -0.002651235 -5.205777168 -0.068133898 0.003184790 0.997671008 271.052825928
0.997658968 -0.008338022 0.067873746 -0.222490311 0.008547922 0.999959409 -0.002802727 -5.223353863 -0.067847647 0.003376346 0.997689903 271.934509277
0.997694135 -0.007840445 0.067413576 -0.171319962 0.007996843 0.999965906 -0.002050511 -5.244837761 -0.067395233 0.002584879 0.997722924 272.775543213
0.997769177 -0.007949747 0.066279352 -0.118345261 0.008149236 0.999963045 -0.002740101 -5.267660618 -0.066255137 0.003274115 0.997797251 273.645202637
0.997890949 -0.007270406 0.064496376 -0.073764801 0.007499154 0.999966621 -0.003305499 -5.281461716 -0.064470232 0.003782197 0.997912228 274.480590820
0.998010874 -0.006526791 0.062700883 -0.030725479 0.006814768 0.999967158 -0.004380106 -5.303227425 -0.062670231 0.004798687 0.998022795 275.342864990
0.998092890 -0.005129030 0.061511792 0.019140244 0.005377154 0.999978065 -0.003868900 -5.332984924 -0.061490543 0.004192283 0.998098671 276.204223633
0.998198092 -0.004175830 0.059857145 0.057004929 0.004444285 0.999980628 -0.004352516 -5.349372864 -0.059837837 0.004610696 0.998197496 277.042114258
0.998328567 -0.004304985 0.057628941 0.101202011 0.004551350 0.999981046 -0.004144466 -5.364354134 -0.057610035 0.004399829 0.998329520 277.900573730
0.998481989 -0.004134035 0.054913968 0.139728546 0.004289113 0.999987423 -0.002706413 -5.384263515 -0.054902107 0.002937838 0.998487532 278.739440918
0.998692214 -0.005387277 0.050838254 0.184117317 0.005396150 0.999985337 -0.000037281 -5.400018692 -0.050837331 0.000311562 0.998706818 279.573364258
0.998922050 -0.006973573 0.045889530 0.215108871 0.006900147 0.999974549 0.001758303 -5.424517155 -0.045900658 -0.001439765 0.998944938 280.436401367
0.999124110 -0.007045212 0.041242283 0.243801117 0.006931633 0.999971688 0.002896314 -5.445951939 -0.041261546 -0.002607905 0.999144971 281.249664307
0.999305189 -0.007938460 0.036407202 0.257047653 0.007816181 0.999963164 0.003499777 -5.465868473 -0.036433704 -0.003212788 0.999330759 282.086944580
0.999455750 -0.008411847 0.031893626 0.278295517 0.008287739 0.999957561 0.004021454 -5.476407528 -0.031926107 -0.003754939 0.999483168 282.897430420
0.999595225 -0.009107720 0.026947103 0.297119141 0.009001029 0.999951124 0.004077888 -5.494456291 -0.026982961 -0.003833685 0.999628663 283.695678711
0.999701321 -0.009356911 0.022569517 0.306663036 0.009271619 0.999949515 0.003880764 -5.507342339 -0.022604693 -0.003670352 0.999737680 284.491729736
0.999778092 -0.009183838 0.018960429 0.320024967 0.009116348 0.999951661 0.003642795 -5.526060104 -0.018992983 -0.003469138 0.999813437 285.251861572
0.999847531 -0.008688087 0.015127279 0.322135448 0.008632164 0.999955416 0.003758248 -5.545482635 -0.015159258 -0.003627094 0.999878526 286.009216309
