1.000000000 0.000000000 0.000000000 0.000000000 0.000000000 0.999999881 0.000000000 0.000000000 0.000000000 0.000000000 0.999999881 0.000000000
0.999979019 0.000428778 -0.006460421 -0.005270754 -0.000427480 0.999999762 0.000202245 0.001903406 0.006460505 -0.000199479 0.999979019 0.095435657
0.999912083 0.000456658 -0.013253300 -0.013146668 -0.000452756 0.999999762 0.000297408 -0.001943066 0.013253433 -0.000291382 0.999912024 0.193549469
0.999780893 0.000429210 -0.020927876 -0.020524118 -0.000432906 0.999999762 -0.000172100 -0.001919616 0.020927798 0.000181122 0.999780834 0.290118635
0.999548197 0.000744415 -0.030047890 -0.038165551 -0.000760023 0.999999464 -0.000508039 -0.004803110 0.030047495 0.000530646 0.999548197 0.399345130
0.999143481 0.000626063 -0.041374937 -0.055191297 -0.000731118 0.999996424 -0.002524015 -0.007809270 0.041373208 0.002552103 0.999140382 0.506153047
0.998489916 0.000674094 -0.054931257 -0.075881884 -0.000898936 0.999991179 -0.004068546 -0.001966977 0.054928031 0.004111782 0.998481750 0.640417218
0.997462869 0.000650530 -0.071185425 -0.104861543 -0.000937443 0.999991477 -0.003997169 -0.003062950 0.071182214 0.004053760 0.997455001 0.773243964
0.995977640 0.000128335 -0.089602046 -0.128692031 -0.000504330 0.999991059 -0.004173653 -0.005853470 0.089600712 0.004202053 0.995968759 0.927120566
0.993964612 -0.000224245 -0.109700784 -0.163575083 -0.000222928 0.999991596 -0.004064023 -0.014360189 0.109700769 0.004063950 0.993956208 1.088491201
0.991257489 -0.000063690 -0.131941468 -0.215080217 -0.000483245 0.999991298 -0.004113264 -0.019580109 0.131940573 0.004141064 0.991248846 1.247631550
0.987772822 0.003790675 -0.155853987 -0.270017982 -0.004682889 0.999974549 -0.005357908 -0.029845640 0.155829713 0.006022241 0.987765431 1.426896811
0.983410478 0.007717816 -0.181229755 -0.337300688 -0.009163396 0.999932408 -0.007140578 -0.031655110 0.181162402 0.008682800 0.983414769 1.612037063
0.977973282 0.010249889 -0.208478287 -0.403248489 -0.012183579 0.999893725 -0.007993233 -0.035187028 0.208374187 0.010357181 0.977994204 1.783048153
0.971315801 0.011680423 -0.237506062 -0.493084133 -0.014163272 0.999861360 -0.008750135 -0.044943243 0.237370893 0.011863008 0.971346557 1.978301287
0.963191092 0.013509045 -0.268477976 -0.555126071 -0.016368883 0.999830544 -0.008416359 -0.052453399 0.268318802 0.012501245 0.963248909 2.148225307
0.953901529 0.016296005 -0.299676806 -0.677811980 -0.019303368 0.999788582 -0.007077478 -0.049392328 0.299498081 0.012535989 0.954014361 2.360949993
0.942549944 0.018066160 -0.333576500 -0.782354593 -0.021270521 0.999755859 -0.005955983 -0.061019465 0.333387494 0.012709156 0.942704082 2.550457478
0.929744244 0.020131433 -0.367655367 -0.867904067 -0.023896566 0.999698043 -0.005691026 -0.061437260 0.367429763 0.014076898 0.929944575 2.717691422
0.916153014 0.022999985 -0.400168300 -1.030412555 -0.027184114 0.999618709 -0.004781961 -0.060378186 0.399905860 0.015259225 0.916428983 2.930293798
0.900252283 0.023596922 -0.434728771 -1.163996935 -0.028227633 0.999592483 -0.004197284 -0.057730034 0.434452623 0.016049974 0.900551558 3.124547482
0.881773233 0.019894307 -0.471253961 -1.273252368 -0.025167193 0.999671102 -0.004889059 -0.056047000 0.471001804 0.016171176 0.881983936 3.294219971
0.860746384 0.014912319 -0.508815348 -1.456169844 -0.020531233 0.999774277 -0.005430717 -0.070977509 0.508619666 0.015121072 0.860858321 3.504205465
0.836061299 0.018283855 -0.548330665 -1.595073223 -0.022458687 0.999747038 -0.000907497 -0.071809992 0.548175812 0.013073509 0.836260676 3.669014931
0.807634830 0.024023185 -0.589193344 -1.813939214 -0.027418967 0.999618948 0.003173013 -0.062535442 0.589045048 0.013592435 0.807985723 3.875768900
0.775457859 0.026531566 -0.630841732 -2.027385712 -0.030011104 0.999536157 0.005146961 -0.071002677 0.630685627 0.014941005 0.775894463 4.038768768
0.739800572 0.026523162 -0.672303379 -2.196100235 -0.030213887 0.999524176 0.006185153 -0.058839053 0.672147453 0.015737111 0.740249872 4.164870262
0.700703204 0.023022680 -0.713081360 -2.468966961 -0.025230348 0.999653518 0.007482626 -0.073976532 0.713006675 0.012748185 0.701041222 4.361546516
0.658431828 0.019680412 -0.752382815 -2.696452618 -0.020565128 0.999754965 0.008153901 -0.081581540 0.752359569 0.010104049 0.658675134 4.496362209
0.614021003 0.019883709 -0.789039195 -2.916554928 -0.018718518 0.999768257 0.010627531 -0.080357626 0.789067507 0.008244110 0.614251018 4.625028610
0.566605866 0.020012913 -0.823745906 -3.242973804 -0.016101236 0.999782979 0.013214655 -0.073275611 0.823831499 0.005775818 0.566805124 4.790792465
0.515797019 0.021185761 -0.856448889 -3.541653156 -0.014836778 0.999764919 0.015795492 -0.079561792 0.856582165 0.004559665 0.515990138 4.905687332
0.463498622 0.022800440 -0.885804355 -3.820031643 -0.014120993 0.999731839 0.018344097 -0.070352904 0.885984838 0.004005962 0.463696450 4.978967190
0.409306616 0.024680382 -0.912062883 -4.221075535 -0.013013670 0.999690175 0.021211416 -0.067468405 0.912303925 0.003187312 0.409500986 5.110803604
0.354220241 0.027409127 -0.934760034 -4.501392365 -0.012593203 0.999619544 0.024538832 -0.062128365 0.935077071 0.003079474 0.354430646 5.151768684
0.299331307 0.030046873 -0.953675866 -4.922100544 -0.010355296 0.999547362 0.028241884 -0.053546354 0.954092979 0.001421919 0.299506932 5.252294064
0.245972827 0.031516179 -0.968763947 -5.286774635 -0.005980841 0.999501467 0.030997574 -0.054402158 0.969258189 -0.001830537 0.246038571 5.301328182
0.195083186 0.032894183 -0.980234206 -5.628448486 -0.003485877 0.999454260 0.032845378 -0.055107698 0.980780423 -0.002990600 0.195090994 5.317179680
0.147622049 0.033628434 -0.988471866 -6.080353260 -0.004889722 0.999434292 0.033271130 -0.045446336 0.989031672 -0.000078197 0.147702903 5.329615116
0.104917616 0.033541963 -0.993914902 -6.486398697 -0.007329707 0.999429822 0.032954350 -0.024194315 0.994453788 0.003827619 0.105103552 5.347610474
0.066873491 0.032613814 -0.997228146 -6.964726925 -0.008286253 0.999448955 0.032130789 -0.011758089 0.997726977 0.006114591 0.067106783 5.332242489
0.032050520 0.030734500 -0.999013424 -7.431051731 -0.007091256 0.999508679 0.030522235 -0.006108746 0.999461055 0.006106011 0.032252580 5.308924675
0.000954807 0.027666749 -0.999616623 -7.867129326 -0.007139232 0.999591649 0.027659249 -0.008224502 0.999973774 0.007110090 0.001151800 5.304691315
-0.026300430 0.025899149 -0.999318421 -8.382790565 -0.007488905 0.999630928 0.026104355 0.003164932 0.999625802 0.008170362 -0.026096895 5.259251118
-0.047901936 0.022994399 -0.998587251 -8.886949539 -0.007858385 0.999694705 0.023396896 0.010122642 0.998820662 0.008968048 -0.047706831 5.256424427
-0.064217180 0.021997143 -0.997693419 -9.417229652 -0.008550486 0.999708116 0.022591919 0.029119343 0.997899234 0.009981555 -0.064010337 5.200621605
-0.077262275 0.022162354 -0.996764481 -9.963393211 -0.007676088 0.999709964 0.022822846 0.032650575 0.996981204 0.009414598 -0.077069730 5.138969421
-0.087013140 0.023074685 -0.995939970 -10.532800674 -0.008150320 0.999681592 0.023873454 0.034358546 0.996173620 0.010194534 -0.086797357 5.082403183
-0.093955442 0.024873080 -0.995265901 -11.090342522 -0.008896779 0.999626994 0.025821948 0.040922791 0.995536268 0.011280774 -0.093699053 5.015365601
-0.098068401 0.025641399 -0.994849324 -11.667585373 -0.008988576 0.999604464 0.026650015 0.050952867 0.995138943 0.011555802 -0.097799130 4.946042538
-0.099648945 0.026880972 -0.994659543 -12.280678749 -0.007172507 0.999589801 0.027732776 0.059377968 0.994996667 0.009897742 -0.099415235 4.884646893
-0.098799735 0.028553497 -0.994697571 -12.905921936 -0.006032435 0.999552786 0.029292045 0.070560247 0.995088875 0.008894492 -0.098583288 4.826048851
-0.097376220 0.030622091 -0.994776487 -13.539384842 -0.005416910 0.999495566 0.031297602 0.085862547 0.995232701 0.008436254 -0.097161226 4.765664101
-0.095546104 0.031294134 -0.994932830 -14.198209763 -0.005012578 0.999478400 0.031918451 0.091714382 0.995411932 0.008036862 -0.095339380 4.687462330
-0.093762279 0.029546255 -0.995156050 -14.860208511 -0.007424140 0.999510884 0.030375049 0.095807195 0.995566845 0.010236213 -0.093497053 4.617008686
-0.092388742 0.029065141 -0.995298743 -15.547142029 -0.008171853 0.999517858 0.029946916 0.113907307 0.995689273 0.010900191 -0.092106707 4.552089214
-0.090710849 0.031165149 -0.995389462 -16.237417221 -0.008489061 0.999449611 0.032065894 0.131292880 0.995840907 0.011358646 -0.090396352 4.481602669
-0.090286463 0.033908743 -0.995338559 -16.961164474 -0.012000020 0.999310553 0.035132594 0.149788380 0.995843351 0.015116070 -0.089817300 4.432520866
-0.088311113 0.035759613 -0.995450974 -17.691019058 -0.011420529 0.999253333 0.036909375 0.164833039 0.996027470 0.014628081 -0.087836772 4.358832836
-0.085348725 0.036531664 -0.995681226 -18.434547424 -0.012386159 0.999211371 0.037722915 0.171060741 0.996273994 0.015552270 -0.084828943 4.279428005
-0.083565138 0.034002122 -0.995922029 -19.192266464 -0.015634861 0.999249816 0.035427596 0.184542686 0.996379554 0.018531617 -0.082970850 4.207345963
-0.082122192 0.033135194 -0.996071339 -19.950897217 -0.016960746 0.999255776 0.034639455 0.203786165 0.996477902 0.019738777 -0.081499100 4.139074326
-0.080494463 0.035134129 -0.996135712 -20.748527527 -0.013633049 0.999246180 0.036345460 0.222652018 0.996661842 0.016505970 -0.079954810 4.079379082
-0.080249548 0.035749767 -0.996133447 -21.549945831 -0.013404272 0.999227345 0.036940631 0.250913441 0.996684551 0.016316906 -0.079708330 4.015727520
-0.079150565 0.037042376 -0.996174157 -22.363883972 -0.012893212 0.999187589 0.038178865 0.271908641 0.996779144 0.015865766 -0.078608677 3.948949337
-0.078611918 0.034561805 -0.996305943 -23.135896683 -0.010477480 0.999314964 0.035492923 0.270819783 0.996849656 0.013228946 -0.078195982 3.883824825
-0.078442551 0.027956327 -0.996526420 -23.945491791 -0.011042536 0.999520898 0.028909557 0.285866886 0.996857285 0.013271920 -0.078096263 3.816274166
-0.078744657 0.023915235 -0.996607900 -24.758300781 -0.008987254 0.999654472 0.024698447 0.290621877 0.996854126 0.010901645 -0.078502513 3.759109020
-0.078921489 0.024350245 -0.996583223 -25.589570999 -0.009433582 0.999638498 0.025171958 0.303757042 0.996835947 0.011387962 -0.078663252 3.683341503
-0.077634640 0.030964235 -0.996500611 -26.443134308 -0.004932573 0.999493122 0.031441506 0.315657318 0.996969283 0.007356263 -0.077442594 3.598255396
-0.076188974 0.038209230 -0.996360958 -27.281129837 -0.005028937 0.999237895 0.038704097 0.331328690 0.997080445 0.007959462 -0.075938761 3.516098261
-0.076550893 0.043447737 -0.996118605 -28.135700226 -0.005680812 0.999014676 0.044010613 0.352564871 0.997049332 0.009027813 -0.076228641 3.442300320
-0.077253379 0.045500908 -0.995972693 -28.955461502 -0.007291475 0.998905420 0.046200451 0.353659332 0.996984422 0.010831250 -0.076837048 3.369489670
-0.077481270 0.042581972 -0.996084034 -29.786628723 -0.007496791 0.999034286 0.043291241 0.371482432 0.996965528 0.010821695 -0.077087224 3.299205303
-0.078051545 0.040063612 -0.996143937 -30.615579605 -0.008510069 0.999128938 0.040850468 0.379286826 0.996912837 0.011665696 -0.077642612 3.222885609
-0.078184985 0.038722146 -0.996186316 -31.474346161 -0.010069360 0.999163628 0.039628163 0.423811078 0.996887743 0.013129284 -0.077729672 3.146614790
-0.078061588 0.041764319 -0.996073306 -32.325942993 -0.010392561 0.999033451 0.042702906 0.440787494 0.996894300 0.013685210 -0.077552125 3.073112488
-0.077866606 0.039858252 -0.996166646 -33.144626617 -0.011410241 0.999099076 0.040867493 0.457994819 0.996898472 0.014548718 -0.077341698 3.002012253
-0.078487419 0.035332829 -0.996288657 -33.965522766 -0.012651649 0.999255419 0.036434770 0.457397282 0.996834815 0.015464370 -0.077982038 2.932221651
-0.078769617 0.031797845 -0.996385574 -34.790607452 -0.015215999 0.999336243 0.033094916 0.460014343 0.996776521 0.017767873 -0.078233518 2.851318836
-0.078104764 0.031851925 -0.996436238 -35.617832184 -0.014097061 0.999354184 0.033050183 0.479772925 0.996845365 0.016628193 -0.077605307 2.780050278
-0.077342868 0.034267478 -0.996415615 -36.473461151 -0.011954868 0.999305308 0.035294808 0.485049725 0.996932864 0.014641814 -0.076879494 2.708525658
-0.076558530 0.038810637 -0.996309698 -37.314132690 -0.012114717 0.999131978 0.039851509 0.512375593 0.996991515 0.015120970 -0.076021865 2.645182371
-0.076119833 0.043791339 -0.996136665 -38.164787292 -0.009893847 0.998952568 0.044671170 0.535842061 0.997049332 0.013255986 -0.075606838 2.578639507
-0.076152608 0.046566933 -0.996008217 -39.016002655 -0.011711465 0.998797894 0.047592785 0.558853388 0.997027099 0.015289030 -0.075515710 2.505658627
-0.075793535 0.046642751 -0.996032059 -39.838356018 -0.010402524 0.998813629 0.047564596 0.578107595 0.997069001 0.013966334 -0.075218409 2.443107367
-0.075646922 0.042635508 -0.996222854 -40.655708313 -0.011519477 0.998981118 0.043628279 0.597862005 0.997067809 0.014776305 -0.075078711 2.370921135
-0.075167172 0.039259512 -0.996397913 -41.484218597 -0.012175672 0.999113739 0.040285047 0.606100082 0.997096181 0.015159923 -0.074622549 2.302428246
-0.074940518 0.035563778 -0.996553600 -42.303913116 -0.015973639 0.999192297 0.036859166 0.624205947 0.997059643 0.018680824 -0.074311920 2.233251333
-0.075436361 0.034642074 -0.996548772 -43.114631653 -0.018973678 0.999164760 0.036169302 0.641285419 0.996969402 0.021636663 -0.074716099 2.161581516
-0.076423503 0.033026751 -0.996528208 -43.941703796 -0.017120387 0.999260366 0.034430243 0.657850146 0.996928215 0.019692233 -0.075801551 2.087291718
-0.077301957 0.029536646 -0.996570051 -44.752830505 -0.014537624 0.999421179 0.030748807 0.660590529 0.996901453 0.016864710 -0.076827824 2.025044680
-0.078044251 0.028953537 -0.996529341 -45.597522736 -0.010679191 0.999496460 0.029876092 0.663475513 0.996892393 0.012973792 -0.077695757 1.961719751
-0.079653002 0.031475738 -0.996325612 -46.407897949 -0.008960928 0.999438345 0.032290470 0.676298559 0.996782064 0.011500045 -0.079326205 1.888351202
-0.081797801 0.036608055 -0.995976388 -47.231616974 -0.006455472 0.999284685 0.037259839 0.698240399 0.996627748 0.009477278 -0.081502974 1.821316719
-0.083538234 0.040758155 -0.995670736 -48.039077759 -0.005214487 0.999131501 0.041337341 0.711916924 0.996490538 0.008645169 -0.083253145 1.743438244
-0.084879927 0.040542379 -0.995566010 -48.843395233 -0.004712962 0.999144256 0.041089922 0.718564868 0.996379673 0.008179781 -0.084616207 1.679883003
-0.085636698 0.036089271 -0.995672464 -49.649364471 -0.007605723 0.999290884 0.036874570 0.724848032 0.996297061 0.010730642 -0.085301466 1.608709812
-0.086917251 0.033027090 -0.995667756 -50.455501556 -0.012901650 0.999329150 0.034274768 0.735923231 0.996131957 0.015824828 -0.086432792 1.517521858
-0.088458650 0.031288840 -0.995588243 -51.225151062 -0.017683772 0.999299705 0.032976676 0.749108553 0.995922744 0.020522835 -0.087843366 1.435760498
-0.089333236 0.031890936 -0.995490968 -52.037403107 -0.022364991 0.999170840 0.034015793 0.768485606 0.995750606 0.025302894 -0.088545926 1.354848862
-0.090411812 0.033254430 -0.995348990 -52.811828613 -0.022896085 0.999108553 0.035459772 0.778699756 0.995641232 0.025995584 -0.089569829 1.276623726
-0.091094539 0.033108827 -0.995291352 -53.620559692 -0.018950449 0.999208331 0.034973536 0.774457574 0.995661855 0.022047149 -0.090395018 1.191759586
-0.091700748 0.033199176 -0.995233119 -54.399662018 -0.019080294 0.999201894 0.035089627 0.781051159 0.995603681 0.022207087 -0.090994127 1.113235950
-0.092129305 0.034768417 -0.995139897 -55.165660858 -0.018735467 0.999152899 0.036643144 0.797813416 0.995570719 0.022020329 -0.091399804 1.044357777
-0.092448108 0.037105255 -0.995025814 -55.938377380 -0.018383678 0.999071479 0.038964145 0.806325078 0.995547771 0.021894399 -0.091680117 0.974259853
-0.092464633 0.041303005 -0.994859040 -56.698444366 -0.018510381 0.998895228 0.043190986 0.828410268 0.995543897 0.022408862 -0.091597952 0.897459984
-0.092917055 0.043871552 -0.994706810 -57.489028931 -0.018257095 0.998785794 0.045756906 0.839385271 0.995506525 0.022412060 -0.092003226 0.811825275
-0.093729645 0.044367936 -0.994608521 -58.240974426 -0.017380591 0.998781443 0.046191972 0.850141168 0.995445788 0.021616444 -0.092844248 0.736241341
-0.093942948 0.042493761 -0.994670212 -58.981903076 -0.016995473 0.998874724 0.044278543 0.863757610 0.995432258 0.021064550 -0.093115002 0.665828705
-0.094042473 0.038931116 -0.994806826 -59.725204468 -0.017204169 0.999022603 0.040722467 0.878459215 0.995419025 0.020944474 -0.093280725 0.585029602
-0.093715228 0.035418097 -0.994968891 -60.442375183 -0.018485481 0.999132931 0.037307449 0.889250159 0.995427370 0.021888750 -0.092979252 0.514192581
-0.092544459 0.033571530 -0.995142460 -61.163322449 -0.018173320 0.999208093 0.035398725 0.895292997 0.995542645 0.021360986 -0.091861062 0.437396526
-0.090084709 0.032976311 -0.995388031 -61.859054565 -0.018678570 0.999220192 0.034793686 0.901892304 0.995758891 0.021726800 -0.089398481 0.369321346
-0.086098917 0.033698834 -0.995716631 -62.528106689 -0.019791981 0.999172747 0.035527192 0.914346933 0.996089995 0.022766044 -0.085360713 0.305654526
-0.080394104 0.034575552 -0.996163309 -63.190017700 -0.020716576 0.999124587 0.036350220 0.926990867 0.996547878 0.023559431 -0.079607412 0.255161762
-0.073543012 0.035953112 -0.996643782 -63.828277588 -0.021455569 0.999061823 0.037623547 0.936157584 0.997061193 0.024150508 -0.072702602 0.197398186
-0.064323545 0.038300902 -0.997193635 -64.470535278 -0.021080313 0.998988330 0.039729584 0.938393474 0.997706473 0.023576705 -0.063451044 0.163628101
-0.052546449 0.040047437 -0.997815013 -65.093856812 -0.022954818 0.998882949 0.041299123 0.943268657 0.998354733 0.025074778 -0.051568434 0.127273083
-0.037873432 0.041404199 -0.998424292 -65.678581238 -0.025036655 0.998788059 0.042369001 0.955268383 0.998969018 0.026601860 -0.036790881 0.104309797
-0.019256886 0.042683691 -0.998902917 -66.278617859 -0.026683111 0.998710215 0.043189853 0.964753270 0.999458611 0.027485538 -0.018093072 0.094950318
0.002464861 0.043465521 -0.999051750 -66.830276489 -0.027966984 0.998666942 0.043379787 0.973642111 0.999605834 0.027833531 0.003677227 0.103887454
0.028441168 0.043889854 -0.998631358 -67.382202148 -0.028935909 0.998652995 0.043066707 0.988189459 0.999176562 0.027671428 0.029672913 0.135411620
0.057521053 0.043639492 -0.997389972 -67.894638062 -0.028768059 0.998701751 0.042037781 0.991373420 0.997929692 0.026274905 0.058701865 0.180434227
0.092055269 0.043789923 -0.994790614 -68.393775940 -0.024267256 0.998834431 0.041722309 0.991653204 0.995458066 0.020300066 0.093010701 0.226314068
0.129370287 0.043990280 -0.990620136 -68.864387512 -0.025139211 0.998839855 0.041072227 1.005904794 0.991277575 0.019589871 0.130326107 0.315351486
0.169236287 0.043775618 -0.984602928 -69.310699463 -0.026242236 0.998859048 0.039898857 1.005369067 0.985225976 0.019085834 0.170191973 0.441309929
0.214762032 0.044712093 -0.975642383 -69.764007568 -0.023550319 0.998898149 0.040593870 1.013525724 0.976382315 0.014258657 0.215578377 0.542137146
0.261188686 0.043182313 -0.964321375 -70.177856445 -0.021443050 0.999011934 0.038927849 1.026940823 0.965049565 0.010510466 0.261856586 0.736902237
0.311839610 0.038382035 -0.949359119 -70.593055725 -0.013330846 0.999262273 0.036020745 1.017439365 0.950041175 0.001423059 0.312121123 0.882431030
0.361705124 0.033347461 -0.931695938 -70.985267639 -0.008240758 0.999435246 0.032572757 1.013237834 0.932256162 -0.004103853 0.361775577 1.123603821
0.414337665 0.028945018 -0.909662724 -71.372795105 -0.002923500 0.999531090 0.030472975 1.008407712 0.910118639 -0.009966705 0.414227843 1.315208435
0.463684320 0.027554266 -0.885571897 -71.737327576 -0.003114585 0.999560535 0.029470202 1.028036833 0.885995030 -0.010906686 0.463566244 1.610166550
0.512515962 0.025752909 -0.858291388 -72.097358704 -0.000877164 0.999565125 0.029468020 1.048604488 0.858677387 -0.014349974 0.512315512 1.836923599
0.557624817 0.021660363 -0.829810500 -72.434974670 0.006360513 0.999518454 0.030364417 1.053642511 0.830068827 -0.022209974 0.557218313 2.112613678
0.600531459 0.014975011 -0.799461007 -72.740066528 0.016990382 0.999359727 0.031482056 1.035210371 0.799420834 -0.032489117 0.599892139 2.448680878
0.643246949 0.010244115 -0.765590429 -73.049133301 0.018670155 0.999403119 0.029059287 1.032211661 0.765431345 -0.032985993 0.642671585 2.719356537
0.683845520 0.004443524 -0.729613364 -73.324752808 0.016133094 0.999644697 0.021209152 1.053452373 0.729448676 -0.026274720 0.683530688 3.073818207
0.724378943 -0.001104093 -0.689401448 -73.584167480 0.012650578 0.999851346 0.011691106 1.041342974 0.689286649 -0.017190129 0.724284828 3.357166290
0.763010681 -0.004753173 -0.646368563 -73.846954346 0.008672917 0.999958098 0.002884659 1.045288205 0.646327853 -0.007806924 0.763019860 3.773525238
0.800278485 -0.005972550 -0.599598885 -74.088493347 0.007188207 0.999973953 -0.000366625 1.051794291 0.599585652 -0.004016639 0.800300539 4.130210876
0.834225476 -0.007551382 -0.551371753 -74.318183899 0.007785873 0.999967754 -0.001915161 1.047095776 0.551368535 -0.002695237 0.834257305 4.547462463
0.864568114 -0.007597993 -0.502458334 -74.553657532 0.005864817 0.999970019 -0.005029742 1.050005555 0.502481520 0.001401728 0.864586711 5.056886673
0.890843391 -0.005822835 -0.454273045 -74.749267578 0.004557238 0.999981999 -0.003880810 1.026804805 0.454287678 0.001386962 0.890853763 5.503419876
0.912298739 -0.000426063 -0.409524620 -74.964454651 -0.000999046 0.999993861 -0.003265979 1.027440786 0.409523964 0.003388681 0.912292898 6.020467758
0.929821789 0.004902564 -0.367976844 -75.145973206 -0.006941011 0.999966741 -0.004216307 1.019566059 0.367943972 0.006474551 0.929825366 6.497911453
0.943476081 0.009369637 -0.331307411 -75.320755005 -0.011139822 0.999931812 -0.003444408 1.017189384 0.331252605 0.006940427 0.943516552 7.049312592
0.953618765 0.009951048 -0.300851822 -75.489097595 -0.010853292 0.999940038 -0.001327741 1.009086967 0.300820589 0.004531395 0.953669786 7.630573273
0.961126864 0.009026339 -0.275958657 -75.634002686 -0.009416598 0.999955416 -0.000089172 0.992447257 0.275945544 0.002684301 0.961169422 8.177457809
0.967141569 0.009327235 -0.254066706 -75.805732727 -0.009104745 0.999956191 0.002051622 0.985321879 0.254074693 0.000329009 0.967184603 8.793107986
0.971728384 0.011499669 -0.235821187 -75.948379517 -0.010795183 0.999932528 0.004278269 0.981192350 0.235854462 -0.001611582 0.971786916 9.394496918
0.975323498 0.016124513 -0.220190525 -76.089668274 -0.015131176 0.999866366 0.006197196 0.974861622 0.220260948 -0.002712528 0.975437045 10.021475792
0.978287697 0.017919078 -0.206474334 -76.241806030 -0.016916353 0.999835134 0.006620931 0.977123499 0.206558868 -0.002984384 0.978429496 10.670675278
0.980957806 0.017250383 -0.193452597 -76.366600037 -0.016229531 0.999844790 0.006860674 0.961757541 0.193540901 -0.003590387 0.981085479 11.313138008
0.983541906 0.017506765 -0.179828763 -76.480262756 -0.016637197 0.999841511 0.006342730 0.957762599 0.179911256 -0.003246496 0.983677328 11.991090775
0.986228228 0.018710688 -0.164327070 -76.611907959 -0.017764712 0.999816418 0.007224429 0.954525113 0.164431840 -0.004205712 0.986379147 12.687064171
0.988361418 0.023114851 -0.150357291 -76.717147827 -0.022181096 0.999722719 0.007884588 0.955403805 0.150497854 -0.004457730 0.988600194 13.388372421
0.990215838 0.023269035 -0.137590140 -76.813705444 -0.022735648 0.999726593 0.005447096 0.943330705 0.137679234 -0.002265596 0.990474224 14.103366852
0.991607368 0.025027709 -0.126840487 -76.900016785 -0.025191642 0.999682426 0.000311732 0.931638300 0.126807913 0.002886210 0.991923153 14.834114075
0.992912710 0.021150861 -0.116948269 -77.000671387 -0.021997491 0.999740064 -0.005953323 0.913430095 0.116791874 0.008483706 0.993120193 15.570226669
0.993805110 0.021590272 -0.109018639 -77.071838379 -0.022419788 0.999728084 -0.006388856 0.905624926 0.108850986 0.008793462 0.994019210 16.335424423
0.994529247 0.021917457 -0.102129839 -77.161941528 -0.022102620 0.999755025 -0.000681763 0.897215307 0.102089703 0.002935386 0.994771004 17.099649429
0.994875073 0.027588949 -0.097274214 -77.241523743 -0.026991917 0.999607801 0.007448401 0.890885115 0.097441554 -0.004784610 0.995229542 17.856071472
0.995337665 0.026586335 -0.092714190 -77.326515198 -0.025663590 0.999608576 0.011130805 0.880919814 0.092973806 -0.008699529 0.995630383 18.635345459
0.995687783 0.026083665 -0.089026026 -77.402633667 -0.025216337 0.999622941 0.010853399 0.864638090 0.089275539 -0.008561681 0.995970011 19.399499893
0.996109307 0.024826610 -0.084556088 -77.505279541 -0.024088383 0.999662101 0.009739728 0.852032781 0.084769264 -0.007665000 0.996371031 20.163925171
0.996336043 0.023655849 -0.082184769 -77.563026428 -0.022768343 0.999671996 0.011719532 0.850816786 0.082435049 -0.009805380 0.996548116 20.925863266
0.996583343 0.022699689 -0.079411425 -77.624374390 -0.021640735 0.999665260 0.014170388 0.847312570 0.079706497 -0.012403452 0.996741056 21.690744400
0.996878207 0.020484680 -0.076250494 -77.688423157 -0.019308576 0.999683380 0.016129598 0.839203238 0.076556787 -0.014606957 0.996958017 22.466749191
0.996973574 0.018910222 -0.075403973 -77.707412720 -0.018030396 0.999761224 0.012331881 0.829865336 0.075619206 -0.010935004 0.997076333 23.220893860
0.997031093 0.021541096 -0.073924683 -77.774383545 -0.021226907 0.999761820 0.005033181 0.819893718 0.074015521 -0.003449044 0.997251093 23.975440979
0.997160971 0.021282272 -0.072228536 -77.842636108 -0.021497268 0.999766409 -0.002200518 0.801819563 0.072164834 0.003746988 0.997385561 24.743652344
0.997268379 0.021786507 -0.070576556 -77.904052734 -0.022273447 0.999733090 -0.006119769 0.780496299 0.070424423 0.007675040 0.997487545 25.496101379
0.997383654 0.023997359 -0.068189614 -77.973342896 -0.024390547 0.999690235 -0.004939390 0.770204425 0.068050019 0.006589659 0.997659981 26.283273697
0.997458220 0.027027044 -0.065926038 -78.030792236 -0.027178176 0.999629617 -0.001396627 0.756736219 0.065863870 0.003184829 0.997823358 27.042171478
0.997488320 0.030792184 -0.063784979 -78.090019226 -0.030641308 0.999524772 0.003342322 0.741903841 0.063857578 -0.001379468 0.997957945 27.803451538
0.997723043 0.028371966 -0.061183326 -78.133415222 -0.028088247 0.999590218 0.005492362 0.728587389 0.061314084 -0.003761320 0.998111308 28.562555313
0.997880280 0.025133802 -0.060022123 -78.178649902 -0.024839362 0.999675333 0.005646830 0.710572481 0.060144581 -0.004143940 0.998180807 29.310731888
0.997969091 0.024159204 -0.058940582 -78.221519470 -0.023864700 0.999698937 0.005695571 0.699418664 0.059060436 -0.004277403 0.998245180 30.056194305
0.998025894 0.023975022 -0.058046170 -78.266220093 -0.023754725 0.999707758 0.004482360 0.690790296 0.058136653 -0.003094640 0.998303831 30.815856934
0.998101354 0.022723043 -0.057246037 -78.318901062 -0.022563713 0.999739468 0.003428150 0.672139406 0.057309013 -0.002129957 0.998354197 31.575683594
0.998164296 0.022194726 -0.056349028 -78.357315063 -0.022048172 0.999751627 0.003221165 0.656762540 0.056406539 -0.001972856 0.998405874 32.334865570
0.998195946 0.022492468 -0.055666659 -78.422698975 -0.022320928 0.999743819 0.003701301 0.655999541 0.055735692 -0.002452086 0.998442411 33.110500336
0.998212755 0.022255575 -0.055459395 -78.470809937 -0.022121850 0.999750674 0.003023912 0.641840875 0.055512860 -0.001791643 0.998456240 33.883495331
0.998136818 0.022210252 -0.056827884 -78.522811890 -0.022088619 0.999752164 0.002767584 0.631864011 0.056875262 -0.001507177 0.998380184 34.650093079
0.998028576 0.021640290 -0.058911156 -78.571548462 -0.021491973 0.999764025 0.003150028 0.617340684 0.058965422 -0.001877699 0.998258293 35.453662872
0.997852325 0.021445323 -0.061894834 -78.632942200 -0.021281367 0.999768078 0.003306927 0.607498884 0.061951399 -0.001982617 0.998077333 36.242519379
0.997596085 0.023966108 -0.065022513 -78.697906494 -0.023828946 0.999712110 0.002884161 0.591160834 0.065072864 -0.001327809 0.997880101 37.036777496
0.997439981 0.024071187 -0.067334481 -78.765113831 -0.024224147 0.999705434 -0.001456033 0.574523032 0.067279600 0.003083427 0.997729242 37.826641083
0.997249246 0.024784813 -0.069853730 -78.834114075 -0.025217213 0.999667823 -0.005314973 0.565116763 0.069698788 0.007061873 0.997543037 38.630889893
0.997109413 0.024999307 -0.071749426 -78.893836975 -0.025535611 0.999652326 -0.006567112 0.548027992 0.071560301 0.008380298 0.997400880 39.452167511
0.996975124 0.024286080 -0.073831052 -78.964668274 -0.024769697 0.999677241 -0.005641762 0.534559309 0.073670194 0.007453473 0.997254729 40.270862579
0.996818483 0.023800883 -0.076070152 -79.031066895 -0.024220094 0.999696136 -0.004593005 0.509276569 0.075937696 0.006420824 0.997091770 41.096199036
0.996686757 0.023922699 -0.077740364 -79.112701416 -0.024230227 0.999701858 -0.003014978 0.492368013 0.077645034 0.004888659 0.996969044 41.937877655
0.996636331 0.022136128 -0.078908622 -79.187004089 -0.022151301 0.999754250 0.000683138 0.485197723 0.078904331 0.001067096 0.996881485 42.767795563
0.996576965 0.020946382 -0.079971172 -79.261825562 -0.020532891 0.999770999 0.005989432 0.470138460 0.080078341 -0.004326892 0.996779084 43.615108490
0.996623337 0.022010237 -0.079103172 -79.345359802 -0.021442123 0.999737680 0.008024313 0.463485837 0.079259075 -0.006301078 0.996833980 44.460117340
0.996727765 0.023570824 -0.077318758 -79.411773682 -0.023001160 0.999701142 0.008250179 0.456489563 0.077490129 -0.006444758 0.996972203 45.334365845
0.996830404 0.025023689 -0.075518914 -79.473869324 -0.024574306 0.999673963 0.006874167 0.436761826 0.075666390 -0.004996548 0.997120500 46.204490662
0.997040927 0.022365244 -0.073547617 -79.543190002 -0.022099607 0.999745905 0.004423669 0.434219062 0.073627904 -0.002785204 0.997281790 47.076835632
0.997226298 0.019063035 -0.071948193 -79.606124878 -0.018863708 0.999815941 0.003449077 0.404968113 0.072000735 -0.002082299 0.997402310 47.950336456
0.997361064 0.018651430 -0.070166871 -79.672813416 -0.018495316 0.999824584 0.002874275 0.396714449 0.070208222 -0.001568932 0.997530997 48.823730469
0.997471333 0.016978074 -0.069010392 -79.734733582 -0.016701618 0.999849975 0.004581020 0.389727056 0.069077812 -0.003416852 0.997605324 49.699542999
0.997587383 0.012743347 -0.068242185 -79.794143677 -0.012259920 0.999896526 0.007498150 0.378300428 0.068330698 -0.006643417 0.997640550 50.573322296
0.997680783 0.010881487 -0.067191124 -79.862075806 -0.010369364 0.999914289 0.007965986 0.362096399 0.067272052 -0.007250782 0.997708261 51.428012848
0.997709990 0.013632379 -0.066246949 -79.923057556 -0.013315244 0.999897480 0.005226367 0.344971567 0.066311404 -0.004332309 0.997789443 52.305416107
0.997690320 0.017475117 -0.065637425 -80.013633728 -0.017531402 0.999845922 -0.000281612 0.326260269 0.065622382 0.001431674 0.997843623 53.174552917
0.997749805 0.017951697 -0.064600170 -80.080734253 -0.018440902 0.999805391 -0.006984426 0.319583416 0.064462200 0.008159995 0.997886777 54.027057648
0.997677684 0.024089623 -0.063712128 -80.151710510 -0.024940601 0.999609411 -0.012595043 0.286963880 0.063383803 0.014154809 0.997888803 54.888851166
0.997743428 0.023539979 -0.062882312 -80.205032349 -0.024401030 0.999618053 -0.012960242 0.257716119 0.062553175 0.014465386 0.997936785 55.736083984
0.997821689 0.020737525 -0.062626161 -80.257751465 -0.021275155 0.999742091 -0.007930093 0.242739856 0.062445529 0.009245196 0.998005509 56.601455688
0.997813404 0.020031085 -0.062986456 -80.319328308 -0.019949457 0.999799132 0.001924561 0.211989909 0.063012309 -0.000663811 0.998012483 57.459739685
0.997821093 0.014935861 -0.064266369 -80.377754211 -0.014384534 0.999855757 0.009032789 0.218551934 0.064391933 -0.008088671 0.997892082 58.310356140
0.997667313 0.015189026 -0.066552915 -80.447357178 -0.014637871 0.999854326 0.008761290 0.181895196 0.066676311 -0.007766658 0.997744322 59.159790039
0.997586668 0.010306759 -0.068664640 -80.504051208 -0.009940361 0.999934256 0.005675678 0.157095671 0.068718657 -0.004979426 0.997623622 59.995040894
0.997422636 0.007333339 -0.071374089 -80.568153381 -0.007070813 0.999967098 0.003930132 0.157961845 0.071400575 -0.003415326 0.997441888 60.831737518
0.997202516 0.009581926 -0.074130498 -80.632705688 -0.009474080 0.999953210 0.001806362 0.133929819 0.074144378 -0.001098987 0.997247040 61.660133362
0.996922255 0.011270569 -0.077582829 -80.712478638 -0.011436203 0.999932885 -0.001690942 0.118761182 0.077558607 0.002572994 0.996984601 62.484088898
0.996607959 0.011641960 -0.081467040 -80.795898438 -0.012121106 0.999911726 -0.005389325 0.103335142 0.081397146 0.006358522 0.996661603 63.298892975
0.996291459 0.016512748 -0.084441453 -80.871253967 -0.017370857 0.999804139 -0.009437350 0.062184572 0.084269151 0.010869181 0.996384263 64.110221863
0.995918512 0.020741679 -0.087841183 -80.958618164 -0.021666182 0.999719143 -0.009584347 0.045327008 0.087617733 0.011448418 0.996088326 64.924346924
0.995529771 0.024761422 -0.091143176 -81.047233582 -0.025566921 0.999643505 -0.007680637 0.015981793 0.090920493 0.009976558 0.995808005 65.724761963
0.995136678 0.026934361 -0.094749123 -81.145515442 -0.027272975 0.999625325 -0.002280429 0.003827602 0.094652191 0.004853432 0.995498478 66.524871826
0.994707286 0.027050035 -0.099125825 -81.214309692 -0.026819130 0.999633312 0.003661430 -0.016361415 0.099188522 -0.000983574 0.995067775 67.335174561
0.994188547 0.025769480 -0.104522958 -81.310729980 -0.025248295 0.999661267 0.006306615 -0.038727731 0.104650065 -0.003630937 0.994502366 68.156555176
0.993458271 0.026224950 -0.111144356 -81.424140930 -0.025569666 0.999646187 0.007317369 -0.054734290 0.111296907 -0.004427576 0.993777275 68.939544678
0.992931724 0.020218285 -0.116952531 -81.517623901 -0.019176887 0.999765754 0.010023016 -0.054850519 0.117127776 -0.007709382 0.993086874 69.726089478
0.992148995 0.024060231 -0.122725777 -81.614593506 -0.022746680 0.999668062 0.012093359 -0.064524114 0.122975945 -0.009206803 0.992366850 70.508552551
0.991291583 0.029170252 -0.128413782 -81.729415894 -0.027912850 0.999543250 0.011580990 -0.069170773 0.128692940 -0.007895743 0.991653025 71.275207520
0.990292370 0.033617381 -0.134873658 -81.835868835 -0.032858852 0.999429107 0.007846775 -0.089917123 0.135060474 -0.003338809 0.990831733 72.040939331
0.989551961 0.032559574 -0.140452743 -81.966926575 -0.032130886 0.999469221 0.005319439 -0.097605854 0.140551478 -0.000750988 0.990073025 72.814987183
0.988800645 0.033043575 -0.145538956 -82.098526001 -0.032837141 0.999453187 0.003821186 -0.117139935 0.145585746 0.001000695 0.989345193 73.563682556
0.988047540 0.034396235 -0.150263041 -82.214462280 -0.033526871 0.999403179 0.008315824 -0.125478029 0.150459364 -0.003178577 0.988611042 74.329414368
0.987086713 0.034787193 -0.156363711 -82.347091675 -0.033177689 0.999366283 0.012892331 -0.136432528 0.156713068 -0.007538059 0.987615347 75.090438843
0.986253023 0.030687664 -0.162368089 -82.475334167 -0.028657218 0.999479234 0.014833059 -0.143125534 0.162738740 -0.009976126 0.986618698 75.841362000
0.984938085 0.031644218 -0.169987664 -82.624816895 -0.030075459 0.999477923 0.011796373 -0.148579836 0.170272350 -0.006506233 0.985375464 76.625846863
0.983476520 0.030567847 -0.178436473 -82.772636414 -0.030348705 0.999531388 0.003958157 -0.153467238 0.178473890 0.001522560 0.983943403 77.394088745
0.981892586 0.027136786 -0.187484622 -82.921371460 -0.027206056 0.999627173 0.002204135 -0.168426633 0.187474579 0.002936492 0.982264996 78.128814697
0.979835212 0.027576804 -0.197894245 -83.079460144 -0.027013779 0.999619484 0.005544585 -0.188383460 0.197971880 -0.000086909 0.980207682 78.869926453
0.977477789 0.027742805 -0.209205940 -83.248611450 -0.026019087 0.999600828 0.010987438 -0.189358711 0.209427252 -0.005296634 0.977809787 79.609519958
0.974981725 0.027125984 -0.220622376 -83.429298401 -0.023517257 0.999543250 0.018967621 -0.187754273 0.221036136 -0.013304660 0.975174785 80.328269958
0.972302973 0.028615501 -0.231963009 -83.612464905 -0.023821361 0.999440849 0.023442918 -0.206046343 0.232504293 -0.017267959 0.972441971 81.030769348
0.969379067 0.029745053 -0.243761376 -83.801788330 -0.025833946 0.999481201 0.019226752 -0.206973791 0.244206831 -0.012340691 0.969644606 81.752113342
0.966340780 0.030741356 -0.255422354 -84.018157959 -0.029103711 0.999524295 0.010189503 -0.206657052 0.255614132 -0.002412790 0.966775775 82.453994751
0.963093042 0.026926814 -0.267818779 -84.234985352 -0.026651185 0.999633789 0.004665021 -0.210074723 0.267846286 0.002644842 0.963458002 83.169357300
0.959684372 0.025792085 -0.279894054 -84.435440063 -0.024210591 0.999665201 0.009106747 -0.208633423 0.280035198 -0.001963204 0.959987640 83.867675781
0.956338525 0.028900649 -0.290829092 -84.668334961 -0.025175525 0.999545813 0.016543064 -0.216323018 0.291175157 -0.008498996 0.956632018 84.594741821
0.952580452 0.030067150 -0.302797794 -84.901535034 -0.024360728 0.999447465 0.022605808 -0.219116211 0.303310096 -0.014157480 0.952786624 85.304946899
0.948452055 0.026669459 -0.315796196 -85.135330200 -0.021156592 0.999558032 0.020873144 -0.227302074 0.316213250 -0.013116009 0.948597312 86.009529114
0.944521964 0.025612902 -0.327447891 -85.388778687 -0.021469438 0.999637008 0.016262904 -0.220558286 0.327745527 -0.008330544 0.944729149 86.725013733
0.941512883 0.021292737 -0.336303115 -85.652359009 -0.019179394 0.999769747 0.009604979 -0.235283971 0.336430192 -0.002593121 0.941704750 87.425254822
0.938900411 0.017486768 -0.343744397 -85.923835754 -0.017447306 0.999842405 0.003208008 -0.230324447 0.343746305 0.002985418 0.939057708 88.123001099
0.936018765 0.017171929 -0.351531565 -86.194183350 -0.017847335 0.999839425 0.001319226 -0.248188004 0.351497799 0.005039083 0.936174810 88.839530945
0.932962835 0.021147879 -0.359351069 -86.481887817 -0.022040363 0.999755621 0.001613679 -0.253013730 0.359297305 0.006414723 0.933201075 89.526702881
0.929940701 0.021846179 -0.367060363 -86.777114868 -0.022209223 0.999747932 0.003234950 -0.267093658 0.367038459 0.005143811 0.930191517 90.238296509
0.926785469 0.021808410 -0.374958009 -87.058738708 -0.019472951 0.999759972 0.010016967 -0.270609379 0.375086427 -0.001982042 0.926987648 90.932754517
0.923870206 0.025121072 -0.381880879 -87.346145630 -0.019809579 0.999644399 0.017834555 -0.279417038 0.382192999 -0.008911917 0.924039423 91.645248413
0.921208203 0.031877156 -0.387762398 -87.656372070 -0.023647534 0.999382496 0.025977723 -0.291827679 0.388350934 -0.014761269 0.921393096 92.339851379
0.918449998 0.041718647 -0.393331677 -88.007255554 -0.035254464 0.999098122 0.023648227 -0.299049616 0.393963218 -0.007853013 0.919092238 93.051429749
0.916038752 0.040331185 -0.399057299 -88.315383911 -0.037332669 0.999185860 0.015286493 -0.290768027 0.399349093 0.000894861 0.916798294 93.739738464
0.914079785 0.033008538 -0.404189020 -88.634544373 -0.032685865 0.999435961 0.007700434 -0.306988239 0.404215276 0.006172460 0.914642811 94.443527222
0.912347198 0.034284484 -0.407979876 -88.950424194 -0.034594078 0.999379396 0.006621419 -0.303160548 0.407953858 0.008072659 0.912966728 95.136871338
0.910252690 0.039614394 -0.412154049 -89.297256470 -0.038109414 0.999202907 0.011873296 -0.303963900 0.412296027 0.004899258 0.911036670 95.837242126
0.907895446 0.040693831 -0.417217106 -89.630111694 -0.037262257 0.999171436 0.016370073 -0.316212416 0.417537630 0.000684149 0.908659279 96.553077698
0.905403495 0.037790153 -0.422867209 -89.952270508 -0.034476455 0.999285400 0.015484887 -0.335857987 0.423150390 0.000558903 0.906059206 97.243629456
0.903510869 0.035512917 -0.427092075 -90.287445068 -0.035169642 0.999343276 0.008694742 -0.326235771 0.427120686 0.007164905 0.904166222 97.929260254
0.901281357 0.032074787 -0.432045013 -90.631759644 -0.034728475 0.999395013 0.001748059 -0.333745122 0.431839675 0.013428779 0.901850402 98.621093750
