1.000000000 -0.000000001 0.000000002 -0.000000000 -0.000000001 1.000000000 -0.000000000 0.000000000 0.000000002 -0.000000000 0.999999881 -0.000000000
0.999999225 0.001219326 0.000115072 -0.018059777 -0.001219411 0.999998987 0.000725574 -0.017801758 -0.000114183 -0.000725714 0.999999583 0.794718742
0.999984622 0.005497301 0.000744675 -0.017121013 -0.005498126 0.999984264 0.001108179 -0.036503948 -0.000738567 -0.001112256 0.999998987 1.549689412
0.999976099 0.006824551 0.001123226 -0.027807236 -0.006826276 0.999975562 0.001537603 -0.056667648 -0.001112705 -0.001545235 0.999998093 2.301186085
0.999964833 0.008299434 0.001164867 -0.036152828 -0.008301109 0.999964476 0.001440386 -0.068523638 -0.001152868 -0.001450007 0.999998212 3.031944752
0.999961674 0.008627617 0.001427334 -0.034207016 -0.008629942 0.999961376 0.001631446 -0.094175562 -0.001413201 -0.001643703 0.999997556 3.755728722
0.999960601 0.008619791 0.002101941 -0.047070984 -0.008624357 0.999960363 0.002172674 -0.110464714 -0.002083126 -0.002190719 0.999995410 4.450882435
0.999951959 0.009456537 0.002527181 -0.041142318 -0.009468558 0.999943674 0.004789159 -0.123168886 -0.002481743 -0.004812859 0.999985397 5.133708477
0.999945998 0.009452410 0.004307809 -0.047595635 -0.009492036 0.999911785 0.009273024 -0.138850272 -0.004219774 -0.009313411 0.999947608 5.776055813
0.999943197 0.009022756 0.005666109 -0.046951111 -0.009092383 0.999881804 0.012385189 -0.144156456 -0.005553688 -0.012436004 0.999907255 6.414463997
0.999938428 0.008772067 0.006800087 -0.044597968 -0.008873170 0.999848306 0.014982968 -0.153233141 -0.006667620 -0.015042382 0.999864638 7.029137135
0.999935091 0.008118919 0.008003536 -0.047752962 -0.008238242 0.999853551 0.014989656 -0.176065758 -0.007880660 -0.015054620 0.999855757 7.613384724
0.999918878 0.009048071 0.008953757 -0.042462178 -0.009161916 0.999876618 0.012756472 -0.183926851 -0.008837227 -0.012837472 0.999878407 8.162578583
0.999916315 0.008510218 0.009736658 -0.044502221 -0.008603862 0.999916852 0.009616544 -0.191569030 -0.009654006 -0.009699512 0.999906301 8.681840897
0.999916673 0.006817871 0.010956257 -0.031524278 -0.006905927 0.999944091 0.008019259 -0.192287177 -0.010900967 -0.008094251 0.999907732 9.180247307
0.999908268 0.004133319 0.012893448 -0.028079830 -0.004210756 0.999973357 0.005984385 -0.221823707 -0.012868367 -0.006038126 0.999898911 9.649624825
0.999885023 0.001483929 0.015081855 -0.030862316 -0.001560666 0.999985993 0.005077527 -0.247590706 -0.015074106 -0.005100478 0.999873281 10.093338013
0.999839485 0.005469794 0.017056502 -0.024229944 -0.005524956 0.999979734 0.003188565 -0.234193370 -0.017038714 -0.003282286 0.999849439 10.499733925
0.999754429 0.009787720 0.019873884 -0.008559152 -0.009823117 0.999950588 0.001684317 -0.232741609 -0.019856423 -0.001879119 0.999801219 10.877932549
0.999674797 0.010865919 0.023064947 0.011519447 -0.010921020 0.999937832 0.002264451 -0.236952126 -0.023038911 -0.002515607 0.999731302 11.226181030
0.999624848 0.006855534 0.026514966 0.022725761 -0.006936973 0.999971449 0.002980688 -0.255293876 -0.026493777 -0.003163503 0.999643862 11.542729378
0.999574542 0.002123758 0.029085828 0.028723270 -0.002219630 0.999992192 0.003264288 -0.273167729 -0.029078670 -0.003327458 0.999571502 11.831870079
0.999500930 -0.001731886 0.031541944 0.042379767 0.001591119 0.999988675 0.004487368 -0.281529784 -0.031549364 -0.004434939 0.999492347 12.088503838
0.999419212 -0.002920072 0.033949912 0.050116330 0.002733731 0.999980867 0.005533806 -0.276068270 -0.033965435 -0.005437780 0.999408185 12.320596695
0.999356449 -0.001558764 0.035835490 0.062296599 0.001399923 0.999989033 0.004457222 -0.285926431 -0.035842046 -0.004404184 0.999347687 12.523468018
0.999274909 -0.000885922 0.038060445 0.067703336 0.000764444 0.999994457 0.003206169 -0.289436400 -0.038063087 -0.003174747 0.999270260 12.708645821
0.999179542 0.000800242 0.040491071 0.078207433 -0.000897805 0.999996603 0.002391333 -0.288124740 -0.040489025 -0.002425721 0.999177039 12.888764381
0.999092877 0.004235756 0.042374656 0.074378312 -0.004316484 0.999988914 0.001813816 -0.298288733 -0.042366512 -0.001995077 0.999100089 13.055807114
0.999038577 0.005313106 0.043518409 0.087325007 -0.005338366 0.999985456 0.000464279 -0.301933974 -0.043515317 -0.000696147 0.999052465 13.210490227
0.998957634 0.004768847 0.045396686 0.098541558 -0.004708595 0.999987662 -0.001434099 -0.308781058 -0.045402974 0.001218853 0.998967946 13.358304024
0.998886466 0.003790869 0.047028795 0.109745800 -0.003669730 0.999989510 -0.002661953 -0.320832372 -0.047038399 0.002486408 0.998889983 13.503514290
0.998833537 0.003000366 0.048195742 0.114362776 -0.002832926 0.999989569 -0.003542124 -0.331332177 -0.048205867 0.003401460 0.998831630 13.644433975
0.998763382 0.003302810 0.049608909 0.128225684 -0.003062197 0.999982953 -0.004925449 -0.324419856 -0.049624335 0.004767448 0.998756588 13.767837524
0.998681962 0.003927228 0.051176522 0.121411264 -0.003547990 0.999965131 -0.007499255 -0.326814711 -0.051204201 0.007307799 0.998661637 13.912650108
0.998639524 0.003964152 0.051992867 0.113476753 -0.003471545 0.999948204 -0.009561446 -0.324840188 -0.052028075 0.009367942 0.998601615 14.027319908
0.998592556 0.003152702 0.052938387 0.127621174 -0.002526646 0.999926031 -0.011888912 -0.330335021 -0.052971952 0.011738425 0.998526871 14.152894974
0.998621106 0.002231176 0.052444369 0.133965075 -0.001512334 0.999904215 -0.013742467 -0.335338295 -0.052470006 0.013644207 0.998529136 14.289109230
0.998730481 0.001873716 0.050333340 0.141086280 -0.001120176 0.999886692 -0.014995035 -0.345188558 -0.050355736 0.014919622 0.998619854 14.409680367
0.998882174 0.001783093 0.047231641 0.153568327 -0.001042811 0.999875963 -0.015693456 -0.344362497 -0.047253773 0.015626663 0.998760641 14.530076027
0.999059439 0.002379735 0.043291394 0.153320998 -0.001649291 0.999855459 -0.016900623 -0.347341478 -0.043325368 0.016813332 0.998919427 14.664660454
0.999278128 0.002678625 0.037889626 0.138061017 -0.001998638 0.999835968 -0.017972998 -0.349043787 -0.037931569 0.017884299 0.999120176 14.787417412
0.999507010 0.002604457 0.031279035 0.136720091 -0.002017997 0.999821484 -0.018766209 -0.354720414 -0.031322327 0.018693848 0.999334455 14.905462265
0.999709368 0.002623779 0.023951164 0.137597978 -0.002153758 0.999804616 -0.019628758 -0.357502192 -0.023997977 0.019571479 0.999520361 15.038761139
0.999870062 0.002538062 0.015910257 0.138871789 -0.002208586 0.999783099 -0.020691777 -0.356273949 -0.015959315 0.020653956 0.999659240 15.166976929
0.999979854 0.001677364 0.006092750 0.116157077 -0.001544018 0.999760270 -0.021824762 -0.362469018 -0.006127883 0.021814926 0.999743223 15.315876961
0.999976754 0.000336173 -0.006775320 0.114240356 -0.000494752 0.999725401 -0.023417646 -0.370563000 0.006765597 0.023420468 0.999702692 15.459314346
0.999741197 -0.000636047 -0.022732459 0.095603943 0.000062104 0.999681175 -0.025239617 -0.375577927 0.022741284 0.025231693 0.999422789 15.602929115
0.999114335 -0.000104120 -0.042071566 0.064516485 -0.001007811 0.999650478 -0.026407452 -0.376489460 0.042059630 0.026426487 0.998765409 15.785549164
0.997959614 0.000515490 -0.063843019 0.032760739 -0.002169981 0.999662995 -0.025848389 -0.390507817 0.063808218 0.025934223 0.997624815 15.972116470
0.996114910 0.001289681 -0.088054061 -0.006550670 -0.003437574 0.999700069 -0.024245597 -0.399903029 0.087996386 0.024454093 0.995820463 16.170215607
0.993421674 0.002247182 -0.114492103 -0.067850232 -0.004871340 0.999731719 -0.022645364 -0.408735007 0.114410490 0.023054130 0.993165910 16.411626816
0.989491820 0.003394189 -0.144549191 -0.121702194 -0.006448407 0.999765575 -0.020665988 -0.412654847 0.144445166 0.021380942 0.989281714 16.629592896
0.984103322 0.003777939 -0.177556649 -0.195988178 -0.006964576 0.999825537 -0.017327331 -0.421219140 0.177460223 0.018288501 0.983957946 16.900821686
0.976786077 0.004863758 -0.214162096 -0.294792414 -0.007952826 0.999876320 -0.013564734 -0.422283053 0.214069620 0.014953041 0.976703942 17.163543701
0.967244625 0.006236110 -0.253769755 -0.394963026 -0.008510069 0.999932766 -0.007863926 -0.441988051 0.253703624 0.009765942 0.967232645 17.390707016
0.955634058 0.010900551 -0.294355094 -0.524595737 -0.012513295 0.999915183 -0.003596000 -0.427838206 0.294290990 0.007119816 0.955689430 17.693044662
0.941573977 0.014641162 -0.336488098 -0.662344456 -0.015150782 0.999884665 0.001111167 -0.434377909 0.336465478 0.004051808 0.941687167 17.961296082
0.925226033 0.017581597 -0.379008979 -0.829557896 -0.016326735 0.999845386 0.006524818 -0.432696581 0.379065067 0.000151044 0.925370038 18.220623016
0.906102777 0.020666663 -0.422552884 -1.019722939 -0.016199378 0.999768436 0.014160559 -0.440848470 0.422747642 -0.005985828 0.906227708 18.550636292
0.884614170 0.025073716 -0.465649545 -1.236062527 -0.017476616 0.999634504 0.020626025 -0.437659711 0.465996444 -0.010108097 0.884728909 18.846391678
0.860126138 0.030091342 -0.509193242 -1.448408604 -0.019955005 0.999479294 0.025357477 -0.435945183 0.509691060 -0.011649679 0.860278666 19.095962524
0.832246065 0.033820961 -0.553374290 -1.702898502 -0.021387879 0.999353170 0.028911920 -0.436966717 0.553994060 -0.012226335 0.832430780 19.405979156
0.802021265 0.037722122 -0.596103549 -1.948042870 -0.024217144 0.999236822 0.030650176 -0.423669934 0.596804619 -0.010146176 0.802322328 19.641824722
0.768436670 0.040734470 -0.638629138 -2.239674568 -0.025100384 0.999122500 0.033526059 -0.429203510 0.639434218 -0.009732825 0.768784344 19.972734451
0.732098162 0.044736773 -0.679728627 -2.555346489 -0.026626954 0.998957992 0.037068643 -0.410408735 0.680678666 -0.009038784 0.732526302 20.222806931
0.693959773 0.046033509 -0.718540668 -2.881692886 -0.024681695 0.998888552 0.040156726 -0.395922959 0.719590604 -0.010132349 0.694324613 20.470092773
0.653380156 0.046556629 -0.755596876 -3.261689186 -0.022529874 0.998861074 0.042063460 -0.392803848 0.756694674 -0.010459926 0.653684676 20.742145538
0.610971570 0.045156602 -0.790363491 -3.634176254 -0.017781811 0.998902977 0.043325476 -0.366522670 0.791452765 -0.012416543 0.611104012 20.994482040
0.567090750 0.045698553 -0.822386503 -4.029075623 -0.012632221 0.998824954 0.046792150 -0.374358714 0.823558748 -0.016146818 0.567001462 21.208227158
0.520350873 0.047200389 -0.852646947 -4.475684166 -0.011035577 0.998759747 0.048554059 -0.348446012 0.853881478 -0.015855689 0.520226121 21.448406219
0.471967310 0.047207888 -0.880351067 -4.929438591 -0.010058443 0.998788714 0.048166525 -0.310474515 0.881559014 -0.013878067 0.471870363 21.632869720
0.419979990 0.046714861 -0.906330347 -5.445006847 -0.005324984 0.998783946 0.049012672 -0.295150042 0.907517672 -0.015758149 0.419717968 21.829174042
0.366998345 0.045674652 -0.929099739 -5.951068878 -0.000203437 0.998797655 0.049020670 -0.281994581 0.930221498 -0.017801492 0.366566300 21.971332550
0.313360244 0.044495504 -0.948591471 -6.438766479 0.002503524 0.998859406 0.047680449 -0.267886281 0.949630976 -0.017315976 0.312891424 22.092746735
0.260037810 0.049533281 -0.964327157 -7.041049004 0.003235771 0.998632908 0.052167974 -0.206015825 0.965592861 -0.016685985 0.259522051 22.222585678
0.208648011 0.055194207 -0.976431966 -7.610399246 0.006174190 0.998311639 0.057750288 -0.179152489 0.977971256 -0.018078160 0.207954928 22.328577042
0.160037801 0.056154773 -0.985512376 -8.139800072 0.011146737 0.998214126 0.058688641 -0.173480570 0.987047911 -0.020377645 0.159125984 22.372770309
0.115023695 0.057740219 -0.991683304 -8.801692009 0.013955107 0.998116791 0.059733439 -0.149945736 0.993264675 -0.020709805 0.114001252 22.420858383
0.075802669 0.057229269 -0.995479286 -9.429171562 0.014261776 0.998187244 0.058470938 -0.124466658 0.997020721 -0.018629545 0.074848950 22.439388275
0.039783191 0.052949406 -0.997804463 -10.132360458 0.011588616 0.998503447 0.053448547 -0.092599392 0.999141037 -0.013689526 0.039110046 22.442129135
0.011503808 0.052487101 -0.998555422 -10.775929451 0.009589144 0.998569727 0.052598335 -0.042553067 0.999887705 -0.010180373 0.010984071 22.401962280
-0.010768567 0.056248453 -0.998359025 -11.492225647 0.008062772 0.998388886 0.056163199 -0.018685102 0.999909103 -0.007444748 -0.011204691 22.408041000
-0.023854556 0.062275007 -0.997774124 -12.228559494 0.008778637 0.998032451 0.062081281 0.028565228 0.999676704 -0.007278174 -0.024354301 22.375862122
-0.031698056 0.064780891 -0.997396111 -12.970284462 0.009135186 0.997874439 0.064521670 0.054012060 0.999455690 -0.007066184 -0.032222450 22.343790054
-0.035377447 0.062257964 -0.997433126 -13.756520271 0.010323507 0.998026907 0.061928902 0.095964313 0.999320745 -0.008106112 -0.035950340 22.304035187
-0.034597162 0.058569256 -0.997683585 -14.528768539 0.017940244 0.998156726 0.057974897 0.158814192 0.999240160 -0.015892919 -0.035584137 22.280231476
-0.023422468 0.055848747 -0.998164356 -15.306238174 0.028744658 0.998063028 0.055168569 0.141408920 0.999312222 -0.027399704 -0.024982451 22.292377472
-0.018167734 0.056149874 -0.998257041 -16.121974945 0.030377489 0.997992039 0.055582106 0.195553005 0.999373198 -0.029314740 -0.019836936 22.291301727
-0.013263770 0.054613445 -0.998419523 -16.994682312 0.028442230 0.998124063 0.054219440 0.277998149 0.999507248 -0.027678121 -0.014792207 22.282865524
-0.017131705 0.050092969 -0.998597860 -17.888408661 0.032317352 0.998250306 0.049521126 0.260542750 0.999330342 -0.031423654 -0.018720599 22.226915359
-0.015471087 0.039439011 -0.999102175 -18.771572113 0.029997420 0.998790264 0.038962189 0.278027892 0.999430239 -0.029367706 -0.016635438 22.194742203
-0.014933765 0.030129522 -0.999434471 -19.681015015 0.022993801 0.999291897 0.029781654 0.347315311 0.999624133 -0.022536049 -0.015615983 22.175968170
-0.016015787 0.027129570 -0.999503434 -20.592630386 0.017025270 0.999494255 0.026856514 0.350846857 0.999726713 -0.016586691 -0.016469574 22.149272919
-0.019470669 0.032793164 -0.999272406 -21.551330566 0.007657346 0.999437690 0.032649364 0.390056312 0.999781072 -0.007016071 -0.019710822 22.118684769
-0.024340309 0.040478148 -0.998883963 -22.487571716 0.002548544 0.999179304 0.040428016 0.454022497 0.999700367 -0.001561671 -0.024423487 22.063514709
-0.028726112 0.050559931 -0.998307824 -23.482759476 0.001203968 0.998721123 0.050546207 0.443102121 0.999586523 0.000250065 -0.028750245 22.011360168
-0.030403052 0.060264476 -0.997719228 -24.509931564 -0.000176867 0.998180509 0.060297705 0.523564875 0.999537706 0.002009695 -0.030337071 21.984706879
-0.031681336 0.068753071 -0.997130454 -25.504838943 0.001830797 0.997633636 0.068729609 0.534781218 0.999496460 0.000351892 -0.031732228 21.944190979
-0.033364341 0.070197560 -0.996974945 -26.542469025 0.003180278 0.997532785 0.070130400 0.559613705 0.999438167 -0.000830803 -0.033505268 21.898609161
-0.035479557 0.067102239 -0.997115016 -27.516921997 0.002010277 0.997746110 0.067073159 0.635226369 0.999368429 0.000375250 -0.035534468 21.847566605
-0.038307905 0.062463343 -0.997311771 -28.582592010 -0.000138048 0.998044193 0.062514506 0.681874871 0.999265969 0.002532479 -0.038224343 21.826801300
-0.042650759 0.056666501 -0.997481644 -29.607192993 -0.001251053 0.998386741 0.056771372 0.727861702 0.999089181 0.003669254 -0.042511042 21.755741119
-0.048465908 0.052564166 -0.997440815 -30.617401123 -0.000659668 0.998612404 0.052657973 0.762553692 0.998824537 0.003210095 -0.048363969 21.695182800
-0.054826524 0.049363334 -0.997274876 -31.701793671 -0.002526400 0.998767197 0.049576093 0.822826624 0.998492599 0.005237596 -0.054634191 21.636695862
-0.061616849 0.053122252 -0.996685028 -32.705390930 -0.001229024 0.998577535 0.053299107 0.850700796 0.998099267 0.004509067 -0.061463878 21.541793823
-0.068371952 0.057783417 -0.995985270 -33.795356750 -0.002578374 0.998307586 0.058095179 0.879522145 0.997656584 0.006540103 -0.068107262 21.449523926
-0.074147597 0.060766697 -0.995394289 -34.880008698 -0.004900778 0.998107374 0.061297417 0.945231915 0.997235298 0.009423263 -0.073709458 21.355228424
-0.078242071 0.062818721 -0.994953394 -35.907730103 -0.008230978 0.997937918 0.063654475 0.987393975 0.996900797 0.013169903 -0.077563673 21.276359558
-0.081542954 0.064813383 -0.994560301 -37.023815155 -0.012541991 0.997737706 0.066048756 1.037916422 0.996590912 0.017859573 -0.080545582 21.168621063
-0.083345018 0.065362364 -0.994374871 -38.058387756 -0.016799157 0.997612834 0.066983230 1.109273672 0.996379197 0.022287371 -0.082048014 21.074663162
-0.085225895 0.064891882 -0.994246244 -39.159927368 -0.018084748 0.997611880 0.066661745 1.137021780 0.996197760 0.023661992 -0.083848804 20.971084595
-0.086561233 0.064884849 -0.994131267 -40.250148773 -0.018065071 0.997610688 0.066684902 1.182146549 0.996082485 0.023731384 -0.085182227 20.879571915
-0.087413162 0.064097218 -0.994107842 -41.293407440 -0.019145010 0.997635484 0.066008128 1.233240247 0.995987952 0.024802186 -0.085979298 20.782728195
-0.088840507 0.063053727 -0.994047999 -42.402160645 -0.021236416 0.997647703 0.065180033 1.282533884 0.995819032 0.026900640 -0.087292410 20.662250519
-0.089441955 0.060970884 -0.994124055 -43.501796722 -0.024956543 0.997673929 0.063433953 1.329809546 0.995679259 0.030483555 -0.087712266 20.560014725
-0.089595869 0.055789426 -0.994414508 -44.558002472 -0.030948326 0.997791767 0.058767326 1.373509407 0.995497286 0.036040764 -0.087671429 20.439018250
-0.088970281 0.054488402 -0.994542897 -45.674648285 -0.033369910 0.997778654 0.057650935 1.438917518 0.995475471 0.038317014 -0.086954378 20.332933426
-0.087011024 0.058152817 -0.994508624 -46.768360138 -0.033352759 0.997564971 0.061249632 1.496860385 0.995648921 0.038498990 -0.084859572 20.245796204
-0.085743874 0.062556691 -0.994351447 -47.908527374 -0.034052882 0.997259736 0.065676078 1.535251379 0.995735228 0.039491843 -0.083378658 20.137823105
-0.083968498 0.062464725 -0.994508922 -48.985580444 -0.030986933 0.997386932 0.065261848 1.579967380 0.995986819 0.036296695 -0.081813462 20.039255142
-0.081753410 0.061122321 -0.994776666 -50.099609375 -0.031061733 0.997476578 0.063840948 1.629865050 0.996168554 0.036118686 -0.079648539 19.939294815
-0.077450685 0.061639521 -0.995088995 -51.231182098 -0.035118017 0.997298956 0.064509742 1.681909919 0.996377647 0.039941859 -0.075076811 19.837110519
-0.071858518 0.062645845 -0.995445669 -52.346389771 -0.040889721 0.997001708 0.065695465 1.729300976 0.996576548 0.045424256 -0.069081470 19.751497269
-0.066878118 0.062891230 -0.995777071 -53.490802765 -0.043808606 0.996864140 0.065902069 1.791537404 0.996799409 0.048031002 -0.063913174 19.660467148
-0.061051574 0.061647352 -0.996229053 -54.592121124 -0.045607805 0.996876180 0.064482369 1.849792957 0.997092068 0.049372550 -0.058049258 19.590761185
-0.055251602 0.061405566 -0.996582687 -55.754055023 -0.044707913 0.996953785 0.063907154 1.898919582 0.997470975 0.048086092 -0.052337993 19.497671127
-0.049949188 0.060930435 -0.996891439 -56.879074097 -0.043016542 0.997079968 0.063097306 1.945658684 0.997824967 0.046034489 -0.047182307 19.424003601
-0.043695461 0.061507050 -0.997149825 -57.995723724 -0.042180937 0.997099519 0.063352332 2.000437260 0.998154104 0.044828933 -0.040974285 19.375690460
-0.038732000 0.063756160 -0.997213662 -59.167839050 -0.039606553 0.997080505 0.065285966 2.053339005 0.998464704 0.042024869 -0.036093730 19.337310791
-0.033374038 0.064095512 -0.997385442 -60.317687988 -0.041636456 0.996986032 0.065463036 2.109874249 0.998575151 0.043712363 -0.030604735 19.293853760
-0.027331196 0.064108312 -0.997568488 -61.452785492 -0.041239839 0.997019529 0.065202914 2.158508301 0.998775244 0.042921647 -0.024605915 19.255561829
-0.023055684 0.060571827 -0.997897446 -62.611106873 -0.041447259 0.997246802 0.061489943 2.211556911 0.998874545 0.042777810 -0.020481668 19.222909927
-0.017475827 0.055064004 -0.998329937 -63.733116150 -0.041479651 0.997583210 0.055748947 2.244951010 0.998986185 0.042384639 -0.015149551 19.190849304
-0.013845814 0.053930957 -0.998448551 -64.912742615 -0.041920230 0.997635126 0.054468345 2.296419382 0.999024868 0.042609356 -0.011552277 19.169673920
-0.010453401 0.056604426 -0.998341858 -66.067131042 -0.040912919 0.997536302 0.056987140 2.346630096 0.999107957 0.041440789 -0.008111801 19.160402298
-0.009358558 0.056460250 -0.998360991 -67.262878418 -0.040734593 0.997554362 0.056796506 2.387223959 0.999126196 0.041199371 -0.007035792 19.130189896
-0.008581016 0.055831049 -0.998403430 -68.447479248 -0.042837534 0.997503161 0.056148872 2.434461355 0.999045134 0.043250956 -0.006167924 19.112995148
-0.006976692 0.056759503 -0.998363614 -69.602394104 -0.043966830 0.997405052 0.057012249 2.477992058 0.999008536 0.044292636 -0.004463050 19.100009918
-0.007619287 0.056603916 -0.998367608 -70.806266785 -0.043821160 0.997418761 0.056884520 2.529375792 0.999010444 0.044183064 -0.005119163 19.043992996
-0.006023230 0.054646306 -0.998487592 -71.987197876 -0.044743251 0.997490942 0.054861661 2.575150490 0.998980284 0.045006014 -0.003563066 19.032630920
-0.004733546 0.053237285 -0.998570681 -73.157173157 -0.043903790 0.997607887 0.053394075 2.610861301 0.999024451 0.044093769 -0.002384907 19.027103424
-0.005927339 0.053287696 -0.998561561 -74.365646362 -0.040054791 0.997765124 0.053482950 2.654824257 0.999179840 0.040314160 -0.003779669 18.985776901
-0.005881526 0.053921547 -0.998527706 -75.536384583 -0.037858915 0.997817218 0.054106161 2.700749397 0.999265671 0.038121402 -0.003827280 18.975139618
-0.005115797 0.056793299 -0.998372674 -76.704811096 -0.037414663 0.997676015 0.056945357 2.737277746 0.999286592 0.037645090 -0.002979011 18.957473755
-0.005688951 0.060354941 -0.998160541 -77.913299561 -0.038841777 0.997410178 0.060530912 2.789205074 0.999229014 0.039114688 -0.003329931 18.941940308
-0.004503959 0.061142355 -0.998118997 -79.077651978 -0.040634055 0.997293472 0.061275158 2.830188990 0.999163806 0.040833600 -0.002007310 18.933860779
-0.004321545 0.058967326 -0.998250604 -80.272163391 -0.041823547 0.997375548 0.059096724 2.872987270 0.999115527 0.042005759 -0.001843984 18.918668747
-0.003881318 0.056755561 -0.998380661 -81.445007324 -0.042439997 0.997478962 0.056869317 2.921370029 0.999091327 0.042591993 -0.001462831 18.905233383
-0.004368754 0.055715624 -0.998437464 -82.648674011 -0.041023713 0.997595608 0.055848222 2.956725121 0.999148488 0.041203577 -0.002072595 18.887815475
-0.004469950 0.057219453 -0.998351634 -83.851203918 -0.039081305 0.997588873 0.057350706 3.008538961 0.999226034 0.039273228 -0.002222965 18.883987427
-0.004536417 0.060030837 -0.998186171 -85.015144348 -0.038530380 0.997444689 0.060161345 3.051765680 0.999247074 0.038733400 -0.002211818 18.873136520
-0.003734172 0.062200461 -0.998056412 -86.172592163 -0.038456306 0.997316420 0.062298201 3.097355366 0.999253094 0.038614199 -0.001332156 18.858966827
-0.003769986 0.062098231 -0.998062909 -87.360870361 -0.039896682 0.997266054 0.062199332 3.142486095 0.999196649 0.040053871 -0.001282170 18.841917038
-0.003489556 0.060221568 -0.998178959 -88.517196655 -0.039376818 0.997402608 0.060312368 3.181832552 0.999218225 0.039515555 -0.001109163 18.826246262
-0.002887207 0.058659162 -0.998274088 -89.682456970 -0.037427090 0.997572362 0.058726139 3.245814085 0.999294937 0.037532009 -0.000684762 18.823526382
-0.002774574 0.059121788 -0.998246968 -90.837165833 -0.035901178 0.997601330 0.059183352 3.285678625 0.999351323 0.036002412 -0.000645384 18.825643539
-0.002274097 0.062319599 -0.998053670 -91.983734131 -0.033898629 0.997477949 0.062360898 3.328204632 0.999422669 0.033974465 -0.000155816 18.820247650
-0.002705478 0.065187849 -0.997869313 -93.160949707 -0.031807531 0.997362733 0.065240987 3.386094809 0.999490440 0.031916253 -0.000624882 18.805986404
-0.002430903 0.067037605 -0.997747421 -94.313774109 -0.033041805 0.997200191 0.067081347 3.436991692 0.999451101 0.033130445 -0.000209057 18.804153442
-0.001984559 0.068787530 -0.997629285 -95.463088989 -0.035190474 0.997008741 0.068814740 3.501559258 0.999378860 0.035243612 0.000442040 18.804338455
-0.001892032 0.068019457 -0.997682035 -96.627143860 -0.037446391 0.996979475 0.068042561 3.556565285 0.999297023 0.037488326 0.000660765 18.788486481
-0.001969578 0.064561613 -0.997911513 -97.814346313 -0.039992347 0.997110128 0.064588696 3.590887785 0.999198377 0.040036019 0.000618085 18.785463333
-0.001681008 0.062396333 -0.998049974 -98.969131470 -0.041561954 0.997184634 0.062412232 3.643013477 0.999134481 0.041585825 0.000917035 18.761596680
-0.001623285 0.061201934 -0.998123944 -100.121910095 -0.041737221 0.997251511 0.061216280 3.680330276 0.999127209 0.041758295 0.000935571 18.762397766
-0.001454715 0.061131064 -0.998128593 -101.269371033 -0.039456241 0.997349083 0.061140820 3.744316816 0.999220073 0.039471366 0.000961144 18.762090683
-0.001739136 0.063786149 -0.997962058 -102.445487976 -0.039322834 0.997187436 0.063805170 3.796913624 0.999224961 0.039353650 0.000774008 18.764711380
-0.001331152 0.065878272 -0.997826755 -103.582130432 -0.037189782 0.997134209 0.065882169 3.845827341 0.999307156 0.037196644 0.001122661 18.758016586
-0.001974356 0.064762436 -0.997898638 -104.755378723 -0.041675616 0.997028112 0.064788423 3.897995710 0.999129057 0.041715935 0.000730522 18.739789963
-0.001881183 0.065417439 -0.997856081 -105.930862427 -0.046354845 0.996779621 0.065434247 3.957456112 0.998923242 0.046378549 0.001157290 18.730817795
-0.001838868 0.064835921 -0.997894168 -107.081588745 -0.049661715 0.996658683 0.064847149 4.014678955 0.998764396 0.049676374 0.001387138 18.718851089
-0.002886317 0.061771676 -0.998085976 -108.267547607 -0.049715519 0.996847093 0.061838701 4.068649292 0.998759270 0.049798865 0.000193794 18.711965561
-0.003771716 0.057107259 -0.998360813 -109.454566956 -0.051208977 0.997047126 0.057225574 4.119282722 0.998680711 0.051340882 -0.000836174 18.697914124
-0.004882917 0.056184467 -0.998408377 -110.599441528 -0.047401778 0.997284949 0.056353088 4.172332287 0.998863876 0.047601499 -0.002206411 18.701877594
-0.005223764 0.055414051 -0.998449743 -111.820343018 -0.041819938 0.997577906 0.055584446 4.218289375 0.999111295 0.042045463 -0.002893699 18.692445755
-0.005231598 0.057316840 -0.998342156 -113.016029358 -0.041376751 0.997488618 0.057484657 4.267914772 0.999129593 0.041608889 -0.002846875 18.673759460
-0.005856751 0.062206227 -0.998046100 -114.253936768 -0.040501229 0.997229695 0.062392995 4.320567608 0.999162376 0.040787507 -0.003321099 18.675262451
-0.006424078 0.062516049 -0.998023212 -115.471870422 -0.038793605 0.997277141 0.062719010 4.377690315 0.999226570 0.039119825 -0.003981364 18.661426544
-0.006610658 0.057747763 -0.998309314 -116.674598694 -0.038598411 0.997572601 0.057960730 4.430369377 0.999232888 0.038916308 -0.004365640 18.641630173
-0.007828617 0.053726707 -0.998525023 -117.914260864 -0.039956119 0.997741282 0.053997803 4.475839615 0.999170721 0.040319923 -0.005664223 18.599794388
-0.008416580 0.052230153 -0.998599648 -119.133415222 -0.038601272 0.997873604 0.052517537 4.510655403 0.999219179 0.038989224 -0.006382536 18.572092056
-0.009289932 0.053314555 -0.998534501 -120.401229858 -0.039520096 0.997777879 0.053641837 4.568935871 0.999175489 0.039960515 -0.007162295 18.554779053
-0.010456989 0.057789151 -0.998273849 -121.662254333 -0.044137716 0.997329116 0.058196783 4.625079632 0.998970568 0.044670101 -0.007878383 18.572441101
-0.010977632 0.061944637 -0.998019099 -122.892898560 -0.049852151 0.996804476 0.062417582 4.669897079 0.998696148 0.050438609 -0.007854481 18.550239563
-0.011005750 0.061585605 -0.998041093 -124.173141479 -0.056963723 0.996442258 0.062115110 4.736189842 0.998315394 0.057535760 -0.007458452 18.506095886
-0.010769103 0.059281293 -0.998183191 -125.433357239 -0.060639419 0.996365428 0.059827566 4.789701462 0.998101354 0.061173543 -0.007135180 18.485269547
-0.011376533 0.058338419 -0.998232186 -126.675178528 -0.062639043 0.996294558 0.058939099 4.837769985 0.997970819 0.063198835 -0.007680120 18.456575394
-0.011928271 0.057790440 -0.998257577 -127.956260681 -0.062976621 0.996303260 0.058429815 4.892426968 0.997943640 0.063563831 -0.008244728 18.439502716
-0.012397221 0.056922294 -0.998301744 -129.194946289 -0.060514230 0.996505797 0.057571393 4.930217266 0.998090208 0.061125133 -0.008909295 18.416368484
-0.013156462 0.057033472 -0.998285472 -130.475723267 -0.060760602 0.996481478 0.057731163 4.977344513 0.998065650 0.061415941 -0.009644786 18.399686813
-0.013673172 0.062339734 -0.997961223 -131.726165771 -0.061041739 0.996141493 0.063062347 5.029692650 0.998041630 0.061779536 -0.009815084 18.367361069
-0.014205337 0.067272760 -0.997633398 -132.958816528 -0.059914980 0.995884061 0.068007924 5.068202972 0.998102367 0.060739264 -0.010116222 18.341943741
-0.014013762 0.065802142 -0.997734249 -134.240921021 -0.059868865 0.995986819 0.066527776 5.142186642 0.998107791 0.060665533 -0.010018023 18.317817688
-0.013521690 0.063657358 -0.997880220 -135.487762451 -0.059293244 0.996164560 0.064351320 5.208923340 0.998148918 0.060037706 -0.009695369 18.295284271
-0.012263227 0.063933365 -0.997878969 -136.711334229 -0.058620963 0.996191502 0.064545676 5.261937141 0.998205006 0.059288144 -0.008468688 18.279600143
-0.011342341 0.063009173 -0.997948587 -137.989974976 -0.059322041 0.996212482 0.063573800 5.316246986 0.998174429 0.059921414 -0.007561550 18.254261017
-0.010692848 0.064808585 -0.997840464 -139.208801270 -0.058953207 0.996120751 0.065328598 5.365699768 0.998203516 0.059524424 -0.006830696 18.229635239
-0.009779145 0.068806835 -0.997582078 -140.472244263 -0.060355127 0.995770454 0.069273509 5.417368889 0.998129129 0.060886614 -0.005584938 18.204605103
-0.008637305 0.070185140 -0.997496724 -141.734237671 -0.061211906 0.995626032 0.070583545 5.481676579 0.998087525 0.061668307 -0.004303361 18.188228607
-0.008031382 0.067169391 -0.997709394 -142.939407349 -0.063713081 0.995679915 0.067545615 5.536848545 0.997936070 0.064109623 -0.003717116 18.166952133
-0.007637089 0.064120293 -0.997913003 -144.212707520 -0.062905006 0.995935082 0.064474568 5.600478649 0.997990847 0.063266188 -0.003572548 18.148286819
-0.007446039 0.062857062 -0.997994602 -145.449768066 -0.060381800 0.996172965 0.063192822 5.647653103 0.998147488 0.060731277 -0.003622121 18.129037857
-0.006845232 0.062231019 -0.998038113 -146.673187256 -0.058148518 0.996348143 0.062524445 5.699279785 0.998284400 0.058462456 -0.003201590 18.118999481
-0.007863015 0.061963554 -0.998047292 -147.934188843 -0.055563565 0.996509373 0.062305808 5.761376381 0.998423934 0.055945054 -0.004392650 18.084947586
-0.007636063 0.060915072 -0.998113751 -149.157470703 -0.053028449 0.996713698 0.061235320 5.789118767 0.998563766 0.053396009 -0.004380741 18.061557770
-0.008126398 0.060689606 -0.998123586 -150.411254883 -0.053052220 0.996724725 0.061036475 5.845695496 0.998558640 0.053448681 -0.004880067 18.045011520
-0.007902863 0.062967032 -0.997984350 -151.649841309 -0.050511494 0.996716440 0.063287020 5.899868011 0.998692155 0.050909828 -0.004696358 18.037960052
-0.008001525 0.065665416 -0.997810066 -152.831710815 -0.047661584 0.996682703 0.065973461 5.959731102 0.998831570 0.048085082 -0.004845267 18.030338287
-0.008745038 0.063361019 -0.997952461 -154.082397461 -0.045969218 0.996909916 0.063697681 6.017410278 0.998904645 0.046432141 -0.005805356 18.003236771
-0.009297981 0.063340515 -0.997948825 -155.311538696 -0.047253888 0.996849120 0.063711002 6.072512627 0.998839676 0.047749352 -0.006275597 17.986755371
-0.009174142 0.068482012 -0.997610450 -156.522125244 -0.046990942 0.996520579 0.068839312 6.135496616 0.998853087 0.047510199 -0.005924193 17.956781387
-0.008929025 0.075271346 -0.997123063 -157.783889771 -0.051320963 0.995814264 0.075632095 6.208548069 0.998642147 0.051848643 -0.005028653 17.925432205
-0.007556276 0.075870335 -0.997089028 -158.970596313 -0.056872774 0.995470881 0.076178201 6.267840862 0.998352766 0.057282828 -0.003207098 17.915197372
-0.006459696 0.071949378 -0.997387111 -160.240615845 -0.060826696 0.995533049 0.072209597 6.328656673 0.998127341 0.061134238 -0.002054394 17.887285233
-0.004720615 0.066384681 -0.997782946 -161.464172363 -0.063055910 0.995788455 0.066550307 6.382692337 0.997998714 0.063230269 -0.000514791 17.885036469
-0.004305117 0.064413287 -0.997914195 -162.653656006 -0.065106817 0.995787799 0.064556919 6.452402115 0.997868836 0.065248922 -0.000093242 17.859140396
-0.003317549 0.061734103 -0.998087049 -163.903228760 -0.061090376 0.996215880 0.061821427 6.490103722 0.998126566 0.061178613 0.000466363 17.845853806
-0.002822365 0.056965169 -0.998372138 -165.122100830 -0.056823406 0.996753812 0.057033479 6.547868729 0.998380065 0.056891877 0.000423749 17.838195801
-0.002952170 0.054204270 -0.998525560 -166.313995361 -0.051306117 0.997206450 0.054284386 6.578944683 0.998678148 0.051390707 -0.000162914 17.829856873
-0.004023212 0.056089241 -0.998417675 -167.561065674 -0.047630638 0.997281790 0.056217365 6.637429237 0.998856723 0.047781438 -0.001340712 17.793409348
-0.003092485 0.063898101 -0.997951746 -168.755676270 -0.048601389 0.996767461 0.063972883 6.678610802 0.998813331 0.048699662 0.000023045 17.813835144
-0.001916037 0.066936322 -0.997755587 -170.012207031 -0.049156759 0.996544600 0.066949517 6.747830868 0.998788953 0.049174689 0.001380953 17.790100098
-0.000356424 0.063767582 -0.997965097 -171.228302002 -0.051668145 0.996630251 0.063700825 6.783199310 0.998663902 0.051585663 0.002939523 17.787269592
0.000549643 0.063026980 -0.998011649 -172.402679443 -0.053489313 0.996584892 0.062907428 6.843708992 0.998568237 0.053348366 0.003919031 17.783086777
0.001142781 0.064238288 -0.997933924 -173.643051147 -0.052623931 0.996555746 0.064089306 6.899783611 0.998613596 0.052441943 0.004519308 17.785400391
0.002419086 0.062955685 -0.998013377 -174.841445923 -0.051245257 0.996712804 0.062749438 6.945672512 0.998682678 0.050991621 0.005637310 17.758153915
0.003786876 0.061067358 -0.998126507 -175.995300293 -0.051642321 0.996813536 0.060791120 6.988028526 0.998658359 0.051315352 0.006928469 17.754076004
0.005229852 0.062978737 -0.998001277 -177.173339844 -0.053200308 0.996618629 0.062612757 7.039987087 0.998570263 0.052766491 0.008562659 17.764970779
0.006733475 0.065278672 -0.997844279 -178.277252197 -0.053048320 0.996485174 0.064831786 7.081411362 0.998569369 0.052497417 0.010172728 17.778079987
0.007355204 0.066638209 -0.997750044 -179.403717041 -0.053796377 0.996358335 0.066148736 7.116792202 0.998525023 0.053188786 0.010913317 17.768234253
0.007777382 0.067933314 -0.997659504 -180.488143921 -0.054735377 0.996222854 0.067408815 7.166932106 0.998470545 0.054083001 0.011466361 17.771749496
0.007688929 0.068963327 -0.997589350 -181.491790771 -0.053545639 0.996216059 0.068455689 7.202452660 0.998535693 0.052890200 0.011352519 17.765142441
0.008002019 0.068332411 -0.997630298 -182.532958984 -0.053669944 0.996253669 0.067807615 7.239785671 0.998526573 0.053000156 0.011639437 17.763738632
0.009022919 0.068244435 -0.997627795 -183.488296509 -0.054079115 0.996241748 0.067660503 7.273207664 0.998495817 0.053340327 0.012679599 17.770626068
0.010039994 0.068781830 -0.997581065 -184.466629028 -0.054706860 0.996175230 0.068134293 7.323470592 0.998451889 0.053890470 0.013764422 17.783828735
0.009412226 0.067417108 -0.997680306 -185.417785645 -0.054306559 0.996286988 0.066810578 7.355457783 0.998479605 0.053551789 0.013038462 17.787265778
0.006973707 0.064416468 -0.997898698 -186.324264526 -0.051100027 0.996642172 0.063978240 7.384839535 0.998669028 0.050546490 0.010241973 17.800554276
0.002174434 0.061265487 -0.998119056 -187.273727417 -0.050888278 0.996835172 0.061075788 7.415246964 0.998701870 0.050659753 0.005285241 17.777223587
-0.002780810 0.057999469 -0.998312533 -188.181137085 -0.053328268 0.996887624 0.058065176 7.455671310 0.998572946 0.053399753 0.000320851 17.754329681
-0.006721090 0.057266768 -0.998336256 -189.074249268 -0.054777697 0.996838808 0.057549637 7.497482777 0.998475909 0.055073362 -0.003562901 17.728513718
-0.009846098 0.057797093 -0.998279750 -190.028503418 -0.056949768 0.996675432 0.058265898 7.533525467 0.998328447 0.057425506 -0.006521833 17.703245163
-0.011728156 0.059415992 -0.998164296 -190.920944214 -0.055798814 0.996638775 0.059980787 7.569798946 0.998373032 0.056399867 -0.008373395 17.702369690
-0.013103313 0.061058301 -0.998048186 -191.899841309 -0.052611575 0.996709466 0.061667092 7.598526955 0.998528957 0.053316943 -0.009847817 17.691741943
-0.014531210 0.061499774 -0.998001337 -192.804641724 -0.051100079 0.996756911 0.062167123 7.638307571 0.998587728 0.051901300 -0.011341437 17.679523468
-0.015412865 0.060894452 -0.998025179 -193.694137573 -0.051262453 0.996783197 0.061610326 7.661074638 0.998566210 0.052110806 -0.012241680 17.659122467
-0.016097797 0.059653394 -0.998089254 -194.619430542 -0.052994400 0.996764898 0.060428947 7.705115318 0.998465002 0.053865924 -0.012884418 17.623500824
-0.015912971 0.058742657 -0.998146296 -195.504928589 -0.057106875 0.996589899 0.059561469 7.747744083 0.998241246 0.057948828 -0.012504092 17.614046097
-0.015566381 0.057082329 -0.998248100 -196.435943604 -0.059194289 0.996565223 0.057909157 7.777160645 0.998125136 0.059992027 -0.012133966 17.579868317
-0.014932343 0.054729342 -0.998389542 -197.332794189 -0.059713747 0.996669829 0.055528179 7.812426567 0.998103797 0.060446735 -0.011614525 17.556404114
-0.014155861 0.051818691 -0.998556077 -198.224868774 -0.059642985 0.996834159 0.052574866 7.840990067 0.998119473 0.060301092 -0.011020426 17.527158737
-0.013694020 0.051802233 -0.998563409 -199.175430298 -0.059679274 0.996834278 0.052530974 7.871083736 0.998123765 0.060312893 -0.010559149 17.518112183
-0.012874963 0.054244325 -0.998444736 -200.101379395 -0.057235096 0.996850133 0.054895781 7.910962105 0.998277783 0.057852846 -0.009729731 17.505378723
-0.012916250 0.055570140 -0.998371363 -201.040588379 -0.056421306 0.996822953 0.056213960 7.952318668 0.998323977 0.057055470 -0.009739874 17.484233856
-0.012499021 0.052048169 -0.998566329 -202.006866455 -0.052035321 0.997257411 0.052631266 7.973796368 0.998567045 0.052618552 -0.009756402 17.474384308
-0.011671515 0.048152894 -0.998771727 -202.940750122 -0.049802445 0.997572243 0.048677038 7.999392986 0.998690963 0.050309412 -0.009245049 17.450725555
-0.011379542 0.049035743 -0.998732150 -203.909194946 -0.054934494 0.997257829 0.049589284 8.032712936 0.998425186 0.055429142 -0.008654585 17.427289963
-0.010388399 0.052438885 -0.998569965 -204.856750488 -0.055901021 0.997031927 0.052939661 8.094352722 0.998382330 0.056371037 -0.007426178 17.412553787
-0.008423494 0.052690513 -0.998575151 -205.800796509 -0.053645480 0.997148931 0.053067792 8.113554001 0.998524606 0.054016069 -0.005572864 17.391530991
-0.006133383 0.053253572 -0.998562217 -206.815841675 -0.052303191 0.997197032 0.053502031 8.149631500 0.998612404 0.052556131 -0.003330862 17.379608154
-0.004527899 0.058034498 -0.998304307 -207.764297485 -0.052802078 0.996908009 0.058192831 8.198059082 0.998594701 0.052976012 -0.001449557 17.370367050
-0.002806267 0.062399320 -0.998047173 -208.788406372 -0.049871359 0.996800661 0.062461622 8.244953156 0.998751581 0.049949225 0.000314648 17.373638153
-0.000876490 0.063690774 -0.997969270 -209.795730591 -0.048905756 0.996773005 0.063657358 8.279788971 0.998802960 0.048862226 0.002241184 17.372459412
0.001386669 0.064253420 -0.997932732 -210.773635864 -0.052257612 0.996574938 0.064093374 8.325603485 0.998632610 0.052060694 0.004739649 17.364356995
0.004174498 0.065588422 -0.997838080 -211.797866821 -0.055084042 0.996347070 0.065259948 8.391227722 0.998472929 0.054692525 0.007772117 17.358484268
0.006776759 0.065919116 -0.997802138 -212.792053223 -0.055788800 0.996296048 0.065440699 8.437051773 0.998419702 0.055222698 0.010429193 17.354879379
0.009932014 0.063330747 -0.997943044 -213.848754883 -0.059227735 0.996277452 0.062635586 8.486644745 0.998195052 0.058483798 0.013645971 17.344655991
