1.000000000 -0.000000000 -0.000000000 0.000000000 -0.000000000 1.000000000 0.000000000 -0.000000000 -0.000000000 0.000000000 0.999999881 -0.000000000
0.999951184 -0.001451423 0.009770690 0.017362591 0.001445131 0.999998748 0.000650992 -0.011394951 -0.009771622 -0.000636840 0.999951959 0.266419470
0.999841094 -0.003466082 0.017485380 0.013754981 0.003439908 0.999992907 0.001526756 -0.024975253 -0.017490545 -0.001466366 0.999845862 0.574099362
0.999797702 -0.006788340 0.018933671 0.030663619 0.006802659 0.999976635 -0.000692013 -0.008323800 -0.018928528 0.000820672 0.999820411 0.885416746
0.999822676 -0.007825958 0.017129293 0.037742291 0.007845808 0.999968648 -0.001091946 -0.024624038 -0.017120209 0.001226146 0.999852538 1.166073322
0.999878764 -0.011486204 0.010511423 0.030515768 0.011528909 0.999925494 -0.004011232 -0.018833404 -0.010464565 0.004131930 0.999936581 1.502048135
0.999927640 -0.011924912 -0.001591038 0.029341694 0.011917723 0.999919057 -0.004453945 -0.041678116 0.001644022 0.004434661 0.999988675 1.814588666
0.999787211 -0.011976992 -0.016794823 -0.012813220 0.011893063 0.999916315 -0.005088300 -0.040920116 0.016854359 0.004887475 0.999845862 2.158856153
0.999343991 -0.008234378 -0.035265975 -0.037592415 0.008049435 0.999953151 -0.005382996 -0.044916835 0.035308640 0.005095593 0.999363303 2.518234253
0.998468578 -0.006142386 -0.054978400 -0.084491111 0.005832852 0.999966264 -0.005788783 -0.061031565 0.055012085 0.005459236 0.998470664 2.876422882
0.997223079 -0.003946594 -0.074367143 -0.131580323 0.003461252 0.999971867 -0.006654060 -0.058033317 0.074391305 0.006378177 0.997208655 3.219902277
0.995398283 -0.004425873 -0.095722064 -0.184351236 0.003843217 0.999972880 -0.006270463 -0.065916628 0.095747232 0.005873724 0.995388269 3.609710932
0.993333757 -0.004889295 -0.115168974 -0.246652365 0.004252811 0.999974251 -0.005771562 -0.069928326 0.115194231 0.005243293 0.993329108 4.003668308
0.991131425 -0.004794087 -0.132798582 -0.316540569 0.004191013 0.999979496 -0.004820398 -0.076334476 0.132818967 0.004221084 0.991131425 4.381273270
0.988876343 -0.004392156 -0.148676559 -0.385538280 0.003845331 0.999984503 -0.003965192 -0.085585006 0.148691610 0.003349365 0.988878131 4.797063351
0.986826956 -0.003787377 -0.161734641 -0.466352314 0.003125940 0.999985933 -0.004343912 -0.093833059 0.161748767 0.003781117 0.986824572 5.206451893
0.984694839 -0.004587434 -0.174226299 -0.562050700 0.003721399 0.999979258 -0.005297116 -0.097318545 0.174246907 0.004567678 0.984691322 5.654911518
0.982927978 -0.007880549 -0.183821693 -0.654888988 0.006740296 0.999954164 -0.006827072 -0.110522255 0.183866963 0.005471507 0.982935905 6.096875668
0.981400251 -0.006837107 -0.191850021 -0.738467574 0.005295265 0.999949634 -0.008548280 -0.115073323 0.191898704 0.007373387 0.981387079 6.541851521
0.979838848 -0.006849200 -0.199670374 -0.851631999 0.004795736 0.999930918 -0.010766132 -0.121088222 0.199730158 0.009591511 0.979804099 7.021496773
0.978324294 -0.007684671 -0.206936330 -0.966567039 0.005032249 0.999898374 -0.013340907 -0.129796892 0.207017809 0.012010379 0.978263319 7.507037163
0.976454973 -0.011332572 -0.215423718 -1.091965675 0.008280287 0.999852240 -0.015065991 -0.138761595 0.215562552 0.012927495 0.976404309 8.020545959
0.974649310 -0.016709160 -0.223113135 -1.201122761 0.013415975 0.999777675 -0.016267862 -0.155886903 0.223335326 0.012862183 0.974656701 8.534084320
0.972703040 -0.017837217 -0.231367081 -1.326222658 0.013864514 0.999727488 -0.018785287 -0.188703626 0.231639042 0.015064718 0.972685099 9.049478531
0.970625103 -0.014083127 -0.240185216 -1.490710735 0.008825930 0.999697626 -0.022949783 -0.193972081 0.240435749 0.020155787 0.970455706 9.575330734
0.968512237 -0.011129107 -0.248717159 -1.642387629 0.004858833 0.999655247 -0.025810156 -0.208726391 0.248918608 0.023788970 0.968232155 10.104969978
0.966045976 -0.014149126 -0.257982194 -1.799399495 0.007173260 0.999583423 -0.027961342 -0.229284436 0.258270323 0.025161367 0.965744972 10.668400764
0.963760197 -0.015531342 -0.266317159 -1.966693163 0.007911474 0.999528885 -0.029661093 -0.266495705 0.266652286 0.026479218 0.963428974 11.217301369
0.961695969 -0.015974570 -0.273652107 -2.135657072 0.007331418 0.999442518 -0.032578096 -0.287010491 0.274019897 0.029323956 0.961276770 11.794872284
0.959179699 -0.015167272 -0.282390147 -2.318624258 0.005258806 0.999344587 -0.035812847 -0.300415039 0.282748282 0.032865915 0.958630800 12.387091637
0.957080245 -0.016693601 -0.289341658 -2.509479284 0.004939949 0.999134243 -0.041304901 -0.338881135 0.289780706 0.038102761 0.956334293 12.963953972
0.955187678 -0.017210700 -0.295499474 -2.705087662 0.003094820 0.998834252 -0.048170995 -0.377074808 0.295984089 0.045097832 0.954127610 13.580296516
0.954048693 -0.017688191 -0.299128532 -2.917637587 0.000865518 0.998414636 -0.056278169 -0.407947004 0.299649835 0.053433213 0.952551723 14.219298363
0.953062475 -0.018139437 -0.302228779 -3.113675117 -0.001691272 0.997868776 -0.065224372 -0.465398550 0.302768052 0.062674031 0.951001406 14.836340904
0.951601088 -0.016951248 -0.306868076 -3.338332176 -0.006058919 0.997248888 -0.073876336 -0.500175536 0.307276070 0.072160088 0.948880434 15.471293449
0.950238526 -0.015923167 -0.311116457 -3.569532394 -0.009696829 0.996696949 -0.080628574 -0.553902447 0.311372608 0.079633184 0.946945250 16.112215042
0.948672473 -0.014755088 -0.315916896 -3.813370228 -0.013698220 0.996056437 -0.087656081 -0.632432401 0.315964341 0.087484315 0.944728851 16.809011459
0.947197676 -0.013012288 -0.320385665 -4.056680679 -0.017961001 0.995454490 -0.093530290 -0.702735901 0.320146352 0.094346114 0.942658544 17.488405228
0.945512176 -0.011511097 -0.325383067 -4.299114227 -0.021985494 0.994836569 -0.099080771 -0.784586430 0.324843526 0.100835778 0.940377057 18.142560959
0.943811774 -0.007648498 -0.330394745 -4.574541569 -0.027565887 0.994426370 -0.101765774 -0.845521808 0.329331607 0.105155341 0.938340604 18.859436035
0.942076564 -0.007911246 -0.335303158 -4.812597752 -0.028473843 0.994225979 -0.103458926 -0.926011324 0.334185660 0.107013635 0.936412275 19.508293152
0.939810097 -0.006570781 -0.341633976 -5.102926731 -0.030312877 0.994269907 -0.102511689 -1.011537790 0.340349942 0.106697418 0.934225559 20.243614197
0.937656283 -0.006631061 -0.347500652 -5.381565571 -0.030518750 0.994385302 -0.101323336 -1.099949360 0.346221417 0.105611734 0.932189047 20.965480804
0.935184240 -0.006923328 -0.354093790 -5.643515587 -0.030276835 0.994585812 -0.099409431 -1.188848972 0.352864861 0.103686929 0.929911137 21.682983398
0.932430565 -0.006349959 -0.361293405 -5.920998573 -0.030299144 0.994950712 -0.095683299 -1.276781797 0.360076576 0.100164890 0.927529931 22.366186142
0.928553998 -0.003913838 -0.371176690 -6.249291420 -0.032033589 0.995369077 -0.090632394 -1.351298332 0.369812459 0.096047148 0.924128592 23.200183868
0.925315440 -0.001637977 -0.379194498 -6.573575020 -0.033154968 0.995811582 -0.085206732 -1.441050172 0.377745748 0.091415256 0.921385646 23.923702240
0.921705127 0.001496250 -0.387887895 -6.932663441 -0.035766989 0.996060371 -0.081147805 -1.508711696 0.386238277 0.088667914 0.918127239 24.691968918
0.917889714 0.003068099 -0.396824002 -7.263379574 -0.037393417 0.996189475 -0.078792162 -1.580365896 0.395070016 0.087161116 0.914506614 25.427762985
0.913840890 0.003903656 -0.406053990 -7.629296303 -0.038956683 0.996184289 -0.078096598 -1.660282373 0.404199690 0.087186374 0.910505831 26.199825287
0.909937739 0.003744520 -0.414728075 -7.985023975 -0.039275747 0.996243238 -0.077178314 -1.727464676 0.412881076 0.086516216 0.906666338 26.949312210
0.906269670 0.002886855 -0.422690123 -8.355205536 -0.038484871 0.996386707 -0.075708449 -1.807311535 0.420944333 0.084879488 0.903106213 27.726388931
0.902435958 0.002471447 -0.430817217 -8.738423347 -0.037856806 0.996570528 -0.073581919 -1.886016846 0.429157823 0.082712337 0.899434328 28.513462067
0.899079859 0.002716838 -0.437776327 -9.131117821 -0.036948066 0.996883869 -0.069695115 -1.953083038 0.436222881 0.078836456 0.896378458 29.273078918
0.894893885 0.004438765 -0.446257204 -9.553472519 -0.036904216 0.997261763 -0.064085737 -2.019040585 0.444750875 0.073818684 0.892607093 30.109004974
0.891195595 0.004792683 -0.453594327 -9.971078873 -0.035534073 0.997608781 -0.059274465 -2.086113691 0.452225924 0.068943150 0.889235139 30.886039734
0.887511432 0.003947319 -0.460768878 -10.403323174 -0.034281962 0.997757673 -0.057484712 -2.156441450 0.459508717 0.066814385 0.885656476 31.724306107
0.884338021 0.003961573 -0.466830313 -10.845712662 -0.034287177 0.997814596 -0.056484215 -2.217603207 0.465586364 0.065957420 0.882541120 32.535503387
0.881475389 0.003571417 -0.472216547 -11.289592743 -0.033304002 0.997951686 -0.054620199 -2.271342278 0.471054226 0.063873060 0.879788578 33.346302032
0.878119648 0.003512206 -0.478427619 -11.740176201 -0.032884847 0.998051107 -0.053030979 -2.341215372 0.477309048 0.062300585 0.876523972 34.194232941
0.875695705 0.002151713 -0.482858360 -12.231991768 -0.031597894 0.998102009 -0.052857157 -2.397997379 0.481828064 0.061544076 0.874101698 35.031517029
0.873453021 0.001922881 -0.486904472 -12.710226059 -0.031871501 0.998073518 -0.053232383 -2.462406874 0.485863984 0.062014338 0.871831596 35.883548737
0.872350514 0.000666069 -0.488880366 -13.220149040 -0.031069970 0.998053074 -0.054080993 -2.515416384 0.487892509 0.062367029 0.870672822 36.745018005
0.871916533 0.000566717 -0.489654154 -13.709491730 -0.030485347 0.998122096 -0.053129405 -2.579007149 0.488704503 0.061251678 0.870296597 37.603500366
0.871614397 0.000787104 -0.490191579 -14.235300064 -0.029946389 0.998216212 -0.051645137 -2.639839411 0.489276588 0.059694100 0.870083392 38.506862640
0.871300638 0.000064987 -0.490750134 -14.734057426 -0.028750073 0.998289108 -0.050912064 -2.704573631 0.489907146 0.058468785 0.869811833 39.399864197
0.870935142 -0.001989147 -0.491394103 -15.246763229 -0.026946701 0.998293817 -0.051800720 -2.766020775 0.490658760 0.058356516 0.869395435 40.282711029
0.870298386 -0.006365736 -0.492483705 -15.813401222 -0.022611493 0.998345494 -0.052862540 -2.828903437 0.492005438 0.057141982 0.868714631 41.220298767
0.869171441 -0.002378266 -0.494505137 -16.331605911 -0.026211649 0.998361111 -0.050872646 -2.897578239 0.493815780 0.057178818 0.867684543 42.117851257
0.867138207 -0.001494010 -0.498065591 -16.882135391 -0.025287652 0.998573720 -0.047021452 -2.969368458 0.497425467 0.053368986 0.865863502 43.078994751
0.864262938 -0.001385196 -0.503038704 -17.440515518 -0.023327302 0.998809993 -0.042828634 -3.035478115 0.502499521 0.048749715 0.863202155 44.006599426
0.859106600 -0.004283382 -0.511778891 -17.937435150 -0.018914735 0.999016106 -0.040112868 -3.087691784 0.511447489 0.044141367 0.858180463 44.875713348
0.854096770 -0.008081589 -0.520051420 -18.507316589 -0.016341165 0.998968720 -0.042361561 -3.149158001 0.519857347 0.044679128 0.853083909 45.790412903
0.847619236 -0.010953873 -0.530491948 -19.071228027 -0.015493806 0.998849571 -0.045380745 -3.208792210 0.530378759 0.046684936 0.846474409 46.686267853
0.841905296 -0.012051794 -0.539490879 -19.672410965 -0.014697612 0.998867691 -0.045250311 -3.275540352 0.539425313 0.046025705 0.840774834 47.592014313
0.835725963 -0.008619920 -0.549079001 -20.263442993 -0.015839335 0.999082506 -0.039792750 -3.330644608 0.548918009 0.041952875 0.834822595 48.498168945
0.830820143 -0.003967788 -0.556526840 -20.851760864 -0.018832166 0.999201596 -0.035237774 -3.395147324 0.556222022 0.039756853 0.830081999 49.343620300
0.826970696 -0.004124527 -0.562229872 -21.489543915 -0.019896453 0.999132156 -0.036594894 -3.452748775 0.561892509 0.041449271 0.826171041 50.255714417
0.823508382 -0.005486630 -0.567277610 -22.078529358 -0.021756332 0.998912215 -0.041244715 -3.500545025 0.566886365 0.046307225 0.822493434 51.105731964
0.820592046 -0.008830778 -0.571446061 -22.714508057 -0.022654949 0.998592138 -0.047963951 -3.572759151 0.571064949 0.052304920 0.819236577 51.958171844
0.817209125 -0.009221351 -0.576267362 -23.333314896 -0.023714548 0.998487234 -0.049607433 -3.633558035 0.575852871 0.054205570 0.815754056 52.847545624
0.814272523 -0.008231008 -0.580424368 -23.950973511 -0.022602590 0.998691559 -0.045871478 -3.696910620 0.580041945 0.050470974 0.813021243 53.679580688
0.811345994 -0.005987104 -0.584535420 -24.612386703 -0.021884210 0.998935521 -0.040607285 -3.758471966 0.584156156 0.045738652 0.810351372 54.568893433
0.807719767 -0.004308349 -0.589550674 -25.221174240 -0.021783520 0.999072433 -0.037145805 -3.821528673 0.589163780 0.042845879 0.806876779 55.406753540
0.804791629 -0.003661990 -0.593545914 -25.874618530 -0.023240456 0.999019742 -0.037675492 -3.869067669 0.593101919 0.044115186 0.803917825 56.272235870
0.801209390 -0.005062808 -0.598362088 -26.530609131 -0.022970065 0.998966992 -0.039209466 -3.927833796 0.597942054 0.045159396 0.800266087 57.132339478
0.797714591 -0.007211885 -0.602992117 -27.186355591 -0.023007639 0.998836517 -0.042383686 -3.986819983 0.602595985 0.047683511 0.796620488 57.978324890
0.793628693 -0.008269349 -0.608346462 -27.822757721 -0.022164559 0.998850942 -0.042492703 -4.038773537 0.607998610 0.047207143 0.792533398 58.782669067
0.788889229 -0.008694207 -0.614474177 -28.516296387 -0.021262867 0.998915195 -0.041431889 -4.101167679 0.614167690 0.045750640 0.787848413 59.652404785
0.784122646 -0.008789326 -0.620544076 -29.173852921 -0.020940846 0.998955905 -0.040610068 -4.167416573 0.620253086 0.044837985 0.783119559 60.492099762
0.778565526 -0.010323025 -0.627478242 -29.877843857 -0.020155298 0.998937786 -0.041442513 -4.233003139 0.627239406 0.044912726 0.777530313 61.341304779
0.773048103 -0.011610725 -0.634240985 -30.571126938 -0.019707697 0.998910427 -0.042307377 -4.295073509 0.634041011 0.045205060 0.771977007 62.180362701
0.767849505 -0.012761533 -0.640503228 -31.275875092 -0.019599967 0.998865783 -0.043398507 -4.360065460 0.640330315 0.045877364 0.766728282 63.013423920
0.761977017 -0.014004400 -0.647452295 -31.999189377 -0.019250276 0.998834848 -0.044260204 -4.416946411 0.647317350 0.046188910 0.760819972 63.861549377
0.755464315 -0.016123172 -0.654991508 -32.726463318 -0.017422952 0.998849273 -0.044683076 -4.478332520 0.654958129 0.045168348 0.754314005 64.635307312
0.749453902 -0.017078398 -0.661836326 -33.459281921 -0.016854551 0.998851180 -0.044860754 -4.542297840 0.661842048 0.044776011 0.748304844 65.473068237
0.743739069 -0.017357746 -0.668244779 -34.198684692 -0.016251737 0.998897970 -0.044034228 -4.607845306 0.668272913 0.043610096 0.742637098 66.317825317
0.737159669 -0.017580032 -0.675489843 -34.960391998 -0.015902000 0.998933196 -0.043351647 -4.671370506 0.675531507 0.042698711 0.736093700 67.150039673
0.730729163 -0.018694615 -0.682411194 -35.710067749 -0.015349964 0.998922288 -0.043802243 -4.739669323 0.682494700 0.042482547 0.729654908 67.947280884
0.724328578 -0.020585183 -0.689147472 -36.475967407 -0.014849081 0.998856485 -0.045443483 -4.811584473 0.689294934 0.043149211 0.723194599 68.750244141
0.718488693 -0.019792391 -0.695256889 -37.256256104 -0.016396808 0.998835206 -0.045379296 -4.874726295 0.695345223 0.044004489 0.717327356 69.530540466
0.712845743 -0.019371048 -0.701053202 -38.087009430 -0.016626243 0.998870492 -0.044506084 -4.937629223 0.701123714 0.043381825 0.711718619 70.357467651
0.707867742 -0.018512174 -0.706102490 -38.901824951 -0.018210638 0.998845935 -0.044443306 -4.996468544 0.706110179 0.044318561 0.706713438 71.144813538
0.702965081 -0.018690994 -0.710978866 -39.715229034 -0.018901061 0.998810709 -0.044945847 -5.068167686 0.710973203 0.045033615 0.701775551 71.953651428
0.697642326 -0.020896796 -0.716141641 -40.557014465 -0.018849351 0.998693287 -0.047503985 -5.140719414 0.716198325 0.046639591 0.696336448 72.745361328
0.693366945 -0.023624852 -0.720197618 -41.373825073 -0.018571887 0.998544812 -0.050635550 -5.212922573 0.720345318 0.048484460 0.691918671 73.514671326
0.688176453 -0.024104841 -0.725142777 -42.213134766 -0.019502707 0.998472393 -0.051699229 -5.286395073 0.725281060 0.049720429 0.686654866 74.332717896
0.683645189 -0.024038974 -0.729418516 -43.090305328 -0.018800281 0.998545766 -0.050528925 -5.365154743 0.729572237 0.048257127 0.682198822 75.132339478
0.678408742 -0.024303053 -0.734282851 -43.954330444 -0.017170571 0.998655498 -0.048917148 -5.433378696 0.734484255 0.045793846 0.677079022 75.884849548
0.673224092 -0.025375836 -0.739003062 -44.839092255 -0.016332000 0.998656809 -0.049170084 -5.507455826 0.739258111 0.045171876 0.671905458 76.656623840
0.668157458 -0.025959663 -0.743566930 -45.711582184 -0.016084323 0.998653591 -0.049318444 -5.575478077 0.743845880 0.044912264 0.666840374 77.432304382
0.663912296 -0.026608836 -0.747337043 -46.590179443 -0.015267876 0.998676240 -0.049121246 -5.657806396 0.747654378 0.044022445 0.662627220 78.222198486
0.659940600 -0.027657444 -0.750808537 -47.468994141 -0.013790847 0.998708010 -0.048911069 -5.725085735 0.751191080 0.042632692 0.658706427 78.987174988
0.656193793 -0.030254100 -0.753985286 -48.369731903 -0.011278631 0.998691380 -0.049888846 -5.801903725 0.754507661 0.041240711 0.654993832 79.747406006
0.651436210 -0.034482338 -0.757919371 -49.291351318 -0.008591114 0.998567462 -0.052814983 -5.896399021 0.758654714 0.040916950 0.650206685 80.542678833
0.646846116 -0.038717557 -0.761637092 -50.195808411 -0.004644992 0.998492002 -0.054702915 -5.961030006 0.762606323 0.038922146 0.645690858 81.311386108
0.640333295 -0.043207854 -0.766881227 -51.122417450 0.001700173 0.998493969 -0.054837875 -6.036025047 0.768095553 0.033810634 0.639442623 82.070930481
0.631917357 -0.046224218 -0.773656130 -52.041313171 0.005754730 0.998472154 -0.054956056 -6.120410442 0.775014162 0.030275492 0.631217897 82.828910828
0.623204291 -0.047199268 -0.780633569 -52.986137390 0.007892831 0.998505950 -0.054071348 -6.205513000 0.782019138 0.027536076 0.622645617 83.580093384
0.614112437 -0.046235111 -0.787863255 -53.949455261 0.009451148 0.998641908 -0.051237661 -6.282815933 0.789161623 0.024019467 0.613715351 84.328613281
0.605146527 -0.045617573 -0.794806182 -54.937004089 0.008750433 0.998677731 -0.050656330 -6.370629311 0.796066046 0.023699598 0.604745448 85.068069458
0.595567465 -0.047048546 -0.801926315 -55.924003601 0.007493975 0.998565197 -0.053019702 -6.443222046 0.803270221 0.025567185 0.595065475 85.794830322
0.585713148 -0.049331415 -0.809015751 -56.920684814 0.008202571 0.998455524 -0.054944400 -6.534578323 0.810476899 0.025545636 0.585213125 86.503784180
0.575679719 -0.051653758 -0.816041946 -57.932231903 0.009462262 0.998356402 -0.056518734 -6.598483562 0.817620337 0.024815079 0.575222671 87.192779541
0.565429747 -0.053105619 -0.823084950 -58.962375641 0.013165765 0.998379052 -0.055371203 -6.686380386 0.824691236 0.020471983 0.565212488 87.913253784
0.555304587 -0.052419644 -0.829993308 -59.982337952 0.013209875 0.998441577 -0.054220241 -6.773889542 0.831542015 0.019144645 0.555131793 88.595062256
0.545156598 -0.053186793 -0.836645246 -61.033119202 0.014313416 0.998430550 -0.054145113 -6.859912872 0.838211834 0.017542318 0.545062482 89.264221191
0.534759641 -0.054119453 -0.843269110 -62.094554901 0.013155388 0.998359323 -0.055730332 -6.942029953 0.844901800 0.018708808 0.534594178 89.905776978
0.524929225 -0.054066010 -0.849427044 -63.123207092 0.011381119 0.998337150 -0.056510836 -7.031911373 0.851069927 0.019996749 0.524671555 90.536338806
0.515062034 -0.054491933 -0.855418980 -64.213653564 0.009189066 0.998270929 -0.058058996 -7.129135132 0.857103705 0.022043476 0.514672041 91.221450806
0.505909503 -0.054853491 -0.860840499 -65.298660278 0.008997985 0.998257279 -0.058321752 -7.215155602 0.862539530 0.021759693 0.505521417 91.816169739
0.496256202 -0.052986301 -0.866557479 -66.414489746 0.008365235 0.998381376 -0.056256179 -7.299359798 0.868135750 0.020668522 0.495896041 92.453247070
0.488441795 -0.051270623 -0.871088862 -67.532608032 0.008939982 0.998513937 -0.053757749 -7.391124725 0.872550607 0.018470015 0.488174349 93.054306030
0.480861187 -0.051507346 -0.875282466 -68.639045715 0.009050962 0.998511374 -0.053786539 -7.475335598 0.876749873 0.017941708 0.480611593 93.662979126
0.472963274 -0.054453529 -0.879397750 -69.758270264 0.010307385 0.998361886 -0.056276366 -7.564475060 0.881021738 0.017552365 0.472749829 94.259155273
0.466246933 -0.058108177 -0.882744014 -70.890121460 0.013426255 0.998189926 -0.058616158 -7.655877113 0.884552598 0.015477661 0.466183484 94.855102539
0.460151523 -0.061994448 -0.885673344 -72.032035828 0.016079674 0.997977555 -0.061501205 -7.737427711 0.887694716 0.014058532 0.460217625 95.394378662
0.454402149 -0.064335085 -0.888470411 -73.163810730 0.016159730 0.997820079 -0.063988410 -7.847826958 0.890650272 0.014719024 0.454450965 96.015022278
0.449339241 -0.065381333 -0.890965462 -74.273864746 0.018467914 0.997785091 -0.063906126 -7.951448441 0.893170238 0.012261253 0.449551284 96.572654724
0.445022613 -0.063096106 -0.893293679 -75.414009094 0.020138554 0.997967720 -0.060456879 -8.050300598 0.895292640 0.008915033 0.445388734 97.146377563
0.441379607 -0.061156895 -0.895233929 -76.525550842 0.024308696 0.998123586 -0.056200705 -8.144762039 0.896990955 0.003043880 0.442037910 97.680709839
0.438201249 -0.060944337 -0.896808624 -77.668479919 0.026066246 0.998140872 -0.055093993 -8.234889984 0.898498476 0.000765834 0.438974857 98.230514526
0.435476810 -0.060509276 -0.898164034 -78.790260315 0.026652982 0.998167574 -0.054323763 -8.325869560 0.899805307 -0.000282015 0.436291516 98.791862488
0.433047086 -0.060695030 -0.899325550 -79.909675598 0.030642265 0.998144925 -0.052609306 -8.411163330 0.900850236 -0.004775065 0.434103519 99.305023193
0.430079073 -0.059679605 -0.900816560 -81.032836914 0.032260936 0.998191237 -0.050728317 -8.496693611 0.902214527 -0.007243990 0.431226432 99.844070435
0.427877486 -0.059938878 -0.901847422 -82.193351746 0.033233583 0.998167157 -0.050573014 -8.595252991 0.903225303 -0.008332551 0.429085195 100.379066467
0.424901247 -0.060133502 -0.903240144 -83.301651001 0.035176087 0.998134434 -0.049903613 -8.678072929 0.904556036 -0.010568348 0.426223785 100.902915955
0.422878474 -0.059217840 -0.904249430 -84.397369385 0.038455319 0.998136401 -0.047382448 -8.764461517 0.905370057 -0.014736187 0.424367577 101.405998230
0.421386212 -0.058916874 -0.904965341 -85.462776184 0.040732559 0.998109996 -0.046014357 -8.839804649 0.905966163 -0.017471757 0.422989696 101.899841309
0.419579446 -0.059554361 -0.905762851 -86.555397034 0.041987613 0.998050570 -0.046172276 -8.925496101 0.906746924 -0.018657878 0.421262175 102.407623291
0.418328315 -0.060594849 -0.906272411 -87.631195068 0.043184042 0.997970641 -0.046792533 -9.000283241 0.907268763 -0.019561861 0.420096189 102.897232056
0.417931110 -0.062055953 -0.906357050 -88.687561035 0.043615926 0.997884095 -0.048210841 -9.075984955 0.907431483 -0.019382764 0.419753730 103.378906250
0.417856008 -0.062102050 -0.906388402 -89.725097656 0.042419530 0.997906566 -0.048816592 -9.148437500 0.907522380 -0.018050259 0.419615597 103.829360962
0.420455039 -0.061795153 -0.905206680 -90.769760132 0.040058263 0.997969389 -0.049521264 -9.235526085 0.906428695 -0.015439540 0.422076643 104.323562622
0.424479932 -0.062342402 -0.903288662 -91.799072266 0.038457744 0.997967780 -0.050804559 -9.322727203 0.904620290 -0.013172932 0.426014781 104.814331055
0.429569662 -0.062470846 -0.900870144 -92.806091309 0.036839653 0.997985840 -0.051638771 -9.408695221 0.902281880 -0.011005302 0.431005865 105.285964966
0.435327083 -0.061854355 -0.898145020 -93.809814453 0.034830868 0.998047352 -0.051852148 -9.487996101 0.899598181 -0.008710527 0.436631471 105.743431091
0.442022026 -0.060591396 -0.894955397 -94.819633484 0.033489756 0.998135149 -0.051036265 -9.565053940 0.896378696 -0.007412684 0.443226993 106.223892212
0.449884415 -0.059639435 -0.891093254 -95.818618774 0.032652687 0.998199046 -0.050322559 -9.636529922 0.892489552 -0.006457254 0.451021701 106.738739014
0.458784461 -0.059915531 -0.886525393 -96.817558289 0.033791360 0.998178542 -0.049974278 -9.720405579 0.887904584 -0.007029466 0.459973842 107.241004944
0.468901575 -0.059856135 -0.881220043 -97.796730042 0.033540919 0.998188078 -0.049953833 -9.795073509 0.882613182 -0.006133493 0.470059693 107.768188477
0.477398515 -0.060739920 -0.876585245 -98.774879456 0.033650123 0.998139858 -0.050836407 -9.871884346 0.878042102 -0.005227965 0.478554487 108.288421631
0.488510221 -0.061259013 -0.870405376 -99.738075256 0.029893812 0.998121798 -0.053469975 -9.948816299 0.872045815 0.000100900 0.489424020 108.808364868
0.500099540 -0.061969016 -0.863748074 -100.668853760 0.028175423 0.998072147 -0.055292848 -10.028850555 0.865509212 0.003315462 0.500881672 109.326599121
0.512304366 -0.059992138 -0.856705964 -101.616195679 0.025234094 0.998177946 -0.054809101 -10.102680206 0.858433127 0.006460744 0.512884676 109.886230469
0.525539756 -0.057710554 -0.848809540 -102.529724121 0.023905639 0.998304427 -0.053073555 -10.182449341 0.850433230 0.007600934 0.526028097 110.446929932
0.537776172 -0.056502651 -0.841192186 -103.434585571 0.024513122 0.998377800 -0.051389482 -10.252779007 0.842731416 0.007015785 0.538288593 111.034873962
0.549349308 -0.055088401 -0.833774924 -104.356597900 0.023787398 0.998451293 -0.050295942 -10.330449104 0.835254371 0.007796690 0.549808204 111.611106873
0.561101675 -0.055481534 -0.825885236 -105.236877441 0.023786006 0.998419940 -0.050912023 -10.412944794 0.827404916 0.008922308 0.561534524 112.227928162
0.572187960 -0.056174669 -0.818196297 -106.092918396 0.023635156 0.998366535 -0.052015826 -10.477676392 0.819781899 0.010424629 0.572580755 112.832275391
0.582551599 -0.058213659 -0.810706258 -106.947509766 0.026505308 0.998261988 -0.052635301 -10.556287766 0.812361360 0.009174752 0.583081901 113.408050537
0.593612731 -0.056589711 -0.802758455 -107.816963196 0.024366181 0.998330772 -0.052358456 -10.632371902 0.804381490 0.011520463 0.594000936 114.049743652
0.604226768 -0.054652490 -0.794936001 -108.617477417 0.023592433 0.998434663 -0.050710719 -10.698831558 0.796463132 0.011886298 0.604570270 114.689277649
0.614744425 -0.051752083 -0.787026823 -109.449523926 0.022555761 0.998590291 -0.048045542 -10.758075714 0.788403928 0.011783733 0.615045130 115.337188721
0.623774111 -0.052014757 -0.779872119 -110.237709045 0.024872329 0.998598576 -0.046709180 -10.832864761 0.781208992 0.009738738 0.624193609 115.920242310
0.634142578 -0.051276531 -0.771513999 -110.989463806 0.023400651 0.998614311 -0.047136065 -10.909625053 0.772861779 0.011837056 0.634463787 116.550796509
0.643261790 -0.050194699 -0.763999164 -111.778503418 0.020941125 0.998628855 -0.047978122 -10.976594925 0.765359759 0.014863493 0.643430948 117.189575195
0.652685523 -0.050492447 -0.755944312 -112.521087646 0.021805862 0.998615146 -0.047874086 -11.049403191 0.757314742 0.014762717 0.652883053 117.809516907
0.661935687 -0.048455898 -0.747992754 -113.258506775 0.021370299 0.998722553 -0.045786861 -11.112102509 0.749255657 0.014323132 0.662125647 118.468032837
0.670397520 -0.047332682 -0.740490973 -113.981864929 0.021768901 0.998788297 -0.044134956 -11.163228989 0.741682410 0.013468292 0.670615792 119.110244751
0.678516030 -0.046469379 -0.733114481 -114.668533325 0.021845208 0.998832047 -0.043093968 -11.222316742 0.734260321 0.013224915 0.678738952 119.747161865
0.686229706 -0.046037763 -0.725926638 -115.412681580 0.021649966 0.998845458 -0.042880073 -11.299280167 0.727062225 0.013709306 0.686434388 120.422958374
0.693816900 -0.045052085 -0.718740702 -116.098739624 0.021508411 0.998892367 -0.041849971 -11.364852905 0.719829917 0.013577251 0.694017470 121.065666199
0.701386034 -0.042713780 -0.711500585 -116.765869141 0.020614933 0.999001026 -0.039651502 -11.416707993 0.712483287 0.013143486 0.701565742 121.744354248
0.708152115 -0.040044695 -0.704923332 -117.436470032 0.019399028 0.999117136 -0.037269104 -11.474043846 0.705793202 0.012717372 0.708303630 122.414161682
0.715542674 -0.038449157 -0.697509825 -118.049583435 0.018692099 0.999180734 -0.035902884 -11.518417358 0.698318422 0.012652147 0.715675235 123.034736633
0.723497391 -0.037543140 -0.689305365 -118.700683594 0.018337278 0.999213040 -0.035175435 -11.591753960 0.690083265 0.012809358 0.723616362 123.691253662
0.731847465 -0.034431726 -0.680598021 -119.317283630 0.014602327 0.999285877 -0.034852386 -11.631518364 0.681311846 0.015568313 0.731827557 124.364364624
0.739715517 -0.031880736 -0.672163963 -119.873596191 0.014573716 0.999402046 -0.031363282 -11.672069550 0.672761679 0.013403982 0.739737749 124.982002258
0.749301732 -0.028582534 -0.661611557 -120.465919495 0.013136663 0.999513090 -0.028302552 -11.694933891 0.662098289 0.012515783 0.749312401 125.607177734
0.759307384 -0.025908343 -0.650216162 -121.021438599 0.010978176 0.999574959 -0.027008763 -11.760772705 0.650639415 0.013369760 0.759269178 126.285026550
0.769422710 -0.025482446 -0.638231516 -121.570877075 0.009901969 0.999559700 -0.027971717 -11.791318893 0.638663113 0.015202320 0.769336283 126.963020325
0.779142499 -0.026064865 -0.626305163 -122.135063171 0.009852007 0.999520838 -0.029340753 -11.847169876 0.626769722 0.016690250 0.779025853 127.624549866
0.788805664 -0.025840217 -0.614099324 -122.660377502 0.010063180 0.999524891 -0.029132186 -11.895538330 0.614560246 0.016799839 0.788690925 128.280761719
0.798829794 -0.024007110 -0.601078093 -123.158325195 0.009144343 0.999572635 -0.027770223 -11.920152664 0.601487517 0.016687218 0.798707545 128.975952148
0.808837295 -0.021820411 -0.587627530 -123.647895813 0.008519877 0.999641120 -0.025392590 -11.944795609 0.587970793 0.015531956 0.808732867 129.659820557
0.818593681 -0.020537972 -0.574005604 -124.136848450 0.008766245 0.999690890 -0.023267422 -11.978502274 0.574305892 0.014014688 0.818520725 130.390747070
0.827329278 -0.019052301 -0.561393797 -124.595275879 0.009532185 0.999756873 -0.019881602 -12.024274826 0.561636090 0.011097321 0.827309787 131.073760986
0.836220741 -0.018708337 -0.548073590 -125.098022461 0.010734293 0.999784827 -0.017749574 -12.051816940 0.548287630 0.008959373 0.836241722 131.771682739
0.842445135 -0.018980043 -0.538447678 -125.540039062 0.012495873 0.999798715 -0.015691666 -12.093429565 0.538637221 0.006490989 0.842512548 132.432540894
0.848867118 -0.019161183 -0.528259039 -125.984550476 0.012953012 0.999796689 -0.015450584 -12.125619888 0.528447628 0.006272943 0.848942757 133.132690430
0.855684400 -0.018457534 -0.517168820 -126.430160522 0.012340512 0.999807239 -0.015264649 -12.141126633 0.517350852 0.006679593 0.855747283 133.845733643
0.862273574 -0.016899602 -0.506160617 -126.872482300 0.011140089 0.999834001 -0.014404521 -12.172770500 0.506320119 0.006781965 0.862319052 134.584152222
0.869207621 -0.015127609 -0.494215667 -127.279022217 0.009431801 0.999856949 -0.014016704 -12.185194016 0.494356990 0.007522084 0.869226813 135.367462158
0.875174761 -0.015491297 -0.483558685 -127.706512451 0.010070472 0.999853969 -0.013805173 -12.226949692 0.483701795 0.007212276 0.875202954 136.155899048
0.880361915 -0.016392380 -0.474019021 -128.104476929 0.010934058 0.999838352 -0.014269049 -12.265258789 0.474176168 0.007378976 0.880399048 136.917282104
0.884551585 -0.017198533 -0.466125101 -128.513305664 0.011431491 0.999819100 -0.015196952 -12.292923927 0.466302037 0.008113982 0.884588361 137.677810669
0.888155103 -0.016643435 -0.459241599 -128.906494141 0.011259207 0.999831915 -0.014460174 -12.309579849 0.459404916 0.007672188 0.888193727 138.432510376
0.891109586 -0.015083993 -0.453537613 -129.308761597 0.011246704 0.999874592 -0.011156856 -12.336002350 0.453649014 0.004841182 0.891167223 139.183853149
0.894636035 -0.011159347 -0.446656078 -129.729537964 0.009004903 0.999935448 -0.006946079 -12.350110054 0.446704835 0.002192122 0.894678712 140.004150391
0.897311628 -0.008721884 -0.441311330 -130.088027954 0.007480405 0.999961615 -0.004553010 -12.355925560 0.441334188 0.000784282 0.897342324 140.816940308
0.901163936 -0.005737592 -0.433440119 -130.539718628 0.005364676 0.999983430 -0.002083432 -12.381943703 0.433445096 -0.000447754 0.901179910 141.630767822
0.904718161 -0.003826939 -0.425993145 -130.938644409 0.004194494 0.999991179 -0.000075281 -12.377448082 0.425989628 -0.001718717 0.904726386 142.489074707
0.907621503 -0.002697456 -0.419780612 -131.332855225 0.004274725 0.999986827 0.002816737 -12.403176308 0.419767499 -0.004350978 0.907621145 143.322891235
0.911273301 -0.002487061 -0.411794245 -131.742889404 0.004974942 0.999975145 0.004969794 -12.419623375 0.411771685 -0.006577494 0.911263168 144.188476562
0.914626002 -0.002530888 -0.404292643 -132.130218506 0.005510716 0.999965072 0.006207000 -12.425953865 0.404263109 -0.007905031 0.914608240 145.111190796
0.918155730 -0.003250742 -0.396206647 -132.516860962 0.006088353 0.999963999 0.005904573 -12.399289131 0.396173060 -0.007833565 0.918142378 145.997512817
0.921946168 -0.005680060 -0.387276798 -132.900543213 0.008605723 0.999945998 0.005820797 -12.443648338 0.387222707 -0.008699259 0.921945155 146.901519775
0.925822735 -0.007295376 -0.377887845 -133.280868530 0.009704688 0.999942958 0.004471860 -12.436659813 0.377833545 -0.007807434 0.925840676 147.831451416
0.930210710 -0.008597212 -0.366925567 -133.666641235 0.010354132 0.999942422 0.002820211 -12.463351250 0.366880059 -0.006422588 0.930246115 148.747360229
0.935897648 -0.006737836 -0.352208883 -134.029357910 0.007893356 0.999967098 0.001844806 -12.469228745 0.352184743 -0.004506662 0.935919881 149.722839355
0.941795170 -0.003550992 -0.336168706 -134.409378052 0.004822125 0.999983966 0.002946496 -12.479573250 0.336152822 -0.004396043 0.941797137 150.696197510
0.948179424 0.000476460 -0.317734867 -134.726013184 0.001532641 0.999980390 0.006073215 -12.474945068 0.317731589 -0.006245470 0.948159814 151.697219849
0.954474568 0.003301713 -0.298273891 -135.044921875 -0.001040816 0.999969482 0.007738456 -12.480694771 0.298290253 -0.007075709 0.954448938 152.695877075
0.960832357 0.005265048 -0.277080446 -135.343948364 -0.002945539 0.999957025 0.008786794 -12.501903534 0.277114689 -0.007626479 0.960806727 153.764022827
0.966801405 0.006808626 -0.255438268 -135.630950928 -0.004382112 0.999939799 0.010067335 -12.493285179 0.255491376 -0.008613756 0.966772795 154.785736084
0.972401679 0.007275394 -0.233199582 -135.898666382 -0.004379497 0.999906778 0.012933492 -12.512771606 0.233271867 -0.011555252 0.972342849 155.888824463
0.977386951 0.009573796 -0.211241171 -136.145935059 -0.006231320 0.999844730 0.016483044 -12.497327805 0.211366042 -0.014794009 0.977295041 156.965103149
0.981857002 0.011468410 -0.189275324 -136.366943359 -0.007650405 0.999752581 0.020890044 -12.514698029 0.189468086 -0.019063001 0.981701612 158.063095093
0.985928476 0.013497327 -0.166621178 -136.570037842 -0.009612863 0.999663413 0.024097692 -12.500196457 0.166890413 -0.022156894 0.985726297 159.197845459
0.989430070 0.014861786 -0.144245073 -136.736114502 -0.011478548 0.999639690 0.024258761 -12.481346130 0.144553795 -0.022346631 0.989244342 160.304534912
0.992320001 0.014334748 -0.122863881 -136.889739990 -0.011635266 0.999675512 0.022660790 -12.472210884 0.123148829 -0.021057198 0.992164612 161.439025879
0.994752288 0.014391501 -0.101294860 -137.021301270 -0.012266728 0.999692202 0.021567861 -12.455420494 0.101574063 -0.020212121 0.994622529 162.612716675
0.996651292 0.013030302 -0.080721281 -137.129135132 -0.011208185 0.999672949 0.022985177 -12.450517654 0.080994338 -0.022003477 0.996471465 163.811706543
0.998043537 0.013782538 -0.060982965 -137.216018677 -0.012248274 0.999600768 0.025461631 -12.440855980 0.061309565 -0.024664883 0.997813880 164.999023438
0.999087691 0.013810570 -0.040404368 -137.253799438 -0.012765662 0.999580383 0.026006022 -12.431346893 0.040746596 -0.025466517 0.998844922 166.176803589
0.999689639 0.015339116 -0.019632373 -137.314437866 -0.014814260 0.999536216 0.026606081 -12.417734146 0.020031389 -0.026306983 0.999453068 167.399887085
0.999876559 0.015686702 0.000792609 -137.310607910 -0.015702458 0.999506712 0.027196329 -12.398199081 -0.000365585 -0.027205423 0.999629736 168.637771606
0.999604166 0.017965086 0.021649007 -137.288085938 -0.018534360 0.999479890 0.026388571 -12.377559662 -0.021163663 -0.026779374 0.999417186 169.879089355
0.998954833 0.019136492 0.041512549 -137.263397217 -0.020211596 0.999466896 0.025635028 -12.359123230 -0.040999845 -0.026447255 0.998809099 171.136840820
0.997949004 0.019161094 0.061080057 -137.183135986 -0.020620599 0.999514580 0.023354774 -12.356464386 -0.060602896 -0.024566386 0.997859478 172.410736084
0.996527195 0.021054516 0.080561861 -137.115585327 -0.022805054 0.999522090 0.020871004 -12.337328911 -0.080083951 -0.022635750 0.996530771 173.686508179
0.994776785 0.021411048 0.099803858 -137.001266479 -0.023436297 0.999541640 0.019164084 -12.323244095 -0.099347822 -0.021403009 0.994822562 174.967636108
0.992635369 0.021327313 0.119248897 -136.835891724 -0.023402357 0.999597669 0.016027566 -12.336034775 -0.118859075 -0.018700229 0.992734909 176.288970947
0.990260780 0.022783011 0.137348354 -136.688323975 -0.024528066 0.999638617 0.011025971 -12.322053909 -0.137047410 -0.014287465 0.990461290 177.585861206
0.987583697 0.024062030 0.155239731 -136.493041992 -0.025077865 0.999674976 0.004588252 -12.341570854 -0.155078858 -0.008424360 0.987866104 178.896163940
0.984554648 0.026588853 0.173045292 -136.293762207 -0.026836423 0.999639392 -0.000909206 -12.337743759 -0.173006967 -0.003748756 0.984913528 180.201248169
0.981259286 0.028631568 0.190553799 -136.059371948 -0.028259896 0.999589860 -0.004668237 -12.374375343 -0.190609306 -0.000804282 0.981665552 181.515258789
0.977622926 0.030993434 0.208069474 -135.799377441 -0.030060818 0.999518812 -0.007643486 -12.403240204 -0.208206296 0.001217710 0.978084087 182.856018066
0.973739207 0.030282874 0.225645036 -135.491516113 -0.029291773 0.999541104 -0.007739792 -12.417288780 -0.225775898 0.000926998 0.974178791 184.196533203
0.969588101 0.029003538 0.243018195 -135.151184082 -0.027973417 0.999579191 -0.007689299 -12.432172775 -0.243138880 0.000657405 0.969991267 185.525848389
0.965135217 0.028892655 0.260152787 -134.813934326 -0.026491370 0.999567986 -0.012732603 -12.504995346 -0.260408372 0.005396884 0.965483665 186.890380859
0.960627973 0.030138776 0.276198328 -134.444717407 -0.026442183 0.999504149 -0.017099034 -12.542963982 -0.276576668 0.009122524 0.960948467 188.223434448
0.955497682 0.032471571 0.293206125 -134.048156738 -0.028519409 0.999435842 -0.017745255 -12.567823410 -0.293616742 0.008593488 0.955884635 189.592346191
0.950006306 0.033664133 0.310410410 -133.641967773 -0.029648587 0.999404669 -0.017646795 -12.597528458 -0.310819685 0.007561339 0.950438738 190.932281494
0.943909466 0.038381360 0.327965826 -133.191116333 -0.033316545 0.999223411 -0.021050254 -12.655112267 -0.328519195 0.008942842 0.944454908 192.284576416
0.937604487 0.039289959 0.345477045 -132.694183350 -0.032713793 0.999155819 -0.024847388 -12.710918427 -0.346161664 0.011995161 0.938098013 193.683105469
0.931100726 0.040255323 0.362533987 -132.179336548 -0.032387324 0.999089897 -0.027756933 -12.755525589 -0.363321334 0.014102997 0.931557000 195.010192871
0.924139321 0.040158883 0.379939079 -131.665679932 -0.030196004 0.999026835 -0.032148581 -12.829023361 -0.380860478 0.018237120 0.924452364 196.345672607
0.916101336 0.043494187 0.398581058 -131.113464355 -0.030807307 0.998795629 -0.038183484 -12.919208527 -0.399761796 0.022700731 0.916337967 197.693679810
0.906584263 0.046947505 0.419406056 -130.519226074 -0.032262813 0.998594582 -0.042041820 -12.987893105 -0.420790493 0.024583207 0.906824648 199.034027100
0.895115077 0.049809493 0.443044275 -129.899353027 -0.034092590 0.998476803 -0.043374527 -13.056072235 -0.444530070 0.023720652 0.895449579 200.356185913
