0.999999881 0.000000000 -0.000000000 -0.000000000 0.000000000 0.999999881 0.000000000 -0.000000000 -0.000000000 0.000000000 1.000000000 -0.000000000
0.999844909 0.000511468 0.017596567 -0.013636689 -0.000509024 0.999999762 -0.000143378 0.000904773 -0.017596640 0.000134398 0.999845147 0.138675854
0.999280989 0.004865890 0.037598334 0.048929542 -0.004852158 0.999988019 -0.000456469 0.006529395 -0.037600111 0.000273708 0.999292850 0.280171424
0.997901738 0.005683103 0.064494491 0.069843069 -0.005743286 0.999983132 0.000747786 0.000783187 -0.064489163 -0.001116627 0.997917771 0.425649136
0.995106459 0.005322850 0.098664157 0.104310475 -0.005628751 0.999980092 0.002822333 0.005582965 -0.098647185 -0.003363879 0.995116711 0.604482591
0.990781963 0.002119462 0.135449231 0.229407907 -0.002785931 0.999984860 0.004731076 0.015171863 -0.135437191 -0.005064817 0.990772963 0.823939085
0.984485865 -0.001145412 0.175459743 0.249952644 0.000132340 0.999983132 0.005785405 -0.016256748 -0.175463483 -0.005672430 0.984469533 1.002314329
0.975783348 -0.001555632 0.218733236 0.347710848 0.000020312 0.999975324 0.007021217 -0.016330738 -0.218738794 -0.006846745 0.975759447 1.216522336
0.963762701 -0.001487486 0.266756475 0.440771967 -0.001260465 0.999947846 0.010129826 0.007170998 -0.266757727 -0.010098988 0.963710606 1.434855103
0.949436009 -0.005211154 0.313916266 0.595157146 0.000003288 0.999862432 0.016588230 0.013325168 -0.313959539 -0.015748436 0.949305713 1.653797984
0.932035565 -0.015186800 0.362047702 0.676369071 0.006663915 0.999670625 0.024777934 0.000489853 -0.362304807 -0.020681268 0.931830227 1.862285018
0.910983860 -0.020603713 0.411926329 0.862819612 0.009134315 0.999514222 0.029792931 -0.013850413 -0.412339926 -0.023378223 0.910730124 2.081146240
0.886210144 -0.022624217 0.462730885 1.069815874 0.008028375 0.999406755 0.033488084 -0.013066992 -0.463214040 -0.025962511 0.885866106 2.340140820
0.857548356 -0.024264723 0.513830841 1.221099257 0.005575959 0.999266505 0.037882641 0.019206397 -0.514373243 -0.029621104 0.857054889 2.538045645
0.825736701 -0.029970344 0.563259244 1.447434902 0.007110969 0.999061227 0.042734142 0.009685293 -0.564011216 -0.031281855 0.825174689 2.750320196
0.789559841 -0.035520326 0.612644374 1.668057919 0.009281393 0.998900533 0.045953326 0.017373472 -0.613603115 -0.030596728 0.789021671 2.996781111
0.751763880 -0.039952673 0.658220530 1.918210745 0.010210589 0.998748600 0.048960339 0.017078862 -0.659353077 -0.030085813 0.751231194 3.189679861
0.712153375 -0.043344948 0.700683892 2.255992651 0.011642407 0.998684108 0.049946491 0.030071408 -0.701927185 -0.027411928 0.711721122 3.419066429
0.670236409 -0.045395479 0.740756989 2.545364380 0.010928661 0.998623073 0.051309831 0.050109342 -0.742066979 -0.026294259 0.669809699 3.619141102
0.628110111 -0.045735799 0.776779175 2.909710884 0.006544795 0.998546302 0.053501010 0.075972319 -0.778096974 -0.028520666 0.627496302 3.831760168
0.586245418 -0.046500970 0.808797598 3.239012241 0.003579863 0.998490036 0.054812323 0.091195658 -0.810125530 -0.029238088 0.585526764 4.038979530
0.546136558 -0.047525071 0.836346805 3.613620281 0.001404036 0.998439729 0.055819117 0.110847846 -0.837695003 -0.029310595 0.545351207 4.243048668
0.507214904 -0.050381307 0.860345662 4.056396484 0.000564962 0.998308837 0.058127284 0.120348543 -0.861819565 -0.028996954 0.506385565 4.457968712
0.469536811 -0.050062794 0.881492496 4.431751728 -0.002492813 0.998312056 0.058025178 0.146115735 -0.882909656 -0.029442327 0.468619287 4.664063931
0.433941364 -0.049524140 0.899578929 4.902669907 -0.003601916 0.998384655 0.056701150 0.175329924 -0.900933862 -0.027845185 0.433062017 4.848564148
0.399729371 -0.048172016 0.915366590 5.422183514 -0.002145906 0.998566151 0.053487562 0.190873846 -0.916630745 -0.023344843 0.399052769 5.053918839
0.369896352 -0.046441294 0.927911580 5.905287266 -0.000296797 0.998743832 0.050104711 0.211609915 -0.929072976 -0.018808955 0.369417787 5.210717678
0.344402134 -0.044471469 0.937768400 6.456721783 0.000678482 0.998888910 0.047120780 0.233689159 -0.938821912 -0.015592240 0.344049454 5.393045425
0.323704302 -0.043778505 0.945145071 7.059473515 0.002158993 0.998960495 0.045531772 0.263199031 -0.946155787 -0.012698270 0.323461950 5.606856346
0.308901995 -0.044367436 0.950058341 7.626525879 0.003319105 0.998955548 0.045571733 0.295672923 -0.951088071 -0.010923859 0.308726639 5.807444572
0.296737313 -0.045816142 0.953859389 8.237072945 0.004073326 0.998900115 0.046712380 0.305347055 -0.954950452 -0.009975924 0.296597570 5.989060402
0.286610037 -0.047838949 0.956852078 8.875090599 0.003295073 0.998795927 0.048948973 0.345925272 -0.958041608 -0.010876373 0.286422610 6.166187286
0.275872052 -0.049249262 0.959931612 9.538944244 0.001170038 0.998703003 0.050902151 0.362811625 -0.961193681 -0.012919324 0.275571913 6.366813660
0.265391290 -0.051278621 0.962776005 10.234453201 0.000705104 0.998594820 0.052991997 0.403374612 -0.964140475 -0.013384756 0.265054613 6.558374405
0.255870044 -0.053328104 0.965239108 10.955169678 -0.000085437 0.998476446 0.055187035 0.422229022 -0.966711283 -0.014203173 0.255475700 6.730068207
0.244855642 -0.054816123 0.968008578 11.688243866 -0.000721026 0.998389781 0.056718927 0.453009009 -0.969559252 -0.014585911 0.244421944 6.907608986
0.233699650 -0.055894855 0.970700681 12.437707901 -0.001475860 0.998324692 0.057840802 0.475891083 -0.972307682 -0.014950000 0.233225703 7.066585064
0.223949954 -0.058690362 0.972831666 13.194351196 -0.002635737 0.998144865 0.060824249 0.507391453 -0.974597096 -0.016185723 0.223379910 7.269805908
0.212838277 -0.061952520 0.975121260 13.983616829 -0.004776048 0.997909784 0.064442813 0.543783903 -0.977075696 -0.018373128 0.212097630 7.432274818
0.199882597 -0.066514172 0.977559447 14.802678108 -0.004331359 0.997623205 0.068764970 0.601846993 -0.979810297 -0.017979087 0.199119538 7.577888489
0.187606663 -0.068934634 0.979822159 15.560172081 -0.005501696 0.997444630 0.071227863 0.641117394 -0.982228816 -0.018753506 0.186748117 7.740301132
0.173838466 -0.069760516 0.982300103 16.376546860 -0.005851871 0.997396708 0.071868286 0.679605842 -0.984756708 -0.018241758 0.172977820 7.877458096
0.159779757 -0.068696305 0.984759450 17.166152954 -0.007591967 0.997460783 0.070814170 0.714128017 -0.987123430 -0.018790932 0.158852518 8.012477875
0.143441111 -0.067641564 0.987344444 17.968526840 -0.008672507 0.997537434 0.069599800 0.746060371 -0.989620864 -0.018546231 0.142501220 8.132966995
0.122451514 -0.066248968 0.990260899 18.802186966 -0.011126817 0.997615457 0.068116918 0.777947783 -0.992412269 -0.019359475 0.121422365 8.228522301
0.097775780 -0.065076478 0.993078411 19.592882156 -0.015254872 0.997644722 0.066877693 0.830597520 -0.995091677 -0.021688309 0.096552752 8.326350212
0.067185909 -0.064436600 0.995657444 20.448982239 -0.019562639 0.997635722 0.065884709 0.868507624 -0.997548759 -0.023904219 0.065766498 8.371645927
0.034156166 -0.064360857 0.997342050 21.301771164 -0.022448115 0.997623622 0.065147839 0.917240560 -0.999164581 -0.024613675 0.032630160 8.388019562
-0.000547450 -0.063407607 0.997987449 22.156059265 -0.024054645 0.997699797 0.063376121 0.948786914 -0.999710381 -0.023971552 -0.002071444 8.390706062
-0.034267943 -0.062339175 0.997466505 23.018203735 -0.025525525 0.997781754 0.061481938 0.980421841 -0.999086678 -0.023354011 -0.035783175 8.348065376
-0.066882819 -0.060607214 0.995918334 23.837928772 -0.027703149 0.997881293 0.058866225 1.010422349 -0.997376263 -0.023652950 -0.068420134 8.295024872
-0.099110559 -0.057527252 0.993411958 24.678747177 -0.028866136 0.998073578 0.054917257 1.057720184 -0.994657636 -0.023233104 -0.100580208 8.215157509
-0.131090716 -0.052847151 0.989960611 25.482118607 -0.027007001 0.998397946 0.049721263 1.079379320 -0.991002500 -0.020217886 -0.132307976 8.102693558
-0.163106322 -0.047701318 0.985454321 26.334495544 -0.022153856 0.998755753 0.044678349 1.090787172 -0.986359835 -0.014544304 -0.163960204 7.916523933
-0.195079237 -0.041506492 0.979908705 27.155588150 -0.015861016 0.999106884 0.039162081 1.091674566 -0.980659127 -0.007902636 -0.195563406 7.686001778
-0.223804072 -0.035888426 0.973973095 27.965669632 -0.009874846 0.999353886 0.034554560 1.109263301 -0.974584043 -0.001884377 -0.224013939 7.506684780
-0.250285059 -0.028939754 0.967739344 28.801900864 -0.001394621 0.999563098 0.029530717 1.140880227 -0.968171299 0.006041475 -0.250215918 7.302372456
-0.276425749 -0.018703517 0.960853279 29.604564667 0.004209470 0.999777198 0.020672217 1.151161432 -0.961026132 0.009759019 -0.276285499 7.061540604
-0.301617861 -0.003705268 0.953421712 30.383760452 0.008788641 0.999938667 0.006666376 1.131460428 -0.953388631 0.010389988 -0.301566929 6.789755821
-0.327418000 0.013223585 0.944786906 31.140390396 0.009436385 0.999897838 -0.010724742 1.087942362 -0.944832444 0.005403901 -0.327509403 6.536383629
-0.353068173 0.028064841 0.935176492 31.915174484 0.008568256 0.999605000 -0.026763488 1.056970119 -0.935558319 -0.001436499 -0.353169173 6.241539955
-0.376347095 0.038883835 0.925662100 32.716567993 0.013268688 0.999242425 -0.036580026 1.033640862 -0.926383913 -0.001484454 -0.376577944 5.883977890
-0.400016159 0.043896709 0.915456057 33.464969635 0.016596096 0.999035478 -0.040652595 0.988169670 -0.916357934 -0.001068696 -0.400358915 5.530447006
-0.422825128 0.043202754 0.905180752 34.203170776 0.018208370 0.999066353 -0.039178316 0.934413195 -0.906028390 -0.000083712 -0.423217088 5.182874680
-0.443292379 0.039483607 0.895506799 34.960548401 0.023658309 0.999196768 -0.032344051 0.903416693 -0.896064758 0.006848309 -0.443870425 4.816906929
-0.460908741 0.037966009 0.886635005 35.689975739 0.029748676 0.999183834 -0.027320817 0.870927036 -0.886948705 0.013783824 -0.461662114 4.396002769
-0.474946469 0.039068155 0.879146874 36.396697998 0.034641188 0.999069691 -0.025682939 0.827114582 -0.879332483 0.018256687 -0.475858122 4.028590202
-0.486089647 0.042306200 0.872884035 37.109882355 0.036725432 0.998933971 -0.027963862 0.763544202 -0.873136699 0.018464126 -0.487125427 3.628532410
-0.495407820 0.045103353 0.867488682 37.796329498 0.038787074 0.998803496 -0.029780170 0.731491923 -0.867794216 0.018894024 -0.496564597 3.217409134
-0.506562769 0.044368528 0.861060441 38.482940674 0.032628834 0.998945892 -0.032277893 0.666411638 -0.861585557 0.011744611 -0.507476568 2.836313248
-0.517625928 0.043197848 0.854515791 39.184356689 0.030918591 0.999016523 -0.031773675 0.658686996 -0.855047941 0.009973546 -0.518452525 2.409482956
-0.526151896 0.044707227 0.849214435 39.859153748 0.033347823 0.998933494 -0.031927779 0.618702054 -0.849736333 0.011520592 -0.527081609 1.992252350
-0.533750296 0.048350118 0.844258547 40.568305969 0.036396630 0.998751998 -0.034187488 0.561766624 -0.844858408 0.012480575 -0.534843922 1.551048279
-0.537388086 0.051392365 0.841767669 41.262969971 0.037086118 0.998616040 -0.037292480 0.524914265 -0.842519224 0.011177367 -0.538550198 1.110607147
-0.536620021 0.052794613 0.842170835 41.967525482 0.036025852 0.998564422 -0.039643534 0.469047189 -0.843054831 0.009066426 -0.537751317 0.650106430
-0.533352971 0.053867333 0.844175875 42.699665070 0.038634226 0.998480260 -0.039304357 0.432938576 -0.845010102 0.011650996 -0.534623206 0.190273285
-0.527937353 0.052722011 0.847645164 43.445484161 0.036877900 0.998553097 -0.039139617 0.395548105 -0.848482311 0.010596121 -0.529117405 -0.246423721
-0.520992637 0.051289052 0.852018654 44.202632904 0.034931004 0.998638093 -0.038755495 0.348768711 -0.852846086 0.009570547 -0.522074342 -0.703071594
-0.513470292 0.049735140 0.856664896 44.950206757 0.033675451 0.998717844 -0.037797816 0.307615280 -0.857446432 0.009440519 -0.514486253 -1.186552048
-0.507284582 0.048563432 0.860409081 45.760265350 0.030806450 0.998794556 -0.038211189 0.262402654 -0.861227751 0.007122209 -0.508169234 -1.641668320
-0.502912819 0.046417762 0.863089859 46.578376770 0.026847232 0.998913825 -0.038078938 0.214321733 -0.863920033 0.004021188 -0.503613114 -2.100543976
-0.501782715 0.043155979 0.863916278 47.394622803 0.021671306 0.999068260 -0.037320148 0.166997313 -0.864721954 -0.000004417 -0.502250791 -2.556409836
-0.501722336 0.040629704 0.864074051 48.223014832 0.019184092 0.999173224 -0.035843018 0.124456882 -0.864816070 -0.001406768 -0.502086937 -3.043859482
-0.503023326 0.038972896 0.863393664 49.084159851 0.017447075 0.999236882 -0.034939878 0.074375868 -0.864096701 -0.002511881 -0.503319502 -3.532217026
-0.503390908 0.038824819 0.863186121 49.964645386 0.018029556 0.999243975 -0.034430083 0.025210023 -0.863870740 -0.001768910 -0.503710389 -4.029035568
-0.503601551 0.037770625 0.863110006 50.831642151 0.017566489 0.999284923 -0.033480220 -0.027297616 -0.863757551 -0.001698866 -0.503904760 -4.533456802
-0.503798544 0.037599444 0.863002777 51.736637115 0.018112471 0.999292254 -0.032963745 -0.070688725 -0.863631606 -0.000975963 -0.504122734 -5.057678223
-0.503705502 0.037184812 0.863074541 52.606327057 0.017844006 0.999307752 -0.032640196 -0.121253133 -0.863690913 -0.001040355 -0.504020512 -5.572652817
-0.503767014 0.035652947 0.863103390 53.497360229 0.016291333 0.999362230 -0.031772748 -0.164082885 -0.863685906 -0.001944959 -0.504026592 -6.086027145
-0.504570544 0.034230988 0.862691283 54.389255524 0.015662689 0.999412060 -0.030495165 -0.218425393 -0.863228083 -0.001874900 -0.504810154 -6.562541962
-0.504024684 0.032747839 0.863068342 55.273353577 0.013994534 0.999459147 -0.029750312 -0.269584179 -0.863575876 -0.002916652 -0.504210472 -7.077323914
-0.502021730 0.032340243 0.864250362 56.169898987 0.013534212 0.999471664 -0.029538570 -0.330875874 -0.864749253 -0.003132055 -0.502194166 -7.627534866
-0.500170231 0.030880271 0.865376055 57.065528870 0.014189391 0.999521852 -0.027465980 -0.380412936 -0.865810633 -0.001458511 -0.500369430 -8.133464813
-0.497640759 0.029278561 0.866888523 57.957271576 0.014695831 0.999570847 -0.025323620 -0.429657578 -0.867258430 0.000137571 -0.497857749 -8.634939194
-0.495384485 0.028978270 0.868190229 58.854362488 0.014843352 0.999579728 -0.024894239 -0.483172655 -0.868546903 0.000554635 -0.495606631 -9.147106171
-0.493361026 0.029483929 0.869324744 59.745864868 0.015651679 0.999564111 -0.025018467 -0.526122570 -0.869683623 0.001263257 -0.493607700 -9.643991470
-0.492115349 0.029501596 0.870030046 60.645332336 0.014695641 0.999564171 -0.025581665 -0.587062359 -0.870405495 0.000196518 -0.492334813 -10.136013031
-0.493145883 0.030642707 0.869406700 61.530864716 0.013881862 0.999529302 -0.027354861 -0.633754373 -0.869835973 -0.001420952 -0.493339211 -10.618961334
-0.496061862 0.032042794 0.867695689 62.408592224 0.012496938 0.999478638 -0.029764857 -0.689581037 -0.868197322 -0.003921673 -0.496203780 -11.119121552
-0.500518680 0.032573432 0.865112722 63.280410767 0.011115270 0.999451160 -0.031200750 -0.748061061 -0.865654409 -0.006000600 -0.500606179 -11.608768463
-0.505708992 0.031990916 0.862110794 64.171737671 0.012091209 0.999476612 -0.029995635 -0.781139016 -0.862619281 -0.004745109 -0.505831480 -12.132045746
-0.510883629 0.030166296 0.859120369 65.024009705 0.015742406 0.999544799 -0.025735656 -0.817583025 -0.859505713 0.000376699 -0.511125922 -12.651666641
-0.517324448 0.027987348 0.855331779 65.879837036 0.011865132 0.999603808 -0.025531763 -0.886178136 -0.855707228 -0.003059583 -0.517451048 -13.126548767
-0.522035897 0.029749321 0.852404356 66.725975037 0.012661418 0.999551654 -0.027130626 -0.949991465 -0.852829337 -0.003370517 -0.522178590 -13.646465302
-0.527090907 0.031948641 0.849208057 67.560043335 0.013433431 0.999481320 -0.029264241 -1.001490831 -0.849702537 -0.004017139 -0.527246773 -14.164802551
-0.531662583 0.031604376 0.846366405 68.395828247 0.012472874 0.999487162 -0.029487001 -1.021700382 -0.846864283 -0.005120525 -0.531784356 -14.673254013
-0.535331786 0.032268643 0.844025254 69.213272095 0.011872630 0.999458551 -0.030680805 -1.070024729 -0.844558358 -0.006403619 -0.535425186 -15.187564850
-0.538372934 0.031373609 0.842122495 70.034660339 0.011821884 0.999489486 -0.029678592 -1.133886695 -0.842623532 -0.006022685 -0.538469195 -15.719711304
-0.541765332 0.024809621 0.840163529 70.865425110 0.013796004 0.999692082 -0.020624284 -1.170461655 -0.840416431 0.000417369 -0.541940868 -16.225927353
-0.542478800 0.017401177 0.839889169 71.692031860 0.014024503 0.999833703 -0.011656613 -1.216467142 -0.839952469 0.005455551 -0.542632580 -16.797922134
-0.544389427 0.015378785 0.838691473 72.516006470 0.013916295 0.999859750 -0.009301089 -1.240014553 -0.838716924 0.006608064 -0.544527233 -17.329019547
-0.545215070 0.020333175 0.838049531 73.318450928 0.014273716 0.999786079 -0.014971160 -1.286725640 -0.838174462 0.003799577 -0.545388758 -17.848264694
-0.546453297 0.024188958 0.837140083 74.125648499 0.014339023 0.999706447 -0.019526299 -1.335084677 -0.837366462 0.001333558 -0.546639979 -18.375862122
-0.547022223 0.030312730 0.836568832 74.941200256 0.021306206 0.999524474 -0.022285491 -1.357303381 -0.836846411 0.005633444 -0.547408462 -18.898056030
-0.547079742 0.032017775 0.836467862 75.727195740 0.025226282 0.999444783 -0.021757234 -1.394776583 -0.836700320 0.009198031 -0.547583699 -19.427150726
-0.546658397 0.028833937 0.836858988 76.522094727 0.024774255 0.999526203 -0.018255455 -1.439126968 -0.836989045 0.010753065 -0.547113776 -19.932088852
-0.545903563 0.023800386 0.837509811 77.335662842 0.022891873 0.999646842 -0.013486705 -1.467819929 -0.837535203 0.011809731 -0.546255589 -20.465026855
-0.545132875 0.017896257 0.838158548 78.126960754 0.021102171 0.999748170 -0.007621814 -1.496485472 -0.838084221 0.013532065 -0.545373261 -20.980579376
-0.544523060 0.011050006 0.838672936 78.934005737 0.011748767 0.999915481 -0.005546404 -1.534359097 -0.838663638 0.006833221 -0.544606984 -21.482082367
-0.543167114 0.006004195 0.839603007 79.749786377 0.003752422 0.999981642 -0.004723562 -1.548426390 -0.839616239 0.000584854 -0.543179870 -21.978395462
-0.541299522 0.005907161 0.840809047 80.518592834 0.006386494 0.999975085 -0.002913921 -1.573162198 -0.840805769 0.003792507 -0.541323900 -22.463689804
-0.538261950 0.009117669 0.842728198 81.302932739 0.011976075 0.999923229 -0.003169112 -1.596650362 -0.842692375 0.008386764 -0.538329959 -22.979146957
-0.532949209 0.013145635 0.846045017 82.101531982 0.013783967 0.999881446 -0.006852968 -1.612979650 -0.846034765 0.008009573 -0.533067346 -23.471908569
-0.525136411 0.014587107 0.850892961 82.897911072 0.018307483 0.999815226 -0.005841490 -1.644342422 -0.850820959 0.012510128 -0.525306702 -23.962295532
-0.517257094 0.016708629 0.855666995 83.704330444 0.025023865 0.999677122 -0.004393604 -1.686669588 -0.855463982 0.019139471 -0.517508388 -24.461788177
-0.507604539 0.017240932 0.861417711 84.493339539 0.025083648 0.999671578 -0.005227080 -1.697285771 -0.861224890 0.018954208 -0.507870495 -24.910436630
-0.496296763 0.015199016 0.868020356 85.330322266 0.021509662 0.999754965 -0.005207397 -1.724113226 -0.867886245 0.016086405 -0.496502399 -25.369298935
-0.484884530 0.011573030 0.874501526 86.125526428 0.022481091 0.999746859 -0.000765427 -1.747329116 -0.874289155 0.019288609 -0.485021949 -25.817193985
-0.473504573 0.010814488 0.880724788 86.952850342 0.022540294 0.999745786 -0.000157604 -1.765140533 -0.880502880 0.019777169 -0.473627985 -26.252113342
-0.461452931 0.009323908 0.887115538 87.808082581 0.021479866 0.999768913 0.000665295 -1.792978644 -0.886904538 0.019362127 -0.461546600 -26.681503296
-0.449716002 0.012512498 0.893083811 88.601600647 0.027247960 0.999628544 -0.000284415 -1.794696569 -0.892755747 0.024206810 -0.449889898 -27.083106995
-0.437628925 0.014207639 0.899043381 89.425827026 0.024656635 0.999688625 -0.003795986 -1.846447825 -0.898817360 0.020506157 -0.437842906 -27.472503662
-0.425258875 0.025263269 0.904718995 90.298133850 0.028081873 0.999497354 -0.014710099 -1.864537239 -0.904636025 0.019150613 -0.425754517 -27.868482590
-0.413197428 0.028913651 0.910182118 91.094673157 0.026783705 0.999449193 -0.019590328 -1.898694634 -0.910247564 0.016283389 -0.413744211 -28.216829300
-0.401350588 0.025246769 0.915576279 91.971450806 0.024128046 0.999564469 -0.016985985 -1.923816204 -0.915606678 0.015273746 -0.401784897 -28.598926544
-0.389801979 0.020740287 0.920664847 92.795860291 0.023830870 0.999638677 -0.012429575 -1.977724552 -0.920590281 0.017095190 -0.390155345 -28.934093475
-0.379608065 0.021946119 0.924886703 93.638816833 0.022598905 0.999640286 -0.014444459 -1.997536421 -0.924871385 0.015418231 -0.379967302 -29.280838013
-0.372887164 0.025399897 0.927528918 94.487197876 0.017037265 0.999643981 -0.020525381 -2.032212257 -0.927720368 0.008148908 -0.373187214 -29.603450775
-0.367275029 0.031601690 0.929575324 95.339370728 0.011327409 0.999500275 -0.029503390 -2.060781002 -0.930043519 -0.000306174 -0.367449462 -29.928112030
-0.364484757 0.033015914 0.930624127 96.185729980 0.007431091 0.999442518 -0.032546952 -2.112477303 -0.931179881 -0.004947311 -0.364526808 -30.240161896
-0.360835522 0.032038119 0.932078838 97.013687134 0.005903534 0.999468267 -0.032069039 -2.165718555 -0.932610750 -0.006069093 -0.360832840 -30.552574158
-0.355641782 0.032038953 0.934072852 97.880172729 0.005030483 0.999463439 -0.032366540 -2.220099688 -0.934608698 -0.006812060 -0.355612189 -30.870464325
-0.350000381 0.028371338 0.936319709 98.738883972 0.002540074 0.999566436 -0.029338285 -2.256598473 -0.936745942 -0.007890094 -0.349920630 -31.183061600
-0.344642252 0.024709132 0.938408732 99.599685669 0.002317190 0.999672711 -0.025471248 -2.306634903 -0.938731194 -0.006604000 -0.344586819 -31.496507645
-0.338885486 0.021849643 0.940573752 100.458900452 0.001127884 0.999738991 -0.022817681 -2.348608017 -0.940826893 -0.006671725 -0.338821709 -31.788682938
-0.332926482 0.020222498 0.942735791 101.300987244 -0.004168111 0.999728739 -0.022917008 -2.387825966 -0.942943513 -0.011559107 -0.332751721 -32.074752808
-0.327014238 0.019647436 0.944814980 102.132225037 -0.015871374 0.999528468 -0.026278520 -2.418795347 -0.944886208 -0.023588967 -0.326548278 -32.340839386
-0.320465952 0.023110550 0.946977854 102.983291626 -0.013226863 0.999495506 -0.028868314 -2.464342594 -0.947167754 -0.021776862 -0.319998801 -32.621326447
-0.313253045 0.027330663 0.949276090 103.839164734 -0.010732414 0.999419808 -0.032315962 -2.514223576 -0.949609160 -0.020311097 -0.312778175 -32.895275116
-0.306760669 0.025910079 0.951433361 104.681518555 -0.011321759 0.999459028 -0.030868299 -2.550045490 -0.951719940 -0.020241082 -0.306301534 -33.153594971
-0.299813062 0.020544300 0.953776479 105.547622681 -0.012813355 0.999591112 -0.025558930 -2.593929529 -0.953911841 -0.019883985 -0.299427271 -33.410434723
-0.292527646 0.018122120 0.956085086 106.410705566 -0.012692684 0.999658704 -0.022831539 -2.634745359 -0.956172824 -0.018814147 -0.292197913 -33.663585663
-0.286046535 0.021464156 0.957975090 107.269615173 -0.015847044 0.999506235 -0.027126549 -2.679113865 -0.958084643 -0.022940535 -0.285565346 -33.926315308
-0.279319286 0.024865035 0.959876180 108.132568359 -0.014964614 0.999430358 -0.030244296 -2.716964483 -0.960081816 -0.022811994 -0.278788090 -34.166629791
-0.273030043 0.024944104 0.961681902 108.993942261 -0.016518464 0.999394894 -0.030612024 -2.756866693 -0.961863875 -0.024243528 -0.272452682 -34.402050018
-0.265802503 0.023568714 0.963739276 109.869125366 -0.017741514 0.999411881 -0.029334284 -2.808485508 -0.963864326 -0.024895322 -0.265228063 -34.634433746
-0.257756770 0.024018943 0.965911150 110.734382629 -0.014670582 0.999478281 -0.028768543 -2.849432468 -0.966098368 -0.021585772 -0.257270068 -34.858921051
-0.250446856 0.025072480 0.967805386 111.588821411 -0.009870147 0.999546289 -0.028448947 -2.891455889 -0.968080163 -0.016677337 -0.250086069 -35.073879242
-0.243990645 0.024860485 0.969458699 112.444374084 -0.008996133 0.999570370 -0.027896769 -2.936608076 -0.969735801 -0.015527934 -0.243662149 -35.284259796
-0.237579167 0.023748362 0.971077681 113.291412354 -0.016218681 0.999464750 -0.028410565 -2.980311394 -0.971232772 -0.022499364 -0.237066835 -35.469940186
-0.231658056 0.021539062 0.972558737 114.176536560 -0.021224454 0.999404967 -0.027189162 -3.025491714 -0.972565711 -0.026940616 -0.231063098 -35.666950226
-0.226037696 0.022533789 0.973858118 115.075637817 -0.016057795 0.999510407 -0.026854448 -3.061042547 -0.973986208 -0.021708135 -0.225565150 -35.882209778
-0.221680701 0.023265336 0.974841654 115.925704956 -0.014376985 0.999528587 -0.027123859 -3.099480152 -0.975013256 -0.020028125 -0.221241698 -36.070632935
-0.217646837 0.024594514 0.975717545 116.790000916 -0.013342470 0.999514163 -0.028170558 -3.138700247 -0.975936472 -0.019149717 -0.217212945 -36.247528076
-0.211652085 0.023511756 0.977062047 117.658554077 -0.007873024 0.999637008 -0.025760453 -3.179756880 -0.977313399 -0.013144693 -0.211390153 -36.436370850
-0.205973268 0.022154404 0.978306472 118.519523621 -0.000483207 0.999741077 -0.022741539 -3.220585346 -0.978557706 -0.005156874 -0.205909207 -36.626419067
-0.201179370 0.021375578 0.979321122 119.399307251 0.001991709 0.999768734 -0.021412730 -3.267950058 -0.979552329 -0.002357279 -0.201175451 -36.804882050
-0.197132677 0.023147346 0.980103433 120.250053406 0.000930490 0.999725103 -0.023423599 -3.293044090 -0.980376363 -0.003705582 -0.197100103 -36.962589264
-0.193100706 0.025210621 0.980855048 121.146705627 -0.000411714 0.999667466 -0.025775203 -3.330160618 -0.981178939 -0.005381045 -0.193026334 -37.132225037
-0.191290557 0.024580365 0.981225550 122.033264160 -0.001941257 0.999674857 -0.025420979 -3.364336014 -0.981531560 -0.006767605 -0.191180661 -37.291275024
-0.190213829 0.023379384 0.981464207 122.892356873 -0.004103600 0.999688625 -0.024608806 -3.411529064 -0.981734157 -0.008708475 -0.190058649 -37.450927734
-0.189245865 0.020094313 0.981724024 123.775871277 -0.001492747 0.999783337 -0.020751715 -3.448145390 -0.981928587 -0.005392645 -0.189174846 -37.617279053
-0.188356757 0.014691202 0.981990755 124.641082764 -0.000480526 0.999886453 -0.015051108 -3.479170084 -0.982100427 -0.003306849 -0.188328356 -37.768287659
-0.187992841 0.010150016 0.982118070 125.484855652 -0.003601305 0.999932528 -0.011023482 -3.520310640 -0.982163489 -0.005609243 -0.187943712 -37.930614471
-0.187340379 0.015705518 0.982169390 126.356796265 -0.005546739 0.999839187 -0.017046062 -3.548200846 -0.982279539 -0.008641252 -0.187223166 -38.068138123
-0.186810106 0.018108249 0.982228935 127.203392029 -0.007367658 0.999776065 -0.019832995 -3.594540596 -0.982368469 -0.010941730 -0.186634853 -38.244239807
-0.186817095 0.018251926 0.982224941 128.049468994 -0.008408620 0.999760926 -0.020177078 -3.617485762 -0.982358932 -0.012028579 -0.186618969 -38.393024445
-0.185993701 0.017715182 0.982390821 128.923263550 -0.009095968 0.999763191 -0.019750554 -3.655937195 -0.982509077 -0.012609270 -0.185788572 -38.548694611
-0.185439095 0.017096031 0.982506871 129.772445679 -0.007138530 0.999798775 -0.018744249 -3.696550846 -0.982629776 -0.010489574 -0.185279757 -38.708961487
-0.184510857 0.019899026 0.982628822 130.612609863 -0.008109888 0.999729991 -0.021768149 -3.737181187 -0.982796907 -0.011985471 -0.184299648 -38.866634369
-0.184351206 0.020884376 0.982638359 131.452178955 -0.017109739 0.999554396 -0.024453824 -3.764868975 -0.982711375 -0.021320783 -0.183911741 -39.013668060
-0.183901608 0.023515539 0.982663035 132.301925659 -0.019514726 0.999429107 -0.027568862 -3.797214746 -0.982750475 -0.024246346 -0.183337733 -39.154895782
-0.183613613 0.027920272 0.982601702 133.127029419 -0.015891738 0.999381483 -0.031366665 -3.839906931 -0.982869923 -0.021374604 -0.183056429 -39.306694031
-0.182980731 0.028201347 0.982711673 133.963165283 -0.014240291 0.999407470 -0.031332009 -3.885563850 -0.983013153 -0.019727265 -0.182470813 -39.458950043
-0.181685194 0.029400835 0.982916772 134.770980835 -0.015903082 0.999334037 -0.032831475 -3.930009365 -0.983227909 -0.021596417 -0.181096733 -39.588073730
-0.179645404 0.029598823 0.983286023 135.605377197 -0.007394977 0.999478281 -0.031437293 -3.962333441 -0.983703673 -0.012918945 -0.179332837 -39.746299744
-0.176125437 0.025581792 0.984035373 136.425048828 -0.002021806 0.999650717 -0.026349604 -4.015416622 -0.984365761 -0.006630364 -0.176012248 -39.894664764
-0.174436063 0.020674596 0.984451354 137.230865479 0.001107462 0.999783039 -0.020800348 -4.053266525 -0.984667897 -0.002538086 -0.174421087 -40.041435242
-0.170411944 0.020042725 0.985169053 138.051223755 0.004291612 0.999798775 -0.019598013 -4.088549137 -0.985363364 0.000888233 -0.170463651 -40.189334869
-0.165402204 0.024828315 0.985913396 138.850143433 0.003407329 0.999691308 -0.024603652 -4.132987976 -0.986220181 -0.000710166 -0.165435806 -40.318416595
-0.158511877 0.028298521 0.986951232 139.665176392 0.006858985 0.999596417 -0.027559489 -4.165573120 -0.987332940 0.002400980 -0.158642069 -40.449707031
-0.150403261 0.029755330 0.988176763 140.447525024 0.003154784 0.999556184 -0.029617818 -4.199241638 -0.988619745 -0.001337129 -0.150430411 -40.568084717
-0.140914649 0.024606377 0.989715815 141.259353638 0.006473495 0.999692500 -0.023932736 -4.237171650 -0.990000665 0.003034448 -0.141030595 -40.673393250
-0.128476098 0.023529597 0.991433442 142.064254761 0.016133476 0.999635637 -0.021633586 -4.278330803 -0.991581380 0.013215872 -0.128808931 -40.781478882
-0.115520731 0.025566993 0.992975891 142.826202393 0.015107169 0.999598205 -0.023979954 -4.310458660 -0.993190289 0.012230878 -0.115860596 -40.865581512
-0.100878976 0.026631087 0.994542181 143.635620117 0.012156079 0.999600053 -0.025533497 -4.352228165 -0.994824529 0.009513942 -0.101162396 -40.944622040
-0.087159619 0.026513528 0.995841146 144.418533325 0.015319876 0.999563098 -0.025271764 -4.382535458 -0.996076763 0.013053495 -0.087527715 -41.010280609
-0.073260009 0.027344046 0.996937931 145.243469238 0.015774362 0.999530554 -0.026255982 -4.425233841 -0.997187972 0.013802547 -0.073656976 -41.068012238
-0.059136096 0.034183778 0.997664571 146.003173828 0.017381953 0.999297082 -0.033209421 -4.468827248 -0.998098373 0.015377488 -0.059688747 -41.102039337
-0.046516195 0.043765388 0.997958124 146.738128662 0.013076582 0.998980880 -0.043200724 -4.506280899 -0.998831928 0.011040353 -0.047041092 -41.115341187
-0.033090752 0.051736623 0.998112261 147.501815796 0.003978710 0.998658180 -0.051633023 -4.554396629 -0.999444544 0.002262623 -0.033252217 -41.120819092
-0.019376945 0.053020753 0.998405337 148.286026001 0.003211539 0.998591065 -0.052968290 -4.601231575 -0.999807417 0.002180054 -0.019519944 -41.129852295
-0.007653472 0.049555041 0.998742044 149.074203491 0.002454416 0.998769045 -0.049537577 -4.656404495 -0.999967575 0.002072191 -0.007765683 -41.114238739
0.003883034 0.046837009 0.998894930 149.846237183 0.003614857 0.998895288 -0.046851072 -4.713326931 -0.999985814 0.003792784 0.003709434 -41.099956512
0.012545583 0.052110050 0.998562515 150.589355469 -0.003433048 0.998637378 -0.052070826 -4.776643753 -0.999915242 -0.002774856 0.012707395 -41.076343536
0.018937571 0.061321538 0.997938335 151.328811646 -0.012076160 0.998058498 -0.061099764 -4.819668770 -0.999747574 -0.010894181 0.019641332 -41.052478790
0.022523219 0.064528808 0.997661710 152.091354370 -0.010540120 0.997874677 -0.064304635 -4.864755630 -0.999690592 -0.009067122 0.023155486 -41.030788422
0.021905448 0.060245063 0.997943223 152.845565796 -0.013324778 0.998111486 -0.059962757 -4.924398899 -0.999671221 -0.011983863 0.022666832 -40.995037079
0.020392455 0.054310217 0.998315811 153.597915649 -0.010611277 0.998478889 -0.054102354 -5.002647400 -0.999735653 -0.009490127 0.020937739 -40.974227905
0.017754924 0.052066967 0.998485625 154.342849731 -0.011436898 0.998588085 -0.051868957 -5.046236038 -0.999777079 -0.010498653 0.018325344 -40.957950592
0.014889254 0.052317142 0.998519361 155.094802856 -0.009227200 0.998594701 -0.052183505 -5.098471642 -0.999846637 -0.008436566 0.015351070 -40.943424225
0.011166330 0.052410085 0.998563051 155.839843750 -0.007220294 0.998603582 -0.052331477 -5.146856308 -0.999911606 -0.006625570 0.011529153 -40.927993774
0.006342537 0.050633214 0.998696744 156.573150635 -0.006903505 0.998695433 -0.050589301 -5.210521221 -0.999956071 -0.006573644 0.006683802 -40.926837921
0.000684488 0.051118433 0.998692155 157.314056396 -0.008750102 0.998654544 -0.051110506 -5.256826401 -0.999961555 -0.008703675 0.001130858 -40.915611267
-0.005182412 0.049280804 0.998771131 158.069961548 -0.008919554 0.998742819 -0.049325682 -5.304795742 -0.999946892 -0.009164223 -0.004736337 -40.916618347
-0.011011649 0.046938941 0.998836696 158.806396484 -0.009383052 0.998848736 -0.047042940 -5.358514309 -0.999895453 -0.009890160 -0.010558547 -40.932182312
-0.016269950 0.046209555 0.998798966 159.539581299 -0.007727720 0.998895764 -0.046339914 -5.405718327 -0.999837935 -0.008472386 -0.015894901 -40.939174652
-0.021454489 0.047273014 0.998651028 160.272964478 -0.009286350 0.998829126 -0.047480952 -5.455758095 -0.999727070 -0.010292498 -0.020990387 -40.949230194
-0.025225438 0.050133191 0.998423934 161.005523682 -0.010294787 0.998675704 -0.050405938 -5.508337021 -0.999628782 -0.011550076 -0.024675922 -40.956874847
-0.027700525 0.051594608 0.998283744 161.710723877 -0.009428471 0.998609066 -0.051873054 -5.563208580 -0.999571860 -0.010849206 -0.027175540 -40.973587036
-0.029495219 0.053142354 0.998151064 162.420272827 -0.007903136 0.998542070 -0.053396706 -5.615464211 -0.999533832 -0.009463476 -0.029032227 -40.999511719
-0.028868578 0.052094892 0.998224616 163.142028809 -0.003290401 0.998630583 -0.052211244 -5.657514572 -0.999577820 -0.004791825 -0.028657634 -41.026039124
-0.024745500 0.048120908 0.998534739 163.876770020 0.000381283 0.998841047 -0.048126254 -5.702880859 -0.999693513 -0.000810183 -0.024735183 -41.029186249
-0.017415274 0.047858853 0.998702168 164.578979492 0.002246336 0.998853087 -0.047826909 -5.752740383 -0.999845684 0.001410502 -0.017502811 -41.041332245
-0.006104955 0.049013205 0.998779356 165.275833130 0.005584661 0.998784065 -0.048979301 -5.798124313 -0.999965549 0.005278829 -0.006371262 -41.040451050
0.008398555 0.049387407 0.998744190 165.957733154 0.009449909 0.998731017 -0.049466204 -5.846187592 -0.999919891 0.009853485 0.007921180 -41.027694702
0.023394618 0.047341660 0.998604476 166.657058716 0.009185679 0.998825669 -0.047567327 -5.886798382 -0.999683976 0.010285680 0.022932276 -41.009906769
0.039290011 0.041876331 0.998349488 167.342285156 0.000900405 0.999119401 -0.041944046 -5.947928429 -0.999227226 0.002546899 0.039217714 -40.957714081
0.055685490 0.035705004 0.997809649 168.013961792 -0.001089771 0.999361813 -0.035699733 -5.987558842 -0.998447835 0.000900573 0.055688880 -40.903247833
0.072148398 0.028335920 0.996991336 168.696914673 -0.000096358 0.999596298 -0.028402992 -6.020565987 -0.997393906 0.001953163 0.072122037 -40.849784851
0.090022683 0.020690806 0.995724738 169.376113892 -0.000536724 0.999784768 -0.020726658 -6.055076599 -0.995939553 0.001331437 0.090014443 -40.774433136
0.107997581 0.014509496 0.994045436 170.038528442 -0.003471134 0.999892652 -0.014217736 -6.085898399 -0.994145036 -0.001914992 0.108036369 -40.690162659
0.125852406 0.012364572 0.991971910 170.709167480 -0.001060797 0.999923229 -0.012329098 -6.105682850 -0.992048442 0.000499366 0.125855923 -40.599647522
0.143835694 0.011407173 0.989535749 171.341171265 0.000652670 0.999932110 -0.011621888 -6.122413158 -0.989601374 0.002317484 0.143818513 -40.495277405
0.161414608 0.010553243 0.986830175 171.993591309 -0.005308172 0.999937117 -0.009825157 -6.154353142 -0.986872256 -0.003652337 0.161460623 -40.369384766
0.177644640 0.009907107 0.984044671 172.649963379 -0.010345237 0.999912798 -0.008199288 -6.162295818 -0.984040260 -0.008723618 0.177731737 -40.242359161
0.191637352 0.006252926 0.981445730 173.251937866 -0.014989269 0.999881566 -0.003443575 -6.191619396 -0.981351256 -0.014051240 0.191708505 -40.094802856
0.204060122 0.002465251 0.978955030 173.886245728 -0.008761734 0.999961138 -0.000691795 -6.204648018 -0.978919089 -0.008436178 0.204073966 -39.956447601
0.214987695 0.001117858 0.976616144 174.512481689 -0.006521441 0.999978662 0.000291000 -6.225253105 -0.976595044 -0.006431506 0.214990377 -39.816188812
0.224612474 0.004587204 0.974437296 175.109405518 -0.009990995 0.999947131 -0.002404320 -6.243580818 -0.974396944 -0.009195559 0.224646404 -39.659809113
0.233854130 0.011485672 0.972203732 175.711349487 -0.016987622 0.999825716 -0.007725791 -6.269824982 -0.972123146 -0.014708725 0.234008446 -39.490459442
0.242831066 0.021211561 0.969836533 176.293411255 -0.015041199 0.999723017 -0.018099150 -6.282225132 -0.969952047 -0.010192468 0.243082866 -39.337112427
0.251241654 0.028065348 0.967517316 176.877090454 -0.010468084 0.999599874 -0.026277667 -6.286779404 -0.967867792 -0.003526010 0.251434952 -39.184700012
0.257792681 0.027137501 0.965819061 177.495742798 -0.011523977 0.999620676 -0.025011327 -6.314398289 -0.966131508 -0.004682339 0.258007646 -39.018398285
0.263749957 0.019111559 0.964401901 178.087219238 -0.011903072 0.999791980 -0.016557584 -6.325673580 -0.964517534 -0.007112280 0.263922662 -38.843696594
0.268123925 0.008396540 0.963347733 178.693344116 -0.016088689 0.999861598 -0.004236904 -6.351810932 -0.963250160 -0.014362985 0.268221915 -38.663257599
0.270477802 -0.000773698 0.962725759 179.292922974 -0.017154034 0.999837041 0.005622949 -6.382915497 -0.962573349 -0.018035516 0.270420402 -38.481262207
0.271090895 -0.001817256 0.962551892 179.906524658 -0.014476807 0.999877453 0.005964944 -6.404819965 -0.962444842 -0.015551715 0.271031320 -38.306934357
0.272711515 0.001019688 0.962094903 180.503234863 -0.007943182 0.999967694 0.001191712 -6.394066334 -0.962063015 -0.007967079 0.272710621 -38.131782532
0.274463803 0.000593218 0.961597204 181.099487305 -0.007090874 0.999973893 0.001407023 -6.400598526 -0.961571276 -0.007204742 0.274460763 -37.947399139
0.275958121 -0.000847061 0.961169243 181.715530396 -0.007005396 0.999971271 0.002892557 -6.403306007 -0.961144149 -0.007531594 0.275944203 -37.773826599
0.278462023 -0.005649794 0.960430562 182.317504883 -0.008236217 0.999931872 0.008270131 -6.425226212 -0.960411906 -0.010213232 0.278396428 -37.574802399
0.281855315 -0.010919547 0.959394753 182.948348999 -0.007798553 0.999876142 0.013671392 -6.433496952 -0.959425271 -0.011335242 0.281735152 -37.397869110
0.285827965 -0.014200497 0.958175778 183.578186035 -0.004967139 0.999854863 0.016299920 -6.444651604 -0.958268166 -0.009418354 0.285715789 -37.209712982
0.291832089 -0.015632136 0.956341684 184.179260254 -0.003616432 0.999841273 0.017446741 -6.433808327 -0.956462622 -0.008550067 0.291729391 -37.024158478
0.299543560 -0.018850287 0.953896284 184.815399170 -0.002560126 0.999785304 0.020561047 -6.434112072 -0.954079092 -0.008601028 0.299431115 -36.825321198
0.309184939 -0.021501502 0.950758815 185.412155151 0.000490655 0.999747932 0.022449836 -6.445800304 -0.951001704 -0.006474657 0.309117734 -36.623306274
0.320173025 -0.019271791 0.947162986 186.039413452 -0.001027342 0.999785483 0.020689767 -6.451885223 -0.947358429 -0.007597368 0.320084631 -36.396934509
0.332423955 -0.015714357 0.942999244 186.647247314 -0.000843049 0.999855995 0.016959023 -6.450524330 -0.943129778 -0.006432578 0.332362950 -36.161342621
0.343885511 -0.012199556 0.938932180 187.245132446 -0.002699488 0.999898374 0.013980384 -6.439561844 -0.939007640 -0.007342291 0.343817800 -35.927776337
0.355677485 -0.011231760 0.934541106 187.873931885 -0.001612787 0.999918699 0.012631314 -6.436413765 -0.934607446 -0.005999893 0.355630696 -35.675266266
0.367006183 -0.014428363 0.930106401 188.500213623 -0.001548311 0.999868572 0.016121499 -6.447465420 -0.930217087 -0.007356790 0.366935849 -35.416694641
0.377765089 -0.016558234 0.925753176 189.115859985 -0.000936220 0.999832392 0.018265272 -6.452533245 -0.925900936 -0.007766697 0.377686679 -35.157817841
