1 0 0 0 0 1 0 0 0 0 1 0
0.999998 -0.00138275 -0.00147709 -0.0171741 0.00138136 0.999999 -0.00094092 -0.0231406 0.00147839 0.000938877 0.999998 0.658728
0.999977 -0.00125155 -0.0066793 -0.0174796 0.00123495 0.999996 -0.00248748 -0.0238046 0.00668239 0.00247917 0.999975 1.36475
0.999943 -0.00061507 -0.0106317 -0.0346329 0.000570763 0.999991 -0.00417002 -0.0331414 0.0106342 0.00416371 0.999935 2.07914
0.999876 0.000883817 -0.0156914 -0.044811 -0.00095717 0.999989 -0.00466787 -0.0392385 0.0156871 0.00468231 0.999866 2.831
0.99979 4.31876e-05 -0.0205061 -0.0548962 -0.00013776 0.999989 -0.00461053 -0.0557767 0.0205057 0.00461238 0.999779 3.57175
0.999693 0.00147131 -0.0247296 -0.0861566 -0.00161567 0.999982 -0.00581857 -0.0712956 0.0247206 0.00585673 0.999677 4.32853
0.99955 0.00460717 -0.0296374 -0.112722 -0.00478935 0.99997 -0.00607909 -0.0872774 0.0296085 0.0062183 0.999542 5.10393
0.999401 0.00645195 -0.0340034 -0.142926 -0.00662872 0.999965 -0.00508848 -0.0919228 0.0339694 0.00531083 0.999409 5.90339
0.999234 0.00676907 -0.0385397 -0.178108 -0.00687455 0.999973 -0.00260495 -0.109424 0.038521 0.0028679 0.999254 6.70401
0.999087 0.00498933 -0.0424278 -0.203769 -0.00497959 0.999988 0.000335302 -0.118691 0.042429 -0.000123722 0.999099 7.50631
0.998973 0.00536869 -0.0449905 -0.253311 -0.00537765 0.999986 -7.82738e-05 -0.131258 0.0449894 0.000320136 0.998987 8.32573
0.998859 0.00486818 -0.0475072 -0.28996 -0.00491671 0.999988 -0.000904608 -0.128443 0.0475022 0.00113715 0.99887 9.15182
0.998781 0.00327407 -0.0492559 -0.328408 -0.00332146 0.999994 -0.000880347 -0.154504 0.0492527 0.00104287 0.998786 9.96296
0.998677 0.00295627 -0.0513419 -0.374234 -0.00297232 0.999996 -0.000236287 -0.160736 0.051341 0.000388578 0.998681 10.8161
0.998607 -0.000857977 -0.0527491 -0.425883 0.000839118 1 -0.000379653 -0.170259 0.0527494 0.000334862 0.998608 11.6787
0.998517 0.00172906 -0.0544073 -0.472493 -0.00187167 0.999995 -0.00257034 -0.186026 0.0544026 0.00266836 0.998516 12.5408
0.998438 0.00411706 -0.0557206 -0.524628 -0.00441313 0.999977 -0.00519149 -0.202959 0.0556979 0.00542929 0.998433 13.4122
0.998347 0.0073292 -0.0570036 -0.588466 -0.00772623 0.999947 -0.00674771 -0.217135 0.0569511 0.00717698 0.998351 14.2978
0.998259 0.00831679 -0.0583965 -0.641965 -0.00870828 0.999941 -0.00645273 -0.228413 0.0583395 0.00695002 0.998273 15.1793
0.998162 0.00809612 -0.0600636 -0.698 -0.00841934 0.999951 -0.00513009 -0.250047 0.0600192 0.00562635 0.998181 16.0806
0.998144 0.00792562 -0.0603783 -0.750871 -0.00817449 0.999959 -0.0038759 -0.260383 0.0603452 0.00436227 0.998168 16.9862
0.998033 0.00791392 -0.0621972 -0.802424 -0.00813515 0.999961 -0.00330436 -0.285085 0.0621686 0.00380384 0.998058 17.8858
0.998014 0.00711342 -0.0625888 -0.879359 -0.0073906 0.999964 -0.00419822 -0.29343 0.0625567 0.00465245 0.998031 18.7901
0.997881 0.00651255 -0.0647405 -0.918541 -0.00682068 0.999966 -0.0045397 -0.317609 0.0647087 0.00497165 0.997892 19.7092
0.99785 0.00649222 -0.0652124 -0.986225 -0.00669589 0.999973 -0.00290522 -0.336174 0.0651918 0.00333563 0.997867 20.629
0.997916 0.00723176 -0.0641248 -1.06753 -0.00723028 0.999974 0.000255291 -0.346288 0.0641249 0.000208881 0.997942 21.5517
0.997905 0.00789597 -0.0642066 -1.12433 -0.0076499 0.999962 0.00407745 -0.360121 0.0642364 -0.00357773 0.997928 22.4914
0.998014 0.0070312 -0.0625995 -1.19175 -0.00661178 0.999954 0.00690456 -0.369285 0.0626452 -0.00647695 0.998015 23.4322
0.998159 0.00659356 -0.0602927 -1.25097 -0.00616513 0.999954 0.00728919 -0.374103 0.060338 -0.00690406 0.998154 24.3676
0.998193 0.00701912 -0.059683 -1.31 -0.00674344 0.999966 0.00481922 -0.385264 0.0597148 -0.00440804 0.998206 25.3304
0.998279 0.00905733 -0.0579333 -1.37562 -0.00906611 0.999959 0.000111294 -0.399846 0.057932 0.000414127 0.99832 26.2845
0.998333 0.00862952 -0.057067 -1.42509 -0.00880804 0.999957 -0.00287734 -0.410056 0.0570397 0.00337519 0.998366 27.2574
0.99839 0.00767708 -0.0562 -1.48783 -0.00778522 0.999968 -0.00170563 -0.430842 0.0561852 0.00214042 0.998418 28.2546
0.998424 0.00334312 -0.0560205 -1.54573 -0.00316129 0.999989 0.00333412 -0.442681 0.0560311 -0.00315177 0.998424 29.1872
0.998402 -0.00164484 -0.0564909 -1.5973 0.00203864 0.999974 0.00691424 -0.447775 0.0564781 -0.00701836 0.998379 30.1641
0.998273 -0.0096293 -0.0579553 -1.64803 0.00999356 0.999932 0.00599861 -0.458803 0.0578936 -0.00656743 0.998301 31.14
0.99816 -0.00939512 -0.0599103 -1.70173 0.00954008 0.999952 0.00213415 -0.469337 0.0598874 -0.00270177 0.998201 32.1412
0.998021 -0.00778856 -0.062404 -1.76829 0.0077027 0.999969 -0.00161625 -0.492686 0.0624147 0.00113237 0.99805 33.1489
0.997927 -0.00824133 -0.0638237 -1.84531 0.00809497 0.999964 -0.0025515 -0.494744 0.0638424 0.00202956 0.997958 34.1412
0.997936 -0.00989936 -0.0634419 -1.91181 0.009884 0.999951 -0.000555939 -0.524964 0.0634443 -7.22676e-05 0.997985 35.1275
0.997814 -0.00722361 -0.065696 -1.99035 0.00737944 0.999971 0.00212962 -0.530886 0.0656786 -0.00260976 0.997837 36.1433
0.997771 -0.00603906 -0.0664634 -2.07267 0.00625605 0.999976 0.00305708 -0.542249 0.0664434 -0.00346607 0.997784 37.1466
0.997686 -0.00537628 -0.0677843 -2.13661 0.00577878 0.999967 0.00574335 -0.554762 0.0677511 -0.00612177 0.997683 38.147
0.99772 -0.0055736 -0.0672616 -2.21752 0.00618298 0.999942 0.0088551 -0.574185 0.0672083 -0.00925079 0.997696 39.1524
0.99768 -0.000728058 -0.0680769 -2.296 0.00148822 0.999937 0.0111162 -0.575851 0.0680645 -0.0111917 0.997618 40.1653
0.997649 0.000336117 -0.0685258 -2.36061 0.000399627 0.999942 0.0107228 -0.584708 0.0685254 -0.0107249 0.997592 41.1633
0.997669 -0.000428792 -0.0682362 -2.43173 0.00102835 0.999961 0.00875166 -0.592206 0.0682298 -0.00880143 0.997631 42.1485
0.997663 0.00291208 -0.068261 -2.50232 -0.00246286 0.999975 0.00666424 -0.601649 0.0682787 -0.00648055 0.997645 43.1598
0.997554 0.00268513 -0.0698503 -2.56388 -0.00221663 0.999975 0.00678382 -0.614447 0.0698667 -0.00661239 0.997534 44.1448
0.99747 0.000530006 -0.0710877 -2.63581 3.93601e-05 0.999968 0.00800771 -0.628709 0.0710897 -0.00799024 0.997438 45.139
0.997425 0.000446435 -0.071721 -2.71681 0.000188384 0.999961 0.00884421 -0.630419 0.0717222 -0.00883494 0.997386 46.1357
0.99742 0.00249286 -0.0717381 -2.79458 -0.0020534 0.999979 0.0061991 -0.65576 0.0717521 -0.0060358 0.997404 47.0921
0.997369 0.00450975 -0.0723456 -2.87734 -0.00442941 0.999989 0.00127092 -0.655569 0.0723506 -0.000947131 0.997379 48.0905
0.997365 0.00521645 -0.0723552 -2.96186 -0.00520891 0.999986 0.000292974 -0.680019 0.0723557 8.46893e-05 0.997379 49.0359
0.997339 0.00434932 -0.0727768 -3.029 -0.00409766 0.999985 0.0036069 -0.686619 0.0727915 -0.00329908 0.997342 50.0107
0.997319 0.00170619 -0.0731543 -3.10133 -0.00116719 0.999972 0.00741009 -0.717668 0.0731649 -0.00730484 0.997293 51.0157
0.997299 0.00156797 -0.0734352 -3.17486 -0.00102678 0.999972 0.00740684 -0.716091 0.0734448 -0.00731143 0.997272 51.9545
0.997303 -0.00123096 -0.0733855 -3.24955 0.00171439 0.999977 0.00652495 -0.734403 0.0733758 -0.00663316 0.997282 52.9235
0.99729 -0.00483678 -0.0734141 -3.31501 0.00523694 0.999972 0.00525919 -0.752838 0.0733867 -0.0056294 0.997288 53.899
0.997158 -0.00752317 -0.0749608 -3.38906 0.00800945 0.999949 0.00618866 -0.754581 0.0749104 -0.00677147 0.997167 54.847
0.997105 -0.00940659 -0.0754573 -3.46049 0.0102137 0.999895 0.0103177 -0.769169 0.0753523 -0.0110585 0.997096 55.8018
0.99699 -0.0122564 -0.0765576 -3.52985 0.0134941 0.999786 0.0156709 -0.788291 0.0763492 -0.0166568 0.996942 56.7666
0.996943 -0.0107538 -0.0773879 -3.6119 0.012156 0.99977 0.0176707 -0.779057 0.07718 -0.0185574 0.996844 57.6957
0.996908 -0.00941621 -0.0780067 -3.67799 0.0105394 0.999846 0.0139992 -0.788553 0.0778629 -0.0147781 0.996855 58.657
0.996767 -0.0066973 -0.0800679 -3.77059 0.00724085 0.999953 0.0065002 -0.793725 0.0800206 -0.00705895 0.996768 59.5775
0.996764 -0.00553621 -0.0801948 -3.85139 0.00565334 0.999983 0.00123351 -0.804266 0.0801866 -0.00168288 0.996778 60.5002
0.996683 -0.000213448 -0.0813825 -3.93304 0.000373488 0.999998 0.0019513 -0.813377 0.0813819 -0.00197522 0.996681 61.41
0.996631 0.00228368 -0.0819793 -4.01116 -0.00191256 0.999988 0.00460525 -0.837209 0.0819888 -0.00443294 0.996623 62.3275
0.996525 0.00351994 -0.0832247 -4.09045 -0.00301505 0.999976 0.00619149 -0.852918 0.0832445 -0.00591904 0.996512 63.1933
0.996401 0.00533832 -0.0845995 -4.16038 -0.0048655 0.999971 0.00579405 -0.865268 0.084628 -0.00536158 0.996398 64.0441
0.996269 0.00660539 -0.0860536 -4.24584 -0.00605874 0.99996 0.00661205 -0.876382 0.0860938 -0.006066 0.996269 64.9027
0.996155 0.00745467 -0.0872885 -4.32047 -0.00685047 0.99995 0.00721948 -0.891926 0.087338 -0.00659375 0.996157 65.727
0.996031 0.00745005 -0.0886972 -4.40222 -0.00677997 0.999946 0.00785358 -0.906694 0.0887509 -0.00722104 0.996028 66.5799
0.995918 0.0080726 -0.0899057 -4.48057 -0.00731434 0.999935 0.00876026 -0.918284 0.0899706 -0.00806689 0.995912 67.395
0.995768 0.0106169 -0.0912927 -4.5535 -0.00960922 0.999888 0.0114705 -0.926725 0.0914043 -0.0105447 0.995758 68.1725
0.995691 0.0110866 -0.0920692 -4.63796 -0.00972363 0.999837 0.015239 -0.92844 0.0922231 -0.0142781 0.995636 68.9768
0.9955 0.0131089 -0.0938534 -4.72396 -0.0115448 0.999786 0.0171885 -0.935996 0.0940586 -0.0160276 0.995438 69.7516
0.99527 0.0172396 -0.0956103 -4.79714 -0.0159872 0.999776 0.0138492 -0.954209 0.0958277 -0.0122552 0.995322 70.474
0.995115 0.0176314 -0.097136 -4.87118 -0.0171105 0.999834 0.00619306 -0.955106 0.0972291 -0.00450076 0.995252 71.2306
0.995044 0.0170772 -0.0979625 -4.9475 -0.0171168 0.999853 0.000435619 -0.970467 0.0979555 0.00124334 0.99519 71.9327
0.994917 0.0184025 -0.099 -5.01934 -0.0185767 0.999827 -0.000838145 -0.975439 0.0989675 0.00267298 0.995087 72.63
0.994863 0.0200165 -0.0992349 -5.09314 -0.0198902 0.9998 0.00226159 -0.98863 0.0992603 -0.000276167 0.995061 73.309
0.99471 0.0209173 -0.100575 -5.16572 -0.0205142 0.999777 0.00503996 -1.01008 0.100658 -0.00295008 0.994917 73.9667
0.994662 0.0178913 -0.101626 -5.22905 -0.0177882 0.99984 0.00192033 -1.02364 0.101645 -0.000102328 0.994821 74.5895
0.994784 0.00993057 -0.101516 -5.28227 -0.0103178 0.999941 -0.00328976 -1.03862 0.101478 0.00432002 0.994828 75.2064
0.994955 0.00551216 -0.100168 -5.35665 -0.00637031 0.999946 -0.00824933 -1.051 0.100117 0.00884582 0.994936 75.795
0.995209 0.00743654 -0.0974882 -5.40842 -0.00831909 0.999928 -0.00864955 -1.06509 0.0974169 0.00941912 0.995199 76.381
0.995519 0.0133257 -0.0936154 -5.47501 -0.0139099 0.999888 -0.00559078 -1.07788 0.0935304 0.00686791 0.995593 76.9524
0.995981 0.0116162 -0.0888121 -5.52164 -0.0118463 0.999928 -0.00206331 -1.09957 0.0887817 0.00310711 0.996046 77.5137
0.996476 0.00816924 -0.083481 -5.56493 -0.00805087 0.999966 0.00175451 -1.10662 0.0834925 -0.00107624 0.996508 78.0402
0.997149 0.00293571 -0.0753961 -5.59328 -0.00254243 0.999983 0.00531157 -1.1279 0.0754104 -0.00510474 0.99714 78.592
0.997916 0.00554854 -0.0642894 -5.63959 -0.00522114 0.999973 0.00525941 -1.13796 0.0643168 -0.00491279 0.997917 79.0703
0.998698 0.0114714 -0.0497007 -5.65111 -0.0112457 0.999925 0.00481932 -1.14605 0.0497523 -0.00425413 0.998753 79.5897
0.999368 0.0170448 -0.0311911 -5.68245 -0.016894 0.999844 0.00509308 -1.14674 0.0312731 -0.00456292 0.9995 80.0861
0.999835 0.0151794 -0.00999754 -5.66558 -0.0151248 0.99987 0.00551873 -1.15497 0.01008 -0.0053666 0.999935 80.564
0.999803 0.0110249 0.0164953 -5.66194 -0.0111344 0.999916 0.00656389 -1.1661 -0.0164215 -0.00674626 0.999842 81.034
0.998918 0.00983169 0.0454536 -5.61364 -0.0102086 0.999915 0.00806773 -1.17816 -0.0453705 -0.00852302 0.998934 81.4817
0.996877 0.00957602 0.07839 -5.56679 -0.0103459 0.999902 0.00942045 -1.18062 -0.0782921 -0.010202 0.996878 81.9158
0.993098 0.0090209 0.116942 -5.51774 -0.0102408 0.999899 0.00983516 -1.18526 -0.116841 -0.0109649 0.99309 82.3646
0.987389 0.00894005 0.158061 -5.43526 -0.0106758 0.999892 0.0101361 -1.19136 -0.157953 -0.0116957 0.987377 82.7822
0.979105 0.00859881 0.203174 -5.33002 -0.0108044 0.999894 0.00974901 -1.19566 -0.203069 -0.0117405 0.979094 83.1913
0.96771 0.00926705 0.251897 -5.20658 -0.0116759 0.999899 0.00806991 -1.19525 -0.251797 -0.0107505 0.96772 83.6429
0.9525 0.00957847 0.304387 -5.06986 -0.0118849 0.999913 0.00572548 -1.20863 -0.304305 -0.00907114 0.952531 84.0022
0.932929 0.0103665 0.35991 -4.90208 -0.0123054 0.999919 0.00309656 -1.2209 -0.359849 -0.00731772 0.932982 84.3855
0.908428 0.0104249 0.417911 -4.73577 -0.0120274 0.999927 0.00120097 -1.22608 -0.417867 -0.00611739 0.908487 84.7202
0.880091 0.0107513 0.474683 -4.51881 -0.0115343 0.999933 -0.00126272 -1.21308 -0.474665 -0.00436383 0.880156 85.0514
0.847102 0.00839993 0.531364 -4.2725 -0.00822449 0.999963 -0.00269614 -1.24248 -0.531367 -0.00208629 0.847139 85.4173
0.810614 0.00788994 0.585528 -4.05343 -0.0068709 0.999969 -0.00396231 -1.24313 -0.585541 -0.0008112 0.810643 85.6663
0.771013 0.00582509 0.636793 -3.76069 -0.00537507 0.999982 -0.00263938 -1.26166 -0.636797 -0.00138781 0.77103 85.988
0.728198 0.00534533 0.685346 -3.5062 -0.00628632 0.99998 -0.00111992 -1.25615 -0.685338 -0.00349278 0.728217 86.2014
0.683315 0.00430705 0.730111 -3.2225 -0.00541007 0.999985 -0.000835772 -1.25957 -0.730103 -0.00337885 0.683328 86.4428
0.637252 0.0030193 0.77065 -2.87523 -0.00218877 0.999995 -0.00210795 -1.26749 -0.770652 -0.000343483 0.637256 86.7223
0.590852 -0.000764175 0.80678 -2.59886 0.00397873 0.99999 -0.00196668 -1.29655 -0.80677 0.00437198 0.590849 86.8647
0.543968 0.00118077 0.839105 -2.24431 0.00224533 0.999993 -0.00286276 -1.30362 -0.839103 0.00344131 0.543962 87.0871
0.49626 0.00391033 0.868165 -1.9436 -0.00106186 0.999992 -0.00389712 -1.29013 -0.868173 0.00101212 0.49626 87.1929
0.450779 0.00600647 0.892615 -1.60532 -0.00197509 0.999982 -0.00573151 -1.30461 -0.892633 0.00082065 0.450782 87.3603
0.408768 0.00408022 0.912629 -1.23027 0.00528018 0.999963 -0.00683568 -1.29569 -0.912623 0.00761306 0.408732 87.524
0.369084 -0.00440099 0.929386 -0.908258 0.0196302 0.999803 -0.00306125 -1.33565 -0.929189 0.0193739 0.369098 87.5907
0.333479 -0.00864968 0.942718 -0.549498 0.0253962 0.999677 0.000188594 -1.33927 -0.942415 0.0238786 0.333591 87.6886
0.299994 -0.00487694 0.953929 -0.161209 0.0222611 0.99975 -0.00188952 -1.35157 -0.953681 0.0218023 0.300028 87.8229
0.269097 0.00315217 0.963108 0.184145 0.0120166 0.999906 -0.00663011 -1.34245 -0.963038 0.0133575 0.269033 87.8937
0.240582 0.00799571 0.970596 0.568086 0.00625655 0.999933 -0.0097882 -1.34661 -0.970609 0.00842746 0.240516 87.9945
0.214712 0.00957898 0.97663 0.968628 0.00798861 0.999901 -0.0115635 -1.36458 -0.976645 0.0102847 0.214615 88.0613
0.191298 0.0106763 0.981474 1.35828 0.0152546 0.999788 -0.0138488 -1.37649 -0.981414 0.0176213 0.191094 88.1429
0.170524 0.0164049 0.985217 1.75274 0.0223214 0.999541 -0.0205068 -1.39195 -0.985101 0.0254884 0.17008 88.1694
0.150306 0.0239821 0.988349 2.18913 0.0234012 0.999339 -0.0278076 -1.37773 -0.988363 0.0273082 0.149645 88.2153
0.133065 0.0249277 0.990794 2.62219 0.0208149 0.999393 -0.0279396 -1.39001 -0.990889 0.024341 0.132465 88.2768
0.117641 0.02047 0.992845 3.06868 0.0204191 0.999526 -0.0230272 -1.40698 -0.992846 0.022982 0.117167 88.3366
0.102078 0.0169076 0.994633 3.5536 0.0210992 0.999594 -0.0191573 -1.43287 -0.994553 0.0229415 0.10168 88.3756
0.0895462 0.0145565 0.995876 4.02099 0.0229617 0.999597 -0.0166756 -1.44716 -0.995718 0.0243602 0.0891759 88.4342
0.07715 0.0137006 0.996925 4.53509 0.0267909 0.999516 -0.0158095 -1.46283 -0.996659 0.0279282 0.0767457 88.4514
0.0675501 0.0141534 0.997615 5.02208 0.0298061 0.999424 -0.0161973 -1.47838 -0.997271 0.0308292 0.0670894 88.4907
0.0596207 0.0146602 0.998113 5.56188 0.0315695 0.999364 -0.0165643 -1.4918 -0.997722 0.0324975 0.05912 88.5008
0.0534685 0.0149471 0.998458 6.11666 0.0338366 0.999287 -0.0167715 -1.5032 -0.997996 0.0346812 0.0529246 88.5274
0.0480136 0.0159837 0.998719 6.65946 0.0346961 0.999242 -0.0176601 -1.51866 -0.998244 0.0354995 0.0474226 88.5561
0.0418395 0.0166119 0.998986 7.25317 0.0348672 0.999228 -0.0180763 -1.53167 -0.998516 0.0355881 0.041228 88.5819
0.03738 0.0168136 0.99916 7.8625 0.0381138 0.999107 -0.0182386 -1.54682 -0.998574 0.0387635 0.0367058 88.613
0.0345332 0.0167103 0.999264 8.46933 0.0387046 0.999088 -0.018045 -1.56594 -0.998654 0.0392993 0.0338549 88.6325
0.0317183 0.0163994 0.999362 9.11544 0.0398518 0.99905 -0.0176592 -1.58459 -0.998702 0.0403865 0.0310346 88.6469
0.0289407 0.0160561 0.999452 9.7758 0.0424482 0.998949 -0.0172771 -1.5962 -0.998679 0.0429249 0.0282287 88.6485
0.0284602 0.0155771 0.999474 10.4591 0.0458423 0.998806 -0.0168721 -1.61772 -0.998543 0.0462984 0.0277121 88.6787
0.029257 0.0151997 0.999456 11.147 0.0497406 0.998623 -0.0166431 -1.6361 -0.998334 0.0502005 0.0284606 88.6864
0.0317048 0.0149644 0.999385 11.8584 0.0511662 0.998553 -0.0165751 -1.65741 -0.998187 0.0516603 0.0308932 88.712
0.0359507 0.0149209 0.999242 12.5768 0.0542023 0.998388 -0.0168582 -1.67366 -0.997883 0.0547673 0.035084 88.7347
0.0399025 0.0144542 0.999099 13.3089 0.0545022 0.998375 -0.0166204 -1.69509 -0.997716 0.0551163 0.0390498 88.7759
0.0436639 0.0131257 0.99896 14.0862 0.0555943 0.998332 -0.0155474 -1.71224 -0.997498 0.0562154 0.0428614 88.8036
0.0478037 0.011383 0.998792 14.8646 0.0560471 0.998329 -0.0140602 -1.73331 -0.997283 0.0566516 0.0470859 88.8382
0.0515339 0.00957517 0.998625 15.6479 0.0537502 0.998478 -0.0123475 -1.75055 -0.997224 0.0543126 0.0509408 88.884
0.0553792 0.00856565 0.998429 16.4678 0.0524543 0.998557 -0.0114762 -1.77319 -0.997087 0.0530074 0.05485 88.9268
0.0597308 0.00893394 0.998175 17.258 0.0495643 0.9987 -0.0119046 -1.79482 -0.996983 0.0501849 0.0592103 88.9794
0.0627045 0.0132275 0.997944 18.0874 0.0470949 0.998759 -0.0161974 -1.81771 -0.99692 0.0480138 0.0620038 89.0492
0.06437 0.0181482 0.997761 18.8998 0.0420147 0.998899 -0.0208795 -1.83906 -0.997041 0.0432647 0.0635366 89.1137
0.0646811 0.0216118 0.997672 19.6825 0.0377706 0.998996 -0.0240892 -1.87173 -0.997191 0.0392408 0.0637999 89.1862
0.0648982 0.0211654 0.997667 20.5262 0.0361732 0.999068 -0.0235481 -1.9009 -0.997236 0.0376171 0.0640721 89.2416
0.0647952 0.0192141 0.997714 21.3569 0.0342303 0.999183 -0.0214655 -1.93662 -0.997311 0.0355429 0.0640846 89.289
0.0648516 0.0177404 0.997737 22.1892 0.0352027 0.999179 -0.0200542 -1.9689 -0.997274 0.0364236 0.0641738 89.3541
0.0650208 0.017236 0.997735 22.9903 0.0332136 0.999259 -0.0194268 -1.99813 -0.997331 0.0344015 0.0644002 89.4047
0.0651568 0.0174677 0.997722 23.8266 0.0308291 0.999334 -0.0195093 -2.03181 -0.997399 0.0320301 0.0645749 89.4634
0.0651607 0.0182112 0.997709 24.6251 0.0289128 0.999379 -0.02013 -2.06011 -0.997456 0.0301582 0.0645937 89.5216
0.0637617 0.0194006 0.997777 25.4672 0.0250178 0.999466 -0.0210322 -2.09357 -0.997652 0.0263032 0.0632423 89.5839
0.0609178 0.0191377 0.997959 26.2665 0.0221327 0.999544 -0.0205192 -2.12376 -0.997897 0.0233375 0.0604665 89.6443
0.0571063 0.0177033 0.998211 27.0948 0.0197787 0.999626 -0.0188599 -2.1589 -0.998172 0.0208203 0.0567348 89.7001
0.0523585 0.0156601 0.998506 27.9058 0.018422 0.999692 -0.0166447 -2.1856 -0.998458 0.0192659 0.0520539 89.7564
0.0461584 0.0135629 0.998842 28.7172 0.0170397 0.999752 -0.0143627 -2.2118 -0.998789 0.0176829 0.0459159 89.7897
0.038985 0.0136679 0.999146 29.5467 0.0162588 0.999765 -0.0143108 -2.24572 -0.999108 0.0168028 0.0387537 89.8293
0.0302558 0.0143507 0.999439 30.335 0.0149339 0.999779 -0.0148077 -2.27222 -0.999431 0.0153735 0.0300348 89.8613
0.0200571 0.014907 0.999688 31.1294 0.0152124 0.999769 -0.0152134 -2.30138 -0.999683 0.0155127 0.0198257 89.8823
0.00988367 0.0141671 0.999851 31.9331 0.0156964 0.999774 -0.0143212 -2.32397 -0.999828 0.0158356 0.00965907 89.8958
-0.000677191 0.0131823 0.999913 32.7405 0.0155542 0.999792 -0.0131702 -2.34937 -0.999879 0.015544 -0.000882091 89.9047
-0.0116787 0.0121911 0.999857 33.5387 0.0163755 0.999794 -0.0119991 -2.37481 -0.999798 0.016233 -0.011876 89.8955
-0.0228738 0.0124367 0.999661 34.3188 0.0162419 0.999795 -0.0120667 -2.40095 -0.999606 0.0159603 -0.0230711 89.8787
-0.0340749 0.0129319 0.999336 35.1152 0.0162038 0.999792 -0.0123853 -2.42856 -0.999288 0.015771 -0.0342774 89.8496
-0.0448482 0.0141362 0.998894 35.8696 0.0162692 0.999778 -0.0134183 -2.45449 -0.998861 0.0156494 -0.0450682 89.8167
-0.0554204 0.0150388 0.99835 36.6403 0.0170589 0.999755 -0.014113 -2.48059 -0.998317 0.0162486 -0.0556634 89.7663
-0.0646872 0.0158072 0.99778 37.4155 0.0168894 0.999749 -0.0147435 -2.50406 -0.997763 0.0158982 -0.0649379 89.7266
-0.0744863 0.0163147 0.997089 38.1548 0.0185578 0.999716 -0.0149714 -2.52955 -0.997049 0.0173886 -0.0747678 89.6699
-0.0836989 0.0165443 0.996354 38.9183 0.0186432 0.999713 -0.015034 -2.55644 -0.996317 0.0173169 -0.0839833 89.6124
-0.0923364 0.0161294 0.995597 39.643 0.020837 0.999681 -0.014263 -2.5842 -0.99551 0.0194282 -0.0926431 89.5393
-0.0995019 0.0149563 0.994925 40.3675 0.0219029 0.999678 -0.0128372 -2.60642 -0.994796 0.0205144 -0.0997974 89.4634
-0.105402 0.0135481 0.994337 41.1103 0.0230083 0.999673 -0.0111818 -2.62893 -0.994163 0.0216994 -0.10568 89.3848
-0.10894 0.011893 0.993977 41.8167 0.0269591 0.999596 -0.00900554 -2.65687 -0.993683 0.0258157 -0.109217 89.3094
-0.111449 0.0104312 0.993715 42.5082 0.0307872 0.999501 -0.00703904 -2.67762 -0.993293 0.0298092 -0.111715 89.2264
-0.113601 0.0099867 0.993476 43.2088 0.0305733 0.999511 -0.00655139 -2.69878 -0.993056 0.0296296 -0.113851 89.1524
-0.114295 0.0102159 0.993394 43.8796 0.0306906 0.999506 -0.00674765 -2.71614 -0.992973 0.0297166 -0.114552 89.0842
-0.113404 0.0111659 0.993486 44.5321 0.0315349 0.999474 -0.00763353 -2.73902 -0.993048 0.0304638 -0.113697 89.0113
-0.110674 0.0127244 0.993775 45.1712 0.0324092 0.999432 -0.00918756 -2.76011 -0.993328 0.0311906 -0.111023 88.94
-0.105432 0.0132358 0.994338 45.7993 0.032585 0.99942 -0.00984838 -2.77755 -0.993893 0.0313622 -0.105802 88.8731
-0.0979676 0.0138174 0.995094 46.3974 0.031881 0.999434 -0.010739 -2.79803 -0.994679 0.0306725 -0.0983527 88.8237
-0.086704 0.0140327 0.996135 46.9837 0.0309853 0.999455 -0.0113825 -2.81598 -0.995752 0.0298787 -0.0870916 88.7751
-0.0733417 0.0140742 0.997208 47.5519 0.0303826 0.999468 -0.0118716 -2.83845 -0.996844 0.0294271 -0.0737302 88.7356
-0.0565378 0.0157688 0.998276 48.0918 0.0286092 0.99949 -0.0141677 -2.85761 -0.99799 0.0277589 -0.0569601 88.7077
-0.0349459 0.0183651 0.99922 48.6408 0.0276701 0.999466 -0.0174019 -2.8781 -0.999006 0.0270404 -0.0354353 88.7236
-0.0106551 0.0214834 0.999712 49.1674 0.0258149 0.999442 -0.0212025 -2.89464 -0.99961 0.0255815 -0.0112037 88.7154
0.0171352 0.0231857 0.999584 49.6814 0.0241537 0.99943 -0.0235962 -2.91715 -0.999561 0.024548 0.0165654 88.7433
0.0508429 0.0228461 0.998445 50.2218 0.0224121 0.99946 -0.0240106 -2.93942 -0.998455 0.023598 0.0503035 88.7823
0.0886628 0.0204835 0.995851 50.7429 0.0213662 0.999519 -0.0224612 -2.95813 -0.995833 0.0232691 0.0881826 88.8329
0.130746 0.0168521 0.991273 51.2601 0.019374 0.999621 -0.0195494 -2.98665 -0.991227 0.0217609 0.13037 88.9152
0.17407 0.0122846 0.984657 51.7426 0.0157287 0.99976 -0.0152536 -3.00707 -0.984608 0.0181425 0.173835 89.0252
0.222265 0.00899873 0.974945 52.2451 0.0114034 0.999865 -0.0118284 -3.03064 -0.97492 0.0137467 0.222132 89.1659
0.273875 0.00755733 0.961736 52.7222 0.00802563 0.999916 -0.0101428 -3.04958 -0.961732 0.0104964 0.273791 89.3132
0.327336 0.00752524 0.944878 53.1831 0.0067917 0.999924 -0.0103165 -3.05321 -0.944884 0.00979428 0.327259 89.5114
0.384747 0.0078668 0.922989 53.621 0.00870067 0.999888 -0.0121491 -3.08414 -0.922981 0.012705 0.384636 89.7401
0.445315 0.011058 0.895306 54.0482 0.00922639 0.999814 -0.0169379 -3.09793 -0.895327 0.0158031 0.44513 89.9396
0.503312 0.0147894 0.863978 54.4433 0.0105333 0.999674 -0.0232484 -3.11589 -0.864041 0.0208018 0.502992 90.2113
0.561901 0.019341 0.826978 54.8278 0.00657186 0.999591 -0.0278433 -3.12845 -0.827178 0.02108 0.561544 90.4973
0.616673 0.0223629 0.786902 55.1818 0.00229439 0.999541 -0.0302039 -3.13504 -0.787216 0.0204314 0.616338 90.818
0.669892 0.023693 0.742081 55.5091 0.000671512 0.999471 -0.0325172 -3.15475 -0.742458 0.0222813 0.669522 91.1547
0.71926 0.0220926 0.694389 55.8177 1.13055e-05 0.999494 -0.0318115 -3.16928 -0.694741 0.0228886 0.718896 91.4957
0.764275 0.0181364 0.644636 56.101 -0.0016246 0.999655 -0.0261985 -3.20856 -0.644889 0.0189756 0.764041 91.8736
0.806168 0.0139043 0.591524 56.3656 -0.0027524 0.999801 -0.0197501 -3.22007 -0.591681 0.0142938 0.806046 92.2769
0.843477 0.0110825 0.537051 56.5912 -0.00485998 0.999904 -0.0130009 -3.24487 -0.537143 0.00835591 0.84345 92.6638
0.874803 0.008837 0.484398 56.7938 -0.00644475 0.999957 -0.00660353 -3.24792 -0.484436 0.00265497 0.874823 93.089
0.901248 0.00822434 0.433225 56.9864 -0.00888573 0.99996 -0.000498039 -3.26458 -0.433212 -0.00340067 0.901286 93.539
0.922536 0.0103244 0.385774 57.1675 -0.0121704 0.999923 0.00234336 -3.28979 -0.38572 -0.00685686 0.92259 93.9755
0.937755 0.0159093 0.346932 57.2875 -0.0189373 0.999806 0.00533914 -3.28341 -0.34678 -0.0115768 0.937875 94.4457
0.950094 0.0210022 0.311258 57.4262 -0.0235464 0.999713 0.00441796 -3.29781 -0.311075 -0.0115265 0.950315 94.9153
0.959691 0.0235398 0.280071 57.5436 -0.0254152 0.999672 0.00306585 -3.27338 -0.279907 -0.0100603 0.959974 95.3782
0.965875 0.0189088 0.258318 57.6572 -0.0207829 0.999774 0.00452608 -3.30522 -0.258174 -0.00974023 0.966049 95.8415
0.970154 0.0154211 0.241998 57.7874 -0.0172039 0.999838 0.00525546 -3.30998 -0.241878 -0.00926193 0.970262 96.3365
0.973002 0.0192225 0.229995 57.8779 -0.0208721 0.999771 0.00474133 -3.31434 -0.229851 -0.0094138 0.97318 96.8329
0.975139 0.024574 0.220229 57.9733 -0.0262681 0.999644 0.00476707 -3.3058 -0.220034 -0.0104336 0.975436 97.331
0.976326 0.0308025 0.214099 58.0818 -0.0323366 0.99947 0.00366591 -3.31267 -0.213872 -0.0105023 0.976805 97.8616
0.976886 0.0387195 0.210226 58.1939 -0.039583 0.999216 -0.000100369 -3.31214 -0.210065 -0.00822333 0.977653 98.3798
0.976856 0.0398073 0.210162 58.2911 -0.0401204 0.999191 -0.00277519 -3.32366 -0.210103 -0.00572083 0.977663 98.9042
0.976439 0.0370144 0.212593 58.4011 -0.0365465 0.999313 -0.00613174 -3.32822 -0.212674 -0.00178228 0.977121 99.434
0.975569 0.036975 0.216561 58.5282 -0.0350932 0.999305 -0.0125297 -3.3448 -0.216874 0.00462381 0.976189 100.015
0.974625 0.0394413 0.220341 58.6701 -0.0365591 0.999184 -0.0171449 -3.36006 -0.220837 0.0086544 0.975272 100.568
0.973449 0.0426178 0.224903 58.7871 -0.0397852 0.999062 -0.0171138 -3.36819 -0.225422 0.00771153 0.974231 101.142
0.972139 0.0435802 0.23032 58.9127 -0.0416453 0.999044 -0.013258 -3.37704 -0.230677 0.00329688 0.973025 101.726
0.970846 0.042569 0.235893 59.0595 -0.0417164 0.999092 -0.00860654 -3.39816 -0.236046 -0.00148499 0.971741 102.357
0.970178 0.0371705 0.239527 59.207 -0.0375222 0.999291 -0.00309308 -3.40958 -0.239472 -0.00598674 0.970885 102.95
0.969558 0.0321052 0.242748 59.3742 -0.033627 0.999432 0.00212706 -3.42479 -0.242542 -0.0102252 0.970087 103.589
0.968974 0.0289029 0.245466 59.5328 -0.0304258 0.999534 0.00241336 -3.42898 -0.245282 -0.009807 0.969402 104.215
0.968919 0.0263194 0.245973 59.6975 -0.0270241 0.999635 -0.000510616 -3.43593 -0.245897 -0.00615246 0.969277 104.867
0.969006 0.0252813 0.245739 59.861 -0.0241801 0.99968 -0.00749813 -3.44971 -0.24585 0.00132376 0.969307 105.509
0.969042 0.0299951 0.245068 60.028 -0.0273475 0.999525 -0.0142 -3.45814 -0.245378 0.00705836 0.969402 106.167
0.969584 0.0327928 0.24255 60.1858 -0.0293198 0.99941 -0.0179154 -3.47959 -0.242994 0.0102589 0.969973 106.822
0.970279 0.0304573 0.240065 60.3496 -0.0279472 0.999513 -0.0138544 -3.48901 -0.24037 0.00673344 0.970658 107.527
0.970761 0.0269576 0.238531 60.5241 -0.0261605 0.999637 -0.00650759 -3.50737 -0.238619 7.72324e-05 0.971113 108.219
0.971316 0.0257847 0.236392 60.7015 -0.0264012 0.999651 -0.0005574 -3.51441 -0.236324 -0.00569962 0.971658 108.95
0.971736 0.0292724 0.234248 60.8648 -0.0298822 0.999553 -0.000946522 -3.53435 -0.234171 -0.00608006 0.972177 109.667
0.971849 0.0343099 0.233092 61.0346 -0.0339721 0.999408 -0.00546498 -3.54292 -0.233142 -0.00260748 0.972439 110.41
0.972864 0.0358256 0.228589 61.1983 -0.03426 0.999354 -0.0108149 -3.55905 -0.228829 0.00269 0.973463 111.159
0.973815 0.0359211 0.224487 61.3688 -0.0336865 0.999337 -0.0137774 -3.57061 -0.224833 0.00585447 0.97438 111.905
0.974692 0.0345803 0.220863 61.5342 -0.0326198 0.999389 -0.0125187 -3.58595 -0.221161 0.00499736 0.975225 112.67
0.975523 0.0335137 0.217329 61.7159 -0.0320272 0.999433 -0.0103597 -3.60969 -0.217553 0.00314568 0.976043 113.453
0.976022 0.0310881 0.215441 61.8897 -0.030133 0.999516 -0.00771692 -3.62925 -0.215577 0.00103999 0.976486 114.248
0.976414 0.0254607 0.2144 62.0588 -0.0248963 0.999676 -0.0053328 -3.64031 -0.214466 -0.000130736 0.976731 115.043
0.976702 0.0205634 0.213611 62.2393 -0.0202118 0.999788 -0.00383006 -3.66385 -0.213644 -0.000576628 0.976911 115.861
0.976753 0.0216521 0.21327 62.4044 -0.021618 0.999763 -0.0024923 -3.6735 -0.213274 -0.00217611 0.97699 116.656
0.976579 0.0264489 0.213528 62.5753 -0.0261459 0.999649 -0.00424346 -3.69241 -0.213565 -0.00143879 0.976928 117.474
0.976278 0.0325414 0.21406 62.7493 -0.0316716 0.99947 -0.0074924 -3.70464 -0.21419 0.000535037 0.976792 118.301
0.975697 0.0413604 0.215184 62.9192 -0.0403109 0.999144 -0.00926547 -3.72347 -0.215383 0.000366047 0.97653 119.129
0.974939 0.0475693 0.217326 63.0933 -0.0467458 0.998867 -0.00893154 -3.74269 -0.217505 -0.00145139 0.976058 119.965
0.974195 0.0484593 0.220443 63.2693 -0.0479627 0.99882 -0.00760771 -3.75818 -0.220552 -0.00316165 0.97537 120.811
0.973442 0.0491161 0.223601 63.4425 -0.0486012 0.998788 -0.00780916 -3.7774 -0.223714 -0.00326552 0.974649 121.641
0.973012 0.0491473 0.225461 63.6298 -0.0481702 0.998791 -0.00983622 -3.8008 -0.225671 -0.00128972 0.974203 122.479
0.972959 0.0430939 0.22692 63.8308 -0.0420345 0.999071 -0.00950098 -3.8232 -0.227119 -0.000294414 0.973867 123.314
0.973264 0.03643 0.226782 64.0358 -0.0351112 0.999335 -0.00984781 -3.84492 -0.22699 0.00162194 0.973896 124.144
0.973041 0.0322872 0.228359 64.2248 -0.0308723 0.999476 -0.00976613 -3.88154 -0.228555 0.00245287 0.973528 124.983
0.972691 0.0341379 0.229578 64.4248 -0.0332427 0.999417 -0.00776663 -3.89841 -0.229709 -7.72613e-05 0.973259 125.824
0.9723 0.0367384 0.230831 64.608 -0.0373053 0.999302 -0.00190982 -3.91978 -0.23074 -0.0067543 0.972992 126.655
0.971838 0.041174 0.232026 64.8004 -0.0425953 0.999092 0.00111711 -3.91636 -0.231769 -0.0109689 0.972709 127.499
0.971573 0.0409055 0.23318 64.9947 -0.0409769 0.99915 -0.00454031 -3.93998 -0.233167 -0.00514374 0.972423 128.331
0.971796 0.0375705 0.23281 65.1903 -0.0342354 0.999245 -0.0183508 -3.96812 -0.233324 0.00986289 0.972349 129.156
0.972085 0.0340658 0.232144 65.3828 -0.0289741 0.99926 -0.025309 -4.02707 -0.232835 0.0178764 0.972352 129.965
0.972292 0.0329901 0.23143 65.5877 -0.0299708 0.999414 -0.0165512 -4.0442 -0.23184 0.00915647 0.972711 130.816
0.972668 0.0265946 0.230671 65.7825 -0.0277156 0.999615 0.0016203 -4.0458 -0.230539 -0.00796921 0.97303 131.637
0.973141 0.0192208 0.229404 65.9893 -0.0229738 0.999642 0.0137001 -4.03932 -0.229059 -0.0186024 0.973235 132.496
0.973221 0.0235704 0.228661 66.1642 -0.0265826 0.999596 0.0101018 -4.06596 -0.22833 -0.0159097 0.973454 133.279
0.973175 0.0351076 0.227371 66.3374 -0.0354486 0.999368 -0.00258527 -4.10518 -0.227318 -0.00554404 0.973805 134.095
0.973465 0.0365126 0.225906 66.5291 -0.034718 0.999326 -0.0119131 -4.0958 -0.226189 0.003754 0.974076 134.915
0.974103 0.0318148 0.223854 66.7008 -0.0296612 0.999476 -0.0129771 -4.12247 -0.22415 0.0060012 0.974536 135.702
0.974796 0.0302185 0.221044 66.8866 -0.0283946 0.999532 -0.0114247 -4.15706 -0.221286 0.00486029 0.975197 136.516
0.975532 0.0302826 0.217761 67.0694 -0.0282806 0.999524 -0.0123049 -4.17908 -0.21803 0.0058454 0.975925 137.344
0.97664 0.0317838 0.21252 67.2355 -0.0295044 0.999468 -0.0138894 -4.19719 -0.212849 0.00729467 0.977058 138.126
0.97708 0.0363132 0.209751 67.4054 -0.0340148 0.999315 -0.0145561 -4.2319 -0.210136 0.00708779 0.977646 138.93
0.977342 0.0424383 0.207368 67.5554 -0.0402805 0.999081 -0.0146188 -4.24436 -0.207797 0.00593475 0.978154 139.732
0.977374 0.047959 0.206011 67.7191 -0.0463681 0.998846 -0.0125464 -4.27228 -0.206375 0.00271017 0.978469 140.543
0.977602 0.0478422 0.204951 67.8832 -0.0472176 0.998853 -0.00794006 -4.29514 -0.205096 -0.00191507 0.97874 141.337
0.977854 0.0470023 0.203944 68.0542 -0.0463823 0.998893 -0.00782192 -4.33172 -0.204086 -0.00181069 0.978951 142.15
0.978567 0.04627 0.200663 68.2061 -0.0450849 0.998928 -0.0104739 -4.34936 -0.200933 0.00120257 0.979604 142.926
0.979487 0.0413715 0.197216 68.3737 -0.0393559 0.999125 -0.0141304 -4.38122 -0.197628 0.00607892 0.980258 143.716
0.981146 0.0371399 0.189667 68.5035 -0.0349115 0.999277 -0.0150777 -4.39847 -0.19009 0.00817188 0.981733 144.51
0.982415 0.0351512 0.183373 68.6558 -0.0338246 0.999374 -0.0103584 -4.41342 -0.183622 0.00397372 0.982989 145.292
0.983492 0.0316439 0.178161 68.8075 -0.0319236 0.999489 -0.00129726 -4.43848 -0.178111 -0.00441171 0.984 146.071
0.984135 0.0329774 0.17433 68.9391 -0.0349621 0.999354 0.00832483 -4.4813 -0.173943 -0.0142877 0.984652 146.897
0.984708 0.0349433 0.170675 69.0697 -0.0374655 0.999231 0.0115781 -4.47252 -0.170139 -0.0177955 0.985259 147.668
0.985338 0.0395382 0.165967 69.1882 -0.0411779 0.999131 0.00644895 -4.4655 -0.165567 -0.0131886 0.98611 148.492
0.986616 0.039767 0.15814 69.2964 -0.0397754 0.999204 -0.00311296 -4.48308 -0.158138 -0.0032188 0.987412 149.261
0.987751 0.0379874 0.151346 69.4219 -0.0369528 0.99927 -0.00964363 -4.48103 -0.151602 0.00393283 0.988434 150.03
0.988783 0.0362384 0.144898 69.5384 -0.0353917 0.999338 -0.00841756 -4.50863 -0.145107 0.00319494 0.989411 150.87
0.989626 0.0420295 0.137385 69.6347 -0.0418401 0.999115 -0.0042676 -4.5309 -0.137443 -0.00152487 0.990509 151.668
0.99052 0.0465254 0.129249 69.7276 -0.0462081 0.998917 -0.00545407 -4.55221 -0.129362 -0.000569972 0.991597 152.461
0.991473 0.0514346 0.119734 69.8128 -0.0503849 0.99866 -0.0117798 -4.55568 -0.120179 0.00564662 0.992736 153.298
0.992529 0.0514409 0.110636 69.9086 -0.0502184 0.998643 -0.01381 -4.57762 -0.111196 0.00815082 0.993765 154.104
0.993333 0.0512694 0.103249 69.9832 -0.0503537 0.998666 -0.0114582 -4.59751 -0.103699 0.00618278 0.99459 154.923
0.994113 0.0520018 0.0950555 70.0487 -0.0518309 0.998647 -0.00426798 -4.61531 -0.0951488 -0.000683951 0.995463 155.761
0.994817 0.0526421 0.0869894 70.1161 -0.0530404 0.99859 0.00227188 -4.64107 -0.0867471 -0.00687405 0.996207 156.59
0.995436 0.0529489 0.0793991 70.1687 -0.0535638 0.998549 0.00563311 -4.65646 -0.0789856 -0.00986032 0.996827 157.412
0.99589 0.0528256 0.0735661 70.2276 -0.0535419 0.998535 0.00779798 -4.65854 -0.0730464 -0.0117048 0.99726 158.239
0.996198 0.052922 0.0691979 70.2841 -0.0534893 0.998548 0.00637004 -4.67337 -0.0687603 -0.0100472 0.997583 159.075
0.996238 0.0578787 0.0645039 70.3218 -0.0580334 0.998315 0.000525315 -4.67662 -0.0643648 -0.00426672 0.997917 159.883
0.996097 0.0641028 0.0606755 70.3603 -0.0638613 0.997941 -0.00591251 -4.68506 -0.0609296 0.00201461 0.99814 160.701
0.996128 0.0659167 0.0581745 70.3949 -0.0655173 0.997813 -0.00874867 -4.69898 -0.0586239 0.00490336 0.998268 161.538
0.99625 0.0669499 0.0547996 70.4266 -0.066935 0.997755 -0.00210875 -4.72873 -0.0548178 -0.00156717 0.998495 162.359
0.996239 0.0688858 0.052554 70.4794 -0.0693662 0.997564 0.0073712 -4.72243 -0.0519182 -0.010989 0.998591 163.194
0.996279 0.0706089 0.0494316 70.5037 -0.0714851 0.99731 0.0161856 -4.7604 -0.0481558 -0.0196589 0.998646 164.036
0.996749 0.0670205 0.0447211 70.5428 -0.067652 0.997627 0.0127594 -4.74799 -0.0437598 -0.0157434 0.998918 164.847
0.997514 0.0586909 0.0390151 70.5675 -0.0588684 0.99826 0.00341443 -4.77186 -0.0387469 -0.00570269 0.999233 165.678
0.997827 0.0576046 0.0319723 70.5852 -0.0575586 0.998339 -0.00235624 -4.76253 -0.0320549 0.000510844 0.999486 166.488
0.997833 0.0609182 0.0248508 70.5994 -0.0609203 0.998142 -0.000674862 -4.77448 -0.0248458 -0.000840519 0.999691 167.312
0.998376 0.0541751 0.0176233 70.6355 -0.0542859 0.998508 0.0058722 -4.7818 -0.0172789 -0.00681936 0.999827 168.11
0.998796 0.0479976 0.0101056 70.6206 -0.0480997 0.998791 0.0101173 -4.80294 -0.00960781 -0.0105912 0.999898 168.974
0.999138 0.0413437 0.00378272 70.6144 -0.0413913 0.999052 0.0134959 -4.78821 -0.00322116 -0.0136408 0.999902 169.811
0.999323 0.0367503 -0.00196866 70.6233 -0.0367183 0.999223 0.0143547 -4.80786 0.00249467 -0.0142727 0.999895 170.648
0.999467 0.0314668 -0.00863926 70.6041 -0.0313939 0.999471 0.00844541 -4.82587 0.00890045 -0.00816969 0.999927 171.454
0.999625 0.0222182 -0.0160104 70.6243 -0.0222652 0.999748 -0.00276173 -4.81125 0.015945 0.00311717 0.999868 172.324
0.999554 0.0177808 -0.0239783 70.6242 -0.0179539 0.999814 -0.00702504 -4.81859 0.0238489 0.00745241 0.999688 173.171
0.999378 0.0181903 -0.030223 70.5861 -0.0181785 0.999835 0.000665562 -4.84211 0.0302301 -0.00011574 0.999543 174.009
0.999135 0.0265115 -0.0320474 70.6192 -0.0260826 0.999566 0.0137286 -4.85749 0.0323975 -0.0128809 0.999392 174.827
0.998732 0.0323576 -0.0385618 70.5048 -0.0314991 0.999247 0.0226676 -4.87255 0.0392662 -0.0214242 0.998999 175.695
0.998592 0.0317334 -0.0425004 70.4517 -0.0309022 0.999321 0.0200747 -4.87012 0.0431086 -0.0187331 0.998895 176.542
0.998446 0.0332449 -0.0447347 70.4341 -0.0328757 0.999419 0.0089647 -4.87619 0.0450067 -0.00748008 0.998959 177.417
0.99785 0.04467 -0.0479583 70.3349 -0.0447703 0.998997 -0.0010183 -4.85697 0.0478647 0.00316322 0.998849 178.22
0.997769 0.0441573 -0.0500779 70.3062 -0.0444363 0.999002 -0.0044701 -4.87348 0.0498305 0.0066854 0.998735 179.099
0.997924 0.0385994 -0.0515507 70.2913 -0.0386194 0.999254 0.000607884 -4.89834 0.0515357 0.00138423 0.99867 179.929
0.997963 0.0366399 -0.0522256 70.2172 -0.0361985 0.999301 0.00937192 -4.90724 0.0525325 -0.00746234 0.998591 180.784
0.997913 0.0378558 -0.0523148 70.1896 -0.0371298 0.999201 0.0147809 -4.9069 0.0528326 -0.0128076 0.998521 181.624
0.997842 0.0380976 -0.0534834 70.1001 -0.0373707 0.999196 0.0145274 -4.91568 0.0539938 -0.0124973 0.998463 182.494
0.997802 0.0352562 -0.056107 70.05 -0.0349663 0.99937 0.00614063 -4.92557 0.0562881 -0.00416528 0.998406 183.345
0.997949 0.0267085 -0.058169 70.0123 -0.0271139 0.999613 -0.00619234 -4.92521 0.0579811 0.00775683 0.998288 184.196
0.998078 0.0155868 -0.0599808 69.9583 -0.0162654 0.999809 -0.0108424 -4.93794 0.0598003 0.0117972 0.998141 185.035
0.997944 0.0190108 -0.0612093 69.9121 -0.019407 0.999794 -0.00588347 -4.96304 0.0610849 0.00705926 0.998108 185.895
0.997805 0.0238938 -0.0617522 69.8431 -0.0236534 0.99971 0.0046199 -4.97766 0.0618446 -0.00314911 0.998081 186.779
0.997666 0.0240734 -0.0639006 69.7911 -0.0235555 0.999683 0.00884714 -4.99586 0.0640934 -0.00732128 0.997917 187.603
0.997602 0.0242934 -0.0648091 69.7372 -0.0239932 0.999697 0.00540732 -5.00981 0.0649209 -0.00383937 0.997883 188.433
0.997586 0.0244595 -0.0649854 69.6697 -0.024575 0.999698 -0.000977189 -5.01768 0.0649419 0.00257184 0.997886 189.287
0.997411 0.0305427 -0.0650991 69.6005 -0.0307299 0.999526 -0.00187696 -5.02202 0.0650109 0.00387259 0.997877 190.139
0.997317 0.0329986 -0.0653475 69.5333 -0.0329768 0.999455 0.00141134 -5.04649 0.0653584 0.000747396 0.997862 190.959
0.997129 0.037333 -0.0658807 69.4692 -0.0371029 0.9993 0.00471375 -5.05786 0.0660106 -0.00225585 0.997816 191.795
0.997002 0.0401661 -0.0661268 69.409 -0.03976 0.999182 0.00744505 -5.07189 0.0663717 -0.00479353 0.997783 192.624
