1 0 0 0 0 1 0 0 0 0 1 0
0.999057 -0.00104012 0.0434114 0.0213121 0.00112494 0.999998 -0.00192956 -0.012159 -0.0434093 0.00197658 0.999055 0.978502
0.995946 -0.00494701 0.0898182 0.0846697 0.00556986 0.999962 -0.0066853 -0.0405276 -0.0897818 0.00715847 0.995936 2.02738
0.990975 -0.00587116 0.133918 0.231118 0.00731223 0.999921 -0.0102715 -0.0917844 -0.133847 0.0111581 0.990939 2.99757
0.98338 -0.00361551 0.181522 0.329575 0.00621592 0.999886 -0.0137587 -0.0950424 -0.181452 0.0146584 0.983291 4.00068
0.974007 -0.00617052 0.226434 0.574906 0.00936595 0.999871 -0.0130403 -0.12747 -0.226324 0.0148221 0.973939 4.9418
0.96236 -0.00735857 0.271678 0.819664 0.0116985 0.999828 -0.0143583 -0.161151 -0.271526 0.0169961 0.962281 5.89145
0.948433 -0.0102553 0.316811 1.14505 0.0164259 0.999724 -0.0168125 -0.185391 -0.316551 0.0211495 0.94834 6.89388
0.933677 -0.0119402 0.357918 1.45991 0.0197175 0.999642 -0.0180876 -0.277569 -0.357574 0.0239452 0.933578 7.77837
0.916143 -0.0117951 0.400679 1.8557 0.0211175 0.999599 -0.0188586 -0.256618 -0.400296 0.0257385 0.916024 8.68009
0.895982 -0.0128763 0.443904 2.28048 0.0231751 0.999573 -0.0177824 -0.313499 -0.443486 0.0262202 0.895898 9.61259
0.874223 -0.0128706 0.485354 2.75152 0.023793 0.999583 -0.0163494 -0.359492 -0.484941 0.0258411 0.874165 10.4579
0.849928 -0.012982 0.526738 3.24742 0.0251043 0.999559 -0.0158724 -0.375019 -0.5263 0.0267138 0.849879 11.3265
0.824036 -0.0131151 0.566385 3.77473 0.0264312 0.999533 -0.0153099 -0.405389 -0.56592 0.0275862 0.823998 12.1188
0.79695 -0.0154051 0.603848 4.30682 0.0305306 0.999424 -0.0147969 -0.470719 -0.603273 0.0302283 0.796962 12.917
0.767325 -0.0146859 0.64109 4.93652 0.0315532 0.999391 -0.0148725 -0.467786 -0.640482 0.0316405 0.767322 13.6679
0.737215 -0.0179971 0.675419 5.58296 0.0367003 0.999236 -0.0134326 -0.521531 -0.674661 0.0346908 0.737312 14.3837
0.704969 -0.0174202 0.709025 6.26709 0.0372076 0.99923 -0.0124445 -0.558543 -0.708262 0.0351541 0.705074 15.057
0.670197 -0.0160596 0.74201 6.95712 0.0390168 0.999146 -0.0136158 -0.554417 -0.741157 0.0380761 0.670251 15.7458
0.63475 -0.017347 0.772523 7.69981 0.0434097 0.99897 -0.0132361 -0.610574 -0.771498 0.0419366 0.634849 16.346
0.597635 -0.0158478 0.801612 8.48153 0.0443692 0.998926 -0.0133304 -0.636337 -0.80054 0.0435336 0.597696 16.9401
0.560345 -0.0150461 0.828122 9.24441 0.0474863 0.998774 -0.0139847 -0.676422 -0.826897 0.0471607 0.560373 17.4743
0.521593 -0.0135995 0.853086 10.032 0.0520643 0.998517 -0.0159153 -0.710132 -0.851604 0.0527167 0.521528 17.9643
0.482091 -0.0124235 0.876033 10.8736 0.054446 0.998392 -0.0158035 -0.717835 -0.874428 0.0553152 0.481992 18.478
0.443303 -0.0139748 0.896263 11.7354 0.0593133 0.998144 -0.0137738 -0.745013 -0.894407 0.0592663 0.44331 18.88
0.405995 -0.0150318 0.913752 12.6098 0.0637225 0.997897 -0.0118969 -0.796275 -0.911651 0.0630566 0.406099 19.2906
0.370723 -0.012907 0.928654 13.5258 0.0650625 0.997808 -0.0121052 -0.810269 -0.926462 0.0649082 0.370751 19.6436
0.336835 -0.0131908 0.941471 14.4401 0.0660206 0.997772 -0.0096409 -0.830329 -0.939246 0.0654038 0.336955 19.9848
0.302652 -0.0148873 0.952985 15.3406 0.0682757 0.997648 -0.0060982 -0.848502 -0.950653 0.0669113 0.302956 20.3053
0.270217 -0.014749 0.962686 16.3009 0.0694295 0.997578 -0.00420468 -0.880131 -0.960293 0.067975 0.270587 20.5635
0.238427 -0.012109 0.971085 17.2754 0.0670484 0.997742 -0.00402079 -0.907338 -0.968843 0.0660684 0.238701 20.8289
0.206332 -0.0101402 0.97843 18.2633 0.0667206 0.997765 -0.00372953 -0.895568 -0.976205 0.0660509 0.206547 21.0575
0.175831 -0.00968864 0.984373 19.2482 0.0685632 0.997644 -0.00242765 -0.913887 -0.98203 0.0679186 0.176081 21.2302
0.144649 -0.010098 0.989431 20.2724 0.0704579 0.997515 -0.000120037 -0.93514 -0.986971 0.0697306 0.145001 21.3918
0.114176 -0.010758 0.993402 21.3388 0.0694561 0.997581 0.00282036 -0.952956 -0.99103 0.0686759 0.114647 21.5169
0.0847774 -0.0108177 0.996341 22.3642 0.0696651 0.997558 0.00490316 -0.951008 -0.993962 0.0689946 0.0853241 21.618
0.0570566 -0.0103111 0.998318 23.4525 0.0725555 0.997345 0.00615434 -0.952059 -0.995731 0.0720823 0.0576532 21.6845
0.031835 -0.00978433 0.999445 24.5148 0.0767272 0.997025 0.00731667 -0.964763 -0.996544 0.0764517 0.032491 21.7455
0.00853041 -0.009348 0.99992 25.6425 0.0810211 0.996675 0.00862647 -0.957305 -0.996676 0.080941 0.00925943 21.755
-0.0120525 -0.00952417 0.999882 26.7233 0.0866725 0.996181 0.0105337 -0.976572 -0.996164 0.0867892 -0.011181 21.7622
-0.0295172 -0.00959145 0.999518 27.8414 0.0912696 0.995751 0.0122506 -0.972526 -0.995389 0.0915872 -0.0285163 21.7358
-0.0452135 -0.0098591 0.998929 28.9361 0.0941842 0.995455 0.0140878 -0.969315 -0.994528 0.0947203 -0.0440795 21.7091
-0.0601367 -0.010265 0.998137 30.0991 0.0967895 0.995175 0.016066 -0.972671 -0.993486 0.0975753 -0.058853 21.6552
-0.0727323 -0.0111376 0.997289 31.2196 0.0967987 0.995138 0.0181731 -0.961349 -0.992643 0.0978581 -0.0713006 21.5658
-0.0850016 -0.0107408 0.996323 32.4029 0.0970266 0.9951 0.0190054 -0.958689 -0.991645 0.0982853 -0.083543 21.47
-0.0966086 -0.00818272 0.995289 33.5645 0.0968031 0.995148 0.0175778 -0.942706 -0.990604 0.0980452 -0.0953478 21.3706
-0.106767 -0.00478614 0.994273 34.7391 0.0972555 0.995143 0.0152338 -0.938799 -0.989516 0.0983249 -0.105782 21.2496
-0.116807 -0.00223885 0.993152 35.9505 0.0980008 0.995091 0.0137693 -0.936915 -0.988308 0.098938 -0.116014 21.1228
-0.12372 -0.000994763 0.992317 37.1573 0.0979549 0.995103 0.0132104 -0.929384 -0.987471 0.0988366 -0.123017 20.9849
-0.129273 7.20399e-05 0.991609 38.409 0.0979046 0.995115 0.0126912 -0.913579 -0.986764 0.0987238 -0.128649 20.8205
-0.134905 0.00137397 0.990858 39.7008 0.0984594 0.995068 0.0120254 -0.911917 -0.985955 0.0991815 -0.134375 20.655
-0.138302 0.00310219 0.990385 40.987 0.0977113 0.995159 0.0105277 -0.906949 -0.985558 0.0982278 -0.137936 20.4984
-0.142423 0.00395826 0.989798 42.2773 0.0978774 0.995147 0.0101041 -0.905319 -0.984955 0.0983179 -0.14212 20.2986
-0.1458 0.00318506 0.989309 43.6167 0.0979285 0.99513 0.0112285 -0.901284 -0.984455 0.0985186 -0.145402 20.1089
-0.148822 0.00136385 0.988863 44.9552 0.0983894 0.995057 0.013435 -0.891428 -0.983957 0.099293 -0.148221 19.9048
-0.150844 0.000627277 0.988557 46.3364 0.0990002 0.994982 0.0144751 -0.874865 -0.983588 0.100051 -0.150149 19.692
-0.153012 0.0005991 0.988224 47.7204 0.100145 0.994861 0.0149029 -0.879387 -0.983137 0.101246 -0.152286 19.4723
-0.154042 0.00119108 0.988064 49.1463 0.100873 0.994793 0.0145273 -0.843325 -0.982902 0.101907 -0.15336 19.2529
-0.154791 0.00182608 0.987946 50.561 0.101737 0.994711 0.0141015 -0.850737 -0.982695 0.102693 -0.154158 19.0357
-0.154614 0.00265634 0.987971 51.9879 0.102209 0.994674 0.013321 -0.82117 -0.982674 0.103039 -0.154062 18.8367
-0.153482 0.00372473 0.988144 53.4864 0.101626 0.99475 0.0120353 -0.836083 -0.982912 0.102269 -0.153055 18.5817
-0.152498 0.00367287 0.988297 55.011 0.101511 0.994762 0.0119667 -0.82063 -0.983077 0.102148 -0.152072 18.3499
-0.150991 0.00317063 0.98853 56.5071 0.102085 0.994698 0.0124024 -0.808772 -0.98325 0.102787 -0.150514 18.133
-0.149786 0.00335205 0.988713 58.0253 0.10216 0.994694 0.0121046 -0.811177 -0.983426 0.10282 -0.149334 17.8983
-0.148534 0.00434129 0.988898 59.6285 0.102212 0.994702 0.0109857 -0.801356 -0.983611 0.102709 -0.148191 17.68
-0.147672 0.00488102 0.989024 61.1706 0.102728 0.994655 0.0104296 -0.795549 -0.983687 0.103141 -0.147384 17.4526
-0.146821 0.00486699 0.989151 62.8308 0.102443 0.994685 0.0103115 -0.786076 -0.983844 0.102846 -0.146539 17.1968
-0.146197 0.00326809 0.98925 64.4307 0.10403 0.994501 0.0120886 -0.786482 -0.98377 0.104679 -0.145733 16.9682
-0.144978 0.00185246 0.989433 66.0932 0.106991 0.994164 0.0138157 -0.772314 -0.983633 0.107863 -0.144331 16.7395
-0.144424 0.00294694 0.989511 67.7531 0.108565 0.994006 0.0128853 -0.766467 -0.983542 0.109287 -0.143879 16.4897
-0.144414 0.00378664 0.98951 69.3771 0.108601 0.994012 0.0120458 -0.783279 -0.98354 0.109201 -0.14396 16.2534
-0.143994 0.00415133 0.98957 71.0484 0.109324 0.993937 0.0117383 -0.765343 -0.983521 0.109874 -0.143575 16.0341
-0.143099 0.00349502 0.989702 72.7815 0.109451 0.993916 0.0123153 -0.772642 -0.983638 0.110086 -0.142611 15.7634
-0.142597 0.00332777 0.989775 74.4229 0.109504 0.993909 0.0124345 -0.749428 -0.983705 0.110157 -0.142092 15.5369
-0.143473 0.00304102 0.98965 76.2062 0.111103 0.993723 0.0130535 -0.760153 -0.983398 0.111826 -0.14291 15.277
-0.14253 0.00311409 0.989786 77.9217 0.111906 0.993634 0.0129883 -0.745656 -0.983444 0.112614 -0.141971 15.0399
-0.142439 0.00373359 0.989797 79.6807 0.111795 0.993655 0.0123399 -0.746151 -0.98347 0.112412 -0.141952 14.7864
-0.14386 0.00478308 0.989587 81.4786 0.111467 0.993703 0.0114013 -0.736215 -0.9833 0.111946 -0.143487 14.516
-0.14443 0.00549795 0.9895 83.2506 0.110798 0.993786 0.0106506 -0.740317 -0.983292 0.111173 -0.144142 14.2847
-0.145734 0.00555257 0.989308 85.0104 0.109358 0.993947 0.0105308 -0.74245 -0.983261 0.109724 -0.145459 14.0147
-0.147343 0.00535596 0.989071 86.8781 0.108972 0.993986 0.0108512 -0.733713 -0.983064 0.10938 -0.14704 13.748
-0.148005 0.00429294 0.988977 88.6547 0.108065 0.994073 0.0118573 -0.747761 -0.983065 0.108629 -0.147591 13.4979
-0.148296 0.0040424 0.988935 90.4854 0.106501 0.994241 0.0119063 -0.737632 -0.983192 0.107088 -0.147873 13.2563
-0.150258 0.00476987 0.988635 92.3925 0.105684 0.994336 0.0112651 -0.734447 -0.982982 0.106176 -0.149911 12.9335
-0.152634 0.0053988 0.988268 94.2277 0.104454 0.994472 0.0106998 -0.725363 -0.982747 0.104862 -0.152354 12.6668
-0.157232 0.00619474 0.987542 96.1382 0.105008 0.994416 0.010481 -0.728844 -0.981963 0.105347 -0.157004 12.3712
-0.160997 0.00571969 0.986938 98.0553 0.102779 0.994643 0.0110017 -0.72569 -0.981589 0.103207 -0.160723 12.0668
-0.16574 0.00524185 0.986156 99.9387 0.101575 0.994758 0.0117838 -0.714205 -0.980924 0.102122 -0.165404 11.7624
-0.171039 0.00568878 0.985248 101.879 0.100545 0.994864 0.0117103 -0.718975 -0.980121 0.101065 -0.170732 11.4593
-0.175429 0.00717206 0.984466 103.797 0.100261 0.994905 0.0106181 -0.724685 -0.979374 0.100566 -0.175254 11.1044
-0.180055 0.00912081 0.983614 105.687 0.100289 0.994916 0.00913277 -0.731383 -0.978531 0.10029 -0.180054 10.7787
-0.184887 0.0092693 0.982716 107.657 0.0985934 0.995086 0.00916323 -0.72886 -0.977802 0.0985835 -0.184892 10.42
-0.190371 0.00908042 0.98167 109.606 0.0970363 0.995234 0.00961191 -0.739262 -0.976905 0.0970875 -0.190345 10.0672
-0.196348 0.00845988 0.980498 111.581 0.0946883 0.995453 0.0103727 -0.741637 -0.975952 0.0948783 -0.196256 9.69376
-0.202077 0.00804214 0.979337 113.518 0.0944098 0.995469 0.011306 -0.747202 -0.974809 0.0947437 -0.201921 9.31284
-0.207219 0.00784782 0.978263 115.476 0.0941689 0.995484 0.0119612 -0.739413 -0.973752 0.0946005 -0.207022 8.90088
-0.213455 0.00942927 0.976907 117.481 0.0951903 0.995396 0.0111914 -0.751376 -0.972304 0.0953809 -0.213369 8.4945
-0.219195 0.0101412 0.975628 119.457 0.0942417 0.99549 0.0108257 -0.751228 -0.971119 0.0943179 -0.219163 8.06866
-0.224528 0.0104052 0.974412 121.457 0.0952511 0.995389 0.011319 -0.755229 -0.969801 0.0953552 -0.224484 7.60659
-0.230494 0.0105047 0.973017 123.473 0.094694 0.995438 0.0116849 -0.755818 -0.968455 0.0948322 -0.230437 7.16096
-0.235447 0.011193 0.971823 125.466 0.0939879 0.995509 0.0113049 -0.754568 -0.967332 0.0940013 -0.235442 6.67826
-0.241192 0.0115005 0.970409 127.496 0.0929126 0.99561 0.011294 -0.761435 -0.966019 0.0928872 -0.241202 6.20514
-0.245757 0.0110258 0.969269 129.475 0.0944256 0.995452 0.0126179 -0.762557 -0.964721 0.0946247 -0.24568 5.7166
-0.249023 0.0110715 0.968434 131.507 0.0967836 0.995214 0.0135093 -0.757111 -0.96365 0.0970927 -0.248903 5.20057
-0.2532 0.0117584 0.967342 133.557 0.0983154 0.995062 0.0136386 -0.761782 -0.962405 0.098558 -0.253106 4.67906
-0.255946 0.0121759 0.966614 135.588 0.0984337 0.995052 0.0135297 -0.755461 -0.961667 0.0986103 -0.255878 4.14075
-0.259463 0.0120718 0.965678 137.622 0.0974001 0.995151 0.0137296 -0.749254 -0.960829 0.0976194 -0.25938 3.60591
-0.263519 0.0125881 0.964572 139.689 0.0963164 0.995262 0.0133249 -0.749349 -0.959834 0.0964155 -0.263483 3.05969
-0.267505 0.0128655 0.96347 141.746 0.094629 0.995428 0.0129813 -0.752664 -0.958898 0.0946448 -0.2675 2.49659
-0.272675 0.0129467 0.962019 143.822 0.0939912 0.995485 0.0132438 -0.741413 -0.957504 0.0940326 -0.272661 1.92312
-0.276972 0.013448 0.960784 145.835 0.094419 0.995444 0.0132857 -0.746536 -0.956228 0.0943961 -0.27698 1.36047
-0.280973 0.013925 0.959615 147.923 0.093614 0.995524 0.012964 -0.739888 -0.955139 0.0934759 -0.281019 0.76366
-0.286356 0.0140906 0.95802 150.064 0.093055 0.995574 0.0131716 -0.744311 -0.953594 0.0929203 -0.2864 0.136981
-0.290034 0.0136215 0.956919 152.092 0.0932603 0.995542 0.0140951 -0.737678 -0.952461 0.0933306 -0.290012 -0.458823
-0.294773 0.0136499 0.95547 154.163 0.0939178 0.995471 0.0147533 -0.733448 -0.950941 0.0940845 -0.29472 -1.09698
-0.297588 0.0142879 0.954587 156.363 0.0948096 0.995388 0.0146579 -0.738185 -0.949975 0.0948661 -0.29757 -1.74416
-0.30277 0.0152568 0.952941 158.366 0.094748 0.9954 0.0141669 -0.726571 -0.948342 0.0945787 -0.302823 -2.39631
-0.305806 0.0168744 0.951944 160.486 0.0950698 0.995387 0.0128961 -0.735008 -0.947335 0.0944449 -0.306 -3.049
-0.309216 0.0181206 0.950819 162.68 0.0956513 0.995341 0.0121376 -0.731751 -0.946169 0.0947003 -0.309508 -3.74194
-0.31316 0.0185602 0.949519 164.72 0.0949356 0.995413 0.0118533 -0.735781 -0.944944 0.0938552 -0.313485 -4.4293
-0.316465 0.018824 0.948417 166.903 0.0951528 0.99539 0.011994 -0.729444 -0.94382 0.0940402 -0.316798 -5.11646
-0.319818 0.0190016 0.947289 169.003 0.0950218 0.995401 0.012114 -0.732365 -0.942702 0.0938874 -0.320153 -5.80907
-0.323444 0.0192485 0.946051 171.149 0.0965568 0.995246 0.0127623 -0.735589 -0.941308 0.0954755 -0.323765 -6.51958
-0.327546 0.019371 0.944637 173.303 0.0985872 0.995033 0.0137799 -0.737221 -0.939678 0.0976427 -0.327828 -7.28555
-0.330064 0.0194536 0.943758 175.485 0.0994949 0.994935 0.0142882 -0.72972 -0.938701 0.0986152 -0.330328 -8.0027
-0.333175 0.0191138 0.942671 177.643 0.0996272 0.994911 0.0150389 -0.728179 -0.937587 0.0989262 -0.333384 -8.74971
-0.335937 0.019235 0.941688 179.81 0.0980798 0.995071 0.0146635 -0.721424 -0.936764 0.0972866 -0.336168 -9.55203
-0.339169 0.0210685 0.940489 181.988 0.0972014 0.995183 0.0127601 -0.713252 -0.93569 0.0957447 -0.339583 -10.3045
-0.342423 0.0225853 0.939275 184.07 0.0965185 0.995268 0.0112552 -0.723998 -0.934575 0.0945114 -0.342982 -11.0691
-0.345936 0.0234833 0.937964 186.293 0.0954198 0.995384 0.0102714 -0.714312 -0.933393 0.0930537 -0.34658 -11.8839
-0.348208 0.0244108 0.937099 188.515 0.0937802 0.995553 0.00891347 -0.726493 -0.932714 0.0909851 -0.348949 -12.6616
-0.352286 0.0250433 0.935557 190.697 0.0949025 0.995445 0.00908932 -0.734785 -0.931068 0.0919887 -0.353058 -13.4849
-0.35593 0.0242773 0.934197 192.824 0.0942262 0.9955 0.0100299 -0.736095 -0.92975 0.0915958 -0.356616 -14.2873
-0.359344 0.0235368 0.932908 195.07 0.093853 0.995525 0.0110344 -0.746822 -0.928474 0.0915213 -0.359945 -15.1265
-0.363372 0.0231976 0.931355 197.252 0.0939108 0.99551 0.0118441 -0.747207 -0.926899 0.0917681 -0.363919 -15.9899
-0.366969 0.0235172 0.929936 199.423 0.0926925 0.99563 0.0113996 -0.745044 -0.925603 0.0903814 -0.367545 -16.8285
-0.370636 0.0243411 0.928459 201.616 0.0924166 0.995662 0.0107892 -0.751166 -0.924169 0.0898039 -0.371277 -17.6812
-0.373895 0.0244461 0.927149 203.851 0.0919828 0.995702 0.0108406 -0.757337 -0.922899 0.089335 -0.374536 -18.5655
-0.377385 0.0247071 0.925727 206.003 0.0927399 0.995627 0.011234 -0.772826 -0.921401 0.0900913 -0.378026 -19.4249
-0.379664 0.0249327 0.924788 208.266 0.0940911 0.995494 0.0117893 -0.780416 -0.920327 0.0914903 -0.380299 -20.3279
-0.381164 0.0249917 0.92417 210.451 0.0956431 0.995337 0.0125308 -0.779589 -0.919547 0.0931668 -0.381777 -21.2294
-0.383811 0.0250404 0.923072 212.623 0.0960889 0.995288 0.012954 -0.781198 -0.918399 0.0936689 -0.384408 -22.1165
-0.387057 0.0257873 0.921695 214.898 0.095924 0.995311 0.0124355 -0.795523 -0.917053 0.0932259 -0.387716 -23.0482
-0.389388 0.0263268 0.920698 217.109 0.0957751 0.99533 0.0120449 -0.794357 -0.916081 0.0928701 -0.390091 -23.9693
-0.39189 0.0273456 0.919606 219.318 0.0952993 0.995388 0.0110128 -0.803509 -0.915063 0.0919535 -0.392688 -24.8808
-0.394631 0.0283731 0.918402 221.54 0.0948203 0.995444 0.0099903 -0.823344 -0.913934 0.0910256 -0.395523 -25.8307
-0.396986 0.0288063 0.917372 223.751 0.093237 0.995602 0.00908479 -0.825452 -0.913077 0.0891396 -0.397926 -26.7752
-0.400639 0.0294058 0.915764 225.931 0.0936098 0.995568 0.0089851 -0.841578 -0.911442 0.0893243 -0.401616 -27.7494
-0.402938 0.0292687 0.914759 228.171 0.0953127 0.995396 0.0101351 -0.861351 -0.910251 0.091272 -0.403873 -28.7078
-0.405315 0.0286332 0.913728 230.35 0.0961041 0.995306 0.0114407 -0.863851 -0.909111 0.0924501 -0.406164 -29.679
-0.408284 0.0282338 0.912418 232.56 0.0948439 0.995424 0.0116379 -0.867768 -0.907915 0.0912889 -0.409093 -30.6529
-0.411873 0.028047 0.910809 234.732 0.0938444 0.995517 0.0117815 -0.884404 -0.906396 0.0903268 -0.412659 -31.6283
-0.415196 0.0277848 0.909308 236.938 0.0924741 0.995645 0.0118013 -0.887998 -0.90502 0.0889873 -0.415957 -32.6318
-0.419543 0.0269935 0.907334 239.126 0.091222 0.995751 0.0125563 -0.890654 -0.90314 0.0880367 -0.420223 -33.5967
-0.423446 0.0268911 0.905522 241.244 0.0905943 0.995806 0.012792 -0.902749 -0.90138 0.0874518 -0.424106 -34.5605
-0.42689 0.0266052 0.903912 243.455 0.0897775 0.995876 0.0130871 -0.90313 -0.899836 0.0867378 -0.427518 -35.6093
-0.431414 0.0260519 0.901778 245.661 0.0888948 0.995946 0.0137552 -0.915001 -0.897764 0.0860976 -0.43198 -36.6637
-0.433574 0.0261945 0.900737 247.863 0.0879066 0.996039 0.0133482 -0.904253 -0.89682 0.0849682 -0.43416 -37.7184
-0.439222 0.0266738 0.897983 249.932 0.087894 0.99604 0.0134042 -0.911109 -0.894069 0.0848147 -0.439827 -38.7372
-0.444143 0.0269192 0.895552 252.138 0.0881585 0.996011 0.0137827 -0.926999 -0.891608 0.085072 -0.444744 -39.7867
-0.446142 0.0271449 0.894551 254.315 0.0880368 0.996023 0.0136827 -0.928522 -0.890622 0.0848578 -0.446757 -40.8872
-0.450596 0.027307 0.89231 256.516 0.0870554 0.996112 0.0134773 -0.937281 -0.888473 0.0837533 -0.451221 -41.9816
-0.453639 0.0277224 0.890754 258.661 0.0873189 0.996089 0.0134686 -0.930246 -0.886897 0.0838896 -0.454286 -43.0662
-0.457399 0.0281759 0.888815 260.813 0.0878172 0.996044 0.013617 -0.924516 -0.884915 0.0842816 -0.458064 -44.1417
-0.461481 0.0294981 0.886659 262.985 0.0891675 0.995928 0.0132758 -0.939523 -0.882658 0.0851877 -0.462232 -45.259
-0.464359 0.0311513 0.885099 265.05 0.0913174 0.995739 0.0128635 -0.947502 -0.880927 0.0867982 -0.465224 -46.3333
-0.467524 0.0321575 0.883395 267.174 0.0921039 0.995671 0.0125001 -0.936335 -0.879169 0.0872083 -0.468462 -47.4504
-0.470795 0.034311 0.881575 269.415 0.0941664 0.99549 0.0115439 -0.943479 -0.877203 0.0884496 -0.471902 -48.6156
-0.47321 0.0365494 0.880191 271.503 0.0960567 0.995322 0.010312 -0.955546 -0.875697 0.089428 -0.474507 -49.7388
-0.47632 0.0374673 0.878473 273.713 0.09707 0.995225 0.0101858 -0.95083 -0.873897 0.0901251 -0.477683 -50.95
-0.480102 0.0379765 0.87639 275.781 0.0969162 0.995243 0.00996566 -0.956894 -0.871843 0.0897209 -0.481498 -52.0935
-0.483372 0.0382117 0.87458 277.993 0.0961182 0.995323 0.00963644 -0.941976 -0.870122 0.0887211 -0.484785 -53.2972
-0.486931 0.0393797 0.872552 280.217 0.0967253 0.99527 0.00905981 -0.947556 -0.868068 0.0888094 -0.488437 -54.5239
-0.489963 0.0395409 0.870846 282.351 0.0960442 0.995338 0.0088438 -0.947602 -0.866436 0.0879729 -0.491476 -55.6985
-0.492579 0.0398167 0.869356 284.542 0.0951072 0.995432 0.00829687 -0.95044 -0.865055 0.0867689 -0.494116 -56.9106
-0.495732 0.0400094 0.867553 286.755 0.0956714 0.995374 0.00876385 -0.952988 -0.86319 0.0873445 -0.497267 -58.152
-0.497374 0.0401466 0.866607 288.918 0.0972374 0.995214 0.00970326 -0.958911 -0.86207 0.0890928 -0.498897 -59.3824
-0.499642 0.0400798 0.865304 291.167 0.0983385 0.995096 0.0106908 -0.967777 -0.860632 0.0904343 -0.501133 -60.6486
-0.501702 0.0399521 0.864118 293.408 0.0980262 0.995124 0.0109043 -0.970628 -0.859469 0.0901768 -0.503172 -61.9609
-0.503779 0.0396186 0.862924 295.6 0.097939 0.995126 0.011489 -0.957026 -0.858263 0.0903018 -0.505204 -63.2142
-0.506356 0.0393194 0.861427 297.856 0.0987756 0.995029 0.0126438 -0.959004 -0.856648 0.0914903 -0.507723 -64.5173
-0.508849 0.039259 0.85996 300.063 0.0990959 0.99499 0.0132129 -0.955459 -0.855133 0.0919419 -0.51019 -65.7965
-0.510671 0.0401337 0.858839 302.321 0.0990606 0.995004 0.0124053 -0.943444 -0.854051 0.0914121 -0.512095 -67.1571
-0.513683 0.041392 0.856981 304.558 0.0978327 0.995147 0.0105765 -0.955546 -0.852384 0.0892737 -0.515239 -68.4616
-0.51678 0.0410567 0.855133 306.822 0.0963407 0.995294 0.0104352 -0.951305 -0.85068 0.0877768 -0.518304 -69.8402
-0.521103 0.0394176 0.852583 309.063 0.0941864 0.995488 0.0115427 -0.944618 -0.848281 0.0863167 -0.522464 -71.1688
-0.525608 0.0374645 0.849902 311.353 0.0919485 0.995679 0.0129735 -0.945969 -0.845743 0.0849661 -0.526781 -72.5092
-0.53053 0.036147 0.846895 313.523 0.0904402 0.995801 0.014153 -0.930234 -0.842827 0.0841019 -0.531572 -73.8573
-0.535007 0.0359206 0.844084 315.775 0.0906327 0.99577 0.0150702 -0.923716 -0.839972 0.0845642 -0.535999 -75.254
-0.539778 0.0374828 0.840972 318.12 0.0930804 0.99554 0.0153717 -0.915747 -0.836645 0.0865753 -0.54086 -76.7216
-0.543303 0.0383184 0.838662 320.395 0.0939565 0.995457 0.0153846 -0.903121 -0.834263 0.0871562 -0.544435 -78.1986
-0.547715 0.0380079 0.835801 322.631 0.0940412 0.995434 0.0163596 -0.88967 -0.831363 0.0875601 -0.548788 -79.6739
-0.550283 0.03728 0.834145 324.82 0.0948997 0.995322 0.0181217 -0.877397 -0.829567 0.0891322 -0.551247 -81.0506
-0.554787 0.035695 0.831226 327.127 0.0937411 0.995399 0.0198208 -0.857364 -0.826695 0.0889164 -0.555581 -82.6132
-0.558863 0.0352846 0.828509 329.39 0.0928096 0.995479 0.0202083 -0.853676 -0.82405 0.0881873 -0.559611 -84.0819
-0.563312 0.0347813 0.825512 331.585 0.0923179 0.995507 0.0210521 -0.829859 -0.821071 0.0880684 -0.563992 -85.5552
-0.566944 0.0353938 0.822996 333.78 0.0940477 0.995325 0.0219825 -0.816791 -0.81837 0.0898637 -0.567622 -87.0359
-0.571288 0.0344072 0.820028 336.085 0.0937285 0.99532 0.0235354 -0.796368 -0.815381 0.0903055 -0.571839 -88.6425
-0.574993 0.0333343 0.817479 338.228 0.0924762 0.995415 0.0244554 -0.775927 -0.812915 0.089659 -0.575439 -90.1018
-0.57834 0.0331737 0.815121 340.478 0.0927889 0.995364 0.0253257 -0.74712 -0.810502 0.0902811 -0.578736 -91.6447
-0.581989 0.0323891 0.812551 342.766 0.0928538 0.995318 0.026832 -0.706012 -0.807878 0.0910644 -0.582272 -93.3223
-0.584338 0.0305697 0.810935 344.9 0.0894175 0.995631 0.0268996 -0.693632 -0.806569 0.0882302 -0.584518 -94.8048
-0.587618 0.0302482 0.808573 347.155 0.0864856 0.995924 0.0255952 -0.65276 -0.804503 0.0849701 -0.587839 -96.4051
-0.590517 0.0285971 0.806519 349.336 0.0817584 0.99635 0.0245337 -0.627813 -0.802873 0.0804272 -0.590699 -97.9677
-0.594349 0.0262308 0.803779 351.521 0.0792532 0.996513 0.0260826 -0.600611 -0.800293 0.0792043 -0.594355 -99.5775
-0.59686 0.0267277 0.8019 353.77 0.0819609 0.996248 0.0277987 -0.55769 -0.798148 0.0823164 -0.596811 -101.2
-0.599986 0.0268813 0.799559 355.916 0.0811339 0.996327 0.0273859 -0.527303 -0.795886 0.0813025 -0.599963 -102.787
-0.602847 0.0241423 0.797491 358.117 0.0766299 0.996673 0.0277548 -0.504572 -0.794168 0.0778436 -0.602692 -104.424
-0.606012 0.022672 0.795132 360.3 0.0768648 0.996585 0.0301666 -0.454475 -0.791733 0.079399 -0.605685 -106.047
-0.608915 0.0200355 0.792983 362.473 0.0744833 0.996708 0.0320113 -0.416255 -0.789731 0.0785562 -0.608403 -107.689
-0.611744 0.0192324 0.790822 364.649 0.0729006 0.996821 0.0321504 -0.365345 -0.78769 0.0773192 -0.611201 -109.36
-0.61513 0.0190845 0.788194 366.834 0.0723303 0.996857 0.0323119 -0.322649 -0.785101 0.0768864 -0.614577 -111.031
-0.617449 0.0188653 0.786385 368.987 0.0724429 0.996828 0.0329664 -0.277347 -0.783268 0.077323 -0.616856 -112.685
-0.620128 0.0184461 0.784284 371.091 0.0722961 0.996813 0.0337193 -0.228664 -0.781163 0.0776109 -0.619485 -114.333
-0.623067 0.0162786 0.781999 373.274 0.0683238 0.997094 0.0336817 -0.1967 -0.779178 0.0744151 -0.622369 -116.044
-0.625678 0.0131911 0.77997 375.411 0.0589585 0.997797 0.0304204 -0.153946 -0.77785 0.0650192 -0.625077 -117.707
-0.629133 0.0150861 0.777151 377.557 0.0510755 0.998453 0.0219654 -0.0936626 -0.775618 0.0535125 -0.62893 -119.39
-0.631478 0.0230695 0.775051 379.711 0.0579381 0.998167 0.0174949 -0.117471 -0.773226 0.0559526 -0.631657 -121.146
-0.632519 0.0249857 0.774142 381.759 0.0658067 0.997599 0.0215701 -0.120307 -0.771744 0.0645872 -0.632645 -122.818
-0.634763 0.0170864 0.772518 383.872 0.065993 0.997301 0.0321669 -0.084449 -0.769884 0.0713991 -0.634178 -124.527
-0.637197 0.00682293 0.770671 385.993 0.0604953 0.997318 0.0411886 -0.0196149 -0.768323 0.0728672 -0.635901 -126.234
-0.640835 0.000585272 0.767679 388.08 0.0544804 0.997513 0.044718 0.057503 -0.765743 0.0704803 -0.639273 -127.932
-0.643448 0.000515027 0.76549 390.221 0.0538076 0.997557 0.0445579 0.144889 -0.763597 0.0698599 -0.641903 -129.669
-0.646029 0.00531276 0.763295 392.296 0.0583546 0.997393 0.0424474 0.207725 -0.761079 0.071964 -0.644655 -131.405
-0.648839 0.0112142 0.760843 394.293 0.0627566 0.997274 0.0388192 0.254389 -0.758333 0.0729353 -0.647774 -133.132
-0.65047 0.0143592 0.759396 396.411 0.0637316 0.997327 0.0357319 0.308529 -0.756854 0.07164 -0.649646 -134.88
-0.653382 0.0147289 0.756885 398.451 0.0642243 0.997285 0.0360347 0.368614 -0.754299 0.0721549 -0.652554 -136.614
-0.655966 0.0143039 0.754654 400.47 0.0649621 0.99718 0.0375661 0.423297 -0.751989 0.073666 -0.655046 -138.341
-0.658835 0.0135423 0.752166 402.558 0.0653481 0.997089 0.0392875 0.486056 -0.749444 0.0750365 -0.657802 -140.165
-0.661123 0.0137762 0.750151 404.608 0.0658206 0.997041 0.0396987 0.543179 -0.747385 0.0756211 -0.660074 -141.953
-0.662469 0.0144057 0.748951 406.63 0.0662264 0.997026 0.0394019 0.606482 -0.746156 0.0757029 -0.661453 -143.673
-0.663337 0.0145557 0.748179 408.672 0.0666149 0.99699 0.0396646 0.664162 -0.74535 0.0761509 -0.66231 -145.46
-0.664693 0.0142007 0.746982 410.694 0.0679562 0.996824 0.0415196 0.725962 -0.74402 0.0783598 -0.663547 -147.23
-0.664917 0.0138166 0.74679 412.73 0.0700289 0.996578 0.0439134 0.79551 -0.743627 0.0814956 -0.663609 -148.998
-0.665872 0.0132896 0.745948 414.718 0.0714997 0.996376 0.0460732 0.865156 -0.742632 0.0840139 -0.664409 -150.762
-0.667385 0.0131624 0.744597 416.755 0.0699149 0.996535 0.045049 0.933443 -0.741424 0.0821234 -0.665993 -152.556
-0.668478 0.0135119 0.743609 418.766 0.0664721 0.996919 0.0416414 1.01092 -0.740755 0.0772657 -0.667317 -154.337
-0.6696 0.0133367 0.742602 420.781 0.0640122 0.997155 0.0398111 1.08177 -0.739958 0.0741931 -0.668549 -156.143
-0.671176 0.0127312 0.741188 422.798 0.063336 0.997181 0.040225 1.14427 -0.738587 0.073942 -0.670091 -157.929
-0.671367 0.0112438 0.74104 424.812 0.0613203 0.997299 0.0404229 1.19939 -0.738584 0.0725794 -0.670243 -159.721
-0.671822 0.010752 0.740635 426.721 0.0589254 0.997501 0.0389696 1.2637 -0.738365 0.0698229 -0.670777 -161.468
-0.673329 0.0100352 0.739275 428.753 0.0581287 0.997531 0.0394025 1.32927 -0.737055 0.069504 -0.67225 -163.277
-0.673476 0.00869818 0.739158 430.789 0.0585015 0.997422 0.0415656 1.38613 -0.736891 0.0712353 -0.672248 -165.069
-0.674369 0.00716668 0.73836 432.797 0.0597674 0.997202 0.0449085 1.46087 -0.735971 0.0744148 -0.67291 -166.933
-0.672577 0.00652624 0.739998 434.781 0.0650502 0.996612 0.050334 1.53785 -0.737163 0.0819905 -0.670723 -168.694
-0.670898 0.0049576 0.741533 436.799 0.0674745 0.996238 0.0543866 1.61888 -0.738474 0.0865224 -0.668708 -170.517
-0.670355 0.00285625 0.742035 438.758 0.062263 0.996683 0.052412 1.72057 -0.739424 0.0813359 -0.668309 -172.346
-0.669204 0.00243563 0.743075 440.786 0.0557897 0.997337 0.0469745 1.82542 -0.740981 0.0728914 -0.667558 -174.099
-0.667136 0.000525409 0.744936 442.816 0.0510937 0.997677 0.045054 1.91582 -0.743182 0.0681187 -0.665613 -175.853
-0.665583 3.65303e-05 0.746324 444.815 0.0495218 0.997798 0.0441155 1.98506 -0.744679 0.0663218 -0.664119 -177.673
-0.662465 0.000150478 0.749093 446.851 0.0508936 0.997698 0.0448076 2.05889 -0.747362 0.0678075 -0.660948 -179.458
-0.659157 0.000587836 0.752005 448.852 0.0517013 0.997669 0.0445381 2.13389 -0.750226 0.0682372 -0.657651 -181.185
-0.658129 0.000936497 0.752904 450.867 0.0492603 0.99791 0.0418182 2.20167 -0.751292 0.06461 -0.6568 -182.981
-0.655844 -0.00376139 0.754887 452.931 0.0425364 0.998215 0.0419293 2.27445 -0.753697 0.0596093 -0.654513 -184.702
-0.656228 -0.00935719 0.754504 454.934 0.0345671 0.998501 0.0424478 2.35331 -0.75377 0.0539365 -0.654921 -186.457
-0.654911 -0.0125833 0.755601 457.025 0.0279989 0.998771 0.0409007 2.4202 -0.755187 0.0479423 -0.653754 -188.18
-0.65399 -0.0133653 0.756385 459.046 0.0258378 0.998866 0.03999 2.48958 -0.756061 0.0456964 -0.652904 -189.887
-0.653366 -0.0136525 0.756919 461.049 0.0273846 0.998757 0.0416526 2.54878 -0.756546 0.0479423 -0.65218 -191.667
-0.651511 -0.0150357 0.75849 463.13 0.0288622 0.998589 0.0445866 2.6024 -0.75809 0.0509404 -0.650157 -193.38
-0.650449 -0.0168148 0.759364 465.164 0.0278979 0.998551 0.0460077 2.68822 -0.759038 0.0511103 -0.649037 -195.141
-0.650019 -0.0170649 0.759726 467.2 0.025574 0.99869 0.0443134 2.7653 -0.759488 0.0482338 -0.648731 -196.861
-0.648697 -0.0161152 0.760877 469.264 0.02453 0.998814 0.0420681 2.84093 -0.760652 0.0459538 -0.647532 -198.589
-0.647634 -0.0144814 0.761814 471.269 0.0254242 0.998852 0.0406009 2.91115 -0.761527 0.0456631 -0.646522 -200.278
-0.646422 -0.0141479 0.762849 473.317 0.0277891 0.998728 0.0420705 2.96891 -0.762474 0.0483942 -0.645207 -201.945
-0.644762 -0.0143871 0.764248 475.352 0.0290115 0.998642 0.0432754 3.03521 -0.763833 0.0500743 -0.643469 -203.678
-0.643732 -0.0145312 0.765113 477.388 0.0291988 0.998625 0.0435327 3.10588 -0.764694 0.0503637 -0.642423 -205.4
-0.642855 -0.0150818 0.76584 479.462 0.0285935 0.998637 0.0436681 3.17583 -0.765454 0.0499703 -0.641547 -207.099
-0.641948 -0.0158772 0.766584 481.521 0.0287456 0.998584 0.0447542 3.25503 -0.766209 0.0507658 -0.640582 -208.813
-0.640787 -0.0166687 0.767538 483.53 0.0282526 0.998575 0.0452732 3.32581 -0.767199 0.0506954 -0.639403 -210.486
-0.640219 -0.0159252 0.768027 485.58 0.0278289 0.998648 0.043905 3.39882 -0.767688 0.0494822 -0.63891 -212.178
-0.639966 -0.015011 0.768257 487.658 0.0279267 0.998694 0.0427768 3.47293 -0.767896 0.0488305 -0.638711 -213.865
-0.639574 -0.015623 0.76857 489.715 0.0278449 0.998667 0.0434717 3.5419 -0.768225 0.0492041 -0.638287 -215.557
-0.638731 -0.0166688 0.76925 491.771 0.0273811 0.99864 0.0443747 3.61224 -0.768943 0.0494063 -0.637405 -217.241
-0.639043 -0.0177097 0.768967 493.89 0.0264295 0.998639 0.0449632 3.68884 -0.768717 0.0490569 -0.637705 -218.951
-0.639386 -0.0182376 0.768669 495.903 0.0258425 0.998644 0.0451901 3.76275 -0.768451 0.0487583 -0.638048 -220.616
-0.638887 -0.0177355 0.769096 497.971 0.0259858 0.998666 0.0446158 3.84139 -0.768861 0.04849 -0.637574 -222.299
-0.639701 -0.0176646 0.768421 500.038 0.0261502 0.998657 0.044727 3.91037 -0.768179 0.0487062 -0.63838 -223.985
-0.639219 -0.018874 0.768793 502.1 0.0258651 0.998606 0.0460217 3.98584 -0.768589 0.0493028 -0.63784 -225.675
-0.639657 -0.0200491 0.768399 504.174 0.0253034 0.998569 0.0471185 4.07174 -0.768244 0.0495828 -0.638234 -227.395
-0.640499 -0.0210855 0.76767 506.234 0.0244901 0.998554 0.0478603 4.14456 -0.767569 0.0494548 -0.639056 -229.095
-0.640001 -0.0207153 0.768095 508.309 0.0240913 0.998604 0.0470057 4.23188 -0.767997 0.0485881 -0.638608 -230.799
-0.640165 -0.0202025 0.767972 510.358 0.0241316 0.998632 0.0463859 4.3164 -0.767858 0.0482271 -0.638802 -232.486
-0.64028 -0.0198855 0.767884 512.404 0.0245876 0.998622 0.0463625 4.39626 -0.767748 0.0485654 -0.638909 -234.184
-0.639816 -0.0200365 0.768267 514.457 0.0246003 0.998614 0.0465312 4.47848 -0.768135 0.048671 -0.638436 -235.883
-0.640283 -0.0201582 0.767874 516.54 0.0241744 0.998632 0.0463736 4.55323 -0.767759 0.0482551 -0.63892 -237.596
-0.639822 -0.0200351 0.768262 518.586 0.0236739 0.998672 0.0457599 4.6245 -0.768158 0.047466 -0.638498 -239.283
-0.639651 -0.0205345 0.768391 520.659 0.0231715 0.998674 0.0459778 4.70854 -0.768316 0.0472145 -0.638327 -240.982
-0.64026 -0.0214751 0.767858 522.697 0.0232558 0.998609 0.0473199 4.78316 -0.767806 0.0481542 -0.63887 -242.653
-0.639734 -0.0222778 0.768273 524.766 0.0232062 0.998564 0.0482792 4.87379 -0.768246 0.0487145 -0.638299 -244.354
-0.639398 -0.0219583 0.768562 526.868 0.0234991 0.998567 0.0480795 4.96271 -0.768517 0.0488024 -0.637966 -246.062
-0.640246 -0.0215526 0.767867 528.908 0.0242178 0.998543 0.04822 5.05046 -0.767788 0.0494687 -0.638791 -247.774
-0.639334 -0.0216487 0.768624 530.997 0.0245399 0.99852 0.0485358 5.13582 -0.768538 0.0498926 -0.637856 -249.473
-0.639453 -0.0224518 0.768503 533.048 0.024179 0.998492 0.0492897 5.21707 -0.76845 0.0501 -0.637945 -251.165
-0.640021 -0.0226587 0.768023 535.109 0.0234803 0.998521 0.0490261 5.30557 -0.767998 0.0494111 -0.638543 -252.863
-0.639715 -0.0225917 0.76828 537.175 0.0232843 0.99854 0.0487504 5.38259 -0.768259 0.0490752 -0.638255 -254.551
-0.639796 -0.0235054 0.768185 539.244 0.0232125 0.998485 0.0498852 5.47571 -0.768194 0.0497478 -0.638281 -256.241
-0.640406 -0.0247505 0.767638 541.299 0.0228098 0.998427 0.0512209 5.56179 -0.767698 0.0503118 -0.638834 -257.943
-0.640066 -0.0256511 0.767892 543.377 0.0221519 0.998411 0.0518158 5.65233 -0.768001 0.0501758 -0.63848 -259.625
-0.640928 -0.0248101 0.7672 545.412 0.0213528 0.998514 0.0501289 5.74048 -0.767304 0.0485109 -0.639446 -261.334
-0.640735 -0.0227716 0.767424 547.507 0.0212566 0.998651 0.0473802 5.83744 -0.767468 0.046671 -0.639386 -263.003
-0.640679 -0.0227115 0.767473 549.575 0.0212716 0.998654 0.0473101 5.9148 -0.767514 0.046636 -0.639334 -264.698
-0.640633 -0.0237775 0.767479 551.51 0.0218565 0.998551 0.0491804 6.00396 -0.767536 0.048281 -0.639185 -266.334
-0.639406 -0.0249022 0.768466 553.569 0.022517 0.99844 0.05109 6.09923 -0.768539 0.0499708 -0.637848 -267.987
-0.639105 -0.0245797 0.768727 555.602 0.0231144 0.998424 0.051141 6.18621 -0.768772 0.0504532 -0.63753 -269.69
-0.640466 -0.023413 0.76763 557.702 0.0235676 0.998465 0.050117 6.27711 -0.767625 0.0501895 -0.638931 -271.434
-0.640088 -0.0229994 0.767957 559.776 0.0241853 0.998453 0.0500609 6.36758 -0.76792 0.0506167 -0.638542 -273.133
-0.640451 -0.0228795 0.767658 561.854 0.0249536 0.998408 0.0505755 6.45958 -0.767593 0.051547 -0.638861 -274.853
-0.640121 -0.0233423 0.767919 563.938 0.0259195 0.998313 0.0519515 6.55051 -0.767837 0.0531593 -0.638436 -276.55
-0.639995 -0.024021 0.768003 566 0.0255154 0.998296 0.0524865 6.64364 -0.767955 0.0531871 -0.638292 -278.237
-0.640006 -0.0239316 0.767998 568.034 0.0256452 0.998293 0.0524791 6.73808 -0.767942 0.0532824 -0.638299 -279.906
-0.639277 -0.0239584 0.768603 570.098 0.0263927 0.998242 0.0530683 6.82929 -0.768524 0.0542109 -0.637521 -281.613
-0.63944 -0.024453 0.768452 572.179 0.0268116 0.998177 0.0540734 6.92268 -0.768374 0.0551801 -0.637618 -283.32
-0.639675 -0.0255488 0.768221 574.221 0.0255728 0.998187 0.0544906 7.02544 -0.76822 0.0545018 -0.637862 -284.993
-0.638877 -0.0270014 0.768835 576.303 0.023916 0.998204 0.0549303 7.13084 -0.768937 0.0534812 -0.637084 -286.698
-0.638507 -0.0263553 0.769165 578.342 0.024033 0.998243 0.0541552 7.22424 -0.769241 0.0530638 -0.636752 -288.346
-0.637734 -0.024784 0.769858 580.426 0.0254232 0.99826 0.0531969 7.32538 -0.769837 0.0534977 -0.635994 -290.052
-0.637018 -0.0239673 0.770476 582.494 0.0265922 0.998238 0.0530384 7.41304 -0.77039 0.0542751 -0.635258 -291.759
-0.636965 -0.0245558 0.770501 584.554 0.0265775 0.998199 0.0537838 7.50759 -0.770434 0.0547364 -0.635165 -293.435
-0.636062 -0.0251051 0.771229 586.628 0.0270756 0.998129 0.0548214 7.61304 -0.771163 0.0557513 -0.634192 -295.11
-0.635578 -0.0247778 0.771639 588.684 0.0267991 0.998174 0.0541258 7.69801 -0.771571 0.0550804 -0.633754 -296.782
-0.634519 -0.0247051 0.772512 590.77 0.0264769 0.998208 0.0536702 7.80185 -0.772453 0.0545086 -0.632728 -298.474
-0.633775 -0.0249902 0.773114 592.822 0.0259025 0.998232 0.053501 7.89903 -0.773084 0.0539331 -0.632007 -300.131
-0.633251 -0.025711 0.773519 594.905 0.0252375 0.998231 0.0538412 7.99263 -0.773535 0.0536167 -0.631481 -301.79
-0.633201 -0.0262525 0.773542 596.945 0.0247211 0.998229 0.054114 8.09143 -0.773592 0.0533879 -0.631431 -303.457
-0.632903 -0.0273122 0.77375 599.049 0.0232744 0.998255 0.0542747 8.19122 -0.773882 0.0523592 -0.631162 -305.157
-0.63267 -0.0279847 0.773915 601.097 0.021661 0.998316 0.0538068 8.29225 -0.774118 0.0508057 -0.630999 -306.801
-0.631782 -0.0275276 0.774657 603.183 0.0209845 0.998396 0.0525925 8.38731 -0.774862 0.0494828 -0.630191 -308.471
-0.632045 -0.027763 0.774434 605.233 0.0216629 0.998334 0.0534696 8.48269 -0.774629 0.0505717 -0.630391 -310.143
-0.632774 -0.0287438 0.773803 607.292 0.0217113 0.998259 0.0548358 8.57898 -0.774032 0.0514989 -0.631048 -311.795
-0.632666 -0.0297117 0.773854 609.412 0.0209808 0.998239 0.0554797 8.68971 -0.77414 0.0513362 -0.630929 -313.501
-0.632571 -0.0292644 0.773949 611.452 0.0203504 0.998313 0.0543809 8.78895 -0.774235 0.0501499 -0.630908 -315.137
-0.633064 -0.027884 0.773597 613.523 0.0201734 0.998417 0.0524962 8.88641 -0.773836 0.0488395 -0.6315 -316.804
-0.632417 -0.0264362 0.774177 615.609 0.0207947 0.998478 0.0510824 8.97926 -0.774349 0.0484041 -0.630904 -318.464
-0.632819 -0.0260449 0.773861 617.653 0.021096 0.998483 0.0508557 9.07089 -0.774012 0.0485078 -0.63131 -320.116
-0.63233 -0.0265611 0.774244 619.734 0.0219244 0.998398 0.0521567 9.1714 -0.774389 0.0499551 -0.630734 -321.813
-0.632492 -0.0275163 0.774078 621.806 0.0220206 0.998326 0.0534805 9.2568 -0.774254 0.0508717 -0.630827 -323.485
-0.632621 -0.0276357 0.773968 623.872 0.0223719 0.998294 0.0539318 9.3589 -0.774138 0.0514335 -0.630924 -325.135
-0.632281 -0.0273836 0.774255 625.99 0.022328 0.998316 0.0535419 9.45543 -0.774417 0.0511411 -0.630605 -326.809
-0.632511 -0.0271255 0.774076 628.112 0.0217888 0.998368 0.0527892 9.55152 -0.774244 0.050256 -0.630888 -328.505
-0.632216 -0.027228 0.774313 630.129 0.022085 0.998343 0.0531379 9.6495 -0.774477 0.0506954 -0.630567 -330.148
-0.632491 -0.0273333 0.774085 632.291 0.0224546 0.99831 0.053598 9.75054 -0.774242 0.0512821 -0.630809 -331.867
-0.631855 -0.0279226 0.774584 634.353 0.0220498 0.998299 0.0539739 9.8476 -0.774773 0.0511831 -0.630164 -333.523
-0.631479 -0.0280279 0.774886 636.412 0.0219724 0.998298 0.0540148 9.95014 -0.775081 0.0511353 -0.629789 -335.179
-0.630751 -0.0273929 0.775502 638.511 0.0214727 0.998378 0.0527303 10.038 -0.775688 0.0499118 -0.62914 -336.858
-0.630789 -0.0273278 0.775473 640.589 0.0217552 0.998364 0.0528787 10.1367 -0.77565 0.0502258 -0.629162 -338.507
-0.62971 -0.0277082 0.776336 642.661 0.0222595 0.99831 0.0536859 10.2309 -0.776511 0.0510874 -0.628029 -340.185
-0.62908 -0.0279146 0.776839 644.739 0.0225158 0.998281 0.0541051 10.3256 -0.777014 0.0515276 -0.627371 -341.833
-0.628907 -0.0268213 0.777018 646.782 0.0227128 0.998344 0.0528446 10.4242 -0.777149 0.0508826 -0.627257 -343.463
-0.628548 -0.0254381 0.777355 648.899 0.0231134 0.998413 0.0513608 10.515 -0.777427 0.05025 -0.626963 -345.141
-0.627821 -0.0257694 0.777931 650.987 0.0233762 0.998377 0.0519373 10.6051 -0.778006 0.0507925 -0.6262 -346.801
-0.627645 -0.0262983 0.778055 653.042 0.0242215 0.998286 0.0532812 10.6943 -0.778122 0.0522873 -0.625932 -348.454
