1 0 0 0 0 1 0 0 0 0 1 0
0.999998 -0.00113605 -0.00178396 -0.012976 0.00113847 0.999998 0.00135538 -0.0241146 0.00178241 -0.0013574 0.999997 1.54462
0.999991 -0.00163364 -0.00392721 -0.0316433 0.00164349 0.999996 0.00250454 -0.0538699 0.00392311 -0.00251097 0.999989 3.12822
0.999989 -0.000744485 -0.0046303 -0.0417671 0.0007573 0.999996 0.00276659 -0.0649717 0.00462822 -0.00277007 0.999985 4.60383
0.999979 -0.000206571 -0.00653983 -0.0556967 0.000224504 0.999996 0.00274151 -0.0955562 0.00653924 -0.00274292 0.999975 6.17999
0.999974 -0.00025481 -0.00721893 -0.0757503 0.000278141 0.999995 0.00323105 -0.124911 0.00721807 -0.00323297 0.999969 7.65382
0.999962 -0.000447887 -0.00871809 -0.0977899 0.000477437 0.999994 0.00338767 -0.141497 0.00871652 -0.00339171 0.999956 9.15997
0.999949 -0.00136566 -0.0100276 -0.102123 0.00139514 0.999995 0.00293313 -0.173629 0.0100235 -0.00294697 0.999945 10.6904
0.999928 -0.0031218 -0.0115493 -0.134856 0.00315639 0.999991 0.0029782 -0.19422 0.0115399 -0.00301444 0.999929 12.1457
0.999911 -0.00364324 -0.0128325 -0.161003 0.00368278 0.999989 0.00305919 -0.229724 0.0128212 -0.00310617 0.999913 13.639
0.9999 -0.00290079 -0.0138231 -0.186459 0.00294317 0.999991 0.00304653 -0.242557 0.0138141 -0.00308691 0.9999 15.1521
0.999877 -0.00136311 -0.0156433 -0.257459 0.00141308 0.999994 0.00318316 -0.268155 0.0156388 -0.00320487 0.999873 16.6528
0.999886 6.09987e-05 -0.0151058 -0.265144 -1.29966e-06 0.999992 0.00395204 -0.289633 0.0151059 -0.00395157 0.999878 18.1109
0.999875 0.000620258 -0.0157701 -0.291677 -0.000548685 0.99999 0.00454242 -0.308002 0.0157728 -0.0045332 0.999865 19.6129
0.999873 0.00130257 -0.0158992 -0.329302 -0.001223 0.999987 0.00501334 -0.334204 0.0159055 -0.00499325 0.999861 21.0886
0.999866 0.00135168 -0.0163082 -0.3439 -0.00127373 0.999988 0.00478895 -0.355872 0.0163145 -0.00476753 0.999856 22.5491
0.999858 0.0019977 -0.0167412 -0.39592 -0.00190877 0.999984 0.00532649 -0.373663 0.0167515 -0.00529378 0.999846 23.9925
0.999854 0.00262187 -0.0168851 -0.439528 -0.00251406 0.999976 0.00640308 -0.392964 0.0169015 -0.0063597 0.999837 25.451
0.999865 0.00309737 -0.0161205 -0.452034 -0.00300717 0.99998 0.00561668 -0.414522 0.0161376 -0.00556745 0.999854 26.9138
0.999851 0.00332099 -0.0169649 -0.517689 -0.00326313 0.999989 0.00343716 -0.433952 0.0169761 -0.00338128 0.99985 28.3562
0.999872 0.00215664 -0.01583 -0.528995 -0.00210471 0.999992 0.00329591 -0.454874 0.015837 -0.00326218 0.999869 29.798
0.999885 0.00138164 -0.0151168 -0.536302 -0.00129922 0.999984 0.00546071 -0.473252 0.0151241 -0.00544045 0.999871 31.2113
0.999885 -0.000677699 -0.0151696 -0.585933 0.000784664 0.999975 0.00704635 -0.497818 0.0151645 -0.00705744 0.99986 32.6137
0.999891 -0.00119775 -0.0146828 -0.591693 0.001293 0.999978 0.00647888 -0.515427 0.0146748 -0.00649716 0.999871 34.0255
0.999889 -0.0015094 -0.0148283 -0.642841 0.00158603 0.999985 0.00515703 -0.537494 0.0148203 -0.00517997 0.999877 35.4147
0.999901 -0.000708948 -0.0140623 -0.665744 0.00076524 0.999992 0.00399801 -0.556064 0.0140594 -0.00400837 0.999893 36.7919
0.999917 0.000245744 -0.0128661 -0.687343 -0.000200088 0.999994 0.00354969 -0.588199 0.0128669 -0.00354682 0.999911 38.1405
0.999919 0.000390161 -0.0127449 -0.764077 -0.000337767 0.999991 0.00411282 -0.609048 0.0127464 -0.00410818 0.99991 39.504
0.999945 0.000735637 -0.0104928 -0.761307 -0.000674105 0.999983 0.00586659 -0.626219 0.0104969 -0.0058592 0.999928 40.8093
0.999964 0.000641459 -0.00851654 -0.754278 -0.000580543 0.999974 0.00715325 -0.660564 0.00852091 -0.00714805 0.999938 42.122
0.999976 0.000560954 -0.00690812 -0.810039 -0.000506826 0.999969 0.00783467 -0.676797 0.0069123 -0.00783098 0.999945 43.4137
0.999994 0.000321197 -0.00334367 -0.808047 -0.000296254 0.999972 0.00745774 -0.694023 0.00334597 -0.00745671 0.999967 44.6646
1 -0.0002194 0.000190692 -0.833274 0.000218315 0.999984 0.00567456 -0.717497 -0.000191934 -0.00567452 0.999984 45.9286
0.999988 -0.000112825 0.00490539 -0.782784 9.28255e-05 0.999992 0.00407699 -0.742217 -0.00490581 -0.00407648 0.99998 47.1643
0.999974 -0.000449704 0.00726449 -0.867779 0.000417258 0.99999 0.00446721 -0.753954 -0.00726643 -0.00446406 0.999964 48.3802
0.999916 5.11552e-05 0.0129356 -0.839106 -0.000109551 0.99999 0.00451366 -0.779812 -0.0129352 -0.0045147 0.999906 49.6014
0.999808 0.00161278 0.0195432 -0.813579 -0.00168641 0.999992 0.00375154 -0.799394 -0.019537 -0.00378378 0.999802 50.8157
0.999618 0.00315878 0.0274391 -0.77073 -0.00325742 0.999988 0.00355071 -0.819091 -0.0274276 -0.00363874 0.999617 51.9851
0.99936 0.00365191 0.0355716 -0.765572 -0.00382001 0.999982 0.00465899 -0.839057 -0.035554 -0.0047919 0.999356 53.1812
0.998925 0.00583956 0.0459936 -0.714677 -0.00608231 0.999968 0.00513992 -0.862418 -0.0459621 -0.00541414 0.998929 54.3477
0.998244 0.00792369 0.0587063 -0.674085 -0.00824513 0.999952 0.00523513 -0.881992 -0.058662 -0.00570998 0.998262 55.5162
0.997222 0.0104658 0.0737486 -0.607978 -0.0109109 0.999925 0.00563446 -0.905037 -0.073684 -0.00642347 0.997261 56.6561
0.99586 0.0123066 0.0900666 -0.524785 -0.0129656 0.999893 0.00673487 -0.91062 -0.0899741 -0.00787475 0.995913 57.8139
0.994115 0.0125225 0.107602 -0.406942 -0.0134335 0.99988 0.00774622 -0.932082 -0.107492 -0.00914611 0.994164 58.8924
0.991896 0.0121563 0.126473 -0.28777 -0.0131583 0.999888 0.00709002 -0.953064 -0.126372 -0.00869672 0.991945 60.0045
0.988987 0.0113057 0.147568 -0.113473 -0.0123258 0.999906 0.00600026 -0.966626 -0.147486 -0.00775308 0.989034 61.1112
0.985672 0.00789333 0.168492 0.0566639 -0.00901406 0.999942 0.00588772 -0.976799 -0.168435 -0.00732215 0.985686 62.1459
0.981656 0.00277529 0.190641 0.221352 -0.00431246 0.999961 0.00764879 -1.00565 -0.190612 -0.00833061 0.98163 63.2352
0.97697 -0.00253845 0.213362 0.450439 0.000583602 0.999957 0.00922462 -0.998385 -0.213376 -0.00888766 0.97693 64.2299
0.97158 -0.00792809 0.236578 0.674264 0.0060459 0.999944 0.00868032 -1.01652 -0.236633 -0.0070033 0.971574 65.2555
0.964951 -0.0142654 0.262043 0.93906 0.0127005 0.99989 0.00766475 -1.06025 -0.262123 -0.00406805 0.965026 66.2563
0.957452 -0.0179656 0.288033 1.23718 0.0162766 0.999833 0.00825787 -1.06376 -0.288133 -0.00321831 0.957585 67.2152
0.948567 -0.0206536 0.315901 1.56831 0.0183325 0.999779 0.0103179 -1.06519 -0.316044 -0.00399594 0.948736 68.1935
0.939028 -0.0255138 0.342893 1.88963 0.0223823 0.999664 0.0130876 -1.06758 -0.343112 -0.00461491 0.939283 69.1228
0.927856 -0.028895 0.371817 2.22534 0.0259073 0.999579 0.0130295 -1.09405 -0.372037 -0.00245673 0.928215 70.044
0.91552 -0.0283248 0.401274 2.6337 0.0269988 0.999595 0.0089601 -1.08334 -0.401365 0.00263074 0.915914 70.956
0.902679 -0.0294063 0.429309 3.03621 0.0303734 0.999528 0.00460031 -1.11477 -0.429242 0.008887 0.903146 71.8027
0.888396 -0.0314243 0.458001 3.48183 0.0341728 0.999413 0.00228583 -1.13319 -0.457804 0.0136205 0.888949 72.6532
0.872099 -0.0326413 0.48824 3.95086 0.0343195 0.999396 0.00551285 -1.15276 -0.488125 0.0119484 0.872692 73.5206
0.854838 -0.0316476 0.517929 4.42014 0.030439 0.999478 0.010833 -1.14447 -0.518001 0.00650472 0.855355 74.3209
0.834503 -0.0318845 0.550081 4.91986 0.0293518 0.999479 0.0134047 -1.12928 -0.550222 0.00495966 0.835004 75.155
0.81356 -0.0266171 0.580871 5.45576 0.0254982 0.999624 0.0100931 -1.1601 -0.580922 0.00659983 0.813933 75.9093
0.79229 -0.0193158 0.609839 6.04581 0.0218032 0.999757 0.0033397 -1.18118 -0.609755 0.0106504 0.792518 76.661
0.769502 -0.0164927 0.638432 6.65785 0.0204484 0.99979 0.0011813 -1.17631 -0.638317 0.0121459 0.769678 77.3967
0.745685 -0.0196852 0.666007 7.20659 0.0223926 0.999739 0.00447784 -1.19715 -0.665922 0.0115746 0.745932 78.065
0.721094 -0.0200591 0.692547 7.83804 0.0229816 0.999723 0.00502735 -1.18362 -0.692456 0.0122907 0.721355 78.7548
0.695203 -0.0189743 0.718563 8.49869 0.024215 0.999702 0.00297023 -1.233 -0.718405 0.0153351 0.695456 79.3965
0.669537 -0.016104 0.742604 9.17525 0.0232714 0.999729 0.000698282 -1.24497 -0.742414 0.0168139 0.66973 79.9872
0.642307 -0.0141361 0.766317 9.86655 0.0222334 0.999753 -0.000193211 -1.23581 -0.766125 0.0171619 0.642463 80.5893
0.613954 -0.0132177 0.789231 10.5465 0.0230356 0.999734 -0.00117668 -1.24889 -0.789006 0.0189029 0.614095 81.1334
0.58516 -0.00726099 0.810885 11.2738 0.0218874 0.999737 -0.00684257 -1.27868 -0.810622 0.0217521 0.585165 81.6649
0.554626 0.00242855 0.832096 12.0644 0.0200383 0.999667 -0.0162739 -1.29142 -0.831858 0.0256997 0.554393 82.197
0.524532 0.0102592 0.851329 12.8183 0.0191745 0.999531 -0.0238592 -1.33254 -0.851175 0.0288387 0.524089 82.672
0.492734 0.015419 0.870043 13.5998 0.0169831 0.999482 -0.027331 -1.35503 -0.870014 0.028243 0.492217 83.1282
0.459843 0.014993 0.887874 14.451 0.0147368 0.999591 -0.0245119 -1.38799 -0.887878 0.024356 0.459434 83.5803
0.426583 0.0140497 0.904339 15.2524 0.0109306 0.999726 -0.0206876 -1.41819 -0.904382 0.01871 0.426313 83.9976
0.392112 0.0147604 0.919799 16.1124 0.0065168 0.999802 -0.0188223 -1.44966 -0.919895 0.0133746 0.391938 84.3765
0.357326 0.0174295 0.933817 16.9809 -0.000106656 0.999827 -0.0186208 -1.49374 -0.93398 0.00655407 0.357265 84.7187
0.321397 0.0196286 0.946741 17.8629 -0.0054093 0.999807 -0.0188924 -1.49895 -0.946929 0.000950765 0.321441 85.0386
0.284095 0.0189684 0.958609 18.7676 -0.00805901 0.999816 -0.0173954 -1.53492 -0.958762 -0.00278349 0.284196 85.3331
0.24807 0.0185313 0.968565 19.679 -0.00863994 0.99982 -0.0169165 -1.56247 -0.968704 -0.00417188 0.248185 85.5863
0.211703 0.0176447 0.977175 20.6082 -0.00810728 0.999834 -0.0162974 -1.60239 -0.9773 -0.00447201 0.211811 85.8094
0.176108 0.0170177 0.984224 21.5797 -0.00589693 0.999851 -0.0162328 -1.61294 -0.984353 -0.00294518 0.176182 85.9783
0.141493 0.0154277 0.989819 22.4852 0.00191705 0.999872 -0.0158584 -1.65297 -0.989937 0.0041414 0.141446 86.1247
0.107186 0.0182 0.994072 23.4301 0.00427941 0.999815 -0.0187666 -1.69956 -0.99423 0.00626554 0.107088 86.2226
0.074697 0.0244387 0.996907 24.4171 0.00506278 0.999677 -0.024886 -1.68883 -0.997193 0.00690603 0.0745492 86.2998
0.0454605 0.0268171 0.998606 25.4301 0.0105237 0.999571 -0.0273221 -1.77008 -0.998911 0.0117511 0.0451588 86.3367
0.0206182 0.0257407 0.999456 26.3879 0.0135473 0.99957 -0.0260231 -1.79917 -0.999696 0.0140765 0.0202606 86.3771
-0.00189158 0.0229708 0.999734 27.3713 0.015718 0.999613 -0.0229383 -1.81557 -0.999875 0.0156704 -0.00225191 86.4009
-0.0216609 0.0211789 0.999541 28.3548 0.0176577 0.999628 -0.0207981 -1.84725 -0.999609 0.017199 -0.0220268 86.3843
-0.0378521 0.0233518 0.99901 29.3238 0.0183015 0.999575 -0.0226715 -1.89582 -0.999116 0.0174252 -0.0382634 86.3681
-0.0532079 0.0282299 0.998184 30.3185 0.0210065 0.999411 -0.0271449 -1.91376 -0.998362 0.019524 -0.0537695 86.2928
-0.0649796 0.0327269 0.99735 31.3039 0.0247083 0.999208 -0.0311781 -1.97013 -0.997581 0.0226169 -0.0657367 86.249
-0.0737332 0.0368725 0.996596 32.2913 0.0308236 0.998923 -0.0346781 -2.00972 -0.996802 0.0281617 -0.0747904 86.1848
-0.0794563 0.0416072 0.99597 33.3057 0.0338297 0.998666 -0.0390209 -2.06108 -0.996264 0.0305929 -0.0807579 86.1122
-0.0832688 0.0470005 0.995418 34.2958 0.0363014 0.998367 -0.044103 -2.09867 -0.995866 0.0324627 -0.084839 86.016
-0.0865745 0.0506745 0.994956 35.2711 0.0380665 0.998144 -0.0475247 -2.16284 -0.995518 0.03376 -0.0883429 85.9303
-0.0885916 0.0542034 0.994592 36.2818 0.0393764 0.997928 -0.0508779 -2.21846 -0.995289 0.0346561 -0.0905424 85.8361
-0.0916104 0.0573689 0.994141 37.2863 0.0400154 0.997745 -0.0538895 -2.28636 -0.994991 0.0348441 -0.0936995 85.7509
-0.093441 0.0610636 0.99375 38.3236 0.0407504 0.997516 -0.0574632 -2.34992 -0.994791 0.0351263 -0.0956973 85.6738
-0.0945776 0.0621436 0.993576 39.3476 0.0423384 0.997398 -0.0583525 -2.42309 -0.994617 0.0365476 -0.0969625 85.5418
-0.0971151 0.0614548 0.993374 40.3483 0.0432417 0.99741 -0.0574771 -2.48306 -0.994333 0.0373733 -0.099521 85.4599
-0.0998058 0.0609876 0.993136 41.3641 0.0440626 0.997412 -0.0568221 -2.56613 -0.994031 0.038089 -0.102235 85.3764
-0.101512 0.0620527 0.992897 42.3844 0.0428184 0.9974 -0.0579564 -2.63819 -0.993912 0.036631 -0.103905 85.2369
-0.104308 0.0642265 0.992469 43.4177 0.0418064 0.997314 -0.0601462 -2.70451 -0.993666 0.0352179 -0.106712 85.1537
-0.106794 0.0665815 0.992049 44.4494 0.0403406 0.997224 -0.0625861 -2.77296 -0.993462 0.033336 -0.109184 85.0585
-0.107925 0.0699676 0.991694 45.4475 0.0381206 0.997078 -0.0661989 -2.85197 -0.993428 0.0306595 -0.110277 84.9291
-0.110532 0.0743202 0.99109 46.4819 0.0350532 0.996871 -0.0708444 -2.92919 -0.993254 0.0269104 -0.112791 84.8211
-0.112836 0.0765987 0.990657 47.5364 0.0320202 0.996787 -0.0734255 -3.00807 -0.993098 0.0234361 -0.114926 84.701
-0.11581 0.0748943 0.990444 48.5945 0.0293999 0.996975 -0.0719505 -3.10875 -0.992836 0.0207864 -0.117661 84.5622
-0.119455 0.0716431 0.990251 49.6501 0.0279238 0.997241 -0.0687803 -3.17958 -0.992447 0.0194354 -0.121126 84.4682
-0.121387 0.0693639 0.990179 50.6938 0.0274655 0.997408 -0.0665033 -3.27249 -0.992225 0.0191232 -0.122977 84.3353
-0.123976 0.0697063 0.989834 51.7454 0.0275816 0.997386 -0.0667836 -3.35944 -0.991902 0.0190216 -0.125574 84.2269
-0.124413 0.0725352 0.989576 52.8173 0.0283007 0.997178 -0.0695344 -3.44311 -0.991827 0.0193547 -0.126114 84.0609
-0.124609 0.0749768 0.989369 53.8886 0.0280905 0.997008 -0.0720177 -3.52695 -0.991808 0.0188178 -0.126343 83.9087
-0.125703 0.0757259 0.989174 54.9452 0.0273536 0.996968 -0.0728465 -3.62095 -0.991691 0.0179004 -0.127393 83.8029
-0.125536 0.0746746 0.989275 56.0065 0.0246204 0.997091 -0.0721404 -3.697 -0.991784 0.0153002 -0.127009 83.6865
-0.126088 0.0741527 0.989244 57.082 0.0209381 0.997179 -0.0720788 -3.79048 -0.991798 0.0116246 -0.127285 83.5593
-0.124894 0.0748605 0.989342 58.1729 0.0166494 0.997167 -0.0733508 -3.88474 -0.99203 0.00731092 -0.125786 83.4068
-0.125647 0.0751181 0.989227 59.2609 0.0124938 0.99717 -0.0741344 -3.97683 -0.991996 0.00304445 -0.12623 83.2852
-0.1261 0.0746525 0.989205 60.3616 0.00951059 0.99721 -0.0740442 -4.07328 -0.991972 7.09776e-05 -0.126458 83.1592
-0.125923 0.0699188 0.989573 61.4558 0.00904959 0.997553 -0.069331 -4.16023 -0.991999 0.000224885 -0.126247 82.9877
-0.126251 0.0615777 0.990085 62.5586 0.012346 0.998092 -0.0605014 -4.24191 -0.991921 0.00458522 -0.12677 82.8632
-0.126894 0.0560522 0.990331 63.6595 0.0192097 0.998354 -0.0540449 -4.30602 -0.99173 0.012166 -0.127762 82.7798
-0.125965 0.0579061 0.990343 64.7503 0.0262082 0.998141 -0.0550285 -4.40038 -0.991688 0.0190234 -0.127249 82.5931
-0.125459 0.063682 0.990053 65.8456 0.0313368 0.997694 -0.0602026 -4.4788 -0.991604 0.0234722 -0.127165 82.4397
-0.12394 0.0689997 0.989888 66.9606 0.0345255 0.997275 -0.0651918 -4.5407 -0.991689 0.0260965 -0.125984 82.3039
-0.123556 0.0725095 0.989685 68.0731 0.0346525 0.997034 -0.0687217 -4.66864 -0.991732 0.0258041 -0.125702 82.1145
-0.123607 0.0716513 0.989741 69.2028 0.0332188 0.99713 -0.0680376 -4.72403 -0.991775 0.0244681 -0.125633 81.9888
-0.12302 0.066896 0.990147 70.3264 0.0322673 0.997468 -0.0633816 -4.80338 -0.991879 0.0241521 -0.124867 81.8718
-0.122778 0.0643469 0.990346 71.4642 0.0296377 0.997688 -0.0611497 -4.89653 -0.991992 0.0218438 -0.124401 81.7193
-0.122886 0.0650904 0.990284 72.6184 0.0281449 0.997674 -0.0620836 -4.96912 -0.992022 0.0202422 -0.124432 81.5952
-0.121923 0.0692096 0.990124 73.7552 0.0274448 0.99742 -0.0663401 -5.07203 -0.99216 0.0190853 -0.123508 81.4373
-0.121766 0.0732867 0.98985 74.8988 0.0291756 0.997104 -0.0702348 -5.14668 -0.99213 0.0203272 -0.123552 81.3285
-0.123329 0.0718786 0.989759 75.9669 0.0275668 0.997237 -0.0689866 -5.2389 -0.991983 0.0187764 -0.12497 81.1866
-0.120775 0.0649033 0.990556 77.1908 0.0301254 0.99764 -0.0616944 -5.33339 -0.992223 0.0223897 -0.122445 81.028
-0.120657 0.0633917 0.990668 78.3859 0.0299808 0.997736 -0.0601925 -5.41796 -0.992241 0.0224383 -0.122284 80.9069
-0.120786 0.0661403 0.990473 79.5129 0.027171 0.997624 -0.0633044 -5.50243 -0.992307 0.0192659 -0.122296 80.7603
-0.120632 0.0696693 0.99025 80.679 0.0264775 0.997405 -0.0669473 -5.57799 -0.992344 0.0181433 -0.122164 80.6297
-0.120374 0.0692543 0.99031 81.8897 0.0258674 0.997444 -0.0666089 -5.67461 -0.992391 0.0175988 -0.121858 80.4908
-0.120251 0.0658326 0.990558 83.0285 0.0251623 0.99768 -0.0632513 -5.75594 -0.992425 0.0173187 -0.121629 80.3506
-0.11859 0.0641925 0.990866 84.2368 0.0260996 0.997765 -0.0615158 -5.85276 -0.9926 0.0185661 -0.12 80.2171
-0.118047 0.0647911 0.990892 85.4332 0.0276143 0.997697 -0.0619463 -5.94301 -0.992624 0.0200501 -0.119565 80.0559
-0.116647 0.065146 0.991034 86.6162 0.0299047 0.997624 -0.0620594 -6.02621 -0.992723 0.0223975 -0.118319 79.9541
-0.116874 0.0652993 0.990998 87.8203 0.0303839 0.997604 -0.0621513 -6.09807 -0.992682 0.0228465 -0.118578 79.8147
-0.114854 0.0651164 0.991246 88.9966 0.0300501 0.99762 -0.0620533 -6.19783 -0.992928 0.02266 -0.116538 79.6684
-0.112214 0.0634374 0.991657 90.2514 0.0317224 0.99768 -0.0602331 -6.29025 -0.993178 0.0246988 -0.113966 79.5293
-0.112086 0.0626753 0.99172 91.4702 0.0298858 0.99777 -0.0596799 -6.37256 -0.993249 0.0229491 -0.113709 79.3917
-0.110198 0.0620959 0.991968 92.671 0.0311157 0.997773 -0.0590026 -6.45695 -0.993423 0.0243639 -0.111884 79.2679
-0.108988 0.0628729 0.992053 93.8734 0.0298751 0.997754 -0.0599521 -6.53731 -0.993594 0.0231036 -0.110621 79.1238
-0.109741 0.064655 0.991855 95.0871 0.0278962 0.997689 -0.0619488 -6.64109 -0.993569 0.0208706 -0.111292 78.9428
-0.109321 0.0646492 0.991902 96.3874 0.0268557 0.997711 -0.0620679 -6.70799 -0.993644 0.0198529 -0.110807 78.881
-0.105774 0.0632007 0.99238 97.6221 0.0250104 0.997832 -0.0608821 -6.80728 -0.994076 0.01838 -0.107125 78.7389
-0.106248 0.0634986 0.99231 98.8747 0.0208158 0.997882 -0.0616264 -6.90427 -0.994122 0.014108 -0.107345 78.5909
-0.108343 0.0633284 0.992094 100.14 0.0178354 0.997932 -0.0617533 -6.98927 -0.993954 0.0110039 -0.109248 78.4741
-0.107143 0.0610248 0.992369 101.321 0.0169588 0.998082 -0.0595451 -7.0712 -0.994099 0.0104495 -0.107973 78.38
-0.108668 0.059602 0.99229 102.6 0.0147094 0.998188 -0.0583454 -7.16098 -0.993969 0.00825575 -0.109347 78.2478
-0.109861 0.0587417 0.99221 103.876 0.0126512 0.998254 -0.0576988 -7.25142 -0.993866 0.00621383 -0.110412 78.1229
-0.112006 0.0587212 0.991971 105.117 0.0124288 0.998257 -0.0576899 -7.34052 -0.99363 0.00586738 -0.11254 77.984
-0.114369 0.0570534 0.991799 106.362 0.011464 0.998359 -0.0561088 -7.43876 -0.993372 0.00495287 -0.114835 77.8386
-0.116424 0.0535969 0.991752 107.594 0.01116 0.99855 -0.0526542 -7.50445 -0.993137 0.00493777 -0.116853 77.731
-0.120249 0.0531039 0.991322 108.88 0.0102258 0.998582 -0.0522524 -7.59202 -0.992691 0.00385379 -0.120621 77.5864
-0.127492 0.0578602 0.99015 110.138 0.00484043 0.998321 -0.0577144 -7.69032 -0.991828 -0.00256539 -0.127558 77.4186
-0.135934 0.061167 0.988828 111.316 0.00122136 0.998102 -0.0615728 -7.7547 -0.990717 -0.00716215 -0.135751 77.2368
-0.14307 0.057675 0.988031 112.6 0.0063244 0.998333 -0.0573607 -7.85827 -0.989692 -0.00195789 -0.143196 77.114
-0.153802 0.0554049 0.986547 113.837 0.00885335 0.998464 -0.0546939 -7.94822 -0.988062 0.000322224 -0.154056 76.9443
-0.16781 0.0555339 0.984254 115.033 0.00876899 0.998457 -0.0548402 -8.05062 -0.98578 -0.000571808 -0.168038 76.7005
-0.181502 0.0559351 0.981799 116.281 0.0098748 0.998434 -0.0550574 -8.13117 -0.983341 -0.000297952 -0.18177 76.4971
-0.194383 0.0550626 0.979379 117.461 0.0128841 0.99848 -0.0535794 -8.19563 -0.980841 0.00220351 -0.194797 76.3124
-0.210533 0.056447 0.975956 118.705 0.0152831 0.9984 -0.0544483 -8.29669 -0.977467 0.00345246 -0.211058 76.0426
-0.225256 0.060541 0.972417 119.902 0.0170262 0.99816 -0.0581996 -8.37368 -0.974151 0.00344673 -0.225872 75.7978
-0.242311 0.0631976 0.968138 121.073 0.0154201 0.998001 -0.0612876 -8.47611 -0.970076 7.81117e-05 -0.242801 75.5104
-0.257238 0.0614834 0.96439 122.241 0.0121066 0.998101 -0.0604033 -8.56237 -0.966272 -0.00386252 -0.257493 75.2117
-0.272912 0.0562018 0.960396 123.416 0.00646222 0.998377 -0.056588 -8.64439 -0.962017 -0.00923729 -0.272833 74.8934
-0.288235 0.0539808 0.956037 124.612 0.0042943 0.998473 -0.0550822 -8.71518 -0.95755 -0.0117711 -0.288027 74.6201
-0.303575 0.0532017 0.951321 125.748 0.00109516 0.998459 -0.0554883 -8.81587 -0.952807 -0.015803 -0.303166 74.2429
-0.317726 0.0554093 0.946562 126.884 0.000761262 0.998306 -0.0581827 -8.89399 -0.948182 -0.0177656 -0.31723 73.8921
-0.332402 0.0571993 0.941402 128.018 0.00192193 0.998198 -0.0599716 -8.98715 -0.943136 -0.0181254 -0.331913 73.5014
-0.346352 0.0573792 0.936348 129.151 0.0045681 0.998219 -0.0594809 -9.07718 -0.938094 -0.016324 -0.345997 73.0997
-0.360626 0.05574 0.931043 130.265 0.00400335 0.998296 -0.0582157 -9.157 -0.932702 -0.0172668 -0.360235 72.6833
-0.375266 0.0546045 0.925308 131.363 0.0039221 0.998348 -0.0573241 -9.24346 -0.926909 -0.0178826 -0.37486 72.2244
-0.389632 0.0556383 0.919288 132.474 0.00241829 0.998232 -0.0593912 -9.32829 -0.920967 -0.0209176 -0.389078 71.7846
-0.40538 0.0568873 0.912376 133.512 0.00216263 0.998119 -0.0612725 -9.42094 -0.914146 -0.0228655 -0.404741 71.2812
-0.419493 0.0588675 0.905848 134.626 0.0032436 0.997986 -0.0633531 -9.5019 -0.907753 -0.023638 -0.418839 70.8077
-0.434218 0.0622472 0.898655 135.74 0.0073607 0.997822 -0.0655596 -9.59163 -0.900778 -0.0218524 -0.43373 70.3473
-0.449066 0.0653567 0.891105 136.792 0.00681542 0.997543 -0.0697286 -9.68733 -0.893472 -0.0252395 -0.448408 69.8153
-0.463405 0.0655713 0.883717 137.835 0.00512313 0.99744 -0.0713231 -9.7963 -0.886132 -0.0285241 -0.462555 69.2195
-0.478737 0.0647615 0.875567 138.916 0.00583563 0.997488 -0.0705887 -9.88904 -0.877939 -0.0286839 -0.477913 68.6605
-0.494544 0.0615269 0.866972 139.996 0.00360316 0.997628 -0.0687438 -9.96372 -0.869145 -0.030873 -0.493592 68.0819
-0.511257 0.0610753 0.857255 141.065 0.00304132 0.997594 -0.06926 -10.0735 -0.859423 -0.0328025 -0.510212 67.4993
-0.527479 0.0595153 0.847481 142.118 0.000894965 0.997582 -0.0694992 -10.1743 -0.849568 -0.0359009 -0.526257 66.8754
-0.543196 0.05977 0.837476 143.162 0.00186824 0.997546 -0.0699823 -10.2603 -0.839604 -0.0364495 -0.541975 66.2244
-0.558695 0.0584164 0.827313 144.189 -0.000624066 0.997487 -0.0708538 -10.363 -0.829373 -0.040102 -0.557255 65.5486
-0.574527 0.0576096 0.816456 145.216 -0.00106323 0.997466 -0.07113 -10.4739 -0.818485 -0.0417342 -0.57301 64.8742
-0.589562 0.0545043 0.805882 146.216 -0.00235414 0.997601 -0.069193 -10.5732 -0.80772 -0.0426907 -0.588019 64.1511
-0.604721 0.0522219 0.794723 147.232 -0.00143382 0.997775 -0.0666555 -10.6582 -0.796436 -0.0414475 -0.603301 63.4176
-0.6203 0.0498784 0.782777 148.227 -0.00119327 0.997915 -0.0645325 -10.7613 -0.784364 -0.0409635 -0.618947 62.6846
-0.634789 0.0493037 0.771111 149.206 -0.000962402 0.997911 -0.0645971 -10.8445 -0.772685 -0.0417477 -0.633415 61.8954
-0.649566 0.0491218 0.758717 150.17 -0.00361283 0.9977 -0.0676874 -10.9535 -0.760297 -0.0467085 -0.647894 61.0792
-0.664995 0.0488364 0.74525 151.14 -0.0052357 0.99753 -0.0700403 -11.0606 -0.74683 -0.0504783 -0.663097 60.2765
-0.680996 0.0444385 0.730938 152.082 -0.00834007 0.997622 -0.0684222 -11.1729 -0.73224 -0.0526913 -0.679006 59.4532
-0.696638 0.0399278 0.716311 153.018 -0.00997033 0.997815 -0.0653155 -11.2322 -0.717354 -0.0526431 -0.694717 58.576
-0.713318 0.0361144 0.69991 153.934 -0.0122354 0.997878 -0.0639588 -11.3388 -0.700734 -0.0541866 -0.711362 57.6778
-0.730832 0.0338917 0.681716 154.808 -0.0131872 0.997879 -0.0637472 -11.4442 -0.68243 -0.0555784 -0.728834 56.7731
-0.748158 0.0294197 0.662868 155.702 -0.0174082 0.997802 -0.0639331 -11.5371 -0.663292 -0.0593714 -0.746002 55.8217
-0.764774 0.0295803 0.64362 156.552 -0.0155819 0.997804 -0.0643735 -11.6082 -0.64411 -0.05926 -0.762634 54.8384
-0.780706 0.0279917 0.624271 157.363 -0.0168221 0.997693 -0.0657731 -11.7578 -0.624672 -0.061851 -0.778434 53.8598
-0.79565 0.0303613 0.604995 158.162 -0.0114744 0.997809 -0.0651647 -11.8165 -0.605648 -0.0587902 -0.793558 52.851
-0.810415 0.0310224 0.585035 158.923 -0.00819618 0.997899 -0.0642689 -11.9227 -0.585799 -0.0568795 -0.808458 51.8257
-0.824122 0.0326024 0.565473 159.639 -0.00640921 0.997741 -0.0668656 -12.0114 -0.566376 -0.0587297 -0.822052 50.7587
-0.837906 0.0328801 0.544824 160.376 -0.00658293 0.997503 -0.0703233 -12.1408 -0.545775 -0.0625109 -0.835597 49.6941
-0.851414 0.0328903 0.523461 161.054 -0.00465134 0.997519 -0.0702418 -12.2436 -0.524473 -0.0622397 -0.849149 48.6846
-0.862273 0.0333623 0.505343 161.699 -0.00170934 0.99763 -0.0687794 -12.33 -0.50644 -0.0601705 -0.860173 47.5144
-0.873115 0.0343194 0.486305 162.367 0.000192085 0.997543 -0.0700536 -12.4199 -0.487515 -0.0610714 -0.870976 46.4306
-0.882448 0.0369163 0.468958 162.976 0.00320437 0.997365 -0.0724827 -12.5625 -0.470398 -0.0624595 -0.880241 45.3151
-0.891445 0.0343951 0.451822 163.572 0.000951702 0.997255 -0.0740385 -12.6697 -0.453128 -0.0655713 -0.88903 44.197
-0.899392 0.0325477 0.43593 164.145 2.99449e-05 0.997229 -0.074394 -12.7534 -0.437143 -0.0668963 -0.896901 43.0463
-0.906743 0.0296399 0.42064 164.719 -0.00177748 0.997249 -0.0741015 -12.8769 -0.42168 -0.0679387 -0.904196 41.8994
-0.913237 0.0291301 0.406385 165.253 -0.000918931 0.997291 -0.0735518 -12.9862 -0.407427 -0.0675437 -0.910737 40.7566
-0.919277 0.0257113 0.39277 165.76 -0.00298751 0.99738 -0.0722821 -13.1071 -0.393599 -0.0676207 -0.916792 39.563
-0.924834 0.0217808 0.379747 166.28 -0.00511424 0.997557 -0.0696713 -13.1962 -0.380337 -0.0663765 -0.922463 38.3808
-0.929706 0.0176189 0.36788 166.756 -0.00710271 0.997812 -0.0657382 -13.3009 -0.368234 -0.0637301 -0.927546 37.1998
-0.934095 0.0189484 0.356522 167.24 -0.00404692 0.997965 -0.0636427 -13.383 -0.357002 -0.0608912 -0.932117 36.0035
-0.937326 0.0221964 0.347745 167.696 4.69053e-05 0.997977 -0.063574 -13.5088 -0.348453 -0.0595733 -0.935431 34.8031
-0.939466 0.0281752 0.341482 168.124 0.00573615 0.997767 -0.0665436 -13.5947 -0.342594 -0.0605566 -0.93753 33.602
-0.941295 0.0303626 0.336216 168.558 0.00841947 0.997749 -0.0665318 -13.7182 -0.337479 -0.0597954 -0.939432 32.408
-0.943064 0.0282826 0.331406 169.006 0.00652111 0.997759 -0.0665931 -13.8212 -0.332547 -0.0606405 -0.941135 31.1895
-0.944615 0.0211981 0.327495 169.43 0.000465833 0.997997 -0.0632549 -13.9039 -0.32818 -0.059599 -0.942733 29.9493
-0.946393 0.015657 0.322637 169.874 -0.00471028 0.998049 -0.0622502 -13.9921 -0.322983 -0.0604329 -0.944473 28.77
-0.947861 0.00908322 0.318554 170.279 -0.0115536 0.997957 -0.0628336 -14.088 -0.318474 -0.063238 -0.94582 27.5239
-0.949124 0.00642249 0.314838 170.722 -0.0150481 0.997725 -0.0657175 -14.1895 -0.314544 -0.0671117 -0.946868 26.3082
-0.949943 0.00644982 0.312358 171.133 -0.0153925 0.997607 -0.067411 -14.2913 -0.312045 -0.0688445 -0.94757 25.1016
-0.950158 0.00739693 0.31168 171.531 -0.0151493 0.997442 -0.0698543 -14.3902 -0.3114 -0.0710944 -0.947616 23.8711
-0.950057 0.00958462 0.311928 171.934 -0.0133658 0.997361 -0.0713548 -14.5062 -0.311789 -0.0719603 -0.947422 22.6531
-0.949989 0.0106637 0.312101 172.351 -0.0127327 0.997263 -0.0728304 -14.6049 -0.312023 -0.073162 -0.947253 21.4475
-0.949511 0.0117691 0.313512 172.758 -0.0121647 0.997164 -0.0742755 -14.7162 -0.313497 -0.0743392 -0.946675 20.2472
-0.948881 0.0136574 0.315339 173.184 -0.0103187 0.997187 -0.0742384 -14.8304 -0.315466 -0.0736973 -0.946071 19.0212
-0.947882 0.0132059 0.318348 173.594 -0.0109585 0.997198 -0.0739952 -14.9495 -0.318434 -0.0736273 -0.945081 17.7997
-0.946849 0.0112847 0.321479 174.017 -0.0132671 0.997164 -0.0740782 -15.058 -0.321404 -0.074406 -0.944015 16.5944
-0.945276 0.0105368 0.326102 174.436 -0.0137057 0.997314 -0.0719536 -15.1664 -0.325984 -0.0724854 -0.942592 15.3961
-0.942893 0.0085869 0.332985 174.869 -0.0152111 0.997515 -0.0687959 -15.2759 -0.332748 -0.0699322 -0.940419 14.1676
-0.940681 0.00737044 0.339213 175.318 -0.0161044 0.997667 -0.0663368 -15.3635 -0.338911 -0.0678646 -0.938368 12.9782
-0.937721 0.00909017 0.347272 175.745 -0.0144402 0.997774 -0.06511 -15.4821 -0.34709 -0.0660697 -0.935502 11.7571
-0.93447 0.00985453 0.355907 176.19 -0.0146105 0.997714 -0.0659866 -15.5691 -0.355743 -0.0668625 -0.932189 10.5942
-0.931242 0.0117018 0.364213 176.657 -0.013728 0.997648 -0.067154 -15.681 -0.364142 -0.0675366 -0.928891 9.45131
-0.926829 0.0141923 0.375215 177.12 -0.0120381 0.997649 -0.0674712 -15.7715 -0.375291 -0.0670511 -0.924479 8.27041
-0.922044 0.0162939 0.386743 177.621 -0.0108915 0.997626 -0.0679978 -15.8721 -0.386933 -0.0669091 -0.919677 7.09417
-0.916102 0.0175296 0.400562 178.119 -0.0112996 0.997518 -0.0694967 -15.9812 -0.400786 -0.0681923 -0.913631 5.89914
-0.910175 0.0199753 0.413741 178.676 -0.00952273 0.997564 -0.0691108 -16.0962 -0.414114 -0.0668429 -0.907767 4.73007
-0.904043 0.0197137 0.426987 179.205 -0.00974325 0.997726 -0.0666933 -16.1823 -0.427331 -0.0644538 -0.901795 3.5822
-0.897316 0.0229615 0.44079 179.757 -0.00711663 0.997764 -0.0664624 -16.2924 -0.44133 -0.0627747 -0.895146 2.43791
-0.890436 0.0241431 0.454467 180.326 -0.00667815 0.997791 -0.0660911 -16.391 -0.455059 -0.0618849 -0.888308 1.29233
-0.883365 0.0266384 0.467927 180.896 -0.00359876 0.997969 -0.0636067 -16.489 -0.468671 -0.0578719 -0.881475 0.186044
-0.875801 0.0286301 0.481823 181.52 -0.000649612 0.998168 -0.0604923 -16.5886 -0.482673 -0.0532922 -0.874178 -0.918281
-0.867401 0.0317038 0.496598 182.136 0.00281787 0.998265 -0.0588093 -16.6899 -0.497601 -0.049612 -0.865986 -2.02952
-0.858274 0.0346614 0.512019 182.762 0.00602272 0.998328 -0.0574866 -16.7844 -0.513156 -0.0462556 -0.857048 -3.10531
-0.847728 0.0374999 0.529104 183.418 0.00915624 0.998384 -0.0560898 -16.8784 -0.530352 -0.0427043 -0.846701 -4.17626
-0.837019 0.0406164 0.545665 184.074 0.0125206 0.998402 -0.0551098 -16.9673 -0.547031 -0.0392958 -0.836189 -5.20617
-0.826086 0.0423787 0.561949 184.752 0.0142234 0.998419 -0.0543856 -17.0509 -0.563365 -0.0369343 -0.825382 -6.22654
-0.814125 0.0445512 0.578978 185.498 0.0159123 0.99839 -0.0544492 -17.1432 -0.580472 -0.0351156 -0.813523 -7.25497
-0.801769 0.0462969 0.595838 186.194 0.017223 0.998371 -0.0543983 -17.2232 -0.597386 -0.0333527 -0.80126 -8.22754
-0.788135 0.047715 0.61365 186.945 0.0196129 0.998431 -0.0524445 -17.3059 -0.61519 -0.0292979 -0.787834 -9.20274
-0.772599 0.0488158 0.633014 187.665 0.0219289 0.998497 -0.050236 -17.3956 -0.634515 -0.024931 -0.772508 -10.1722
-0.756277 0.0515252 0.65222 188.443 0.0238327 0.998402 -0.0512384 -17.4796 -0.653817 -0.0232063 -0.756296 -11.1021
-0.738215 0.0544047 0.672368 189.275 0.0247232 0.998255 -0.0536293 -17.5676 -0.674112 -0.0229669 -0.738272 -12.0274
-0.720775 0.0550165 0.690982 190.097 0.0240976 0.998231 -0.0543434 -17.6492 -0.69275 -0.0225184 -0.720826 -12.8912
-0.701703 0.055384 0.710314 190.961 0.0244223 0.998258 -0.0537091 -17.7348 -0.712051 -0.0203404 -0.701833 -13.7446
-0.682366 0.0547646 0.728956 191.809 0.0230697 0.998306 -0.0534049 -17.8159 -0.730646 -0.0196249 -0.682474 -14.541
-0.661269 0.0546756 0.748154 192.726 0.0211647 0.998303 -0.0542498 -17.9063 -0.74985 -0.0200392 -0.661304 -15.37
-0.640247 0.0542885 0.766248 193.634 0.0184002 0.998297 -0.0553547 -17.9898 -0.767949 -0.0213415 -0.640156 -16.1402
-0.619213 0.0541631 0.783353 194.571 0.0173642 0.998319 -0.0553006 -18.0741 -0.785031 -0.0206405 -0.619112 -16.8797
-0.598828 0.0537081 0.799074 195.425 0.0179291 0.998398 -0.0536691 -18.1469 -0.800677 -0.0178119 -0.598832 -17.5344
-0.573331 0.0542926 0.817523 196.433 0.0180411 0.998397 -0.0536524 -18.236 -0.819125 -0.0160116 -0.573391 -18.2714
-0.548041 0.0571738 0.834495 197.422 0.019475 0.998263 -0.0556042 -18.32 -0.836225 -0.0142216 -0.548202 -18.9294
-0.521196 0.0578793 0.851472 198.425 0.0194198 0.998244 -0.0559692 -18.4062 -0.853216 -0.0126355 -0.521405 -19.5632
-0.494847 0.0562957 0.867155 199.407 0.0174592 0.998342 -0.0548492 -18.4855 -0.868805 -0.0120021 -0.495009 -20.1455
-0.468009 0.054355 0.882051 200.391 0.0171369 0.998477 -0.0524369 -18.561 -0.883558 -0.00942526 -0.468227 -20.6698
-0.43655 0.0551275 0.897989 201.514 0.0178852 0.998455 -0.0526003 -18.6506 -0.899502 -0.00690201 -0.436862 -21.2397
-0.404914 0.0576172 0.912537 202.62 0.018421 0.998324 -0.0548599 -18.7299 -0.914169 -0.00540375 -0.405297 -21.7341
-0.373218 0.0594148 0.925839 203.68 0.0196547 0.99823 -0.0561373 -18.8071 -0.927536 -0.00275433 -0.373725 -22.1964
-0.34094 0.0601141 0.938161 204.795 0.0218998 0.99819 -0.0560019 -18.8897 -0.93983 0.00145219 -0.34164 -22.6241
-0.308826 0.0593941 0.949262 205.878 0.0220046 0.998227 -0.055299 -18.9685 -0.950864 0.00381039 -0.309585 -22.9806
-0.275944 0.0584088 0.959397 206.978 0.0232323 0.998266 -0.054093 -19.0489 -0.960893 0.00736237 -0.276822 -23.3303
-0.242594 0.0561535 0.968501 208.088 0.0231296 0.998374 -0.0520919 -19.1305 -0.969852 0.0097639 -0.243499 -23.6224
-0.209718 0.0548273 0.976224 209.176 0.0241685 0.998412 -0.0508815 -19.2063 -0.977463 0.0129231 -0.21071 -23.8917
-0.170774 0.0543372 0.983811 210.42 0.0253803 0.99839 -0.0507367 -19.2914 -0.984983 0.0163049 -0.171878 -24.1053
-0.136031 0.05392 0.989236 211.557 0.0252435 0.998382 -0.0509473 -19.3683 -0.990383 0.0180414 -0.137172 -24.2984
-0.101191 0.0532668 0.99344 212.679 0.0260968 0.998364 -0.0508726 -19.4411 -0.994525 0.0207777 -0.102416 -24.432
-0.0655917 0.0539073 0.996389 213.871 0.0247376 0.998321 -0.0523833 -19.5236 -0.99754 0.0212123 -0.0668151 -24.5434
-0.0309677 0.053605 0.998082 215.05 0.0239628 0.998314 -0.0528739 -19.6014 -0.999233 0.0222794 -0.0322 -24.5956
0.00314577 0.0522032 0.998632 216.225 0.0228294 0.998372 -0.0522615 -19.6788 -0.999734 0.0229626 0.00194888 -24.6065
0.0351238 0.0525175 0.998002 217.351 0.0213244 0.998352 -0.0532864 -19.7596 -0.999155 0.0231534 0.033946 -24.5705
0.0672577 0.0526625 0.996345 218.474 0.0216948 0.998293 -0.0542299 -19.835 -0.9975 0.0252629 0.0660003 -24.5042
0.100895 0.0504806 0.993616 219.715 0.0230494 0.998325 -0.0530604 -19.915 -0.99463 0.0282557 0.0995628 -24.4043
0.131739 0.0487505 0.990085 220.847 0.0244446 0.998326 -0.0524089 -19.9938 -0.990983 0.0311065 0.130326 -24.2603
0.160564 0.0487793 0.985819 221.938 0.0250938 0.998253 -0.0534817 -20.0683 -0.986706 0.0333252 0.159059 -24.0827
0.192129 0.0484571 0.980173 223.16 0.0275417 0.998121 -0.0547429 -20.1488 -0.980983 0.0375133 0.190433 -23.8725
0.223143 0.0478556 0.97361 224.358 0.0285058 0.998047 -0.05559 -20.2358 -0.974369 0.040158 0.221343 -23.6312
0.253743 0.0457452 0.966189 225.498 0.0320187 0.997936 -0.0556571 -20.3114 -0.966742 0.0450588 0.251755 -23.3474
0.282823 0.0443267 0.958147 226.624 0.0337028 0.997855 -0.056112 -20.3912 -0.95858 0.048162 0.280722 -23.0282
0.31313 0.0434963 0.948714 227.746 0.0365618 0.997658 -0.0578078 -20.4746 -0.949006 0.052788 0.310807 -22.6635
0.341657 0.0430725 0.938837 228.865 0.0362232 0.997603 -0.0589508 -20.5561 -0.939126 0.0541486 0.339278 -22.2935
0.370403 0.0408507 0.927972 229.96 0.0374809 0.997562 -0.0588747 -20.6444 -0.928115 0.0565886 0.367969 -21.8552
0.398654 0.0397401 0.91624 231.076 0.0370233 0.997549 -0.0593754 -20.7319 -0.916354 0.0575925 0.396205 -21.3894
0.426626 0.0406764 0.903513 232.155 0.0389041 0.997238 -0.0632659 -20.8129 -0.903591 0.0621412 0.423865 -20.8902
0.454872 0.0419927 0.889566 233.215 0.0394677 0.996956 -0.0672436 -20.9046 -0.889682 0.0656963 0.45183 -20.3625
0.482714 0.0407958 0.874827 234.291 0.0396752 0.99687 -0.0683791 -21.0041 -0.874879 0.0677165 0.479585 -19.8039
0.508918 0.0377311 0.859987 235.307 0.0409591 0.996846 -0.0679742 -21.0978 -0.85984 0.0698176 0.505768 -19.1931
0.534206 0.0353969 0.844613 236.317 0.0404929 0.996905 -0.0673905 -21.1933 -0.844384 0.0702012 0.531119 -18.5721
0.558655 0.0355867 0.828636 237.381 0.0382346 0.996912 -0.0685908 -21.2995 -0.828518 0.0700012 0.55557 -17.8963
0.580022 0.0355913 0.813823 238.388 0.0362886 0.996924 -0.0694622 -21.3987 -0.813792 0.0698221 0.576946 -17.2149
0.599462 0.0342691 0.79967 239.364 0.0355661 0.996956 -0.0693853 -21.4969 -0.799613 0.070035 0.596418 -16.4939
0.618473 0.0316956 0.785166 240.345 0.0348247 0.997099 -0.0676822 -21.5997 -0.785034 0.0692028 0.615575 -15.7466
0.635015 0.0290435 0.771954 241.255 0.0350702 0.997179 -0.0663661 -21.696 -0.771704 0.069216 0.632205 -14.9959
0.651427 0.0261933 0.758259 242.197 0.0359189 0.997219 -0.0653062 -21.7978 -0.75786 0.0697781 0.648675 -14.1934
0.666541 0.0241144 0.745078 243.099 0.0375149 0.997125 -0.0658324 -21.8902 -0.744524 0.0718315 0.66372 -13.4167
0.681595 0.0237073 0.731345 244.018 0.0370238 0.997077 -0.0668266 -21.9843 -0.730792 0.0726259 0.678726 -12.5723
0.696929 0.022158 0.716798 244.905 0.0375683 0.997022 -0.0673473 -22.0811 -0.716155 0.0738652 0.694021 -11.7197
0.711581 0.020012 0.702319 245.771 0.0369613 0.997144 -0.0658615 -22.169 -0.701632 0.0728245 0.708809 -10.8591
0.725621 0.0167283 0.687891 246.631 0.0371662 0.997292 -0.0634572 -22.2773 -0.68709 0.0716122 0.723035 -9.96621
0.740008 0.0145914 0.672439 247.489 0.0375388 0.99731 -0.0629516 -22.3729 -0.671549 0.0718273 0.73747 -9.04239
0.753776 0.0141656 0.656978 248.322 0.038051 0.997149 -0.0651576 -22.4712 -0.656028 0.074113 0.751089 -8.12835
0.766343 0.0136759 0.642286 249.113 0.0383725 0.997014 -0.0670131 -22.5573 -0.641284 0.0760011 0.76353 -7.17382
0.777885 0.0127418 0.628278 249.916 0.0375962 0.99706 -0.0667695 -22.6554 -0.627282 0.0755598 0.775118 -6.20423
0.789079 0.0101178 0.614208 250.686 0.0378544 0.997163 -0.0650581 -22.75 -0.613124 0.0745865 0.786458 -5.21632
0.799457 0.0070966 0.600681 251.453 0.0393861 0.997159 -0.0642003 -22.8552 -0.599431 0.0749838 0.796907 -4.22239
0.809445 0.00616689 0.587164 252.197 0.0391597 0.997152 -0.0644572 -22.9647 -0.585889 0.0751677 0.806898 -3.21151
0.819596 0.00392118 0.572928 252.954 0.0424934 0.996806 -0.0676106 -23.0493 -0.571364 0.0797591 0.816812 -2.12637
0.827406 0.00164062 0.561601 253.678 0.043522 0.996801 -0.0670329 -23.1513 -0.559915 0.0799055 0.824688 -1.10494
0.835474 -0.00173983 0.549527 254.388 0.0457123 0.996749 -0.0663429 -23.2437 -0.547626 0.0805479 0.832837 -0.03685
0.842567 -0.00301733 0.538583 255.087 0.046713 0.996625 -0.067495 -23.3369 -0.536562 0.0820278 0.839865 1.04233
0.848396 -0.00508533 0.529338 255.807 0.0475652 0.996641 -0.0666603 -23.4489 -0.527221 0.0817323 0.845788 2.17423
0.852124 -0.00597345 0.523306 256.466 0.0471242 0.996749 -0.0653568 -23.5416 -0.521215 0.0803525 0.849635 3.24174
0.855092 -0.00739081 0.518424 257.169 0.0474416 0.996819 -0.0640394 -23.6442 -0.516302 0.0793544 0.852722 4.39192
0.857861 -0.00834186 0.513814 257.832 0.047798 0.996829 -0.0636196 -23.7463 -0.511654 0.0791361 0.85554 5.49246
0.860116 -0.00944217 0.510012 258.498 0.0484785 0.996816 -0.0633025 -23.8432 -0.50779 0.0791721 0.857835 6.60948
0.862246 -0.0116837 0.506354 259.192 0.0496453 0.996869 -0.0615366 -23.9379 -0.50405 0.0781979 0.860127 7.76943
0.864591 -0.0139798 0.502283 259.838 0.0514002 0.99683 -0.0607319 -24.034 -0.499841 0.0783257 0.862568 8.89738
0.866779 -0.0148255 0.498471 260.506 0.0522752 0.996752 -0.0612546 -24.1326 -0.495944 0.0791519 0.864739 10.041
0.86879 -0.0164138 0.494908 261.186 0.0534512 0.996719 -0.0607747 -24.2296 -0.492287 0.0792539 0.866817 11.2165
0.871174 -0.0160446 0.490712 261.807 0.0525802 0.996767 -0.0607563 -24.3237 -0.48815 0.078731 0.869201 12.3587
0.873144 -0.0167283 0.487176 262.464 0.0528702 0.996765 -0.0605307 -24.4206 -0.484587 0.0786091 0.871204 13.5126
0.875033 -0.0166349 0.483777 263.125 0.0522322 0.996819 -0.0601992 -24.522 -0.481236 0.077945 0.873119 14.7003
0.876687 -0.0152847 0.480818 263.75 0.0504375 0.996907 -0.0602733 -24.6194 -0.47841 0.0770921 0.874746 15.8747
0.877649 -0.0141032 0.479096 264.411 0.0488044 0.997001 -0.0600552 -24.7215 -0.476812 0.0760894 0.875706 17.096
