1 0 0 0 0 1 0 0 0 0 1 0
0.999998 0.000879235 0.00166804 -0.00405074 -0.000871031 0.999988 -0.00491318 -0.00175457 -0.00167234 0.00491171 0.999987 0.951562
0.999997 0.000276942 0.00253495 -6.46458e-05 -0.000263447 0.999986 -0.00532219 -0.00285096 -0.00253639 0.0053215 0.999983 1.90024
0.999995 -0.00119501 0.00284414 0.0010092 0.0012015 0.999997 -0.00228175 -0.0027624 -0.00284141 0.00228516 0.999993 2.86588
0.999991 -0.00407127 0.00117455 -9.46533e-05 0.00406674 0.999984 0.00383375 -0.00639352 -0.00119014 -0.00382894 0.999992 3.81447
0.999968 -0.00792908 -0.000387658 0.010398 0.00793051 0.999961 0.00384478 0.00206261 0.000357157 -0.00384773 0.999993 4.74848
0.99994 -0.0109815 -0.000158989 0.0175554 0.0109816 0.999939 0.000989833 -0.00535049 0.00014811 -0.000991519 0.999999 5.68566
0.999943 -0.0104741 -0.00189057 -0.00414764 0.0104698 0.999943 -0.002284 -0.00621294 0.00191438 0.00226407 0.999996 6.61526
0.999947 -0.00994163 -0.00252593 -0.00389007 0.00993405 0.999946 -0.00299936 -0.00972911 0.00255561 0.00297411 0.999992 7.54308
0.999939 -0.010598 -0.00306928 -0.00286353 0.0105947 0.999943 -0.00108552 -0.00900647 0.00308061 0.00105293 0.999995 8.48431
0.999937 -0.0105621 -0.00388658 -0.0131017 0.0105683 0.999943 0.00156706 -0.00491664 0.00386981 -0.00160804 0.999991 9.3817
0.999922 -0.0115237 -0.00487922 -0.0194143 0.0115396 0.999928 0.00325296 -0.00845075 0.00484138 -0.00330901 0.999983 10.3014
0.999907 -0.0124718 -0.00543284 -0.0285358 0.0124941 0.999914 0.00408763 -0.00918988 0.00538139 -0.00415513 0.999977 11.233
0.999905 -0.0122651 -0.00627843 -0.0424936 0.0122898 0.999917 0.00389977 -0.00240823 0.00623008 -0.00397656 0.999973 12.1524
0.999906 -0.0117841 -0.00704729 -0.0510937 0.0118033 0.999927 0.00268807 -0.00389184 0.0070151 -0.002771 0.999972 13.0708
0.999907 -0.0105144 -0.00864438 -0.0521259 0.0105166 0.999945 0.000210964 -0.00354488 0.00864168 -0.000301855 0.999963 13.9753
0.99984 -0.0148248 -0.0100485 -0.0662848 0.014817 0.99989 -0.000851228 -0.00329807 0.01006 0.000702203 0.999949 14.8598
0.999845 -0.0132402 -0.011629 -0.0770172 0.0132239 0.999911 -0.00148073 -0.00665101 0.0116475 0.00132672 0.999931 15.7426
0.999838 -0.0123905 -0.0130228 -0.0919247 0.0123629 0.999921 -0.00220061 -0.00596006 0.0130491 0.00203925 0.999913 16.644
0.999829 -0.011359 -0.0146257 -0.115774 0.0113262 0.999933 -0.00232501 -0.0132651 0.0146511 0.00215895 0.99989 17.5383
0.999804 -0.0113276 -0.0162613 -0.135303 0.0112998 0.999935 -0.00180232 -0.0168391 0.0162806 0.00161822 0.999866 18.4116
0.999782 -0.011491 -0.0174445 -0.158923 0.0114806 0.999934 -0.000696803 -0.0195391 0.0174513 0.000496378 0.999848 19.3146
0.999751 -0.0115168 -0.0191205 -0.173963 0.011519 0.999934 3.30327e-06 -0.023101 0.0191192 -0.000223551 0.999817 20.1738
0.999732 -0.0115776 -0.0200615 -0.196243 0.0115785 0.999933 -7.22218e-05 -0.0275142 0.020061 -0.00016008 0.999799 21.0528
0.999695 -0.0110128 -0.0220864 -0.218218 0.0110048 0.999939 -0.00048559 -0.0303999 0.0220904 0.000242386 0.999756 21.9388
0.999669 -0.0108349 -0.0233237 -0.229731 0.0108346 0.999941 -0.000138478 -0.0338852 0.0233238 -0.000114272 0.999728 22.7816
0.999651 -0.0110757 -0.0239874 -0.263283 0.0111139 0.999937 0.00146383 -0.0280348 0.0239697 -0.00172991 0.999711 23.6415
0.999615 -0.0118999 -0.0250694 -0.281014 0.0120114 0.999919 0.00430414 -0.0306612 0.0250162 -0.00460361 0.999676 24.4866
0.999606 -0.0118049 -0.0254749 -0.308355 0.0119548 0.999912 0.00574109 -0.0314094 0.0254049 -0.00604338 0.999659 25.3276
0.999598 -0.0113925 -0.0259675 -0.335821 0.0115233 0.999922 0.00489251 -0.0305501 0.0259097 -0.00518978 0.999651 26.1605
0.999591 -0.00978536 -0.0268761 -0.363053 0.0098482 0.999949 0.00220674 -0.0341532 0.0268531 -0.00247052 0.999636 26.9778
0.999579 -0.00902301 -0.0275716 -0.393971 0.00904064 0.999959 0.000514745 -0.0298777 0.0275658 -0.000763793 0.99962 27.7707
0.999569 -0.00851417 -0.0280966 -0.419464 0.00852372 0.999964 0.000220096 -0.0309784 0.0280937 -0.000459489 0.999605 28.5757
0.999526 -0.00865344 -0.029541 -0.445946 0.00865634 0.999963 -2.95587e-05 -0.037806 0.0295402 -0.000226173 0.999564 29.3471
0.999464 -0.00837866 -0.0316398 -0.471036 0.00836582 0.999965 -0.000538181 -0.0419278 0.0316432 0.0002732 0.999499 30.1176
0.999409 -0.00849958 -0.0333104 -0.500266 0.0084756 0.999964 -0.000861306 -0.0428002 0.0333165 0.000578471 0.999445 30.9043
0.999339 -0.00835408 -0.0353942 -0.532093 0.00835856 0.999965 -2.1374e-05 -0.0461908 0.0353931 -0.000274485 0.999373 31.6407
0.999251 -0.0082521 -0.0378109 -0.57214 0.00833487 0.999963 0.00203201 -0.0472699 0.0377927 -0.00234564 0.999283 32.3996
0.999195 -0.00763574 -0.0393943 -0.599947 0.00778186 0.999963 0.00355705 -0.0481232 0.0393657 -0.00386075 0.999217 33.1505
0.999122 -0.00725472 -0.0412522 -0.637298 0.0074209 0.999965 0.00387667 -0.053002 0.0412226 -0.0041794 0.999141 33.8627
0.999055 -0.00458218 -0.0432148 -0.672451 0.00473229 0.999983 0.00337192 -0.0537748 0.0431986 -0.00357324 0.99906 34.5911
0.998998 -0.00292782 -0.0446513 -0.708254 0.00304856 0.999992 0.00263615 -0.0487997 0.0446432 -0.00276963 0.998999 35.2747
0.99892 -0.00212173 -0.046422 -0.747422 0.00228535 0.999991 0.00347191 -0.0458045 0.0464142 -0.00357425 0.998916 35.983
0.998878 -0.000893093 -0.0473497 -0.776996 0.00113764 0.999986 0.00513797 -0.0472574 0.0473445 -0.00518607 0.998865 36.6865
0.998875 0.000482878 -0.0474198 -0.817802 -0.000192116 0.999981 0.00613602 -0.0410545 0.0474219 -0.00612 0.998856 37.3352
0.998896 0.00540866 -0.0466564 -0.8604 -0.00522854 0.999978 0.00398166 -0.0511502 0.046677 -0.00373332 0.998903 38.012
0.99898 0.00704726 -0.0446104 -0.892605 -0.00700902 0.999975 0.00101355 -0.0433224 0.0446164 -0.000699836 0.999004 38.6793
0.999068 0.00793 -0.042423 -0.922712 -0.0079661 0.999968 -0.000681936 -0.0523671 0.0424162 0.00101925 0.9991 39.3146
0.999177 0.00835162 -0.0396967 -0.959555 -0.00837588 0.999965 -0.000444867 -0.0472661 0.0396916 0.000776996 0.999212 39.9401
0.999251 0.0133593 -0.0363071 -0.986998 -0.0132708 0.999908 0.00267772 -0.0582414 0.0363395 -0.00219389 0.999337 40.5818
0.999307 0.0183406 -0.032387 -1.02316 -0.0181568 0.999817 0.00596028 -0.048647 0.0324904 -0.0053681 0.999458 41.1912
0.999342 0.0225915 -0.0283693 -1.05281 -0.0224017 0.999725 0.00698971 -0.0532091 0.0285194 -0.0063496 0.999573 41.7927
0.99939 0.0265516 -0.0227019 -1.05922 -0.0263942 0.999626 0.00720636 -0.0542214 0.0228847 -0.00660277 0.999716 42.3975
0.999409 0.0297735 -0.0171633 -1.07783 -0.0296223 0.999521 0.00899556 -0.0463557 0.0174229 -0.00848183 0.999812 42.96
0.999326 0.0352832 -0.0101107 -1.09568 -0.0351794 0.999328 0.0102668 -0.0451453 0.0104662 -0.00990414 0.999896 43.4991
0.999251 0.0386086 -0.00275712 -1.11334 -0.0385786 0.999203 0.010202 -0.0468858 0.00314881 -0.010088 0.999944 44.047
0.999105 0.0420875 0.00429654 -1.11276 -0.0421296 0.99906 0.0102338 -0.0486301 -0.00386179 -0.0104056 0.999938 44.5495
0.998877 0.0459484 0.011584 -1.11804 -0.046059 0.998894 0.00946789 -0.0440696 -0.0111362 -0.0099908 0.999888 45.0508
0.998502 0.0510922 0.0195581 -1.11339 -0.0512452 0.998659 0.00740379 -0.0469588 -0.0191536 -0.00839496 0.999781 45.5183
0.998244 0.0527617 0.026944 -1.09305 -0.0528973 0.99859 0.00434728 -0.0580984 -0.0266767 -0.00576491 0.999627 45.9326
0.997945 0.0535642 0.0351756 -1.09042 -0.0537284 0.998549 0.00373806 -0.0426218 -0.0349243 -0.0056203 0.999374 46.3734
0.997703 0.0525263 0.0427708 -1.07419 -0.0527755 0.998595 0.00471631 -0.0465048 -0.042463 -0.00696273 0.999074 46.7595
0.997234 0.0539721 0.0511014 -1.05086 -0.0543142 0.99851 0.00533023 -0.0451277 -0.0507376 -0.00809102 0.998679 47.1349
0.996538 0.0572715 0.0602708 -1.03422 -0.0577232 0.998316 0.00577783 -0.0499168 -0.0598384 -0.00923684 0.998165 47.4891
0.995693 0.0620115 0.0689174 -1.01748 -0.0625207 0.99803 0.00525421 -0.053352 -0.0684558 -0.00954035 0.997609 47.806
0.994776 0.0658792 0.0779742 -1.00623 -0.0664931 0.997773 0.00530114 -0.04628 -0.0774513 -0.0104582 0.996941 48.1083
0.994083 0.0651964 0.0868864 -0.97225 -0.0659194 0.99781 0.00547602 -0.0478908 -0.0863391 -0.0111711 0.996203 48.399
0.993192 0.0642283 0.0971838 -0.942962 -0.06491 0.997884 0.00386589 -0.0510017 -0.0967298 -0.0101478 0.995259 48.6549
0.992013 0.0630857 0.109224 -0.911374 -0.0634302 0.997986 -0.000320957 -0.0563217 -0.109024 -0.0066097 0.994017 48.9206
0.990366 0.0640128 0.122788 -0.870182 -0.0640279 0.997941 -0.00382774 -0.0675662 -0.12278 -0.00407098 0.992426 49.1911
0.98831 0.0657321 0.137558 -0.814541 -0.0654347 0.997834 -0.00668796 -0.0577822 -0.1377 -0.0023913 0.990471 49.4586
0.985798 0.0671423 0.153926 -0.785021 -0.0666562 0.997741 -0.00832271 -0.0603251 -0.154137 -0.00205563 0.988047 49.7051
0.982935 0.0678353 0.170988 -0.741641 -0.0671997 0.997694 -0.0095088 -0.0611333 -0.171239 -0.0021438 0.985227 49.9405
0.979713 0.0674332 0.18872 -0.679729 -0.0666314 0.997721 -0.0105974 -0.0660676 -0.189005 -0.00219228 0.981974 50.194
0.975804 0.0662301 0.208374 -0.61641 -0.0653179 0.997801 -0.0112635 -0.0702504 -0.208662 -0.00261956 0.977984 50.4413
0.971235 0.0665897 0.228624 -0.564549 -0.0654695 0.997776 -0.0124893 -0.0743984 -0.228948 -0.00283783 0.973435 50.6787
0.965872 0.0685545 0.249781 -0.490147 -0.067 0.997644 -0.014731 -0.0764108 -0.250203 -0.00250709 0.96819 50.9192
0.959779 0.0701508 0.271851 -0.402805 -0.0681485 0.997534 -0.0168117 -0.0801395 -0.27236 -0.0023908 0.962192 51.1605
0.952285 0.0714464 0.296731 -0.327398 -0.0692315 0.997439 -0.0179803 -0.0895192 -0.297255 -0.00342081 0.954792 51.401
0.943913 0.0740002 0.321795 -0.225027 -0.0716075 0.997246 -0.0192831 -0.0925036 -0.322336 -0.00484133 0.946613 51.6303
0.934207 0.0763535 0.348464 -0.142866 -0.0738226 0.997059 -0.0205569 -0.0990072 -0.349008 -0.00652004 0.937097 51.9012
0.922615 0.0772761 0.377901 -0.0311522 -0.0744784 0.996979 -0.0220367 -0.0996069 -0.378462 -0.00781404 0.925584 52.1257
0.909971 0.0756548 0.407711 0.0806153 -0.0721565 0.997105 -0.0239764 -0.117085 -0.408345 -0.00760121 0.912796 52.3427
0.89515 0.0729237 0.43976 0.246183 -0.0680358 0.99732 -0.0268922 -0.128148 -0.440543 -0.00584681 0.897713 52.5901
0.87765 0.0723746 0.473805 0.367553 -0.0653839 0.997371 -0.0312366 -0.135378 -0.474821 -0.00356444 0.880075 52.8034
0.858343 0.0742322 0.507678 0.544724 -0.0647737 0.997239 -0.036301 -0.141238 -0.508971 -0.00172542 0.860782 53.0366
0.836545 0.0764532 0.542538 0.69073 -0.0644433 0.997073 -0.0411393 -0.145788 -0.544095 -0.000548031 0.839024 53.2582
0.812218 0.0794236 0.577922 0.870174 -0.0654756 0.99684 -0.0449752 -0.158336 -0.579668 -0.00131013 0.814852 53.4961
0.784422 0.0835609 0.614572 1.09754 -0.0685253 0.996493 -0.0480255 -0.175608 -0.61643 -0.0044415 0.787397 53.7373
0.754731 0.0879256 0.650115 1.30437 -0.071654 0.996097 -0.0515339 -0.17951 -0.652109 -0.00768904 0.758086 53.9732
0.721226 0.08911 0.686944 1.54132 -0.0712828 0.995974 -0.054357 -0.194771 -0.689022 -0.00976366 0.724674 54.2006
0.685552 0.0872611 0.722775 1.84085 -0.0683615 0.99612 -0.0554213 -0.224956 -0.724807 -0.0114158 0.688858 54.4493
0.646717 0.086046 0.757861 2.12907 -0.0656429 0.996209 -0.0570915 -0.246619 -0.7599 -0.0128262 0.649913 54.6643
0.604448 0.0857466 0.792016 2.46909 -0.0633912 0.996215 -0.0594751 -0.258729 -0.794118 -0.0142573 0.607596 54.882
0.558621 0.0856784 0.824986 2.79532 -0.060099 0.996217 -0.0627669 -0.282792 -0.827243 -0.0145179 0.561657 55.112
0.510352 0.084734 0.855781 3.14651 -0.0566392 0.996285 -0.0648686 -0.308657 -0.858099 -0.015365 0.513255 55.2852
0.462475 0.0827329 0.882764 3.55373 -0.0545123 0.996407 -0.0648249 -0.338089 -0.884955 -0.0181416 0.465323 55.467
0.41197 0.0805977 0.907626 3.95304 -0.0541624 0.996485 -0.0639042 -0.368152 -0.909586 -0.0228325 0.414888 55.6465
0.361668 0.0803697 0.928836 4.39216 -0.0566967 0.996329 -0.0641333 -0.382753 -0.930582 -0.029467 0.364897 55.8035
0.31279 0.0810584 0.946357 4.86111 -0.0550012 0.996226 -0.0671509 -0.390634 -0.948229 -0.0310466 0.316068 55.9394
0.265054 0.07774 0.961095 5.33104 -0.0446002 0.996666 -0.0683173 -0.442181 -0.963202 -0.0247573 0.267637 56.0474
0.220919 0.0722739 0.972611 5.82529 -0.0307173 0.997271 -0.0671293 -0.467841 -0.974808 -0.0150458 0.222536 56.1286
0.178644 0.0705273 0.981383 6.35196 -0.0213497 0.997471 -0.0677971 -0.522787 -0.983682 -0.00884066 0.179698 56.2029
0.140195 0.0728655 0.987439 6.8477 -0.0175718 0.997314 -0.0710994 -0.519573 -0.989968 -0.00738328 0.141099 56.2583
0.107212 0.0731408 0.991542 7.37755 -0.00960569 0.99732 -0.0725284 -0.571753 -0.99419 -0.00174851 0.107627 56.3047
0.0781537 0.0715301 0.994372 7.9415 -0.00101993 0.997428 -0.0716698 -0.612932 -0.996941 0.00458707 0.0780256 56.3259
0.0529325 0.0700754 0.996136 8.48856 0.00502456 0.997503 -0.0704386 -0.63753 -0.998585 0.00873364 0.0524482 56.3506
0.0333134 0.0693025 0.997039 9.05189 0.0110586 0.997506 -0.0697045 -0.670374 -0.999384 0.0133479 0.032464 56.3554
0.0163601 0.0703776 0.997386 9.64287 0.0128575 0.997422 -0.0705911 -0.718087 -0.999783 0.0139788 0.0154131 56.3656
0.00341409 0.0706739 0.997494 10.227 0.0143891 0.997393 -0.070716 -0.742283 -0.999891 0.0145945 0.00238825 56.3607
-0.00823207 0.0719079 0.997377 10.827 0.0148758 0.99731 -0.0717802 -0.757595 -0.999855 0.0142458 -0.00927961 56.3508
-0.017582 0.0743912 0.997074 11.449 0.0195222 0.997064 -0.0740462 -0.816476 -0.999655 0.0181632 -0.0189827 56.3343
-0.0244152 0.0761483 0.996798 12.0785 0.0234709 0.996864 -0.0755785 -0.874677 -0.999426 0.0215505 -0.0261259 56.312
-0.0289302 0.0757718 0.996705 12.7115 0.0241263 0.996885 -0.0750852 -0.905915 -0.99929 0.0218745 -0.0306682 56.2924
-0.0327543 0.0730924 0.996787 13.3662 0.0216082 0.997141 -0.0724083 -0.958216 -0.99923 0.0191671 -0.03424 56.2751
-0.034817 0.0665926 0.997173 14.0319 0.0201599 0.997621 -0.0659187 -0.978017 -0.99919 0.0178078 -0.0360767 56.263
-0.0366117 0.0611732 0.997455 14.7051 0.0209766 0.997952 -0.0604337 -1.01389 -0.999109 0.0187106 -0.0378199 56.2338
-0.0368665 0.0589893 0.997578 15.3907 0.0238621 0.998024 -0.0581338 -1.04292 -0.999035 0.0216611 -0.0382013 56.2139
-0.0366895 0.0605454 0.997491 16.0827 0.0278901 0.997836 -0.0595405 -1.09812 -0.998937 0.0256356 -0.0382987 56.1768
-0.0356483 0.0678619 0.997058 16.7743 0.0287786 0.997348 -0.0668527 -1.13369 -0.99895 0.0263107 -0.0375068 56.1506
-0.0335934 0.0745967 0.996648 17.4834 0.027261 0.996908 -0.0736973 -1.21366 -0.999064 0.0246938 -0.0355231 56.1276
-0.0319307 0.0762795 0.996575 18.2077 0.0282003 0.996755 -0.0753898 -1.24348 -0.999092 0.0256964 -0.0339782 56.104
-0.0294572 0.0721943 0.996955 18.9349 0.0287441 0.997037 -0.0713509 -1.27885 -0.999153 0.0265548 -0.0314451 56.084
-0.0265154 0.0667555 0.997417 19.6648 0.0293174 0.997391 -0.0659743 -1.30294 -0.999218 0.0274923 -0.0284033 56.0639
-0.0239075 0.0648575 0.997608 20.4192 0.0268538 0.997575 -0.0642117 -1.35115 -0.999353 0.0252545 -0.0255912 56.0639
-0.0206566 0.0697882 0.997348 21.1386 0.0340024 0.997033 -0.0690619 -1.41425 -0.999208 0.0324856 -0.0229683 56.0451
-0.017567 0.0744744 0.997068 21.87 0.0357495 0.996631 -0.0738119 -1.48975 -0.999206 0.034348 -0.0201702 56.0163
-0.0152367 0.0754846 0.997031 22.6284 0.0296986 0.996741 -0.0750087 -1.52635 -0.999443 0.0284676 -0.0174288 56.0249
-0.0119192 0.0725519 0.997293 23.356 0.0244556 0.997087 -0.0722446 -1.56583 -0.99963 0.0235283 -0.0136588 56.0271
-0.00724411 0.0690199 0.997589 24.095 0.0294898 0.997196 -0.0687785 -1.60755 -0.999539 0.0289205 -0.00925917 56.0101
-0.00310535 0.069999 0.997542 24.8378 0.0346994 0.996954 -0.0698497 -1.66294 -0.999393 0.0343972 -0.00552481 56.0057
4.4978e-06 0.0737479 0.997277 25.5653 0.0338873 0.996704 -0.0737057 -1.73783 -0.999426 0.0337953 -0.00249463 55.9999
0.00301395 0.0753372 0.997154 26.3249 0.0299117 0.996705 -0.0753937 -1.77283 -0.999548 0.0300538 0.000750559 56.0183
0.00633045 0.0745741 0.997195 27.0775 0.028324 0.996802 -0.0747245 -1.83266 -0.999579 0.0287176 0.00419797 56.0279
0.0106741 0.0721652 0.997336 27.8015 0.0327622 0.996832 -0.0724794 -1.87078 -0.999406 0.0334486 0.00827601 56.0269
0.0138834 0.0719435 0.997312 28.5503 0.0375384 0.996668 -0.0724195 -1.93142 -0.999199 0.0384429 0.0111365 56.0348
0.0173608 0.0729391 0.997185 29.2704 0.0404863 0.996466 -0.0735913 -1.98878 -0.999029 0.0416499 0.0143464 56.0536
0.0204163 0.0727315 0.997143 30.0222 0.041039 0.996449 -0.0735212 -2.04147 -0.998949 0.0424228 0.017359 56.0588
0.0235746 0.0718409 0.997137 30.7687 0.0419517 0.996465 -0.0727843 -2.08344 -0.998841 0.0435474 0.0204775 56.0745
0.0273216 0.0705924 0.997131 31.5211 0.0450938 0.996401 -0.0717763 -2.1436 -0.998609 0.0469255 0.02404 56.1044
0.0306412 0.0710855 0.996999 32.273 0.0431364 0.996444 -0.0723716 -2.19106 -0.998599 0.0452245 0.0274659 56.1245
0.0330767 0.072487 0.996821 33.0123 0.0396826 0.996485 -0.0737793 -2.24228 -0.998665 0.0419968 0.0300839 56.1532
0.0356521 0.0726895 0.996717 33.7556 0.0412986 0.996392 -0.074143 -2.29413 -0.998511 0.0438064 0.0325215 56.1791
0.0386295 0.0723812 0.996629 34.5094 0.0393295 0.99649 -0.0738956 -2.34637 -0.998479 0.0420514 0.0356472 56.2234
0.0407385 0.0726471 0.996525 35.2626 0.0376433 0.996534 -0.0741866 -2.3978 -0.99846 0.0405348 0.0378626 56.248
0.0438814 0.073015 0.996365 36.0253 0.035476 0.996583 -0.0745934 -2.45352 -0.998407 0.0386203 0.0411412 56.282
0.0472121 0.0748781 0.996074 36.7866 0.0328779 0.99653 -0.0764707 -2.50654 -0.998344 0.0363592 0.0445864 56.3235
0.0499953 0.0782602 0.995679 37.5448 0.0324458 0.996272 -0.079936 -2.56617 -0.998222 0.036302 0.0472697 56.3657
0.0536488 0.080232 0.995331 38.311 0.0321715 0.996111 -0.0820289 -2.62081 -0.998041 0.0364221 0.050859 56.4104
0.0566182 0.0827062 0.994964 39.0819 0.026601 0.996084 -0.0843131 -2.68144 -0.998041 0.0312407 0.0541964 56.4664
0.058779 0.0824499 0.99486 39.8443 0.0219924 0.996235 -0.0838631 -2.72436 -0.998029 0.0268087 0.0567444 56.5188
0.0625802 0.0825045 0.994624 40.638 0.0243277 0.996155 -0.0841622 -2.80229 -0.997743 0.0294638 0.0603325 56.5724
0.0662787 0.0836941 0.994285 41.414 0.024508 0.996039 -0.0854754 -2.87069 -0.9975 0.0300331 0.063965 56.6322
0.0698107 0.0847167 0.993957 42.1889 0.0197044 0.996076 -0.0862812 -2.92971 -0.997366 0.0256086 0.0678675 56.6927
0.0740567 0.0834617 0.993755 42.9834 0.0185384 0.996204 -0.0850489 -2.9751 -0.997082 0.0247211 0.0722283 56.7514
0.0788796 0.081957 0.993509 43.7839 0.0202932 0.996276 -0.0837965 -3.06596 -0.996678 0.0267713 0.0769227 56.8168
0.0833553 0.0862407 0.992781 44.551 0.0157153 0.996011 -0.0878407 -3.10521 -0.996396 0.0229238 0.0816674 56.8966
0.0893397 0.0947449 0.991485 45.3628 0.0135525 0.995258 -0.0963266 -3.19199 -0.995909 0.0220428 0.087632 56.976
0.0964347 0.0998172 0.990322 46.1632 0.0122692 0.994764 -0.10146 -3.25653 -0.995264 0.0219347 0.0947051 57.0642
0.1038 0.10282 0.989269 46.942 0.00723704 0.994538 -0.104126 -3.33086 -0.994572 0.0179677 0.102489 57.1496
0.111419 0.101046 0.988623 47.7636 0.00424194 0.99476 -0.102151 -3.40587 -0.993764 0.0155753 0.110407 57.2498
0.118713 0.0990581 0.987975 48.5764 0.00359097 0.994962 -0.10019 -3.49086 -0.992922 0.0154417 0.117759 57.3491
0.125398 0.0961008 0.987441 49.3883 0.00348159 0.995249 -0.0973028 -3.5685 -0.9921 0.0156395 0.124468 57.4664
0.132948 0.090193 0.987011 50.2224 0.0021497 0.995822 -0.0912878 -3.65284 -0.991121 0.0142583 0.132198 57.5806
0.140303 0.0832155 0.986605 51.0329 -0.00119124 0.996475 -0.0838786 -3.71823 -0.990108 0.0105931 0.139907 57.7088
0.147919 0.0793759 0.985809 51.8148 -0.00108212 0.996786 -0.0800974 -3.79694 -0.988999 0.0107811 0.147529 57.8297
0.155338 0.0815774 0.984487 52.6213 -0.00131391 0.996601 -0.0823738 -3.85999 -0.98786 0.0115023 0.154917 57.9617
0.160687 0.0880437 0.983071 53.4133 -0.00139864 0.996033 -0.0889759 -3.93233 -0.987004 0.0129223 0.160173 58.0917
0.16654 0.0924327 0.981693 54.1605 -0.00242691 0.995632 -0.0933334 -3.98346 -0.986032 0.0131612 0.166037 58.2301
0.171247 0.0947322 0.980663 54.964 -0.00399629 0.995425 -0.0954604 -4.07096 -0.98522 0.0124283 0.170843 58.3725
0.176087 0.0949182 0.979788 55.7325 -0.00578411 0.995423 -0.0953934 -4.13227 -0.984358 0.0111303 0.17583 58.5211
0.180815 0.0918706 0.979217 56.4725 -0.00343121 0.995681 -0.0927817 -4.21667 -0.983511 0.0134164 0.180349 58.6563
0.186184 0.0860854 0.978736 57.2458 -0.0019496 0.996185 -0.0872492 -4.26778 -0.982513 0.0143362 0.185641 58.8076
0.189646 0.0785118 0.978709 57.9899 -0.00346475 0.996845 -0.0792954 -4.35543 -0.981846 0.0116471 0.18932 58.9599
0.192783 0.0754587 0.978336 58.7068 -0.00740527 0.997122 -0.0754484 -4.40427 -0.981213 0.00730033 0.192787 59.1067
0.195247 0.0755249 0.977842 59.4596 -0.00835018 0.997122 -0.0753468 -4.46966 -0.980718 0.00654611 0.195316 59.2526
0.197414 0.0775951 0.977244 60.1493 -0.010571 0.996973 -0.0770262 -4.5226 -0.980263 0.00487559 0.197637 59.408
0.199784 0.0814253 0.976451 60.8724 -0.0145009 0.996678 -0.0801451 -4.58949 -0.979733 0.00185232 0.200301 59.5703
0.202496 0.0862017 0.975482 61.5501 -0.015457 0.996275 -0.0848305 -4.63636 -0.979161 0.00209983 0.203074 59.7377
0.204127 0.0920646 0.974606 62.2537 -0.0172119 0.995752 -0.0904572 -4.69639 -0.978793 0.00169 0.204845 59.8686
0.205744 0.0937415 0.974106 62.9487 -0.0163459 0.995592 -0.0923567 -4.76323 -0.978469 0.00307916 0.206369 60.0206
0.207145 0.0937792 0.973805 63.6222 -0.0186107 0.995593 -0.0919186 -4.82198 -0.978133 0.000917219 0.207977 60.1912
0.208131 0.0906946 0.973887 64.2958 -0.0174199 0.995878 -0.0890196 -4.8893 -0.977946 0.0015627 0.208853 60.3357
0.208474 0.0878106 0.974078 64.9211 -0.0184727 0.996137 -0.0858456 -4.94741 -0.977853 -9.72862e-05 0.209291 60.4821
0.208299 0.0873837 0.974154 65.5673 -0.0181594 0.996175 -0.0854761 -5.00158 -0.977897 0.000114526 0.209089 60.6096
0.206803 0.0864185 0.974559 66.1922 -0.0175919 0.996259 -0.0846097 -5.0592 -0.978224 0.000353219 0.20755 60.7522
0.205175 0.0867288 0.974875 66.8104 -0.0187194 0.996232 -0.0846891 -5.11677 -0.978546 -0.000873034 0.206025 60.9038
0.202184 0.0898809 0.975214 67.4018 -0.0197373 0.995951 -0.0877001 -5.16115 -0.979149 -0.00151661 0.203139 61.0014
0.200168 0.093831 0.975258 68.0174 -0.0186016 0.995588 -0.091969 -5.22567 -0.979585 0.00026786 0.20103 61.1304
0.198369 0.0945668 0.975555 68.6211 -0.0159927 0.995514 -0.0932497 -5.2798 -0.979997 0.00289615 0.198992 61.2678
0.196206 0.0934629 0.976098 69.2022 -0.0161837 0.99562 -0.092079 -5.33095 -0.980429 0.00226958 0.196859 61.3802
0.193825 0.0907411 0.976831 69.7851 -0.0168042 0.995874 -0.0891758 -5.38041 -0.980892 0.000869576 0.19455 61.5103
0.191836 0.0865475 0.977603 70.3594 -0.0166066 0.996248 -0.0849394 -5.44086 -0.981286 5.97337e-05 0.192554 61.632
0.189879 0.0851111 0.978112 70.9038 -0.0131496 0.996367 -0.0841469 -5.49742 -0.981719 0.00311596 0.190308 61.7255
0.188651 0.0870796 0.978176 71.4683 -0.00911664 0.996173 -0.0869236 -5.5379 -0.982002 0.00748052 0.188723 61.8009
0.186091 0.088986 0.978495 72.0143 -0.00493739 0.995962 -0.0896356 -5.58861 -0.98252 0.0118491 0.185779 61.9145
0.183997 0.0912183 0.978685 72.5516 -0.00553449 0.995765 -0.0917698 -5.62653 -0.982911 0.0114688 0.183723 62.0153
0.182937 0.0933261 0.978685 73.0842 -0.00630647 0.995575 -0.0937579 -5.68597 -0.983104 0.0109798 0.182716 62.1053
0.18128 0.092235 0.979097 73.6415 -0.00495576 0.995665 -0.0928783 -5.7291 -0.983419 0.0119848 0.180951 62.2342
0.181922 0.0902753 0.97916 74.1756 0.0010266 0.995759 -0.0919964 -5.78285 -0.983312 0.0177414 0.181057 62.3104
0.184291 0.0886765 0.978863 74.728 0.00641003 0.995792 -0.0914169 -5.82635 -0.982851 0.0231218 0.182947 62.4039
0.186071 0.0877666 0.978609 75.2792 0.00941177 0.995797 -0.0910978 -5.87911 -0.982491 0.0261611 0.184463 62.526
0.189218 0.0875842 0.978021 75.8249 0.00721598 0.995863 -0.0905781 -5.92938 -0.981909 0.0241964 0.187804 62.6332
0.194655 0.0881273 0.976905 76.3788 0.00526918 0.995847 -0.0908861 -5.9745 -0.980858 0.0228389 0.193382 62.7461
0.201287 0.0871643 0.975646 76.9443 0.00663877 0.995889 -0.0903424 -6.02365 -0.97951 0.0246618 0.199881 62.8597
0.209032 0.0870121 0.97403 77.502 0.00505908 0.995924 -0.0900536 -6.07678 -0.977896 0.0237518 0.20774 62.9783
0.217028 0.0857022 0.972396 78.0784 0.00498615 0.996028 -0.0888979 -6.11098 -0.976153 0.0241418 0.215739 63.128
0.226346 0.0847412 0.970354 78.6615 0.00214487 0.996163 -0.0874954 -6.17388 -0.974045 0.0218855 0.225296 63.2688
0.235498 0.0849289 0.968157 79.2319 -0.000144158 0.996178 -0.0873519 -6.2136 -0.971875 0.0204316 0.23461 63.4151
0.245123 0.0880655 0.965484 79.8193 -0.00435674 0.995956 -0.0897388 -6.26696 -0.969482 0.0177907 0.244515 63.5754
0.254171 0.091171 0.962853 80.4109 -0.00846001 0.995718 -0.0920498 -6.3087 -0.967122 0.0152506 0.253854 63.7449
0.265114 0.0931018 0.959712 81.0213 -0.0116464 0.995564 -0.0933626 -6.36312 -0.964147 0.0135745 0.265022 63.9271
0.275478 0.095011 0.956601 81.6367 -0.0137686 0.995392 -0.0948988 -6.4207 -0.961209 0.0129715 0.275516 64.1076
0.285342 0.0961788 0.953588 82.2553 -0.017572 0.99531 -0.0951289 -6.47477 -0.958265 0.0103878 0.285693 64.3072
0.295495 0.0965341 0.950455 82.8685 -0.0184446 0.995273 -0.0953517 -6.52905 -0.955166 0.0106451 0.295878 64.494
0.305558 0.0971302 0.947206 83.5079 -0.0213998 0.995233 -0.0951517 -6.58904 -0.951933 0.0088043 0.30618 64.7223
0.316375 0.0931431 0.94405 84.2198 -0.0218417 0.995619 -0.0909114 -6.63935 -0.948383 0.00814241 0.317024 64.9735
0.326786 0.0850781 0.941261 84.8408 -0.017954 0.996319 -0.0838213 -6.70834 -0.944928 0.0104922 0.32711 65.1861
0.338578 0.0805399 0.937485 85.5141 -0.0162858 0.996682 -0.0797438 -6.76831 -0.940798 0.0117318 0.338766 65.4235
0.348568 0.0771228 0.934105 86.1852 -0.0154169 0.996946 -0.0765582 -6.80573 -0.937157 0.0122847 0.348692 65.6722
0.358473 0.0746226 0.930553 86.8654 -0.0113393 0.997075 -0.075589 -6.87057 -0.933471 0.0165448 0.358271 65.9499
0.366584 0.0709354 0.927677 87.5754 -0.0050481 0.997226 -0.0742587 -6.90588 -0.930371 0.022539 0.365925 66.2108
0.374639 0.0610777 0.925157 88.3158 0.00424654 0.997704 -0.0675868 -6.96135 -0.927161 0.0292494 0.37352 66.5052
0.381539 0.0558638 0.922663 89.0003 0.00998251 0.997865 -0.0645449 -7.02384 -0.924299 0.0338369 0.380167 66.7881
0.389255 0.0550295 0.919485 89.7286 0.0140564 0.997743 -0.0656638 -7.05066 -0.921023 0.0384846 0.387603 67.0899
0.396707 0.0613431 0.915893 90.4354 0.0153174 0.997183 -0.0734221 -7.1097 -0.917818 0.0431562 0.39465 67.3925
0.40356 0.0667877 0.912512 91.1541 0.0179369 0.996563 -0.0808721 -7.16302 -0.914777 0.0490044 0.400976 67.697
0.409222 0.0683556 0.909871 91.87 0.0168495 0.996454 -0.0824385 -7.22438 -0.912279 0.0490665 0.406619 68.0191
0.413645 0.0701232 0.907734 92.5556 0.00988718 0.996625 -0.0814956 -7.27552 -0.910385 0.0426852 0.411555 68.3413
0.416998 0.0732923 0.905947 93.252 0.00423841 0.996576 -0.0825751 -7.32631 -0.908897 0.0382735 0.41526 68.6865
0.42132 0.0766839 0.903664 93.9477 0.00209905 0.996334 -0.0855264 -7.40853 -0.90691 0.0379308 0.419614 69.0148
0.425077 0.0806956 0.901553 94.6083 -0.00032909 0.996032 -0.088997 -7.46386 -0.905157 0.0375339 0.423417 69.334
0.429095 0.0838329 0.899361 95.3076 -0.00372406 0.995839 -0.0910492 -7.53528 -0.903252 0.0357195 0.427622 69.6712
0.432978 0.0826502 0.897607 95.9741 -0.0048038 0.995985 -0.0893915 -7.59287 -0.901392 0.0343926 0.431637 69.9953
0.436899 0.0789929 0.896035 96.6006 -0.00378989 0.996289 -0.0859831 -7.6659 -0.899503 0.0341701 0.435577 70.3078
0.440616 0.0762594 0.894451 97.2576 -0.00371347 0.996532 -0.0831333 -7.72442 -0.897688 0.0333083 0.43937 70.6369
0.444161 0.0751765 0.892787 97.8753 -0.00477443 0.996658 -0.0815475 -7.78839 -0.895934 0.0319577 0.443036 70.9509
0.447509 0.0769571 0.890962 98.503 -0.00703978 0.996563 -0.0825425 -7.84307 -0.894252 0.0306663 0.446512 71.2702
0.45068 0.0778283 0.889286 99.1185 -0.00680488 0.996463 -0.0837595 -7.90522 -0.89266 0.0316973 0.449616 71.5792
0.452669 0.0759549 0.888438 99.7139 -0.0046148 0.996552 -0.0828465 -7.96061 -0.891667 0.0334021 0.451459 71.8878
0.454691 0.0746498 0.887516 100.31 -0.00236761 0.996579 -0.0826103 -8.01705 -0.890646 0.0354608 0.453312 72.1875
0.456188 0.0747345 0.88674 100.885 -0.00370453 0.996618 -0.0820893 -8.06736 -0.889876 0.0341632 0.454922 72.5004
0.457696 0.0737904 0.886041 101.462 -0.00192917 0.99663 -0.0820038 -8.12115 -0.889107 0.0358235 0.456296 72.8094
0.461129 0.0758325 0.884087 102.028 -0.00272905 0.996458 -0.0840477 -8.17337 -0.887329 0.0363441 0.459703 73.0905
0.463479 0.0758191 0.882858 102.583 -0.000418708 0.996351 -0.085346 -8.23151 -0.886108 0.0391865 0.46182 73.3873
0.466952 0.0749952 0.881097 103.135 0.00168653 0.99632 -0.0856963 -8.29014 -0.884281 0.0415021 0.465107 73.6819
0.469961 0.0733116 0.879637 103.663 0.00470698 0.996323 -0.0855513 -8.33282 -0.882675 0.0443462 0.467888 73.9576
0.472798 0.0724129 0.87819 104.188 0.00605775 0.996327 -0.0854155 -8.38735 -0.88115 0.0457041 0.470623 74.2467
0.476056 0.0721118 0.876454 104.703 0.00686983 0.996297 -0.0857036 -8.43739 -0.879388 0.0468208 0.473798 74.528
0.479592 0.0712423 0.874595 105.226 0.00745006 0.996332 -0.0852441 -8.48952 -0.87746 0.0473982 0.477303 74.8267
0.48347 0.0705479 0.872513 105.74 0.00932591 0.996275 -0.0857224 -8.54098 -0.875311 0.0495812 0.481011 75.0991
0.487289 0.0721284 0.870257 106.236 0.0083761 0.996151 -0.0872528 -8.58411 -0.873201 0.0498067 0.484809 75.3776
0.491448 0.0718376 0.867939 106.732 0.0110881 0.995995 -0.0887149 -8.63853 -0.870836 0.0532226 0.488684 75.6529
0.4961 0.0749078 0.865028 107.232 0.00912946 0.995766 -0.091465 -8.69042 -0.868218 0.053273 0.493315 75.9545
0.501132 0.0807947 0.861591 107.707 0.00574222 0.9953 -0.0966729 -8.73937 -0.865352 0.0533934 0.498313 76.2518
0.507337 0.0880514 0.857237 108.204 0.000149262 0.994757 -0.102265 -8.7894 -0.861748 0.0520109 0.504664 76.5497
0.513196 0.094687 0.853032 108.682 -0.00536613 0.99423 -0.107132 -8.83886 -0.858255 0.0504021 0.510743 76.8489
0.519525 0.0992111 0.848676 109.166 -0.00890873 0.993811 -0.110724 -8.89703 -0.854409 0.0499633 0.517194 77.159
0.524803 0.0996957 0.845366 109.653 -0.0128663 0.993933 -0.109229 -8.95528 -0.851127 0.046447 0.522902 77.4725
0.530537 0.0987107 0.841895 110.148 -0.0195088 0.994355 -0.104293 -9.01424 -0.847437 0.0389067 0.529468 77.7945
0.536047 0.0964076 0.838665 110.644 -0.0258401 0.994866 -0.0978473 -9.07295 -0.843792 0.0307796 0.535786 78.1294
0.542154 0.094654 0.834931 111.156 -0.0322812 0.995248 -0.0918672 -9.13466 -0.839659 0.0228535 0.542633 78.477
0.547856 0.0925874 0.831433 111.662 -0.0352078 0.995528 -0.0876614 -9.19058 -0.835831 0.0187529 0.548666 78.8351
0.554153 0.0958043 0.826883 112.169 -0.0395308 0.995263 -0.0888207 -9.23726 -0.831475 0.0165329 0.555315 79.1873
0.560159 0.0999914 0.822328 112.683 -0.0440479 0.994879 -0.090968 -9.28664 -0.827213 0.0147348 0.561695 79.5611
0.566336 0.103558 0.817643 113.214 -0.0469841 0.994518 -0.0934166 -9.34216 -0.822834 0.014489 0.568096 79.9251
0.572148 0.105855 0.81329 113.736 -0.0492401 0.994281 -0.0947715 -9.38523 -0.818671 0.0141769 0.574088 80.3165
0.579171 0.106943 0.808161 114.281 -0.052527 0.994193 -0.0939174 -9.44768 -0.813512 0.011944 0.581426 80.7148
0.584611 0.10866 0.804004 114.827 -0.0580497 0.994053 -0.092136 -9.50058 -0.809234 0.00719159 0.587442 81.1326
0.591676 0.107085 0.799032 115.387 -0.0589937 0.994233 -0.0895605 -9.56025 -0.804015 0.00585289 0.594581 81.562
0.599566 0.104735 0.793443 115.962 -0.0587898 0.994485 -0.0868487 -9.61716 -0.798163 0.00542515 0.602417 82.0058
0.607159 0.104748 0.787646 116.538 -0.0596327 0.994484 -0.0862877 -9.68388 -0.792339 0.00542095 0.610056 82.4548
0.61425 0.107116 0.781808 117.105 -0.0642888 0.994244 -0.0857116 -9.73211 -0.786489 0.00238686 0.6176 82.9128
0.621933 0.108401 0.775531 117.689 -0.0660877 0.994105 -0.0859533 -9.78965 -0.780277 0.00220414 0.625431 83.394
0.628596 0.108963 0.770061 118.283 -0.0674453 0.994044 -0.0856018 -9.83986 -0.774802 0.00187194 0.632201 83.9006
0.633897 0.107552 0.765903 118.873 -0.0671066 0.994198 -0.0840698 -9.90422 -0.770501 0.00189441 0.637436 84.3979
0.637855 0.106231 0.762795 119.481 -0.066009 0.994338 -0.083279 -9.96075 -0.767323 0.00276862 0.641255 84.9209
0.641564 0.104017 0.759984 120.083 -0.0628336 0.99456 -0.0830798 -10.015 -0.764492 0.00554852 0.64461 85.4276
0.645284 0.100482 0.757305 120.717 -0.057797 0.994892 -0.0827582 -10.0762 -0.761753 0.00963259 0.647796 85.9706
0.649304 0.0941729 0.754676 121.34 -0.050359 0.99545 -0.0808905 -10.1413 -0.75886 0.0145178 0.651092 86.5085
0.65321 0.0880364 0.752042 121.962 -0.0439621 0.995952 -0.0784045 -10.1976 -0.7559 0.0181532 0.654436 87.0405
0.65686 0.0830241 0.749428 122.608 -0.0395407 0.996345 -0.0757217 -10.2706 -0.752975 0.0201056 0.657742 87.6094
0.659902 0.0805476 0.747022 123.248 -0.0373138 0.996524 -0.074488 -10.3134 -0.750425 0.0212806 0.660613 88.1765
0.662369 0.0825564 0.744615 123.853 -0.0392321 0.996368 -0.0755699 -10.3843 -0.74815 0.0208423 0.663202 88.7061
0.665985 0.0871094 0.740862 124.546 -0.0444062 0.996027 -0.0771931 -10.4401 -0.744643 0.0185105 0.667207 89.3656
0.669241 0.0907004 0.737489 125.159 -0.0503581 0.995776 -0.076768 -10.4927 -0.741337 0.0142377 0.670982 89.9469
0.67169 0.0883449 0.735546 125.808 -0.0518107 0.996035 -0.072319 -10.5569 -0.739019 0.0104668 0.673604 90.5222
0.674426 0.0854495 0.733381 126.452 -0.0543266 0.996331 -0.0661276 -10.6007 -0.736341 0.00475601 0.676594 91.1444
0.678977 0.0788994 0.729907 127.089 -0.0528321 0.996882 -0.0586124 -10.6618 -0.732256 0.00123389 0.681029 91.7467
0.683802 0.0740167 0.725904 127.762 -0.0494009 0.997255 -0.0551494 -10.702 -0.727994 0.00185095 0.685581 92.4105
0.688441 0.0714844 0.721761 128.399 -0.0445795 0.99742 -0.0562646 -10.7597 -0.723921 0.00655911 0.689851 93.0159
0.694019 0.0688096 0.716661 129.042 -0.0350808 0.997472 -0.0617989 -10.8125 -0.719101 0.0177486 0.694679 93.6495
0.698931 0.0709219 0.711664 129.697 -0.0302498 0.997112 -0.0696601 -10.8661 -0.714549 0.0271599 0.699058 94.268
0.704416 0.0720355 0.706122 130.359 -0.0279945 0.996882 -0.0737707 -10.9296 -0.709235 0.0321978 0.704237 94.9202
0.71038 0.0672291 0.7006 131.003 -0.0242104 0.997173 -0.0711395 -10.9605 -0.703402 0.0335742 0.709999 95.5715
0.716187 0.0602378 0.695304 131.658 -0.0187403 0.997569 -0.0671214 -11.0455 -0.697657 0.0350412 0.715574 96.2353
0.721953 0.0570192 0.689589 132.293 -0.0135074 0.99757 -0.0683435 -11.0816 -0.69181 0.0400262 0.720969 96.8947
0.726494 0.060372 0.684515 132.922 -0.0140286 0.997229 -0.0730634 -11.1679 -0.687029 0.0434774 0.725328 97.5551
0.730383 0.0625443 0.680168 133.538 -0.0148973 0.997021 -0.075683 -11.2049 -0.682875 0.0451449 0.729139 98.2214
0.733306 0.0593194 0.677306 134.182 -0.0122672 0.997179 -0.0740529 -11.2784 -0.679788 0.0459949 0.731965 98.9207
0.736027 0.0524457 0.674917 134.818 -0.00708514 0.997537 -0.0697887 -11.3408 -0.676915 0.0465845 0.734586 99.6075
0.73763 0.0485994 0.673454 135.433 -0.0048424 0.997761 -0.066699 -11.4063 -0.675188 0.0459381 0.736214 100.276
0.738138 0.0436218 0.673238 136.088 -0.000573593 0.997948 -0.0640322 -11.4656 -0.674649 0.0468785 0.736648 100.984
0.738296 0.0431318 0.673096 136.72 -0.00119889 0.998036 -0.0626389 -11.5278 -0.674475 0.0454391 0.736898 101.684
0.738087 0.0425213 0.673364 137.33 -0.000801324 0.998067 -0.0621472 -11.5719 -0.674705 0.0453304 0.736694 102.36
0.737764 0.0464162 0.673461 137.966 -0.00522184 0.997996 -0.0630632 -11.64 -0.675039 0.0430091 0.736528 103.07
0.736627 0.0487018 0.674544 138.584 -0.00669155 0.99788 -0.0647391 -11.6888 -0.676266 0.0431748 0.735391 103.78
0.734452 0.0543319 0.676482 139.216 -0.0129084 0.997728 -0.0661183 -11.7555 -0.678537 0.0398285 0.733485 104.467
0.732364 0.0551719 0.678675 139.842 -0.0140455 0.997724 -0.065952 -11.8109 -0.680769 0.0387686 0.731472 105.174
0.730031 0.057587 0.680983 140.481 -0.0177235 0.997704 -0.0653703 -11.8761 -0.683184 0.0356529 0.729376 105.865
0.72777 0.0580479 0.683361 141.099 -0.0199643 0.997782 -0.0634947 -11.9346 -0.685531 0.0325667 0.727315 106.53
0.725069 0.0555943 0.686429 141.739 -0.0188161 0.997963 -0.0609503 -11.9771 -0.688419 0.0312773 0.724638 107.232
0.722515 0.051312 0.689449 142.382 -0.0141294 0.99813 -0.0594785 -12.0335 -0.691211 0.0332327 0.721888 107.907
0.719709 0.0537515 0.692192 143.029 -0.0131529 0.997875 -0.0638132 -12.1084 -0.694151 0.0368227 0.718887 108.587
0.716248 0.0655359 0.694762 143.615 -0.0214919 0.99718 -0.071906 -12.1666 -0.697515 0.0365708 0.715637 109.203
0.712369 0.0744214 0.697848 144.31 -0.0274852 0.996557 -0.0782199 -12.2448 -0.701266 0.036541 0.711962 109.912
0.709224 0.0707921 0.70142 144.931 -0.0244038 0.996814 -0.0759299 -12.2864 -0.704561 0.0367339 0.708692 110.547
0.705131 0.0700982 0.705604 145.551 -0.0292181 0.997129 -0.0698612 -12.3575 -0.708475 0.0286448 0.705154 111.191
0.701566 0.0668353 0.709463 146.196 -0.0283142 0.99742 -0.0659633 -12.4047 -0.712042 0.0261897 0.701649 111.851
0.697785 0.0679669 0.713075 146.844 -0.0303404 0.997399 -0.0653775 -12.4852 -0.715664 0.0239845 0.698033 112.491
0.695276 0.0657892 0.715725 147.5 -0.0267256 0.99748 -0.0657259 -12.5218 -0.718246 0.0265694 0.695282 113.131
0.692307 0.0643009 0.718733 148.113 -0.0231099 0.997487 -0.0669792 -12.5994 -0.721233 0.0297603 0.692053 113.714
0.68857 0.0639836 0.722342 148.794 -0.0189138 0.997346 -0.0703134 -12.6464 -0.724923 0.0347534 0.687952 114.37
0.68484 0.0644086 0.725841 149.437 -0.0175723 0.997256 -0.0719134 -12.7305 -0.728481 0.0364945 0.684093 114.981
0.681214 0.0653317 0.729164 150.071 -0.0173459 0.997171 -0.0731394 -12.7707 -0.731879 0.0371755 0.68042 115.583
0.676838 0.0667584 0.733099 150.74 -0.0192087 0.997142 -0.0730684 -12.836 -0.735882 0.0353735 0.676186 116.215
0.672451 0.066447 0.737153 151.393 -0.0180541 0.997138 -0.0734126 -12.8962 -0.739922 0.0360577 0.671726 116.826
0.667026 0.0690799 0.741825 152.038 -0.0205156 0.997018 -0.0743969 -12.9443 -0.744752 0.0344057 0.666454 117.408
0.660877 0.0759545 0.746641 152.727 -0.0244811 0.996518 -0.079705 -13.0285 -0.750095 0.0343966 0.660435 118.028
0.653977 0.0812742 0.752136 153.407 -0.0263319 0.996055 -0.0847362 -13.0934 -0.756056 0.0356104 0.653538 118.636
0.645586 0.085642 0.758871 154.103 -0.030946 0.99581 -0.0860553 -13.2003 -0.763061 0.0320721 0.645531 119.262
0.640897 0.0787271 0.763579 154.804 -0.0284394 0.996479 -0.0788696 -13.2564 -0.7671 0.0288316 0.64088 119.834
0.633527 0.0747688 0.7701 155.499 -0.0323018 0.997008 -0.070226 -13.2918 -0.773046 0.0196145 0.634046 120.432
0.626543 0.0695512 0.776278 156.211 -0.0307453 0.997441 -0.0645516 -13.3582 -0.778781 0.0165774 0.627077 121.002
0.618721 0.0706354 0.782429 156.953 -0.0356554 0.997448 -0.0618515 -13.405 -0.784801 0.010371 0.619661 121.602
0.611118 0.0732001 0.788147 157.701 -0.0371663 0.99727 -0.0638044 -13.4833 -0.790666 0.00969953 0.612171 122.191
0.60473 0.0716675 0.7932 158.416 -0.0273699 0.997225 -0.069235 -13.5111 -0.79596 0.0201587 0.605013 122.745
0.597536 0.0817722 0.797662 159.15 -0.0320802 0.996428 -0.0781171 -13.6136 -0.8012 0.0210886 0.598025 123.312
0.590334 0.082351 0.802947 159.911 -0.0271331 0.996244 -0.0822272 -13.6902 -0.806703 0.026755 0.590351 123.855
0.583602 0.0785321 0.808233 160.669 -0.0234167 0.996526 -0.0799191 -13.7416 -0.811702 0.0277148 0.583414 124.419
0.576574 0.0725621 0.813817 161.451 -0.0175705 0.996919 -0.0764397 -13.7973 -0.816856 0.0297739 0.576072 124.968
0.568789 0.0715661 0.819364 162.198 -0.0176636 0.99704 -0.0748232 -13.8756 -0.822294 0.0280857 0.56837 125.507
0.562344 0.0729876 0.823676 162.948 -0.0185128 0.996959 -0.0757033 -13.9363 -0.826696 0.0273227 0.561984 126.02
0.556285 0.070905 0.827961 163.703 -0.0149676 0.997046 -0.0753287 -14.0172 -0.830857 0.0295116 0.555703 126.526
0.551085 0.0647526 0.831933 164.478 -0.00858543 0.997372 -0.0719422 -14.078 -0.834405 0.0325038 0.550193 127.046
0.546297 0.0620984 0.835286 165.201 -0.00783185 0.997583 -0.069042 -14.1399 -0.837555 0.0311756 0.545463 127.523
