1 0 0 0 0 1 0 0 0 0 1 0
1 -7.08535e-05 -0.000339487 0.0556907 7.12381e-05 0.999999 0.00113272 -0.0267613 0.000339407 -0.00113275 0.999999 1.31597
0.999999 -0.00055879 0.00121352 0.111083 0.000556635 0.999998 0.00177576 -0.0483348 -0.00121451 -0.00177509 0.999998 2.56502
0.999997 -0.00212116 0.00143022 0.100652 0.00212011 0.999997 0.000738067 -0.080631 -0.00143178 -0.000735032 0.999999 3.82144
0.999996 -0.00252343 0.00125701 0.0951978 0.00252235 0.999996 0.000859784 -0.0971393 -0.00125917 -0.00085661 0.999999 5.19255
0.999996 -0.00283163 0.000971212 0.0733615 0.00283005 0.999995 0.00162973 -0.112106 -0.000975821 -0.00162697 0.999998 6.51584
0.999992 -0.0038893 0.00106348 0.0810858 0.00388635 0.999989 0.00275525 -0.151765 -0.00107418 -0.0027511 0.999996 7.83279
0.999991 -0.00403885 0.00102134 0.0686476 0.00403541 0.999986 0.00334945 -0.171512 -0.00103486 -0.0033453 0.999994 9.18441
0.999995 -0.00314664 0.000436877 0.0491056 0.0031459 0.999994 0.00166989 -0.199618 -0.000442129 -0.00166851 0.999999 10.5096
1 -0.000307072 0.000573389 0.0448616 0.000307312 1 -0.000419011 -0.218671 -0.00057326 0.000419187 1 11.8456
0.999997 0.00239713 0.000703943 0.0435898 -0.00239606 0.999996 -0.00151624 -0.244389 -0.000707575 0.00151455 0.999999 13.1961
0.999985 0.00539529 0.000884158 0.0205248 -0.00539384 0.999984 -0.00164147 -0.270079 -0.000893 0.00163668 0.999998 14.539
0.999981 0.00606208 0.00116047 0.00176209 -0.00606119 0.999981 -0.000767652 -0.291435 -0.0011651 0.000760603 0.999999 15.8717
0.999991 0.00412292 0.000987268 0.0145608 -0.00412466 0.99999 0.00176466 -0.320858 -0.000979982 -0.00176871 0.999998 17.2269
1 -0.000169385 0.000801496 -0.00191637 0.000166433 0.999993 0.00368191 -0.350909 -0.000802114 -0.00368178 0.999993 18.6133
0.999997 -0.00235611 0.000764277 -0.00918948 0.0023545 0.999995 0.00209466 -0.383182 -0.000769208 -0.00209285 0.999998 19.9313
0.999993 -0.00344788 0.00131467 -0.00358723 0.00344847 0.999994 -0.000446347 -0.395508 -0.00131312 0.000450878 0.999999 21.277
0.999998 -0.00100962 0.00179279 -0.00518462 0.00101204 0.999999 -0.00135187 -0.445915 -0.00179142 0.00135368 0.999997 22.6355
0.999996 0.00133824 0.00247409 -0.0205963 -0.00133786 0.999999 -0.000153718 -0.445181 -0.00247429 0.000150407 0.999997 23.9611
0.999993 0.00165756 0.00321835 -0.0182907 -0.00166966 0.999992 0.00376152 -0.46762 -0.00321208 -0.00376686 0.999988 25.3242
0.999995 -0.00082899 0.00313267 -0.0311234 0.000813194 0.999987 0.00504032 -0.482657 -0.00313681 -0.00503774 0.999982 26.7242
0.999987 -0.0037666 0.00329442 -0.0309119 0.0037534 0.999985 0.00400282 -0.530535 -0.00330945 -0.0039904 0.999987 28.112
0.999981 -0.00504507 0.00358818 -0.0380747 0.00503999 0.999986 0.00142234 -0.524724 -0.00359531 -0.00140423 0.999993 29.4797
0.999983 -0.00438175 0.00373305 -0.026987 0.00438399 0.99999 -0.000592918 -0.586044 -0.00373042 0.000609274 0.999993 30.8718
0.999989 -0.00200871 0.00431492 -0.0406588 0.00201741 0.999996 -0.00201293 -0.580861 -0.00431086 0.00202161 0.999989 32.2449
0.999988 -0.00045241 0.00478416 -0.0464773 0.000469664 0.999993 -0.00360604 -0.624512 -0.0047825 0.00360825 0.999982 33.6272
0.999987 0.000312908 0.00516248 -0.060587 -0.000295248 0.999994 -0.00342112 -0.642266 -0.00516352 0.00341955 0.999981 34.9723
0.999989 -2.44007e-07 0.00459159 -0.0487642 1.04673e-05 0.999998 -0.00222651 -0.68467 -0.00459158 0.00222653 0.999987 36.4167
0.999989 0.00100055 0.00454892 -0.0599752 -0.000997211 0.999999 -0.000737277 -0.70553 -0.00454965 0.000732733 0.999989 37.7806
0.999982 0.0038447 0.00452292 -0.0732246 -0.00384351 0.999993 -0.000271929 -0.738366 -0.00452394 0.00025454 0.99999 39.1988
0.99997 0.00641155 0.00435211 -0.0612433 -0.00640892 0.999979 -0.000618539 -0.767783 -0.00435599 0.000590628 0.99999 40.611
0.999957 0.00814206 0.00433152 -0.0742664 -0.00814089 0.999967 -0.000287529 -0.787118 -0.00433371 0.000252254 0.999991 42.0441
0.999945 0.00949443 0.00449795 -0.0894988 -0.0094935 0.999955 -0.000229569 -0.81881 -0.00449993 0.000186855 0.99999 43.4167
0.999956 0.00832199 0.00424989 -0.103022 -0.00832093 0.999965 -0.000266262 -0.844231 -0.00425195 0.000230888 0.999991 44.7799
0.999963 0.0077883 0.00354005 -0.0987393 -0.00778535 0.999969 -0.000846902 -0.88059 -0.00354653 0.00081931 0.999993 46.2301
0.99997 0.00734397 0.00233098 -0.0970265 -0.00734325 0.999973 -0.000316422 -0.909924 -0.00233324 0.000299295 0.999997 47.6661
0.999972 0.00735116 0.00147501 -0.107316 -0.00735186 0.999973 0.000469208 -0.932974 -0.00147152 -0.000480039 0.999999 49.0652
0.999969 0.00783057 0.00053089 -0.113693 -0.00783074 0.999969 0.000331163 -0.963856 -0.000528281 -0.00033531 1 50.4887
0.999963 0.00863607 -0.000355033 -0.138875 -0.00863584 0.999963 0.000634334 -0.993054 0.000360498 -0.000631245 1 51.8897
0.999963 0.00841011 -0.00150868 -0.14719 -0.00840778 0.999963 0.00154641 -1.01747 0.00152163 -0.00153367 0.999998 53.3328
0.999971 0.0072076 -0.00253136 -0.149696 -0.007201 0.999971 0.00260608 -1.04503 0.00255007 -0.00258777 0.999993 54.815
0.999982 0.00515214 -0.00301606 -0.15743 -0.00514402 0.999983 0.00269306 -1.06616 0.00302988 -0.0026775 0.999992 56.2171
0.99999 0.00307779 -0.0033842 -0.169412 -0.00307037 0.999993 0.00219512 -1.09324 0.00339093 -0.0021847 0.999992 57.6082
0.99999 0.0019385 -0.00392186 -0.167688 -0.00192919 0.999995 0.00237489 -1.12411 0.00392645 -0.00236731 0.999989 59.0876
0.999994 0.00084141 -0.0033001 -0.183249 -0.000831356 0.999995 0.00304664 -1.1518 0.00330265 -0.00304388 0.99999 60.4878
0.999996 -0.000755551 -0.00262023 -0.203418 0.000765651 0.999992 0.00385591 -1.17331 0.00261729 -0.0038579 0.999989 61.9243
0.999994 -0.00270858 -0.00217634 -0.213931 0.00271612 0.99999 0.00346654 -1.20239 0.00216693 -0.00347243 0.999992 63.3397
0.999992 -0.00393402 -0.00117278 -0.237559 0.00393688 0.999989 0.00245072 -1.22617 0.00116313 -0.00245532 0.999996 64.7914
0.999993 -0.00375965 -0.00068798 -0.247717 0.00376119 0.99999 0.0022413 -1.25754 0.000679547 -0.00224388 0.999997 66.1713
0.999998 -0.00181578 -0.000191392 -0.253578 0.0018162 0.999996 0.00220048 -1.28731 0.000187395 -0.00220082 0.999998 67.6366
0.999999 0.000865723 0.000521691 -0.269279 -0.000867447 0.999994 0.00331406 -1.31309 -0.000518819 -0.00331452 0.999994 69.0036
0.99999 0.00422538 0.00128742 -0.283044 -0.00423126 0.99998 0.00459733 -1.34308 -0.00126796 -0.00460273 0.999989 70.4306
0.999967 0.00795268 0.00188426 -0.293563 -0.00796234 0.999955 0.0051737 -1.36653 -0.00184303 -0.00518853 0.999985 71.8251
0.999918 0.0126285 0.00220498 -0.297432 -0.0126391 0.999908 0.00484951 -1.38895 -0.00214353 -0.00487698 0.999986 73.2248
0.999868 0.0159901 0.00301267 -0.309088 -0.0160026 0.999863 0.00418462 -1.41748 -0.00294535 -0.00423228 0.999987 74.6299
0.999846 0.0171996 0.0035246 -0.314048 -0.0172134 0.999844 0.00391781 -1.43764 -0.00345667 -0.00397788 0.999986 76.0466
0.999848 0.0170519 0.00368236 -0.313115 -0.0170679 0.999845 0.00436631 -1.45996 -0.00360733 -0.0044285 0.999984 77.4361
0.999857 0.0164258 0.003903 -0.318129 -0.0164426 0.999855 0.00432736 -1.49531 -0.00383136 -0.00439092 0.999983 78.8445
0.999863 0.0160702 0.0039436 -0.332537 -0.0160833 0.999865 0.00332685 -1.51919 -0.00388961 -0.00338982 0.999987 80.1949
0.99987 0.0157692 0.00333901 -0.323128 -0.0157803 0.99987 0.00333714 -1.54881 -0.00328595 -0.0033894 0.999989 81.583
0.999891 0.0144056 0.00321388 -0.340101 -0.0144167 0.99989 0.00345031 -1.56995 -0.00316382 -0.00349627 0.999989 82.9907
0.999892 0.0144295 0.00270859 -0.348496 -0.0144376 0.999891 0.00299283 -1.6007 -0.00266511 -0.00303162 0.999992 84.3541
0.999878 0.0155031 0.00177259 -0.352247 -0.0155089 0.999874 0.00331647 -1.62578 -0.00172095 -0.00334355 0.999993 85.7832
0.9999 0.014142 0.000917305 -0.362246 -0.0141456 0.999892 0.00410078 -1.6514 -0.000859212 -0.00411334 0.999991 87.1185
0.999912 0.0132954 6.36565e-05 -0.375161 -0.0132955 0.999898 0.00514034 -1.68149 4.69266e-06 -0.00514073 0.999987 88.4902
0.999936 0.0112182 -0.00134197 -0.373053 -0.0112102 0.99992 0.0058139 -1.70927 0.00140709 -0.00579849 0.999982 89.9303
0.999957 0.0089806 -0.00219522 -0.382015 -0.00896802 0.999944 0.00567551 -1.73075 0.00224607 -0.00565558 0.999981 91.2378
0.999972 0.0071225 -0.00248047 -0.393004 -0.00710961 0.999961 0.00516863 -1.75047 0.00251719 -0.00515084 0.999984 92.6352
0.999976 0.00646922 -0.00267141 -0.400381 -0.00645637 0.999968 0.00479203 -1.77674 0.00270232 -0.00477467 0.999985 93.9646
0.999976 0.00630517 -0.00285405 -0.418266 -0.00629285 0.999971 0.00430217 -1.7999 0.00288109 -0.0042841 0.999987 95.3682
0.999975 0.00648314 -0.00282711 -0.42489 -0.00647288 0.999972 0.00362621 -1.82397 0.00285055 -0.00360782 0.999989 96.6737
0.999972 0.00695769 -0.00283121 -0.446607 -0.00694906 0.999971 0.00304746 -1.85236 0.00285233 -0.0030277 0.999991 98.0481
0.999968 0.00764835 -0.00237514 -0.465732 -0.00764078 0.999966 0.00317839 -1.86993 0.00239937 -0.00316014 0.999992 99.4252
0.999961 0.00861083 -0.00213186 -0.468877 -0.00860102 0.999953 0.00456522 -1.90094 0.00217106 -0.0045467 0.999987 100.734
0.999953 0.0094406 -0.00215252 -0.482567 -0.00942761 0.999938 0.00596581 -1.92621 0.0022087 -0.00594524 0.99998 102.125
0.999961 0.00861539 -0.00194289 -0.504522 -0.00860603 0.999952 0.00477932 -1.94785 0.00198397 -0.00476242 0.999987 103.414
0.999953 0.00948712 -0.00183922 -0.5195 -0.00948337 0.999953 0.0020378 -1.97092 0.00185847 -0.00202026 0.999996 104.79
0.999957 0.00902849 -0.00199101 -0.52914 -0.00902659 0.999959 0.000958714 -1.99815 0.00199959 -0.000940701 0.999998 106.146
0.999977 0.00656489 -0.00196244 -0.541585 -0.0065605 0.999976 0.0022338 -2.0283 0.00197706 -0.00222087 0.999996 107.433
0.999992 0.00365226 -0.00133192 -0.548543 -0.0036466 0.999984 0.00422578 -2.05001 0.00134733 -0.00422089 0.99999 108.807
0.999998 0.00205225 -0.000331982 -0.559362 -0.00205058 0.999986 0.00495289 -2.07854 0.000342142 -0.00495219 0.999988 110.106
0.999998 0.00177958 0.000376107 -0.5687 -0.00178094 0.999992 0.00365844 -2.1014 -0.000369593 -0.0036591 0.999993 111.42
0.999994 0.00346239 0.000775257 -0.579518 -0.00346319 0.999993 0.00103222 -2.11757 -0.000771678 -0.0010349 0.999999 112.741
0.999978 0.00634693 0.00198404 -0.586958 -0.00634496 0.999979 -0.000999563 -2.15328 -0.00199035 0.000986953 0.999998 114.125
0.999961 0.00809523 0.00356366 -0.589153 -0.00809143 0.999967 -0.0010788 -2.1739 -0.00357228 0.00104992 0.999993 115.441
0.999942 0.00955763 0.00496124 -0.600194 -0.00956352 0.999954 0.00116541 -2.20632 -0.00494987 -0.00121279 0.999987 116.799
0.999938 0.00930464 0.00613085 -0.605298 -0.00932603 0.99995 0.00347037 -2.23201 -0.00609826 -0.00352733 0.999975 118.099
0.999935 0.00904373 0.00695544 -0.599185 -0.0090708 0.999951 0.00387092 -2.25863 -0.0069201 -0.00393376 0.999968 119.474
0.999918 0.0099769 0.00799566 -0.602352 -0.0100018 0.999945 0.00307469 -2.28192 -0.00796455 -0.00315441 0.999963 120.801
0.999896 0.0110559 0.00930092 -0.597398 -0.0110821 0.999935 0.00276994 -2.30318 -0.00926969 -0.00287273 0.999953 122.102
0.999868 0.0126984 0.0101475 -0.595184 -0.0127226 0.999916 0.00233076 -2.32428 -0.0101171 -0.00245955 0.999946 123.473
0.999848 0.0129852 0.0116691 -0.601051 -0.0130011 0.999915 0.00128748 -2.34298 -0.0116513 -0.00143899 0.999931 124.743
0.999811 0.0146532 0.0127653 -0.590418 -0.0146604 0.999892 0.000468151 -2.37304 -0.0127571 -0.000655207 0.999918 126.136
0.999805 0.0143102 0.0136052 -0.581976 -0.0143153 0.999897 0.000277688 -2.40387 -0.0135998 -0.000472397 0.999907 127.484
0.999801 0.0136954 0.014514 -0.583166 -0.0137164 0.999905 0.00134887 -2.43078 -0.0144941 -0.00154768 0.999894 128.773
0.999812 0.0120122 0.0152017 -0.565969 -0.0120527 0.999924 0.00257791 -2.45103 -0.0151696 -0.00276065 0.999881 130.137
0.999809 0.0118155 0.0155389 -0.551101 -0.0118559 0.999927 0.00251153 -2.48165 -0.0155081 -0.00269528 0.999876 131.464
0.999835 0.0094951 0.015514 -0.541002 -0.00954262 0.99995 0.00299242 -2.50476 -0.0154848 -0.00313997 0.999875 132.806
0.999855 0.00742852 0.0153194 -0.533199 -0.0074846 0.999965 0.00360714 -2.52685 -0.0152921 -0.00372127 0.999876 134.142
0.999875 0.00572821 0.0147355 -0.521727 -0.00577733 0.999978 0.00329286 -2.55221 -0.0147163 -0.00337758 0.999886 135.5
0.999896 0.00458445 0.0136984 -0.509753 -0.00462812 0.999984 0.00315761 -2.57571 -0.0136837 -0.00322068 0.999901 136.816
0.999918 0.00253231 0.0125752 -0.498891 -0.00258498 0.999988 0.0041744 -2.59711 -0.0125645 -0.00420656 0.999912 138.17
0.999935 0.00194394 0.0112726 -0.480859 -0.00199216 0.999989 0.00426782 -2.62372 -0.0112642 -0.00429 0.999927 139.51
0.999947 0.000369495 0.0102479 -0.476033 -0.000412732 0.999991 0.00421732 -2.64339 -0.0102462 -0.00422132 0.999939 140.856
0.99996 0.000709249 0.00891943 -0.472116 -0.000742605 0.999993 0.00373695 -2.66926 -0.00891672 -0.00374342 0.999953 142.167
0.999969 0.00022003 0.00791576 -0.46672 -0.00024602 0.999995 0.00328242 -2.68443 -0.00791499 -0.00328426 0.999963 143.506
0.999976 1.54491e-06 0.00694561 -0.463711 -8.02857e-06 1 0.000933462 -2.71565 -0.00694561 -0.000933495 0.999975 144.889
0.999953 -0.00721674 0.00643761 -0.446935 0.00721654 0.999974 5.50609e-05 -2.74115 -0.00643784 -8.60099e-06 0.999979 146.18
0.999868 -0.0153972 0.00522957 -0.443376 0.0153824 0.999878 0.00286015 -2.76614 -0.00527297 -0.00277933 0.999982 147.573
0.999741 -0.022477 0.00368703 -0.429082 0.0224605 0.999738 0.00447469 -2.78745 -0.00378664 -0.00439072 0.999983 148.878
0.99967 -0.0256032 0.00225835 -0.428108 0.0256001 0.999671 0.00141151 -2.81408 -0.00229375 -0.00135323 0.999996 150.216
0.999705 -0.0241566 0.00268924 -0.430387 0.0241629 0.999705 -0.00233532 -2.84251 -0.00263204 0.00239961 0.999994 151.588
0.999776 -0.0208571 0.00358428 -0.441311 0.0208721 0.999773 -0.00419994 -2.86947 -0.00349587 0.00427381 0.999985 152.963
0.999789 -0.0199891 0.00465193 -0.443283 0.0200088 0.999791 -0.00422706 -2.90834 -0.00456646 0.00431925 0.99998 154.297
0.999707 -0.0237199 0.00492681 -0.441392 0.0237262 0.999718 -0.00122934 -2.93312 -0.00489626 0.00134588 0.999987 155.593
0.999564 -0.0290172 0.00551369 -0.431084 0.0290077 0.999578 0.00179121 -2.96312 -0.00556334 -0.00163049 0.999983 156.931
0.999431 -0.0332812 0.0054249 -0.428565 0.0332639 0.999441 0.00325587 -2.98671 -0.00553022 -0.00307356 0.99998 158.291
0.999427 -0.0334361 0.00533315 -0.420185 0.0334196 0.999436 0.00315281 -3.01911 -0.00543556 -0.00297277 0.999981 159.603
0.999452 -0.0324661 0.00645927 -0.418351 0.0324433 0.999467 0.00360056 -3.03943 -0.00657272 -0.00338902 0.999973 160.971
0.999505 -0.0305791 0.00737783 -0.417874 0.0305569 0.999528 0.00311222 -3.05634 -0.00746951 -0.00288523 0.999968 162.313
0.999652 -0.0249359 0.00860373 -0.426483 0.0249312 0.999689 0.000649641 -3.08438 -0.00861725 -0.000434914 0.999963 163.68
0.999672 -0.0239414 0.0090415 -0.421613 0.0239403 0.999713 0.000230296 -3.10534 -0.00904442 -1.37647e-05 0.999959 165.01
0.999729 -0.0212992 0.00942824 -0.422387 0.0212878 0.999773 0.0013141 -3.13285 -0.00945409 -0.00111303 0.999955 166.37
0.999752 -0.0202013 0.00936402 -0.414109 0.0201914 0.999795 0.0011452 -3.15678 -0.00938524 -0.000955839 0.999956 167.718
0.999807 -0.0175411 0.00882455 -0.414343 0.0175541 0.999845 -0.00139427 -3.18993 -0.00879873 0.00154891 0.99996 169.08
0.999859 -0.0146101 0.00833262 -0.409316 0.0146463 0.999884 -0.00429756 -3.21516 -0.00826886 0.00441899 0.999956 170.475
0.999944 -0.00679818 0.00812521 -0.407339 0.00684366 0.999961 -0.00558211 -3.25613 -0.00808694 0.0056374 0.999951 171.852
0.999959 -0.00315484 0.00844817 -0.414673 0.00319404 0.999984 -0.00463121 -3.28713 -0.00843343 0.004658 0.999954 173.208
0.999958 -0.00110781 0.00912449 -0.423138 0.00112919 0.999997 -0.00233887 -3.31951 -0.00912186 0.00234908 0.999956 174.591
0.999957 -0.000647891 0.00921285 -0.419608 0.000650353 1 -0.000264195 -3.34822 -0.00921267 0.000270175 0.999958 175.953
0.999964 -0.00183006 0.00825225 -0.410101 0.00182432 0.999998 0.000703453 -3.37958 -0.00825352 -0.000688373 0.999966 177.371
0.999963 -0.0050404 0.0069451 -0.414711 0.00503523 0.999987 0.000761537 -3.39536 -0.00694885 -0.000726539 0.999976 178.743
0.999972 -0.00566428 0.00482875 -0.409126 0.00567917 0.999979 -0.00307462 -3.43145 -0.00481123 0.00310196 0.999984 180.075
0.999991 -0.002802 0.00322215 -0.419763 0.00282624 0.999968 -0.00754355 -3.46472 -0.0032009 0.00755259 0.999966 181.485
0.999996 0.000857772 0.0025808 -0.436685 -0.000835518 0.999963 -0.00861154 -3.49484 -0.00258809 0.00860935 0.99996 182.875
0.999986 0.00479614 0.0024333 -0.44515 -0.00477799 0.999961 -0.00741121 -3.53097 -0.00246875 0.00739948 0.99997 184.247
0.999973 0.00682098 0.0025561 -0.447423 -0.00681081 0.999969 -0.0039672 -3.57206 -0.00258308 0.00394969 0.999989 185.684
0.999973 0.00675881 0.00302421 -0.457372 -0.00675344 0.999976 -0.00178261 -3.60075 -0.00303618 0.00176214 0.999994 187.046
0.999973 0.0067615 0.00302505 -0.46192 -0.00675855 0.999977 -0.000984691 -3.63077 -0.00303164 0.000964219 0.999995 188.473
0.999981 0.0053308 0.00297245 -0.464005 -0.00532981 0.999986 -0.000340772 -3.6629 -0.00297422 0.000324923 0.999996 189.892
0.999993 0.00229351 0.00303173 -0.460985 -0.00229391 0.999997 0.00012931 -3.6897 -0.00303142 -0.000136264 0.999995 191.313
0.999995 0.000124351 0.00315875 -0.457746 -0.000125235 1 0.000279647 -3.72068 -0.00315871 -0.000280041 0.999995 192.716
0.999987 -0.00350462 0.00364222 -0.465928 0.0034999 0.999993 0.00129978 -3.74365 -0.00364675 -0.00128701 0.999993 194.113
0.999957 -0.00848605 0.00377913 -0.469502 0.00847586 0.99996 0.00270511 -3.76563 -0.00380194 -0.00267297 0.999989 195.548
0.999911 -0.0125726 0.00445083 -0.462816 0.0125595 0.999917 0.00296595 -3.79068 -0.00448775 -0.00290978 0.999986 196.964
0.999938 -0.0102458 0.00441185 -0.470241 0.0102524 0.999946 -0.00149308 -3.8138 -0.00439631 0.00153822 0.999989 198.419
0.999985 -0.00162959 0.00519628 -0.477426 0.00166561 0.999975 -0.00693534 -3.84939 -0.00518485 0.00694389 0.999962 199.856
0.999952 0.00751648 0.00622987 -0.484913 -0.00747226 0.999947 -0.00709195 -3.88374 -0.00628284 0.00704506 0.999955 201.269
0.999869 0.0142543 0.00764435 -0.510227 -0.0142288 0.999893 -0.00337825 -3.91692 -0.00769168 0.00326904 0.999965 202.729
0.999839 0.0158871 0.00838754 -0.504796 -0.0158797 0.999873 -0.000947214 -3.95323 -0.00840153 0.00081387 0.999964 204.19
0.999855 0.0149815 0.00804883 -0.50459 -0.0149765 0.999888 -0.000672519 -3.98067 -0.00805801 0.000551878 0.999967 205.642
0.999907 0.0118486 0.00672348 -0.495384 -0.0118437 0.99993 -0.000769562 -4.01163 -0.00673213 0.000689859 0.999977 207.095
0.999939 0.00948998 0.00559865 -0.490103 -0.00948347 0.999954 -0.0011881 -4.04362 -0.00560967 0.00113494 0.999984 208.52
0.999936 0.0100932 0.0050931 -0.491631 -0.0100833 0.999947 -0.00197381 -4.06907 -0.00511275 0.00192233 0.999985 209.949
0.999926 0.0111179 0.00497783 -0.494892 -0.0111093 0.999937 -0.00176835 -4.10204 -0.00499717 0.00171292 0.999986 211.427
0.999908 0.0126918 0.00483791 -0.4962 -0.0126881 0.999919 -0.000801153 -4.13498 -0.00484768 0.000739695 0.999988 212.906
0.999914 0.0123234 0.00450161 -0.497871 -0.0123192 0.999924 -0.000957208 -4.1706 -0.00451306 0.000901669 0.999989 214.368
0.999922 0.0118107 0.0040414 -0.500642 -0.0118016 0.999928 -0.00226756 -4.19654 -0.00406789 0.00221968 0.999989 215.836
0.999931 0.0110212 0.00415511 -0.515504 -0.0110108 0.999936 -0.00251778 -4.22878 -0.00418259 0.00247185 0.999988 217.301
0.999931 0.0112576 0.00346615 -0.508287 -0.0112489 0.999934 -0.00253249 -4.26059 -0.00349443 0.00249333 0.999991 218.79
0.999928 0.0116549 0.0029969 -0.512399 -0.0116465 0.999928 -0.0028022 -4.29149 -0.00302935 0.00276709 0.999992 220.241
0.999926 0.0118354 0.00297522 -0.521566 -0.0118262 0.999925 -0.0031084 -4.32607 -0.00301179 0.00307298 0.999991 221.717
0.999912 0.0130307 0.00258022 -0.530063 -0.0130219 0.999909 -0.00342632 -4.35976 -0.00262464 0.00339241 0.999991 223.188
0.999912 0.0131148 0.00199685 -0.532452 -0.0131079 0.999908 -0.0034523 -4.39344 -0.00204194 0.00342583 0.999992 224.709
0.999918 0.0126896 0.00166388 -0.540271 -0.0126837 0.999913 -0.00349483 -4.42398 -0.00170808 0.00347344 0.999993 226.159
0.999924 0.012178 0.00169488 -0.546972 -0.012172 0.99992 -0.00349226 -4.46207 -0.00173727 0.00347137 0.999992 227.651
0.999928 0.011844 0.00170662 -0.556109 -0.0118374 0.999923 -0.00380754 -4.49755 -0.00175158 0.00378707 0.999991 229.177
0.999943 0.0104731 0.00185964 -0.559034 -0.0104665 0.999939 -0.0035346 -4.53113 -0.00189655 0.00351494 0.999992 230.668
0.999962 0.00852209 0.00184778 -0.567062 -0.0085171 0.99996 -0.00269606 -4.56445 -0.00187068 0.00268022 0.999995 232.15
0.999965 0.00814867 0.00199093 -0.572138 -0.00814387 0.999964 -0.0024071 -4.59784 -0.00201047 0.00239081 0.999995 233.666
0.999962 0.00851557 0.00179614 -0.58149 -0.00851052 0.99996 -0.00280263 -4.63147 -0.00181993 0.00278723 0.999994 235.154
0.999948 0.00992983 0.00240136 -0.587248 -0.00992148 0.999945 -0.00346373 -4.66959 -0.00243562 0.00343972 0.999991 236.692
0.999942 0.0105081 0.00221166 -0.596711 -0.010502 0.999941 -0.00273062 -4.70169 -0.00224022 0.00270724 0.999994 238.185
0.999938 0.0106849 0.00327284 -0.604758 -0.0106831 0.999943 -0.00056407 -4.7342 -0.00327868 0.000529071 0.999994 239.709
0.999946 0.00968167 0.00367426 -0.605969 -0.00968101 0.999953 -0.000197051 -4.76193 -0.00367599 0.00016147 0.999993 241.237
0.999934 0.0107374 0.00419298 -0.609561 -0.0107299 0.999941 -0.00181703 -4.79355 -0.00421224 0.00177192 0.99999 242.714
0.999917 0.0118839 0.0049612 -0.610967 -0.011868 0.999924 -0.00321425 -4.83591 -0.00499902 0.00315511 0.999983 244.263
0.999917 0.011982 0.00477829 -0.616769 -0.0119686 0.999924 -0.00281577 -4.86049 -0.00481167 0.00275834 0.999985 245.757
0.999918 0.0117601 0.00508902 -0.612548 -0.0117518 0.99993 -0.00166986 -4.89608 -0.0051083 0.00160992 0.999986 247.281
0.999922 0.0114855 0.00486239 -0.616786 -0.0114806 0.999934 -0.001021 -4.93316 -0.00487379 0.000965097 0.999988 248.797
0.999909 0.0127062 0.00455572 -0.624234 -0.0127019 0.999919 -0.000958947 -4.96757 -0.00456753 0.000900993 0.999989 250.343
0.999897 0.0136711 0.00443939 -0.627873 -0.0136673 0.999906 -0.000880827 -4.99529 -0.00445102 0.000820061 0.99999 251.869
0.99987 0.0152876 0.00513412 -0.621023 -0.0152839 0.999883 -0.00074305 -5.03342 -0.00514487 0.000664484 0.999987 253.414
0.999867 0.0154916 0.00514206 -0.627275 -0.0154883 0.99988 -0.000680416 -5.05625 -0.00515198 0.000600684 0.999987 254.938
0.999884 0.014373 0.0049455 -0.631459 -0.0143705 0.999897 -0.000546602 -5.09695 -0.00495285 0.00047547 0.999988 256.483
0.999919 0.0117978 0.00485743 -0.633546 -0.0117996 0.99993 0.000341131 -5.11777 -0.00485307 -0.000398419 0.999988 258.031
0.999945 0.00920875 0.00500729 -0.632603 -0.00921541 0.999957 0.00130862 -5.15731 -0.00499503 -0.0013547 0.999987 259.579
0.999959 0.00775465 0.00470248 -0.624163 -0.00775663 0.99997 0.000402992 -5.18309 -0.00469922 -0.000439451 0.999989 261.122
0.999962 0.00745508 0.00451249 -0.629789 -0.00745129 0.999972 -0.000856203 -5.21687 -0.00451875 0.000822546 0.999989 262.642
0.99997 0.00584252 0.00515508 -0.622386 -0.00584882 0.999982 0.00120792 -5.25525 -0.00514793 -0.00123803 0.999986 264.169
0.999983 0.002291 0.00538057 -0.625545 -0.00230817 0.999992 0.00318763 -5.27212 -0.00537322 -0.0032 0.99998 265.72
0.999983 0.00181346 0.00548891 -0.623451 -0.00182617 0.999996 0.0023113 -5.30343 -0.0054847 -0.00232129 0.999982 267.291
0.999982 0.00106354 0.00588517 -0.622684 -0.00107073 0.999999 0.00121831 -5.33184 -0.00588386 -0.00122459 0.999982 268.824
0.999977 0.00175748 0.0065752 -0.620862 -0.00176381 0.999998 0.000957035 -5.35913 -0.00657351 -0.00096861 0.999978 270.371
0.999963 0.00400339 0.00760509 -0.630515 -0.00401272 0.999991 0.00121142 -5.38946 -0.00760017 -0.00124189 0.99997 271.876
0.999946 0.00548394 0.00888213 -0.617905 -0.00548938 0.999985 0.00058828 -5.42335 -0.00887876 -0.000637005 0.99996 273.436
0.999935 0.00669687 0.00924789 -0.62359 -0.00670154 0.999977 0.000474831 -5.45277 -0.0092445 -0.000536775 0.999957 274.994
0.99992 0.00711433 0.0105017 -0.612241 -0.00711826 0.999975 0.000336131 -5.48265 -0.010499 -0.000410857 0.999945 276.543
0.999909 0.00764432 0.0111498 -0.615908 -0.00763971 0.999971 -0.000455968 -5.51697 -0.011153 0.000370745 0.999938 278.117
0.999901 0.00715026 0.0121394 -0.603039 -0.00713866 0.999974 -0.000998357 -5.55069 -0.0121463 0.000911598 0.999926 279.637
0.999893 0.00664912 0.0130371 -0.58948 -0.00663971 0.999978 -0.000765173 -5.5808 -0.0130419 0.000678529 0.999915 281.17
0.999892 0.00498175 0.0138423 -0.579408 -0.00498646 0.999988 0.000305242 -5.61397 -0.0138406 -0.000374233 0.999904 282.763
0.999896 0.00380528 0.0138812 -0.569207 -0.00381778 0.999992 0.000874406 -5.64316 -0.0138777 -0.000927311 0.999903 284.232
0.999895 0.00284704 0.0142403 -0.559136 -0.00282551 0.999995 -0.0015315 -5.6832 -0.0142446 0.00149111 0.999897 285.82
0.999902 0.00259321 0.01373 -0.545736 -0.00253946 0.999989 -0.00393053 -5.70599 -0.01374 0.00389528 0.999898 287.38
0.999916 0.00249377 0.0127207 -0.527155 -0.00244496 0.99999 -0.0038513 -5.74383 -0.0127301 0.00381988 0.999912 288.941
0.999922 0.00119434 0.0124511 -0.514576 -0.00114873 0.999993 -0.00366938 -5.7854 -0.0124554 0.00365479 0.999916 290.524
0.999937 0.001332 0.0111864 -0.507289 -0.00128296 0.99999 -0.0043902 -5.8192 -0.0111921 0.00437557 0.999928 292.079
0.999944 0.00157163 0.0104993 -0.504476 -0.00152261 0.999988 -0.00467582 -5.85572 -0.0105065 0.00465957 0.999934 293.627
0.999944 0.00138247 0.0104448 -0.48437 -0.0013374 0.99999 -0.00432152 -5.8877 -0.0104507 0.00430731 0.999936 295.182
0.999951 0.00144803 0.00974427 -0.47778 -0.00140685 0.99999 -0.00423144 -5.93118 -0.0097503 0.00421753 0.999944 296.733
0.999964 0.00096467 0.00847413 -0.473006 -0.000939286 0.999995 -0.00299893 -5.96164 -0.00847698 0.00299086 0.99996 298.338
0.999964 0.00260664 0.00808265 -0.474106 -0.00259459 0.999996 -0.00150061 -6.00103 -0.00808653 0.00147958 0.999966 299.88
0.999957 0.00259542 0.0088876 -0.458863 -0.00258123 0.999995 -0.00160803 -6.03564 -0.00889173 0.00158503 0.999959 301.515
0.999948 0.0033462 0.0096839 -0.455244 -0.00332722 0.999993 -0.00197517 -6.06455 -0.00969044 0.00194285 0.999951 303.067
0.999945 0.00261537 0.0101581 -0.454549 -0.0025944 0.999994 -0.00207731 -6.09698 -0.0101635 0.00205084 0.999946 304.663
0.999945 0.000209572 0.0104763 -0.441211 -0.000175406 0.999995 -0.00326199 -6.12565 -0.010477 0.00325997 0.99994 306.294
0.99994 -0.000964306 0.0109411 -0.434254 0.0010193 0.999987 -0.00502168 -6.16596 -0.0109361 0.00503253 0.999928 307.831
0.999937 -0.00163137 0.0111215 -0.43713 0.00169947 0.99998 -0.00611708 -6.20055 -0.0111113 0.0061356 0.999919 309.452
0.999956 -0.000754135 0.00938459 -0.42087 0.000819604 0.999975 -0.0069743 -6.24542 -0.0093791 0.00698168 0.999932 311.046
0.999977 0.000433145 0.0068039 -0.406577 -0.000389737 0.99998 -0.0063798 -6.28311 -0.00680652 0.006377 0.999957 312.657
0.999976 0.00120205 0.00678786 -0.394448 -0.00118024 0.999994 -0.00321632 -6.32224 -0.00679169 0.00320823 0.999972 314.257
0.999977 8.7008e-05 0.00677552 -0.409588 -8.52711e-05 1 -0.000256647 -6.35339 -0.00677555 0.000256063 0.999977 315.892
0.999966 -0.00088482 0.00815303 -0.380693 0.000879908 0.999999 0.000606042 -6.38925 -0.00815356 -0.000598848 0.999967 317.542
0.999968 -0.00179938 0.00784738 -0.396689 0.00180473 0.999998 -0.000675471 -6.42612 -0.00784615 0.000689611 0.999969 319.167
0.99996 -0.00259316 0.00860795 -0.380326 0.00260119 0.999996 -0.000921897 -6.45269 -0.00860552 0.00094425 0.999963 320.763
0.99996 -0.00265822 0.00855328 -0.385636 0.00266298 0.999996 -0.00054524 -6.48664 -0.0085518 0.000567996 0.999963 322.382
0.999959 -0.00268248 0.00865714 -0.383552 0.00268576 0.999996 -0.000367213 -6.52566 -0.00865612 0.000390448 0.999962 324.011
0.999953 -0.00128621 0.00958279 -0.359185 0.00129714 0.999999 -0.00113477 -6.5591 -0.00958132 0.00114715 0.999953 325.652
0.999945 -0.00063828 0.0104222 -0.361042 0.000660101 0.999998 -0.00209045 -6.59427 -0.0104208 0.00209721 0.999944 327.264
0.999935 -0.00152534 0.0113232 -0.349304 0.00152877 0.999999 -0.000294745 -6.63512 -0.0113228 0.000312036 0.999936 328.941
0.999932 -0.00287574 0.0113147 -0.332769 0.00286711 0.999996 0.000778329 -6.67143 -0.0113169 -0.000745836 0.999936 330.534
0.999927 -0.00345056 0.0115541 -0.335236 0.0034557 0.999994 -0.000424743 -6.7077 -0.0115526 0.00046464 0.999933 332.147
0.999925 -0.00261565 0.0120033 -0.311677 0.00261945 0.999997 -0.000301429 -6.75078 -0.0120025 0.000332848 0.999928 333.768
0.99994 -0.000941434 0.0109326 -0.32814 0.000967478 0.999997 -0.00237726 -6.76407 -0.0109304 0.00238769 0.999937 335.384
0.999943 0.000895229 0.0106551 -0.305573 -0.000835393 0.999984 -0.00561878 -6.81103 -0.01066 0.00560956 0.999927 336.998
0.999947 0.00241786 0.00996111 -0.299737 -0.00237263 0.999987 -0.00454982 -6.85656 -0.00997198 0.00452595 0.99994 338.589
0.999958 0.00274896 0.00870316 -0.301057 -0.00273475 0.999995 -0.00164494 -6.89422 -0.00870764 0.00162107 0.999961 340.213
0.99996 0.00410126 0.00794069 -0.288875 -0.00411322 0.99999 0.00149051 -6.9325 -0.0079345 -0.00152311 0.999967 341.838
0.999967 0.00448625 0.00678947 -0.282064 -0.00448992 0.99999 0.000525685 -6.95948 -0.00678704 -0.000556152 0.999977 343.428
0.99998 0.00426469 0.00476812 -0.282616 -0.00425784 0.99999 -0.00144651 -6.99645 -0.00477424 0.00142618 0.999988 345.045
0.999991 0.00293252 0.00300856 -0.302123 -0.00293277 0.999996 7.90204e-05 -7.02685 -0.00300831 -8.78431e-05 0.999995 346.637
0.999997 0.00108361 0.0020572 -0.287756 -0.00108529 0.999999 0.00081772 -7.07412 -0.00205631 -0.000819951 0.999998 348.265
0.999998 0.000920844 0.00159072 -0.300249 -0.000920592 1 -0.000159135 -7.1052 -0.00159087 0.00015767 0.999999 349.85
0.999999 0.000866652 0.00122057 -0.310745 -0.000865491 0.999999 -0.000951194 -7.13946 -0.0012214 0.000950137 0.999999 351.431
0.999999 0.000449648 0.00122656 -0.325153 -0.000448372 0.999999 -0.00104009 -7.1694 -0.00122703 0.00103954 0.999999 353.048
0.999999 -0.000163776 0.00127612 -0.330674 0.000165295 0.999999 -0.00119076 -7.20997 -0.00127592 0.00119097 0.999998 354.639
0.999999 -0.00103266 0.00115108 -0.337592 0.00103459 0.999998 -0.00168504 -7.24749 -0.00114934 0.00168623 0.999998 356.225
0.999999 -0.00107091 0.00106485 -0.352425 0.00107336 0.999997 -0.00230621 -7.28839 -0.00106238 0.00230735 0.999997 357.833
0.999998 -0.00151772 0.0011592 -0.355985 0.00152034 0.999996 -0.00226398 -7.32507 -0.00115576 0.00226574 0.999997 359.415
0.999998 -0.00127428 0.00137863 -0.370353 0.00127863 0.999994 -0.00315879 -7.35451 -0.0013746 0.00316055 0.999994 360.994
0.999996 -0.00243896 0.00152452 -0.372366 0.00244498 0.999989 -0.00395891 -7.39995 -0.00151485 0.00396262 0.999991 362.599
0.999991 -0.00414199 0.00134068 -0.371965 0.00414588 0.999987 -0.00290871 -7.42832 -0.00132861 0.00291424 0.999995 364.185
0.999978 -0.00644995 0.00164912 -0.38813 0.00645254 0.999978 -0.00157209 -7.47651 -0.00163894 0.0015827 0.999997 365.798
0.999978 -0.00653457 0.00137923 -0.383667 0.00653801 0.999975 -0.00251097 -7.51158 -0.00136279 0.00251994 0.999996 367.362
0.999986 -0.00499476 0.00195819 -0.399479 0.00500115 0.999982 -0.00326996 -7.54927 -0.00194182 0.0032797 0.999993 368.989
0.999991 -0.00349761 0.00226042 -0.404093 0.00350323 0.999991 -0.00248762 -7.57941 -0.0022517 0.00249552 0.999994 370.562
0.999993 -0.00247975 0.00293284 -0.415715 0.00248437 0.999996 -0.00157155 -7.61085 -0.00292893 0.00157882 0.999994 372.17
0.999992 -0.00222908 0.00346835 -0.419371 0.00223503 0.999996 -0.00171315 -7.64594 -0.00346452 0.00172089 0.999993 373.761
0.999992 -0.00198696 0.00336252 -0.424423 0.00199519 0.999995 -0.00244379 -7.68916 -0.00335764 0.00245048 0.999991 375.376
0.99999 -0.00173041 0.00407784 -0.433865 0.00174217 0.999994 -0.00288316 -7.72135 -0.00407283 0.00289023 0.999988 376.952
0.999992 -0.00146295 0.00374805 -0.422887 0.00147391 0.999995 -0.00292157 -7.76222 -0.00374376 0.00292707 0.999989 378.571
0.99999 -0.000155535 0.00438082 -0.445901 0.00016781 0.999996 -0.00280186 -7.80036 -0.00438036 0.00280257 0.999986 380.205
0.999988 0.000885094 0.00476689 -0.441896 -0.000873948 0.999997 -0.00233982 -7.83276 -0.00476894 0.00233563 0.999986 381.813
0.999983 0.00153463 0.00558458 -0.446545 -0.00151848 0.999995 -0.00289402 -7.87251 -0.00558899 0.00288549 0.99998 383.432
0.999978 0.00301037 0.00583574 -0.446515 -0.00299086 0.99999 -0.00334952 -7.91481 -0.00584576 0.00333199 0.999977 385.065
0.999974 0.00410204 0.00593369 -0.443056 -0.00408249 0.999986 -0.00330349 -7.94979 -0.00594716 0.00327918 0.999977 386.668
0.99997 0.00473638 0.00609963 -0.455238 -0.00472135 0.999986 -0.00247602 -7.98259 -0.00611127 0.00244715 0.999978 388.301
0.999963 0.00573031 0.00642083 -0.459763 -0.00571757 0.999982 -0.00200071 -8.01606 -0.00643217 0.00196392 0.999977 389.887
0.999953 0.00690897 0.00682463 -0.452626 -0.00689235 0.999973 -0.0024548 -8.05511 -0.00684141 0.00240765 0.999974 391.51
0.999946 0.00740905 0.00725366 -0.458342 -0.00739294 0.99997 -0.00224533 -8.09412 -0.00727008 0.00219158 0.999971 393.14
