1 0 0 0 0 1 0 0 0 0 1 0
0.999997 -0.00154202 -0.0016578 -0.00782406 0.00154168 0.999999 -0.000201604 -0.0182541 0.00165811 0.000199048 0.999999 0.565237
0.999994 -0.00173008 -0.00292536 -0.0109279 0.0017249 0.999997 -0.00177417 -0.0320926 0.00292842 0.00176911 0.999994 1.13928
0.999987 -0.00197352 -0.00470404 -0.0136705 0.001957 0.999992 -0.00351424 -0.0406484 0.00471093 0.00350499 0.999983 1.68084
0.999971 -0.00353214 -0.00678392 -0.019289 0.00349792 0.999981 -0.00504991 -0.0570063 0.00680163 0.00502603 0.999964 2.24055
0.999947 -0.00632261 -0.00813889 -0.0296291 0.00626498 0.999955 -0.00708575 -0.0711482 0.00818333 0.00703438 0.999942 2.79541
0.999922 -0.00760898 -0.00993447 -0.0374142 0.00753128 0.999941 -0.00783476 -0.0837154 0.0099935 0.00775933 0.99992 3.36563
0.999908 -0.00791576 -0.0110577 -0.0470357 0.00783773 0.999944 -0.00708277 -0.0997553 0.0111131 0.00699545 0.999914 3.94281
0.999889 -0.00827089 -0.012424 -0.0543487 0.00817837 0.999939 -0.00747904 -0.113037 0.0124851 0.00737659 0.999895 4.51835
0.99988 -0.00779534 -0.0134179 -0.070665 0.00765512 0.999916 -0.0104697 -0.129065 0.0134984 0.0103657 0.999855 5.1143
0.99987 -0.00624226 -0.0148444 -0.0802198 0.00603607 0.999885 -0.0138949 -0.149485 0.0149294 0.0138035 0.999793 5.71286
0.999857 -0.00506126 -0.0161355 -0.09902 0.00477102 0.999827 -0.0179756 -0.154442 0.0162236 0.0178961 0.999708 6.33262
0.999843 -0.00358999 -0.0173559 -0.116976 0.0032829 0.999838 -0.0176897 -0.176727 0.0174166 0.01763 0.999693 6.95067
0.999817 -0.00128412 -0.0190821 -0.127532 0.00106562 0.999934 -0.0114565 -0.180374 0.0190955 0.011434 0.999752 7.60362
0.99981 -7.91242e-05 -0.0194671 -0.151062 6.4951e-05 1 -0.000728688 -0.20552 0.0194671 0.000727285 0.99981 8.25702
0.999788 0.000739981 -0.0205613 -0.16955 -0.00061673 0.999982 0.00600005 -0.222045 0.0205654 -0.0059861 0.999771 8.93209
0.999767 0.00300476 -0.0213587 -0.201724 -0.00288252 0.999979 0.00575168 -0.246915 0.0213755 -0.00568878 0.999755 9.60918
0.999738 0.00516962 -0.0223015 -0.218518 -0.00521149 0.999985 -0.00181955 -0.238848 0.0222918 0.0019353 0.99975 10.2978
0.999717 0.00520528 -0.0232197 -0.252044 -0.00539234 0.999953 -0.0080005 -0.243397 0.0231769 0.00812344 0.999698 11.0277
0.999714 0.00345055 -0.0236447 -0.280477 -0.00361469 0.99997 -0.00690287 -0.255034 0.0236201 0.00698637 0.999697 11.7514
0.999697 0.00221833 -0.0245266 -0.296858 -0.00215895 0.999995 0.00244738 -0.274197 0.0245319 -0.00239368 0.999696 12.5224
0.999688 0.00144794 -0.024936 -0.316583 -0.00119398 0.999947 0.0101964 -0.278171 0.0249494 -0.0101634 0.999637 13.2758
0.999665 0.000760315 -0.0258574 -0.346115 -0.000430725 0.999919 0.0127496 -0.284841 0.0258649 -0.0127342 0.999584 14.0668
0.999675 -0.00138774 -0.0254531 -0.370375 0.00169596 0.999925 0.0120914 -0.295628 0.0254344 -0.0121307 0.999603 14.8787
0.999678 -0.00164286 -0.0253227 -0.379918 0.00189053 0.999951 0.00975961 -0.29568 0.0253054 -0.00980434 0.999632 15.682
0.999693 0.000725076 -0.0247468 -0.42834 -0.00058117 0.999983 0.00582184 -0.286653 0.0247505 -0.00580567 0.999677 16.5296
0.999715 -0.00248451 -0.0237298 -0.446183 0.0024952 0.999997 0.000420643 -0.293396 0.0237287 -0.000479734 0.999718 17.3743
0.999713 -0.00488255 -0.0234637 -0.467601 0.00475214 0.999973 -0.00561057 -0.312315 0.0234904 0.00549745 0.999709 18.2459
0.999752 -0.00403183 -0.0219033 -0.494481 0.00379102 0.999932 -0.0110246 -0.331999 0.0219463 0.0109388 0.999699 19.1189
0.999763 -0.00207714 -0.0216938 -0.529215 0.00181509 0.999925 -0.012092 -0.339658 0.0217173 0.0120498 0.999692 20.0268
0.999749 -0.00248866 -0.0222455 -0.552254 0.00222949 0.999929 -0.0116675 -0.366893 0.022273 0.011615 0.999684 20.968
0.99975 -0.0017069 -0.0222747 -0.580665 0.0014257 0.999919 -0.0126342 -0.391866 0.0222945 0.0125993 0.999672 21.9021
0.999744 0.00180109 -0.0225505 -0.613898 -0.00213803 0.999886 -0.0149263 -0.4189 0.0225211 0.0149707 0.999634 22.8549
0.999734 0.00522537 -0.0224553 -0.648217 -0.00558079 0.99986 -0.0157946 -0.442895 0.0223696 0.0159157 0.999623 23.8084
0.999722 0.00729438 -0.0224362 -0.667381 -0.00764405 0.99985 -0.0155392 -0.474916 0.0223195 0.0157064 0.999628 24.7715
0.999729 0.00752089 -0.0220426 -0.712193 -0.00787081 0.999844 -0.0158312 -0.50282 0.0219201 0.0160004 0.999632 25.7502
0.999708 0.00800957 -0.0228162 -0.722795 -0.00836775 0.999843 -0.0156464 -0.537261 0.0226873 0.0158327 0.999617 26.7494
0.999686 0.00888345 -0.023439 -0.764215 -0.00922844 0.99985 -0.0146519 -0.574159 0.0233053 0.0148636 0.999618 27.729
0.999682 0.00954771 -0.02333 -0.793348 -0.00984258 0.999873 -0.0125573 -0.602996 0.0232071 0.0127829 0.999649 28.7358
0.999668 0.00966993 -0.023875 -0.821718 -0.00994785 0.999884 -0.0115494 -0.625204 0.0237605 0.0117831 0.999648 29.7494
0.999672 0.00944452 -0.0238068 -0.856203 -0.00974002 0.999877 -0.0123272 -0.661873 0.0236874 0.012555 0.999641 30.7709
0.999638 0.0113718 -0.0243961 -0.881493 -0.0116934 0.999846 -0.0130773 -0.690508 0.0242436 0.0133579 0.999617 31.7948
0.999636 0.0111735 -0.024545 -0.917723 -0.0114837 0.999856 -0.0125334 -0.720592 0.0244014 0.0128108 0.99962 32.8251
0.999637 0.010206 -0.0249452 -0.952307 -0.0104512 0.999898 -0.00971858 -0.755146 0.0248435 0.00997576 0.999642 33.8532
0.999614 0.0110438 -0.0254797 -0.987852 -0.0111992 0.999919 -0.00596608 -0.781367 0.0254118 0.00624914 0.999658 34.893
0.999611 0.0101818 -0.0259595 -1.01984 -0.0102822 0.99994 -0.00373616 -0.809206 0.0259199 0.00400163 0.999656 35.9627
0.999594 0.0103411 -0.0265631 -1.0534 -0.0104301 0.99994 -0.00321475 -0.832415 0.0265283 0.0034905 0.999642 37.0285
0.999583 0.0101182 -0.0270357 -1.09054 -0.0102487 0.999936 -0.00469209 -0.855317 0.0269865 0.00496721 0.999623 38.1164
0.999542 0.0109432 -0.0282136 -1.11914 -0.0110953 0.999925 -0.00524021 -0.879115 0.0281542 0.00555085 0.999588 39.168
0.999534 0.0103679 -0.0287085 -1.16663 -0.0104932 0.999936 -0.00421771 -0.902775 0.028663 0.00451699 0.999579 40.2418
0.99953 0.0098821 -0.029009 -1.19177 -0.00994729 0.999948 -0.0021039 -0.932174 0.0289868 0.00239147 0.999577 41.3486
0.999494 0.00983495 -0.0302387 -1.24268 -0.00982676 0.999952 0.000419356 -0.955387 0.0302413 -0.000121995 0.999543 42.4184
0.999502 0.00996575 -0.0299519 -1.28891 -0.00995049 0.99995 0.000658467 -0.981977 0.029957 -0.000360102 0.999551 43.4989
0.999446 0.0125892 -0.0308092 -1.32003 -0.0126879 0.999915 -0.00300949 -1.00868 0.0307687 0.00339872 0.999521 44.5824
0.999412 0.0148614 -0.0309121 -1.36432 -0.0150917 0.99986 -0.00723034 -1.0364 0.0308004 0.0076926 0.999496 45.6558
0.999404 0.0156234 -0.0307676 -1.41027 -0.0158574 0.999847 -0.00737509 -1.06505 0.0306476 0.00785859 0.999499 46.709
0.999422 0.0143504 -0.0308198 -1.44235 -0.0145129 0.999882 -0.00505579 -1.089 0.0307436 0.00550015 0.999512 47.7901
0.999424 0.0146366 -0.0306121 -1.48204 -0.0147409 0.999886 -0.00318523 -1.11006 0.0305619 0.00363464 0.999526 48.9089
0.999421 0.0139433 -0.0310459 -1.52329 -0.0140152 0.9999 -0.00210046 -1.14254 0.0310135 0.00253436 0.999516 49.9637
0.999435 0.0145676 -0.0302787 -1.55273 -0.014653 0.999889 -0.00260063 -1.16655 0.0302375 0.00304283 0.999538 51.0591
0.999475 0.0134147 -0.0294914 -1.59515 -0.0135423 0.9999 -0.0041345 -1.1975 0.029433 0.00453172 0.999556 52.1148
0.999473 0.0136291 -0.0294529 -1.63843 -0.0138282 0.999883 -0.00656824 -1.2165 0.0293599 0.00697207 0.999545 53.1975
0.999499 0.0121591 -0.0292364 -1.67412 -0.0124267 0.999882 -0.00899052 -1.24875 0.0291237 0.00934932 0.999532 54.3021
0.999525 0.0109858 -0.0287896 -1.71526 -0.0113441 0.99986 -0.0123107 -1.28324 0.0286503 0.0126314 0.99951 55.3657
0.999534 0.0106681 -0.0286152 -1.74254 -0.0110677 0.999843 -0.0138408 -1.32381 0.028463 0.014151 0.999495 56.4292
0.999542 0.0095769 -0.0287241 -1.78369 -0.00991654 0.999882 -0.0117051 -1.3634 0.0286086 0.0119846 0.999519 57.5057
0.999583 0.00786052 -0.0277797 -1.81777 -0.00803499 0.999949 -0.00617448 -1.39225 0.0277298 0.00639512 0.999595 58.5854
0.999589 0.00617941 -0.0279954 -1.85498 -0.00618949 0.999981 -0.000273387 -1.41647 0.0279931 0.000446552 0.999608 59.6753
0.999609 0.00326997 -0.0277712 -1.8866 -0.00324978 0.999994 0.000772213 -1.43965 0.0277736 -0.000681661 0.999614 60.7677
0.999625 0.00134575 -0.0273492 -1.91047 -0.00140412 0.999997 -0.002115 -1.46232 0.0273463 0.00215261 0.999624 61.8338
0.999623 -0.000535996 -0.0274477 -1.95308 0.000378721 0.999983 -0.00573485 -1.48524 0.0274503 0.0057223 0.999607 62.926
0.999605 0.00175964 -0.0280561 -1.9894 -0.00202167 0.999955 -0.00931379 -1.51051 0.0280385 0.00936683 0.999563 64.0043
0.999624 0.00227944 -0.0273344 -2.02563 -0.00264638 0.999907 -0.0133953 -1.55087 0.0273013 0.0134626 0.999537 65.0945
0.999628 0.00449129 -0.0269012 -2.06445 -0.00488073 0.999884 -0.0144289 -1.58469 0.0268333 0.0145548 0.999534 66.1953
0.99965 0.00828783 -0.0251289 -2.11965 -0.00856583 0.999903 -0.0109759 -1.61027 0.0250355 0.0111873 0.999624 67.2826
0.999622 0.0100758 -0.0255623 -2.14954 -0.0102998 0.99991 -0.0086463 -1.65052 0.0254728 0.00890632 0.999636 68.3752
0.999619 0.01002 -0.0257017 -2.17682 -0.0102258 0.999917 -0.00788949 -1.68067 0.0256205 0.00814931 0.999639 69.456
0.99964 0.00826451 -0.0255119 -2.21602 -0.0084486 0.999939 -0.00711638 -1.71314 0.0254516 0.00732936 0.999649 70.5577
0.999651 0.00729889 -0.0253971 -2.2534 -0.00744759 0.999956 -0.00576542 -1.74154 0.0253539 0.00595255 0.999661 71.6446
0.999648 0.00559074 -0.0259351 -2.27973 -0.00568854 0.999977 -0.00369846 -1.77367 0.0259138 0.00384469 0.999657 72.7398
0.999637 0.00427501 -0.0266102 -2.31438 -0.00433011 0.999989 -0.00201331 -1.79953 0.0266013 0.00212781 0.999644 73.8054
0.999633 0.00361728 -0.0268481 -2.35393 -0.00370198 0.999988 -0.0031058 -1.82637 0.0268365 0.00320405 0.999635 74.8768
0.99959 0.00417294 -0.0283156 -2.37208 -0.00436939 0.999967 -0.00687978 -1.85772 0.0282859 0.00700068 0.999575 75.9576
0.999589 0.00481231 -0.0282583 -2.42302 -0.00506351 0.999948 -0.00882462 -1.89131 0.0282144 0.00896408 0.999562 77.0385
0.999555 0.00780704 -0.028806 -2.46674 -0.00801931 0.999941 -0.00726059 -1.92541 0.0287477 0.00748836 0.999559 78.1314
0.99955 0.00753127 -0.0290214 -2.50539 -0.00762907 0.999966 -0.00326054 -1.95155 0.0289959 0.00348048 0.999573 79.2022
0.99952 0.00844617 -0.0298198 -2.53957 -0.00842854 0.999964 0.000716908 -1.97087 0.0298248 -0.000465226 0.999555 80.2606
0.999484 0.00995478 -0.0305493 -2.57922 -0.00990674 0.999949 0.00172323 -2.00101 0.0305649 -0.0014197 0.999532 81.3302
0.999486 0.0103653 -0.0303363 -2.62137 -0.010379 0.999946 -0.000294885 -2.02386 0.0303316 0.000609594 0.99954 82.3731
0.999456 0.00969619 -0.0315232 -2.66637 -0.0097417 0.999952 -0.0012905 -2.05053 0.0315092 0.00159689 0.999502 83.4443
0.999447 0.00957735 -0.0318472 -2.70278 -0.00962269 0.999953 -0.00127052 -2.07425 0.0318336 0.00157627 0.999492 84.4861
0.999429 0.00796875 -0.032828 -2.74568 -0.00800579 0.999967 -0.000996954 -2.1046 0.032819 0.0012592 0.999461 85.5564
0.99942 0.0071441 -0.0333099 -2.78295 -0.00712908 0.999974 0.000569579 -2.13202 0.0333132 -0.000331779 0.999445 86.5639
0.999419 0.0069061 -0.0333841 -2.81674 -0.00679884 0.999971 0.00332518 -2.15415 0.0334061 -0.00309628 0.999437 87.4891
0.999386 0.00630343 -0.034476 -2.85666 -0.00615412 0.999971 0.00443513 -2.17972 0.0345029 -0.00422023 0.999396 88.4922
0.999312 0.00498758 -0.0367518 -2.88759 -0.00481965 0.999978 0.00465632 -2.20006 0.0367742 -0.00447599 0.999314 89.435
0.999203 0.00441808 -0.0396628 -2.9461 -0.00426277 0.999983 0.00399927 -2.23147 0.0396798 -0.00382702 0.999205 90.4022
0.999054 0.00407276 -0.0432985 -2.99338 -0.00394094 0.999987 0.00312927 -2.24636 0.0433107 -0.00295567 0.999057 91.2701
0.998952 0.00398376 -0.0455856 -3.03619 -0.00384736 0.999988 0.00307946 -2.26834 0.0455973 -0.00290085 0.998956 92.1738
0.998765 0.00480655 -0.0494427 -3.08274 -0.00459338 0.99998 0.00442425 -2.29218 0.049463 -0.00419168 0.998767 93.0518
0.998599 0.00594649 -0.0525726 -3.13017 -0.00566755 0.999969 0.00545339 -2.31101 0.0526034 -0.0051478 0.998602 93.8616
0.998455 0.00669014 -0.055158 -3.18383 -0.00631901 0.999956 0.0069003 -2.33061 0.0552017 -0.0065411 0.998454 94.7112
0.998275 0.00853697 -0.0580834 -3.23973 -0.00809113 0.999936 0.00790667 -2.34863 0.0581472 -0.00742307 0.99828 95.4788
0.998096 0.0103269 -0.0608131 -3.29059 -0.00983544 0.999917 0.00837481 -2.36562 0.0608945 -0.00776074 0.998114 96.2557
0.997934 0.0120938 -0.0630947 -3.34451 -0.0116505 0.999905 0.00738889 -2.3842 0.0631781 -0.00663854 0.99798 96.9732
0.997826 0.0136436 -0.0644781 -3.392 -0.0134137 0.999902 0.00399795 -2.40016 0.0645263 -0.00312437 0.997911 97.6563
0.997546 0.0160122 -0.0681648 -3.45444 -0.0160607 0.999871 -0.000163594 -2.41523 0.0681534 0.00125796 0.997674 98.3461
0.997329 0.0177049 -0.070859 -3.51081 -0.0179453 0.999835 -0.00275735 -2.42706 0.0707985 0.00402158 0.997483 98.971
0.997188 0.0202568 -0.0721491 -3.56576 -0.020561 0.999783 -0.00347552 -2.45075 0.072063 0.00494921 0.997388 99.581
0.997206 0.0221484 -0.0713384 -3.61713 -0.0224262 0.999744 -0.00309465 -2.46946 0.0712516 0.00468586 0.997447 100.167
0.997357 0.0260964 -0.0678092 -3.66273 -0.026261 0.999654 -0.00153827 -2.48809 0.0677456 0.00331495 0.997697 100.709
0.997679 0.0282334 -0.0619669 -3.7229 -0.0282975 0.9996 -0.000157064 -2.50113 0.0619376 0.00191021 0.998078 101.254
0.998046 0.0293389 -0.05516 -3.73926 -0.0292687 0.999569 0.00208037 -2.52004 0.0551973 -0.000461844 0.998475 101.774
0.998527 0.0292613 -0.0456902 -3.76712 -0.0291063 0.999568 0.00405363 -2.52979 0.0457891 -0.00271779 0.998947 102.253
0.999032 0.0283265 -0.0336682 -3.76294 -0.0281668 0.99959 0.00520943 -2.54154 0.0338019 -0.00425606 0.999419 102.729
0.99941 0.0277138 -0.0202894 -3.77681 -0.0276096 0.999604 0.00539817 -2.55568 0.0204309 -0.0048348 0.99978 103.188
0.999613 0.0273315 -0.00525136 -3.78037 -0.027307 0.999616 0.00467166 -2.5631 0.00537703 -0.00452645 0.999975 103.614
0.999577 0.0263391 0.0123259 -3.77661 -0.026362 0.999651 0.00170352 -2.57787 -0.0122767 -0.00202773 0.999923 104.026
0.99909 0.0261486 0.033707 -3.77481 -0.026075 0.999657 -0.00261989 -2.59214 -0.033764 0.00173859 0.999428 104.431
0.998078 0.0232432 0.0574501 -3.72312 -0.0228704 0.999713 -0.007139 -2.61215 -0.0575996 0.00581137 0.998323 104.844
0.996141 0.021026 0.0852135 -3.68225 -0.0202504 0.999745 -0.00995688 -2.61929 -0.0854012 0.00819285 0.996313 105.24
0.993187 0.01846 0.115058 -3.61731 -0.0172272 0.999783 -0.0116996 -2.62564 -0.115249 0.00963779 0.99329 105.633
0.989056 0.0158212 0.146687 -3.55419 -0.0139638 0.999809 -0.0136832 -2.63618 -0.146876 0.0114852 0.989088 106.003
0.983034 0.0143164 0.182866 -3.47087 -0.0117252 0.999815 -0.0152435 -2.65959 -0.18305 0.0128408 0.98302 106.39
0.975233 0.00985868 0.220961 -3.38092 -0.00653457 0.999854 -0.0157698 -2.66262 -0.221085 0.0139353 0.975155 106.712
0.965309 0.00734985 0.261006 -3.2593 -0.00317826 0.99986 -0.0164013 -2.68626 -0.26109 0.0150027 0.965198 107.119
0.953245 0.00748951 0.302107 -3.1374 -0.00242219 0.99985 -0.0171445 -2.70431 -0.30219 0.0156111 0.95312 107.401
0.938156 0.00937666 0.346086 -3.00168 -0.0033776 0.999833 -0.0179331 -2.70947 -0.346196 0.0156551 0.938031 107.757
0.920507 0.00849134 0.390633 -2.84786 -0.00219126 0.99986 -0.0165707 -2.7274 -0.390719 0.0143975 0.920397 108.1
0.900363 0.00795027 0.435067 -2.67398 -0.00126695 0.999877 -0.0156495 -2.72227 -0.435138 0.013539 0.900262 108.351
0.877617 0.00698255 0.479312 -2.45326 0.000894044 0.999868 -0.0162029 -2.74258 -0.479362 0.0146485 0.877495 108.674
0.852344 0.0069186 0.522935 -2.2938 0.00282118 0.999837 -0.0178265 -2.76081 -0.522973 0.0166696 0.852186 108.937
0.824985 0.0089564 0.565084 -2.07406 0.00341913 0.999777 -0.0208379 -2.77807 -0.565144 0.019123 0.82477 109.249
0.794731 0.0130606 0.606821 -1.85758 0.00273401 0.999681 -0.0250967 -2.7951 -0.606955 0.0216042 0.794442 109.478
0.761759 0.0185601 0.647594 -1.61891 -0.000101644 0.999593 -0.0285289 -2.81831 -0.64786 0.0216663 0.761451 109.701
0.724668 0.0235495 0.688695 -1.36882 -0.00248154 0.999499 -0.0315661 -2.80592 -0.689093 0.0211659 0.724363 109.942
0.68533 0.0236034 0.72785 -1.10269 -0.000184913 0.99948 -0.0322379 -2.82268 -0.728232 0.021959 0.684978 110.191
0.644578 0.0206731 0.764259 -0.813464 0.00375541 0.999537 -0.0302046 -2.86785 -0.764529 0.0223393 0.644202 110.411
0.601063 0.0185941 0.798985 -0.501816 0.00579013 0.999602 -0.0276187 -2.85647 -0.799181 0.0212268 0.600716 110.606
0.555263 0.0167619 0.831506 -0.130742 0.00651167 0.999679 -0.0245003 -2.88495 -0.831649 0.0190186 0.554975 110.783
0.508068 0.0145261 0.861194 0.163564 0.00832682 0.999728 -0.0217753 -2.87268 -0.861277 0.0182343 0.507809 110.943
0.456944 0.0097308 0.889442 0.54646 0.010891 0.999804 -0.0165334 -2.92948 -0.889429 0.0172418 0.456749 111.122
0.405509 0.0097423 0.914039 0.865045 0.00918622 0.999849 -0.0147323 -2.92263 -0.914045 0.0143706 0.405358 111.25
0.354675 0.0140468 0.934884 1.21898 0.00609167 0.999831 -0.0173337 -2.9398 -0.93497 0.0118428 0.35453 111.373
0.304291 0.0195756 0.952378 1.63001 0.00456586 0.999747 -0.0220081 -2.9466 -0.952568 0.0110453 0.304124 111.491
0.257393 0.0213409 0.966071 1.99842 0.00638264 0.999697 -0.0237843 -2.95225 -0.966286 0.012288 0.257179 111.568
0.216594 0.020978 0.976036 2.41943 0.0137053 0.999605 -0.0245259 -2.97044 -0.976166 0.0186891 0.216221 111.629
0.18024 0.0206005 0.983407 2.86878 0.0217141 0.999454 -0.0249164 -2.99318 -0.983383 0.0258447 0.179694 111.697
0.148899 0.0216634 0.988615 3.30599 0.025757 0.999336 -0.0257777 -3.01298 -0.988517 0.0293021 0.148242 111.758
0.120496 0.0202305 0.992508 3.76452 0.0238977 0.999443 -0.0232732 -3.0321 -0.992426 0.026523 0.119945 111.814
0.0950381 0.0169439 0.995329 4.24138 0.0183122 0.999656 -0.0187661 -3.03391 -0.995305 0.0200102 0.0946952 111.864
0.0711876 0.0134289 0.997373 4.73892 0.0137566 0.999801 -0.0144435 -3.03765 -0.997368 0.0147487 0.0709887 111.897
0.0493635 0.0103248 0.998728 5.24746 0.0176644 0.999781 -0.0112087 -3.06212 -0.998625 0.0181952 0.0491703 111.907
0.029225 0.0107914 0.999515 5.78201 0.0246254 0.99963 -0.0115127 -3.08538 -0.999269 0.0249499 0.0289484 111.908
0.0107166 0.0130322 0.999858 6.34895 0.0307348 0.999438 -0.0133562 -3.10885 -0.99947 0.0308736 0.0103101 111.906
-0.00320751 0.0183261 0.999827 6.90561 0.0310476 0.999352 -0.0182178 -3.12352 -0.999513 0.0309838 -0.00377441 111.903
-0.0155696 0.0233832 0.999605 7.51593 0.027743 0.999352 -0.0229452 -3.11748 -0.999494 0.0273748 -0.0162082 111.921
-0.0209306 0.0232588 0.99951 8.12176 0.0297595 0.999301 -0.0226307 -3.12953 -0.999338 0.0292712 -0.0216081 111.881
-0.0232676 0.0198254 0.999533 8.75361 0.0359191 0.999174 -0.0189822 -3.16633 -0.999084 0.0354607 -0.0239605 111.862
-0.0228 0.0180572 0.999577 9.41377 0.0380615 0.999128 -0.0171809 -3.17869 -0.999015 0.0376537 -0.0234674 111.846
-0.0214137 0.0177053 0.999614 10.0715 0.0371384 0.999167 -0.0169018 -3.20769 -0.999081 0.0367621 -0.0220534 111.838
-0.0203319 0.0182924 0.999626 10.7703 0.0331295 0.999296 -0.0176126 -3.21175 -0.999244 0.032759 -0.0209236 111.841
-0.0184733 0.0193926 0.999641 11.4856 0.0325631 0.999293 -0.0187841 -3.23762 -0.999299 0.0322044 -0.0190917 111.824
-0.0170739 0.0201701 0.999651 12.1948 0.0326071 0.999276 -0.0196056 -3.26252 -0.999322 0.032261 -0.0177192 111.814
-0.0165292 0.019738 0.999669 12.9481 0.0323643 0.999292 -0.0191955 -3.28743 -0.999339 0.0320363 -0.0171563 111.818
-0.0159288 0.0188101 0.999696 13.7015 0.0311795 0.999346 -0.0183067 -3.3047 -0.999387 0.0308784 -0.0165049 111.807
-0.0158611 0.0169227 0.999731 14.4731 0.0305604 0.999398 -0.0164322 -3.34452 -0.999407 0.0302915 -0.0163687 111.81
-0.0164825 0.0148142 0.999754 15.2243 0.0305475 0.999431 -0.0143058 -3.36989 -0.999397 0.0303042 -0.0169257 111.794
-0.016976 0.0137354 0.999762 16.0304 0.0293084 0.999483 -0.0132339 -3.38057 -0.999426 0.0290767 -0.0173698 111.775
-0.0184541 0.0129208 0.999746 16.837 0.0276898 0.99954 -0.0124071 -3.40056 -0.999446 0.0274538 -0.0188034 111.769
-0.0199004 0.00976458 0.999754 17.6116 0.0289281 0.999539 -0.00918666 -3.42993 -0.999383 0.0287381 -0.0201737 111.761
-0.0211127 0.0079234 0.999746 18.4338 0.031139 0.999489 -0.00726377 -3.4585 -0.999292 0.0309778 -0.0213486 111.739
-0.0225593 0.00750978 0.999717 19.2489 0.0287991 0.999562 -0.00685874 -3.4726 -0.999331 0.0286362 -0.0227657 111.731
-0.0231409 0.0114012 0.999667 20.0662 0.0254308 0.999618 -0.010812 -3.50279 -0.999409 0.0251721 -0.023422 111.72
-0.02438 0.016605 0.999565 20.897 0.0262468 0.999528 -0.0159642 -3.51675 -0.999358 0.0258462 -0.0248043 111.711
-0.0253223 0.0180045 0.999517 21.7483 0.0270694 0.999484 -0.0173181 -3.55215 -0.999313 0.0266178 -0.0257966 111.692
-0.0271698 0.0157483 0.999507 22.6038 0.0233751 0.999613 -0.0151146 -3.5779 -0.999357 0.0229529 -0.0275274 111.682
-0.0280313 0.0111443 0.999545 23.4333 0.0205757 0.999732 -0.0105694 -3.60996 -0.999395 0.0202701 -0.0282531 111.667
-0.0283906 0.00618746 0.999578 24.2853 0.018845 0.999806 -0.00565362 -3.63852 -0.999419 0.0186766 -0.0285017 111.648
-0.0292085 0.00105885 0.999573 25.1375 0.0155401 0.999879 -0.000605077 -3.65352 -0.999453 0.0155158 -0.0292214 111.633
-0.0285529 -0.000107876 0.999592 25.9616 0.0127713 0.999918 0.000472717 -3.66502 -0.999511 0.0127796 -0.0285492 111.618
-0.0278794 0.00667367 0.999589 26.808 0.0155102 0.99986 -0.00624289 -3.69222 -0.999491 0.0153298 -0.027979 111.601
-0.0262645 0.0167683 0.999514 27.6349 0.017938 0.999706 -0.0163002 -3.72235 -0.999494 0.0175012 -0.0265576 111.58
-0.0265641 0.021331 0.99942 28.465 0.0197454 0.999588 -0.0208097 -3.75353 -0.999452 0.0191811 -0.0269743 111.577
-0.0248319 0.0172137 0.999543 29.2967 0.0212459 0.999635 -0.0166874 -3.77309 -0.999466 0.0208218 -0.0251886 111.55
-0.0238305 0.0102017 0.999664 30.1264 0.0245512 0.999652 -0.00961635 -3.79704 -0.999414 0.0243138 -0.0240727 111.528
-0.0236798 0.00662694 0.999698 30.9595 0.0258664 0.999647 -0.00601391 -3.83191 -0.999385 0.0257161 -0.0238428 111.514
-0.0237485 0.00702242 0.999693 31.7737 0.0246852 0.999675 -0.00643587 -3.85604 -0.999413 0.0245248 -0.0239141 111.502
-0.0250758 0.00778839 0.999655 32.581 0.0216692 0.999739 -0.00724549 -3.88047 -0.999451 0.02148 -0.025238 111.498
-0.0271522 0.0079484 0.9996 33.4105 0.0193303 0.999786 -0.00742481 -3.90454 -0.999444 0.019121 -0.0273 111.488
-0.0294879 0.00784419 0.999534 34.2117 0.0189845 0.999793 -0.00728615 -3.92962 -0.999385 0.0187608 -0.0296307 111.475
-0.0312842 0.00825847 0.999476 35.0223 0.0182855 0.999803 -0.00768883 -3.96096 -0.999343 0.0180354 -0.031429 111.451
-0.033315 0.00851623 0.999409 35.8182 0.0174017 0.999817 -0.00793963 -3.97642 -0.999293 0.0171269 -0.0334571 111.43
-0.0357598 0.00737058 0.999333 36.6265 0.0150089 0.999864 -0.00683742 -3.99836 -0.999248 0.0147544 -0.0358656 111.419
-0.0376531 0.00653647 0.999269 37.4127 0.0148537 0.999872 -0.00598071 -4.0301 -0.99918 0.0146176 -0.0377454 111.386
-0.0397943 0.00656957 0.999186 38.1935 0.0149467 0.99987 -0.00597879 -4.04719 -0.999096 0.0146966 -0.0398873 111.368
-0.0412057 0.00721619 0.999125 38.9814 0.0151296 0.999864 -0.00659756 -4.07548 -0.999036 0.0148444 -0.0413093 111.336
-0.0425578 0.00749553 0.999066 39.754 0.0156707 0.999854 -0.00683391 -4.09408 -0.998971 0.0153652 -0.042669 111.316
-0.043549 0.00628767 0.999032 40.5352 0.0168337 0.999843 -0.00555897 -4.12654 -0.998909 0.0165753 -0.043648 111.278
-0.045103 0.00535278 0.998968 41.3066 0.0171831 0.999842 -0.00458165 -4.14516 -0.998835 0.0169587 -0.0451879 111.25
-0.046509 0.00507496 0.998905 42.0534 0.0163744 0.999857 -0.0043174 -4.16909 -0.998784 0.0161557 -0.0465854 111.222
-0.0474879 0.00433635 0.998862 42.8086 0.014919 0.999882 -0.0036315 -4.19194 -0.99876 0.0147296 -0.047547 111.19
-0.048677 0.0035296 0.998808 43.5327 0.0140218 0.999898 -0.0028501 -4.21129 -0.998716 0.0138663 -0.0487215 111.168
-0.0490983 0.00296437 0.99879 44.2575 0.0136779 0.999904 -0.0022953 -4.22668 -0.9987 0.0135486 -0.0491341 111.135
-0.0496235 0.00518674 0.998755 44.9662 0.0140269 0.999892 -0.00449571 -4.24814 -0.998669 0.0137864 -0.0496908 111.103
-0.0496033 0.00773102 0.998739 45.6495 0.0134295 0.999885 -0.0070729 -4.27183 -0.998679 0.0130617 -0.0497014 111.08
-0.0497981 0.0096973 0.998712 46.3457 0.0122476 0.999884 -0.00909797 -4.29097 -0.998684 0.0117788 -0.049911 111.052
-0.0500971 0.010305 0.998691 47.0444 0.0125312 0.999875 -0.00968862 -4.31223 -0.998666 0.0120294 -0.05022 111.023
-0.0499974 0.010397 0.998695 47.7336 0.014473 0.999848 -0.00968447 -4.33318 -0.998644 0.0139699 -0.0501403 110.994
-0.0505673 0.0101031 0.99867 48.4267 0.0145041 0.999851 -0.00938064 -4.36027 -0.998615 0.0140104 -0.0507063 110.967
-0.0507045 0.0101492 0.998662 49.1278 0.0109655 0.999894 -0.00960494 -4.37787 -0.998653 0.0104638 -0.0508104 110.941
-0.0505719 0.0101857 0.998668 49.7887 0.00880487 0.999914 -0.00975249 -4.39527 -0.998682 0.00829995 -0.0506573 110.911
-0.0507654 0.00922133 0.998668 50.4878 0.0102662 0.999909 -0.00871093 -4.42121 -0.998658 0.00981028 -0.0508555 110.882
-0.0520982 0.00831412 0.998607 51.166 0.0104241 0.999915 -0.00778118 -4.4446 -0.998588 0.0100042 -0.0521805 110.855
-0.055266 0.00760377 0.998443 51.7951 0.00628836 0.999954 -0.0072672 -4.46423 -0.998452 0.00587694 -0.0553113 110.829
-0.0603761 0.00793669 0.998144 52.4961 0.0057019 0.999955 -0.00760619 -4.47678 -0.998159 0.00523208 -0.0604187 110.787
-0.0663357 0.0107686 0.997739 53.1611 0.00674643 0.999924 -0.0103436 -4.50883 -0.997775 0.00604503 -0.0664033 110.749
-0.0734703 0.0134601 0.997207 53.8365 0.00954284 0.999873 -0.012793 -4.52913 -0.997252 0.00857628 -0.0735894 110.704
-0.079958 0.0148795 0.996687 54.4898 0.00720816 0.999871 -0.0143488 -4.548 -0.996772 0.00603699 -0.0800549 110.649
-0.0863997 0.0146662 0.996153 55.1895 0.00500128 0.999885 -0.0142874 -4.56348 -0.996248 0.00374761 -0.0864631 110.597
-0.0918721 0.0137169 0.995676 55.87 0.00443718 0.999901 -0.0133657 -4.58491 -0.995761 0.00319007 -0.0919239 110.541
-0.096519 0.0138815 0.995234 56.5297 0.00306897 0.999902 -0.013649 -4.61555 -0.995326 0.00173696 -0.0965522 110.486
-0.100193 0.013385 0.994878 57.2435 0.00128646 0.99991 -0.0133231 -4.63438 -0.994967 -5.50121e-05 -0.100201 110.423
-0.102827 0.0103904 0.994645 57.9724 -0.000511713 0.999945 -0.0104987 -4.64794 -0.994699 -0.00158852 -0.102816 110.349
-0.105178 0.0075662 0.994425 58.6711 0.00170952 0.999971 -0.00742758 -4.66375 -0.994452 0.000918774 -0.105188 110.285
-0.106515 0.00528438 0.994297 59.3439 0.00310124 0.999983 -0.00498237 -4.67934 -0.994306 0.00255285 -0.10653 110.216
-0.107959 0.00444352 0.994145 60.0811 0.00180172 0.999989 -0.00427398 -4.70381 -0.994154 0.00132975 -0.107966 110.145
-0.10871 0.00778214 0.994043 60.8081 0.00385803 0.999965 -0.00740658 -4.72543 -0.994066 0.00302987 -0.108737 110.074
-0.109543 0.0113771 0.993917 61.5518 0.00949288 0.999901 -0.0103994 -4.7467 -0.993937 0.00829595 -0.10964 109.987
-0.109515 0.0159195 0.993858 62.2945 0.0167501 0.999759 -0.0141683 -4.78291 -0.993844 0.0150956 -0.109756 109.907
-0.110375 0.0172367 0.99374 63.0265 0.0176718 0.999726 -0.0153777 -4.80272 -0.993733 0.0158639 -0.11065 109.828
-0.110964 0.0155225 0.993703 63.7923 0.0156578 0.999781 -0.0138689 -4.81669 -0.993701 0.0140202 -0.111183 109.756
-0.1108 0.0115701 0.993775 64.5352 0.0159456 0.999824 -0.00986265 -4.82052 -0.993715 0.0147536 -0.110965 109.669
-0.110929 0.00919125 0.993786 65.2573 0.0181279 0.99981 -0.00722348 -4.84984 -0.993663 0.0172139 -0.111075 109.591
-0.111955 0.00934874 0.993669 66.0179 0.0192334 0.999789 -0.00723932 -4.86958 -0.993527 0.0183011 -0.112111 109.514
-0.113361 0.00945319 0.993509 66.773 0.018242 0.999806 -0.00743166 -4.89104 -0.993386 0.0172811 -0.113512 109.434
-0.115665 0.010069 0.993237 67.5079 0.017205 0.999819 -0.0081322 -4.91847 -0.993139 0.016148 -0.115817 109.354
-0.117897 0.0101968 0.992973 68.2392 0.0176576 0.999811 -0.00817047 -4.93184 -0.992869 0.0165703 -0.118055 109.274
-0.119545 0.0104407 0.992774 68.9837 0.0182427 0.999799 -0.00831787 -4.95833 -0.992661 0.0171165 -0.119711 109.188
-0.121348 0.0102564 0.992557 69.7349 0.0180375 0.999804 -0.00812601 -4.97797 -0.992446 0.0169171 -0.12151 109.098
-0.122814 0.0107316 0.992372 70.4843 0.0180764 0.9998 -0.00857482 -5.00236 -0.992265 0.0168854 -0.122984 109.014
-0.124174 0.0115772 0.992193 71.2558 0.0171613 0.999807 -0.0095183 -5.03557 -0.992112 0.0158454 -0.124348 108.922
-0.125427 0.012287 0.992027 71.996 0.0172793 0.999799 -0.0101986 -5.05119 -0.991952 0.0158624 -0.125614 108.845
-0.126862 0.0123705 0.991843 72.7775 0.0165969 0.999809 -0.010347 -5.07939 -0.991782 0.0151489 -0.127043 108.754
-0.127798 0.0111485 0.991738 73.5256 0.0161989 0.999827 -0.00915204 -5.08958 -0.991668 0.0148955 -0.127957 108.655
-0.128647 0.00840996 0.991655 74.3207 0.0146173 0.999871 -0.00658335 -5.11726 -0.991583 0.0136484 -0.128753 108.557
-0.130124 0.00700391 0.991473 75.1031 0.0142143 0.999885 -0.00519782 -5.13494 -0.991396 0.0134167 -0.130208 108.462
-0.132402 0.00628987 0.991176 75.8741 0.0135384 0.999898 -0.00453675 -5.1497 -0.991104 0.0128183 -0.132474 108.356
-0.134192 0.00651823 0.990934 76.6791 0.0134117 0.999899 -0.004761 -5.17449 -0.990865 0.0126512 -0.134265 108.262
-0.136579 0.00770994 0.990599 77.4592 0.0139485 0.999886 -0.00585907 -5.18861 -0.990531 0.0130172 -0.136671 108.161
-0.138058 0.0114493 0.990358 78.2724 0.0149383 0.999844 -0.00947651 -5.20882 -0.990311 0.013486 -0.138207 108.051
-0.138954 0.0146254 0.990191 79.0662 0.0166026 0.999785 -0.0124372 -5.23414 -0.99016 0.0147116 -0.139166 107.953
-0.139261 0.0184438 0.990084 79.8848 0.0178107 0.999711 -0.0161179 -5.26976 -0.990095 0.0153895 -0.13955 107.827
-0.139438 0.0199138 0.990031 80.6899 0.019593 0.999658 -0.0173479 -5.28526 -0.990037 0.0169787 -0.13978 107.717
-0.13931 0.0193372 0.99006 81.5214 0.0234245 0.999594 -0.0162274 -5.32446 -0.989972 0.020931 -0.139706 107.612
-0.138594 0.0178752 0.990188 82.3556 0.0244585 0.999594 -0.0146215 -5.3417 -0.990047 0.0221921 -0.138975 107.492
-0.138225 0.0162193 0.990268 83.1905 0.0235255 0.999638 -0.0130889 -5.36905 -0.990121 0.0214874 -0.138556 107.376
-0.136685 0.0135228 0.990522 84.0289 0.0224002 0.999693 -0.010557 -5.39152 -0.990361 0.0207449 -0.136946 107.277
-0.135103 0.0112536 0.990768 84.8762 0.0233598 0.999694 -0.00816956 -5.41189 -0.990556 0.0220404 -0.135324 107.162
-0.133018 0.00688788 0.99109 85.7309 0.0233046 0.999721 -0.00382006 -5.44414 -0.99084 0.0225888 -0.133142 107.049
-0.131408 0.0073669 0.991301 86.5751 0.0226907 0.999733 -0.00442167 -5.4551 -0.991069 0.0219122 -0.13154 106.953
-0.12994 0.0107359 0.991464 87.4162 0.0233316 0.999698 -0.00776724 -5.48967 -0.991247 0.0221232 -0.130151 106.843
-0.128728 0.0172938 0.991529 88.2905 0.0227818 0.999636 -0.0144775 -5.51159 -0.991418 0.0207252 -0.129076 106.744
-0.126889 0.0194243 0.991727 89.1144 0.0194061 0.999665 -0.0170968 -5.5527 -0.991727 0.0170761 -0.127223 106.64
-0.125581 0.0184404 0.991912 90.003 0.0199405 0.999672 -0.0160601 -5.55671 -0.991883 0.0177623 -0.125908 106.536
-0.124368 0.015957 0.992108 90.8413 0.0205708 0.999697 -0.0135003 -5.59511 -0.992023 0.0187295 -0.124658 106.432
-0.123669 0.0140874 0.992224 91.741 0.0211666 0.999709 -0.0115555 -5.61657 -0.992098 0.0195729 -0.123931 106.324
-0.123432 0.0133496 0.992263 92.6088 0.0190913 0.999756 -0.0110756 -5.65604 -0.992169 0.0175765 -0.123657 106.234
-0.122922 0.0130864 0.99233 93.4283 0.0194227 0.999753 -0.0107784 -5.68545 -0.992226 0.0179488 -0.123145 106.13
-0.121899 0.011976 0.99247 94.3308 0.0214387 0.999726 -0.00943039 -5.70322 -0.992311 0.0201277 -0.122122 106.026
-0.120882 0.0116097 0.992599 95.1686 0.025894 0.999628 -0.00853846 -5.73154 -0.992329 0.0246703 -0.121138 105.924
-0.120234 0.0121042 0.992672 96.0397 0.02605 0.99962 -0.00903374 -5.75996 -0.992404 0.0247729 -0.120504 105.824
-0.119384 0.0147662 0.992738 96.8908 0.0275198 0.999554 -0.0115581 -5.78508 -0.992467 0.0259401 -0.119737 105.725
-0.119125 0.0151957 0.992763 97.7694 0.0241116 0.999632 -0.0124076 -5.82456 -0.992586 0.022459 -0.119448 105.619
-0.118438 0.0124347 0.992884 98.6071 0.0209692 0.99973 -0.0100191 -5.83963 -0.99274 0.0196333 -0.118667 105.537
-0.118722 0.00973499 0.99288 99.4564 0.01432 0.999865 -0.00809118 -5.86509 -0.992824 0.0132574 -0.118846 105.451
-0.119855 0.0104377 0.992737 100.309 0.0113015 0.999894 -0.00914855 -5.89339 -0.992727 0.0101229 -0.11996 105.358
-0.12088 0.0143378 0.992564 101.132 0.00969521 0.999865 -0.0132625 -5.93324 -0.99262 0.00801994 -0.121003 105.267
-0.121783 0.0165384 0.992419 101.96 0.0069551 0.999851 -0.0158088 -5.96042 -0.992532 0.00497714 -0.121879 105.179
-0.122413 0.0173115 0.992328 102.827 0.0084731 0.99983 -0.0163971 -5.9905 -0.992443 0.00640087 -0.122539 105.071
-0.12282 0.0167466 0.992288 103.623 0.00945826 0.999832 -0.0157032 -6.01968 -0.992384 0.00745664 -0.122958 104.984
-0.123405 0.0178396 0.992196 104.457 0.0112087 0.9998 -0.0165822 -6.04948 -0.992293 0.00907494 -0.12358 104.894
-0.124237 0.0200347 0.99205 105.261 0.011651 0.999757 -0.0187312 -6.09189 -0.992184 0.00923129 -0.12444 104.789
-0.124767 0.0216274 0.99195 106.078 0.012086 0.999721 -0.0202767 -6.12338 -0.992112 0.00945885 -0.124994 104.691
-0.125971 0.0217333 0.991796 106.875 0.00989773 0.999738 -0.0206502 -6.15973 -0.991985 0.00721521 -0.126153 104.596
-0.128526 0.0211222 0.991481 107.691 0.00848271 0.99976 -0.0201989 -6.18717 -0.99167 0.00581435 -0.128675 104.507
-0.131777 0.0221467 0.991032 108.487 0.00774567 0.999743 -0.0213115 -6.22055 -0.991249 0.00486785 -0.131914 104.409
-0.134627 0.0238805 0.990609 109.241 0.0076569 0.999705 -0.0230592 -6.26637 -0.990867 0.00448059 -0.13477 104.308
-0.13782 0.0254477 0.99013 110.053 0.00557488 0.999674 -0.024917 -6.30337 -0.990442 0.00208579 -0.137917 104.198
-0.140955 0.0257283 0.989682 110.798 0.00641565 0.999665 -0.0250741 -6.32624 -0.989995 0.00281512 -0.141073 104.099
-0.14431 0.0249483 0.989218 111.602 0.00693882 0.999683 -0.0242 -6.36215 -0.989508 0.00337171 -0.144437 103.992
-0.146281 0.025544 0.988913 112.344 0.00818855 0.999664 -0.0246105 -6.40101 -0.989209 0.00449771 -0.146441 103.872
-0.148171 0.0296775 0.988516 113.102 0.00415661 0.999559 -0.029386 -6.43566 -0.988953 -0.000245273 -0.148229 103.77
-0.149066 0.0358755 0.988176 113.865 0.00248374 0.999352 -0.0359065 -6.47531 -0.988824 -0.00289808 -0.149059 103.652
-0.15382 0.0386972 0.987341 114.637 0.00646982 0.999251 -0.0381561 -6.53091 -0.988078 0.000518737 -0.153955 103.569
-0.15634 0.0361573 0.987041 115.409 0.00772114 0.999344 -0.035385 -6.57218 -0.987673 0.002089 -0.156517 103.435
-0.159567 0.0313517 0.986689 116.163 0.0068067 0.999507 -0.0306582 -6.58964 -0.987164 0.00182407 -0.159701 103.325
-0.16166 0.0288009 0.986426 116.936 0.00602787 0.999584 -0.0281973 -6.62965 -0.986828 0.0013877 -0.161766 103.207
-0.164021 0.030143 0.985996 117.668 0.00482227 0.999546 -0.029755 -6.68594 -0.986445 -0.000125713 -0.164092 103.091
-0.165743 0.0330425 0.985615 118.425 0.00237247 0.999449 -0.0331073 -6.72332 -0.986166 -0.00314895 -0.16573 102.967
-0.168459 0.0364593 0.985034 119.171 0.00247768 0.999328 -0.0365646 -6.75256 -0.985706 -0.00371905 -0.168436 102.85
-0.170353 0.0401388 0.984565 119.903 0.00571595 0.999193 -0.0397462 -6.80206 -0.985366 -0.00114317 -0.170445 102.718
-0.172679 0.0443711 0.983978 120.646 0.00632583 0.999014 -0.043939 -6.85491 -0.984958 -0.00136285 -0.172789 102.6
-0.175511 0.0460458 0.9834 121.379 0.00517743 0.998935 -0.0458492 -6.89968 -0.984464 -0.00295557 -0.175563 102.477
-0.178042 0.0441896 0.98303 122.126 0.0065965 0.999022 -0.0437138 -6.93563 -0.984001 -0.00129833 -0.178159 102.347
-0.181907 0.0420191 0.982418 122.84 0.0104632 0.999113 -0.0407958 -6.98001 -0.98326 0.00285819 -0.182185 102.212
-0.187001 0.0396664 0.981559 123.586 0.0120887 0.999202 -0.0380763 -7.03364 -0.982285 0.00474541 -0.187331 102.071
-0.193762 0.0384749 0.980294 124.27 0.0115252 0.999251 -0.0369409 -7.07224 -0.980981 0.00414031 -0.19406 101.945
-0.201956 0.0385043 0.978637 124.999 0.0105926 0.999254 -0.0371295 -7.11703 -0.979337 0.00286772 -0.202214 101.802
-0.212695 0.0388346 0.976347 125.744 0.00984166 0.999244 -0.0376014 -7.15908 -0.977069 0.00161123 -0.212917 101.649
-0.224384 0.0395997 0.973696 126.449 0.0102293 0.999215 -0.0382802 -7.2054 -0.974447 0.00137073 -0.224613 101.484
-0.236844 0.0404032 0.970707 127.154 0.0114562 0.999182 -0.0387932 -7.24512 -0.97148 0.00193268 -0.237113 101.325
-0.248579 0.0403363 0.967771 127.849 0.0134676 0.99918 -0.0381861 -7.28438 -0.968518 0.00354134 -0.248918 101.137
-0.259155 0.0404692 0.964988 128.546 0.0164469 0.999162 -0.0374854 -7.32724 -0.965696 0.00615655 -0.259603 100.955
-0.269355 0.0406721 0.962182 129.241 0.0206164 0.999122 -0.0364622 -7.36993 -0.96282 0.0100154 -0.269958 100.753
-0.278523 0.0411091 0.959549 129.93 0.0270783 0.999022 -0.0349403 -7.40993 -0.960048 0.0162513 -0.279364 100.553
-0.286023 0.0416219 0.957318 130.608 0.0318042 0.998918 -0.0339282 -7.44774 -0.957695 0.0207425 -0.287038 100.353
-0.292833 0.0412695 0.955273 131.299 0.0326793 0.998916 -0.0331374 -7.49677 -0.955605 0.0215139 -0.293864 100.133
-0.297211 0.0397978 0.953982 131.99 0.0362859 0.99888 -0.030366 -7.53104 -0.954122 0.0255909 -0.298322 99.9159
-0.299299 0.0374839 0.953423 132.663 0.0422315 0.998769 -0.0260094 -7.55599 -0.953224 0.0324799 -0.300514 99.71
-0.300377 0.0354094 0.953163 133.311 0.0482054 0.998597 -0.021906 -7.59909 -0.952602 0.0393675 -0.301663 99.4947
-0.301149 0.0360287 0.952896 134.014 0.0526351 0.998391 -0.0211143 -7.60666 -0.952123 0.0437972 -0.302561 99.2818
-0.301333 0.0392174 0.952712 134.665 0.0529699 0.998299 -0.0243401 -7.66528 -0.952046 0.0431306 -0.302898 99.0595
-0.300611 0.0423081 0.952808 135.329 0.0532859 0.9982 -0.027512 -7.70002 -0.952257 0.0425008 -0.302324 98.8586
-0.29896 0.0424945 0.953319 135.99 0.054682 0.998129 -0.0273437 -7.72764 -0.952698 0.0439547 -0.300725 98.6566
-0.297171 0.0411385 0.953938 136.66 0.0561519 0.998095 -0.0255504 -7.7576 -0.953172 0.0459726 -0.298915 98.4512
-0.296004 0.0398512 0.954355 137.285 0.0585339 0.998008 -0.023519 -7.7781 -0.953391 0.0489004 -0.297747 98.2387
-0.294112 0.0389477 0.954977 137.932 0.0584834 0.99803 -0.022692 -7.82022 -0.95398 0.0491763 -0.295811 98.0529
-0.291611 0.0416555 0.955629 138.585 0.0604585 0.997856 -0.0250472 -7.85289 -0.954624 0.0504719 -0.293505 97.8625
-0.287504 0.0424855 0.956837 139.212 0.0621086 0.99774 -0.0256397 -7.88848 -0.955764 0.0520563 -0.289493 97.6697
-0.28272 0.0424021 0.958265 139.844 0.0630259 0.997685 -0.0255516 -7.91637 -0.95713 0.0531716 -0.284738 97.4766
-0.276772 0.0404403 0.960084 140.474 0.0636322 0.997692 -0.0236806 -7.9427 -0.958827 0.0545381 -0.278706 97.3042
-0.272436 0.0390679 0.96138 141.083 0.0637339 0.997714 -0.0224835 -7.97269 -0.960061 0.0551472 -0.274303 97.1352
-0.268164 0.0384011 0.962608 141.672 0.0643321 0.997689 -0.0218788 -8.00178 -0.961223 0.0560595 -0.270015 96.959
-0.264788 0.0366722 0.963609 142.287 0.0649891 0.997683 -0.0201108 -8.03021 -0.962114 0.0572989 -0.266558 96.7812
-0.260636 0.0353095 0.964791 142.897 0.0685813 0.997484 -0.0179789 -8.04959 -0.962998 0.0614807 -0.262401 96.6215
-0.256835 0.0341187 0.965853 143.481 0.0714116 0.997315 -0.0162406 -8.08683 -0.963813 0.0648019 -0.258582 96.4512
-0.253279 0.0326369 0.966843 144.095 0.0688341 0.997506 -0.0156398 -8.10864 -0.964941 0.0625905 -0.254894 96.3039
-0.24994 0.0331687 0.967693 144.694 0.0665782 0.997636 -0.016999 -8.13636 -0.96597 0.0601785 -0.251557 96.154
-0.245432 0.0360948 0.968742 145.29 0.0672657 0.997532 -0.0201256 -8.16171 -0.967077 0.0602236 -0.247254 96.0082
-0.239624 0.0386797 0.970095 145.873 0.0688014 0.99737 -0.0227725 -8.19414 -0.968425 0.0612871 -0.241655 95.8611
-0.232897 0.0399263 0.971681 146.458 0.0678385 0.99739 -0.0247228 -8.21438 -0.970132 0.0601595 -0.234998 95.7305
