1 0 0 0 0 1 0 0 0 0 1 0
0.999998 1.02696e-06 0.00188108 -0.00397737 -1.70002e-06 1 0.000357805 -0.0362271 -0.00188108 -0.000357808 0.999998 1.19164
0.999993 0.000139069 0.00360471 -0.00954799 -0.00014182 1 0.000762862 -0.0519642 -0.0036046 -0.000763368 0.999993 2.38825
0.999989 -0.000321779 0.00468218 -0.0158232 0.000316107 0.999999 0.00121198 -0.0738767 -0.00468256 -0.00121049 0.999988 3.59108
0.999985 -0.000477768 0.00553938 -0.0109718 0.000470424 0.999999 0.00132702 -0.1016 -0.00554001 -0.00132439 0.999984 4.79526
0.999979 -0.000752402 0.00650293 -0.00922935 0.000743727 0.999999 0.00133635 -0.116781 -0.00650393 -0.00133149 0.999978 5.99232
0.999972 -0.0008054 0.00746664 -0.000619032 0.000803782 1 0.000219683 -0.149706 -0.00746682 -0.000213676 0.999972 7.18424
0.999967 -0.000455899 0.00814179 -0.00785552 0.000456178 1 -3.24546e-05 -0.17539 -0.00814177 3.61677e-05 0.999967 8.38502
0.999963 -0.000370585 0.00856426 -0.000220003 0.000360837 0.999999 0.00113964 -0.201032 -0.00856467 -0.00113651 0.999963 9.59214
0.99997 -0.000736671 0.00777077 -0.0044691 0.00072037 0.999998 0.0021003 -0.216987 -0.00777229 -0.00209463 0.999968 10.8004
0.999982 -0.00256209 0.00539164 -0.0275206 0.00255157 0.999995 0.00195842 -0.238864 -0.00539663 -0.00194463 0.999984 11.999
0.999991 -0.00261315 0.00346581 8.08664e-05 0.00260784 0.999995 0.00153732 -0.263828 -0.00346981 -0.00152826 0.999993 13.1708
0.999996 -0.00209496 0.00185177 -0.0106928 0.00209236 0.999997 0.0014039 -0.291831 -0.0018547 -0.00140002 0.999997 14.3744
1 -0.000485495 0.000811401 -0.017384 0.000484493 0.999999 0.00123523 -0.309464 -0.000812 -0.00123484 0.999999 15.545
0.999999 -0.000968817 0.000400412 -0.02384 0.000968336 0.999999 0.00120041 -0.33785 -0.000401575 -0.00120002 0.999999 16.7798
0.999999 -0.00122702 0.000120576 -0.0226386 0.00122682 0.999998 0.00161102 -0.362855 -0.000122552 -0.00161087 0.999999 18.0062
0.999998 -0.00175667 -0.00043766 -0.0338457 0.00175751 0.999997 0.00193022 -0.381909 0.000434268 -0.00193098 0.999998 19.1553
0.999999 -0.00147873 -0.000741195 -0.0279808 0.00147958 0.999998 0.00113817 -0.405911 0.00073951 -0.00113926 0.999999 20.3755
0.999998 -0.00116067 -0.00165422 -0.0560256 0.00116105 0.999999 0.000229897 -0.432234 0.00165395 -0.000231817 0.999999 21.5647
0.999996 -0.00143504 -0.00246032 -0.0629807 0.00143668 0.999999 0.000664236 -0.454572 0.00245936 -0.000667768 0.999997 22.7575
0.999996 -0.00121614 -0.0026982 -0.0559236 0.00121778 0.999999 0.000609482 -0.480741 0.00269746 -0.000612765 0.999996 23.9649
0.999994 -0.000640987 -0.00327615 -0.0769485 0.000640662 1 -0.000100258 -0.502356 0.00327622 9.81582e-05 0.999995 25.1327
0.99999 -0.00037149 -0.00445949 -0.0828401 0.000373603 1 0.000472841 -0.529428 0.00445931 -0.000474502 0.99999 26.3788
0.999985 -0.0016726 -0.00523569 -0.0912048 0.00168412 0.999996 0.00219624 -0.549525 0.005232 -0.00220503 0.999984 27.5426
0.999981 -0.00189916 -0.00591749 -0.104322 0.0019146 0.999995 0.00260474 -0.576829 0.00591252 -0.00261602 0.999979 28.7327
0.999974 -0.00162824 -0.00699507 -0.117327 0.00163848 0.999998 0.00145894 -0.595827 0.00699268 -0.00147037 0.999974 29.9717
0.999967 -0.00262927 -0.00773168 -0.13456 0.00263364 0.999996 0.000555247 -0.624952 0.00773019 -0.000575591 0.99997 31.1375
0.999962 -0.00230427 -0.00839946 -0.152674 0.00230755 0.999997 0.000380599 -0.644901 0.00839856 -0.000399967 0.999965 32.3635
0.999955 -0.00320781 -0.00894086 -0.172433 0.00321753 0.999994 0.00107327 -0.667174 0.00893737 -0.00110199 0.999959 33.5231
0.999949 -0.00329317 -0.00959661 -0.185557 0.00330596 0.999994 0.0013177 -0.686244 0.00959221 -0.00134936 0.999953 34.7299
0.999943 -0.00347645 -0.0101129 -0.203434 0.0034902 0.999993 0.00134268 -0.713636 0.0101082 -0.0013779 0.999948 35.9657
0.999937 -0.00328388 -0.0107376 -0.228166 0.00329736 0.999994 0.00123783 -0.736986 0.0107335 -0.00127316 0.999942 37.1433
0.999936 -0.00436417 -0.0104687 -0.23364 0.00438258 0.999989 0.00173681 -0.762889 0.010461 -0.00178257 0.999944 38.3668
0.999937 -0.00389383 -0.0104899 -0.254755 0.00392426 0.999988 0.00288229 -0.779301 0.0104786 -0.00292328 0.999941 39.5296
0.999936 -0.00375408 -0.0106293 -0.279026 0.00379436 0.999986 0.00377169 -0.803017 0.010615 -0.00381178 0.999936 40.7505
0.99994 -0.00307882 -0.0105093 -0.297621 0.00311456 0.999989 0.00338675 -0.827557 0.0104988 -0.00341928 0.999939 41.9685
0.999944 -0.00221988 -0.0103085 -0.315456 0.00225478 0.999992 0.00337525 -0.848308 0.010301 -0.0033983 0.999941 43.1445
0.999952 0.000378388 -0.00977928 -0.343327 -0.000329902 0.999988 0.00495914 -0.863619 0.00978104 -0.00495568 0.99994 44.3618
0.999965 0.000157241 -0.00839202 -0.374983 -9.13657e-05 0.999969 0.00784957 -0.881798 0.008393 -0.00784853 0.999934 45.5513
0.999976 0.000918032 -0.00684303 -0.407904 -0.000846078 0.999944 0.0105105 -0.895267 0.0068523 -0.0105044 0.999921 46.7565
0.99999 0.00152632 -0.00409525 -0.381198 -0.00146882 0.999901 0.014006 -0.906094 0.00411622 -0.0139998 0.999894 47.9749
0.999993 0.00111121 -0.00362956 -0.420262 -0.00105544 0.999882 0.0153309 -0.913827 0.00364617 -0.015327 0.999876 49.1722
0.999998 0.000143646 -0.00218627 -0.429553 -0.000113455 0.999905 0.0138032 -0.919488 0.00218804 -0.0138029 0.999902 50.3821
1 0.00024683 -0.000645813 -0.426747 -0.000239001 0.999927 0.0120947 -0.935156 0.000648751 -0.0120946 0.999927 51.6019
1 0.000412287 -0.000234528 -0.454116 -0.000409529 0.999932 0.0116424 -0.929192 0.000239312 -0.0116423 0.999932 52.7866
1 0.00020125 0.000162898 -0.45513 -0.000203095 0.999935 0.0114109 -0.951994 -0.000160591 -0.0114109 0.999935 54.0258
1 -0.000252933 -0.00023225 -0.447847 0.000255336 0.999946 0.0104071 -0.968488 0.000229605 -0.0104071 0.999946 55.1799
0.999998 -0.000203159 -0.00184028 -0.446826 0.000222549 0.999944 0.0105423 -0.970287 0.00183804 -0.0105427 0.999943 56.3874
0.999994 -0.000408867 -0.00345743 -0.460786 0.00044919 0.999932 0.0116698 -0.985941 0.00345242 -0.0116713 0.999926 57.6307
0.99999 -0.000133033 -0.00438327 -0.482624 0.000186354 0.999926 0.0121665 -0.99643 0.00438132 -0.0121672 0.999916 58.8102
0.999988 0.000490132 -0.00497101 -0.487633 -0.000430178 0.999927 0.0120547 -1.00466 0.00497656 -0.0120524 0.999915 60.022
0.999983 0.000913473 -0.00581879 -0.510079 -0.000844295 0.999929 0.0118802 -1.02182 0.00582923 -0.0118751 0.999912 61.2239
0.999982 0.000206383 -0.0060248 -0.529927 -0.000137641 0.999935 0.0114081 -1.02606 0.00602676 -0.011407 0.999917 62.4306
0.999983 0.000251002 -0.00583157 -0.529102 -0.000188992 0.999943 0.0106316 -1.04525 0.00583391 -0.0106303 0.999926 63.6314
0.999979 -0.00048016 -0.00649492 -0.541688 0.000554706 0.999934 0.0114805 -1.05476 0.00648898 -0.0114839 0.999913 64.8365
0.999975 -0.00134043 -0.00692025 -0.558057 0.00143061 0.999914 0.0130433 -1.06069 0.00690217 -0.0130528 0.999891 66.0643
0.999975 -0.000526072 -0.00702311 -0.574853 0.00060973 0.999929 0.011915 -1.08209 0.00701634 -0.011919 0.999904 67.244
0.999974 0.00159722 -0.00701493 -0.593851 -0.00152339 0.999944 0.0105177 -1.09606 0.00703134 -0.0105067 0.99992 68.4408
0.99997 0.00290108 -0.00719719 -0.614076 -0.00282348 0.999938 0.0107692 -1.10514 0.00722798 -0.0107485 0.999916 69.656
0.999962 0.00493981 -0.00724905 -0.641282 -0.00486004 0.999928 0.0109811 -1.12208 0.00730277 -0.0109454 0.999913 70.8379
0.999956 0.00631398 -0.00698023 -0.650882 -0.0062349 0.999917 0.0112925 -1.12749 0.00705095 -0.0112484 0.999912 72.0466
0.999959 0.0067624 -0.00603371 -0.672724 -0.00668849 0.999903 0.0121863 -1.14679 0.00611554 -0.0121454 0.999908 73.2205
0.999958 0.00858039 -0.00317599 -0.666402 -0.00853899 0.999881 0.0128272 -1.14695 0.00328567 -0.0127996 0.999913 74.3511
0.999975 0.00700168 -0.000460838 -0.689138 -0.00699605 0.999912 0.0112568 -1.15603 0.000539614 -0.0112533 0.999937 75.5496
0.999988 0.00467343 0.0014954 -0.700579 -0.00468328 0.999967 0.00665672 -1.20055 -0.00146424 -0.00666364 0.999977 76.744
0.999979 0.00531656 0.00380338 -0.69494 -0.00533746 0.999971 0.00550699 -1.2045 -0.00377399 -0.00552717 0.999978 77.954
0.999968 0.00503964 0.00625866 -0.702291 -0.00509543 0.999947 0.00893039 -1.21592 -0.00621333 -0.00896199 0.999941 79.1261
0.999949 0.00359315 0.00946572 -0.700399 -0.00369148 0.999939 0.0103921 -1.22602 -0.00942781 -0.0104265 0.999901 80.3037
0.999889 0.00539144 0.0138612 -0.690647 -0.00550961 0.999949 0.00850146 -1.23205 -0.0138147 -0.00857689 0.999868 81.4829
0.999837 0.00397072 0.0176286 -0.681799 -0.00407271 0.999975 0.00575351 -1.25718 -0.0176053 -0.00582437 0.999828 82.6183
0.999785 0.00326215 0.0204534 -0.675692 -0.00331043 0.999992 0.00232712 -1.2864 -0.0204456 -0.00239433 0.999788 83.8284
0.999712 0.00202517 0.0239003 -0.658248 -0.00206393 0.999997 0.00159711 -1.30782 -0.023897 -0.00164598 0.999713 84.9655
0.999624 0.00141926 0.0273749 -0.633037 -0.00149631 0.999995 0.00279433 -1.31772 -0.0273708 -0.00283424 0.999621 86.1382
0.99951 0.00225457 0.0312047 -0.606535 -0.00235407 0.999992 0.00315241 -1.33305 -0.0311973 -0.00322432 0.999508 87.3209
0.999389 0.00229358 0.0348746 -0.572327 -0.00234409 0.999996 0.0014075 -1.36761 -0.0348712 -0.00148839 0.999391 88.4474
0.999257 0.00229576 0.038477 -0.537553 -0.00227003 0.999997 -0.000712424 -1.40024 -0.0384785 0.000624551 0.999259 89.6106
0.999136 0.00241376 0.0414816 -0.50716 -0.00236878 0.999997 -0.00113351 -1.41802 -0.0414842 0.00103427 0.999139 90.7556
0.999002 0.000737581 0.0446486 -0.449111 -0.000733518 1 -0.00010738 -1.4383 -0.0446486 7.45224e-05 0.999003 91.8913
0.998877 0.000334469 0.0473875 -0.412141 -0.000393218 0.999999 0.00123044 -1.4629 -0.047387 -0.00124769 0.998876 93.0683
0.998738 -0.000469053 0.050219 -0.339936 0.000325172 0.999996 0.0028732 -1.48183 -0.0502201 -0.00285324 0.998734 94.2105
0.998608 -0.00199711 0.0527038 -0.297684 0.00179138 0.999991 0.00395049 -1.50181 -0.0527112 -0.00385058 0.998602 95.3677
0.9985 -0.00296039 0.0546741 -0.240833 0.00285596 0.999994 0.00198802 -1.52465 -0.0546797 -0.00182889 0.998502 96.524
0.99838 -0.0043069 0.0567378 -0.183078 0.00439578 0.999989 -0.00144166 -1.55232 -0.056731 0.00168873 0.998388 97.6828
0.998239 -0.00371127 0.0592013 -0.128224 0.00397365 0.999983 -0.0043148 -1.57723 -0.0591843 0.00454245 0.998237 98.8513
0.998146 -0.00372117 0.0607533 -0.0508073 0.00405244 0.999978 -0.00533037 -1.5999 -0.0607321 0.00556669 0.998139 100.012
0.998112 -0.00343382 0.0613257 0.0158422 0.00374395 0.999981 -0.00494281 -1.62637 -0.0613076 0.00516308 0.998106 101.205
0.998163 -0.00341028 0.0604871 0.0742575 0.00360126 0.999989 -0.00304863 -1.65458 -0.060476 0.00326086 0.998164 102.374
0.998227 -0.0039923 0.059389 0.135097 0.0040931 0.99999 -0.00157569 -1.6833 -0.0593821 0.00181598 0.998234 103.544
0.998355 -0.00382785 0.0572006 0.204126 0.00388092 0.999992 -0.000816748 -1.70338 -0.057197 0.0010374 0.998362 104.775
0.998481 -0.00364152 0.0549838 0.261607 0.00365947 0.999993 -0.000225783 -1.72822 -0.0549826 0.000426651 0.998487 105.94
0.998644 -0.0031505 0.051959 0.319679 0.00316051 0.999995 -0.000110489 -1.74935 -0.0519584 0.000274556 0.998649 107.157
0.998845 -0.00191161 0.0480152 0.375889 0.00194109 0.999998 -0.000567254 -1.76868 -0.048014 0.0006598 0.998846 108.352
0.999029 -0.00157313 0.0440379 0.425793 0.00158702 0.999999 -0.000280407 -1.79604 -0.0440374 0.000350024 0.99903 109.563
0.99918 -0.000719858 0.0404798 0.463202 0.000697008 1 0.000578592 -1.81836 -0.0404802 -0.000549903 0.99918 110.775
0.999346 -0.000613644 0.0361643 0.4995 0.000555159 0.999999 0.00162721 -1.84545 -0.0361652 -0.00160607 0.999345 111.971
0.999506 -0.000502652 0.0314265 0.541546 0.000434335 0.999998 0.00218064 -1.866 -0.0314275 -0.00216591 0.999504 113.222
0.999642 -0.000103773 0.0267485 0.565464 3.75949e-05 0.999997 0.00247458 -1.88923 -0.0267487 -0.00247269 0.999639 114.414
0.999757 0.000618835 0.0220288 0.581542 -0.000671322 0.999997 0.00237536 -1.90776 -0.0220273 -0.00238957 0.999755 115.631
0.999856 0.00144198 0.0169379 0.606942 -0.00147558 0.999997 0.00197124 -1.93064 -0.0169351 -0.00199595 0.999855 116.892
0.999925 0.00235764 0.0119894 0.605271 -0.00237703 0.999996 0.00160341 -1.95373 -0.0119856 -0.00163179 0.999927 118.103
0.999957 0.00409118 0.00832687 0.611401 -0.00410222 0.999991 0.00130861 -1.97762 -0.00832144 -0.00134272 0.999964 119.359
0.999956 0.00651794 0.00668673 0.623224 -0.00652683 0.999978 0.00130962 -1.99383 -0.00667805 -0.0013532 0.999977 120.542
0.999959 0.00729188 0.00542996 0.605194 -0.00729926 0.999972 0.0013408 -2.02253 -0.00542003 -0.00138038 0.999984 121.792
0.999944 0.00951074 0.00469352 0.597937 -0.00951752 0.999954 0.00142286 -2.0464 -0.00467978 -0.00146745 0.999988 123.04
0.999936 0.010757 0.00359422 0.589861 -0.0107652 0.999939 0.00227284 -2.063 -0.00356956 -0.00231139 0.999991 124.281
0.99993 0.0113342 0.00353226 0.590097 -0.0113437 0.999932 0.0026808 -2.09445 -0.00350163 -0.00272068 0.99999 125.528
0.99989 0.0145637 0.00262594 0.568663 -0.0145757 0.999883 0.00458932 -2.11175 -0.0025588 -0.00462709 0.999986 126.752
0.999871 0.0159793 0.00174716 0.574596 -0.0159918 0.999845 0.00738804 -2.11496 -0.00162883 -0.00741503 0.999971 128.026
0.999901 0.0140125 0.00158421 0.564277 -0.0140243 0.999872 0.0076732 -2.14253 -0.00147649 -0.00769465 0.999969 129.277
0.999894 0.014528 0.000682038 0.562448 -0.0145318 0.999876 0.00599752 -2.15947 -0.000594821 -0.0060068 0.999982 130.529
0.999927 0.0120927 0.000513732 0.566098 -0.0120959 0.999904 0.00676542 -2.16561 -0.00043187 -0.00677114 0.999977 131.789
0.999959 0.00895891 -0.00123279 0.535339 -0.0089479 0.999922 0.0086597 -2.19029 0.00131027 -0.00864832 0.999962 133.043
0.999979 0.00631102 -0.00128836 0.552758 -0.00629715 0.999925 0.010502 -2.20008 0.00135454 -0.0104937 0.999944 134.31
0.999989 0.00429085 -0.00178359 0.537312 -0.00426941 0.999921 0.0118562 -2.21597 0.00183433 -0.0118484 0.999928 135.608
0.999998 -0.000252589 -0.00198124 0.529354 0.000272016 0.999952 0.00981096 -2.22572 0.00197867 -0.00981148 0.99995 136.857
0.999998 -0.00206249 -0.000841717 0.547613 0.0020698 0.999959 0.00878014 -2.22993 0.000823574 -0.00878187 0.999961 138.112
0.99999 -0.00418687 -0.00156419 0.522268 0.00420032 0.999953 0.00869342 -2.25345 0.00152772 -0.00869991 0.999961 139.386
0.999991 -0.00402416 -0.00134687 0.512764 0.00403612 0.999951 0.00899872 -2.2603 0.00131059 -0.00900407 0.999959 140.668
0.999993 -0.00373042 -0.000460405 0.505311 0.0037351 0.999937 0.0106213 -2.28044 0.000420754 -0.0106229 0.999943 141.97
0.999998 -0.00196444 0.000270041 0.493754 0.00196098 0.999923 0.0122875 -2.28386 -0.000294159 -0.012287 0.999924 143.212
0.999998 -0.0018615 0.00101066 0.485099 0.00185019 0.999937 0.0110834 -2.30387 -0.00103123 -0.0110816 0.999938 144.483
0.999998 -0.000412853 0.00186278 0.485591 0.000396457 0.999961 0.00879369 -2.31049 -0.00186634 -0.00879294 0.99996 145.796
0.999998 -0.00110505 0.00193225 0.47217 0.00109192 0.999976 0.00678318 -2.32501 -0.0019397 -0.00678105 0.999975 147.035
0.999994 -0.00195251 0.00300287 0.489386 0.00194381 0.999994 0.0028973 -2.35124 -0.00300851 -0.00289144 0.999991 148.312
0.999994 -0.00162942 0.00293554 0.473099 0.00163222 0.999998 -0.000950294 -2.37117 -0.00293399 0.00095508 0.999995 149.579
0.999993 -0.00187759 0.00322789 0.469595 0.00188301 0.999997 -0.00167666 -2.39461 -0.00322473 0.00168273 0.999993 150.841
0.999991 -0.00222109 0.00359036 0.466854 0.00222598 0.999997 -0.00136111 -2.43099 -0.00358732 0.00136909 0.999993 152.134
0.999993 -0.00181444 0.00314639 0.465873 0.00181757 0.999998 -0.000990206 -2.45222 -0.00314458 0.000995919 0.999995 153.39
0.999989 -0.00152058 0.00434786 0.490295 0.00151992 0.999999 0.000154267 -2.48295 -0.00434809 -0.000147657 0.999991 154.628
0.999993 -0.000886916 0.00354669 0.470018 0.000885126 0.999999 0.000506353 -2.50596 -0.00354714 -0.000503211 0.999994 155.943
0.999995 -0.000689191 0.00293312 0.458986 0.000688299 1 0.000305189 -2.53696 -0.00293333 -0.000303169 0.999996 157.211
0.999997 -0.000272716 0.00243685 0.453058 0.000271095 1 0.000665779 -2.56075 -0.00243703 -0.000665117 0.999997 158.428
0.999999 -0.000818963 0.000638162 0.444465 0.00081799 0.999999 0.00152336 -2.58571 -0.000639409 -0.00152284 0.999999 159.725
1 2.09743e-05 0.000898366 0.458367 -2.28898e-05 0.999998 0.00213222 -2.61483 -0.000898319 -0.00213224 0.999997 160.969
1 0.000176658 -0.000603156 0.422297 -0.000176025 0.999999 0.00104892 -2.64031 0.000603341 -0.00104881 0.999999 162.255
0.999999 0.00074921 -0.00109755 0.412924 -0.000749125 1 7.75863e-05 -2.66061 0.00109761 -7.6764e-05 0.999999 163.521
0.999998 0.00175727 -0.000572811 0.434036 -0.00175736 0.999998 -0.000166872 -2.68524 0.000572517 0.000167878 1 164.769
0.999997 0.00156755 -0.00173191 0.409981 -0.00156896 0.999998 -0.000816472 -2.71812 0.00173063 0.000819187 0.999998 166.071
0.999996 0.00197972 -0.00215963 0.396109 -0.00198339 0.999997 -0.0016964 -2.74527 0.00215626 0.00170068 0.999996 167.307
0.999993 0.00202956 -0.00303499 0.389259 -0.00203415 0.999997 -0.00150851 -2.77155 0.00303191 0.00151468 0.999994 168.558
0.999989 0.00190246 -0.00434798 0.361632 -0.00190406 0.999998 -0.000364686 -2.80056 0.00434728 0.000372961 0.99999 169.842
0.999987 0.0020884 -0.00469941 0.35269 -0.00208766 0.999998 0.000163019 -2.82591 0.00469974 -0.000153207 0.999989 171.137
0.999979 0.00257176 -0.00590573 0.331128 -0.0025683 0.999997 0.000592978 -2.85313 0.00590723 -0.000577798 0.999982 172.384
0.999977 0.00290455 -0.00607507 0.314743 -0.00289937 0.999995 0.000862411 -2.87988 0.00607755 -0.000844778 0.999981 173.626
0.99997 0.0035035 -0.00686393 0.307768 -0.00350277 0.999994 0.000117703 -2.90406 0.0068643 -9.36571e-05 0.999976 174.904
0.999964 0.00459585 -0.00713631 0.290934 -0.00459988 0.999989 -0.000549099 -2.93084 0.00713371 0.000581906 0.999974 176.203
0.999966 0.00441073 -0.00697999 0.253153 -0.00441135 0.99999 -7.43459e-05 -2.95662 0.00697959 0.000105135 0.999976 177.434
0.999963 0.00459531 -0.00724684 0.258694 -0.0046034 0.999989 -0.00110038 -2.97945 0.0072417 0.0011337 0.999973 178.735
0.999966 0.00364586 -0.00740794 0.245259 -0.00366532 0.99999 -0.00261493 -3.01101 0.00739833 0.00264199 0.999969 179.993
0.999972 -0.00034115 -0.00743395 0.216295 0.000323073 0.999997 -0.00243273 -3.05898 0.00743476 0.00243026 0.999969 181.258
0.999967 0.000475048 -0.00813037 0.207773 -0.000470831 1 0.000520538 -3.06433 0.00813061 -0.000516693 0.999967 182.48
0.999965 -0.0012006 -0.00822576 0.178264 0.00124223 0.999986 0.00505851 -3.08912 0.00821957 -0.00506855 0.999953 183.779
0.999964 0.0003422 -0.00849375 0.165351 -0.000300379 0.999988 0.00492449 -3.12171 0.00849534 -0.00492176 0.999952 185.03
0.999965 0.0016072 -0.00815089 0.141172 -0.00159317 0.999997 0.00172784 -3.13951 0.00815364 -0.0017148 0.999965 186.296
0.999958 0.00197169 -0.00892999 0.121143 -0.00197209 0.999998 -3.57657e-05 -3.16932 0.0089299 5.33749e-05 0.99996 187.531
0.999964 0.00215205 -0.00823445 0.0958768 -0.00215423 0.999998 -0.00025599 -3.19764 0.00823388 0.000273719 0.999966 188.778
0.999967 0.00195847 -0.0078639 0.0798995 -0.00195139 0.999998 0.000908066 -3.21929 0.00786566 -0.000892691 0.999969 190.034
0.999968 0.00212232 -0.00773358 0.0666241 -0.00209978 0.999994 0.00292201 -3.2377 0.00773973 -0.00290568 0.999966 191.236
0.999973 0.0012084 -0.00719366 0.0524922 -0.00117954 0.999991 0.00401495 -3.26663 0.00719845 -0.00400635 0.999966 192.52
0.999977 0.00150074 -0.00656285 0.0369145 -0.0014774 0.999993 0.00355932 -3.28604 0.00656815 -0.00354954 0.999972 193.751
0.999988 4.30978e-05 -0.00489474 0.0317515 -3.26702e-05 0.999998 0.00213043 -3.32134 0.00489482 -0.00213025 0.999986 194.974
0.999995 0.000966578 -0.0028559 0.00626927 -0.000965326 0.999999 0.000439746 -3.34142 0.00285633 -0.000436987 0.999996 196.209
0.999998 -0.000634362 -0.00171309 0.00674373 0.000634465 1 5.95163e-05 -3.36973 0.00171305 -6.06031e-05 0.999999 197.409
1 -5.38714e-05 6.42128e-05 -0.00597301 5.38214e-05 1 0.00077808 -3.39813 -6.42547e-05 -0.000778077 1 198.651
0.999999 -0.000897981 0.000644462 -0.0105528 0.000896458 0.999997 0.00235927 -3.41827 -0.000646579 -0.00235869 0.999997 199.848
0.999999 -0.000152212 0.00149987 -0.0148444 0.000147715 0.999995 0.00299809 -3.44771 -0.00150032 -0.00299786 0.999994 201.073
0.999996 -5.3052e-05 0.00291186 -0.0198164 4.47348e-05 0.999996 0.0028563 -3.47205 -0.002912 -0.00285616 0.999992 202.305
0.999991 0.000799034 0.00421354 -0.015504 -0.000811874 0.999995 0.0030465 -3.49246 -0.00421108 -0.00304989 0.999986 203.457
0.999986 0.000437492 0.00525021 -0.0156795 -0.000455216 0.999994 0.00337524 -3.51948 -0.0052487 -0.00337758 0.999981 204.689
0.999981 0.00133491 0.00594934 -0.0159945 -0.00135429 0.999994 0.00325561 -3.54345 -0.00594496 -0.00326361 0.999977 205.83
0.999975 0.00100555 0.00701254 -0.0272106 -0.00102894 0.999994 0.00333279 -3.56398 -0.00700914 -0.00333992 0.99997 206.999
0.999971 -0.000302371 0.00759923 -0.0177131 0.000276841 0.999994 0.0033604 -3.59625 -0.00760021 -0.0033582 0.999965 208.193
0.99997 -0.000196124 0.00776706 -0.0198359 0.000166648 0.999993 0.00379541 -3.61472 -0.00776775 -0.003794 0.999963 209.308
0.999973 -0.00123037 0.00718381 -0.0192632 0.00119359 0.999986 0.00512133 -3.64389 -0.00719002 -0.00511262 0.999961 210.468
0.999977 -0.000666458 0.00668427 -0.0225034 0.000632324 0.999987 0.00510745 -3.6594 -0.00668759 -0.00510311 0.999965 211.555
0.999982 -0.00051044 0.00599006 -0.017462 0.000484587 0.999991 0.00431676 -3.68601 -0.0059922 -0.00431378 0.999973 212.67
0.999984 -0.000236633 0.00573875 -0.0257207 0.000216221 0.999994 0.00355709 -3.7069 -0.00573956 -0.00355579 0.999977 213.759
0.999988 -0.000510825 0.00488347 -0.0312621 0.000494456 0.999994 0.0033526 -3.7295 -0.00488515 -0.00335014 0.999982 214.823
0.999992 -0.00096336 0.00384107 -0.0236653 0.000949913 0.999993 0.00350104 -3.75836 -0.00384442 -0.00349736 0.999986 215.891
0.999996 -0.00113203 0.00243239 -0.031625 0.00112219 0.999991 0.0040396 -3.77523 -0.00243694 -0.00403685 0.999989 216.914
0.999997 -0.00236992 0.000455086 -0.0213919 0.00236744 0.999983 0.00536666 -3.79872 -0.000467797 -0.00536557 0.999985 217.952
0.999996 -0.0022098 -0.0017617 -0.0268797 0.00222245 0.999972 0.00720888 -3.81392 0.00174572 -0.00721277 0.999972 218.993
0.999989 -0.0017565 -0.00429318 -0.0415066 0.00178839 0.999971 0.0074355 -3.84104 0.00428 -0.0074431 0.999963 219.986
0.999976 -0.00139667 -0.0068156 -0.0572367 0.00144495 0.999974 0.00708321 -3.85541 0.00680553 -0.00709288 0.999952 220.992
0.999954 -0.00119874 -0.00949767 -0.0736554 0.0012674 0.999973 0.00722588 -3.87299 0.00948875 -0.00723758 0.999929 221.943
0.999923 -0.000833208 -0.0123835 -0.0946596 0.000929107 0.99997 0.00774036 -3.8937 0.0123767 -0.00775127 0.999893 222.882
0.999883 -0.000449096 -0.0153077 -0.111839 0.000563758 0.999972 0.00748698 -3.91306 0.015304 -0.00749473 0.999855 223.825
0.999833 -0.000686805 -0.0182613 -0.13957 0.000815222 0.999975 0.00702572 -3.92691 0.018256 -0.00703943 0.999809 224.704
0.999769 -0.000974347 -0.0214899 -0.166377 0.00111343 0.999979 0.0064611 -3.95051 0.0214831 -0.00648353 0.999748 225.604
0.999696 -0.000146373 -0.0246515 -0.192234 0.000299779 0.999981 0.0062194 -3.95644 0.0246501 -0.0062249 0.999677 226.445
0.999618 0.000641204 -0.0276404 -0.21382 -0.000481546 0.999983 0.00578251 -3.98753 0.0276437 -0.00576699 0.999601 227.281
0.999555 0.00220932 -0.0297544 -0.259818 -0.00204218 0.999982 0.00564664 -3.99891 0.0297664 -0.00558336 0.999541 228.1
0.999521 0.00316575 -0.0307719 -0.287986 -0.00298544 0.999978 0.00590378 -4.0128 0.0307899 -0.00580909 0.999509 228.886
0.99953 0.00306867 -0.0305008 -0.319969 -0.00285853 0.999972 0.00693076 -4.03404 0.0305212 -0.00684031 0.999511 229.683
0.999546 0.00306031 -0.0299704 -0.345825 -0.00283598 0.999968 0.00752486 -4.0451 0.0299924 -0.00743645 0.999522 230.425
0.999549 0.00290014 -0.0298826 -0.370158 -0.00268612 0.99997 0.00719961 -4.06468 0.0299026 -0.00711609 0.999527 231.182
0.999574 0.00337984 -0.0289947 -0.399769 -0.00321933 0.999979 0.00558071 -4.07449 0.0290129 -0.00548499 0.999564 231.905
0.999593 0.003618 -0.0282816 -0.422762 -0.00352229 0.999988 0.00343349 -4.09056 0.0282937 -0.00333248 0.999594 232.622
0.999627 0.00378278 -0.0270579 -0.442501 -0.00372866 0.999991 0.00205053 -4.11238 0.0270654 -0.00194887 0.999632 233.372
0.999651 0.00440113 -0.0260298 -0.463501 -0.00436097 0.999989 0.00159946 -4.11758 0.0260366 -0.00148539 0.99966 234.09
0.999704 0.00395529 -0.0239865 -0.488289 -0.00392305 0.999991 0.00139129 -4.13674 0.0239918 -0.00129677 0.999711 234.801
0.999751 0.0034958 -0.0220213 -0.508292 -0.00346552 0.999993 0.00141318 -4.15229 0.0220261 -0.00133651 0.999757 235.536
0.999789 0.00352639 -0.0202546 -0.527473 -0.00350171 0.999993 0.0012541 -4.16474 0.0202589 -0.00118291 0.999794 236.222
0.999835 0.0033594 -0.017854 -0.546565 -0.00334315 0.999994 0.000939495 -4.18143 0.0178571 -0.000879651 0.99984 236.933
0.999878 0.00324051 -0.0152627 -0.558122 -0.00322304 0.999994 0.00116932 -4.1935 0.0152664 -0.00111999 0.999883 237.637
0.999926 0.00209598 -0.0120118 -0.568918 -0.00207521 0.999996 0.00174208 -4.20686 0.0120154 -0.00171702 0.999926 238.335
0.999954 0.0012137 -0.00947709 -0.578202 -0.00119397 0.999997 0.00208744 -4.22556 0.00947959 -0.00207603 0.999953 239.086
0.999978 0.000983481 -0.00659122 -0.582697 -0.000968631 0.999997 0.00225591 -4.24131 0.00659342 -0.00224948 0.999976 239.762
0.999994 0.000705692 -0.00332528 -0.592753 -0.0006994 0.999998 0.00189301 -4.25562 0.00332661 -0.00189067 0.999993 240.462
1 0.000664673 -0.000204574 -0.595123 -0.000664331 0.999998 0.00166852 -4.26825 0.000205683 -0.00166839 0.999999 241.128
0.999995 0.00154007 0.00281112 -0.602777 -0.0015422 0.999999 0.00075452 -4.27783 -0.00280995 -0.000758852 0.999996 241.809
0.999981 0.00144643 0.00596692 -0.605032 -0.00144816 0.999999 0.000286462 -4.29465 -0.0059665 -0.000295098 0.999982 242.519
0.999964 0.00152079 0.00837624 -0.594568 -0.00152938 0.999998 0.00101927 -4.30606 -0.00837468 -0.00103204 0.999964 243.212
0.99994 0.00197703 0.0108198 -0.597072 -0.00199599 0.999996 0.00174129 -4.32032 -0.0108164 -0.00176278 0.99994 243.922
0.999915 0.00168724 0.0129553 -0.587508 -0.00170751 0.999997 0.00155382 -4.33405 -0.0129526 -0.00157581 0.999915 244.615
0.999884 0.00158117 0.0151291 -0.573821 -0.00158141 0.999999 3.66154e-06 -4.34924 -0.015129 -2.75864e-05 0.999886 245.34
0.999851 0.00188247 0.0171489 -0.576009 -0.00184515 0.999996 -0.00219162 -4.36342 -0.0171529 0.00215965 0.999851 246.03
0.999839 0.00111987 0.017932 -0.565154 -0.00104925 0.999992 -0.0039474 -4.37561 -0.0179363 0.00392794 0.999831 246.75
0.999829 0.000808489 0.0184753 -0.559217 -0.000728508 0.99999 -0.00433539 -4.38787 -0.0184786 0.00432119 0.99982 247.489
0.999834 0.000529129 0.0181916 -0.54004 -0.000443664 0.999989 -0.00470175 -4.4097 -0.0181939 0.0046929 0.999823 248.211
0.999833 0.00115027 0.0182453 -0.539988 -0.00105687 0.999986 -0.00512786 -4.42511 -0.0182509 0.00510772 0.99982 248.966
0.999823 0.00190153 0.0187272 -0.531819 -0.00179684 0.999983 -0.00560541 -4.43648 -0.0187375 0.00557077 0.999809 249.696
0.999821 0.00116252 0.0189105 -0.53665 -0.00101863 0.99997 -0.00761697 -4.45545 -0.0189188 0.00759634 0.999792 250.448
0.999814 -0.00284004 0.0190813 -0.504128 0.00302653 0.999948 -0.00975178 -4.4797 -0.0190526 0.00980771 0.99977 251.214
0.999796 -0.00468007 0.0196653 -0.50056 0.00488147 0.999936 -0.0102062 -4.50976 -0.0196163 0.0103002 0.999755 251.946
0.999792 -0.00381499 0.0200435 -0.485733 0.00395237 0.999969 -0.00681888 -4.52422 -0.0200168 0.00689668 0.999776 252.754
0.999786 0.00086921 0.0206865 -0.47921 -0.000851901 0.999999 -0.000845509 -4.52979 -0.0206872 0.000827705 0.999786 253.504
0.999769 -0.00150962 0.021455 -0.459771 0.0014568 0.999996 0.00247709 -4.53176 -0.0214586 -0.00244526 0.999767 254.305
0.999702 -0.00349238 0.0241539 -0.453319 0.00346592 0.999993 0.0011373 -4.55799 -0.0241577 -0.00105324 0.999708 255.073
0.999611 -0.000807099 0.0278606 -0.437422 0.000948957 0.999987 -0.00507887 -4.57944 -0.0278561 0.00510333 0.999599 255.876
0.999468 0.0022266 0.0325239 -0.442026 -0.00193851 0.999959 -0.00888686 -4.59014 -0.0325423 0.00881909 0.999431 256.69
0.999372 0.00320995 0.0352998 -0.405693 -0.0028943 0.999955 -0.00898952 -4.60869 -0.035327 0.0088817 0.999336 257.518
0.999263 0.00181453 0.0383544 -0.376691 -0.00155926 0.999976 -0.00668438 -4.62767 -0.0383656 0.00661965 0.999242 258.35
0.999153 -0.00229188 0.0410872 -0.339642 0.00244629 0.99999 -0.00370837 -4.63974 -0.0410783 0.00380574 0.999149 259.214
0.999042 -0.00452236 0.0435353 -0.29054 0.00460936 0.999988 -0.00189831 -4.66696 -0.0435262 0.00209716 0.99905 260.038
0.998891 -0.00522921 0.0467821 -0.258271 0.00530383 0.999985 -0.001471 -4.67937 -0.0467737 0.0017175 0.998904 260.89
0.998786 -0.002154 0.0492043 -0.227083 0.00231972 0.999992 -0.00331126 -4.70018 -0.0491968 0.00342138 0.998783 261.718
0.998664 -0.00112854 0.0516526 -0.192581 0.00141689 0.999984 -0.00554636 -4.72694 -0.0516455 0.00561213 0.99865 262.54
0.998531 -0.000661674 0.0541754 -0.150057 0.000986694 0.999982 -0.00597286 -4.74394 -0.0541705 0.00601755 0.998514 263.41
0.998383 0.00045083 0.056842 -0.105663 -0.000229484 0.999992 -0.00390052 -4.765 -0.0568433 0.00388117 0.998376 264.23
0.998173 -6.00946e-05 0.0604137 -0.0655334 0.000197504 0.999997 -0.00226851 -4.77761 -0.0604134 0.00227629 0.998171 265.089
0.998036 0.00179404 0.0626101 -0.0159752 -0.00165722 0.999996 -0.00223716 -4.80236 -0.0626139 0.00212901 0.998036 265.92
0.997843 0.00148158 0.0656232 0.032421 -0.00130399 0.999995 -0.00274883 -4.82365 -0.065627 0.00265733 0.997841 266.763
0.997683 6.02236e-05 0.0680387 0.0863834 0.000152671 0.999995 -0.00312382 -4.8431 -0.0680385 0.00312697 0.997678 267.633
0.997546 -0.00261551 0.0699631 0.143699 0.00279868 0.999993 -0.00252014 -4.86132 -0.069956 0.00270976 0.997546 268.454
0.997459 -0.00450341 0.0711036 0.192204 0.00467444 0.999987 -0.00223917 -4.88019 -0.0710926 0.00256585 0.997466 269.302
0.997451 -0.00485073 0.0711932 0.259995 0.00503268 0.999985 -0.00237659 -4.90156 -0.0711806 0.00272882 0.99746 270.158
0.997408 -0.00542117 0.0717472 0.316893 0.00559648 0.999982 -0.00224263 -4.91491 -0.0717338 0.00263835 0.99742 271.001
0.997435 -0.00534036 0.0713812 0.369913 0.00548605 0.999983 -0.00184513 -4.93238 -0.0713702 0.002232 0.997447 271.88
0.997479 -0.0048456 0.0707987 0.425823 0.00495635 0.999987 -0.00138871 -4.95127 -0.070791 0.00173612 0.99749 272.737
0.997542 -0.0047914 0.0699095 0.477601 0.00494571 0.999986 -0.00203445 -4.97642 -0.0698988 0.0023752 0.997551 273.595
0.997673 -0.00490249 0.068 0.535347 0.00511634 0.999982 -0.00297111 -4.9946 -0.0679842 0.00331211 0.997681 274.437
0.997791 -0.00377855 0.0663257 0.591431 0.00404036 0.999985 -0.00381351 -5.01502 -0.0663103 0.00407307 0.997791 275.298
0.997877 -0.00280543 0.0650666 0.634338 0.00306836 0.999988 -0.00394139 -5.03748 -0.0650547 0.00413267 0.997873 276.169
0.997987 -0.0015639 0.0633949 0.68223 0.00183016 0.99999 -0.00414214 -5.05993 -0.0633877 0.00424983 0.99798 277.014
0.998121 -0.00141034 0.0612607 0.72953 0.00164858 0.999991 -0.00383851 -5.07822 -0.0612547 0.00393229 0.998114 277.864
0.998288 -0.00121375 0.0584718 0.766512 0.00135807 0.999996 -0.00242861 -5.10213 -0.0584686 0.00250386 0.998286 278.702
0.998516 -0.00283791 0.0543826 0.81347 0.00283504 0.999996 0.000129829 -5.12277 -0.0543828 2.45405e-05 0.99852 279.538
0.998779 -0.00422575 0.0492142 0.849281 0.0041309 0.999989 0.00202889 -5.14733 -0.0492223 -0.00182311 0.998786 280.408
0.998999 -0.00442762 0.044507 0.882742 0.00428951 0.999986 0.00319807 -5.16319 -0.0445205 -0.00300395 0.999004 281.219
0.999199 -0.00498653 0.0397119 0.909099 0.0048324 0.99998 0.00397631 -5.18109 -0.039731 -0.00378122 0.999203 282.067
0.999377 -0.00560328 0.0348432 0.927697 0.00545589 0.999976 0.00432372 -5.19279 -0.0348666 -0.00413093 0.999383 282.888
0.999524 -0.00636153 0.0301767 0.945405 0.00622814 0.99997 0.00451212 -5.21377 -0.0302045 -0.00432203 0.999534 283.673
0.99963 -0.00682437 0.0263353 0.963222 0.0067126 0.999968 0.00433016 -5.2291 -0.026364 -0.00415178 0.999644 284.441
0.999739 -0.00628736 0.0219665 0.969521 0.00619906 0.999972 0.00408596 -5.24252 -0.0219916 -0.00394873 0.99975 285.229
0.99981 -0.00580224 0.0185982 0.986342 0.00572712 0.999975 0.00409013 -5.2556 -0.0186214 -0.00398284 0.999819 285.975
0.999866 -0.00628134 0.0151413 1.00091 0.00621966 0.999972 0.00411717 -5.27495 -0.0151667 -0.00402244 0.999877 286.695
0.999918 -0.00715314 0.0106215 1.00098 0.00711702 0.999969 0.00343403 -5.29333 -0.0106458 -0.00335815 0.999938 287.409
0.999961 -0.00667173 0.00571505 0.992896 0.00666062 0.999976 0.00196045 -5.30425 -0.005728 -0.00192231 0.999982 288.11
0.999993 -0.00378693 -0.000573925 0.990098 0.00378685 0.999993 -0.000141756 -5.32502 0.000574458 0.000139581 1 288.782
0.999954 -0.00353261 -0.00892427 0.969936 0.00351665 0.999992 -0.00180371 -5.33789 0.00893057 0.00177224 0.999959 289.436
0.999806 -0.00373719 -0.0193272 0.957675 0.00367998 0.999989 -0.00299477 -5.35474 0.0193381 0.00292307 0.999809 290.075
0.999463 -0.00370016 -0.0325668 0.922414 0.00359251 0.999988 -0.00336331 -5.37367 0.0325788 0.0032445 0.999464 290.701
0.998768 -0.00255717 -0.0495552 0.887183 0.00242718 0.999993 -0.00268322 -5.40039 0.0495617 0.00255963 0.998768 291.328
0.997602 -0.000747519 -0.0692112 0.829715 0.000607104 0.999998 -0.0020498 -5.40101 0.0692126 0.00200286 0.9976 291.926
0.995817 0.00127489 -0.0913568 0.763779 -0.0014947 0.999996 -0.0023377 -5.42016 0.0913535 0.00246448 0.995815 292.493
0.993145 0.00274974 -0.116857 0.688003 -0.00304843 0.999993 -0.00237737 -5.43492 0.11685 0.00271731 0.993146 293.084
0.989552 0.00457493 -0.144107 0.598417 -0.00491102 0.999986 -0.00197658 -5.45148 0.144096 0.00266364 0.98956 293.639
0.984549 0.00546415 -0.175023 0.483008 -0.00572345 0.999983 -0.000976777 -5.45885 0.175015 0.00196342 0.984564 294.16
0.978038 0.00575303 -0.20835 0.354092 -0.00573283 0.999983 0.000700815 -5.47806 0.20835 0.000509008 0.978054 294.709
0.96976 0.0061914 -0.243981 0.210472 -0.00572931 0.99998 0.00260358 -5.49236 0.243993 -0.001127 0.969776 295.22
0.959559 0.00761983 -0.281406 0.056822 -0.00646048 0.999966 0.00504739 -5.5045 0.281435 -0.00302525 0.959576 295.691
0.947462 0.00951044 -0.319728 -0.129233 -0.00746122 0.999943 0.00763359 -5.51143 0.319783 -0.00484697 0.947479 296.196
0.932951 0.010311 -0.359854 -0.317614 -0.00734979 0.999927 0.00959626 -5.51945 0.359927 -0.00630799 0.932959 296.648
0.916642 0.0106009 -0.399568 -0.558537 -0.0065983 0.999913 0.0113915 -5.53184 0.399655 -0.00780549 0.916633 297.105
0.897458 0.0107704 -0.440969 -0.793859 -0.00587983 0.999905 0.0124554 -5.53167 0.441062 -0.00858537 0.897436 297.543
0.87516 0.0101749 -0.483727 -1.00323 -0.0041891 0.999901 0.0134534 -5.54091 0.483816 -0.00974751 0.875116 297.95
0.850362 0.00992532 -0.526105 -1.30555 -0.00262879 0.99989 0.0146146 -5.55014 0.526192 -0.0110447 0.850294 298.348
0.822219 0.0105676 -0.569073 -1.59774 -0.00154789 0.999865 0.0163309 -5.55428 0.569169 -0.0125467 0.822125 298.747
0.790758 0.0117533 -0.612016 -1.87194 -0.00170307 0.999854 0.017001 -5.54864 0.612126 -0.0124014 0.790663 299.096
0.756639 0.0115931 -0.65373 -2.22707 -0.000400728 0.999851 0.0172674 -5.55276 0.653832 -0.0128032 0.756531 299.415
0.718137 0.0105344 -0.695822 -2.52826 0.0035848 0.999816 0.0188366 -5.55019 0.695892 -0.0160216 0.717967 299.723
0.675288 0.0102876 -0.737483 -2.93083 0.00935105 0.999703 0.0225079 -5.55818 0.737495 -0.0220955 0.674991 300.029
0.628194 0.0111086 -0.777977 -3.29095 0.0134872 0.999592 0.0251635 -5.56107 0.77794 -0.0263003 0.627788 300.293
0.577873 0.0155335 -0.815979 -3.59425 0.0124641 0.999534 0.0278548 -5.57115 0.816031 -0.0262669 0.57741 300.513
0.525596 0.0212067 -0.85047 -4.04288 0.00807094 0.99952 0.0299112 -5.55485 0.850696 -0.0225853 0.525173 300.734
0.47104 0.0254 -0.881746 -4.43899 0.00466436 0.9995 0.0312838 -5.54488 0.882099 -0.0188487 0.470686 300.919
0.414159 0.0285794 -0.909756 -4.77898 0.00372673 0.999445 0.0330935 -5.55068 0.910197 -0.0170964 0.413823 301.059
0.3568 0.0308235 -0.933672 -5.21635 0.00492813 0.999379 0.034876 -5.5408 0.934168 -0.017045 0.356426 301.151
0.298143 0.0341608 -0.95391 -5.57625 0.00714186 0.999252 0.0380167 -5.5432 0.954495 -0.0181471 0.297676 301.287
0.238711 0.0376351 -0.970361 -6.04353 0.0089621 0.999121 0.0409552 -5.52449 0.971049 -0.0184729 0.238164 301.304
0.176702 0.0411786 -0.983403 -6.46472 0.0111731 0.998976 0.0438383 -5.53729 0.984201 -0.018734 0.176061 301.336
0.113524 0.0456278 -0.992487 -6.80581 0.011441 0.998819 0.0472276 -5.51879 0.993469 -0.0167166 0.112868 301.427
0.0484168 0.0506625 -0.997542 -7.31138 0.0135798 0.998587 0.0513747 -5.50499 0.998735 -0.0160338 0.0476604 301.352
-0.0181184 0.0573972 -0.998187 -7.76119 0.0149646 0.998255 0.0571295 -5.48732 0.999724 -0.0139024 -0.0189457 301.307
-0.085161 0.0638302 -0.994321 -8.15502 0.0172327 0.997891 0.0625834 -5.47372 0.996218 -0.0118052 -0.0860813 301.306
-0.152048 0.0696024 -0.985919 -8.6682 0.0195576 0.997534 0.0674062 -5.44604 0.98818 -0.00903329 -0.153034 301.123
-0.217094 0.0764064 -0.973156 -9.051 0.0235499 0.997052 0.0730289 -5.43662 0.975866 -0.00706357 -0.218254 301.094
-0.281428 0.0807888 -0.956176 -9.57285 0.0280059 0.996717 0.0759713 -5.40815 0.959174 -0.0053981 -0.282766 300.858
-0.343992 0.083281 -0.935272 -10.0514 0.0321907 0.996519 0.076895 -5.37907 0.938421 -0.00365579 -0.345475 300.65
-0.403789 0.083929 -0.910994 -10.4889 0.0359856 0.996469 0.0758535 -5.35503 0.914144 -0.00215388 -0.405384 300.474
-0.458794 0.0842532 -0.884539 -10.9565 0.0386684 0.996444 0.0748557 -5.32157 0.887701 0.000139652 -0.460421 300.154
-0.511329 0.0839009 -0.85528 -11.423 0.0410815 0.996471 0.0731909 -5.28689 0.858403 0.00228848 -0.512971 299.899
-0.557613 0.0842332 -0.825816 -11.8869 0.0429772 0.996434 0.0726168 -5.25713 0.828987 0.00500088 -0.559245 299.513
-0.598441 0.0850513 -0.796639 -12.3421 0.0447183 0.996345 0.0727797 -5.20974 0.799918 0.00793004 -0.600057 299.161
-0.636224 0.0882294 -0.766443 -12.8305 0.0494611 0.99606 0.0736043 -5.16438 0.769917 0.00891965 -0.638081 298.765
-0.672921 0.0954073 -0.733536 -13.2942 0.0579905 0.9954 0.0762681 -5.1473 0.737438 0.00878427 -0.675358 298.28
-0.709506 0.100532 -0.697491 -13.7711 0.0647081 0.994885 0.0775736 -5.10471 0.701722 0.00990558 -0.712382 297.818
-0.741637 0.102964 -0.662852 -14.1919 0.06858 0.99461 0.0777658 -5.06972 0.667287 0.0122156 -0.744701 297.302
-0.772896 0.0999939 -0.626604 -14.651 0.0691685 0.994897 0.0734492 -5.00401 0.630751 0.0134273 -0.775869 296.741
-0.80008 0.0966878 -0.59205 -15.068 0.0699826 0.995231 0.0679587 -4.99296 0.595797 0.0129393 -0.803031 296.135
-0.825603 0.0916393 -0.556761 -15.4794 0.0692124 0.995719 0.0612562 -4.91898 0.559991 0.0120385 -0.828411 295.488
-0.848861 0.0884655 -0.521161 -15.8842 0.069167 0.996009 0.056411 -4.91783 0.524072 0.011838 -0.851592 294.825
-0.869925 0.0873061 -0.485396 -16.2694 0.0695297 0.996087 0.0545512 -4.85111 0.488259 0.0137061 -0.872591 294.073
-0.889884 0.0842992 -0.44833 -16.644 0.0679156 0.996307 0.0525303 -4.81813 0.451103 0.0162973 -0.892323 293.34
-0.90771 0.0826109 -0.411385 -16.9881 0.0680362 0.99643 0.0499748 -4.78963 0.414045 0.0173736 -0.910091 292.539
-0.924176 0.0849695 -0.372397 -17.3241 0.0719204 0.996215 0.0488208 -4.74839 0.375136 0.0183361 -0.926788 291.749
-0.938286 0.0881663 -0.334434 -17.6188 0.0762807 0.995904 0.0485359 -4.74243 0.337344 0.0200297 -0.941168 290.888
-0.951067 0.088613 -0.296004 -17.9014 0.0776533 0.995795 0.0486035 -4.67917 0.299067 0.0232394 -0.953949 290.007
-0.961726 0.0926164 -0.257888 -18.1674 0.0827219 0.995368 0.0489814 -4.64958 0.26123 0.0257737 -0.964932 289.065
-0.970734 0.0921458 -0.221777 -18.3702 0.0836771 0.99537 0.047304 -4.60802 0.225109 0.0273619 -0.973949 288.106
