1 0 0 0 0 1 0 0 0 0 1 0
0.999979 0.000425049 -0.00640433 -0.00526541 -0.000423774 1 0.000200477 0.00190322 0.00640441 -0.000197759 0.999979 0.095436
0.999912 0.00045772 -0.013284 -0.0131526 -0.0004538 1 0.000298104 -0.00194292 0.0132841 -0.000292049 0.999912 0.193549
0.99979 0.000622839 -0.020472 -0.01991 -0.000622212 1 3.69903e-05 -0.00403516 0.020472 -2.42447e-05 0.99979 0.288726
0.999548 0.000666777 -0.03006 -0.0353122 -0.000715811 0.999998 -0.00162049 -0.00169774 0.0300589 0.00164127 0.999547 0.420034
0.999148 0.000610909 -0.0412675 -0.0458905 -0.00073506 0.999995 -0.00299335 -0.00909696 0.0412654 0.00302113 0.999144 0.522437
0.998496 0.000822369 -0.054824 -0.0622426 -0.00104899 0.999991 -0.0041049 -0.00630374 0.0548201 0.00415623 0.998488 0.673917
0.997465 0.000689797 -0.0711544 -0.0854816 -0.00100795 0.99999 -0.00443554 -0.00586498 0.0711506 0.00449602 0.997455 0.796258
0.996004 2.08895e-05 -0.0893132 -0.104554 -0.000413462 0.99999 -0.00437696 -0.00608044 0.0893122 0.00439639 0.995994 0.91936
0.994007 -0.00100796 -0.109311 -0.136529 0.000538787 0.999991 -0.00432155 -0.0134022 0.109314 0.00423676 0.993998 1.10105
0.991301 -0.00106777 -0.131612 -0.182084 0.0004505 0.999989 -0.00471972 -0.0188368 0.131616 0.00461937 0.99129 1.26768
0.987753 0.00254943 -0.156003 -0.227964 -0.00351678 0.999976 -0.00592513 -0.0233136 0.155985 0.0064012 0.987739 1.44349
0.983415 0.00697335 -0.181237 -0.281136 -0.00854142 0.999933 -0.007873 -0.0281393 0.18117 0.00929045 0.983408 1.62519
0.978072 0.00952261 -0.208049 -0.343063 -0.011511 0.999899 -0.0083489 -0.0342509 0.207948 0.0105607 0.978083 1.80291
0.971229 0.0104385 -0.237919 -0.415404 -0.0128773 0.999879 -0.00869825 -0.0417474 0.237799 0.0115117 0.971246 2.00767
0.963362 0.0127981 -0.267899 -0.486706 -0.0155032 0.999848 -0.00798478 -0.0467068 0.267756 0.0118455 0.963414 2.19279
0.953886 0.0147024 -0.299807 -0.572043 -0.0176302 0.99982 -0.00706282 -0.0513748 0.299649 0.0120228 0.953974 2.4007
0.942906 0.0171262 -0.332619 -0.67236 -0.0202032 0.999779 -0.00579434 -0.0602206 0.332446 0.0121835 0.943043 2.59156
0.930436 0.0193389 -0.365943 -0.772621 -0.0229484 0.999721 -0.00551596 -0.0581308 0.365734 0.0135301 0.930621 2.77527
0.916446 0.0224799 -0.399527 -0.892954 -0.0265638 0.999636 -0.004687 -0.0585968 0.399277 0.0149084 0.916709 2.99031
0.900539 0.023251 -0.434152 -1.01263 -0.0277802 0.999606 -0.00408917 -0.0567038 0.433886 0.0157433 0.90083 3.18518
0.882177 0.0191418 -0.470528 -1.13727 -0.0241761 0.999697 -0.00465768 -0.0549729 0.470296 0.0154844 0.882373 3.37597
0.86103 0.0150472 -0.508331 -1.28419 -0.0203026 0.999782 -0.00479465 -0.0636607 0.508148 0.0144488 0.861149 3.58517
0.836492 0.0169 -0.547719 -1.42851 -0.0212855 0.999772 -0.00165949 -0.0690747 0.547566 0.0130466 0.836661 3.78469
0.807907 0.0219413 -0.588902 -1.61931 -0.0256887 0.999668 0.00200352 -0.0777286 0.58875 0.0135095 0.808202 3.96827
0.775477 0.0253464 -0.630866 -1.81515 -0.0292478 0.999563 0.00420749 -0.0850552 0.630697 0.0151886 0.77588 4.15564
0.740084 0.0252135 -0.672042 -2.004 -0.0294579 0.999553 0.00506061 -0.0698296 0.671869 0.0160517 0.740496 4.28891
0.701439 0.0214153 -0.712408 -2.2364 -0.0240909 0.99969 0.00633116 -0.0844228 0.712322 0.0127216 0.701737 4.53982
0.658886 0.0181861 -0.752023 -2.46258 -0.0193475 0.999787 0.00722643 -0.0884588 0.751994 0.00978839 0.659098 4.68091
0.614298 0.0178392 -0.788872 -2.71019 -0.0168868 0.999813 0.00945948 -0.085795 0.788893 0.00751062 0.614484 4.84241
0.566352 0.0186236 -0.823953 -2.98634 -0.0148058 0.999813 0.0124216 -0.0803485 0.82403 0.00516432 0.566522 5.00449
0.516697 0.0195086 -0.855946 -3.29114 -0.0135141 0.999802 0.0146295 -0.086866 0.856062 0.00400827 0.516858 5.13584
0.463898 0.0206136 -0.885649 -3.57136 -0.0126109 0.999782 0.0166645 -0.0798491 0.885799 0.00343816 0.464057 5.25327
0.410265 0.0229564 -0.911677 -3.93023 -0.0117218 0.999733 0.0198987 -0.0787944 0.911891 0.00252279 0.410425 5.36809
0.354503 0.0252946 -0.934713 -4.24144 -0.0114058 0.999677 0.0227268 -0.0741159 0.934985 0.00260445 0.354677 5.47167
0.299909 0.0281165 -0.953553 -4.64355 -0.00944796 0.999604 0.0265028 -0.0697878 0.953921 0.00106069 0.300056 5.54773
0.246594 0.0298808 -0.968658 -5.00547 -0.00515362 0.999551 0.0295218 -0.0677424 0.969105 -0.00228782 0.246638 5.62256
0.195341 0.0310347 -0.980244 -5.36842 -0.00268303 0.999512 0.0311101 -0.0775999 0.980732 -0.00344704 0.195329 5.70712
0.148042 0.0317419 -0.988472 -5.81136 -0.00445183 0.999496 0.0314292 -0.0662352 0.988971 -0.00025233 0.148108 5.71443
0.105344 0.0318126 -0.993927 -6.21396 -0.00670672 0.999488 0.0312797 -0.0470227 0.994413 0.00337085 0.105504 5.76142
0.0673395 0.030925 -0.997251 -6.69807 -0.00800394 0.999504 0.0304544 -0.0329657 0.997698 0.00593115 0.0675536 5.73876
0.0325543 0.028124 -0.999074 -7.163 -0.00707643 0.999585 0.0279078 -0.029395 0.999445 0.00616136 0.0327399 5.73579
0.000966611 0.0257986 -0.999667 -7.61352 -0.00671674 0.999645 0.0257915 -0.028902 0.999977 0.00668957 0.00113955 5.73759
-0.0260528 0.0236548 -0.999381 -8.12389 -0.00715226 0.99969 0.0238486 -0.0194825 0.999635 0.00776915 -0.0258755 5.69757
-0.0471397 0.021195 -0.998663 -8.61938 -0.00787505 0.999736 0.0215895 -0.0125181 0.998857 0.00888224 -0.0469604 5.6794
-0.0634626 0.0202635 -0.997778 -9.16744 -0.00800435 0.999751 0.0208126 0.00207041 0.997952 0.00930739 -0.0632846 5.61399
-0.0767553 0.020647 -0.996836 -9.71058 -0.00709752 0.999749 0.0212538 0.00650287 0.997025 0.00870641 -0.0765895 5.56809
-0.0857856 0.0217678 -0.996076 -10.2572 -0.00781297 0.999716 0.0225202 0.0110415 0.996283 0.00971422 -0.0855911 5.46255
-0.0935236 0.0232533 -0.995345 -10.8421 -0.00897739 0.999667 0.0241978 0.0174918 0.995577 0.0111987 -0.0932837 5.41847
-0.0976091 0.0242298 -0.99493 -11.422 -0.00882592 0.999643 0.0252105 0.0229433 0.995186 0.0112419 -0.0973604 5.34619
-0.0992633 0.0248412 -0.994751 -12.0386 -0.00756213 0.999641 0.0257179 0.0308208 0.995032 0.0100753 -0.0990398 5.28916
-0.0980521 0.0271282 -0.994811 -12.6631 -0.00356454 0.999612 0.0276105 0.0389975 0.995175 0.00625331 -0.0979174 5.22473
-0.0974279 0.0296817 -0.9948 -13.2935 -0.0047233 0.99953 0.0302854 0.0459286 0.995231 0.00764938 -0.097242 5.18191
-0.0953216 0.0296347 -0.995005 -13.9573 -0.00599022 0.999522 0.0303431 0.0570113 0.995429 0.00885265 -0.0950984 5.12528
-0.093635 0.0271369 -0.995237 -14.6016 -0.0090334 0.999564 0.0281048 0.0637379 0.995566 0.011622 -0.093349 5.0665
-0.0921449 0.026937 -0.995381 -15.2915 -0.00916656 0.999569 0.0278989 0.0787198 0.995703 0.011695 -0.0918582 4.95835
-0.0905301 0.0287515 -0.995479 -15.9889 -0.012281 0.999475 0.0299837 0.0933988 0.995818 0.0149399 -0.0901295 4.89069
-0.088338 0.0329206 -0.995546 -16.7171 -0.00992331 0.999375 0.0339277 0.10737 0.996041 0.0128762 -0.0879561 4.81645
-0.0866933 0.0352603 -0.995611 -17.4255 -0.00927761 0.999302 0.0361989 0.118651 0.996192 0.0123751 -0.0863056 4.75345
-0.085679 0.0344219 -0.995728 -18.1683 -0.011656 0.9993 0.0355483 0.137469 0.996255 0.0146519 -0.0852178 4.68416
-0.0836217 0.0317753 -0.995991 -18.9307 -0.0146745 0.999344 0.0331143 0.145288 0.99639 0.0173847 -0.0831006 4.61019
-0.0812667 0.0314174 -0.996197 -19.6955 -0.0158533 0.999336 0.0328097 0.162507 0.996566 0.0184593 -0.0807147 4.53833
-0.0801275 0.0330239 -0.996237 -20.4842 -0.0133037 0.999327 0.0341963 0.184325 0.996696 0.0159938 -0.0796342 4.47161
-0.0792571 0.034233 -0.996266 -21.274 -0.0147011 0.999261 0.0355054 0.192935 0.996746 0.0174603 -0.0786953 4.41462
-0.0786569 0.035532 -0.996268 -22.0705 -0.0125226 0.999251 0.036627 0.212863 0.996823 0.0153569 -0.078153 4.35011
-0.077125 0.0324317 -0.996494 -22.8681 -0.0115946 0.999374 0.0334228 0.224806 0.996954 0.0141317 -0.0767007 4.27683
-0.0765442 0.025687 -0.996735 -23.689 -0.0125612 0.999564 0.0267245 0.231598 0.996987 0.0145658 -0.0761882 4.21977
-0.0767216 0.020922 -0.996833 -24.5037 -0.00939682 0.99972 0.0217059 0.245615 0.997008 0.0110324 -0.0765035 4.15118
-0.0774206 0.0214545 -0.996768 -25.3352 -0.00867016 0.999716 0.0221914 0.256067 0.996961 0.0103602 -0.0772126 4.08544
-0.077801 0.0289392 -0.996549 -26.1711 -0.0068843 0.999539 0.0295635 0.262594 0.996945 0.00916061 -0.0775659 4.02014
-0.0779915 0.0363994 -0.996289 -27.0094 -0.0080376 0.999278 0.0371378 0.268812 0.996922 0.0109042 -0.0776426 3.95142
-0.0778545 0.040751 -0.996132 -27.8416 -0.00858055 0.9991 0.0415431 0.300172 0.996928 0.0117817 -0.0774347 3.87357
-0.0786499 0.0420131 -0.996017 -28.69 -0.00987145 0.99903 0.0429197 0.306554 0.996853 0.0132078 -0.0781588 3.80082
-0.0788566 0.0388386 -0.996129 -29.526 -0.0106297 0.999151 0.0397979 0.317606 0.996829 0.0137269 -0.0783768 3.73228
-0.0795616 0.0362513 -0.996171 -30.3494 -0.0110467 0.999245 0.0372454 0.330082 0.996769 0.0139677 -0.0791011 3.65501
-0.0798973 0.0371124 -0.996112 -31.1925 -0.0120966 0.999197 0.0381976 0.352691 0.99673 0.0151015 -0.0793842 3.57462
-0.0791727 0.0392498 -0.996088 -32.0402 -0.0125992 0.999105 0.0403701 0.370589 0.996781 0.0157461 -0.0786073 3.51104
-0.0793568 0.0378672 -0.996127 -32.8566 -0.0134584 0.999146 0.0390541 0.384284 0.996755 0.0165055 -0.0787795 3.42653
-0.078942 0.0333281 -0.996322 -33.7013 -0.0149903 0.999288 0.0346151 0.388456 0.996766 0.0176678 -0.0783862 3.35952
-0.0789435 0.0290455 -0.996456 -34.53 -0.0171124 0.999389 0.0304867 0.399462 0.996732 0.0194585 -0.0783982 3.28679
-0.0781886 0.0292074 -0.996511 -35.3586 -0.0163861 0.999398 0.0305777 0.419294 0.996804 0.0187198 -0.077663 3.21853
-0.0779099 0.0316399 -0.996458 -36.2182 -0.0142068 0.99936 0.0328429 0.426901 0.996859 0.0167153 -0.0774105 3.14328
-0.0773832 0.0366391 -0.996328 -37.0294 -0.0153493 0.999162 0.0379355 0.433845 0.996883 0.0182285 -0.076756 3.07941
-0.0771317 0.0416371 -0.996151 -37.8744 -0.0127178 0.999005 0.0427411 0.457062 0.99694 0.0159656 -0.0765254 3.00673
-0.0767925 0.0446959 -0.996045 -38.6825 -0.0141241 0.998846 0.0459105 0.476424 0.996947 0.0175938 -0.0760725 2.93869
-0.0765958 0.0452829 -0.996033 -39.5409 -0.0133335 0.998832 0.0464355 0.48894 0.996973 0.0168374 -0.0759026 2.8639
-0.0765653 0.0416684 -0.996194 -40.3604 -0.0135095 0.998991 0.0428237 0.503717 0.996973 0.0167369 -0.0759252 2.80099
-0.0764683 0.0372637 -0.996375 -41.1889 -0.0154007 0.999138 0.038549 0.518587 0.996953 0.0182927 -0.0758284 2.72012
-0.0759404 0.0338829 -0.996537 -42.0169 -0.019714 0.999176 0.0354749 0.537604 0.996917 0.0223397 -0.0752099 2.65553
-0.0762238 0.0320442 -0.996576 -42.8406 -0.0230431 0.99916 0.0338897 0.553812 0.996824 0.0255474 -0.0754213 2.57779
-0.0779289 0.0300323 -0.996506 -43.6783 -0.0206518 0.999283 0.031731 0.563008 0.996745 0.0230525 -0.0772528 2.50209
-0.0778536 0.0268898 -0.996602 -44.4863 -0.0164835 0.999465 0.0282547 0.57148 0.996829 0.0186272 -0.0773687 2.45123
-0.0793446 0.0254458 -0.996522 -45.3163 -0.0129158 0.999564 0.0265518 0.573234 0.996764 0.0149776 -0.0789813 2.37824
-0.0804515 0.0285906 -0.996348 -46.1419 -0.0121329 0.999486 0.0296603 0.584678 0.996685 0.0144748 -0.0800633 2.30911
-0.0828979 0.033825 -0.995984 -46.9553 -0.0097329 0.999349 0.0347493 0.604256 0.996511 0.0125745 -0.0825147 2.2353
-0.0841568 0.0379285 -0.99573 -47.7734 -0.00954355 0.999199 0.0388672 0.610607 0.996407 0.0127737 -0.0837274 2.1651
-0.085413 0.0377542 -0.99563 -48.5729 -0.00889277 0.999213 0.0386529 0.614772 0.996306 0.0121554 -0.08501 2.0983
-0.0862558 0.0342934 -0.995683 -49.4007 -0.00820504 0.999349 0.0351305 0.624369 0.996239 0.0111998 -0.0859183 2.02288
-0.0884251 0.0310103 -0.9956 -50.1784 -0.00855777 0.999455 0.0318905 0.63293 0.996046 0.01134 -0.0881115 1.92859
-0.0894 0.0291571 -0.995569 -50.9584 -0.0148944 0.999421 0.0306074 0.643984 0.995884 0.0175647 -0.0889139 1.85156
-0.0903946 0.0295159 -0.995469 -51.7725 -0.0206525 0.99929 0.0315046 0.655273 0.995692 0.0234068 -0.0897209 1.76943
-0.0915433 0.0309851 -0.995319 -52.5481 -0.0262259 0.999094 0.0335147 0.661216 0.995456 0.0291712 -0.0906477 1.70215
-0.092243 0.0304779 -0.99527 -53.3499 -0.0302829 0.998983 0.0333983 0.667163 0.995276 0.0332205 -0.0912263 1.62156
-0.0927402 0.0306049 -0.99522 -54.1391 -0.0302076 0.998981 0.0335354 0.677397 0.995232 0.0331733 -0.0917212 1.54464
-0.0930983 0.0321442 -0.995138 -54.9031 -0.0272392 0.999022 0.034818 0.695191 0.995284 0.0303483 -0.0921317 1.47011
-0.0936971 0.0351743 -0.994979 -55.6823 -0.0263712 0.998937 0.0377976 0.698279 0.995251 0.0297803 -0.0926699 1.38742
-0.0934056 0.038868 -0.994869 -56.4366 -0.0267565 0.998779 0.0415328 0.716416 0.995269 0.0304986 -0.0922516 1.31632
-0.0941166 0.0413088 -0.994704 -57.2077 -0.0261004 0.998693 0.0439441 0.727737 0.995219 0.0300981 -0.0929155 1.23705
-0.0946831 0.0414326 -0.994645 -57.968 -0.0250707 0.998717 0.0439888 0.739067 0.995192 0.0291015 -0.0935229 1.15217
-0.0950855 0.0396554 -0.994679 -58.6927 -0.0228254 0.998857 0.0420039 0.755098 0.995207 0.0266979 -0.0940716 1.07886
-0.0945817 0.0364138 -0.994851 -59.4557 -0.0186506 0.999091 0.0383421 0.761813 0.995342 0.0221811 -0.0938165 0.992463
-0.0947771 0.0335993 -0.994931 -60.1572 -0.0183342 0.999202 0.0354901 0.772891 0.99533 0.0216049 -0.0940854 0.917643
-0.0936498 0.0314514 -0.995108 -60.8857 -0.0245925 0.999123 0.0338927 0.779623 0.995301 0.0276463 -0.0927942 0.851194
-0.0913794 0.0306149 -0.995345 -61.5799 -0.0242652 0.999162 0.03296 0.785548 0.99552 0.0271641 -0.0905599 0.780585
-0.0874576 0.0311463 -0.995681 -62.2217 -0.0246014 0.999139 0.0334153 0.796092 0.995864 0.0274175 -0.086616 0.715192
-0.0818744 0.0327372 -0.996105 -62.9109 -0.0252314 0.999072 0.0349086 0.799736 0.996323 0.0279912 -0.0809724 0.651357
-0.0744816 0.0339432 -0.996645 -63.5431 -0.0249872 0.999043 0.0358923 0.809753 0.996909 0.0275767 -0.0735622 0.601849
-0.0660571 0.0356404 -0.997179 -64.1774 -0.0261137 0.998958 0.0374338 0.812057 0.997474 0.0285128 -0.0650576 0.552148
-0.0541468 0.0373954 -0.997833 -64.8086 -0.0281017 0.998846 0.0389583 0.816738 0.998137 0.0301503 -0.0530334 0.515032
-0.0395469 0.0389044 -0.99846 -65.3934 -0.0298863 0.998749 0.0400993 0.826112 0.998771 0.0314261 -0.0383347 0.483656
-0.0210161 0.040162 -0.998972 -65.9901 -0.0319318 0.998656 0.0408211 0.833786 0.999269 0.0327569 -0.0197054 0.472712
0.000892598 0.0411004 -0.999155 -66.5392 -0.032756 0.99862 0.0410491 0.842587 0.999463 0.0326917 0.00223765 0.472087
0.0267583 0.0414111 -0.998784 -67.0894 -0.0330747 0.998631 0.0405187 0.853135 0.999095 0.0319503 0.0280914 0.491188
0.0557577 0.0412598 -0.997591 -67.5933 -0.032537 0.99869 0.0394867 0.851552 0.997914 0.0302569 0.0570272 0.527175
0.090206 0.0411923 -0.995071 -68.1013 -0.0307486 0.998783 0.0385585 0.85549 0.995448 0.0271188 0.0913628 0.578565
0.127698 0.0413338 -0.990951 -68.5775 -0.0302028 0.99883 0.0377704 0.867772 0.991353 0.0251063 0.128797 0.644316
0.167416 0.0414794 -0.985013 -69.0234 -0.0297392 0.998872 0.0370085 0.859348 0.985438 0.0230977 0.168461 0.737171
0.21329 0.0419561 -0.976088 -69.4821 -0.0277798 0.998934 0.0368679 0.876101 0.976594 0.019252 0.214228 0.838753
0.259286 0.0403447 -0.964958 -69.8808 -0.0255486 0.999064 0.0349057 0.888601 0.965463 0.0156027 0.260074 0.997395
0.31047 0.0358097 -0.949908 -70.3194 -0.0176026 0.999335 0.0319197 0.877909 0.95042 0.00681077 0.310894 1.14597
0.360051 0.0308513 -0.932423 -70.697 -0.0114694 0.999524 0.0286426 0.869265 0.932862 0.000381562 0.360233 1.35271
0.412734 0.02647 -0.910467 -71.0953 -0.00556736 0.999632 0.0265385 0.865834 0.910834 -0.00588444 0.41273 1.5354
0.462566 0.0253112 -0.886223 -71.4706 -0.00559996 0.999656 0.025628 0.882809 0.886567 -0.00689185 0.462549 1.79709
0.510912 0.0232773 -0.859318 -71.8294 -0.00475315 0.999695 0.0242538 0.902018 0.85962 -0.0083071 0.510867 2.01558
0.555619 0.0192677 -0.831214 -72.1653 0.0041165 0.999655 0.0259238 0.90605 0.831427 -0.0178254 0.555348 2.2825
0.599155 0.0125598 -0.800535 -72.4954 0.0145916 0.99954 0.0266031 0.886097 0.8005 -0.0276205 0.598696 2.58004
0.641649 0.00785109 -0.766958 -72.7969 0.016722 0.999567 0.0242221 0.881612 0.766816 -0.0283671 0.64124 2.83383
0.682689 0.00192659 -0.730707 -73.1054 0.014316 0.999769 0.0160112 0.902748 0.730569 -0.0213915 0.682504 3.16693
0.722638 -0.00369569 -0.691217 -73.3661 0.0106142 0.999927 0.00575048 0.88909 0.691145 -0.0114922 0.722625 3.46554
0.762234 -0.00684337 -0.647266 -73.6621 0.00678652 0.999974 -0.00258051 0.895136 0.647266 -0.00242574 0.76226 3.84185
0.798916 -0.00876534 -0.601379 -73.9085 0.00607214 0.99996 -0.00650815 0.898017 0.601412 0.00154781 0.798938 4.20184
0.833291 -0.0105745 -0.552733 -74.1615 0.00697303 0.999939 -0.00861767 0.892159 0.55279 0.0033268 0.833314 4.58986
0.864064 -0.00924379 -0.503298 -74.4095 0.00437029 0.999931 -0.0108623 0.890242 0.503364 0.00718613 0.864045 5.06772
0.88997 -0.007845 -0.455951 -74.6157 0.00408649 0.999949 -0.00922852 0.867476 0.456 0.00634987 0.889957 5.51494
0.911658 -0.00306263 -0.410939 -74.8415 -0.000776134 0.999958 -0.00917429 0.865235 0.41095 0.00868276 0.911617 6.03109
0.929206 0.0021541 -0.369555 -75.0308 -0.0064207 0.999926 -0.0103157 0.856244 0.369506 0.0119582 0.929151 6.509
0.942857 0.0067293 -0.333129 -75.2185 -0.0103877 0.999904 -0.00920201 0.846705 0.333035 0.0121366 0.942836 7.04403
0.953095 0.00747555 -0.302578 -75.3927 -0.010176 0.999921 -0.00734924 0.831883 0.302499 0.0100835 0.953096 7.62701
0.960634 0.0067047 -0.277736 -75.5452 -0.00857918 0.999948 -0.00553439 0.81547 0.277685 0.00769927 0.960641 8.15855
0.966647 0.00676581 -0.256023 -75.7065 -0.00786995 0.999964 -0.00328836 0.804372 0.255991 0.00519357 0.966665 8.76287
0.971228 0.00944257 -0.237964 -75.8534 -0.00993648 0.99995 -0.000876118 0.793141 0.237944 0.00321544 0.971274 9.35878
0.974864 0.0136946 -0.222378 -76.0014 -0.0139021 0.999903 0.000632109 0.78372 0.222365 0.00247531 0.97496 9.9842
0.977872 0.015579 -0.208624 -76.1436 -0.0156311 0.999877 0.00139863 0.781263 0.208621 0.00189336 0.977995 10.631
0.980526 0.0161106 -0.195728 -76.2792 -0.0160757 0.999869 0.00176731 0.763257 0.195731 0.00141357 0.980657 11.2671
0.983125 0.0162539 -0.18221 -76.4092 -0.0162716 0.999867 0.0013983 0.755012 0.182208 0.00159014 0.983259 11.9427
0.985783 0.016874 -0.167176 -76.5294 -0.0167767 0.999857 0.00199393 0.747173 0.167185 0.000839075 0.985925 12.6368
0.988081 0.0167509 -0.153023 -76.6443 -0.0165829 0.99986 0.00237389 0.741794 0.153041 0.000191966 0.98822 13.3464
0.989957 0.0169013 -0.140353 -76.7461 -0.0171094 0.999854 -0.000275994 0.725549 0.140327 0.00267457 0.990102 14.0672
0.9914 0.0190348 -0.129472 -76.8479 -0.0198717 0.999789 -0.00517475 0.715294 0.129347 0.00770309 0.99157 14.7927
0.992589 0.0175554 -0.120243 -76.933 -0.019056 0.999754 -0.011341 0.698296 0.120014 0.0135483 0.99268 15.5292
0.993554 0.0188824 -0.111776 -77.0217 -0.0203357 0.999723 -0.0118765 0.685344 0.111521 0.0140729 0.993662 16.2823
0.994311 0.0184465 -0.10491 -77.117 -0.0191702 0.999799 -0.00589399 0.667362 0.10478 0.00787159 0.994464 17.0605
0.994776 0.0219621 -0.0996945 -77.1979 -0.0218676 0.999759 0.00204093 0.658027 0.0997152 0.000149806 0.995016 17.8308
0.995282 0.0208432 -0.094756 -77.2875 -0.0203962 0.999776 0.00568306 0.63964 0.0948532 -0.00372359 0.995484 18.594
0.995476 0.0208064 -0.0927043 -77.3536 -0.0203861 0.999777 0.00547826 0.616337 0.0927976 -0.00356359 0.995679 19.3586
0.995898 0.0215444 -0.0878855 -77.4318 -0.0212244 0.999764 0.00457368 0.603114 0.0879634 -0.0026896 0.99612 20.1282
0.996121 0.0202641 -0.0856308 -77.5114 -0.0197807 0.999783 0.00648999 0.595624 0.0857437 -0.00477098 0.996306 20.8905
0.996326 0.0192036 -0.0834646 -77.5709 -0.0185294 0.999789 0.00884533 0.5837 0.0836169 -0.00726628 0.996471 21.651
0.996638 0.0164792 -0.0802563 -77.6495 -0.0157022 0.999824 0.010302 0.578708 0.080412 -0.00900713 0.996721 22.4406
0.996862 0.0155573 -0.0776215 -77.7087 -0.0150544 0.999862 0.00706032 0.567072 0.0777206 -0.00586962 0.996958 23.1862
0.996939 0.0183257 -0.0760078 -77.7714 -0.0183936 0.999831 -0.000192229 0.551931 0.0759914 0.00158969 0.997107 23.9466
0.997043 0.0186342 -0.0745456 -77.8434 -0.0192353 0.999788 -0.00735398 0.529731 0.0743928 0.00876615 0.99719 24.7196
0.997151 0.0192779 -0.0729228 -77.9076 -0.0201531 0.999733 -0.0112844 0.508688 0.0726859 0.0127219 0.997274 25.4735
0.997309 0.0197846 -0.0705949 -77.9716 -0.0205472 0.999738 -0.0100927 0.492795 0.0703767 0.0115161 0.997454 26.2167
0.997371 0.0239525 -0.068394 -78.0325 -0.0244046 0.999685 -0.00578227 0.465139 0.068234 0.00743619 0.997642 26.9918
0.997452 0.0266145 -0.0661884 -78.0977 -0.0267939 0.999639 -0.00182428 0.460211 0.066116 0.00359307 0.997805 27.7456
0.9977 0.0244582 -0.0632191 -78.1479 -0.0244803 0.9997 0.000424909 0.438367 0.0632105 0.00112369 0.998 28.4963
0.997856 0.0206022 -0.062121 -78.1987 -0.020612 0.999787 0.000482668 0.417141 0.0621177 0.000798806 0.998069 29.245
0.99796 0.0195451 -0.0607737 -78.2539 -0.0195549 0.999809 0.000434154 0.402767 0.0607706 0.000755155 0.998151 30.0085
0.997964 0.020882 -0.0602687 -78.2981 -0.0209822 0.999779 -0.0010315 0.382566 0.0602339 0.00229398 0.998182 30.7625
0.998043 0.0196792 -0.0593559 -78.3443 -0.0198597 0.9998 -0.00245332 0.363819 0.0592957 0.00362731 0.998234 31.5142
0.998116 0.0189883 -0.0583451 -78.3952 -0.0191515 0.999814 -0.00223917 0.349224 0.0582917 0.00335235 0.998294 32.2717
0.998127 0.0193437 -0.0580397 -78.4406 -0.0194617 0.99981 -0.00146827 0.347069 0.0580002 0.00259507 0.998313 33.0496
0.998154 0.0188153 -0.0577402 -78.4998 -0.0189699 0.999818 -0.00213036 0.324639 0.0576896 0.00322176 0.998329 33.8202
0.998074 0.0196344 -0.058849 -78.559 -0.0198127 0.999801 -0.00244733 0.308806 0.0587892 0.00360857 0.998264 34.594
0.99794 0.0193005 -0.0611863 -78.6038 -0.0194608 0.999809 -0.00202457 0.292817 0.0611355 0.00321114 0.998124 35.3903
0.997769 0.0189701 -0.0640042 -78.6681 -0.0191363 0.999815 -0.00198428 0.27747 0.0639547 0.00320465 0.997948 36.1636
0.997493 0.0233122 -0.0668084 -78.7291 -0.0235436 0.999719 -0.00267884 0.261875 0.0667272 0.00424504 0.997762 36.9733
0.997308 0.0229279 -0.069644 -78.7948 -0.0234666 0.999701 -0.00692707 0.243069 0.0694643 0.00854273 0.997548 37.7693
0.997125 0.0237256 -0.0719617 -78.8633 -0.0245336 0.999645 -0.0103655 0.221705 0.0716903 0.0121011 0.997354 38.5768
0.99699 0.0234671 -0.0738956 -78.9314 -0.0244038 0.999633 -0.0117979 0.205608 0.0735915 0.0135657 0.997196 39.3906
0.99685 0.0225367 -0.0760448 -78.9992 -0.0234091 0.99967 -0.0106007 0.184055 0.0757808 0.0123474 0.997048 40.2063
0.996694 0.022111 -0.0781814 -79.0721 -0.0229276 0.999691 -0.00956288 0.154395 0.0779458 0.0113238 0.996893 41.0412
0.996545 0.0219251 -0.0801125 -79.1505 -0.0226385 0.999712 -0.00800753 0.132691 0.0799139 0.00979349 0.996754 41.8752
0.996524 0.0200448 -0.0808627 -79.2204 -0.0204977 0.999778 -0.00477448 0.123223 0.0807491 0.00641539 0.996714 42.7135
0.996412 0.0202436 -0.0821756 -79.3007 -0.0203093 0.999794 3.59572e-05 0.102181 0.0821593 0.0016331 0.996618 43.5638
0.996473 0.0213666 -0.0811439 -79.3801 -0.0212311 0.999771 0.00253184 0.0832626 0.0811795 -0.000800132 0.996699 44.403
0.996624 0.0229357 -0.0788381 -79.4438 -0.0228021 0.999737 0.00259449 0.0714671 0.0788769 -0.000788053 0.996884 45.2731
0.996685 0.0244266 -0.0776005 -79.5231 -0.0243801 0.999702 0.00154697 0.0506444 0.0776151 0.000350066 0.996983 46.1412
0.996935 0.0205724 -0.0754869 -79.5916 -0.0207048 0.999785 -0.000972358 0.0473498 0.0754506 0.00253232 0.997146 47.0007
0.997096 0.0176741 -0.0740756 -79.6685 -0.0178878 0.999838 -0.00222323 0.0195549 0.0740243 0.00354182 0.99725 47.883
0.99723 0.0165346 -0.0725217 -79.7347 -0.0167647 0.999856 -0.00256566 0.0010671 0.0724689 0.00377436 0.997364 48.7636
0.997365 0.0143632 -0.0711145 -79.7964 -0.0144439 0.999895 -0.000619946 -0.00952512 0.0710981 0.00164548 0.997468 49.6254
0.997458 0.00967518 -0.0705923 -79.8603 -0.00954156 0.999952 0.00222982 -0.0271267 0.0706105 -0.00155059 0.997503 50.5101
0.997547 0.00951204 -0.0693439 -79.9251 -0.00934983 0.999953 0.00266353 -0.0487324 0.0693659 -0.00200864 0.997589 51.3568
0.997623 0.00889804 -0.0683325 -79.9923 -0.0089341 0.99996 -0.00022221 -0.0644719 0.0683278 0.000832171 0.997663 52.239
0.997568 0.0155565 -0.0679389 -80.0623 -0.0159861 0.999855 -0.00578378 -0.0944811 0.0678391 0.00685579 0.997673 53.1189
0.997636 0.0164881 -0.0667143 -80.1318 -0.0172889 0.999785 -0.0114436 -0.111348 0.0665113 0.01257 0.997706 53.9476
0.997564 0.0217339 -0.0662885 -80.2002 -0.0229103 0.999592 -0.0170392 -0.146447 0.0658911 0.0185163 0.997655 54.8394
0.997599 0.0227944 -0.0653929 -80.2598 -0.0240342 0.999545 -0.018236 -0.175172 0.0649474 0.0197638 0.997693 55.6944
0.997643 0.0217171 -0.0650878 -80.3254 -0.0225403 0.999675 -0.0119396 -0.212108 0.0648073 0.0133786 0.997808 56.5653
0.997681 0.0188006 -0.065415 -80.3846 -0.0190586 0.999813 -0.00332233 -0.232966 0.0653403 0.00456134 0.997853 57.4109
0.997728 0.013862 -0.0659305 -80.4487 -0.0137218 0.999903 0.00257889 -0.222798 0.0659598 -0.00166834 0.997821 58.2278
0.997534 0.015206 -0.0685213 -80.5048 -0.0150734 0.999883 0.00245206 -0.266814 0.0685506 -0.00141317 0.997647 59.0642
0.997446 0.0104321 -0.0706603 -80.5639 -0.010496 0.999945 -0.000533812 -0.296378 0.0706509 0.0012741 0.9975 59.9214
0.997253 0.00749097 -0.0736936 -80.6315 -0.00768383 0.999968 -0.00233387 -0.302693 0.0736737 0.00289371 0.997278 60.7625
0.997062 0.00978761 -0.0759733 -80.7057 -0.0101708 0.999937 -0.00465798 -0.327597 0.0759229 0.005417 0.997099 61.5825
0.996752 0.0133007 -0.0794242 -80.7827 -0.0139843 0.99987 -0.00805725 -0.352983 0.0793067 0.00914177 0.996808 62.401
0.996441 0.0126845 -0.0833345 -80.8695 -0.0136819 0.999841 -0.0114082 -0.370169 0.0831766 0.0125077 0.996456 63.2233
0.996204 0.0152785 -0.0856961 -80.9503 -0.0165903 0.999756 -0.0146171 -0.410596 0.0854518 0.0159833 0.996214 64.0297
0.99577 0.019605 -0.0897594 -81.0379 -0.0210686 0.99966 -0.0153868 -0.4266 0.0894272 0.0172128 0.995845 64.8419
0.995366 0.0242858 -0.0930378 -81.1212 -0.0256158 0.999586 -0.0131268 -0.466479 0.0926805 0.0154492 0.995576 65.6489
0.995005 0.0264456 -0.0962569 -81.2046 -0.0273943 0.999588 -0.00854734 -0.476243 0.0959912 0.0111415 0.99532 66.4425
0.994534 0.0272713 -0.100793 -81.2929 -0.0276081 0.999617 -0.00194761 -0.510023 0.100702 0.00471968 0.994905 67.2446
0.994131 0.0253054 -0.105184 -81.3804 -0.0252907 0.999679 0.00147458 -0.530353 0.105188 0.00119425 0.994452 68.0535
0.993373 0.0269376 -0.111737 -81.481 -0.0267835 0.999637 0.00288063 -0.551684 0.111774 0.000131172 0.993734 68.8377
0.992778 0.0225016 -0.117837 -81.5835 -0.0219233 0.99974 0.0062016 -0.56534 0.117946 -0.00357344 0.993014 69.6169
0.992016 0.0223772 -0.124109 -81.6872 -0.0217689 0.999743 0.00625598 -0.580544 0.124217 -0.00350433 0.992249 70.3981
0.99113 0.0277496 -0.129964 -81.8124 -0.0272954 0.999613 0.00527461 -0.592003 0.130061 -0.00168039 0.991505 71.1648
0.990236 0.0292652 -0.136298 -81.9252 -0.0293424 0.999568 0.001443 -0.603629 0.136281 0.00257039 0.990667 71.9508
0.989422 0.0297098 -0.141992 -82.0521 -0.0302005 0.999543 -0.00130151 -0.619638 0.141888 0.00557597 0.989867 72.7129
0.988616 0.0318526 -0.147051 -82.1632 -0.0324629 0.999471 -0.0017513 -0.64805 0.146918 0.00650507 0.989127 73.4675
0.987781 0.0338008 -0.152138 -82.2851 -0.03379 0.999425 0.00265709 -0.655078 0.15214 0.0025161 0.988356 74.2463
0.987004 0.0312837 -0.157624 -82.4081 -0.030547 0.999508 0.00709539 -0.673612 0.157768 -0.00218825 0.987474 74.9982
0.985988 0.0309063 -0.163926 -82.5349 -0.0297453 0.999512 0.00953338 -0.69151 0.16414 -0.00452379 0.986427 75.7481
0.984774 0.0316607 -0.170931 -82.6718 -0.0311322 0.999499 0.00577271 -0.693645 0.171028 -0.00036336 0.985266 76.5142
0.983364 0.0281967 -0.179444 -82.8212 -0.0289706 0.999579 -0.00169301 -0.700693 0.179321 0.00686344 0.983767 77.2486
0.981779 0.025099 -0.188359 -82.9665 -0.0263058 0.999646 -0.00390907 -0.717479 0.188195 0.00879278 0.982092 78.0046
0.979632 0.0259038 -0.199121 -83.1267 -0.0265528 0.999647 -0.000589049 -0.739364 0.199036 0.00586429 0.979975 78.7397
0.977296 0.0244323 -0.210466 -83.2955 -0.0239448 0.999701 0.00486438 -0.744999 0.210522 0.000285647 0.977589 79.4672
0.974754 0.0269981 -0.221642 -83.4749 -0.0246503 0.999607 0.0133527 -0.765473 0.221916 -0.00755201 0.975037 80.228
0.972011 0.0268285 -0.233399 -83.6715 -0.02329 0.999568 0.017904 -0.787999 0.233779 -0.011967 0.972216 80.9474
0.969038 0.0307474 -0.244991 -83.855 -0.0282939 0.999508 0.013529 -0.788774 0.245286 -0.00617832 0.969431 81.6484
0.966231 0.0315108 -0.255743 -84.0535 -0.0316426 0.999493 0.0036003 -0.786498 0.255726 0.00461365 0.966738 82.3736
0.963116 0.0274632 -0.26768 -84.2546 -0.0289643 0.999579 -0.00165987 -0.791286 0.267522 0.00935181 0.963506 83.0878
0.959139 0.0276528 -0.281581 -84.473 -0.0280496 0.999603 0.00262201 -0.791772 0.281542 0.00538337 0.959534 83.777
0.955757 0.0277353 -0.292847 -84.7044 -0.025651 0.999611 0.0109561 -0.818888 0.293037 -0.00295954 0.956096 84.5107
0.952062 0.0292042 -0.304509 -84.9365 -0.0252354 0.999538 0.016962 -0.833014 0.304863 -0.00846448 0.952358 85.2215
0.94796 0.025971 -0.317327 -85.1744 -0.0222451 0.999635 0.0153595 -0.837231 0.31761 -0.00750122 0.948192 85.9229
0.943924 0.0245504 -0.329248 -85.4274 -0.0223613 0.999695 0.0104348 -0.835813 0.329404 -0.00248725 0.944186 86.6339
0.94088 0.0199812 -0.338151 -85.6791 -0.0199175 0.999795 0.0036586 -0.840942 0.338155 0.00329281 0.941085 87.3153
0.938265 0.016531 -0.345521 -85.96 -0.0185139 0.999826 -0.00243921 -0.845352 0.345421 0.00868556 0.938408 88.0466
0.935506 0.0167879 -0.352912 -86.234 -0.019614 0.999798 -0.00443317 -0.86812 0.352766 0.0110693 0.935646 88.768
0.932866 0.0212823 -0.359595 -86.5151 -0.0245522 0.999688 -0.00452805 -0.879926 0.359386 0.0130529 0.933098 89.4429
0.929429 0.0229026 -0.368289 -86.798 -0.0256153 0.999669 -0.00247786 -0.898889 0.36811 0.0117368 0.929708 90.1624
0.926299 0.0231243 -0.376079 -87.0822 -0.0233139 0.99972 0.00404752 -0.911162 0.376068 0.00501867 0.926579 90.8501
0.923414 0.0251835 -0.382979 -87.3792 -0.0222242 0.999679 0.0121505 -0.923571 0.383162 -0.00270853 0.923677 91.5611
0.920668 0.033512 -0.388906 -87.6856 -0.0278259 0.999408 0.0202459 -0.940717 0.389354 -0.00781808 0.921055 92.2671
0.91802 0.039705 -0.394541 -88.0133 -0.0354402 0.999208 0.0180936 -0.948388 0.394947 -0.00262767 0.9187 92.9583
0.915581 0.038974 -0.400241 -88.3245 -0.0385725 0.999215 0.00906234 -0.933777 0.40028 0.00714102 0.916365 93.6448
0.913858 0.0314321 -0.404816 -88.6349 -0.0336674 0.999432 0.00159835 -0.946448 0.404636 0.0121685 0.914397 94.349
0.91203 0.0317202 -0.408894 -88.9642 -0.0343756 0.999409 0.000855683 -0.954431 0.408679 0.0132755 0.912582 95.0526
0.909888 0.0374568 -0.413158 -89.2962 -0.0384606 0.999243 0.00589024 -0.962902 0.413066 0.0105308 0.91064 95.7501
0.907494 0.0383955 -0.418306 -89.6334 -0.0373274 0.999245 0.010739 -0.982788 0.418403 0.00586873 0.908243 96.4667
0.905093 0.0354443 -0.423734 -89.9506 -0.0348042 0.999351 0.00925163 -0.9958 0.423787 0.00637415 0.905739 97.1507
0.90295 0.0349008 -0.428326 -90.2856 -0.0373673 0.999298 0.00265109 -0.997445 0.428118 0.0136116 0.90362 97.8422
0.900819 0.031153 -0.433075 -90.6326 -0.0366248 0.99932 -0.00429606 -1.00755 0.432647 0.0197313 0.901348 98.5414
0.89827 0.0330265 -0.438202 -90.9994 -0.0393434 0.999211 -0.00534125 -1.02487 0.43768 0.0220383 0.898861 99.2353
0.896395 0.0341689 -0.441938 -91.3374 -0.0386579 0.999252 -0.00115266 -1.04075 0.441568 0.0181177 0.897045 99.9155
0.894362 0.036631 -0.445842 -91.6877 -0.0402572 0.999188 0.00133841 -1.06168 0.445529 0.0167513 0.895111 100.605
0.89199 0.0374614 -0.450501 -92.0402 -0.0409778 0.999158 0.00194931 -1.07675 0.450195 0.0167217 0.892774 101.289
0.889749 0.0362089 -0.455011 -92.3984 -0.039884 0.999203 0.00152355 -1.09109 0.454703 0.0167921 0.890485 101.967
0.887743 0.0342454 -0.459065 -92.7554 -0.0381749 0.999271 0.000720907 -1.11016 0.458755 0.0168848 0.888403 102.643
0.885678 0.0341146 -0.463046 -93.1017 -0.0376815 0.999289 0.00154778 -1.12162 0.462769 0.0160774 0.886333 103.3
0.883346 0.0347154 -0.467433 -93.4738 -0.0382955 0.999265 0.00184353 -1.13917 0.467154 0.0162721 0.884026 103.975
0.881246 0.0352535 -0.471341 -93.8268 -0.0389196 0.99924 0.0019709 -1.14813 0.471052 0.0166076 0.881949 104.622
0.878868 0.0325616 -0.475953 -94.1973 -0.0378581 0.999282 -0.00154226 -1.17216 0.475561 0.0193741 0.87947 105.294
0.876559 0.0286975 -0.480437 -94.5584 -0.036006 0.999334 -0.00600068 -1.18934 0.479945 0.0225586 0.877009 105.943
0.874707 0.0279184 -0.483848 -94.918 -0.036889 0.999279 -0.00902929 -1.20887 0.483247 0.0257466 0.875106 106.573
0.872656 0.0301257 -0.487406 -95.2921 -0.0376719 0.999274 -0.00568468 -1.22067 0.486881 0.0233223 0.873157 107.225
0.870754 0.033329 -0.490588 -95.6536 -0.0363724 0.999333 0.00333349 -1.24279 0.490371 0.0149412 0.871385 107.86
0.869317 0.035841 -0.492954 -96.0027 -0.0339157 0.999342 0.0128489 -1.25703 0.49309 0.00554907 0.869961 108.476
0.867671 0.0348887 -0.495913 -96.3628 -0.0301732 0.999391 0.0175174 -1.26817 0.496222 -0.000236075 0.868196 109.11
0.866138 0.0326205 -0.49874 -96.7095 -0.0275053 0.999467 0.0176038 -1.2799 0.499048 -0.00152931 0.866573 109.693
0.864353 0.0299061 -0.501996 -97.0608 -0.0263437 0.999552 0.0141883 -1.28668 0.502195 0.000960702 0.864754 110.287
0.862855 0.0277731 -0.504687 -97.3948 -0.0257792 0.999608 0.0109346 -1.2903 0.504793 0.00357541 0.863233 110.859
0.861313 0.0262239 -0.507397 -97.7203 -0.0245753 0.999648 0.00994819 -1.298 0.50748 0.00390094 0.861655 111.391
0.859993 0.0249052 -0.509699 -98.0658 -0.0233029 0.999683 0.00952909 -1.30819 0.509774 0.00368251 0.8603 111.937
0.858866 0.0247055 -0.511605 -98.3716 -0.0224698 0.999692 0.0105537 -1.31659 0.511708 0.00243146 0.859156 112.442
0.857526 0.024685 -0.513847 -98.6712 -0.0214498 0.999695 0.0122287 -1.32854 0.513993 0.000535462 0.857794 112.962
0.856129 0.0238231 -0.516212 -98.9735 -0.0201104 0.999716 0.012784 -1.33713 0.51637 -0.0005635 0.856365 113.437
0.854762 0.0218489 -0.51856 -99.2581 -0.0176864 0.999759 0.0129704 -1.34743 0.518719 -0.00191515 0.854943 113.897
0.853495 0.0211356 -0.520672 -99.5388 -0.0174169 0.999776 0.0120338 -1.35717 0.52081 -0.00120226 0.853672 114.336
0.852521 0.0213524 -0.522256 -99.7894 -0.0196158 0.999768 0.00885502 -1.36546 0.522324 0.00269536 0.852743 114.738
0.850961 0.0190143 -0.524885 -100.051 -0.0195575 0.999799 0.00451101 -1.37056 0.524865 0.00642676 0.851161 115.153
0.848972 0.0146969 -0.528234 -100.286 -0.0158242 0.999872 0.00238667 -1.37799 0.528201 0.00633267 0.849095 115.542
0.84656 0.0107848 -0.532184 -100.501 -0.0110266 0.999935 0.00272348 -1.3876 0.532179 0.00356259 0.846624 115.91
0.843049 0.0116243 -0.537711 -100.74 -0.0111016 0.99993 0.00421102 -1.39579 0.537722 0.00241937 0.843119 116.255
0.839018 0.0154145 -0.543885 -100.976 -0.014357 0.999878 0.00619039 -1.40688 0.543914 0.0026147 0.839137 116.577
0.835214 0.0214239 -0.549508 -101.191 -0.0185785 0.99977 0.0107406 -1.41231 0.549612 0.00123835 0.835419 116.869
0.831706 0.0276765 -0.554526 -101.396 -0.0213289 0.999612 0.0179007 -1.42242 0.554807 -0.00306072 0.831974 117.173
0.826913 0.0294873 -0.561557 -101.594 -0.0206187 0.999543 0.0221241 -1.43176 0.561952 -0.00671614 0.827142 117.455
0.821866 0.0267397 -0.569053 -101.781 -0.0163403 0.999593 0.023371 -1.43064 0.569447 -0.0099093 0.821968 117.703
0.815543 0.0243621 -0.578183 -101.95 -0.012756 0.999628 0.0241272 -1.43504 0.578556 -0.0123015 0.81555 117.952
0.807317 0.022933 -0.589672 -102.115 -0.00976375 0.999627 0.0255092 -1.44093 0.590037 -0.0148366 0.80724 118.176
0.797975 0.0235495 -0.602231 -102.28 -0.00949095 0.999603 0.0265124 -1.44542 0.602616 -0.0154405 0.797882 118.411
0.785691 0.0252971 -0.618102 -102.462 -0.011377 0.999585 0.0264484 -1.44692 0.618515 -0.0137481 0.785653 118.584
0.772494 0.0246209 -0.634544 -102.637 -0.0116018 0.999629 0.0246624 -1.4574 0.634916 -0.0116897 0.772493 118.77
0.757967 0.0224365 -0.651907 -102.797 -0.0125532 0.999725 0.0198117 -1.45081 0.652172 -0.00683314 0.75804 118.933
0.742901 0.0187531 -0.669139 -102.925 -0.0126783 0.999822 0.0139449 -1.45471 0.669282 -0.00187609 0.743006 119.078
0.72865 0.0189753 -0.684623 -103.107 -0.016428 0.999813 0.0102268 -1.45759 0.684689 0.00379523 0.728826 119.23
0.713155 0.0225293 -0.700644 -103.301 -0.0234104 0.999691 0.00831672 -1.4437 0.700615 0.0104713 0.713462 119.355
0.698566 0.0246907 -0.715119 -103.312 -0.026172 0.999617 0.00894725 -1.42615 0.715066 0.0124659 0.698945 119.568
0.677973 0.0238658 -0.734699 -103.662 -0.0239347 0.99966 0.010386 -1.44462 0.734697 0.0105434 0.678313 119.599
0.659246 0.0226112 -0.751587 -103.792 -0.0207042 0.999715 0.0119156 -1.4342 0.751642 0.00770567 0.659526 119.76
0.636904 0.025157 -0.770533 -103.967 -0.0215037 0.999658 0.0148632 -1.46181 0.770643 0.00710288 0.637227 119.896
0.613753 0.0290851 -0.788962 -104.173 -0.0241029 0.999546 0.018098 -1.43553 0.78913 0.00790859 0.614175 120.008
0.589369 0.0339642 -0.807149 -104.324 -0.0268544 0.999387 0.0224448 -1.44321 0.807417 0.0084472 0.58992 120.072
0.565689 0.0371931 -0.82378 -104.499 -0.0285206 0.999267 0.0255312 -1.43612 0.824126 0.00905203 0.566335 120.169
0.539612 0.0404407 -0.840942 -104.732 -0.0317764 0.999112 0.027657 -1.44268 0.841314 0.0117981 0.540418 120.239
0.514019 0.044922 -0.856602 -104.871 -0.0356491 0.998884 0.0309917 -1.43784 0.857038 0.0146068 0.515046 120.358
0.487559 0.0481863 -0.871759 -105.065 -0.0373982 0.998712 0.0342874 -1.43162 0.872288 0.0158851 0.488734 120.441
0.459428 0.0479462 -0.88692 -105.248 -0.0363334 0.998721 0.0351693 -1.44324 0.887471 0.0160671 0.460583 120.519
0.427061 0.0456566 -0.903069 -105.471 -0.0361896 0.998787 0.0333818 -1.44382 0.903498 0.0184256 0.428195 120.598
0.394567 0.0414965 -0.91793 -105.692 -0.0357098 0.998918 0.0298081 -1.43412 0.918173 0.0210178 0.395622 120.674
0.354422 0.0390654 -0.934269 -105.972 -0.0351647 0.998977 0.0284311 -1.43645 0.934424 0.0227767 0.355433 120.744
0.314057 0.0386034 -0.948619 -106.255 -0.0341532 0.998986 0.029346 -1.42651 0.94879 0.0231821 0.315057 120.797
0.270714 0.0369792 -0.961949 -106.536 -0.0328656 0.999034 0.0291556 -1.41178 0.962099 0.0237222 0.271668 120.873
0.225302 0.034213 -0.973688 -106.827 -0.0316221 0.999114 0.0277893 -1.40569 0.973776 0.024529 0.226184 120.902
0.176267 0.0323477 -0.983811 -107.166 -0.0301612 0.999168 0.0274488 -1.39329 0.98388 0.0248346 0.177096 120.942
0.126221 0.0319549 -0.991487 -107.511 -0.0291179 0.99917 0.0284957 -1.38324 0.991575 0.0252733 0.127046 120.965
0.0751315 0.0331586 -0.996622 -107.853 -0.0274851 0.999136 0.0311702 -1.37049 0.996795 0.0250503 0.075978 120.96
0.0230532 0.0355558 -0.999102 -108.224 -0.0234432 0.999112 0.0350152 -1.35841 0.999459 0.0226149 0.0238663 120.935
-0.0298545 0.037953 -0.998833 -108.552 -0.0187873 0.999081 0.038524 -1.35748 0.999378 0.0199154 -0.029114 120.923
-0.0833445 0.0392968 -0.995746 -108.969 -0.0142956 0.999072 0.0406246 -1.34175 0.996418 0.0176206 -0.0827054 120.855
-0.136594 0.0414598 -0.989759 -109.381 -0.0103327 0.99901 0.0432732 -1.33973 0.990573 0.0161377 -0.13603 120.771
-0.188118 0.042765 -0.981215 -109.762 -0.00723847 0.998964 0.0449263 -1.31988 0.98212 0.0155539 -0.187613 120.687
-0.237432 0.0441692 -0.970399 -110.191 -0.00302003 0.998927 0.0462066 -1.30329 0.971399 0.0139016 -0.237044 120.557
-0.28507 0.0456521 -0.957419 -110.603 0.00279859 0.998901 0.0467968 -1.29065 0.958503 0.0106609 -0.284884 120.403
-0.333554 0.0471826 -0.94155 -111.061 0.00824392 0.998855 0.0471337 -1.28421 0.942695 0.00795956 -0.33356 120.239
-0.377685 0.0490004 -0.924637 -111.515 0.0137906 0.998786 0.0472968 -1.26619 0.925832 0.00511192 -0.377902 120.03
-0.419197 0.0503924 -0.906496 -111.925 0.0181749 0.998724 0.0471147 -1.24481 0.907714 0.00327486 -0.419578 119.843
-0.458391 0.051363 -0.887265 -112.41 0.0212033 0.998676 0.0468582 -1.22862 0.888498 0.00266643 -0.458874 119.562
