1 0 0 0 0 1 0 0 0 0 1 0
0.999999 0.00140701 0.000132861 -0.0180491 -0.00140712 0.999999 0.000837249 -0.0177096 -0.000131683 -0.000837435 1 0.794721
0.999985 0.00548808 0.000743419 -0.0171226 -0.0054889 0.999984 0.00110632 -0.036507 -0.000737335 -0.00111039 0.999999 1.54969
0.999981 0.00604473 0.000828083 -0.0386879 -0.00604589 0.999981 0.0014008 -0.0574531 -0.0008196 -0.00140578 0.999999 2.28057
0.999971 0.00749477 0.000953321 -0.0389509 -0.00749579 0.999971 0.00107428 -0.0719805 -0.000945242 -0.0010814 0.999999 3.02476
0.99997 0.00764577 0.000979954 -0.0517964 -0.00764681 0.99997 0.00105907 -0.0955191 -0.000971828 -0.00106653 0.999999 3.75949
0.99997 0.00756316 0.0017268 -0.0528784 -0.00756604 0.99997 0.00166973 -0.10779 -0.00171412 -0.00168275 0.999997 4.45146
0.999959 0.00877611 0.00233776 -0.0712631 -0.00878678 0.999951 0.00459716 -0.132298 -0.0022973 -0.00461751 0.999987 5.13062
0.999952 0.00882553 0.00435043 -0.0673575 -0.00886077 0.999928 0.00815052 -0.138678 -0.00427818 -0.00818867 0.999957 5.75866
0.99995 0.00818009 0.00583525 -0.0755947 -0.00824665 0.9999 0.0114753 -0.149169 -0.00574079 -0.0115228 0.999917 6.39591
0.999948 0.00717223 0.00722564 -0.0817688 -0.00727332 0.999875 0.0140622 -0.170044 -0.00712388 -0.014114 0.999875 7.01908
0.99994 0.00743575 0.00805248 -0.0611198 -0.00754931 0.999871 0.0141652 -0.179612 -0.00794612 -0.0142252 0.999867 7.59203
0.999923 0.00846408 0.00905107 -0.0650736 -0.00856629 0.999899 0.0113134 -0.179017 -0.0089544 -0.0113901 0.999895 8.13435
0.999915 0.00813231 0.0101768 -0.0655012 -0.00822334 0.999926 0.00893515 -0.190548 -0.0101034 -0.00901808 0.999908 8.67366
0.999914 0.006752 0.0112806 -0.0489966 -0.00683342 0.999951 0.00719486 -0.194164 -0.0112315 -0.00727133 0.99991 9.17377
0.999906 0.00352557 0.0132156 -0.0468004 -0.00359411 0.99998 0.00516595 -0.21357 -0.0131972 -0.00521297 0.999899 9.62552
0.999886 0.00162099 0.0150293 -0.0379814 -0.00168523 0.999989 0.00426301 -0.249672 -0.0150222 -0.00428785 0.999878 10.0743
0.999842 0.00502398 0.0170601 -0.0393234 -0.00506243 0.999985 0.00221153 -0.234956 -0.0170487 -0.00229754 0.999852 10.4776
0.999755 0.00924999 0.0200894 -0.0297192 -0.00927701 0.999956 0.00125229 -0.241674 -0.020077 -0.00143835 0.999797 10.8652
0.999675 0.010001 0.0234655 -0.0259508 -0.0100491 0.999948 0.00193155 -0.241965 -0.0234449 -0.00216673 0.999723 11.2227
0.999624 0.00634021 0.0266798 -0.0149839 -0.00641009 0.999976 0.00253437 -0.254729 -0.0266631 -0.00270444 0.999641 11.5495
0.999566 0.00124796 0.0294197 -0.0088615 -0.00132451 0.999996 0.00258285 -0.273803 -0.0294163 -0.00262069 0.999564 11.833
0.999503 -0.00228036 0.0314296 0.000525003 0.00215818 0.99999 0.00392066 -0.283786 -0.0314383 -0.00385088 0.999498 12.088
0.999422 -0.00316866 0.0338462 0.007987 0.00300008 0.999983 0.00503039 -0.285762 -0.0338616 -0.00492594 0.999414 12.3298
0.999354 -0.00218877 0.0358665 0.0311566 0.00204769 0.99999 0.00396979 -0.283389 -0.0358748 -0.00389378 0.999349 12.5265
0.999263 -0.00120442 0.0383702 0.0312293 0.00110334 0.999996 0.00265558 -0.295015 -0.0383732 -0.00261128 0.99926 12.7153
0.999159 0.000909831 0.0409934 0.0278685 -0.000983754 0.999998 0.00178315 -0.297954 -0.0409917 -0.00182198 0.999158 12.8899
0.999083 0.0035191 0.0426733 0.0463199 -0.00357416 0.999993 0.00121406 -0.299025 -0.0426687 -0.00136546 0.999088 13.0579
0.99902 0.0048046 0.0439959 0.0329323 -0.00480417 0.999988 -0.000115517 -0.305104 -0.0439959 -9.59602e-05 0.999032 13.2063
0.99895 0.00428335 0.0456227 0.0492315 -0.00420732 0.99999 -0.00176235 -0.313302 -0.0456298 0.00156855 0.998957 13.3512
0.998859 0.00283386 0.0476772 0.050492 -0.00268358 0.999991 -0.00321557 -0.322755 -0.0476859 0.00308396 0.998858 13.5133
0.998825 0.00212303 0.0484144 0.0693398 -0.00191556 0.999989 -0.00433116 -0.322487 -0.048423 0.00423333 0.998818 13.6238
0.998744 0.00273559 0.0500281 0.0692272 -0.00245198 0.999981 -0.00572959 -0.324868 -0.0500428 0.00559972 0.998731 13.7624
0.99866 0.00357668 0.0516252 0.0795475 -0.00317667 0.999964 -0.00782834 -0.331646 -0.0516514 0.00765386 0.998636 13.9063
0.998618 0.00374663 0.0524204 0.0814614 -0.00323169 0.999946 -0.00990444 -0.334339 -0.0524546 0.00972135 0.998576 14.0158
0.998596 0.00304607 0.0528779 0.0969955 -0.00240112 0.999922 -0.0122561 -0.338479 -0.0529111 0.0121119 0.998526 14.1525
0.998609 0.00208106 0.0526773 0.100084 -0.00134384 0.999901 -0.0140266 -0.342637 -0.0527013 0.0139363 0.998513 14.285
0.998727 0.00164749 0.0504127 0.104108 -0.000874111 0.999882 -0.0153592 -0.345605 -0.050432 0.0152955 0.99861 14.3971
0.998863 0.00161903 0.0476549 0.113384 -0.00083932 0.999866 -0.0163771 -0.346149 -0.047675 0.0163184 0.99873 14.5414
0.99903 0.00208281 0.0439812 0.111882 -0.00131573 0.999847 -0.0174627 -0.350007 -0.0440108 0.0173879 0.99888 14.6706
0.999262 0.00246829 0.038333 0.108852 -0.00175918 0.999827 -0.0185214 -0.353466 -0.0383721 0.0184403 0.999093 14.7941
0.999502 0.0022099 0.0314695 0.113678 -0.00160071 0.999811 -0.0193704 -0.357197 -0.0315064 0.0193104 0.999317 14.9056
0.999703 0.0023814 0.0242592 0.108748 -0.00189386 0.999796 -0.0201003 -0.361937 -0.0243021 0.0200484 0.999504 15.0515
0.999872 0.00228888 0.0158344 0.112926 -0.00195478 0.999776 -0.0210829 -0.358321 -0.0158791 0.0210493 0.999652 15.1725
0.999977 0.00134926 0.00658656 0.0974186 -0.00120094 0.999747 -0.0224705 -0.366397 -0.00661521 0.0224621 0.999726 15.3271
0.999978 -0.000147535 -0.00663113 0.09058 -1.12138e-05 0.999714 -0.0239335 -0.370959 0.00663276 0.023933 0.999692 15.4563
0.999747 -0.000818868 -0.0224773 0.0656309 0.000243284 0.999672 -0.0255981 -0.379927 0.0224909 0.0255862 0.99942 15.6029
0.999114 -0.000459092 -0.0420858 0.0631518 -0.000665182 0.999643 -0.026696 -0.386063 0.042083 0.0267003 0.998757 15.8013
0.997958 0.000325818 -0.0638724 0.0382644 -0.00201063 0.999652 -0.0263153 -0.390401 0.0638416 0.0263899 0.997611 15.9986
0.99618 0.000961089 -0.0873209 -0.00521566 -0.00315025 0.999684 -0.024936 -0.395691 0.0872693 0.0251158 0.995868 16.1822
0.993487 0.00206064 -0.113923 -0.0333503 -0.0047506 0.999716 -0.0233456 -0.413445 0.113843 0.0237347 0.993215 16.453
0.989569 0.00309231 -0.144026 -0.101697 -0.00620787 0.999756 -0.0211875 -0.418823 0.143926 0.0218606 0.989347 16.6621
0.984293 0.00353348 -0.176509 -0.172458 -0.00681756 0.999815 -0.0180028 -0.42874 0.176412 0.0189234 0.984134 16.9247
0.976962 0.00447267 -0.213366 -0.23849 -0.00765647 0.999871 -0.0140978 -0.429866 0.213275 0.0154066 0.976871 17.2003
0.967408 0.00604337 -0.253151 -0.343064 -0.00839614 0.999931 -0.00821462 -0.455762 0.253084 0.0100724 0.967392 17.4174
0.955661 0.0102501 -0.29429 -0.462406 -0.0119984 0.999919 -0.00413588 -0.439302 0.294224 0.00748351 0.955707 17.7552
0.941624 0.0140917 -0.33637 -0.596894 -0.0147891 0.999891 0.00048857 -0.454911 0.336341 0.00451457 0.94173 18.0529
0.925344 0.0167566 -0.378757 -0.731275 -0.0157725 0.999859 0.00570074 -0.447849 0.3788 0.000698819 0.925478 18.3216
0.906199 0.019988 -0.422379 -0.902674 -0.0157888 0.999785 0.0134379 -0.466407 0.422556 -0.00550858 0.90632 18.6293
0.884632 0.0243464 -0.465653 -1.10292 -0.0169035 0.999654 0.0201535 -0.467264 0.465983 -0.00995724 0.884738 18.9066
0.859696 0.0293761 -0.50996 -1.2818 -0.0196325 0.999508 0.0244797 -0.457727 0.510428 -0.0110333 0.859849 19.1986
0.832384 0.0330339 -0.553214 -1.53812 -0.0212491 0.99939 0.0277041 -0.463063 0.553792 -0.0113051 0.832578 19.5273
0.801886 0.0367425 -0.596347 -1.78811 -0.0236936 0.999278 0.0297083 -0.450301 0.597008 -0.00969308 0.802177 19.7665
0.768772 0.0396399 -0.638293 -2.08814 -0.0244543 0.999169 0.0325982 -0.460286 0.639055 -0.00945164 0.769103 20.0917
0.732424 0.0436664 -0.679447 -2.36837 -0.026063 0.999008 0.0361086 -0.434522 0.68035 -0.00873838 0.732835 20.3608
0.69298 0.0450351 -0.719548 -2.69246 -0.0242084 0.998938 0.0392069 -0.418663 0.72055 -0.00975056 0.693335 20.6328
0.653893 0.0449088 -0.755253 -3.05236 -0.0218883 0.998942 0.0404483 -0.403358 0.75627 -0.00991767 0.654184 20.9148
0.611661 0.0441532 -0.789887 -3.41902 -0.0171915 0.998947 0.0425267 -0.397252 0.790933 -0.0124325 0.611776 21.1725
0.56759 0.044702 -0.822097 -3.78636 -0.0124069 0.998876 0.0457485 -0.400393 0.823218 -0.0157667 0.567506 21.4053
0.520922 0.0462336 -0.852351 -4.2489 -0.0106515 0.998806 0.0476679 -0.383682 0.853538 -0.0157524 0.520793 21.6568
0.472167 0.0457647 -0.880321 -4.66914 -0.00943666 0.998857 0.0468656 -0.344724 0.881459 -0.0138211 0.472059 21.8536
0.420308 0.0451444 -0.906258 -5.19359 -0.00496304 0.998861 0.0474556 -0.327376 0.907368 -0.0154482 0.420053 22.0711
0.367014 0.0442875 -0.929161 -5.69669 -4.1501e-05 0.998867 0.0475936 -0.310377 0.930216 -0.0174289 0.366599 22.2376
0.313408 0.0437424 -0.948611 -6.18184 0.00242326 0.998898 0.0468619 -0.321859 0.949615 -0.0169856 0.312957 22.4248
0.259705 0.0486105 -0.964464 -6.76598 0.00310072 0.998685 0.0511703 -0.24562 0.965683 -0.0162797 0.259213 22.5221
0.208015 0.0531923 -0.976678 -7.33111 0.00600627 0.998432 0.0556563 -0.200514 0.978107 -0.0174436 0.20737 22.6215
0.160566 0.055216 -0.985479 -7.88863 0.0111334 0.998269 0.0577466 -0.211225 0.986962 -0.0202438 0.159673 22.7206
0.115843 0.0564201 -0.991664 -8.56352 0.0140069 0.998193 0.0584278 -0.181379 0.993169 -0.0206586 0.114843 22.7693
0.0753259 0.0547521 -0.995655 -9.1423 0.013527 0.998343 0.0559234 -0.145478 0.997067 -0.0176807 0.0744605 22.8021
0.0396242 0.0511722 -0.997903 -9.86007 0.0108336 0.998607 0.0516385 -0.127148 0.999156 -0.012857 0.0390147 22.798
0.0108464 0.0511608 -0.998632 -10.4939 0.00885218 0.998646 0.0512577 -0.0851368 0.999902 -0.00939603 0.0103789 22.7827
-0.010972 0.054475 -0.998455 -11.2413 0.00722984 0.998493 0.0543976 -0.0450139 0.999914 -0.00662182 -0.0113493 22.7852
-0.02449 0.0603552 -0.997876 -11.9927 0.00865257 0.998151 0.0601595 0.000715359 0.999663 -0.00716089 -0.024967 22.7664
-0.0321437 0.0640291 -0.99743 -12.697 0.00912816 0.997923 0.0637666 1.93034e-05 0.999442 -0.00705502 -0.0326614 22.7205
-0.0363709 0.060842 -0.997485 -13.4819 0.00984446 0.998118 0.0605217 0.0555439 0.99929 -0.00761847 -0.0369014 22.7073
-0.0348702 0.056198 -0.997811 -14.2611 0.0169605 0.998307 0.0556333 0.129976 0.999248 -0.0149835 -0.0357643 22.6823
-0.0308169 0.0556438 -0.997975 -15.1026 0.0276937 0.998113 0.0547963 0.0957769 0.999141 -0.0259489 -0.0322998 22.67
-0.0244793 0.055742 -0.998145 -15.9514 0.0292956 0.998055 0.0550185 0.148504 0.999271 -0.0278945 -0.0260647 22.6463
-0.0206043 0.0533665 -0.998362 -16.7875 0.0282153 0.998208 0.0527759 0.245909 0.999389 -0.0270817 -0.0220732 22.6315
-0.0170376 0.0488095 -0.998663 -17.634 0.0315521 0.998337 0.0482553 0.209927 0.999357 -0.0306877 -0.0185493 22.6201
-0.0154729 0.0382703 -0.999148 -18.5533 0.0287019 0.998872 0.0378153 0.22355 0.999468 -0.0280923 -0.0165539 22.5987
-0.0147126 0.0288258 -0.999476 -19.4562 0.0223901 0.999343 0.0284923 0.297474 0.999641 -0.0219591 -0.0153483 22.5758
-0.0154874 0.026373 -0.999532 -20.3768 0.0160631 0.99953 0.026124 0.292584 0.999751 -0.015651 -0.0159037 22.553
-0.0192046 0.0315686 -0.999317 -21.3068 0.0066011 0.999484 0.031447 0.329801 0.999794 -0.00599267 -0.0194031 22.5069
-0.0233305 0.0392365 -0.998958 -22.2835 0.00211753 0.999229 0.0391978 0.381851 0.999726 -0.00120082 -0.0233956 22.4648
-0.0282095 0.0495645 -0.998372 -23.2506 0.000149431 0.99877 0.0495801 0.376023 0.999602 0.00124944 -0.0281822 22.4133
-0.0303583 0.0589297 -0.9978 -24.273 -0.00101178 0.998258 0.0589875 0.447461 0.999539 0.00280032 -0.0302458 22.3748
-0.0314858 0.0659635 -0.997325 -25.2738 0.000782404 0.997821 0.0659716 0.490626 0.999504 0.00129686 -0.0314688 22.3383
-0.0326553 0.0679103 -0.997157 -26.3345 0.00210375 0.997691 0.0678778 0.515868 0.999464 0.000118798 -0.0327228 22.3157
-0.0345528 0.064992 -0.997287 -27.338 0.000865194 0.997885 0.065001 0.586662 0.999402 0.00138312 -0.0345359 22.2732
-0.0374109 0.0607802 -0.99745 -28.3724 -0.00138343 0.998144 0.0608744 0.623284 0.999299 0.00365727 -0.0372574 22.2273
-0.0414428 0.0554999 -0.997598 -29.4031 -0.00191471 0.99845 0.0556268 0.651275 0.999139 0.00421543 -0.0412722 22.1786
-0.0472255 0.0514851 -0.997557 -30.4136 -0.00109272 0.998668 0.0515942 0.683916 0.998884 0.00352661 -0.0471063 22.1068
-0.0541773 0.0489336 -0.997332 -31.4615 -0.00299808 0.998786 0.0491678 0.722139 0.998527 0.00565386 -0.0539648 22.0543
-0.0602443 0.051693 -0.996844 -32.5052 -0.00185309 0.998651 0.0518987 0.763069 0.998182 0.00497384 -0.0600672 21.9728
-0.0669348 0.0560897 -0.99618 -33.585 -0.00356812 0.998399 0.0564544 0.796766 0.997751 0.00733326 -0.0666275 21.909
-0.0730706 0.0593026 -0.995562 -34.6609 -0.00571474 0.998189 0.0598785 0.850514 0.99731 0.0100647 -0.0725994 21.8192
-0.0770086 0.0615376 -0.99513 -35.6834 -0.0087662 0.998013 0.0623942 0.894286 0.996992 0.0135284 -0.0763162 21.727
-0.0802648 0.0628526 -0.99479 -36.7849 -0.0131285 0.997857 0.0641056 0.932307 0.996687 0.0182055 -0.0792676 21.6215
-0.0814127 0.0638139 -0.994635 -37.8232 -0.0169884 0.997714 0.0654019 0.994783 0.996536 0.0222218 -0.0801425 21.5417
-0.0835685 0.0635226 -0.994475 -38.9402 -0.0181511 0.997704 0.0652541 1.03922 0.996337 0.0235041 -0.0822236 21.4164
-0.0845207 0.0632376 -0.994413 -40.029 -0.0188674 0.997704 0.0650505 1.0831 0.996243 0.0242601 -0.0831334 21.3366
-0.0851856 0.0626179 -0.994395 -41.0777 -0.0201902 0.99771 0.0645563 1.125 0.996161 0.0255764 -0.0837263 21.2335
-0.0866565 0.0615479 -0.994335 -42.1901 -0.0221682 0.997724 0.0636896 1.18438 0.995992 0.0275617 -0.0850948 21.1394
-0.0877627 0.059391 -0.994369 -43.2744 -0.0265354 0.997727 0.0619336 1.22633 0.995788 0.0318214 -0.0859872 21.0284
-0.0878501 0.0541986 -0.994658 -44.3252 -0.0325863 0.997828 0.0572495 1.2755 0.995601 0.0374416 -0.0858931 20.9116
-0.0871828 0.0534498 -0.994757 -45.461 -0.0348901 0.997783 0.0566702 1.31824 0.995581 0.0396478 -0.0851246 20.8108
-0.0848594 0.0569801 -0.994762 -46.5539 -0.0342396 0.997607 0.0600639 1.38353 0.995804 0.0391572 -0.0827054 20.6974
-0.0843823 0.0606647 -0.994585 -47.6744 -0.0337816 0.997397 0.0637023 1.4304 0.995861 0.038974 -0.0821133 20.6057
-0.0818284 0.0608513 -0.994787 -48.7677 -0.0323676 0.997446 0.0636764 1.46221 0.996121 0.0374094 -0.0796497 20.5102
-0.0795288 0.0595143 -0.995054 -49.8967 -0.0319101 0.997553 0.0622141 1.51543 0.996322 0.0367001 -0.0774351 20.4063
-0.0757257 0.06015 -0.995313 -51.0067 -0.0354908 0.997384 0.0629754 1.56597 0.996497 0.0400933 -0.0733928 20.3126
-0.0694925 0.0608202 -0.995727 -52.1288 -0.041293 0.997109 0.0637865 1.62201 0.996727 0.0455492 -0.0667801 20.244
-0.0644905 0.0610343 -0.99605 -53.2711 -0.0443314 0.996967 0.0639608 1.66747 0.996933 0.0482811 -0.0615891 20.1486
-0.0582386 0.0597813 -0.996511 -54.384 -0.0464179 0.996964 0.0625212 1.72183 0.997223 0.0498971 -0.0552869 20.0756
-0.0526448 0.0598653 -0.996817 -55.5323 -0.0453808 0.997027 0.0622746 1.76537 0.997582 0.0485148 -0.0497715 20.0017
-0.0468508 0.0594047 -0.997134 -56.6679 -0.0439534 0.997141 0.0614703 1.81512 0.997934 0.0467074 -0.0441058 19.9369
-0.0408506 0.0600501 -0.997359 -57.7716 -0.0434681 0.99714 0.0618173 1.86115 0.998219 0.0458786 -0.0381235 19.892
-0.0362689 0.0615633 -0.997444 -58.9342 -0.0409786 0.99717 0.0630364 1.90946 0.998502 0.0431602 -0.0336435 19.8322
-0.0307964 0.0621704 -0.99759 -60.0717 -0.0429027 0.997062 0.0634619 1.96634 0.998604 0.0447538 -0.0280386 19.7786
-0.0246094 0.0622427 -0.997758 -61.2178 -0.0424651 0.997094 0.0632487 2.01544 0.998795 0.0439264 -0.0218948 19.7493
-0.0204645 0.0583138 -0.998089 -62.3997 -0.0422318 0.997356 0.0591369 2.06177 0.998898 0.0433613 -0.0179477 19.7141
-0.0155939 0.0525058 -0.998499 -63.5246 -0.0421519 0.997698 0.053122 2.09932 0.99899 0.042917 -0.0133448 19.6977
-0.0122933 0.0513058 -0.998607 -64.7075 -0.0427488 0.997743 0.0517877 2.15012 0.99901 0.043326 -0.0100723 19.6559
-0.00841374 0.0533955 -0.998538 -65.8851 -0.0417518 0.997684 0.0537016 2.19004 0.999093 0.0421426 -0.00616489 19.6457
-0.00599732 0.0540836 -0.998518 -66.9976 -0.0413797 0.997668 0.0542861 2.22675 0.999125 0.0416439 -0.00374537 19.6418
-0.00530198 0.0533827 -0.99856 -68.1881 -0.0431252 0.997633 0.0535621 2.27992 0.999056 0.043347 -0.00298729 19.6137
-0.00396653 0.0542015 -0.998522 -69.3732 -0.0443098 0.99754 0.0543242 2.32078 0.99901 0.0444598 -0.00155511 19.6224
-0.00355126 0.0546514 -0.998499 -70.5389 -0.0447816 0.997495 0.0547557 2.35602 0.99899 0.0449088 -0.00109499 19.5951
-0.0022367 0.052664 -0.99861 -71.7237 -0.0454002 0.997577 0.0527113 2.40328 0.998966 0.045455 0.000159679 19.5695
-0.000569564 0.0511153 -0.998693 -72.8808 -0.0440485 0.997722 0.0510908 2.44081 0.999029 0.04402 0.00168329 19.5647
-0.00130618 0.0508031 -0.998708 -74.0723 -0.040513 0.997886 0.0508143 2.47582 0.999178 0.040527 0.000754763 19.5473
-0.000858189 0.0512941 -0.998683 -75.2607 -0.0384151 0.997945 0.0512892 2.51674 0.999261 0.0384085 0.00111404 19.5404
-0.00103284 0.0545282 -0.998512 -76.4012 -0.0375977 0.997804 0.0545285 2.54247 0.999292 0.0375981 0.00101956 19.5318
-0.00047654 0.0577615 -0.99833 -77.6179 -0.0397239 0.997541 0.0577348 2.59352 0.999211 0.0396851 0.00181914 19.5192
0.000821032 0.0582256 -0.998303 -78.7856 -0.0420374 0.997423 0.0581397 2.63523 0.999116 0.0419184 0.00326657 19.5413
0.000865391 0.055977 -0.998432 -79.9869 -0.0434248 0.997492 0.0558867 2.67896 0.999056 0.0433084 0.00329401 19.5242
0.000642215 0.0535554 -0.998565 -81.1514 -0.0433489 0.997628 0.0534772 2.72191 0.99906 0.0432523 0.00296226 19.502
0.000694763 0.0526776 -0.998611 -82.3085 -0.0412208 0.997764 0.0526042 2.7582 0.99915 0.041127 0.00286462 19.4948
0.000179535 0.0540688 -0.998537 -83.5257 -0.0395903 0.997755 0.0540193 2.79248 0.999216 0.0395226 0.00231973 19.4684
0.000429263 0.0569129 -0.998379 -84.7145 -0.0391862 0.997613 0.0568524 2.83591 0.999232 0.0390983 0.00265844 19.4565
0.00165257 0.0594146 -0.998232 -85.8803 -0.0394352 0.997461 0.0593034 2.88137 0.999221 0.0392675 0.0039914 19.4855
0.0011771 0.0597139 -0.998215 -87.052 -0.0406866 0.997392 0.0596167 2.92536 0.999171 0.0405438 0.00360359 19.4534
0.00190519 0.0578066 -0.998326 -88.2086 -0.0403172 0.997521 0.057683 2.95996 0.999185 0.0401398 0.00423107 19.4712
0.002338 0.056359 -0.998408 -89.4046 -0.0391702 0.997649 0.0562245 3.00487 0.99923 0.0389764 0.0045401 19.4659
0.00280729 0.0569526 -0.998373 -90.5395 -0.0370942 0.997696 0.0568096 3.05377 0.999308 0.0368743 0.00491343 19.4891
0.00239124 0.0596697 -0.998215 -91.7523 -0.0346443 0.997624 0.0595513 3.10176 0.999397 0.0344401 0.00445277 19.4809
0.0024299 0.0625651 -0.998038 -92.8244 -0.0331812 0.997496 0.0624504 3.13481 0.999446 0.0329644 0.0044998 19.5015
0.00404504 0.0642962 -0.997923 -94.0105 -0.0338007 0.997369 0.0641236 3.1836 0.99942 0.0334711 0.00620766 19.4873
0.00381159 0.0657866 -0.997826 -95.1803 -0.0359615 0.997197 0.0656078 3.24017 0.999346 0.0356333 0.00616669 19.4582
0.00404509 0.0650315 -0.997875 -96.3152 -0.0379102 0.997176 0.0648322 3.29584 0.999273 0.0375674 0.00649903 19.4703
0.00473894 0.0615397 -0.998093 -97.5225 -0.0406126 0.997293 0.0612976 3.33883 0.999164 0.0402447 0.0072254 19.4732
0.00458537 0.0596989 -0.998206 -98.6652 -0.0427487 0.997316 0.0594492 3.38674 0.999075 0.0423994 0.00712511 19.4427
0.0046465 0.0583472 -0.998286 -99.8256 -0.042672 0.997399 0.0580967 3.42628 0.999078 0.0423289 0.0071242 19.4424
0.00484316 0.0581617 -0.998295 -100.977 -0.0402943 0.997508 0.0579203 3.478 0.999176 0.0399451 0.00717467 19.4485
0.00451547 0.0606177 -0.998151 -102.149 -0.0406078 0.997349 0.0603853 3.52174 0.999165 0.0402601 0.00696506 19.4514
0.00528537 0.0623906 -0.998038 -103.288 -0.0387103 0.997316 0.0621405 3.56608 0.999236 0.0383059 0.00768634 19.448
0.00476535 0.0616021 -0.998089 -104.472 -0.0425341 0.99721 0.0613447 3.61858 0.999084 0.0421605 0.00737224 19.4276
0.0039944 0.0624978 -0.998037 -105.634 -0.0474287 0.996934 0.0622389 3.66765 0.998867 0.047087 0.00694634 19.4429
0.00395355 0.0620742 -0.998064 -106.784 -0.0504141 0.996815 0.0617968 3.7217 0.998721 0.0500722 0.00707037 19.4345
0.00380231 0.0587984 -0.998263 -107.989 -0.0512746 0.996968 0.0585269 3.7697 0.998677 0.050963 0.00680565 19.4237
0.00291459 0.0538779 -0.998543 -109.174 -0.0520998 0.9972 0.0536534 3.82397 0.998638 0.0518675 0.00571346 19.4201
0.00218041 0.0530127 -0.998591 -110.338 -0.0486439 0.997417 0.0528441 3.86608 0.998814 0.0484602 0.00475353 19.4193
0.0017112 0.052425 -0.998623 -111.546 -0.0432386 0.997695 0.0523021 3.90661 0.999063 0.0430896 0.00397404 19.4191
0.00149186 0.0537652 -0.998552 -112.731 -0.0427048 0.997646 0.0536526 3.95217 0.999087 0.0425629 0.00378438 19.4114
0.000913055 0.0578712 -0.998324 -113.981 -0.0419097 0.997449 0.0577822 4.0001 0.999121 0.0417867 0.00333609 19.4106
0.000449984 0.0587158 -0.998275 -115.189 -0.0404322 0.99746 0.0586497 4.0418 0.999182 0.0403361 0.00282285 19.4008
0.000137482 0.0540827 -0.998536 -116.421 -0.0398595 0.997743 0.0540343 4.09837 0.999205 0.0397938 0.00229288 19.3948
-0.00128724 0.0500104 -0.998748 -117.662 -0.0408861 0.997911 0.0500211 4.14692 0.999163 0.0408993 0.000760177 19.3814
-0.00181556 0.0487361 -0.99881 -118.877 -0.0395574 0.998026 0.0487697 4.18506 0.999216 0.0395989 0.000115897 19.3713
-0.00244775 0.049634 -0.998764 -120.139 -0.0410528 0.99792 0.0496926 4.22536 0.999154 0.0411237 -0.000405049 19.3654
-0.00274128 0.0541001 -0.998532 -121.403 -0.0461454 0.997465 0.054169 4.27501 0.998931 0.0462262 -0.000237859 19.3456
-0.00276293 0.0579418 -0.998316 -122.655 -0.0515625 0.996984 0.0580071 4.32139 0.998666 0.051636 0.000233028 19.3248
-0.00322249 0.0578961 -0.998317 -123.921 -0.0588462 0.996582 0.0579854 4.37318 0.998262 0.058934 0.000195495 19.3084
-0.00272867 0.0555804 -0.99845 -125.192 -0.0625892 0.996487 0.0556422 4.42196 0.998036 0.0626441 0.000759648 19.2877
-0.00335353 0.0545916 -0.998503 -126.419 -0.064309 0.99643 0.0546942 4.46732 0.997924 0.0643961 0.000169165 19.2731
-0.00407701 0.0539909 -0.998533 -127.696 -0.0646394 0.996439 0.0541416 4.51276 0.9979 0.0647654 -0.000572544 19.2664
-0.00434574 0.0532832 -0.99857 -128.923 -0.062175 0.996633 0.0534504 4.54666 0.998056 0.0623184 -0.00101822 19.2484
-0.00483901 0.0534742 -0.998558 -130.209 -0.0624256 0.996605 0.0536722 4.59129 0.998038 0.0625953 -0.00148442 19.2442
-0.00526487 0.058399 -0.998279 -131.474 -0.0624581 0.996325 0.0586141 4.63752 0.998034 0.0626592 -0.00159804 19.2302
-0.00564694 0.0634085 -0.997972 -132.697 -0.0608343 0.996117 0.0636349 4.67911 0.998132 0.0610702 -0.00176761 19.2203
-0.00560445 0.0620784 -0.998056 -133.98 -0.0613402 0.99617 0.0623056 4.73549 0.998101 0.0615701 -0.00177509 19.1993
-0.00482876 0.0599652 -0.998189 -135.238 -0.061451 0.996296 0.0601488 4.79334 0.998098 0.0616302 -0.00112595 19.1879
-0.00349804 0.0598379 -0.998202 -136.46 -0.0604301 0.996371 0.0599399 4.83288 0.998166 0.0605311 0.000130662 19.1704
-0.00256593 0.0589126 -0.99826 -137.744 -0.0609906 0.996395 0.0589593 4.88584 0.998135 0.0610358 0.00103644 19.1653
-0.00171993 0.060693 -0.998155 -138.96 -0.0606782 0.996311 0.0606855 4.9355 0.998156 0.0606707 0.00196916 19.1584
-0.000609086 0.0647917 -0.997899 -140.235 -0.0614597 0.99601 0.0647066 4.98677 0.998109 0.0613699 0.00337542 19.1394
0.000604345 0.0662422 -0.997803 -141.483 -0.0627249 0.995841 0.066074 5.03495 0.998031 0.0625472 0.00475687 19.1369
0.00178488 0.0632519 -0.997996 -142.697 -0.0657386 0.995846 0.0629981 5.09239 0.997835 0.0654944 0.00593555 19.1254
0.00167095 0.0598751 -0.998204 -143.97 -0.0643783 0.996142 0.0596436 5.15653 0.997924 0.064163 0.00551916 19.1194
0.00206313 0.0583685 -0.998293 -145.207 -0.0613938 0.996419 0.0581321 5.19844 0.998111 0.061169 0.00563921 19.1049
0.00213262 0.0580288 -0.998313 -146.415 -0.0600465 0.996521 0.0577964 5.23531 0.998193 0.0598219 0.00560963 19.1062
0.00166126 0.0580593 -0.998312 -147.664 -0.0576145 0.99666 0.0578674 5.2909 0.998338 0.0574211 0.00500077 19.1024
0.00203481 0.0574864 -0.998344 -148.886 -0.0548457 0.99685 0.0572886 5.3215 0.998493 0.0546384 0.00518128 19.0942
0.00126121 0.0569256 -0.998378 -150.137 -0.0548168 0.996881 0.056771 5.37579 0.998496 0.0546562 0.00437776 19.082
0.00117523 0.0591506 -0.998248 -151.374 -0.0522967 0.996887 0.0590083 5.42529 0.998631 0.0521357 0.00426495 19.0797
0.00150138 0.061503 -0.998106 -152.571 -0.0493469 0.996895 0.0613542 5.46451 0.998781 0.0491613 0.0045317 19.0836
0.00111216 0.0596001 -0.998222 -153.835 -0.0474096 0.997103 0.0594805 5.51461 0.998875 0.0472591 0.00393455 19.0752
0.000561554 0.0594383 -0.998232 -155.063 -0.0486317 0.997052 0.0593407 5.57062 0.998817 0.0485124 0.00345048 19.0615
0.000886104 0.0638222 -0.997961 -156.259 -0.0493448 0.996748 0.0637009 5.61263 0.998781 0.0491877 0.00403251 19.0717
0.000750593 0.0706894 -0.997498 -157.529 -0.0538948 0.996051 0.0705464 5.67329 0.998546 0.053707 0.00455742 19.0379
0.00197562 0.0714717 -0.997441 -158.717 -0.0589859 0.995714 0.0712312 5.72874 0.998257 0.0586942 0.00618298 19.0327
0.00368639 0.0677079 -0.997698 -159.98 -0.0628591 0.995748 0.0673433 5.79014 0.998016 0.0624662 0.00792678 19.0386
0.00506173 0.0622136 -0.99805 -161.202 -0.0652471 0.995957 0.0617522 5.83779 0.997856 0.0648073 0.00910053 19.0363
0.00609067 0.0607811 -0.998133 -162.377 -0.0673668 0.995908 0.0602346 5.89932 0.99771 0.0668742 0.0101604 19.0361
0.00668625 0.0571802 -0.998341 -163.632 -0.0628432 0.996414 0.056649 5.94032 0.998001 0.0623602 0.0102557 19.0242
0.00791971 0.0532664 -0.998549 -164.867 -0.0586702 0.996885 0.0527123 5.98221 0.998246 0.0581676 0.0110202 19.0407
0.00767807 0.0495024 -0.998744 -166.047 -0.053285 0.997375 0.0490249 6.02061 0.99855 0.0528417 0.0102957 19.0324
0.00631545 0.0515941 -0.998648 -167.322 -0.0497832 0.997446 0.0512171 6.06614 0.99874 0.0493925 0.00886784 19.03
0.00695899 0.0588415 -0.998243 -168.484 -0.0506921 0.997005 0.0584151 6.10625 0.99869 0.0501965 0.00992095 19.0401
0.008441 0.0618694 -0.998049 -169.736 -0.0516959 0.996776 0.0613533 6.1562 0.998627 0.0510772 0.0116122 19.0338
0.0102552 0.0591995 -0.998193 -170.98 -0.0534594 0.996851 0.0585707 6.19594 0.998517 0.0527622 0.0133877 19.0394
0.0115355 0.0584992 -0.998221 -172.132 -0.0552575 0.996799 0.0577773 6.25112 0.998405 0.0544927 0.0147311 19.0603
0.0115832 0.0598607 -0.99814 -173.362 -0.0541987 0.996777 0.05915 6.30058 0.998463 0.0534127 0.0147903 19.0564
0.0130509 0.0581062 -0.998225 -174.572 -0.0534506 0.996923 0.0573316 6.33886 0.998485 0.0526075 0.0161166 19.0603
0.0146111 0.0567078 -0.998284 -175.726 -0.0542136 0.996967 0.0558395 6.37459 0.998422 0.0533047 0.0176411 19.0792
0.0162322 0.0582232 -0.998172 -176.909 -0.0553011 0.996827 0.0572454 6.41675 0.998338 0.0542707 0.0194005 19.0885
0.0174387 0.060286 -0.998029 -178.004 -0.0554292 0.996704 0.0592374 6.44762 0.99831 0.054287 0.0207229 19.1107
0.0180456 0.0618207 -0.997924 -179.131 -0.0558848 0.996589 0.0607274 6.48007 0.998274 0.054673 0.0214389 19.1114
0.0183556 0.0631079 -0.997838 -180.199 -0.0568232 0.996459 0.0619754 6.51954 0.998216 0.0555628 0.0218766 19.1296
0.0184034 0.0643608 -0.997757 -181.209 -0.0552807 0.996465 0.0632578 6.54894 0.998301 0.0539925 0.0218962 19.1395
0.0189844 0.0636274 -0.997793 -182.252 -0.0559505 0.996477 0.0624789 6.58087 0.998253 0.0546409 0.0224775 19.14
0.0205507 0.0636063 -0.997763 -183.207 -0.0569495 0.996428 0.0623482 6.60929 0.998166 0.0555408 0.0240997 19.1779
0.0207352 0.0638899 -0.997742 -184.188 -0.0576647 0.996371 0.0626037 6.65719 0.998121 0.0562364 0.0243441 19.1639
0.0205738 0.0628504 -0.997811 -185.141 -0.0566636 0.996491 0.061599 6.68032 0.998181 0.0552723 0.0240629 19.1919
0.0174675 0.0596582 -0.998066 -186.06 -0.0536071 0.996838 0.0586466 6.71079 0.998409 0.052479 0.0206104 19.1996
0.0131565 0.0562246 -0.998331 -186.999 -0.0534643 0.997029 0.0554466 6.73986 0.998483 0.0526456 0.0161235 19.2071
0.00807581 0.0529806 -0.998563 -187.922 -0.0554536 0.997083 0.0524535 6.77665 0.998429 0.0549503 0.0109902 19.1974
0.00432303 0.052259 -0.998624 -188.848 -0.0572769 0.997007 0.0519264 6.80353 0.998349 0.0569736 0.00730333 19.1884
0.0014985 0.0526963 -0.998609 -189.785 -0.0593064 0.996858 0.0525148 6.84098 0.998239 0.0591453 0.00461902 19.1795
-0.000542375 0.0543863 -0.99852 -190.658 -0.0578823 0.996844 0.0543265 6.8702 0.998323 0.0578261 0.00260734 19.1714
-0.00213792 0.0562579 -0.998414 -191.612 -0.0551967 0.996888 0.0562901 6.8888 0.998473 0.0552295 0.000973988 19.1651
-0.0035339 0.0566561 -0.998387 -192.512 -0.0534888 0.996954 0.0567641 6.92435 0.998562 0.0536032 -0.000492668 19.1628
-0.00397795 0.0560205 -0.998422 -193.405 -0.053174 0.997005 0.0561528 6.94669 0.998577 0.0533134 -0.000987207 19.1582
-0.00516547 0.0545403 -0.998498 -194.33 -0.0555736 0.996953 0.0547433 6.9836 0.998441 0.0557729 -0.00211873 19.1417
-0.00505278 0.0539336 -0.998532 -195.213 -0.0593755 0.996767 0.0541387 7.02327 0.998223 0.0595618 -0.00183411 19.1264
-0.00449801 0.052501 -0.998611 -196.147 -0.061704 0.996703 0.0526787 7.04705 0.998084 0.0618552 -0.00124366 19.1095
-0.00337098 0.0500323 -0.998742 -197.052 -0.0622432 0.996801 0.0501452 7.07632 0.998055 0.062334 -0.000246018 19.1005
-0.0028435 0.0471064 -0.998886 -197.95 -0.0621405 0.996951 0.0471921 7.11007 0.998063 0.0622054 9.23903e-05 19.0892
-0.00249573 0.0465612 -0.998912 -198.887 -0.0617887 0.997 0.0466264 7.14007 0.998086 0.0618378 0.00038871 19.0726
-0.00201303 0.0491448 -0.99879 -199.821 -0.0595896 0.997011 0.0491774 7.17069 0.998221 0.0596165 0.000921504 19.0797
-0.00166159 0.0512591 -0.998684 -200.729 -0.0587386 0.996956 0.0512681 7.18964 0.998272 0.0587465 0.00135435 19.0621
-0.00109645 0.0471898 -0.998885 -201.702 -0.0539498 0.997428 0.0471802 7.22479 0.998543 0.0539414 0.00145225 19.0675
-0.00106839 0.043312 -0.999061 -202.609 -0.0528201 0.997665 0.0433079 7.24255 0.998603 0.0528168 0.00122185 19.0733
0.000100938 0.0432715 -0.999063 -203.605 -0.0565883 0.997463 0.0431965 7.2802 0.998398 0.056531 0.00254934 19.0475
0.00132293 0.0474482 -0.998873 -204.568 -0.0579212 0.9972 0.047292 7.32436 0.99832 0.0577934 0.00406748 19.0388
0.00339689 0.047653 -0.998858 -205.501 -0.0559085 0.997311 0.0473891 7.33591 0.99843 0.0556837 0.00605196 19.0385
0.00541646 0.0480555 -0.99883 -206.492 -0.0548565 0.997355 0.0476871 7.37001 0.99848 0.054534 0.00803829 19.0367
0.00691181 0.0528649 -0.998578 -207.45 -0.0552617 0.997096 0.0524039 7.41447 0.998448 0.0548209 0.00981314 19.0371
0.00854322 0.0570719 -0.998334 -208.463 -0.0523693 0.997025 0.056549 7.44107 0.998591 0.0517989 0.0115066 19.0385
0.0101331 0.0582005 -0.998253 -209.468 -0.0516551 0.997002 0.0576032 7.46372 0.998614 0.0509812 0.0131091 19.0401
0.0121729 0.058729 -0.9982 -210.45 -0.054655 0.99682 0.0579813 7.51568 0.998431 0.0538508 0.015344 19.0475
0.0150063 0.0599955 -0.998086 -211.478 -0.0572917 0.99661 0.0590453 7.57405 0.998245 0.056296 0.0183927 19.0622
0.018596 0.0606271 -0.997987 -212.495 -0.057846 0.996553 0.0594621 7.60873 0.998152 0.0566238 0.022039 19.0746
0.02184 0.0583034 -0.99806 -213.54 -0.0616302 0.996478 0.0568624 7.64795 0.99786 0.0602688 0.0253563 19.0698
0.0240209 0.0551044 -0.998192 -214.573 -0.0620611 0.996636 0.053525 7.69228 0.997783 0.0606631 0.0273599 19.1021
0.0258494 0.0539454 -0.998209 -215.583 -0.0613125 0.996749 0.0522787 7.72635 0.997784 0.0598513 0.0290729 19.1218
0.0276598 0.0562195 -0.998035 -216.656 -0.0612302 0.996638 0.0544438 7.7663 0.99774 0.059604 0.0310092 19.1402
0.0289751 0.0596145 -0.997801 -217.692 -0.0629595 0.996347 0.0576993 7.80842 0.997595 0.0611492 0.0326225 19.1658
0.0304776 0.0596951 -0.997751 -218.772 -0.0630168 0.996344 0.057686 7.85059 0.997547 0.0611169 0.0341279 19.1883
0.0309918 0.0566426 -0.997913 -219.828 -0.061996 0.99658 0.0546415 7.89573 0.997595 0.0601732 0.0343974 19.2214
0.0318747 0.0537901 -0.998043 -220.902 -0.0596374 0.996874 0.0518224 7.92854 0.997711 0.0578689 0.0349829 19.247
0.0316068 0.0525339 -0.998119 -222.007 -0.0568635 0.997095 0.0506794 7.97243 0.997882 0.0551548 0.0345022 19.2842
0.0317921 0.0518595 -0.998148 -223.093 -0.0579591 0.997068 0.0499574 8.01215 0.997813 0.0562635 0.0347046 19.3125
0.0327358 0.0519902 -0.998111 -224.171 -0.0572342 0.997105 0.0500606 8.03955 0.997824 0.0554873 0.0356166 19.3374
0.0321871 0.0526312 -0.998095 -225.308 -0.0598257 0.996924 0.0506401 8.08665 0.99769 0.0580818 0.0352368 19.3637
0.0320009 0.0544459 -0.998004 -226.414 -0.0599982 0.996819 0.0524574 8.12995 0.997685 0.0581998 0.0351658 19.3979
0.0311756 0.0562848 -0.997928 -227.53 -0.0605358 0.996687 0.0543237 8.1659 0.997679 0.0587168 0.0344795 19.4256
0.0307512 0.0582805 -0.997827 -228.658 -0.0616328 0.99651 0.0563042 8.21181 0.997625 0.0597674 0.0342358 19.4461
0.0296434 0.0592667 -0.997802 -229.805 -0.0631096 0.99636 0.0573061 8.25635 0.997566 0.0612721 0.0332758 19.4675
0.0289186 0.0582809 -0.997881 -230.961 -0.0657457 0.996248 0.0562802 8.30772 0.997417 0.0639788 0.0326418 19.4904
0.028102 0.0539492 -0.998148 -232.113 -0.0641279 0.996583 0.0520591 8.34886 0.997546 0.0625462 0.0314656 19.5096
0.0265125 0.0473624 -0.998526 -233.28 -0.0616055 0.997056 0.0456569 8.39004 0.997748 0.0603042 0.0293522 19.5268
0.0245021 0.0428851 -0.99878 -234.446 -0.0574148 0.997491 0.0414212 8.42072 0.99805 0.0563298 0.0269029 19.5587
0.0224428 0.0425523 -0.998842 -235.604 -0.0517359 0.997805 0.0413456 8.45108 0.998409 0.0507481 0.024595 19.5842
0.0200092 0.0464585 -0.99872 -236.794 -0.0464689 0.997883 0.0454886 8.47938 0.998719 0.0454992 0.0221258 19.6085
0.0181963 0.048915 -0.998637 -238.006 -0.0440188 0.997873 0.0480755 8.52151 0.998865 0.043084 0.0203108 19.6171
0.0162495 0.0486067 -0.998686 -239.18 -0.0429547 0.997929 0.047871 8.55412 0.998945 0.0421204 0.0183038 19.6393
0.0133036 0.0490122 -0.99871 -240.401 -0.0431162 0.997897 0.048398 8.59692 0.998981 0.0424166 0.0153889 19.6429
0.0109936 0.0503477 -0.998671 -241.62 -0.042366 0.997858 0.0498403 8.63793 0.999042 0.0417618 0.0131031 19.6518
0.0096143 0.0504734 -0.998679 -242.817 -0.0411034 0.997901 0.0500384 8.67467 0.999109 0.040568 0.0116688 19.6438
0.00698436 0.0486531 -0.998791 -244.08 -0.0404739 0.998011 0.0483321 8.70987 0.999156 0.0400875 0.00893965 19.6507
0.0050303 0.0484755 -0.998812 -245.289 -0.0409478 0.997997 0.0482297 8.74926 0.999149 0.0406565 0.00700518 19.6499
0.00278238 0.0492552 -0.998782 -246.565 -0.0412456 0.997942 0.0490989 8.7993 0.999145 0.0410588 0.00480821 19.6462
0.000423958 0.0497222 -0.998763 -247.81 -0.0421844 0.997875 0.0496601 8.83109 0.99911 0.0421112 0.00252056 19.6414
-0.00153063 0.0509659 -0.998699 -249.026 -0.042536 0.997793 0.0509849 8.86956 0.999094 0.0425587 0.000640638 19.6311
-0.00388504 0.0523141 -0.998623 -250.321 -0.0437286 0.997667 0.0524341 8.91526 0.999036 0.0438721 -0.00158835 19.6151
-0.00508499 0.0532271 -0.998569 -251.586 -0.0457316 0.997525 0.0534043 8.9542 0.998941 0.0459377 -0.00263824 19.6096
-0.00574892 0.0537835 -0.998536 -252.833 -0.0490313 0.997336 0.0540012 8.99913 0.998781 0.04927 -0.00309653 19.5833
-0.00619465 0.0541522 -0.998513 -254.1 -0.0497371 0.99728 0.0543938 9.03753 0.998743 0.0500002 -0.00348443 19.5577
-0.00655305 0.0532315 -0.998561 -255.355 -0.049157 0.997358 0.05349 9.07723 0.99877 0.0494367 -0.00391903 19.5285
-0.00604894 0.0515451 -0.998652 -256.63 -0.0459064 0.997603 0.051769 9.12148 0.998927 0.0461577 -0.00366819 19.5385
-0.00641343 0.0518629 -0.998634 -257.868 -0.0446599 0.997643 0.0520982 9.161 0.998982 0.044933 -0.00408212 19.5268
-0.00621667 0.0522373 -0.998615 -259.104 -0.0444243 0.997634 0.0524625 9.1991 0.998993 0.0446889 -0.00388136 19.5044
-0.00525304 0.0522025 -0.998623 -260.389 -0.0443255 0.997643 0.0523844 9.24294 0.999003 0.0445397 -0.00292676 19.4805
-0.00394274 0.0528633 -0.998594 -261.636 -0.0434287 0.997651 0.0529848 9.2816 0.999049 0.0435766 -0.0016377 19.4452
-0.00514982 0.0536015 -0.998549 -262.876 -0.0412183 0.997702 0.0537686 9.32122 0.999137 0.0414354 -0.00292863 19.4621
-0.0045264 0.0559668 -0.998422 -264.13 -0.0370319 0.997738 0.0560963 9.36278 0.999304 0.0372274 -0.00244361 19.4381
-0.0042696 0.0594537 -0.998222 -265.357 -0.0331602 0.997674 0.0595628 9.39847 0.999441 0.0333555 -0.00228817 19.4267
-0.00498427 0.0615741 -0.99809 -266.616 -0.030826 0.997619 0.0616989 9.44862 0.999512 0.0310747 -0.00307432 19.4162
-0.00409347 0.0605732 -0.998155 -267.863 -0.031599 0.997657 0.0606725 9.49247 0.999492 0.031789 -0.00216983 19.4064
-0.00370554 0.0591482 -0.998242 -269.08 -0.0344964 0.997647 0.059241 9.53721 0.999398 0.0346553 -0.00165643 19.3928
-0.00568765 0.0614535 -0.998094 -270.321 -0.0399504 0.997299 0.0616322 9.58911 0.999185 0.0402248 -0.0032172 19.3732
-0.00470858 0.0675837 -0.997702 -271.54 -0.0450312 0.996687 0.0677275 9.65726 0.998974 0.0452466 -0.00164961 19.3692
-0.00436398 0.0675149 -0.997709 -272.815 -0.0481976 0.996544 0.067647 9.71477 0.998828 0.0483824 -0.00109483 19.3374
-0.00509 0.0610168 -0.998124 -274.03 -0.0493407 0.996906 0.061194 9.76544 0.998769 0.0495596 -0.00206364 19.3232
-0.00521086 0.0550835 -0.998468 -275.223 -0.0465733 0.997385 0.0552668 9.80962 0.998901 0.0467899 -0.00263181 19.3044
-0.00545777 0.0539744 -0.998527 -276.455 -0.0413296 0.997677 0.0541544 9.85349 0.999131 0.0415643 -0.00321435 19.3007
-0.00417177 0.0554617 -0.998452 -277.714 -0.036785 0.997777 0.0555778 9.89064 0.999314 0.0369599 -0.00212233 19.2883
-0.00216946 0.0571091 -0.998366 -278.916 -0.0363896 0.997702 0.0571502 9.94288 0.999335 0.0364541 -8.62975e-05 19.2765
-0.00193616 0.0599203 -0.998201 -280.162 -0.0372582 0.997506 0.0599508 9.98305 0.999304 0.0373072 0.000301188 19.2667
-0.000364038 0.061462 -0.998109 -281.362 -0.0387043 0.997361 0.06143 10.031 0.999251 0.0386535 0.00201576 19.256
-3.50399e-05 0.0622404 -0.998061 -282.629 -0.039391 0.997286 0.0621934 10.0836 0.999224 0.0393168 0.00241676 19.2437
0.000564371 0.0618975 -0.998082 -283.847 -0.0390361 0.997323 0.0618283 10.132 0.999238 0.0389263 0.00297909 19.2291
0.00174431 0.0603747 -0.998174 -285.059 -0.0400908 0.997378 0.0602564 10.1822 0.999195 0.0399124 0.0041602 19.2351
0.00110106 0.0589371 -0.998261 -286.29 -0.0393599 0.997491 0.0588483 10.2303 0.999224 0.0392267 0.00341806 19.2227
0.00180441 0.0589488 -0.998259 -287.52 -0.0404456 0.997448 0.0588278 10.2798 0.99918 0.040269 0.00418402 19.2109
0.0024922 0.0587344 -0.998271 -288.728 -0.0403028 0.997468 0.0585866 10.3224 0.999184 0.0400871 0.00485305 19.2028
0.00228765 0.0590457 -0.998253 -289.969 -0.0406922 0.997434 0.058904 10.3703 0.999169 0.0404864 0.00468448 19.1958
0.0032318 0.0593796 -0.99823 -291.182 -0.04053 0.997423 0.0592004 10.4145 0.999173 0.0402669 0.00563013 19.2088
0.00243304 0.0577373 -0.998329 -292.419 -0.0400134 0.997538 0.057594 10.4575 0.999196 0.0398064 0.00473732 19.1921
0.00323256 0.0551574 -0.998472 -293.626 -0.0401128 0.997681 0.0549838 10.5023 0.99919 0.0398738 0.00543758 19.1966
0.00238897 0.0522132 -0.998633 -294.87 -0.0410909 0.997798 0.0520712 10.5435 0.999153 0.0409104 0.0045292 19.185
0.00258331 0.0509192 -0.998699 -296.106 -0.0428341 0.997792 0.0507622 10.5858 0.999079 0.0426472 0.00475868 19.1791
0.00194641 0.0509192 -0.998701 -297.321 -0.0460206 0.997649 0.0507759 10.6221 0.998939 0.045862 0.00428517 19.176
0.00227199 0.0524242 -0.998622 -298.535 -0.048977 0.997432 0.0522503 10.6608 0.998797 0.0487908 0.00483374 19.1816
0.00102978 0.0533916 -0.998573 -299.8 -0.0525478 0.997197 0.0532639 10.7017 0.998618 0.052418 0.00383251 19.1514
0.00136195 0.0537483 -0.998554 -300.987 -0.0541809 0.997092 0.0535957 10.7419 0.99853 0.0540296 0.00427012 19.1572
0.000903305 0.0515997 -0.998667 -302.261 -0.0536743 0.997231 0.0514769 10.7831 0.998558 0.0535563 0.00367038 19.1477
0.000507223 0.0491513 -0.998791 -303.493 -0.0521863 0.997432 0.0490579 10.8203 0.998637 0.0520983 0.00307095 19.1304
-0.000455861 0.0488622 -0.998805 -304.685 -0.0486756 0.997621 0.0488264 10.8585 0.998815 0.0486397 0.00192362 19.1286
-0.0012445 0.050817 -0.998707 -305.968 -0.0464785 0.997626 0.0508199 10.9017 0.998919 0.0464816 0.00112036 19.1248
