1 0 0 0 0 1 0 0 0 0 1 0
0.999951 -0.00145548 0.00979793 0.0173699 0.00144915 0.999999 0.000652827 -0.0113944 -0.00979887 -0.000638596 0.999952 0.266419
0.999841 -0.00346973 0.0175037 0.0137656 0.0034435 0.999993 0.00152839 -0.0249743 -0.0175089 -0.00146787 0.999846 0.574099
0.999791 -0.00734333 0.0190905 0.0210449 0.00735042 0.999973 -0.000300976 -0.0205121 -0.0190878 0.000441236 0.999818 0.881963
0.999828 -0.00717705 0.0171167 0.0260002 0.00720014 0.999973 -0.00128806 -0.0272381 -0.017107 0.00141108 0.999853 1.16956
0.999866 -0.01191 0.0112748 0.0261133 0.011947 0.999923 -0.00321916 -0.0233993 -0.0112356 0.00335343 0.999931 1.50561
0.999926 -0.0121626 -0.000536276 0.00916074 0.0121602 0.999917 -0.00421638 -0.0387439 0.000587513 0.00420955 0.999991 1.84456
0.999791 -0.0116884 -0.0167641 0.00297888 0.011612 0.999922 -0.00464574 -0.0391244 0.0168171 0.00445011 0.999849 2.14883
0.999316 -0.00746066 -0.036207 -0.0198168 0.00727615 0.99996 -0.005225 -0.0444252 0.0362445 0.00495798 0.999331 2.49914
0.998447 -0.00433253 -0.0555445 -0.0553243 0.00400064 0.999973 -0.00608496 -0.0507749 0.0555693 0.00585329 0.998438 2.84989
0.997152 -0.00320157 -0.0753469 -0.0904504 0.00272583 0.999976 -0.006416 -0.0542591 0.0753656 0.00619235 0.997137 3.18867
0.995374 -0.00418366 -0.0959877 -0.138883 0.00362816 0.999976 -0.00596106 -0.0619631 0.0960103 0.00558522 0.995365 3.59103
0.99325 -0.00555036 -0.115856 -0.198522 0.00498532 0.999974 -0.00516625 -0.0757412 0.115882 0.0045538 0.993253 3.9848
0.991001 -0.00462121 -0.133777 -0.261163 0.00405242 0.999982 -0.00452372 -0.0796022 0.133796 0.00394089 0.991001 4.35635
0.988858 -0.00380481 -0.148814 -0.33419 0.00324054 0.999987 -0.00403405 -0.0900244 0.148827 0.00350687 0.988857 4.80113
0.986632 -0.00292728 -0.162937 -0.415312 0.00231693 0.99999 -0.00393582 -0.0978071 0.162947 0.00350569 0.986629 5.19024
0.984566 -0.00413041 -0.174967 -0.496127 0.00335352 0.999983 -0.00473566 -0.100509 0.174983 0.00407581 0.984563 5.64119
0.982775 -0.00731045 -0.184659 -0.581082 0.00619246 0.999959 -0.00663035 -0.115408 0.1847 0.00537265 0.98278 6.08222
0.981251 -0.00652516 -0.192621 -0.679068 0.00497478 0.999951 -0.00853142 -0.123643 0.192668 0.00741322 0.981236 6.53641
0.979748 -0.0063853 -0.200131 -0.786964 0.00440453 0.999937 -0.0103411 -0.121653 0.200184 0.00925016 0.979715 7.0228
0.978102 -0.00700352 -0.208009 -0.892127 0.00439418 0.999906 -0.0130038 -0.135252 0.20808 0.011805 0.978041 7.48961
0.976337 -0.0106362 -0.215993 -1.02063 0.00762444 0.999862 -0.0147725 -0.142098 0.21612 0.0127761 0.976283 8.00793
0.97449 -0.0162533 -0.223842 -1.12349 0.0130139 0.999788 -0.0159396 -0.158168 0.224054 0.0126199 0.974495 8.54927
0.972414 -0.0180448 -0.232562 -1.25543 0.0142089 0.999734 -0.0181591 -0.191048 0.232827 0.0143537 0.972412 9.04114
0.970403 -0.0134295 -0.241118 -1.40858 0.0082575 0.999714 -0.0224479 -0.181929 0.24135 0.0197925 0.970236 9.56417
0.968365 -0.0106127 -0.249313 -1.56173 0.00429374 0.999656 -0.0258755 -0.20172 0.249502 0.0239864 0.968077 10.0958
0.965874 -0.0131067 -0.25868 -1.71492 0.00621942 0.999605 -0.0274251 -0.221635 0.258937 0.0248803 0.965574 10.6686
0.963539 -0.0151341 -0.26714 -1.86587 0.00752901 0.999537 -0.02947 -0.256825 0.267462 0.0263842 0.963207 11.2439
0.961523 -0.0147864 -0.274327 -2.04303 0.00634987 0.99948 -0.0316161 -0.279332 0.274652 0.0286576 0.961116 11.8165
0.958988 -0.0143189 -0.283084 -2.2216 0.00446125 0.999362 -0.0354363 -0.29759 0.283411 0.0327201 0.95844 12.4027
0.95683 -0.0155243 -0.290234 -2.4204 0.00394948 0.999175 -0.0404244 -0.327368 0.290622 0.037533 0.956102 12.9925
0.955223 -0.0164513 -0.29543 -2.61378 0.00240313 0.998852 -0.0478517 -0.373419 0.295878 0.0449991 0.954165 13.6335
0.953724 -0.0169962 -0.300203 -2.81501 0.000107354 0.99842 -0.056185 -0.397907 0.300684 0.0535528 0.952219 14.2425
0.952575 -0.0172677 -0.303815 -3.01654 -0.0025694 0.997897 -0.0647726 -0.44405 0.304295 0.0624814 0.950527 14.8724
0.95119 -0.0160163 -0.308189 -3.23672 -0.00700669 0.997274 -0.0734528 -0.481932 0.308526 0.0720269 0.948485 15.5139
0.949911 -0.0152252 -0.31215 -3.46354 -0.0105669 0.996677 -0.0807694 -0.540072 0.312343 0.0800222 0.946593 16.1557
0.948315 -0.0142081 -0.317013 -3.69637 -0.0141703 0.996105 -0.0870332 -0.601618 0.317015 0.087027 0.944419 16.8371
0.946643 -0.0127214 -0.322032 -3.94636 -0.0182509 0.995501 -0.0929761 -0.672067 0.321766 0.0938926 0.942152 17.5059
0.945077 -0.0102897 -0.326687 -4.18594 -0.0231454 0.994888 -0.0982939 -0.741414 0.326029 0.100457 0.940007 18.165
0.943448 -0.00751182 -0.331436 -4.4553 -0.0276981 0.994462 -0.101383 -0.81735 0.330362 0.104829 0.938015 18.8812
0.94153 -0.00702556 -0.336857 -4.71831 -0.0293977 0.994257 -0.102904 -0.893834 0.335646 0.10679 0.935916 19.5546
0.939363 -0.0059082 -0.342873 -4.98811 -0.031033 0.994284 -0.102154 -0.983533 0.341517 0.1066 0.933811 20.3011
0.937253 -0.00685717 -0.348583 -5.2632 -0.0301428 0.994469 -0.100609 -1.07218 0.347345 0.104804 0.931863 21.0191
0.934575 -0.00659198 -0.355706 -5.54713 -0.0304993 0.994663 -0.0985665 -1.1549 0.354458 0.102967 0.929386 21.7196
0.931872 -0.00624692 -0.362734 -5.83036 -0.0305066 0.994961 -0.0955072 -1.2422 0.361503 0.100066 0.926986 22.428
0.928039 -0.00289025 -0.372472 -6.17463 -0.0330634 0.995383 -0.0901035 -1.32225 0.371013 0.0959348 0.923659 23.2585
0.924691 -0.0015416 -0.380716 -6.4798 -0.0332023 0.995855 -0.084675 -1.40637 0.379268 0.0909389 0.920807 23.9755
0.921067 0.0019226 -0.389399 -6.82164 -0.0362224 0.996075 -0.0807609 -1.47533 0.387716 0.0884912 0.917522 24.7618
0.917422 0.00248095 -0.397909 -7.14854 -0.0368047 0.996223 -0.0786458 -1.55839 0.396211 0.0867963 0.914048 25.4776
0.913245 0.004075 -0.407391 -7.51437 -0.0392462 0.99618 -0.0780134 -1.63987 0.405516 0.0872339 0.909916 26.2706
0.909637 0.00410895 -0.415384 -7.86293 -0.039624 0.99625 -0.0769167 -1.70527 0.41351 0.0864254 0.906388 27.0187
0.905565 0.00403471 -0.424189 -8.23992 -0.039668 0.996379 -0.0752067 -1.77739 0.42235 0.0849312 0.902445 27.8065
0.902 0.00401837 -0.431718 -8.62048 -0.0394075 0.996549 -0.0730593 -1.85284 0.429935 0.0829124 0.899045 28.5751
0.898224 0.00477002 -0.439513 -9.00119 -0.0390129 0.99686 -0.068911 -1.92947 0.437804 0.0790442 0.895589 29.3562
0.894123 0.00596741 -0.447782 -9.42961 -0.0383463 0.997259 -0.0632791 -1.98567 0.446177 0.0737501 0.891901 30.1532
0.890459 0.00696943 -0.455009 -9.84503 -0.0377364 0.99757 -0.0585707 -2.06736 0.453495 0.0693252 0.888558 30.9508
0.886807 0.00560798 -0.462105 -10.2712 -0.0358893 0.997742 -0.0567653 -2.13067 0.460744 0.0669245 0.885006 31.7852
0.883659 0.00537536 -0.4681 -10.7092 -0.0356307 0.997806 -0.0558039 -2.19079 0.466773 0.0659903 0.881912 32.5964
0.88047 0.00549539 -0.474069 -11.1494 -0.0353154 0.997915 -0.0540221 -2.24183 0.472784 0.0643068 0.878829 33.4012
0.877339 0.00412395 -0.479853 -11.6456 -0.0333776 0.998066 -0.0524484 -2.31261 0.478708 0.0620314 0.87578 34.2524
0.874745 0.00328078 -0.484573 -12.1087 -0.0327339 0.998093 -0.0523333 -2.36808 0.483477 0.0616402 0.873184 35.0847
0.872571 0.00239035 -0.488481 -12.5956 -0.0323185 0.99808 -0.0528463 -2.43102 0.487417 0.0618992 0.870973 35.9577
0.87124 0.0025242 -0.490851 -13.091 -0.0328692 0.998042 -0.0532091 -2.48691 0.489756 0.0624918 0.869617 36.812
0.870788 0.00272074 -0.491652 -13.5932 -0.03268 0.998094 -0.0523579 -2.54544 0.490572 0.0616598 0.869217 37.6788
0.870222 0.00311151 -0.49265 -14.104 -0.0321691 0.998205 -0.0505193 -2.61296 0.491609 0.0598111 0.86876 38.5686
0.870127 0.00239771 -0.492822 -14.6116 -0.0311564 0.998255 -0.0501531 -2.67921 0.491842 0.0589942 0.868684 39.4905
0.870061 0.000247943 -0.492944 -15.1416 -0.0290555 0.998287 -0.0507817 -2.74595 0.492087 0.0585059 0.868578 40.3674
0.868637 -0.00152626 -0.495447 -15.6708 -0.0276879 0.998283 -0.0516188 -2.80352 0.494675 0.0585559 0.867103 41.3179
0.867293 -0.00257672 -0.497791 -16.201 -0.0255904 0.998434 -0.0497539 -2.86703 0.49714 0.0558899 0.865869 42.2083
0.865234 -0.00134644 -0.501366 -16.7402 -0.0251115 0.998625 -0.0460182 -2.9342 0.500738 0.0524065 0.864011 43.1456
0.862358 -0.00192817 -0.506295 -17.2943 -0.0222108 0.998886 -0.0416352 -3.00587 0.505811 0.0471497 0.861355 44.0734
0.858442 -0.00240414 -0.512905 -17.8456 -0.0206286 0.999018 -0.0392085 -3.07008 0.512496 0.0442387 0.85755 44.9495
0.852901 -0.00587991 -0.522039 -18.4033 -0.0185034 0.998968 -0.0414824 -3.12673 0.521744 0.0450399 0.851912 45.8872
0.847633 -0.00851948 -0.530514 -18.9561 -0.018149 0.99882 -0.0450377 -3.18461 0.530272 0.0478037 0.846479 46.7728
0.841464 -0.00875243 -0.540243 -19.5277 -0.0184737 0.998818 -0.0449558 -3.2392 0.539998 0.0478089 0.840307 47.6733
0.835381 -0.00619958 -0.549636 -20.1273 -0.0187277 0.999035 -0.0397325 -3.29753 0.549352 0.0434852 0.834459 48.5721
0.829794 -0.00241815 -0.558065 -20.7433 -0.0200039 0.999219 -0.0340738 -3.37792 0.557712 0.0394377 0.829097 49.4463
0.826067 -0.00164213 -0.563569 -21.3268 -0.0223311 0.999115 -0.0356437 -3.42505 0.563129 0.0420292 0.8253 50.3271
0.822842 -0.00374154 -0.568259 -21.9647 -0.0231415 0.998928 -0.0400862 -3.47384 0.567799 0.0461349 0.821873 51.1764
0.819727 -0.00678223 -0.572714 -22.5671 -0.024886 0.998564 -0.0474446 -3.52909 0.572214 0.0531442 0.818381 52.0327
0.81669 -0.00674325 -0.577037 -23.1858 -0.0263807 0.99845 -0.0490049 -3.59106 0.576473 0.0552444 0.815246 52.9268
0.813625 -0.00574307 -0.581361 -23.8171 -0.025352 0.99865 -0.0453459 -3.65707 0.580837 0.0516333 0.812381 53.7868
0.809752 -0.00336097 -0.586762 -24.4486 -0.0242167 0.99894 -0.0391417 -3.72656 0.586272 0.0459045 0.808813 54.6333
0.807106 -0.002098 -0.590403 -25.1283 -0.0237927 0.999066 -0.0360759 -3.79161 0.589927 0.0431644 0.806302 55.5117
0.803932 -0.000739917 -0.59472 -25.7657 -0.0262702 0.998979 -0.0367545 -3.84054 0.59414 0.0451715 0.803092 56.3777
0.800639 -0.00199282 -0.599144 -26.4213 -0.0261434 0.998926 -0.0382581 -3.89229 0.598576 0.0462945 0.799727 57.252
0.796844 -0.00449784 -0.604168 -27.0631 -0.0254285 0.998837 -0.0409739 -3.95401 0.60365 0.0480129 0.795803 58.0891
0.792737 -0.00517359 -0.609542 -27.7184 -0.0255076 0.998807 -0.0416514 -4.00338 0.60903 0.0485666 0.791659 58.9439
0.788217 -0.00577465 -0.61537 -28.3879 -0.024272 0.998886 -0.0404631 -4.07294 0.614918 0.04683 0.787199 59.7907
0.783285 -0.00591329 -0.621634 -29.095 -0.0239501 0.998925 -0.0396804 -4.12778 0.621201 0.0459693 0.782302 60.6443
0.777784 -0.00669968 -0.628496 -29.7819 -0.0240389 0.998894 -0.040397 -4.1946 0.628072 0.0465285 0.776763 61.4824
0.772854 -0.00781386 -0.634536 -30.4883 -0.0239679 0.998851 -0.0414927 -4.25534 0.634131 0.0472763 0.771779 62.3586
0.767776 -0.00965017 -0.640645 -31.1644 -0.0226925 0.99885 -0.0422415 -4.31207 0.640316 0.0469699 0.766674 63.1438
0.762194 -0.0101256 -0.64727 -31.8945 -0.0235354 0.998783 -0.0433387 -4.37419 0.646921 0.0482662 0.761028 63.9875
0.756014 -0.0124343 -0.654437 -32.6034 -0.0221232 0.998763 -0.0445334 -4.43612 0.654182 0.0481461 0.754804 64.8133
0.750034 -0.0128762 -0.661274 -33.3285 -0.0220917 0.998765 -0.0445048 -4.50088 0.66103 0.0479888 0.748823 65.6307
0.743455 -0.0133111 -0.668654 -34.0802 -0.0207002 0.998865 -0.0429007 -4.56106 0.668466 0.045736 0.742335 66.4526
0.737233 -0.0138248 -0.675497 -34.8434 -0.019641 0.99893 -0.0418803 -4.63014 0.675353 0.044143 0.736172 67.2651
0.730584 -0.0150678 -0.682657 -35.6016 -0.0192267 0.998906 -0.0426246 -4.69594 0.682552 0.0442661 0.729495 68.1045
0.72423 -0.0166654 -0.689357 -36.3782 -0.0191941 0.998833 -0.0443122 -4.76093 0.689291 0.0453238 0.723065 68.9048
0.717878 -0.0162659 -0.695979 -37.1704 -0.0203555 0.998809 -0.0443394 -4.81876 0.695872 0.0459972 0.716692 69.6957
0.712661 -0.0159181 -0.701328 -37.9668 -0.0202234 0.998861 -0.0432214 -4.88357 0.701217 0.0449855 0.711527 70.4834
0.707778 -0.0153872 -0.706267 -38.7586 -0.0212808 0.998845 -0.0430878 -4.94277 0.706114 0.0455265 0.706633 71.28
0.702736 -0.0163765 -0.711263 -39.614 -0.0211928 0.99881 -0.0439358 -5.01158 0.711135 0.0459489 0.701552 72.1006
0.697327 -0.018066 -0.716525 -40.4353 -0.0216434 0.998696 -0.0462439 -5.07991 0.716426 0.0477552 0.696026 72.8969
0.692937 -0.020532 -0.720706 -41.2607 -0.021686 0.998549 -0.0492979 -5.14208 0.720672 0.0497895 0.691486 73.6635
0.687624 -0.0209454 -0.725765 -42.1216 -0.0223631 0.998499 -0.0500043 -5.21182 0.725722 0.0506145 0.686123 74.4891
0.682821 -0.0212513 -0.730276 -42.977 -0.02077 0.998608 -0.0484801 -5.28311 0.73029 0.0482711 0.68143 75.2542
0.678105 -0.0209971 -0.734665 -43.8362 -0.0203165 0.998674 -0.0472951 -5.35481 0.734684 0.0469969 0.67678 76.0224
0.672686 -0.0213905 -0.739618 -44.7148 -0.0205284 0.998658 -0.0475528 -5.43932 0.739643 0.0471713 0.671344 76.8335
0.667363 -0.0222381 -0.744401 -45.5641 -0.0199134 0.998664 -0.0476865 -5.50309 0.744467 0.0466478 0.666028 77.6059
0.663847 -0.0232996 -0.747505 -46.474 -0.0186339 0.998689 -0.0476774 -5.57752 0.747636 0.0455794 0.662543 78.3803
0.659685 -0.0248387 -0.751131 -47.3779 -0.0162637 0.998748 -0.0473107 -5.64168 0.751366 0.0434264 0.658455 79.1442
0.655706 -0.0274051 -0.754518 -48.2676 -0.0136121 0.99875 -0.0481053 -5.71702 0.754893 0.0418135 0.654513 79.9044
0.651587 -0.0314987 -0.75792 -49.2015 -0.0114359 0.998616 -0.0513334 -5.79874 0.758488 0.0421157 0.650325 80.7114
0.646936 -0.0351548 -0.761734 -50.0867 -0.00838156 0.998549 -0.0532024 -5.86927 0.762498 0.0408031 0.645702 81.4766
0.640279 -0.0396639 -0.767118 -51.0161 -0.00186333 0.998583 -0.0531871 -5.94681 0.768141 0.0354839 0.639297 82.248
0.631996 -0.0428155 -0.773788 -51.9508 0.00243735 0.998578 -0.0532629 -6.03419 0.774968 0.031776 0.631202 83.0121
0.622817 -0.0434981 -0.781157 -52.876 0.00420435 0.998625 -0.0522555 -6.11859 0.782356 0.0292613 0.622144 83.7862
0.613375 -0.043051 -0.788618 -53.8808 0.00669215 0.998761 -0.0493177 -6.18969 0.789764 0.0249727 0.612903 84.5244
0.604614 -0.042335 -0.795393 -54.8383 0.00576264 0.998793 -0.0487806 -6.27752 0.796498 0.0249099 0.604128 85.2593
0.594389 -0.0440648 -0.802969 -55.8435 0.0048982 0.998677 -0.0511789 -6.33638 0.804163 0.0264871 0.593819 85.9886
0.584283 -0.0461249 -0.810238 -56.8332 0.0058367 0.998597 -0.0526387 -6.43048 0.811529 0.0260268 0.583732 86.6887
0.575301 -0.0475498 -0.816559 -57.8512 0.00514465 0.998499 -0.05452 -6.49554 0.817926 0.0271645 0.574682 87.413
0.565373 -0.0483213 -0.823418 -58.8544 0.00802508 0.998558 -0.0530889 -6.58603 0.824796 0.0234071 0.564946 88.0967
0.555412 -0.0480522 -0.830186 -59.8941 0.00909681 0.99862 -0.0517154 -6.66861 0.831526 0.0211713 0.555083 88.7867
0.544427 -0.0481737 -0.837424 -60.9312 0.00896767 0.998627 -0.051617 -6.75886 0.83876 0.020592 0.544112 89.48
0.534517 -0.0496819 -0.843696 -62.0133 0.00862789 0.998539 -0.0533339 -6.83339 0.845114 0.0212285 0.534165 90.1553
0.523487 -0.0501357 -0.850557 -63.0941 0.00756256 0.998501 -0.0542018 -6.91643 0.852 0.0219415 0.523082 90.816
0.514388 -0.0507393 -0.856055 -64.1613 0.00581355 0.998431 -0.0556849 -7.0029 0.857538 0.023667 0.513877 91.4485
0.504471 -0.0513009 -0.861903 -65.2666 0.00583786 0.998413 -0.0560092 -7.08543 0.863409 0.0232233 0.50397 92.0719
0.495726 -0.0492528 -0.867081 -66.36 0.0047384 0.998529 -0.0540104 -7.17146 0.868466 0.0226658 0.495231 92.6909
0.487429 -0.0471456 -0.871889 -67.4785 0.00502804 0.998676 -0.0511904 -7.26665 0.873148 0.0205678 0.487021 93.3234
0.479699 -0.0472663 -0.876159 -68.6024 0.00510665 0.998682 -0.0510801 -7.34645 0.877418 0.0200288 0.479308 93.9329
0.472839 -0.0502288 -0.879716 -69.7247 0.00659219 0.998548 -0.0534704 -7.43469 0.881124 0.0194837 0.472483 94.5262
0.465593 -0.0542094 -0.883337 -70.8666 0.00985479 0.998378 -0.056075 -7.5169 0.884944 0.0174031 0.465372 95.115
0.459037 -0.0566665 -0.886608 -72.0066 0.0105389 0.998241 -0.0583449 -7.60775 0.888355 0.0174386 0.458827 95.7069
0.454071 -0.0605835 -0.888903 -73.1284 0.0127773 0.998026 -0.0614938 -7.70068 0.890874 0.0165647 0.453948 96.2774
0.449755 -0.0614725 -0.891034 -74.296 0.0148434 0.998005 -0.0613601 -7.79764 0.893029 0.0143711 0.44977 96.8471
0.444697 -0.0589732 -0.893737 -75.406 0.0166176 0.998202 -0.0575979 -7.89551 0.895527 0.0107618 0.444878 97.4019
0.439918 -0.0568103 -0.896239 -76.5437 0.0198995 0.998369 -0.0535164 -7.99725 0.897818 0.00570808 0.440331 97.9891
0.437215 -0.0562849 -0.897594 -77.6494 0.0215211 0.998409 -0.0521238 -8.08108 0.8991 0.00347211 0.43773 98.5081
0.434678 -0.0561982 -0.898831 -78.7994 0.0226694 0.998418 -0.0514617 -8.16616 0.900301 0.00199326 0.435264 99.0505
0.43203 -0.0552371 -0.900166 -79.9347 0.0246559 0.998473 -0.0494361 -8.2573 0.901522 -0.000836522 0.432732 99.6031
0.429685 -0.0552089 -0.901289 -81.0399 0.0275855 0.998466 -0.0480102 -8.33514 0.902557 -0.00423328 0.430549 100.104
0.427376 -0.0553813 -0.902376 -82.1388 0.0288051 0.998449 -0.0476351 -8.42136 0.903615 -0.00563487 0.428309 100.63
0.425344 -0.0557139 -0.903315 -83.2794 0.0308135 0.998416 -0.0470703 -8.50343 0.904507 -0.00781325 0.426387 101.159
0.422571 -0.0554325 -0.904633 -84.3575 0.0351399 0.998379 -0.0447624 -8.58128 0.905649 -0.0128735 0.423834 101.659
0.420898 -0.0548316 -0.905449 -85.4798 0.0372811 0.998374 -0.0431287 -8.66299 0.906342 -0.0156034 0.422257 102.184
0.418875 -0.0554053 -0.906352 -86.5433 0.038668 0.99832 -0.0431567 -8.74397 0.90722 -0.0169696 0.420313 102.687
0.417784 -0.0569213 -0.906762 -87.6208 0.0403567 0.998213 -0.044068 -8.81563 0.90765 -0.0181831 0.419334 103.168
0.417106 -0.0580068 -0.907005 -88.728 0.0404687 0.998157 -0.045226 -8.89708 0.907956 -0.0178413 0.418685 103.679
0.417146 -0.0586806 -0.906943 -89.7216 0.0396722 0.998138 -0.046334 -8.97221 0.907973 -0.0166523 0.418698 104.116
0.419493 -0.0583058 -0.905884 -90.7345 0.0371697 0.998201 -0.0470353 -9.04723 0.906997 -0.0139404 0.420906 104.571
0.4237 -0.058715 -0.903898 -91.7872 0.0360267 0.9982 -0.0479532 -9.13033 0.905086 -0.0122467 0.425052 105.048
0.429015 -0.0593875 -0.901343 -92.8285 0.0349815 0.99818 -0.0491176 -9.20909 0.90262 -0.0104581 0.430311 105.523
0.434772 -0.0589983 -0.898606 -93.8525 0.033401 0.998222 -0.0493782 -9.28249 0.899921 -0.00854602 0.43597 106.008
0.441273 -0.0579344 -0.895501 -94.8452 0.0324165 0.998292 -0.0486107 -9.35811 0.896787 -0.00757843 0.442397 106.486
0.449727 -0.057567 -0.891309 -95.854 0.0327705 0.998312 -0.047943 -9.43768 0.892565 -0.00764739 0.450854 106.974
0.458214 -0.0570453 -0.887009 -96.8649 0.0318785 0.998351 -0.047738 -9.50886 0.88827 -0.00640229 0.459277 107.492
0.466983 -0.0560625 -0.882487 -97.7979 0.0304846 0.998416 -0.0472958 -9.5808 0.883741 -0.00481593 0.467952 107.986
0.476899 -0.0570209 -0.877107 -98.7739 0.0298465 0.998369 -0.0486761 -9.65419 0.878451 -0.00296502 0.477823 108.504
0.487664 -0.0581015 -0.871096 -99.7247 0.0274241 0.99831 -0.0512338 -9.72592 0.872601 0.00109588 0.488433 109.013
0.49882 -0.0581669 -0.864752 -100.709 0.0249238 0.998295 -0.0527727 -9.80804 0.866347 0.00477117 0.499419 109.565
0.510912 -0.0565009 -0.857774 -101.657 0.0227589 0.998377 -0.0522065 -9.88419 0.859332 0.00715096 0.511368 110.114
0.52389 -0.0549804 -0.85001 -102.588 0.0224338 0.998459 -0.0507557 -9.95751 0.851491 0.0075214 0.524316 110.659
0.535618 -0.0529302 -0.8428 -103.498 0.021868 0.998568 -0.0488152 -10.0276 0.844177 0.00771594 0.536009 111.228
0.547787 -0.0516946 -0.835019 -104.371 0.0212241 0.998627 -0.0478999 -10.1035 0.836349 0.00851644 0.548131 111.807
0.559521 -0.0525981 -0.827146 -105.286 0.0220461 0.998576 -0.0485862 -10.1764 0.828523 0.00894967 0.559884 112.416
0.570433 -0.0529103 -0.819638 -106.15 0.0214022 0.998542 -0.0495641 -10.2483 0.821065 0.0107309 0.570733 112.991
0.58141 -0.0552771 -0.811731 -107.013 0.0242793 0.998424 -0.0506002 -10.3239 0.813248 0.00971114 0.581836 113.61
0.592257 -0.0544157 -0.80391 -107.851 0.0239906 0.998466 -0.0499106 -10.4019 0.805392 0.0102736 0.592653 114.228
0.602989 -0.0526226 -0.796012 -108.67 0.0235316 0.998561 -0.0481873 -10.4701 0.797403 0.010325 0.603359 114.835
0.613251 -0.050764 -0.788255 -109.471 0.0243496 0.998673 -0.0453714 -10.5284 0.789513 0.0086304 0.613673 115.442
0.623037 -0.0495259 -0.780623 -110.27 0.0237277 0.998731 -0.0444258 -10.5946 0.781832 0.00915651 0.623421 116.056
0.633508 -0.0486244 -0.772207 -111.046 0.0215414 0.998745 -0.0452167 -10.6668 0.773436 0.0120107 0.63376 116.687
0.643324 -0.0481248 -0.76408 -111.84 0.0200809 0.99874 -0.0459973 -10.7341 0.765331 0.0142478 0.64348 117.337
0.652123 -0.0477715 -0.756607 -112.576 0.0201529 0.998752 -0.0456906 -10.8027 0.757845 0.0145481 0.652272 117.967
0.661203 -0.0459161 -0.748801 -113.307 0.0197299 0.998844 -0.0438269 -10.8631 0.749948 0.0142047 0.661345 118.614
0.669671 -0.0445788 -0.741319 -114.052 0.0198819 0.998915 -0.0421089 -10.9227 0.742391 0.0134603 0.669831 119.261
0.67744 -0.044094 -0.734256 -114.725 0.0203738 0.998944 -0.041192 -10.983 0.735296 0.0129455 0.677622 119.89
0.685499 -0.0430885 -0.726797 -115.462 0.0194134 0.998974 -0.0409143 -11.0435 0.727815 0.0139371 0.685632 120.538
0.692862 -0.0417864 -0.719859 -116.125 0.0186129 0.999023 -0.0400765 -11.1078 0.72083 0.0143688 0.692963 121.194
0.700324 -0.0393658 -0.712739 -116.827 0.0179717 0.999134 -0.0375253 -11.1625 0.713599 0.0134707 0.700425 121.856
0.707547 -0.0365333 -0.705722 -117.515 0.0166389 0.999247 -0.0350464 -11.2149 0.706471 0.0130545 0.707622 122.523
0.715316 -0.0355426 -0.697897 -118.138 0.0165449 0.999287 -0.033934 -11.2598 0.698606 0.0127269 0.715394 123.182
0.722773 -0.034404 -0.690229 -118.772 0.0155714 0.999317 -0.0335048 -11.3281 0.69091 0.0134685 0.722815 123.821
0.730336 -0.0319039 -0.682343 -119.397 0.013269 0.999383 -0.0325253 -11.3742 0.68296 0.0147004 0.730308 124.444
0.739226 -0.0290795 -0.672829 -119.982 0.0125684 0.999489 -0.029389 -11.4191 0.67334 0.0132688 0.739214 125.099
0.749927 -0.0251839 -0.661041 -120.591 0.0102948 0.999598 -0.026403 -11.4454 0.661441 0.012995 0.749885 125.764
0.75818 -0.023103 -0.651635 -121.16 0.00876857 0.999643 -0.0252389 -11.5069 0.651986 0.0134217 0.758112 126.405
0.76892 -0.0223612 -0.638954 -121.723 0.00729126 0.99963 -0.0262093 -11.533 0.639303 0.0154941 0.768799 127.063
0.779038 -0.0231955 -0.626548 -122.252 0.00767856 0.999593 -0.0274587 -11.5857 0.62693 0.0165804 0.778899 127.736
0.788757 -0.0225351 -0.614293 -122.747 0.00734897 0.999602 -0.0272338 -11.6425 0.614662 0.0169665 0.788608 128.409
0.798968 -0.0209658 -0.601008 -123.292 0.00683792 0.999644 -0.0257818 -11.6618 0.601334 0.0164892 0.798827 129.063
0.808767 -0.0191287 -0.587818 -123.757 0.00683445 0.999709 -0.023129 -11.6965 0.58809 0.0146886 0.808662 129.709
0.818711 -0.0175756 -0.573937 -124.27 0.00694686 0.999761 -0.020706 -11.7315 0.574164 0.0129652 0.818638 130.433
0.827898 -0.0162891 -0.560642 -124.775 0.00760423 0.999812 -0.0178197 -11.7645 0.560827 0.0104897 0.827867 131.133
0.835995 -0.0157755 -0.548511 -125.214 0.00829434 0.999836 -0.0161143 -11.7897 0.548675 0.00892197 0.835988 131.811
0.843338 -0.0158165 -0.537151 -125.67 0.00940302 0.999848 -0.0146779 -11.825 0.537302 0.00732755 0.843358 132.558
0.850524 -0.0157921 -0.525699 -126.141 0.00983384 0.999852 -0.0141256 -11.8574 0.525844 0.00684455 0.850553 133.274
0.856745 -0.0150041 -0.515523 -126.549 0.00925937 0.999863 -0.0137126 -11.8741 0.515658 0.00697481 0.856766 133.97
0.863416 -0.0132332 -0.504319 -126.997 0.00765716 0.999885 -0.0131273 -11.9047 0.504435 0.00747269 0.863417 134.743
0.869096 -0.0121748 -0.494493 -127.403 0.00680021 0.999897 -0.0126665 -11.9184 0.494596 0.00764574 0.869089 135.428
0.875274 -0.0127007 -0.483461 -127.853 0.00755154 0.999892 -0.012596 -11.9498 0.483569 0.00737403 0.875275 136.179
0.880502 -0.0137706 -0.473843 -128.254 0.00843086 0.999875 -0.0133915 -11.9784 0.473968 0.0077963 0.880508 136.952
0.884989 -0.0142857 -0.465394 -128.634 0.00899324 0.999867 -0.0135904 -12.0114 0.465526 0.00784197 0.884999 137.71
0.888698 -0.0134454 -0.458296 -129.028 0.00850109 0.999881 -0.0128496 -12.0292 0.458414 0.00752336 0.888707 138.488
0.891842 -0.0118996 -0.452191 -129.492 0.00841428 0.999917 -0.00971802 -12.0604 0.452269 0.00486208 0.891868 139.266
0.894847 -0.00798857 -0.446302 -129.865 0.00602393 0.999965 -0.00582072 -12.0697 0.446333 0.00252016 0.894864 140.044
0.898063 -0.00528056 -0.439835 -130.303 0.00435616 0.999986 -0.00311111 -12.086 0.439845 0.000877977 0.898073 140.879
0.901842 -0.00245643 -0.432059 -130.651 0.00246167 0.999997 -0.000547103 -12.1054 0.432059 -0.000570189 0.901845 141.719
0.904771 -0.000464542 -0.425899 -131.073 0.00118045 0.999998 0.00141698 -12.1106 0.425897 -0.0017848 0.90477 142.545
0.90793 0.000490219 -0.419122 -131.504 0.00131302 0.999991 0.00401399 -12.1283 0.41912 -0.00419474 0.907921 143.389
0.911502 0.00079156 -0.411295 -131.885 0.00198985 0.999978 0.00633437 -12.146 0.411291 -0.00659221 0.91148 144.25
0.91496 0.000465017 -0.403544 -132.308 0.00253822 0.999973 0.00690724 -12.1529 0.403536 -0.00734413 0.914934 145.174
0.918477 -0.000429199 -0.395474 -132.705 0.00349576 0.999969 0.00703355 -12.1312 0.395459 -0.00784264 0.91845 146.031
0.922228 -0.00297323 -0.386635 -133.078 0.00604337 0.999959 0.00672534 -12.1682 0.3866 -0.00853888 0.922208 146.935
0.926 -0.00454802 -0.377495 -133.471 0.00712335 0.99996 0.00542624 -12.1648 0.377456 -0.00771373 0.925996 147.836
0.930949 -0.00540647 -0.36511 -133.819 0.00730558 0.999966 0.0038203 -12.1891 0.365077 -0.00622385 0.930956 148.77
0.936085 -0.00400156 -0.35175 -134.214 0.00538136 0.999981 0.00294507 -12.1848 0.351732 -0.00464973 0.936089 149.712
0.941941 -0.000362459 -0.335777 -134.569 0.00178937 0.999991 0.00394019 -12.204 0.335773 -0.00431226 0.941933 150.707
0.948313 0.0036169 -0.317316 -134.881 -0.0014969 0.999975 0.00692457 -12.1924 0.317333 -0.00609167 0.948295 151.731
0.954585 0.00636913 -0.29787 -135.285 -0.00397844 0.999955 0.00863156 -12.2003 0.297911 -0.0070545 0.954567 152.729
0.960887 0.00829843 -0.276815 -135.595 -0.00591641 0.999938 0.0094392 -12.2212 0.276876 -0.00743226 0.960877 153.779
0.967205 0.00983689 -0.253808 -135.867 -0.00737817 0.999916 0.0106374 -12.2046 0.253891 -0.00841593 0.967196 154.868
0.972613 0.0104235 -0.232196 -136.125 -0.00750907 0.999882 0.013432 -12.2309 0.232308 -0.0113206 0.972576 155.937
0.977396 0.0123331 -0.211056 -136.358 -0.00900315 0.999819 0.0167312 -12.213 0.211225 -0.0144528 0.977331 156.989
0.981863 0.0143391 -0.189051 -136.607 -0.0105188 0.99972 0.021196 -12.2319 0.189302 -0.018823 0.981738 158.072
0.986002 0.0161373 -0.165949 -136.783 -0.0122896 0.999632 0.0241871 -12.2054 0.166278 -0.0218091 0.985838 159.202
0.989302 0.0176091 -0.144819 -137.002 -0.0142173 0.999601 0.0244224 -12.2032 0.145191 -0.0221022 0.989157 160.304
0.992339 0.0173677 -0.122315 -137.169 -0.0147183 0.999638 0.0225306 -12.1934 0.122662 -0.0205577 0.992236 161.45
0.994733 0.017339 -0.101021 -137.293 -0.0152617 0.999657 0.0212997 -12.1706 0.101356 -0.0196458 0.994656 162.616
0.996579 0.0160866 -0.0810668 -137.431 -0.0142496 0.99963 0.0231888 -12.1771 0.0814098 -0.0219543 0.996439 163.786
0.998014 0.0165367 -0.060788 -137.498 -0.0150392 0.999574 0.0250112 -12.1659 0.0611758 -0.0240473 0.997837 164.977
0.999054 0.0166431 -0.0401857 -137.56 -0.0156102 0.999543 0.0258815 -12.1557 0.040598 -0.0252297 0.998857 166.171
0.99964 0.0183402 -0.0195626 -137.588 -0.0178201 0.999492 0.0264373 -12.1395 0.0200375 -0.0260792 0.999459 167.416
0.999824 0.0187043 0.00109448 -137.603 -0.0187269 0.999463 0.0268716 -12.1275 -0.000591285 -0.0268874 0.999638 168.647
0.999546 0.0208029 0.0218124 -137.612 -0.0213731 0.999427 0.0262455 -12.1018 -0.0212539 -0.0266998 0.999418 169.893
0.998897 0.0219233 0.0415167 -137.605 -0.0229813 0.999419 0.0251815 -12.0802 -0.0409405 -0.0261079 0.99882 171.152
0.997928 0.0219596 0.0604793 -137.536 -0.0234028 0.999456 0.0232583 -12.075 -0.0599356 -0.0246255 0.997898 172.377
0.996542 0.0239682 0.0795575 -137.45 -0.0256887 0.999456 0.0206733 -12.0627 -0.0790188 -0.0226456 0.996616 173.641
0.994711 0.0244751 0.0997516 -137.335 -0.0264526 0.999478 0.01855 -12.0508 -0.0992455 -0.0210906 0.994839 174.984
0.992664 0.0242933 0.11844 -137.186 -0.0263334 0.99953 0.0156901 -12.058 -0.118003 -0.018694 0.992837 176.25
0.990224 0.0257262 0.137094 -137.033 -0.0273825 0.999573 0.0102089 -12.0502 -0.136773 -0.0138631 0.990505 177.581
0.987406 0.027022 0.155881 -136.873 -0.0279624 0.999602 0.0038428 -12.0691 -0.155715 -0.0081532 0.987768 178.878
0.98474 0.0295651 0.1715 -136.656 -0.0297399 0.999556 -0.00155062 -12.0657 -0.17147 -0.00357345 0.985183 180.204
0.981392 0.0314437 0.189424 -136.412 -0.030997 0.999505 -0.00532113 -12.0956 -0.189498 -0.000649468 0.981881 181.513
0.977697 0.033719 0.207297 -136.166 -0.0326759 0.99943 -0.00845476 -12.1122 -0.207464 0.00149257 0.978242 182.853
0.973829 0.0332176 0.22484 -135.869 -0.0321151 0.999448 -0.00856009 -12.1463 -0.225001 0.00111529 0.974358 184.205
0.969398 0.0323894 0.243349 -135.575 -0.0311758 0.999475 -0.00883761 -12.173 -0.243507 0.000980559 0.969899 185.534
0.964934 0.0318312 0.260556 -135.197 -0.0292486 0.999477 -0.0137845 -12.2242 -0.260859 0.00568018 0.96536 186.896
0.960765 0.033177 0.275373 -134.844 -0.0293268 0.999406 -0.0180886 -12.2773 -0.27581 0.00930309 0.961167 188.246
0.955685 0.0353025 0.292268 -134.433 -0.0311596 0.999337 -0.0188196 -12.2896 -0.292739 0.00887865 0.956151 189.59
0.949725 0.0372561 0.310859 -134.014 -0.0328982 0.999273 -0.0192525 -12.3415 -0.311351 0.00805784 0.950261 190.979
0.944003 0.0412936 0.327343 -133.582 -0.0359531 0.999103 -0.0223519 -12.3814 -0.327973 0.00933126 0.944641 192.324
0.93739 0.0423291 0.345701 -133.116 -0.0355212 0.99903 -0.0260078 -12.4496 -0.346466 0.0120998 0.937984 193.659
0.931224 0.0430129 0.361899 -132.631 -0.0349719 0.998975 -0.0287432 -12.4923 -0.362765 0.01411 0.931774 194.978
0.923931 0.0430423 0.380129 -132.114 -0.0327567 0.998902 -0.0334891 -12.5536 -0.381153 0.0184899 0.924327 196.358
0.915935 0.0463873 0.398638 -131.554 -0.0332286 0.998653 -0.0398597 -12.6453 -0.399949 0.0232627 0.916242 197.714
0.906719 0.049817 0.418782 -130.976 -0.0348635 0.998454 -0.043289 -12.7199 -0.420291 0.0246508 0.907055 199.028
0.895203 0.0527103 0.442531 -130.376 -0.0366126 0.998323 -0.044847 -12.7878 -0.444153 0.0239449 0.895631 200.381
0.882017 0.0570658 0.467749 -129.708 -0.0393511 0.998093 -0.0475653 -12.879 -0.469571 0.023547 0.88258 201.699
0.868128 0.0615728 0.492506 -129.035 -0.0419089 0.997825 -0.0508757 -12.9734 -0.494568 0.0235263 0.868821 203.019
0.853789 0.0649783 0.516548 -128.277 -0.0432274 0.997603 -0.0540424 -13.0705 -0.518821 0.0238118 0.854551 204.313
0.838868 0.0667349 0.540228 -127.511 -0.0430025 0.997479 -0.0564452 -13.1714 -0.542633 0.0241189 0.839624 205.591
0.823327 0.0677771 0.563506 -126.717 -0.0421231 0.997403 -0.05842 -13.2868 -0.566002 0.0243622 0.824044 206.837
0.807747 0.0698729 0.585374 -125.878 -0.0402165 0.997169 -0.0635325 -13.3979 -0.588156 0.0277764 0.80827 208.089
0.791593 0.0724584 0.606737 -124.975 -0.03856 0.996889 -0.0687433 -13.5202 -0.609831 0.0310209 0.791924 209.261
0.775168 0.0740958 0.627394 -124.074 -0.036704 0.996703 -0.0723623 -13.6415 -0.630688 0.0330651 0.775332 210.504
0.759564 0.0757778 0.646004 -123.087 -0.0351427 0.996521 -0.0755739 -13.778 -0.649483 0.0347009 0.759584 211.673
0.744042 0.0762586 0.663766 -122.131 -0.0333657 0.996466 -0.0770809 -13.9062 -0.667299 0.0352044 0.743958 212.809
0.728704 0.076872 0.6805 -121.107 -0.0316067 0.996396 -0.0787113 -14.0601 -0.684099 0.0358489 0.728508 213.951
0.713875 0.0775467 0.695966 -120.038 -0.0287044 0.996255 -0.0815628 -14.1988 -0.699685 0.0382484 0.713427 215.058
0.699294 0.0786213 0.710497 -119.036 -0.0259821 0.996072 -0.0846496 -14.3406 -0.714361 0.0407348 0.69859 216.108
0.684304 0.0810932 0.724674 -117.894 -0.0237095 0.995746 -0.0890383 -14.5151 -0.728812 0.0437475 0.683315 217.199
0.669772 0.0833963 0.737869 -116.778 -0.02252 0.995498 -0.0920726 -14.6461 -0.742225 0.0450509 0.668635 218.244
0.653826 0.0840394 0.751963 -115.641 -0.0212451 0.99546 -0.0927801 -14.8304 -0.756347 0.0446865 0.652643 219.285
0.637673 0.0854409 0.765554 -114.484 -0.0219456 0.995441 -0.0928182 -14.9978 -0.769994 0.0423871 0.636641 220.288
0.620393 0.086369 0.779521 -113.339 -0.023686 0.995528 -0.0914511 -15.1654 -0.783934 0.0382718 0.619664 221.259
0.602672 0.0873058 0.793199 -112.161 -0.0261468 0.995624 -0.08972 -15.3264 -0.797561 0.0333321 0.602317 222.224
0.584585 0.0888669 0.806451 -110.97 -0.0281966 0.995608 -0.0892717 -15.4835 -0.810842 0.0294478 0.584524 223.136
0.566221 0.091965 0.819107 -109.767 -0.0296846 0.995387 -0.0912368 -15.6671 -0.823719 0.0273453 0.566339 224.004
0.548775 0.0958667 0.830455 -108.534 -0.0319717 0.995083 -0.0937438 -15.834 -0.835358 0.0248933 0.549142 224.838
0.529442 0.0959436 0.842903 -107.319 -0.0320313 0.995137 -0.0931522 -16.0086 -0.847741 0.0223194 0.52994 225.672
0.507675 0.0946782 0.856331 -106.108 -0.0321618 0.995333 -0.0909796 -16.1697 -0.860948 0.018647 0.508351 226.466
0.486979 0.0929169 0.868457 -104.858 -0.0321557 0.995558 -0.0884846 -16.3327 -0.872822 0.0151643 0.487804 227.176
0.466162 0.0915398 0.879951 -103.619 -0.032359 0.995731 -0.0864417 -16.4925 -0.884108 0.0118215 0.467134 227.879
0.444568 0.0903939 0.891172 -102.376 -0.0314773 0.995857 -0.0853097 -16.6443 -0.895192 0.00987424 0.445571 228.555
0.423601 0.0899415 0.901373 -101.113 -0.0307434 0.995913 -0.0849271 -16.8024 -0.905327 0.008264 0.424635 229.165
0.402673 0.089336 0.910974 -99.8608 -0.0281728 0.995964 -0.0852177 -16.943 -0.91491 0.00865021 0.403565 229.761
0.381887 0.089487 0.919866 -98.6147 -0.02538 0.995941 -0.0863512 -17.0966 -0.92386 0.00963018 0.382609 230.308
0.361061 0.0889195 0.928293 -97.3384 -0.0222971 0.995982 -0.0867309 -17.2557 -0.932276 0.0106168 0.361593 230.812
0.340059 0.0872759 0.936345 -96.0839 -0.019768 0.996128 -0.0856689 -17.3967 -0.940196 0.0106228 0.340468 231.282
0.319404 0.0871173 0.943606 -94.817 -0.0175307 0.996138 -0.0860332 -17.5321 -0.947456 0.0109373 0.319698 231.758
0.29954 0.0917599 0.949661 -93.5711 -0.0180724 0.995731 -0.090511 -17.6789 -0.953913 0.009949 0.299919 232.16
0.280608 0.099974 0.954602 -92.3493 -0.019463 0.994949 -0.0984782 -17.8442 -0.959625 0.00905431 0.281136 232.572
0.261241 0.107531 0.959266 -91.1164 -0.0210331 0.994174 -0.105716 -18.0082 -0.965045 0.00744099 0.26198 232.933
0.241491 0.112124 0.963904 -89.8801 -0.0239457 0.993688 -0.109589 -18.1696 -0.970107 0.00338356 0.242652 233.274
0.221039 0.113515 0.968636 -88.6453 -0.0265886 0.993535 -0.110366 -18.3358 -0.974902 -0.00135945 0.222628 233.587
0.201458 0.114192 0.972818 -87.4284 -0.0295799 0.993437 -0.110486 -18.4889 -0.97905 -0.00651755 0.203513 233.881
0.182042 0.114152 0.976642 -86.2118 -0.031523 0.993405 -0.110236 -18.6591 -0.982785 -0.0107191 0.18444 234.125
0.16257 0.112859 0.980221 -85.0165 -0.0318011 0.99352 -0.109116 -18.8188 -0.986184 -0.013433 0.165106 234.36
0.144177 0.112545 0.983131 -83.8123 -0.0305868 0.993543 -0.109251 -18.9702 -0.989079 -0.0143192 0.146689 234.569
0.125352 0.113422 0.985608 -82.602 -0.0312226 0.993402 -0.110348 -19.144 -0.991621 -0.0169409 0.128066 234.739
0.106664 0.116981 0.98739 -81.4248 -0.033393 0.992916 -0.114029 -19.2848 -0.993734 -0.0208091 0.109815 234.901
0.088 0.118185 0.989085 -80.2378 -0.0352222 0.992685 -0.115481 -19.4674 -0.995498 -0.0246754 0.091519 235.023
0.070395 0.115724 0.990784 -79.0444 -0.0341352 0.992946 -0.113552 -19.613 -0.996935 -0.0258272 0.0738487 235.142
0.0552342 0.111743 0.992201 -77.8706 -0.0323175 0.993397 -0.110079 -19.7759 -0.99795 -0.0259853 0.0584808 235.221
0.0408542 0.107096 0.993409 -76.7162 -0.0301663 0.993918 -0.10591 -19.9186 -0.99871 -0.0256406 0.0438364 235.3
0.0287644 0.104346 0.994125 -75.5818 -0.0281286 0.994227 -0.103542 -20.06 -0.99919 -0.024985 0.0315335 235.343
0.0185563 0.104024 0.994402 -74.4458 -0.0268889 0.994265 -0.103508 -20.2037 -0.999466 -0.0248176 0.0212469 235.363
0.00951004 0.106062 0.994314 -73.3388 -0.0284595 0.993985 -0.105754 -20.3636 -0.99955 -0.0272919 0.0124713 235.38
0.00258016 0.107896 0.994159 -72.223 -0.028698 0.993761 -0.107778 -20.4918 -0.999585 -0.0282523 0.00566045 235.416
-0.00341643 0.113714 0.993508 -71.1397 -0.0298487 0.993059 -0.113765 -20.6131 -0.999549 -0.0300435 1.47946e-06 235.44
-0.00842424 0.119187 0.992836 -70.0674 -0.0292625 0.992417 -0.119385 -20.8118 -0.999536 -0.0300586 -0.00487266 235.448
-0.0129628 0.12069 0.992606 -69.0024 -0.0303783 0.992183 -0.121036 -20.9795 -0.999454 -0.0317226 -0.00919506 235.438
-0.0166356 0.114807 0.993249 -67.9496 -0.0294437 0.992899 -0.115259 -21.0904 -0.999428 -0.0311623 -0.0131372 235.433
-0.019534 0.106598 0.99411 -66.8733 -0.028924 0.993824 -0.107136 -21.2115 -0.999391 -0.0308464 -0.0163301 235.423
-0.0209151 0.102806 0.994482 -65.814 -0.0282824 0.99424 -0.103375 -21.3496 -0.999381 -0.0302884 -0.017887 235.393
-0.0212332 0.103554 0.994397 -64.7815 -0.028335 0.99416 -0.104134 -21.4865 -0.999373 -0.0303874 -0.018175 235.407
-0.0201695 0.106637 0.994093 -63.7569 -0.0290247 0.993814 -0.107196 -21.6235 -0.999375 -0.0310154 -0.0169496 235.375
-0.0183736 0.108975 0.993875 -62.7393 -0.0303958 0.993522 -0.109498 -21.7499 -0.999369 -0.0322215 -0.0149422 235.379
-0.0162143 0.109948 0.993805 -61.7564 -0.0323033 0.993359 -0.110426 -21.873 -0.999347 -0.0338936 -0.012555 235.376
-0.0137437 0.110898 0.993737 -60.7104 -0.0338452 0.99321 -0.111307 -22.0128 -0.999333 -0.035163 -0.00989704 235.371
-0.00964542 0.11304 0.993544 -59.7287 -0.035785 0.992914 -0.113315 -22.137 -0.999313 -0.0366469 -0.00553195 235.395
-0.00462139 0.113015 0.993583 -58.7139 -0.0379444 0.992858 -0.113109 -22.2697 -0.999269 -0.0382236 -0.000300084 235.386
0.00148933 0.113246 0.993566 -57.7193 -0.0383652 0.992842 -0.113106 -22.3863 -0.999263 -0.0379499 0.00582338 235.406
0.00791701 0.11145 0.993739 -56.722 -0.0378114 0.993092 -0.111076 -22.5238 -0.999254 -0.0366952 0.0120764 235.417
0.015885 0.111043 0.993689 -55.738 -0.0364734 0.993217 -0.110407 -22.6615 -0.999208 -0.0344894 0.0198274 235.45
0.0236834 0.111302 0.993504 -54.7736 -0.03587 0.993238 -0.110417 -22.7774 -0.999076 -0.033022 0.0275156 235.509
0.0293515 0.111442 0.993337 -53.7656 -0.0360829 0.993236 -0.110364 -22.9205 -0.998918 -0.0326031 0.0331741 235.507
0.0368548 0.110627 0.993178 -52.8094 -0.0378477 0.993295 -0.109236 -23.0353 -0.998604 -0.0335637 0.0407947 235.577
0.043188 0.108776 0.993128 -51.8142 -0.0382103 0.993508 -0.107156 -23.1489 -0.998336 -0.0333199 0.0470639 235.623
0.0501974 0.106839 0.993008 -50.835 -0.0377537 0.993754 -0.105011 -23.2822 -0.998025 -0.0322184 0.0539174 235.681
0.0568663 0.107581 0.992569 -49.8659 -0.038185 0.993684 -0.105514 -23.396 -0.997651 -0.031901 0.0606151 235.745
0.0638293 0.109833 0.991898 -48.9082 -0.038308 0.993462 -0.107541 -23.5233 -0.997225 -0.0311334 0.0676195 235.82
0.0708584 0.11163 0.99122 -47.9449 -0.0382561 0.993291 -0.109129 -23.6344 -0.996753 -0.0301875 0.0746536 235.903
0.0777483 0.113076 0.99054 -46.9902 -0.0405083 0.993085 -0.110187 -23.7667 -0.99615 -0.0315582 0.0817912 235.977
0.0841488 0.113901 0.989922 -46.0699 -0.0424347 0.992954 -0.110642 -23.8711 -0.995549 -0.0326966 0.0883893 236.068
0.0905356 0.113554 0.989398 -45.0834 -0.0431867 0.992991 -0.110014 -24.0015 -0.994956 -0.0327686 0.0948051 236.177
0.0966735 0.111591 0.989041 -44.1285 -0.0436336 0.993215 -0.107797 -24.1223 -0.994359 -0.0327342 0.100887 236.281
0.102946 0.109546 0.988636 -43.2123 -0.0439545 0.993447 -0.105503 -24.2422 -0.993715 -0.032594 0.107086 236.392
0.109757 0.108785 0.987987 -42.2318 -0.0439342 0.993552 -0.104517 -24.3589 -0.992987 -0.031935 0.113828 236.509
0.116269 0.110035 0.987104 -41.3251 -0.0434376 0.993457 -0.105627 -24.4706 -0.992267 -0.0305963 0.120288 236.627
0.123861 0.110999 0.986072 -40.3531 -0.0431277 0.993387 -0.106405 -24.5882 -0.991362 -0.0293476 0.127829 236.752
0.132408 0.11225 0.984819 -39.4185 -0.040644 0.993346 -0.107757 -24.7061 -0.990362 -0.025759 0.13609 236.886
