1 0 0 0 0 1 0 0 0 0 1 0
0.999845 0.000511822 0.0176087 -0.013635 -0.000509375 1 -0.00014348 0.000904764 -0.0176088 0.000134488 0.999845 0.138676
0.999281 0.00486453 0.0375878 0.0489266 -0.0048508 0.999988 -0.000456316 0.00652949 -0.0375896 0.000273657 0.999293 0.280172
0.997827 0.00608709 0.0656066 0.0543666 -0.00615304 0.999981 0.000803253 -0.00174965 -0.0656004 -0.00120519 0.997845 0.468254
0.995127 0.00567503 0.0984336 0.0558014 -0.00584755 0.999982 0.00146426 -0.00226481 -0.0984235 -0.00203272 0.995143 0.616606
0.990762 0.00189805 0.135596 0.128625 -0.00262174 0.999983 0.00515869 0.00236233 -0.135584 -0.00546654 0.990751 0.809789
0.984455 -0.000889065 0.175632 0.16198 -0.000166156 0.999982 0.00599333 -0.0246034 -0.175634 -0.00592935 0.984438 1.00586
0.974888 -0.000629512 0.222694 0.31666 -0.000920936 0.999976 0.00685833 -0.0135616 -0.222692 -0.0068912 0.974864 1.27559
0.963818 -0.000847249 0.266561 0.368271 -0.00184174 0.99995 0.00983752 -0.00582478 -0.266556 -0.00997251 0.963768 1.42561
0.948669 -0.00454248 0.316238 0.542939 -0.000684699 0.999865 0.0164162 0.0205831 -0.31627 -0.01579 0.948538 1.68818
0.931507 -0.0145504 0.363433 0.583341 0.00599545 0.999678 0.0246564 -0.0146864 -0.363674 -0.0207886 0.931294 1.89152
0.910035 -0.0201677 0.414041 0.75369 0.00868691 0.999524 0.029593 -0.0124277 -0.414441 -0.0233339 0.909777 2.16333
0.885648 -0.0223313 0.463819 0.910019 0.00770549 0.999412 0.0334048 -0.0150287 -0.464293 -0.026011 0.8853 2.40348
0.857817 -0.0243316 0.513378 1.04796 0.00565648 0.999265 0.0379087 0.00526168 -0.513924 -0.0296148 0.857325 2.56209
0.825078 -0.029673 0.56424 1.28056 0.00674459 0.999066 0.0426778 0.00639939 -0.564979 -0.0314069 0.824507 2.82203
0.789182 -0.0354426 0.613136 1.48867 0.00912528 0.9989 0.0459964 0.00870673 -0.614092 -0.0307045 0.788637 3.07825
0.751228 -0.040036 0.658827 1.69719 0.0102703 0.998747 0.0489818 0.0146732 -0.659962 -0.0300302 0.750698 3.25008
0.711992 -0.0433894 0.700846 2.00379 0.0114287 0.998673 0.0502174 0.0178399 -0.702095 -0.0277447 0.711543 3.44743
0.669657 -0.0452351 0.741292 2.25981 0.0107242 0.998628 0.0512503 0.0321341 -0.742593 -0.0263704 0.669224 3.6967
0.626244 -0.0453166 0.778309 2.63426 0.00609161 0.998563 0.0532394 0.0588698 -0.779603 -0.0285997 0.625621 3.96416
0.585283 -0.0462549 0.809508 2.9048 0.00332117 0.9985 0.0546525 0.0701019 -0.810822 -0.0292987 0.584559 4.15489
0.545142 -0.0474357 0.837001 3.25529 0.00123967 0.998442 0.0557778 0.0978269 -0.838343 -0.0293692 0.544352 4.37188
0.506212 -0.05012 0.860951 3.70048 0.000341366 0.998321 0.0579162 0.0992043 -0.862409 -0.029024 0.505379 4.57502
0.468479 -0.0497813 0.882071 4.0951 -0.00265711 0.998327 0.0577536 0.133785 -0.883471 -0.0294001 0.467563 4.80157
0.433315 -0.0492332 0.899897 4.54867 -0.00358557 0.998405 0.056349 0.15846 -0.901236 -0.0276435 0.432447 4.98708
0.398826 -0.047947 0.915772 5.03716 -0.00248908 0.998572 0.0533662 0.173405 -0.917023 -0.0235633 0.398137 5.1983
0.369349 -0.0462208 0.928141 5.54365 -0.000565576 0.998751 0.0499622 0.193983 -0.929291 -0.0189784 0.368861 5.37358
0.343553 -0.0443795 0.938084 6.08949 0.000553975 0.998892 0.0470533 0.218701 -0.939133 -0.0156456 0.343197 5.55798
0.322749 -0.0437132 0.945475 6.66144 0.00150692 0.998955 0.0456714 0.246233 -0.946484 -0.0133156 0.322477 5.78658
0.307939 -0.0441676 0.95038 7.26162 0.00280078 0.99896 0.0455178 0.274548 -0.951402 -0.0113549 0.307742 5.9808
0.29672 -0.0457914 0.953866 7.86215 0.00385132 0.998899 0.0467552 0.286189 -0.954957 -0.0101996 0.29657 6.16639
0.285928 -0.0476058 0.957068 8.49487 0.00259158 0.9988 0.0489074 0.320226 -0.958248 -0.0115037 0.285708 6.35385
0.275467 -0.0494035 0.96004 9.16852 0.00113134 0.998695 0.0510681 0.354304 -0.96131 -0.0129814 0.275163 6.54929
0.264344 -0.0511254 0.963072 9.86268 0.000374363 0.998599 0.0529087 0.384476 -0.964428 -0.0136255 0.263993 6.71713
0.254565 -0.0531459 0.965594 10.5713 -0.000380733 0.998483 0.0550565 0.41038 -0.967056 -0.0143831 0.254158 6.93528
0.244595 -0.0547238 0.96808 11.3101 -0.000715253 0.998396 0.0566182 0.435562 -0.969625 -0.014541 0.244164 7.11362
0.234473 -0.0561054 0.970502 12.0424 -0.00156874 0.99831 0.0580919 0.462689 -0.972121 -0.0151435 0.233989 7.27507
0.224672 -0.0589741 0.972648 12.8199 -0.00296069 0.998121 0.0612025 0.498866 -0.97443 -0.0166302 0.224076 7.44748
0.21385 -0.0623384 0.974875 13.5907 -0.00494219 0.99788 0.0648935 0.546 -0.976854 -0.0186955 0.213089 7.62771
0.198196 -0.0662512 0.977921 14.4422 -0.00441765 0.997643 0.0684826 0.580335 -0.980152 -0.0178931 0.197436 7.81347
0.18688 -0.0686863 0.979979 15.2302 -0.00559419 0.997462 0.0709786 0.612991 -0.982367 -0.0187467 0.186022 7.94716
0.17315 -0.0695244 0.982438 16.0028 -0.00571345 0.997418 0.0715914 0.650796 -0.984879 -0.0180092 0.172306 8.1069
0.159542 -0.0684925 0.984812 16.7857 -0.00778771 0.997472 0.0706346 0.69051 -0.98716 -0.0189386 0.158606 8.27463
0.143767 -0.0674659 0.987309 17.5843 -0.00901832 0.997543 0.0694784 0.725649 -0.98957 -0.0188926 0.142806 8.38432
0.12237 -0.0660566 0.990284 18.4126 -0.0114477 0.997622 0.0679607 0.765283 -0.992418 -0.0196528 0.121323 8.50287
0.0973324 -0.0647148 0.993146 19.2095 -0.0156842 0.99766 0.0665461 0.808674 -0.995128 -0.0220538 0.0960896 8.60632
0.0670883 -0.064015 0.995691 20.0697 -0.0196228 0.997662 0.0654638 0.848781 -0.997554 -0.0239301 0.0656752 8.66534
0.0346613 -0.0640547 0.997344 20.8962 -0.0226176 0.997638 0.0648596 0.884045 -0.999143 -0.0248057 0.0331307 8.67143
-0.000458386 -0.0631547 0.998004 21.7581 -0.0242217 0.997712 0.0631251 0.919303 -0.999707 -0.0241445 -0.00198705 8.68478
-0.0338179 -0.0622304 0.997489 22.6081 -0.0255299 0.997788 0.0613835 0.95036 -0.999102 -0.02339 -0.0353318 8.63644
-0.0673456 -0.0599882 0.995925 23.4704 -0.0284069 0.997901 0.0581864 0.979758 -0.997325 -0.0243725 -0.0689083 8.60137
-0.100376 -0.0570085 0.993315 24.2804 -0.0299465 0.998078 0.0542557 1.02749 -0.994499 -0.0243003 -0.101891 8.50938
-0.132637 -0.0525668 0.98977 25.1446 -0.026991 0.998414 0.0494089 1.05118 -0.990797 -0.0201614 -0.133846 8.37428
-0.163809 -0.0471193 0.985366 25.9856 -0.0221697 0.998782 0.0440753 1.06533 -0.986243 -0.0146254 -0.164654 8.24983
-0.194913 -0.041103 0.979959 26.8106 -0.0157932 0.999124 0.0387656 1.07577 -0.980693 -0.00792074 -0.195392 8.0593
-0.223672 -0.0355349 0.974016 27.6248 -0.0101358 0.999366 0.0341321 1.09165 -0.974612 -0.00223799 -0.223891 7.87087
-0.25187 -0.0283006 0.967347 28.4637 -0.00169758 0.999584 0.0288017 1.12463 -0.96776 0.00561212 -0.251813 7.64389
-0.276915 -0.0179446 0.960727 29.3025 0.0040443 0.999795 0.01984 1.12811 -0.960886 0.00937945 -0.276786 7.37577
-0.30201 -0.00306668 0.9533 30.0687 0.00832075 0.999948 0.0058528 1.11593 -0.953268 0.00969978 -0.301969 7.13618
-0.328934 0.0138454 0.944251 30.8664 0.00896747 0.999893 -0.0115375 1.0718 -0.94431 0.00467248 -0.329023 6.89924
-0.35528 0.0282411 0.934333 31.6421 0.00843879 0.9996 -0.027005 1.05461 -0.934722 -0.00170969 -0.355376 6.60723
-0.378332 0.0392595 0.924837 32.4276 0.0125053 0.999226 -0.0373017 1.01966 -0.925585 -0.00254709 -0.37853 6.27933
-0.401721 0.0439295 0.914708 33.1908 0.0165969 0.999034 -0.0406902 0.974848 -0.915612 -0.00116478 -0.402062 5.93873
-0.424098 0.0434215 0.904575 33.933 0.0187022 0.999057 -0.0391885 0.926576 -0.905423 0.000297786 -0.42451 5.59272
-0.444911 0.0403679 0.894664 34.6738 0.0234111 0.999166 -0.0334409 0.903513 -0.895269 0.00606684 -0.445485 5.21934
-0.462223 0.0390716 0.885902 35.3939 0.0298058 0.999149 -0.0285149 0.873749 -0.886263 0.0132247 -0.462994 4.81273
-0.476571 0.0398731 0.878231 36.1032 0.0344931 0.99905 -0.0266408 0.816944 -0.878459 0.0175967 -0.477494 4.44701
-0.487951 0.0430221 0.87181 36.816 0.0369027 0.998908 -0.0286398 0.752298 -0.872091 0.0181974 -0.489006 4.05238
-0.497374 0.0455981 0.866337 37.5148 0.0388392 0.998787 -0.0302714 0.711213 -0.866666 0.0185917 -0.498542 3.63508
-0.509139 0.0449383 0.85951 38.1663 0.0325872 0.998926 -0.0329242 0.654213 -0.860067 0.0112461 -0.510057 3.27962
-0.519981 0.0439222 0.853048 38.8769 0.0309252 0.99899 -0.0325859 0.653214 -0.853618 0.00943661 -0.520814 2.8491
-0.527947 0.0452374 0.848072 39.5643 0.0331136 0.998918 -0.0326696 0.607081 -0.848632 0.0108349 -0.528873 2.40458
-0.534922 0.0483423 0.843517 40.2611 0.0370048 0.998744 -0.0337716 0.554822 -0.844091 0.013149 -0.536039 1.97363
-0.5391 0.0516212 0.840658 40.96 0.0379954 0.998594 -0.0369535 0.520583 -0.841384 0.0120196 -0.540304 1.54532
-0.538346 0.0532384 0.84104 41.6674 0.0369816 0.998534 -0.039536 0.470954 -0.841912 0.00981897 -0.539526 1.07572
-0.534974 0.0539792 0.843142 42.3858 0.0393227 0.998466 -0.0389731 0.427033 -0.843953 0.012305 -0.536276 0.61204
-0.529226 0.0529239 0.846829 43.1284 0.0374655 0.998537 -0.038991 0.387583 -0.847653 0.0110918 -0.530435 0.159216
-0.522855 0.0515756 0.85086 43.8921 0.0356243 0.998618 -0.0386409 0.340622 -0.851677 0.0101077 -0.52397 -0.282696
-0.515993 0.0509085 0.855079 44.6758 0.0339342 0.998664 -0.0389797 0.294652 -0.855921 0.00890324 -0.517031 -0.738266
-0.509147 0.0494025 0.85926 45.4656 0.030755 0.998758 -0.0391992 0.244297 -0.86013 0.00646837 -0.510034 -1.22155
-0.505251 0.0472834 0.861676 46.2804 0.0266714 0.998876 -0.0391731 0.192295 -0.86256 0.00318982 -0.505945 -1.66185
-0.503753 0.0442287 0.862715 47.127 0.0217858 0.999021 -0.0384956 0.148423 -0.863573 -0.000597309 -0.504223 -2.14065
-0.503895 0.0420353 0.862742 47.9442 0.0190212 0.999113 -0.0375701 0.0996656 -0.863556 -0.00252095 -0.504247 -2.62551
-0.504959 0.0403963 0.862197 48.817 0.0172964 0.999177 -0.0366843 0.0456131 -0.86297 -0.0036112 -0.505242 -3.12856
-0.505259 0.0402161 0.86203 49.6773 0.0177833 0.999187 -0.0361916 0.00480751 -0.862785 -0.00295636 -0.505563 -3.62864
-0.50562 0.0393017 0.86186 50.543 0.0174976 0.999224 -0.0353004 -0.0504619 -0.862579 -0.00276814 -0.505916 -4.12804
-0.50553 0.0384513 0.861952 51.4463 0.0176726 0.999258 -0.0342116 -0.105124 -0.862628 -0.00206207 -0.505834 -4.64152
-0.50596 0.038 0.861719 52.3212 0.0172122 0.999275 -0.0339597 -0.163432 -0.862385 -0.00235021 -0.506248 -5.14899
-0.50588 0.0369071 0.861814 53.2268 0.0157234 0.999313 -0.0335659 -0.207319 -0.86246 -0.00342973 -0.506113 -5.6743
-0.505869 0.0361614 0.861852 54.1262 0.0152904 0.99934 -0.0329554 -0.259352 -0.862475 -0.00349306 -0.506088 -6.20465
-0.505526 0.0348772 0.862106 54.9994 0.0139971 0.999383 -0.0322232 -0.31988 -0.862698 -0.00422268 -0.505702 -6.71152
-0.503915 0.0338836 0.863088 55.9042 0.0136443 0.999418 -0.0312695 -0.371724 -0.863645 -0.00398094 -0.504084 -7.22481
-0.502364 0.0313812 0.864087 56.7622 0.0139475 0.999505 -0.0281903 -0.425321 -0.864544 -0.00210994 -0.502553 -7.72346
-0.499166 0.0300795 0.865984 57.6855 0.0141769 0.999547 -0.026547 -0.484114 -0.86639 -0.000974382 -0.499367 -8.25015
-0.497196 0.0295928 0.867134 58.5703 0.013933 0.999562 -0.0261233 -0.531892 -0.867527 -0.000906607 -0.49739 -8.75075
-0.495031 0.0297561 0.868366 59.4598 0.0144163 0.999557 -0.0260333 -0.583507 -0.868756 -0.000368699 -0.49524 -9.2583
-0.494294 0.0304121 0.868763 60.3478 0.014665 0.999537 -0.0266462 -0.630254 -0.869171 -0.000430617 -0.494511 -9.73895
-0.495035 0.0320316 0.868282 61.2371 0.0142742 0.999485 -0.0287335 -0.67489 -0.868756 -0.00183003 -0.495238 -10.2366
-0.498017 0.0340674 0.866498 62.1183 0.0135817 0.999412 -0.031487 -0.724815 -0.867061 -0.00391257 -0.498187 -10.7344
-0.502544 0.0337174 0.863894 62.9831 0.0115455 0.999412 -0.0322904 -0.79096 -0.864474 -0.00625325 -0.502638 -11.2267
-0.507802 0.032137 0.860874 63.8569 0.0117783 0.99947 -0.0303632 -0.830635 -0.861393 -0.00527888 -0.507911 -11.7455
-0.513065 0.029947 0.857827 64.7157 0.0142938 0.999551 -0.0263455 -0.900122 -0.858231 -0.00125538 -0.513263 -12.2488
-0.518697 0.0281512 0.854495 65.5699 0.0118329 0.999598 -0.0257488 -0.941902 -0.854876 -0.00324471 -0.518821 -12.7541
-0.523389 0.0305397 0.851546 66.4288 0.0129966 0.999527 -0.0278588 -0.993954 -0.851995 -0.00351378 -0.523539 -13.2829
-0.528602 0.0328233 0.848235 67.2545 0.0137863 0.999452 -0.0300834 -1.04454 -0.848758 -0.00420809 -0.528765 -13.7872
-0.533303 0.033332 0.845267 68.0995 0.0119826 0.999421 -0.0318506 -1.09425 -0.845839 -0.0068575 -0.533393 -14.3082
-0.536994 0.0336564 0.842914 68.9136 0.0113189 0.999401 -0.0326938 -1.14793 -0.84351 -0.00801548 -0.537054 -14.8297
-0.54036 0.03126 0.840853 69.7238 0.0112244 0.999489 -0.0299444 -1.22047 -0.841359 -0.00674272 -0.540435 -15.3473
-0.542653 0.0263181 0.839545 70.581 0.0129109 0.999652 -0.022992 -1.25607 -0.839858 -0.00163744 -0.542804 -15.8848
-0.544657 0.0191389 0.83844 71.4127 0.0137713 0.999809 -0.0138765 -1.28972 -0.838546 0.00398849 -0.544817 -16.4231
-0.546259 0.0181515 0.83742 72.2175 0.0143206 0.999821 -0.0123301 -1.30659 -0.837494 0.00525698 -0.546421 -16.9477
-0.547164 0.0205735 0.836772 73.0152 0.0138879 0.999783 -0.0155001 -1.36263 -0.83691 0.00313985 -0.547331 -17.4595
-0.548871 0.0241123 0.835559 73.816 0.0139362 0.999709 -0.0196947 -1.42205 -0.835791 0.00083467 -0.549047 -17.9795
-0.549812 0.0310516 0.834711 74.6109 0.0208757 0.999507 -0.0234316 -1.43925 -0.835028 0.00454218 -0.550189 -18.4972
-0.549243 0.0319213 0.835053 75.4036 0.0241857 0.999459 -0.0222982 -1.48124 -0.835313 0.00794923 -0.549717 -19.0341
-0.548431 0.0303445 0.835645 76.2123 0.0240461 0.9995 -0.0205132 -1.51456 -0.83585 0.00884391 -0.548887 -19.5731
-0.547324 0.0242027 0.836571 76.9909 0.0219919 0.999653 -0.0145326 -1.55349 -0.836632 0.0104438 -0.547667 -20.087
-0.54726 0.0184541 0.836759 77.8075 0.0205079 0.999752 -0.00863619 -1.58299 -0.836712 0.0124339 -0.547503 -20.592
-0.546372 0.0127797 0.837445 78.6037 0.0123751 0.999898 -0.0071849 -1.61823 -0.837451 0.00643781 -0.546474 -21.1093
-0.545348 0.00689822 0.838181 79.4109 0.00323007 0.999976 -0.0061282 -1.64536 -0.838203 -0.000634615 -0.545358 -21.6017
-0.543435 0.00767357 0.839416 80.2031 0.00638329 0.999967 -0.00500874 -1.6735 -0.839427 0.00263631 -0.543466 -22.1155
-0.54004 0.0105842 0.841573 81.006 0.0119139 0.999917 -0.00493045 -1.70569 -0.841555 0.00736376 -0.540121 -22.6379
-0.535321 0.0117618 0.844567 81.7805 0.0105489 0.999918 -0.00723902 -1.74516 -0.844583 0.00503401 -0.535402 -23.1181
-0.527749 0.015977 0.84925 82.5623 0.0177625 0.999812 -0.00777143 -1.75615 -0.849215 0.0109834 -0.527933 -23.6095
-0.51967 0.0184586 0.854168 83.3716 0.0251679 0.999663 -0.00629081 -1.79409 -0.853996 0.0182285 -0.51996 -24.1104
-0.509278 0.0184053 0.860405 84.171 0.0241036 0.999684 -0.00711759 -1.81496 -0.860264 0.017114 -0.509561 -24.5819
-0.498523 0.0147782 0.866751 84.9982 0.0189765 0.999801 -0.00613216 -1.84597 -0.866669 0.0133909 -0.498704 -25.0502
-0.487712 0.0124193 0.872916 85.7864 0.0215611 0.999765 -0.00217747 -1.86432 -0.872738 0.017759 -0.487866 -25.4789
-0.47617 0.0112083 0.879282 86.6152 0.0211075 0.999776 -0.00131357 -1.89016 -0.8791 0.017934 -0.4763 -25.9367
-0.463907 0.010011 0.885827 87.4624 0.0203465 0.999793 -0.000643472 -1.91296 -0.88565 0.017725 -0.464015 -26.3715
-0.452547 0.0129007 0.891647 88.2593 0.0254532 0.999675 -0.00154517 -1.9248 -0.891377 0.021996 -0.452728 -26.7717
-0.440178 0.0148078 0.897788 89.0744 0.0233343 0.999715 -0.00504829 -1.96486 -0.897607 0.0187271 -0.440398 -27.172
-0.42824 0.025321 0.90331 89.9262 0.0266787 0.999526 -0.0153703 -1.97591 -0.903271 0.0175169 -0.428712 -27.5689
-0.41547 0.0306976 0.909089 90.7769 0.0275837 0.999396 -0.0211408 -2.00064 -0.909189 0.0162927 -0.416066 -27.9524
-0.403934 0.0266408 0.9144 91.6156 0.0240486 0.99954 -0.0184979 -2.03263 -0.914472 0.0145181 -0.404389 -28.3127
-0.391981 0.0222574 0.919704 92.4519 0.0240493 0.999614 -0.0139413 -2.09342 -0.919659 0.0166535 -0.392365 -28.6694
-0.38217 0.0234224 0.923795 93.315 0.0223327 0.999621 -0.016106 -2.11809 -0.923822 0.0144756 -0.382549 -29.0109
-0.375365 0.0282813 0.926445 94.1494 0.0183031 0.999566 -0.0230976 -2.14816 -0.926696 0.00828679 -0.37572 -29.3438
-0.369633 0.03323 0.928583 94.9984 0.0109634 0.999447 -0.0314018 -2.17682 -0.929113 -0.00142675 -0.369793 -29.67
-0.366276 0.0360209 0.929809 95.8463 0.00956618 0.999343 -0.0349463 -2.22485 -0.930457 -0.00390526 -0.36638 -29.9965
-0.362604 0.0359911 0.931248 96.6834 0.00918709 0.999343 -0.0350457 -2.27327 -0.931898 -0.00415225 -0.362697 -30.3096
-0.357613 0.0361594 0.933169 97.5524 0.00890977 0.999337 -0.0353089 -2.32194 -0.933827 -0.00431261 -0.357698 -30.643
-0.35196 0.0306463 0.935513 98.3709 0.00316092 0.999497 -0.0315531 -2.37922 -0.93601 -0.00814835 -0.35188 -30.9561
-0.347291 0.0269156 0.937371 99.2546 0.00442613 0.999624 -0.0270633 -2.42508 -0.937747 -0.0052499 -0.347279 -31.266
-0.341216 0.0239074 0.939681 100.104 0.00195467 0.999692 -0.0247244 -2.47065 -0.939983 -0.0065996 -0.341158 -31.5745
-0.33536 0.0227897 0.941814 100.939 -0.00193499 0.999689 -0.0248792 -2.51908 -0.942088 -0.0101659 -0.335212 -31.858
-0.329055 0.0220492 0.944053 101.776 -0.0146497 0.999488 -0.0284502 -2.55143 -0.944197 -0.0231918 -0.328563 -32.1303
-0.322237 0.0257721 0.946308 102.642 -0.0113817 0.999452 -0.0310951 -2.59743 -0.946591 -0.0207905 -0.321767 -32.4225
-0.315244 0.0294642 0.948553 103.51 -0.0103066 0.999353 -0.0344674 -2.64536 -0.948955 -0.020642 -0.314736 -32.6917
-0.308656 0.0280833 0.950759 104.347 -0.0111608 0.999388 -0.033143 -2.68532 -0.951108 -0.020841 -0.308154 -32.9674
-0.301807 0.0228992 0.953094 105.213 -0.0113552 0.999554 -0.0276112 -2.73587 -0.953302 -0.0191558 -0.301412 -33.2303
-0.294641 0.0198968 0.955401 106.058 -0.0127105 0.999613 -0.0247374 -2.78256 -0.955524 -0.0194323 -0.294274 -33.4887
-0.288312 0.0230271 0.95726 106.918 -0.0148496 0.999483 -0.0285152 -2.8228 -0.957421 -0.0224362 -0.287821 -33.7378
-0.281854 0.0261397 0.959101 107.779 -0.0145074 0.999398 -0.0315014 -2.86386 -0.959348 -0.0227929 -0.281306 -33.9897
-0.275088 0.0271345 0.961036 108.627 -0.015488 0.999347 -0.0326495 -2.90009 -0.961294 -0.023866 -0.274488 -34.2234
-0.267706 0.0258944 0.963152 109.505 -0.0161854 0.999377 -0.031367 -2.95225 -0.963365 -0.0239861 -0.267121 -34.4653
-0.260198 0.0259277 0.965207 110.354 -0.0135181 0.999444 -0.0304916 -2.99669 -0.965461 -0.0209817 -0.259703 -34.688
-0.252396 0.027171 0.967242 111.207 -0.00890129 0.999498 -0.0303999 -3.04158 -0.967583 -0.0162825 -0.252028 -34.9134
-0.245794 0.0281348 0.968914 112.092 -0.00639968 0.99951 -0.0306467 -3.08155 -0.969301 -0.0137335 -0.245493 -35.1204
-0.239069 0.0268891 0.97063 112.955 -0.0133707 0.999431 -0.0309801 -3.12703 -0.970911 -0.0203844 -0.238573 -35.3344
-0.233177 0.0246322 0.972122 113.824 -0.0186024 0.999383 -0.029785 -3.17591 -0.972256 -0.025029 -0.232575 -35.53
-0.228391 0.0256324 0.973232 114.711 -0.0145222 0.999452 -0.029731 -3.21464 -0.973461 -0.0209237 -0.227893 -35.7423
-0.223434 0.0252963 0.974391 115.564 -0.0136285 0.999484 -0.0290729 -3.2636 -0.974624 -0.0197753 -0.222974 -35.9394
-0.218916 0.0272825 0.975362 116.452 -0.0121724 0.999455 -0.0306885 -3.30049 -0.975668 -0.0185907 -0.218465 -36.129
-0.21319 0.0258677 0.976668 117.312 -0.00742713 0.999578 -0.0280957 -3.34597 -0.976982 -0.0132436 -0.212908 -36.3159
-0.207845 0.0241715 0.977863 118.183 -0.000763489 0.99969 -0.0248733 -3.39374 -0.978161 -0.00591639 -0.207762 -36.508
-0.202902 0.0234978 0.978917 119.054 0.00211495 0.99972 -0.0235588 -3.43931 -0.979197 -0.00270977 -0.202895 -36.6863
-0.198547 0.0252517 0.979766 119.921 0.000689086 0.999671 -0.0256251 -3.4712 -0.980091 -0.00441265 -0.198499 -36.8574
-0.195369 0.027457 0.980345 120.788 -6.0952e-05 0.999608 -0.0280087 -3.50767 -0.98073 -0.00553177 -0.19529 -37.013
-0.193464 0.0265837 0.980747 121.671 -0.00196411 0.99962 -0.0274827 -3.54906 -0.981105 -0.00724323 -0.193339 -37.1827
-0.193078 0.0255609 0.98085 122.514 -0.00370603 0.999634 -0.02678 -3.59246 -0.981176 -0.00880567 -0.192912 -37.3307
-0.19105 0.0218073 0.981338 123.413 -9.41482e-05 0.999753 -0.0222349 -3.62637 -0.98158 -0.00434038 -0.191001 -37.5159
-0.190421 0.0158747 0.981574 124.261 -0.00135259 0.999864 -0.0164328 -3.67177 -0.981702 -0.00445683 -0.190374 -37.6672
-0.190182 0.0138463 0.981651 125.118 -0.000792382 0.999898 -0.0142572 -3.70334 -0.981749 -0.0034893 -0.190152 -37.8167
-0.188366 0.0182921 0.981928 126.005 -0.00299255 0.999811 -0.0191993 -3.73956 -0.982094 -0.00655497 -0.188276 -37.9929
-0.188168 0.0226706 0.981875 126.842 -0.00234393 0.99972 -0.0235318 -3.77162 -0.982134 -0.00672938 -0.188062 -38.1452
-0.188749 0.0213694 0.981793 127.682 -0.00556816 0.999724 -0.0228302 -3.80476 -0.98201 -0.00977595 -0.188578 -38.2948
-0.187821 0.0206066 0.981987 128.57 -0.00645101 0.999732 -0.0222128 -3.84784 -0.982182 -0.0105068 -0.187638 -38.4575
-0.187186 0.0206578 0.982107 129.396 -0.00219499 0.999768 -0.0214477 -3.89016 -0.982322 -0.00617043 -0.187098 -38.6198
-0.186178 0.0235197 0.982234 130.248 -0.00367736 0.99969 -0.0246347 -3.92811 -0.982509 -0.00819848 -0.186034 -38.7753
-0.186356 0.0254474 0.982153 131.072 -0.0113122 0.999543 -0.0280444 -3.95034 -0.982417 -0.0163365 -0.185983 -38.9168
-0.186024 0.0264413 0.982189 131.908 -0.0168261 0.999406 -0.0300916 -3.99363 -0.982401 -0.0221242 -0.185469 -39.061
-0.185948 0.0301244 0.982098 132.763 -0.0144367 0.999338 -0.0333866 -4.03873 -0.982454 -0.0203864 -0.18539 -39.2152
-0.185476 0.0297009 0.9822 133.568 -0.0169133 0.999299 -0.0334119 -4.09963 -0.982503 -0.0228094 -0.184844 -39.3651
-0.184035 0.0312102 0.982424 134.413 -0.0173408 0.999237 -0.0349927 -4.14286 -0.982767 -0.0234759 -0.183353 -39.5085
-0.18194 0.0302555 0.982844 135.221 -0.0111842 0.999398 -0.0328355 -4.18319 -0.983246 -0.0169664 -0.181492 -39.6652
-0.178582 0.0267525 0.983561 136.049 -0.00515835 0.999591 -0.0281251 -4.24156 -0.983912 -0.0100962 -0.178371 -39.8249
-0.176363 0.0223739 0.984071 136.84 -0.000171326 0.999741 -0.0227609 -4.27628 -0.984325 -0.00418278 -0.176313 -39.9686
-0.172561 0.0225259 0.984741 137.667 0.0055608 0.999745 -0.0218947 -4.30698 -0.984983 0.00169777 -0.172642 -40.1118
-0.167632 0.0275643 0.985464 138.468 0.00336664 0.999619 -0.0273875 -4.3441 -0.985844 -0.00127333 -0.167661 -40.2514
-0.161016 0.0307592 0.986472 139.262 0.005455 0.999527 -0.0302758 -4.38188 -0.986937 0.000506315 -0.161107 -40.3774
-0.15352 0.031262 0.987651 140.015 0.000652175 0.999502 -0.0315357 -4.41863 -0.988145 -0.00419724 -0.153464 -40.4914
-0.143613 0.0271527 0.989261 140.838 0.00826621 0.999622 -0.026237 -4.4594 -0.989599 0.00440946 -0.143784 -40.6114
-0.131624 0.0255278 0.990971 141.636 0.0146049 0.99961 -0.0238105 -4.50431 -0.991192 0.011339 -0.131946 -40.7193
-0.118031 0.0277542 0.992622 142.436 0.0139084 0.999557 -0.0262943 -4.53952 -0.992912 0.0107022 -0.118365 -40.8171
-0.103504 0.0288031 0.994212 143.235 0.0128652 0.999536 -0.027618 -4.57634 -0.994546 0.00993217 -0.103826 -40.8985
-0.0895581 0.0288876 0.995563 144.028 0.0147552 0.999508 -0.0276747 -4.61532 -0.995872 0.0122112 -0.0899402 -40.9742
-0.075973 0.0297216 0.996667 144.834 0.0142938 0.999485 -0.0287161 -4.65844 -0.997007 0.0120645 -0.0763587 -41.0338
-0.0619792 0.0362091 0.99742 145.634 0.0142433 0.999272 -0.0353912 -4.70658 -0.997976 0.0120131 -0.0624498 -41.0716
-0.0497606 0.0455092 0.997724 146.355 0.00750928 0.99895 -0.0451906 -4.74461 -0.998733 0.00524347 -0.0500501 -41.0964
-0.035753 0.0543612 0.997881 147.139 0.0017547 0.998521 -0.0543332 -4.78468 -0.999359 -0.000191588 -0.0357955 -41.1159
-0.0222405 0.0549355 0.998242 147.9 -0.00215215 0.998484 -0.0549968 -4.83588 -0.99975 -0.00337153 -0.0220885 -41.1374
-0.0109513 0.0512349 0.998627 148.69 -0.0016074 0.998684 -0.0512555 -4.89522 -0.999939 -0.00216651 -0.0108545 -41.1175
0.000483599 0.0481238 0.998841 149.471 -0.00504809 0.998829 -0.0481208 -4.96117 -0.999987 -0.00501897 0.000725966 -41.1151
0.00956492 0.0540953 0.99849 150.207 -0.00776023 0.99851 -0.054022 -5.01944 -0.999924 -0.0072318 0.00997045 -41.0993
0.0156188 0.0629539 0.997894 150.962 -0.0148657 0.99792 -0.0627229 -5.06076 -0.999768 -0.0138548 0.0165221 -41.0748
0.0194126 0.0667559 0.99758 151.716 -0.0179797 0.99763 -0.0664094 -5.11221 -0.99965 -0.016647 0.0205669 -41.0555
0.0194077 0.0624314 0.997861 152.473 -0.0221418 0.997831 -0.0619989 -5.17403 -0.999566 -0.0208912 0.020748 -41.0362
0.0177732 0.0565671 0.998241 153.225 -0.0195264 0.998228 -0.0562187 -5.25538 -0.999651 -0.0184928 0.0188462 -41.0175
0.0141992 0.0539628 0.998442 153.982 -0.021906 0.99832 -0.0536447 -5.30588 -0.999659 -0.0211101 0.0153574 -40.9923
0.0114916 0.0543115 0.998458 154.731 -0.0193498 0.998349 -0.0540828 -5.35767 -0.999747 -0.0186984 0.0125235 -40.9779
0.00773728 0.0544552 0.998486 155.476 -0.0176795 0.998368 -0.0543117 -5.4104 -0.999814 -0.0172325 0.00868739 -40.9676
0.00331308 0.0528808 0.998595 156.216 -0.0187356 0.998429 -0.0528098 -5.47336 -0.999819 -0.0185344 0.00429863 -40.9589
-0.00195079 0.0529336 0.998596 156.966 -0.0177928 0.998438 -0.0529599 -5.51764 -0.99984 -0.0178712 -0.0010059 -40.9554
-0.00790582 0.0515329 0.99864 157.701 -0.0182467 0.998498 -0.05167 -5.56664 -0.999802 -0.0186304 -0.00695364 -40.9533
-0.0143908 0.048558 0.998717 158.424 -0.0189614 0.998627 -0.0488269 -5.6249 -0.999717 -0.0196397 -0.0134503 -40.9553
-0.0195627 0.0485323 0.99863 159.163 -0.0193435 0.998616 -0.0489106 -5.67299 -0.999621 -0.0202739 -0.0185969 -40.9649
-0.0250969 0.0495721 0.998455 159.896 -0.0231284 0.998474 -0.0501544 -5.72401 -0.999417 -0.0243514 -0.0239121 -40.9789
-0.0290424 0.0520043 0.998224 160.624 -0.0209593 0.998394 -0.052623 -5.77474 -0.999358 -0.0224504 -0.0279058 -40.9906
-0.0316335 0.0542273 0.998027 161.35 -0.0212608 0.998265 -0.0549141 -5.83092 -0.999273 -0.0229559 -0.0304257 -41.0152
-0.0327102 0.055888 0.997901 162.055 -0.0180598 0.998239 -0.0564989 -5.88356 -0.999302 -0.01987 -0.0316433 -41.0401
-0.0320877 0.0543996 0.998004 162.767 -0.0159088 0.998363 -0.0549307 -5.93312 -0.999358 -0.0176396 -0.0311698 -41.0649
-0.0287301 0.0506688 0.998302 163.49 -0.0120714 0.998624 -0.0510325 -5.97931 -0.999514 -0.0135171 -0.0280789 -41.0804
-0.0212813 0.0497333 0.998536 164.177 -0.0104615 0.998696 -0.0499643 -6.03625 -0.999719 -0.0115095 -0.0207332 -41.0912
-0.00983457 0.0510171 0.998649 164.888 -0.00801774 0.998662 -0.0510967 -6.08846 -0.999919 -0.00850943 -0.00941237 -41.0945
0.00387005 0.0514064 0.99867 165.578 -0.00515934 0.998666 -0.0513861 -6.13638 -0.999979 -0.00495361 0.0041301 -41.0965
0.0198921 0.0489744 0.998602 166.261 -0.00623021 0.998786 -0.0488594 -6.18268 -0.999783 -0.00524958 0.020173 -41.0627
0.0352395 0.0441436 0.998403 166.964 -0.0117907 0.998973 -0.0437526 -6.23571 -0.999309 -0.0102301 0.0357238 -41.0355
0.0520469 0.0375598 0.997938 167.637 -0.0124089 0.99924 -0.0369616 -6.27732 -0.998568 -0.0104596 0.0524734 -40.9837
0.0694453 0.0302017 0.997128 168.328 -0.0113517 0.999501 -0.029483 -6.31406 -0.997521 -0.00927163 0.0697535 -40.9391
0.0871064 0.0230637 0.995932 169 -0.0124815 0.999679 -0.0220588 -6.34534 -0.996121 -0.0105093 0.0873663 -40.8691
0.104372 0.0170735 0.994392 169.656 -0.0139767 0.999779 -0.015699 -6.37795 -0.99444 -0.0122598 0.104588 -40.7957
0.12252 0.0147907 0.992356 170.325 -0.0150943 0.999801 -0.0130381 -6.4081 -0.992351 -0.0133815 0.122719 -40.7137
0.140745 0.013648 0.989952 170.96 -0.0138045 0.999835 -0.0118216 -6.42805 -0.98995 -0.012002 0.14091 -40.6149
0.157918 0.013237 0.987364 171.605 -0.0151203 0.999825 -0.0109858 -6.44643 -0.987337 -0.0131944 0.15809 -40.4978
0.17427 0.0126635 0.984616 172.243 -0.0195926 0.999764 -0.00939055 -6.46409 -0.984503 -0.0176547 0.174477 -40.3754
0.188622 0.00917042 0.982007 172.869 -0.0261347 0.999649 -0.00431528 -6.49508 -0.981702 -0.0248505 0.188795 -40.2315
0.200743 0.00480455 0.979632 173.504 -0.0204939 0.99979 -0.000703868 -6.50963 -0.97943 -0.0199352 0.200799 -40.0999
0.211303 0.00364376 0.977414 174.127 -0.0180283 0.999837 0.000170102 -6.5265 -0.977254 -0.017657 0.211334 -39.9674
0.221361 0.00679257 0.975168 174.732 -0.0215728 0.999765 -0.00206693 -6.5475 -0.974953 -0.0205795 0.221456 -39.8138
0.230429 0.0135551 0.972995 175.328 -0.0259631 0.999633 -0.00777752 -6.56964 -0.972743 -0.0234697 0.230697 -39.6527
0.239724 0.0235912 0.970554 175.91 -0.0243482 0.999536 -0.0182817 -6.57963 -0.970536 -0.0192487 0.240187 -39.5031
0.247896 0.0304467 0.968308 176.511 -0.0215747 0.999432 -0.025902 -6.59008 -0.968546 -0.01447 0.248412 -39.3537
0.254644 0.0289925 0.9666 177.104 -0.0202123 0.999492 -0.0246543 -6.60676 -0.966824 -0.0132591 0.255101 -39.1883
0.260794 0.0215374 0.965154 177.71 -0.0208947 0.999643 -0.0166611 -6.62706 -0.965168 -0.0158215 0.261151 -39.0112
0.264501 0.0105399 0.964328 178.308 -0.0238007 0.999707 -0.00439836 -6.65536 -0.964092 -0.0217883 0.264675 -38.8463
0.266695 0.00153422 0.96378 178.935 -0.026599 0.99963 0.00576912 -6.69026 -0.963414 -0.0271742 0.266637 -38.6664
0.267352 0.000269167 0.963599 179.529 -0.021703 0.999748 0.00574226 -6.70451 -0.963354 -0.0224482 0.267291 -38.4974
0.269026 0.00357337 0.963126 180.142 -0.0183976 0.99983 0.00142939 -6.69796 -0.962957 -0.0181038 0.269046 -38.3349
0.270591 0.0033237 0.962689 180.745 -0.0166955 0.99986 0.00124069 -6.70996 -0.96255 -0.0164082 0.270608 -38.1661
0.272634 0.00149918 0.962117 181.352 -0.0166285 0.999857 0.00315402 -6.70384 -0.961974 -0.0168585 0.27262 -37.9832
0.275153 -0.00295181 0.961396 181.971 -0.0179042 0.999806 0.00819394 -6.73275 -0.961234 -0.0194676 0.275047 -37.7902
0.278269 -0.0084453 0.960466 182.589 -0.0163526 0.999775 0.0135287 -6.74082 -0.960364 -0.0194707 0.278068 -37.6153
0.282496 -0.0113431 0.959201 183.212 -0.0152213 0.999751 0.0163054 -6.75264 -0.959148 -0.0192065 0.282253 -37.4066
0.28805 -0.0127339 0.957531 183.834 -0.0144201 0.999741 0.0176332 -6.74168 -0.957507 -0.018887 0.287792 -37.252
0.296255 -0.016134 0.954973 184.454 -0.0127663 0.999701 0.02085 -6.74706 -0.955024 -0.0183684 0.295961 -37.0439
0.305573 -0.0187918 0.951983 185.065 -0.00973437 0.999691 0.0228582 -6.7541 -0.952119 -0.0162518 0.305296 -36.8512
0.317057 -0.016738 0.948259 185.682 -0.0112482 0.999708 0.0214071 -6.75371 -0.94834 -0.0174535 0.316776 -36.6186
0.328631 -0.0129346 0.94437 186.304 -0.0116759 0.999774 0.0177566 -6.74975 -0.944386 -0.0168617 0.328405 -36.3951
0.339898 -0.00914307 0.940418 186.925 -0.0132886 0.999806 0.0145234 -6.74829 -0.940369 -0.0174333 0.33971 -36.1731
0.35157 -0.00809418 0.936127 187.555 -0.0123099 0.999836 0.0132681 -6.73798 -0.936081 -0.0161883 0.351413 -35.9429
0.363026 -0.0113936 0.931709 188.18 -0.0120251 0.999785 0.0169114 -6.75175 -0.931701 -0.0173432 0.362811 -35.6792
0.374036 -0.0138353 0.927311 188.805 -0.0116051 0.999741 0.0195969 -6.75122 -0.927342 -0.0180915 0.373778 -35.4239
0.38518 -0.0133626 0.922745 189.441 -0.0151796 0.999668 0.0208129 -6.75617 -0.922717 -0.0220236 0.384849 -35.1569
0.395287 -0.0151127 0.918433 190.063 -0.017407 0.999562 0.0239395 -6.74108 -0.918393 -0.0254501 0.394851 -34.8789
0.402835 -0.0139421 0.915166 190.684 -0.0213798 0.999468 0.0246373 -6.74335 -0.915023 -0.0294908 0.402323 -34.5799
0.406988 -0.0159867 0.913294 191.328 -0.0209367 0.999421 0.0268243 -6.72539 -0.913193 -0.0300385 0.406418 -34.3013
0.409353 -0.021199 0.91213 191.972 -0.0179456 0.99935 0.0312799 -6.73697 -0.9122 -0.0291733 0.408706 -33.9797
0.409288 -0.0190487 0.912206 192.624 -0.0147277 0.999514 0.0274799 -6.7172 -0.912286 -0.0246819 0.408809 -33.7238
0.40823 -0.0191379 0.912678 193.298 -0.0130555 0.999556 0.0267992 -6.71352 -0.912786 -0.0228557 0.407799 -33.4227
0.40685 -0.0183248 0.913311 193.953 -0.00927863 0.999664 0.0241907 -6.71047 -0.913448 -0.0183162 0.406543 -33.1098
0.406862 -0.0188844 0.913295 194.635 -0.00650177 0.999701 0.0235675 -6.69312 -0.913467 -0.0155267 0.406617 -32.8376
0.406016 -0.0255963 0.913507 195.314 -0.00325443 0.999561 0.029454 -6.6966 -0.91386 -0.0149317 0.405755 -32.5243
0.405346 -0.0287241 0.913712 195.993 -0.00259292 0.999466 0.0325703 -6.68759 -0.91416 -0.0155714 0.405055 -32.2289
0.403735 -0.0314161 0.914337 196.673 -0.00138644 0.999388 0.0349507 -6.67435 -0.914875 -0.0153785 0.403444 -31.9088
0.401858 -0.0310433 0.915176 197.365 -0.00251772 0.999384 0.0350053 -6.6673 -0.915699 -0.0163713 0.401532 -31.601
0.400671 -0.0314899 0.915681 198.046 -0.00385326 0.999342 0.0360531 -6.65032 -0.916214 -0.0179738 0.400286 -31.2976
0.398447 -0.0307695 0.916675 198.73 -0.00438139 0.999362 0.0354495 -6.64415 -0.917181 -0.018141 0.398058 -30.9893
0.39738 -0.0281264 0.917223 199.43 -0.00323645 0.999481 0.0320509 -6.63863 -0.917649 -0.0157049 0.397082 -30.69
0.396734 -0.0211215 0.917691 200.114 -0.00515372 0.999668 0.0252363 -6.6332 -0.917919 -0.0147416 0.396493 -30.4023
0.39528 -0.0176856 0.91839 200.791 -0.00711303 0.999726 0.0223134 -6.61444 -0.918533 -0.0153526 0.395046 -30.1098
0.394006 -0.0203168 0.918883 201.511 -0.00837684 0.999635 0.0256942 -6.60741 -0.91907 -0.017821 0.393692 -29.8009
0.392877 -0.0241171 0.919275 202.185 -0.00939134 0.999499 0.0302354 -6.60851 -0.919543 -0.020512 0.392454 -29.4936
0.390035 -0.023602 0.920497 202.855 -0.012877 0.999434 0.0310823 -6.60687 -0.92071 -0.0239764 0.389511 -29.1983
0.385845 -0.0231452 0.922273 203.545 -0.0158354 0.999372 0.031705 -6.5974 -0.922428 -0.0268378 0.385236 -28.8921
0.379167 -0.0241546 0.925013 204.212 -0.0166743 0.999319 0.0329298 -6.59722 -0.925178 -0.0279098 0.378505 -28.6247
0.370722 -0.0248201 0.928412 204.914 -0.0152457 0.999346 0.0328042 -6.57391 -0.928619 -0.0263156 0.370101 -28.3319
0.360654 -0.0239182 0.932393 205.619 -0.0128161 0.99945 0.0305957 -6.5788 -0.932612 -0.022984 0.360149 -28.069
0.350057 -0.020939 0.936494 206.296 -0.0147749 0.999502 0.0278706 -6.58903 -0.936612 -0.0235929 0.349573 -27.826
0.338259 -0.0213277 0.940811 207.012 -0.0157344 0.999475 0.0283147 -6.55856 -0.940921 -0.0243808 0.337746 -27.5364
0.327929 -0.0284622 0.944274 207.714 -0.0117762 0.999345 0.0342118 -6.53929 -0.944629 -0.022339 0.327379 -27.3029
0.319463 -0.0370845 0.946873 208.398 -0.0082149 0.999088 0.0419012 -6.56194 -0.947563 -0.0211644 0.318867 -27.0785
0.312866 -0.0424959 0.948846 209.103 -0.00822469 0.99884 0.0474469 -6.55229 -0.949762 -0.0226485 0.312154 -26.8458
0.307456 -0.0434458 0.95057 209.813 -0.0120022 0.998701 0.0495277 -6.51176 -0.951487 -0.0266365 0.306535 -26.603
0.305531 -0.0453792 0.9511 210.517 -0.0124555 0.998588 0.0516461 -6.49618 -0.952101 -0.0276259 0.304534 -26.3724
0.304049 -0.0460745 0.951542 211.221 -0.0114537 0.998581 0.052012 -6.47306 -0.952588 -0.0267129 0.303089 -26.1441
0.302543 -0.0449229 0.952077 211.937 -0.0122812 0.998622 0.0510218 -6.46715 -0.953057 -0.0271289 0.301574 -25.9246
0.302576 -0.0431884 0.952146 212.639 -0.0144781 0.998649 0.0498986 -6.43091 -0.953015 -0.0288834 0.301542 -25.668
0.303164 -0.0435335 0.951944 213.372 -0.015408 0.998601 0.0505741 -6.40904 -0.952814 -0.0299998 0.302069 -25.4278
0.304136 -0.0446038 0.951584 214.082 -0.0157219 0.998532 0.0518293 -6.38358 -0.952499 -0.0307239 0.302988 -25.2027
0.306023 -0.0461434 0.950905 214.812 -0.0147918 0.998474 0.053212 -6.36043 -0.951909 -0.0303497 0.304873 -24.9696
0.307551 -0.0477002 0.950335 215.56 -0.0110323 0.998497 0.0536879 -6.34101 -0.951468 -0.0269961 0.306562 -24.7367
0.310221 -0.0489258 0.949405 216.301 -0.00984032 0.998456 0.0546689 -6.31212 -0.950613 -0.0263019 0.309261 -24.4972
0.314985 -0.0505342 0.94775 217.033 -0.0126204 0.99827 0.0574223 -6.29188 -0.949013 -0.0300481 0.313802 -24.2328
0.319512 -0.0541615 0.946033 217.772 -0.0127056 0.998031 0.0614296 -6.25331 -0.947497 -0.0316474 0.318194 -23.9893
0.324937 -0.0580949 0.94395 218.494 -0.0128981 0.997746 0.0658458 -6.22312 -0.945648 -0.0335709 0.323456 -23.7202
0.329584 -0.0574538 0.942376 219.236 -0.0166268 0.997639 0.0666379 -6.19082 -0.94398 -0.0376315 0.327851 -23.4152
0.333827 -0.0545535 0.941054 220.012 -0.0184694 0.997754 0.0643922 -6.1655 -0.942453 -0.0388766 0.33207 -23.1829
0.338019 -0.0479348 0.939918 220.72 -0.025688 0.99786 0.0601278 -6.13531 -0.940789 -0.0444689 0.336064 -22.8995
0.342611 -0.0446628 0.938415 221.449 -0.028691 0.997906 0.0579691 -6.09641 -0.939039 -0.0467849 0.340612 -22.6229
0.346353 -0.0446492 0.937041 222.208 -0.0301362 0.997822 0.0586844 -6.05867 -0.93762 -0.0485643 0.344253 -22.3782
0.350308 -0.0434339 0.935627 222.964 -0.0298376 0.9979 0.0574962 -6.03154 -0.936159 -0.0480583 0.348277 -22.0925
0.35439 -0.0395393 0.934261 223.679 -0.0326595 0.997973 0.0546242 -6.00672 -0.934527 -0.0498708 0.35238 -21.8022
0.358937 -0.0392208 0.932537 224.423 -0.0327138 0.997974 0.0545646 -5.98176 -0.932788 -0.0500921 0.356927 -21.5176
0.363465 -0.040854 0.930712 225.175 -0.032007 0.997901 0.0563028 -5.94853 -0.931058 -0.0502534 0.361395 -21.2207
0.367693 -0.04088 0.929048 225.907 -0.0293089 0.998028 0.0555149 -5.93092 -0.929485 -0.0476418 0.36577 -20.9279
0.372391 -0.0412052 0.927161 226.647 -0.0251078 0.998201 0.0544469 -5.90204 -0.927736 -0.0435545 0.370687 -20.6477
0.376754 -0.0390908 0.925488 227.378 -0.0264698 0.998247 0.0529395 -5.88052 -0.925935 -0.0444427 0.375059 -20.3341
0.380423 -0.039766 0.923957 228.103 -0.0301258 0.998012 0.0553569 -5.84931 -0.924322 -0.048894 0.378469 -20.026
0.385317 -0.039323 0.921946 228.842 -0.0344267 0.997784 0.0569459 -5.81998 -0.922142 -0.0536818 0.38311 -19.7062
0.389643 -0.0366303 0.920237 229.57 -0.0314717 0.998096 0.0530551 -5.79333 -0.920428 -0.049634 0.387749 -19.4012
0.393532 -0.0306087 0.918801 230.308 -0.0303683 0.998467 0.0462698 -5.77366 -0.918809 -0.046111 0.392 -19.077
0.396785 -0.023715 0.917605 231.028 -0.0364157 0.998473 0.0415516 -5.75713 -0.917189 -0.0499023 0.395316 -18.7644
0.399177 -0.0236458 0.916569 231.748 -0.0440774 0.998017 0.0449433 -5.72163 -0.915814 -0.0583403 0.397343 -18.4264
0.401847 -0.0340992 0.915072 232.488 -0.0415861 0.997596 0.0554366 -5.69504 -0.914762 -0.0603313 0.399462 -18.0952
0.403805 -0.0468359 0.913645 233.233 -0.0380997 0.996961 0.0679458 -5.68105 -0.914051 -0.0622464 0.400793 -17.7744
0.405939 -0.0555296 0.912211 233.958 -0.0385539 0.996223 0.0778004 -5.64401 -0.913086 -0.0667516 0.402265 -17.4534
0.407469 -0.058476 0.911345 234.694 -0.0376737 0.996022 0.0807534 -5.6049 -0.912441 -0.0672383 0.403645 -17.1146
0.410239 -0.05301 0.910436 235.405 -0.039777 0.996319 0.0759339 -5.56491 -0.91111 -0.0673655 0.40662 -16.7897
0.414627 -0.0467469 0.90879 236.139 -0.039093 0.996843 0.069112 -5.52411 -0.909151 -0.064183 0.41149 -16.4576
0.419509 -0.0419541 0.906781 236.859 -0.0397794 0.997122 0.0645373 -5.48307 -0.906879 -0.0631452 0.416633 -16.1243
0.423423 -0.0395571 0.905068 237.567 -0.0384848 0.997359 0.0615953 -5.44358 -0.905114 -0.0609122 0.420783 -15.7908
0.427142 -0.037722 0.903397 238.301 -0.0373744 0.997539 0.0593241 -5.40878 -0.903412 -0.0591037 0.424681 -15.4278
0.430924 -0.0391794 0.901537 239.016 -0.0367425 0.997467 0.0609108 -5.38932 -0.90164 -0.0593727 0.428393 -15.0864
0.434525 -0.0448199 0.899544 239.72 -0.0326226 0.997322 0.0654501 -5.34907 -0.900069 -0.0577852 0.431899 -14.7389
0.437186 -0.0505869 0.897947 240.457 -0.031516 0.996942 0.0715081 -5.31109 -0.898819 -0.059562 0.434254 -14.376
0.439084 -0.0568101 0.896648 241.173 -0.0283973 0.996623 0.0770504 -5.27439 -0.897997 -0.059294 0.435988 -14.0295
0.441684 -0.0612934 0.895075 241.91 -0.0286065 0.996194 0.0823341 -5.22761 -0.896715 -0.0619706 0.438249 -13.6492
0.443365 -0.0684488 0.893724 242.635 -0.0260851 0.995672 0.0891973 -5.18277 -0.895962 -0.0628598 0.439661 -13.287
0.444766 -0.0689697 0.892987 243.336 -0.0272547 0.995527 0.090464 -5.13529 -0.895232 -0.0645734 0.440897 -12.9363
0.446978 -0.0580679 0.892658 244.065 -0.0354052 0.995961 0.0825161 -5.08597 -0.893844 -0.0684877 0.443117 -12.5488
0.447613 -0.044503 0.89312 244.774 -0.0372024 0.996969 0.0683228 -5.03633 -0.893453 -0.0638083 0.4446 -12.1973
0.447252 -0.0347134 0.893734 245.496 -0.0391505 0.997529 0.0583371 -4.97613 -0.893551 -0.0610816 0.444788 -11.8297
0.447936 -0.0369883 0.8933 246.233 -0.0397517 0.997332 0.061229 -4.95039 -0.893181 -0.0629369 0.445271 -11.4531
