1.000000000 -0.000000000 0.000000000 0.000000000 -0.000000000 1.000000000 -0.000000000 -0.000000000 0.000000000 -0.000000000 1.000000000 0.000000060
0.999996185 -0.000129311 0.002756270 0.002520571 0.000129308 1.000000000 0.000001315 -0.016895620 -0.002756270 -0.000000959 0.999996185 0.262968481
0.999980330 -0.003111346 0.005439780 0.004287127 0.003121237 0.999993443 -0.001810647 -0.024140343 -0.005434113 0.001827591 0.999983609 0.553811014
0.999971628 -0.003236757 0.006792948 0.013934973 0.003257574 0.999990046 -0.003055660 -0.040027469 -0.006782991 0.003077702 0.999972284 0.780000567
0.999959767 -0.002859699 0.008496109 0.020645343 0.002889059 0.999989867 -0.003445478 -0.059225086 -0.008486168 0.003469885 0.999958098 1.010539174
0.999941349 -0.001230394 0.010750575 0.022287637 0.001262890 0.999994695 -0.003016636 -0.074771114 -0.010746811 0.003030037 0.999937773 1.247479916
0.999903500 -0.000264098 0.013878994 0.018385524 0.000307493 0.999995112 -0.003124739 -0.080296643 -0.013878102 0.003128706 0.999898911 1.655234337
0.999883413 -0.000423086 0.015253285 0.024743993 0.000484949 0.999991834 -0.004052424 -0.093302764 -0.015251452 0.004059352 0.999875605 1.887259841
0.999873459 -0.000836246 0.015884141 0.030741015 0.000919991 0.999985874 -0.005266055 -0.109708257 -0.015879519 0.005280004 0.999860227 2.146081686
0.999865949 -0.002996366 0.016090594 0.037987366 0.003101746 0.999973834 -0.006528353 -0.122729197 -0.016070623 0.006577392 0.999849439 2.395483017
0.999839664 -0.006450078 0.016699674 0.039973393 0.006565602 0.999954760 -0.006872172 -0.130558163 -0.016654596 0.006980719 0.999837041 2.852923632
0.999829173 -0.008133514 0.016592050 0.047717221 0.008228974 0.999949992 -0.005693181 -0.150106475 -0.016544923 0.005828751 0.999846220 3.106101036
0.999824226 -0.008936888 0.016469378 0.057092298 0.009013280 0.999948978 -0.004570280 -0.160584658 -0.016427701 0.004717927 0.999854088 3.384236336
0.999816537 -0.009447349 0.016653558 0.057918396 0.009508359 0.999948442 -0.003587974 -0.179875463 -0.016618807 0.003745672 0.999854863 3.681525707
0.999819934 -0.008937757 0.016731789 0.065668888 0.009012349 0.999949932 -0.004387829 -0.202560097 -0.016691746 0.004537838 0.999850333 4.175668240
0.999819875 -0.008720924 0.016857551 0.055652075 0.008813013 0.999946892 -0.005395894 -0.218462452 -0.016809618 0.005543495 0.999843240 4.463120461
0.999844968 -0.007106149 0.016097691 0.061447401 0.007207321 0.999954879 -0.006235463 -0.238435164 -0.016052669 0.006350524 0.999850810 4.777866840
0.999872208 -0.004379384 0.015356342 0.061085124 0.004491595 0.999963701 -0.007280389 -0.250111431 -0.015323917 0.007348441 0.999855340 5.080165863
0.999888837 -0.004262700 0.014268237 0.063387975 0.004392368 0.999949336 -0.009069152 -0.277130514 -0.014228869 0.009130823 0.999856710 5.620215416
0.999898553 -0.002486274 0.014001393 0.060171850 0.002622511 0.999949396 -0.009720567 -0.288786829 -0.013976536 0.009756310 0.999854386 5.929139137
0.999915898 -0.002576970 0.012684607 0.058202736 0.002703204 0.999947131 -0.009944832 -0.306652725 -0.012658322 0.009978295 0.999869883 6.261379719
0.999936581 -0.003024921 0.010815636 0.064071313 0.003116350 0.999959528 -0.008446759 -0.343440235 -0.010789665 0.008479942 0.999905586 6.599107265
0.999950767 -0.003986628 0.009070410 0.062368203 0.004081452 0.999936879 -0.010459992 -0.350874484 -0.009028153 0.010496508 0.999903858 7.162990093
0.999954343 -0.004130571 0.008594456 0.051047649 0.004195521 0.999962568 -0.007553149 -0.387812853 -0.008562952 0.007588876 0.999934137 7.520544052
0.999960482 -0.004470883 0.007657812 0.054471873 0.004536690 0.999952734 -0.008598057 -0.395683020 -0.007619023 0.008632471 0.999933243 7.881864548
0.999947906 -0.007320243 0.007084868 0.048271291 0.007357406 0.999959230 -0.005233906 -0.426180512 -0.007046278 0.005285772 0.999960840 8.213613510
0.999986649 -0.001468690 0.004949646 0.052029897 0.001495655 0.999984086 -0.005448529 -0.432051957 -0.004941579 0.005455872 0.999972463 8.835115433
0.999992073 0.000161250 0.003972086 0.041208468 -0.000143188 0.999989927 -0.004548170 -0.454283386 -0.003972796 0.004547577 0.999981344 9.236413956
0.999996781 0.000681227 0.002438512 0.045283902 -0.000671064 0.999991238 -0.004168001 -0.474603653 -0.002441348 0.004166361 0.999987900 9.616808891
0.999997795 0.001439079 0.001394135 0.023866285 -0.001433446 0.999991119 -0.004035436 -0.484631240 -0.001399946 0.004033441 0.999990523 9.990244865
0.999997795 0.000288451 -0.001916499 0.027626472 -0.000297815 0.999988377 -0.004885627 -0.515252650 0.001915050 0.004886198 0.999985814 10.664988518
0.999993026 -0.000001369 -0.003605815 0.021838576 -0.000024271 0.999975026 -0.007109785 -0.531042635 0.003605714 0.007109832 0.999967873 11.035359383
0.999982595 -0.003211542 -0.004881772 0.008399602 0.003161989 0.999943793 -0.010124690 -0.544281244 0.004913995 0.010109090 0.999936461 11.396630287
0.999967456 -0.005148185 -0.006165868 -0.004813403 0.005067345 0.999902070 -0.013056013 -0.570493460 0.006232460 0.013024355 0.999895394 11.815608978
0.999944985 -0.005472807 -0.008926523 -0.009565085 0.005342797 0.999880075 -0.014523973 -0.595895767 0.009004928 0.014475484 0.999854207 12.456163406
0.999927044 -0.005492253 -0.010728904 -0.022805847 0.005335287 0.999878824 -0.014604683 -0.624770999 0.010807808 0.014546379 0.999835312 12.898252487
0.999902070 -0.006445430 -0.012407191 -0.036630496 0.006269624 0.999879599 -0.014156957 -0.649036884 0.012496945 0.014077783 0.999822319 13.340704918
0.999899149 -0.007285889 -0.012167071 -0.073443599 0.007152058 0.999913454 -0.011006700 -0.690474749 0.012246210 0.010918573 0.999864757 13.781902313
0.999833405 -0.005929026 -0.017245958 -0.062541828 0.005715668 0.999906421 -0.012394577 -0.708633244 0.017317830 0.012293944 0.999773800 14.466803551
0.999801695 -0.005357166 -0.019157596 -0.079967037 0.005111317 0.999903858 -0.012858785 -0.737163544 0.019224629 0.012758313 0.999733269 14.899310112
0.999760330 -0.006318736 -0.020941606 -0.096907198 0.006035100 0.999889076 -0.013579708 -0.759655952 0.021025088 0.013450067 0.999688029 15.339441299
0.999721766 -0.007082702 -0.022481669 -0.110481262 0.006755451 0.999869943 -0.014599022 -0.788844228 0.022582145 0.014443077 0.999640226 15.769923210
0.999698102 -0.005656781 -0.023882993 -0.133794278 0.005299832 0.999872804 -0.014982712 -0.815806746 0.023964707 0.014851604 0.999602139 16.497505188
0.999677241 -0.007590048 -0.024212491 -0.148924083 0.007259384 0.999878645 -0.013715519 -0.845021248 0.024313651 0.013535313 0.999612331 16.957130432
0.999565005 -0.015205179 -0.025241837 -0.153546512 0.015011240 0.999855399 -0.007855080 -0.915573180 0.025357625 0.007472733 0.999650121 17.391826630
0.999665082 -0.009044188 -0.024215568 -0.185314208 0.008751586 0.999886692 -0.012162237 -0.903915465 0.024322819 0.011946226 0.999632418 18.170444489
0.999674141 -0.007095182 -0.024498478 -0.202953368 0.006815128 0.999909580 -0.011496327 -0.927926302 0.024577836 0.011325604 0.999633431 18.650083542
0.999672055 -0.006245942 -0.024810201 -0.217800468 0.005968540 0.999918103 -0.011239631 -0.953540087 0.024878375 0.011087853 0.999628484 19.120885849
0.999652207 -0.006154760 -0.025619330 -0.235521615 0.005860134 0.999914885 -0.011559753 -0.976005852 0.025688305 0.011405584 0.999604464 19.567987442
0.999596953 -0.008164592 -0.027167145 -0.252383500 0.007817207 0.999885440 -0.012868985 -1.011280656 0.027269121 0.012651411 0.999547601 20.382541656
0.999585032 -0.007882767 -0.027677486 -0.275020242 0.007561023 0.999901593 -0.011710620 -1.042136788 0.027767090 0.011496479 0.999547780 20.842535019
0.999564946 -0.008626293 -0.028171623 -0.289626628 0.008354798 0.999916434 -0.009740921 -1.064568520 0.028253308 0.009501298 0.999555171 21.329946518
0.999556661 -0.009341799 -0.028235875 -0.310076684 0.009084187 0.999914885 -0.009238213 -1.088958502 0.028319784 0.008977603 0.999558091 21.796686172
0.999505520 -0.009857129 -0.029822327 -0.328198910 0.009628892 0.999922097 -0.007787219 -1.122197747 0.029896779 0.007496198 0.999524295 22.592546463
0.999473333 -0.010347108 -0.030717293 -0.350692093 0.010166927 0.999929011 -0.006016172 -1.149556756 0.030777380 0.005700688 0.999509275 23.095237732
0.999405742 -0.013336822 -0.031753518 -0.369764805 0.013181400 0.999898851 -0.005099078 -1.177679062 0.031818330 0.004677472 0.999482155 23.583238602
0.999365509 -0.014447267 -0.032526772 -0.389358968 0.014237777 0.999875128 -0.006663082 -1.198176026 0.032618992 0.006195730 0.999448121 24.065517426
0.999310732 -0.014253649 -0.034250818 -0.419506550 0.013966857 0.999864161 -0.008598135 -1.241759896 0.034368735 0.008113823 0.999375761 24.899801254
0.999251485 -0.015793193 -0.035289612 -0.445603013 0.015443787 0.999827802 -0.010152288 -1.274127245 0.035443891 0.009599675 0.999325037 25.427309036
0.999183059 -0.017406013 -0.036443032 -0.466274470 0.017012395 0.999792635 -0.011083652 -1.291289330 0.036628433 0.010454611 0.999273658 25.897979736
0.999116421 -0.018851817 -0.037533961 -0.491529793 0.018469969 0.999773026 -0.010494658 -1.321415901 0.037723321 0.009792128 0.999239504 26.385261536
0.999034524 -0.018952107 -0.039606202 -0.524252176 0.018618556 0.999786913 -0.008774150 -1.359593630 0.039764091 0.008028260 0.999176025 27.275651932
0.998998523 -0.018491473 -0.040715143 -0.548459709 0.018226951 0.999809086 -0.006859194 -1.399014235 0.040834229 0.006110202 0.999146581 27.769569397
0.998994052 -0.016735105 -0.041575395 -0.579615176 0.016489340 0.999843240 -0.006247697 -1.431457758 0.041673440 0.005555850 0.999115229 28.274047852
0.998961926 -0.016519722 -0.042423125 -0.611976385 0.016243218 0.999843240 -0.006854812 -1.453282595 0.042529721 0.006158599 0.999075592 28.765672684
0.998893142 -0.015414039 -0.044410270 -0.647515178 0.015063863 0.999851584 -0.008209415 -1.493879318 0.044530246 0.007531332 0.998979032 29.656265259
0.998833656 -0.016040696 -0.045509491 -0.681125700 0.015720537 0.999847889 -0.007384680 -1.529085517 0.045621045 0.006660627 0.998935997 30.146223068
0.998851418 -0.013851134 -0.045840845 -0.717327237 0.013499592 0.999875724 -0.007969939 -1.549888968 0.045945559 0.007341948 0.998916268 30.685264587
0.998782754 -0.015521282 -0.046794668 -0.743773162 0.015219071 0.999859691 -0.006808188 -1.573626041 0.046893772 0.006087721 0.998880744 31.186998367
0.998718500 -0.014982664 -0.048316516 -0.784172893 0.014730545 0.999874592 -0.005570554 -1.612237573 0.048393935 0.004851675 0.998815954 32.044013977
0.998672187 -0.014386944 -0.049440864 -0.819571316 0.014193307 0.999888778 -0.004265919 -1.640327096 0.049496785 0.003558511 0.998767376 32.585426331
0.998600483 -0.015168265 -0.050640412 -0.854357719 0.015021254 0.999880314 -0.003282867 -1.671414971 0.050684195 0.002517571 0.998710990 33.123207092
0.998546839 -0.015130496 -0.051697038 -0.885855198 0.015028637 0.999882996 -0.002359059 -1.691429377 0.051726725 0.001578676 0.998659492 33.620414734
0.998517156 -0.013242586 -0.052776899 -0.935752392 0.013146042 0.999909937 -0.002176615 -1.727207422 0.052801028 0.001479560 0.998603284 34.485816956
0.998471379 -0.013922539 -0.053461991 -0.972225308 0.013819190 0.999900520 -0.002302852 -1.753229976 0.053488791 0.001560510 0.998566568 34.992469788
0.998445988 -0.012592752 -0.054256141 -1.009449840 0.012481275 0.999917924 -0.002393548 -1.782347202 0.054281931 0.001712623 0.998523533 35.560558319
0.998421133 -0.011720151 -0.054904252 -1.051144719 0.011630156 0.999929368 -0.001958830 -1.800858140 0.054923434 0.001317173 0.998489022 36.095546722
0.998365223 -0.012809911 -0.055671800 -1.090550542 0.012677426 0.999914706 -0.002732791 -1.833668470 0.055702139 0.002022530 0.998444557 36.908515930
0.998323083 -0.014437435 -0.056027710 -1.131150365 0.014262648 0.999890864 -0.003518916 -1.863400340 0.056072466 0.002713896 0.998422265 37.501228333
0.998326242 -0.013464818 -0.056212582 -1.169911385 0.013265284 0.999903202 -0.003921764 -1.895043731 0.056259997 0.003169507 0.998410285 38.021976471
0.998348236 -0.011291393 -0.056299187 -1.210369825 0.011029494 0.999925852 -0.004960893 -1.926028609 0.056351066 0.004331734 0.998400688 38.578582764
0.998317063 -0.009346443 -0.057199195 -1.266355038 0.008916524 0.999928951 -0.007767173 -1.964719892 0.057267785 0.007244081 0.998331606 39.479869843
0.998281598 -0.010460821 -0.057623561 -1.309075356 0.009986568 0.999912679 -0.008512467 -1.994708896 0.057707656 0.007922372 0.998301029 40.011135101
0.998417556 -0.009900164 -0.055319153 -1.382639050 0.009392683 0.999910176 -0.009426731 -2.010971069 0.055407573 0.008892217 0.998423219 40.556850433
0.998206258 -0.011217636 -0.058769524 -1.384704351 0.010884837 0.999921501 -0.005980346 -2.051721334 0.058832061 0.005329912 0.998252690 41.063728333
0.998188436 -0.009081090 -0.059438575 -1.438801408 0.008809229 0.999947965 -0.004834662 -2.092163086 0.059479453 0.004302280 0.998219311 41.961231232
0.998160541 -0.009451328 -0.059847660 -1.477288485 0.009210327 0.999946833 -0.004301935 -2.123313904 0.059885208 0.003742789 0.998197377 42.494384766
0.998118877 -0.010340488 -0.060391799 -1.515838027 0.010039481 0.999934137 -0.005286028 -2.157030106 0.060442522 0.004669772 0.998160005 43.058258057
0.998081505 -0.011390394 -0.060818434 -1.554626703 0.011013352 0.999916553 -0.006531502 -2.184080601 0.060887787 0.005849152 0.998126745 43.583747864
0.998027027 -0.012592957 -0.061473936 -1.600460529 0.012210874 0.999902427 -0.006587522 -2.222024202 0.061550926 0.005823869 0.998086214 44.491771698
0.997988760 -0.013606307 -0.061876826 -1.643144846 0.013327789 0.999897718 -0.004912094 -2.257751942 0.061937355 0.004077521 0.998071074 45.002586365
0.997955024 -0.013759584 -0.062381633 -1.679769039 0.013614115 0.999902070 -0.002756796 -2.286662817 0.062413476 0.001901872 0.998047769 45.547607422
0.998127222 -0.011347980 -0.060068920 -1.723369002 0.010904067 0.999909282 -0.007713120 -2.281630516 0.060151011 0.007043679 0.998163640 46.088016510
0.997894883 -0.011921089 -0.063708335 -1.775228262 0.011931412 0.999927342 -0.000218842 -2.351886034 0.063706324 -0.000541773 0.997967839 46.894287109
0.997867048 -0.011853648 -0.064155936 -1.819721937 0.011820189 0.999928236 -0.000901540 -2.381511450 0.064162031 0.000141261 0.997938871 47.465732574
0.997831285 -0.012394505 -0.064610749 -1.860873699 0.012243882 0.999919772 -0.002727170 -2.406592607 0.064639375 0.001930154 0.997906148 47.959518433
0.997819245 -0.012495043 -0.064780593 -1.900790453 0.012184446 0.999910653 -0.005187975 -2.438826561 0.064839639 0.004387338 0.997885406 48.501705170
0.997784376 -0.012828546 -0.065251015 -1.965529561 0.012384959 0.999895692 -0.007198662 -2.482321978 0.065336548 0.006374576 0.997842431 49.374282837
0.997750401 -0.014101676 -0.065507546 -2.005604267 0.013674591 0.999880493 -0.006963972 -2.508563519 0.065597899 0.006052512 0.997827291 49.861968994
0.997718990 -0.014656519 -0.065862127 -2.046029568 0.014314102 0.999879718 -0.005668408 -2.542795420 0.065937236 0.004712711 0.997812033 50.429275513
0.997664392 -0.014609578 -0.066694438 -2.086039066 0.014381316 0.999887228 -0.003901825 -2.575897455 0.066743888 0.002933542 0.997765243 51.020175934
0.997668326 -0.013339055 -0.066901326 -2.144540310 0.013246356 0.999908805 -0.001829431 -2.612484217 0.066919595 0.000938943 0.997757137 51.836029053
0.997659802 -0.012687888 -0.067155749 -2.182830811 0.012620725 0.999917626 -0.001424705 -2.637545347 0.067168273 0.000573793 0.997740805 52.335147858
0.997628689 -0.013602527 -0.067437798 -2.232224464 0.013515228 0.999905169 -0.001751064 -2.667951822 0.067455254 0.000835452 0.997721314 52.863922119
0.997647822 -0.012578762 -0.067353874 -2.273488045 0.012450716 0.999917924 -0.002321001 -2.696727037 0.067377552 0.001476919 0.997725785 53.375026703
0.997635722 -0.013668938 -0.067320183 -2.331656218 0.013378714 0.999897242 -0.004760548 -2.737335920 0.067378357 0.003848622 0.997719407 54.287879944
0.997619033 -0.014686218 -0.067353062 -2.365828991 0.014218610 0.999869585 -0.007417247 -2.759898186 0.067453220 0.006441915 0.997700989 54.779582977
0.997666240 -0.014150372 -0.066764690 -2.412776947 0.013633986 0.999871790 -0.008184287 -2.789152145 0.066871963 0.007254920 0.997734487 55.301643372
0.997664809 -0.014315467 -0.066749342 -2.454814911 0.013722268 0.999860406 -0.009337438 -2.823112488 0.066873722 0.008399686 0.997725308 55.831813812
0.997894287 -0.012910270 -0.063528441 -2.530303478 0.012260162 0.999866664 -0.010612995 -2.856013298 0.063657016 0.009811786 0.997922659 56.539173126
0.997703016 -0.014590761 -0.066116653 -2.561488628 0.014093798 0.999867141 -0.007977101 -2.914418697 0.066224307 0.007026945 0.997779012 57.207168579
0.997587800 -0.014788216 -0.067791320 -2.583494425 0.014180833 0.999853194 -0.009432533 -2.939324856 0.067920893 0.008448446 0.997653902 57.744140625
0.997884870 -0.013182018 -0.063617781 -2.677314997 0.012702480 0.999886036 -0.007936825 -2.979244232 0.063715175 0.007111935 0.997941673 58.260337830
0.997596383 -0.015006298 -0.067612074 -2.695679665 0.014413344 0.999851584 -0.009249646 -2.998868942 0.067740873 0.008252904 0.997667730 58.960433960
0.997566581 -0.014895519 -0.068072826 -2.741294622 0.014251798 0.999847233 -0.009932625 -3.036052704 0.068210408 0.008938300 0.997629821 59.623668671
0.997500420 -0.018032204 -0.068284295 -2.787113667 0.017336993 0.999789953 -0.010760593 -3.077235937 0.068464011 0.009549861 0.997606754 60.176136017
0.997446954 -0.019188290 -0.068751156 -2.831535339 0.018448206 0.999763191 -0.011383909 -3.106144905 0.068953358 0.010086519 0.997567654 60.702388763
0.997503936 -0.016607063 -0.068593122 -2.887929440 0.015994729 0.999825537 -0.009467069 -3.147218704 0.068738371 0.008346315 0.997598469 61.469799042
0.997499228 -0.015774181 -0.068856746 -2.931673050 0.015397102 0.999861538 -0.006003977 -3.179595232 0.068941951 0.004928763 0.997607172 62.057807922
0.997448564 -0.015408462 -0.069667876 -2.971601248 0.015298852 0.999878764 -0.002107127 -3.201754808 0.069691941 0.001035895 0.997566760 62.563926697
0.997370660 -0.015739989 -0.070700005 -3.013557434 0.015830291 0.999872506 0.000716712 -3.234472752 0.070679776 -0.001834055 0.997495890 63.140377045
0.997391045 -0.015364119 -0.070496663 -3.078800678 0.015523529 0.999876201 0.001713535 -3.265638351 0.070461668 -0.002803451 0.997509003 63.995517731
0.997383833 -0.016451446 -0.070353538 -3.124593496 0.016570119 0.999860346 0.001103145 -3.287572145 0.070325598 -0.002266054 0.997519851 64.487510681
0.997417033 -0.016517982 -0.069865577 -3.168287277 0.016462693 0.999861717 -0.001367469 -3.320314646 0.069878533 0.000213739 0.997553706 65.075744629
0.997465909 -0.013575198 -0.069803163 -3.208117485 0.013364037 0.999902606 -0.003491694 -3.341476440 0.069843814 0.002549978 0.997552812 65.520889282
0.997560263 -0.008961862 -0.069197550 -3.281544209 0.008593684 0.999945402 -0.005616898 -3.390727997 0.069244154 0.005008523 0.997585177 66.449592590
0.997550547 -0.007327115 -0.069530711 -3.332364321 0.006828024 0.999947250 -0.007413330 -3.413952112 0.069581389 0.006920407 0.997550249 66.954132080
0.997582734 -0.005839408 -0.069209814 -3.384438753 0.005178025 0.999937117 -0.009732118 -3.433286905 0.069262348 0.009350224 0.997552633 67.487876892
0.997482359 -0.002472690 -0.070839360 -3.427396297 0.002097335 0.999981344 -0.005372951 -3.471817732 0.070851400 0.005210841 0.997471452 67.961318970
0.997510970 0.000489500 -0.070476122 -3.498223782 -0.000679161 0.999994099 -0.002667559 -3.515250683 0.070474498 0.002708769 0.997508049 68.859024048
0.997542381 0.000445526 -0.070031397 -3.541614532 -0.000525345 0.999997258 -0.001121688 -3.543854713 0.070030764 0.001155704 0.997542322 69.371101379
0.997566760 -0.000623123 -0.069680452 -3.586699009 0.000469641 0.999995410 -0.002219366 -3.575166225 0.069681570 0.002181224 0.997565031 69.901115417
0.997583985 -0.000525395 -0.069434047 -3.637617350 0.000107396 0.999979913 -0.006024041 -3.609003544 0.069435857 0.006002025 0.997566342 70.426254272
0.997590899 -0.000351079 -0.069335692 -3.700982571 -0.000447029 0.999931872 -0.011495228 -3.660261631 0.069335058 0.011498541 0.997525156 71.320602417
0.997558773 0.001575516 -0.069780901 -3.738073826 -0.002472249 0.999913216 -0.012766501 -3.686186552 0.069754779 0.012907867 0.997478604 71.805877686
0.997511029 0.003536036 -0.070388563 -3.787403345 -0.004287679 0.999933124 -0.010530564 -3.716122627 0.070346646 0.010806170 0.997462094 72.371231079
0.997438371 0.003222941 -0.071426459 -3.833362579 -0.003698434 0.999969780 -0.006526169 -3.747881413 0.071403272 0.006773621 0.997422397 72.912422180
0.997054219 -0.011691267 -0.075771503 -3.861105680 0.011038102 0.999896049 -0.009033557 -3.788554192 0.075869240 0.008170582 0.997082174 73.448921204
0.997368693 0.003962561 -0.072350904 -3.946935654 -0.003922926 0.999989808 0.000689566 -3.813938856 0.072352886 -0.000403938 0.997376919 74.266700745
0.997333169 0.003635979 -0.072852999 -3.985686541 -0.003606318 0.999991238 0.000538366 -3.847273827 0.072854280 -0.000274212 0.997340381 74.806968689
0.997256339 0.002167967 -0.073955402 -4.014461517 -0.002238541 0.999995112 -0.000871752 -3.865320206 0.073953129 0.001034901 0.997258842 75.324111938
0.997161865 -0.002654048 -0.075204112 -4.091620445 0.002182735 0.999975443 -0.006348969 -3.905489206 0.075219087 0.006166803 0.997145712 76.234153748
0.997099817 -0.003271487 -0.076001003 -4.138164997 0.002619930 0.999956965 -0.008671498 -3.937599659 0.076026075 0.008447236 0.997067869 76.715705872
0.997031212 -0.004329269 -0.076843366 -4.182330132 0.003561839 0.999940276 -0.010121523 -3.960453987 0.076882608 0.009817782 0.996989489 77.212760925
0.996707201 -0.008248585 -0.080630638 -4.196074963 0.007489133 0.999922633 -0.009717161 -3.998841047 0.080704533 0.009081319 0.996694446 77.744293213
0.996807575 -0.007892285 -0.079413831 -4.279443741 0.007370649 0.999947131 -0.006859982 -4.025857449 0.079463758 0.006252757 0.996815860 78.432075500
0.996710539 -0.007469170 -0.080663584 -4.336671829 0.007208678 0.999965489 -0.003520512 -4.058069706 0.080687121 0.002927451 0.996732950 79.145210266
0.996622980 -0.006121608 -0.081848577 -4.393225670 0.006125406 0.999978840 -0.000205043 -4.088843822 0.081848137 -0.000297018 0.996642351 79.683303833
0.996543348 -0.006531814 -0.082781039 -4.446837425 0.006795113 0.999970317 0.002898948 -4.124371052 0.082759686 -0.003451455 0.996561110 80.231636047
0.996502519 -0.004686831 -0.083392717 -4.507795334 0.004988844 0.999979436 0.003413228 -4.151256561 0.083375022 -0.003817349 0.996508658 80.925430298
0.996443450 -0.003896264 -0.084136166 -4.571628571 0.003159212 0.999953270 -0.008891948 -4.134228230 0.084166877 0.008594530 0.996412218 81.584426880
0.996347427 -0.004700180 -0.085223034 -4.627258778 0.004693240 0.999986768 -0.000282060 -4.210665226 0.085223235 -0.000118958 0.996359468 82.175354004
0.996321499 -0.002980500 -0.085604027 -4.680625916 0.002825360 0.999992013 -0.001933635 -4.235939026 0.085609086 0.001684649 0.996325076 82.704765320
0.996374011 -0.000986865 -0.085036948 -4.770708084 0.000639275 0.999989271 -0.004114854 -4.276977062 0.085040085 0.004045567 0.996366918 83.608329773
0.996375978 -0.000738559 -0.085016996 -4.841476917 0.000232368 0.999980152 -0.005963985 -4.316004276 0.085019723 0.005922620 0.996359169 84.549415588
0.996412873 0.002255731 -0.084555708 -4.908141136 -0.002888627 0.999966681 -0.007363559 -4.361515999 0.084536284 0.007581402 0.996389091 85.523727417
0.996475935 0.000969951 -0.083833702 -5.007135391 -0.001733910 0.999955773 -0.009040702 -4.404668808 0.083821215 0.009154215 0.996436417 86.504753113
0.996539056 0.001325101 -0.083075717 -5.071942329 -0.002205049 0.999940634 -0.010501458 -4.443090439 0.083056882 0.010648314 0.996485651 87.226531982
0.996611595 0.001446813 -0.082198381 -5.119925499 -0.002352146 0.999935925 -0.010918449 -4.477382183 0.082177304 0.011074807 0.996553838 87.766410828
0.996681631 0.001068859 -0.081346460 -5.164728165 -0.001961278 0.999937177 -0.010891671 -4.508869171 0.081329666 0.011015089 0.996623993 88.259361267
0.996749163 0.001028958 -0.080518179 -5.213222504 -0.001940531 0.999933183 -0.011244096 -4.549181938 0.080501229 0.011363806 0.996687293 88.827491760
0.996879160 0.005404189 -0.078713663 -5.270140648 -0.006416624 0.999898136 -0.012615064 -4.591015816 0.078637481 0.013080789 0.996814847 89.428260803
0.996995032 0.007494210 -0.077056892 -5.325798988 -0.008714621 0.999839962 -0.015513759 -4.619678497 0.076928332 0.016138691 0.996903360 89.960960388
0.997110307 0.007159905 -0.075583503 -5.364151955 -0.008567722 0.999793589 -0.018318238 -4.648565292 0.075436756 0.018912911 0.996968627 90.480171204
0.997226894 0.007047940 -0.074037418 -5.406555653 -0.008504242 0.999774337 -0.019373130 -4.677171707 0.073884167 0.019949077 0.997064531 90.961090088
0.997374892 0.007867746 -0.071930043 -5.409807205 -0.008997131 0.999839246 -0.015390821 -4.680920124 0.071797371 0.015997617 0.997288048 90.964050293
0.997465432 0.007272642 -0.070728727 -5.444882393 -0.008064420 0.999906182 -0.010915669 -4.705749035 0.070642695 0.011458411 0.997432888 91.455345154
0.997547328 0.007714339 -0.069515169 -5.484251976 -0.008130005 0.999949098 -0.005698682 -4.739863396 0.069467671 0.006249869 0.997561574 91.985992432
0.997613072 0.004806850 -0.068830460 -5.514567375 -0.004861495 0.999986291 -0.000626710 -4.771955490 0.068826459 0.000959829 0.997625113 92.484825134
0.997714877 0.000956788 -0.067503236 -5.578695297 -0.000948631 0.999997735 0.000152448 -4.804597378 0.067503177 -0.000088071 0.997715831 93.439689636
0.997720003 -0.001575308 -0.067417838 -5.669907570 0.001364160 0.999992251 -0.003178350 -4.856160164 0.067422241 0.003079135 0.997716606 94.450119019
0.997752845 -0.004750179 -0.066777878 -5.716207504 0.004193830 0.999953508 -0.008469651 -4.907321453 0.066814907 0.008170575 0.997728705 95.346656799
0.997744739 -0.006438192 -0.066756465 -5.760039806 0.005902783 0.999947131 -0.008215146 -4.983829975 0.066805728 0.007802580 0.997732282 96.204978943
0.997851431 -0.008504326 -0.064905003 -5.833390713 0.007853384 0.999914587 -0.010278437 -5.033619881 0.064986758 0.009746647 0.997835338 97.172164917
0.997996747 -0.007925336 -0.062706627 -5.877173424 0.006921358 0.999842763 -0.016212553 -5.033204079 0.062825143 0.015746100 0.997896969 97.668960571
0.998061061 -0.007702139 -0.061704248 -5.902635574 0.006865781 0.999879956 -0.013755681 -5.066506863 0.061802667 0.013305394 0.997996271 98.205139160
0.998091102 -0.007496610 -0.061241440 -5.944366932 0.006920103 0.999927998 -0.009621136 -5.089883327 0.061309014 0.009178991 0.998073220 98.705619812
0.998205543 -0.005242265 -0.059585754 -5.981445789 0.004969894 0.999974787 -0.004719020 -5.122081757 0.059608836 0.004414431 0.998208642 99.319854736
0.998130262 -0.007458272 -0.060600299 -6.003301620 0.006858234 0.999923706 -0.010104273 -5.115562439 0.060670894 0.009669799 0.998107731 99.884620667
0.998270690 -0.004859756 -0.058514610 -6.040060997 0.004696790 0.999982953 -0.002922955 -5.167536259 0.058527656 0.002643073 0.998279095 100.349388123
0.998393774 -0.006775584 -0.056179415 -6.082192421 0.006292305 0.999940038 -0.008775543 -5.178702354 0.056235358 0.008407971 0.998379052 100.892127991
0.998389423 0.000705391 -0.056661807 -6.119441509 -0.001156332 0.999966204 -0.007926479 -5.237722397 0.056654178 0.007979241 0.998358905 101.453880310
0.998413324 0.001589396 -0.056220815 -6.155281067 -0.002228068 0.999931991 -0.011299607 -5.261100769 0.056198891 0.011406960 0.998351455 101.964172363
0.998432755 0.002040969 -0.055858351 -6.191918373 -0.002865018 0.999886215 -0.014676835 -5.283553600 0.055821918 0.014813895 0.998327792 102.467880249
0.998447180 0.001848980 -0.055607889 -6.224577427 -0.002766309 0.999859333 -0.016424395 -5.319487572 0.055569578 0.016552754 0.998314679 102.982383728
0.998456120 -0.001167585 -0.055468038 -6.253039360 0.000246040 0.999859810 -0.016618490 -5.338956833 0.055479553 0.016579213 0.998319268 103.466979980
0.998522341 -0.000384083 -0.054277305 -6.291674137 -0.000341377 0.999908566 -0.013356495 -5.367841244 0.054277383 0.013355298 0.998433709 103.966941833
0.998528540 -0.002323421 -0.054112330 -6.316529751 0.001818935 0.999952137 -0.009370985 -5.401583195 0.054131415 0.009258769 0.998488009 104.493896484
0.998518288 -0.005240735 -0.054100681 -6.343856335 0.004971201 0.999972165 -0.005116159 -5.442620754 0.054125898 0.004839618 0.998519540 105.013168335
0.998548985 -0.006223891 -0.053423014 -6.397279739 0.006091692 0.999975562 -0.002637823 -5.476069927 0.053438019 0.002308537 0.998565793 106.006942749
0.998544872 -0.007902070 -0.053278245 -6.471238136 0.007797231 0.999964893 -0.002176228 -5.530890465 0.053293440 0.001757616 0.998574734 107.033531189
0.998550892 -0.008603942 -0.053057220 -6.533794403 0.008476919 0.999958277 -0.002619462 -5.575329304 0.053077426 0.002165883 0.998585343 107.932632446
0.998540044 -0.010026308 -0.053010594 -6.589810371 0.009872209 0.999944091 -0.003168893 -5.619662762 0.053039275 0.002640916 0.998586178 108.794197083
0.998544335 -0.011977544 -0.052523669 -6.645223618 0.011761245 0.999918580 -0.004426256 -5.661723614 0.052572262 0.003802055 0.998607218 109.788818359
0.998553932 -0.012410882 -0.052242219 -6.672594070 0.012182057 0.999912381 -0.004697127 -5.696766853 0.052295804 0.004053900 0.998620450 110.313438416
0.998569071 -0.012000363 -0.052045908 -6.705675125 0.011761969 0.999916434 -0.004885206 -5.715986729 0.052100047 0.004266040 0.998629689 110.827697754
0.998566806 -0.012726563 -0.051918674 -6.735693932 0.012484333 0.999907196 -0.004988041 -5.742255688 0.051977202 0.004332709 0.998635709 111.348762512
0.998561502 -0.013031094 -0.051947448 -6.768121719 0.012781422 0.999902785 -0.005136415 -5.775813103 0.052009180 0.004465049 0.998633385 111.987663269
0.998536706 -0.014368378 -0.052072957 -6.801470757 0.014103327 0.999883294 -0.005454795 -5.797367573 0.052145127 0.004712395 0.998625219 112.510162354
0.998526096 -0.015001452 -0.052100480 -6.833875179 0.014709411 0.999871492 -0.005985249 -5.823912621 0.052183442 0.005210042 0.998620629 113.034965515
0.998517632 -0.015393238 -0.052145954 -6.862623692 0.015083685 0.999863982 -0.006325455 -5.850775242 0.052236099 0.005529510 0.998616219 113.551284790
0.998525858 -0.015388642 -0.051990837 -6.896195412 0.014996715 0.999853849 -0.007920979 -5.888497353 0.052105010 0.007129597 0.998612881 114.189399719
0.998531878 -0.017646978 -0.051152624 -6.938640118 0.017286692 0.999820173 -0.007478150 -5.941618919 0.051275268 0.006582894 0.998659670 114.731887817
0.998466313 -0.018216008 -0.052219946 -6.949545383 0.017625768 0.999773383 -0.011742220 -5.957768440 0.052421875 0.010803788 0.998563349 115.257148743
0.998385668 -0.021602361 -0.052468449 -6.975352287 0.020836111 0.999666512 -0.015108234 -5.982940674 0.052777190 0.013990612 0.998504877 115.786231995
0.998213530 -0.028467745 -0.052472435 -7.002083302 0.027502291 0.999438226 -0.019031471 -6.024934769 0.052984610 0.017554367 0.998437643 116.369888306
0.997978628 -0.038245611 -0.050692033 -7.062636852 0.037915811 0.999250650 -0.007452908 -6.124151707 0.050938956 0.005515784 0.998683333 116.862503052
0.998154759 -0.030271232 -0.052579645 -7.065592766 0.029326513 0.999393404 -0.018648162 -6.092530251 0.053112127 0.017071784 0.998439372 117.406631470
0.998193800 -0.028564181 -0.052794747 -7.093258858 0.027822761 0.999501884 -0.014726677 -6.121509075 0.053188968 0.013231178 0.998493552 117.919059753
0.998304188 -0.022011815 -0.053836059 -7.111268044 0.021641675 0.999735475 -0.007449891 -6.126270294 0.053985681 0.006272133 0.998518646 118.289123535
0.998318017 -0.020289361 -0.054252390 -7.150005341 0.020214839 0.999791145 -0.001923207 -6.172687531 0.054279953 0.000823236 0.998521864 118.830528259
0.998364806 -0.014629645 -0.055204011 -7.168621540 0.014170307 0.999858975 -0.008704082 -6.136710167 0.055323448 0.007907582 0.998433590 119.359298706
0.998344600 -0.016669283 -0.054992054 -7.214919567 0.016819568 0.999853313 0.002270041 -6.225503922 0.054946035 -0.003191264 0.998480678 119.878860474
0.998216867 -0.018190963 -0.056802657 -7.259542465 0.017735934 0.999803782 -0.008505738 -6.231832981 0.056946129 0.007483111 0.998345613 120.846420288
0.998334944 -0.015747933 -0.055439487 -7.363059998 0.015528020 0.999866962 -0.004396576 -6.329452991 0.055501230 0.003528364 0.998448789 122.096031189
0.998319983 -0.014976149 -0.055922560 -7.420870304 0.014498371 0.999851942 -0.008940776 -6.368633747 0.056048073 0.008114954 0.998391569 123.036109924
0.998401523 -0.013522386 -0.054822322 -7.492088795 0.012993463 0.999862611 -0.009994114 -6.423858166 0.054949820 0.009265799 0.998442650 123.849983215
0.998262525 -0.015159787 -0.056888606 -7.543612003 0.014536351 0.999826729 -0.011357903 -6.462778091 0.057050820 0.010511206 0.998312414 124.840774536
0.998241723 -0.015696526 -0.057108965 -7.586941719 0.015119944 0.999827147 -0.010515595 -6.499652386 0.057264045 0.009633608 0.998309016 125.382797241
0.998201013 -0.016184380 -0.057680734 -7.618633270 0.015641224 0.999825716 -0.009856921 -6.531667709 0.057830106 0.008936976 0.998282909 125.898979187
0.998181283 -0.017078942 -0.057766952 -7.650331974 0.016532961 0.999810815 -0.009917511 -6.558193684 0.057925291 0.008944398 0.998277307 126.431877136
0.998108506 -0.018752171 -0.058502786 -7.687781334 0.018198486 0.999781311 -0.009984001 -6.596928120 0.058677111 0.008900439 0.998233795 127.115669250
0.998116851 -0.018806830 -0.058343071 -7.726837158 0.018259834 0.999780953 -0.009895828 -6.627626419 0.058516286 0.008811841 0.998244047 127.652915955
0.998112023 -0.018455019 -0.058535866 -7.757101536 0.017942285 0.999792755 -0.009274183 -6.654320717 0.058694761 0.008206396 0.998238802 128.159637451
0.998103261 -0.018693419 -0.058609560 -7.790936947 0.018178523 0.999788284 -0.009307272 -6.680436134 0.058770992 0.008224171 0.998234272 128.674194336
0.997986615 -0.020962868 -0.059817884 -7.817533016 0.020426063 0.999742389 -0.009572639 -6.709897041 0.060003005 0.008331511 0.998160064 129.268325806
0.998032093 -0.021566695 -0.058835551 -7.872730732 0.021063112 0.999733031 -0.009167257 -6.751049995 0.059017401 0.007909944 0.998222411 129.827026367
0.997859061 -0.024007309 -0.060793117 -7.875198841 0.023534214 0.999683797 -0.008487576 -6.764577866 0.060977519 0.007038671 0.998111129 130.327056885
0.997814834 -0.024152474 -0.061458435 -7.913002968 0.023815760 0.999693990 -0.006206754 -6.807871819 0.061589397 0.004729493 0.998087049 130.864761353
0.997689605 -0.024767984 -0.063224487 -7.976746082 0.024514399 0.999684989 -0.004784899 -6.848640919 0.063322961 0.003223912 0.997984588 131.837417603
0.997628927 -0.025782840 -0.063775912 -8.058094978 0.025538407 0.999660134 -0.004646399 -6.901181221 0.063873887 0.003006623 0.997950137 132.751937866
0.997589469 -0.025270611 -0.064590894 -8.102126122 0.024992839 0.999671757 -0.005106453 -6.941428661 0.064698584 0.003479813 0.997895479 133.455596924
0.997563541 -0.025190419 -0.065022513 -8.142130852 0.024806447 0.999666989 -0.006707336 -6.979378700 0.065169670 0.005077997 0.997858047 134.007766724
0.997467875 -0.025664186 -0.066294812 -8.195971489 0.025167553 0.999645889 -0.008317055 -7.017373085 0.066484593 0.006627501 0.997762322 134.738754272
0.997412384 -0.026060246 -0.066972591 -8.250600815 0.025627503 0.999641955 -0.007314033 -7.071936607 0.067139030 0.005578749 0.997725010 135.442092896
0.997400939 -0.025196025 -0.067473784 -8.292108536 0.024714043 0.999659836 -0.007969932 -7.087412834 0.067651473 0.006281649 0.997686267 135.980850220
0.997393668 -0.024214538 -0.067939103 -8.333028793 0.023828151 0.999691963 -0.006493369 -7.120133877 0.068075262 0.004857558 0.997665346 136.518722534
0.997355819 -0.022493180 -0.069077596 -8.390475273 0.022150548 0.999735296 -0.005723602 -7.161419868 0.069187887 0.004178337 0.997591913 137.235443115
0.997290134 -0.021949906 -0.070190117 -8.438741684 0.021596590 0.999746919 -0.005790015 -7.195205212 0.070299283 0.004258433 0.997513890 137.895675659
0.997233450 -0.021727851 -0.071057171 -8.484703064 0.021369105 0.999751687 -0.005806362 -7.226254940 0.071165547 0.004271846 0.997452378 138.447113037
0.997178972 -0.020759139 -0.072102852 -8.523894310 0.020447681 0.999774992 -0.005056449 -7.256729126 0.072191477 0.003567820 0.997381210 138.958419800
0.996926904 -0.021067016 -0.075422227 -8.586692810 0.020806996 0.999771357 -0.004232883 -7.292227745 0.075494029 0.002650536 0.997139454 139.677947998
0.996714592 -0.020982960 -0.078201711 -8.637964249 0.020798858 0.999775410 -0.003169141 -7.327364922 0.078250527 0.001532190 0.996929228 140.324340820
0.996509373 -0.021003321 -0.080770135 -8.682374954 0.020920414 0.999776125 -0.001873821 -7.356400013 0.080791362 0.000177501 0.996727765 140.849761963
0.996275723 -0.021392474 -0.083502918 -8.729880333 0.021430193 0.999766767 -0.000445780 -7.384605408 0.083493002 -0.001345403 0.996504188 141.392776489
0.995964289 -0.021366872 -0.087145537 -8.794513702 0.021501074 0.999765038 0.000600453 -7.419177055 0.087112263 -0.002471794 0.996192217 142.020126343
0.995763958 -0.019673968 -0.089791544 -8.862039566 0.019864017 0.999798357 0.001222313 -7.458848000 0.089749418 -0.003000799 0.995956421 142.673767090
0.995481014 -0.020040855 -0.092797175 -8.920352936 0.020291463 0.999789059 0.001756719 -7.487613678 0.092742451 -0.003631816 0.995680094 143.243591309
0.995222986 -0.019845570 -0.095565423 -8.973437309 0.020124922 0.999792039 0.001959089 -7.514353752 0.095506705 -0.003873023 0.995417774 143.791610718
0.994833708 -0.020515982 -0.099399023 -9.054529190 0.020804951 0.999778330 0.001870277 -7.545183182 0.099338643 -0.003928651 0.995042384 144.406387329
0.994591177 -0.019860590 -0.101927795 -9.107206345 0.020056745 0.999794841 0.000898800 -7.570053101 0.101889096 -0.002938317 0.994787931 144.891845703
0.994271994 -0.020971483 -0.104778633 -9.152727127 0.021022668 0.999775171 -0.000616915 -7.605774879 0.104768105 -0.001589385 0.994491875 145.342239380
0.993864536 -0.023557512 -0.108044513 -9.265233994 0.023321602 0.999718308 -0.003447623 -7.645081043 0.108095400 0.000906667 0.994136751 146.173019409
0.993677020 -0.024248218 -0.109606333 -9.337305069 0.023254579 0.999672234 -0.010335892 -7.641771317 0.109821133 0.007721676 0.993918061 146.800048828
0.993311584 -0.025035601 -0.112697266 -9.387096405 0.024534477 0.999678075 -0.005832452 -7.705110550 0.112807140 0.003028448 0.993609011 147.236129761
0.993037283 -0.025479699 -0.114989392 -9.441691399 0.024978282 0.999667168 -0.005800401 -7.737556458 0.115099028 0.002887754 0.993346453 147.714309692
0.992674053 -0.025242584 -0.118134350 -9.529307365 0.024759289 0.999674022 -0.005557893 -7.775637150 0.118236244 0.002592229 0.992978871 148.327133179
0.992417216 -0.024651697 -0.120395854 -9.602656364 0.024099041 0.999687314 -0.006045194 -7.804785252 0.120507345 0.003097909 0.992704332 148.907928467
0.992149353 -0.024561642 -0.122600988 -9.664364815 0.023946635 0.999687970 -0.006488342 -7.834867477 0.122722231 0.003501504 0.992431641 149.395721436
0.991869330 -0.024051823 -0.124945074 -9.725763321 0.023418991 0.999700129 -0.006532210 -7.864271641 0.125064880 0.003552992 0.992139101 149.859634399
0.991562784 -0.023874732 -0.127388641 -9.840236664 0.022616325 0.999675810 -0.011316729 -7.874933243 0.127617657 0.008340178 0.991785169 150.565383911
0.991272867 -0.023467198 -0.129701227 -9.895221710 0.022717534 0.999711215 -0.007257437 -7.929106712 0.129834160 0.004247591 0.991523564 151.008422852
0.991111457 -0.022982331 -0.131014690 -9.955761909 0.022276685 0.999723732 -0.006850084 -7.955410480 0.131136045 0.003870605 0.991353691 151.459014893
0.991017759 -0.021101331 -0.132035524 -10.019514084 0.020339504 0.999763072 -0.007116840 -7.985884190 0.132154509 0.004367361 0.991216362 151.902664185
0.990891695 -0.018883515 -0.133310422 -10.125728607 0.017885655 0.999797702 -0.008679733 -8.020260811 0.133447513 0.006216320 0.991033256 152.517318726
0.990796387 -0.017893137 -0.134153441 -10.189291000 0.016768018 0.999809384 -0.009512959 -8.047134399 0.134298280 0.007175909 0.990911782 152.967727661
