1.000000000 -0.000000000 0.000000000 0.000000000 -0.000000000 1.000000000 -0.000000004 0.000000000 0.000000000 -0.000000004 1.000000000 0.000000000
0.999997914 -0.001395090 -0.001490260 -0.017182501 0.001393676 0.999998569 -0.000949326 -0.023146344 0.001491582 0.000947239 0.999998450 0.658727288
0.999977052 -0.001247065 -0.006655551 -0.017447280 0.001230592 0.999996185 -0.002478620 -0.023792470 0.006658616 0.002470365 0.999974787 1.364751220
0.999941349 -0.001034099 -0.010782213 -0.020577658 0.001000758 0.999994695 -0.003097144 -0.024723750 0.010785359 0.003086163 0.999937057 2.086620092
0.999877274 0.000338759 -0.015662069 -0.052338917 -0.000416458 0.999987543 -0.004957942 -0.036646929 0.015660195 0.004963852 0.999865055 2.835782290
0.999796152 -0.000643093 -0.020181516 -0.065530404 0.000547084 0.999988437 -0.004762422 -0.052111875 0.020184349 0.004750406 0.999785006 3.577868938
0.999697447 0.000480537 -0.024594376 -0.092871077 -0.000618548 0.999983966 -0.005604245 -0.064563215 0.024591293 0.005617756 0.999681830 4.336569786
0.999560297 0.003850394 -0.029401515 -0.127092898 -0.004034807 0.999972522 -0.006215517 -0.080322236 0.029376775 0.006331411 0.999548376 5.114829540
0.999403238 0.005114046 -0.034165304 -0.150871322 -0.005290793 0.999972939 -0.005084950 -0.084090151 0.034138381 0.005262674 0.999403179 5.908142567
0.999229729 0.005893155 -0.038799725 -0.175425887 -0.005980672 0.999979913 -0.002139923 -0.096037127 0.038786337 0.002370316 0.999244690 6.709369659
0.999118745 0.003658911 -0.041813247 -0.222744852 -0.003651808 0.999993384 0.000246285 -0.098316789 0.041813865 -0.000093380 0.999125481 7.519307137
0.998996198 0.003792895 -0.044637479 -0.265434086 -0.003787649 0.999992907 0.000202146 -0.111133009 0.044637915 -0.000032878 0.999003410 8.330820084
0.998908043 0.004050866 -0.046540160 -0.325460851 -0.004078696 0.999991715 -0.000503063 -0.124500237 0.046537712 0.000692332 0.998916566 9.158064842
0.998818278 0.002203214 -0.048549742 -0.358000278 -0.002242374 0.999997079 -0.000752139 -0.150806934 0.048547953 0.000860112 0.998820424 9.997884750
0.998714685 0.002207535 -0.050635591 -0.407090724 -0.002227402 0.999997318 -0.000335940 -0.156985641 0.050634723 0.000448289 0.998717070 10.844377518
0.998639822 -0.000549222 -0.052135333 -0.453967154 0.000524355 0.999999583 -0.000490665 -0.176125139 0.052135602 0.000462656 0.998639941 11.699669838
0.998554111 0.001811807 -0.053724702 -0.518132746 -0.001962412 0.999994099 -0.002750686 -0.194427684 0.053719439 0.002852135 0.998551965 12.562763214
0.998464704 0.002257865 -0.055344626 -0.557368636 -0.002534233 0.999984503 -0.004924020 -0.192959726 0.055332713 0.005056711 0.998455167 13.429424286
0.998373508 0.005963184 -0.056699254 -0.626122952 -0.006331131 0.999960005 -0.006312054 -0.203666329 0.056659341 0.006660753 0.998371422 14.305027962
0.998295307 0.006565751 -0.057995886 -0.677494884 -0.006953646 0.999954641 -0.006489074 -0.218701482 0.057950661 0.006881290 0.998295844 15.192602158
0.998220146 0.006318090 -0.059302017 -0.739746213 -0.006625309 0.999965489 -0.004985412 -0.236860335 0.059268475 0.005369426 0.998227775 16.086717606
0.998125553 0.006072374 -0.060899924 -0.787644684 -0.006325756 0.999971986 -0.003968739 -0.256256849 0.060874119 0.004346531 0.998136103 17.000831604
0.998068452 0.006557820 -0.061780412 -0.849688649 -0.006757772 0.999972224 -0.003028227 -0.277356207 0.061758846 0.003439864 0.998085558 17.918773651
0.997989833 0.006107158 -0.063078076 -0.926944971 -0.006366365 0.999972045 -0.003909141 -0.286537975 0.063052431 0.004302858 0.998001039 18.817577362
0.997924149 0.005609190 -0.064155407 -0.982754767 -0.005905829 0.999972701 -0.004435068 -0.310247272 0.064128757 0.004804747 0.997930229 19.751409531
0.997874677 0.005365939 -0.064940065 -1.036132812 -0.005577359 0.999979675 -0.003074770 -0.321685612 0.064922243 0.003430424 0.997884631 20.668638229
0.997887075 0.005544625 -0.064734243 -1.098165989 -0.005509487 0.999984503 0.000721318 -0.331720203 0.064737253 -0.000363145 0.997902215 21.585638046
0.997947812 0.006657078 -0.063684896 -1.177489281 -0.006368917 0.999968529 0.004726747 -0.342529058 0.063714363 -0.004311448 0.997958720 22.543525696
0.998030543 0.006075610 -0.062433891 -1.229933500 -0.005637801 0.999958217 0.007186141 -0.355665922 0.062474914 -0.006820003 0.998023152 23.480583191
0.998142540 0.005109306 -0.060708269 -1.300541282 -0.004646008 0.999958873 0.007770250 -0.362253010 0.060745478 -0.007473771 0.998125315 24.411407471
0.998207629 0.005657318 -0.059580944 -1.352707028 -0.005356356 0.999971867 0.005209828 -0.372373015 0.059608750 -0.004881359 0.998209894 25.376974106
0.998251736 0.008947402 -0.058426496 -1.421045780 -0.008919792 0.999959826 0.000733377 -0.395585746 0.058430709 -0.000210949 0.998291492 26.317731857
0.998332977 0.007925391 -0.057176650 -1.485978365 -0.008082862 0.999963820 -0.002523290 -0.403363794 0.057154592 0.002981224 0.998360872 27.279787064
0.998397768 0.004512991 -0.056403961 -1.531775713 -0.004605212 0.999988198 -0.001505129 -0.420645624 0.056396499 0.001762461 0.998406947 28.248390198
0.998399138 0.000647972 -0.056555379 -1.589988589 -0.000480898 0.999995351 0.002967747 -0.421506077 0.056557041 -0.002935809 0.998395085 29.217510223
0.998339355 -0.001771872 -0.057574846 -1.638257980 0.002181314 0.999972761 0.007049371 -0.436493039 0.057560757 -0.007163262 0.998316348 30.206439972
0.998211503 -0.010756167 -0.058805220 -1.688760161 0.011158288 0.999916613 0.006514088 -0.450605124 0.058730241 -0.007158609 0.998248160 31.205017090
0.998143196 -0.010975586 -0.059914134 -1.751908898 0.011155231 0.999934435 0.002664819 -0.460557729 0.059880931 -0.003328236 0.998199880 32.197135925
0.998060703 -0.008392969 -0.061680317 -1.816717982 0.008322088 0.999964416 -0.001405995 -0.480826735 0.061689921 0.000889954 0.998094916 33.173339844
0.997952878 -0.008925824 -0.063326247 -1.889408827 0.008794617 0.999958575 -0.002350397 -0.482632160 0.063344598 0.001788651 0.997990072 34.163238525
0.998157620 -0.010626385 -0.059734914 -1.948110580 0.010630524 0.999943435 -0.000248567 -0.505014122 0.059734147 -0.000386907 0.998214066 35.171173096
0.998104990 -0.008405440 -0.060955659 -2.018162727 0.008599035 0.999958754 0.002914359 -0.509578288 0.060928646 -0.003433001 0.998136163 36.153816223
0.997757494 -0.005739307 -0.066684842 -2.098233461 0.005983981 0.999975979 0.003469962 -0.530831873 0.066663302 -0.003861226 0.997767985 37.186100006
0.997963727 -0.005153993 -0.063573197 -2.168925047 0.005643322 0.999956131 0.007520001 -0.541816294 0.063531630 -0.007863457 0.997948766 38.169128418
0.997959733 -0.005072255 -0.063645676 -2.230552197 0.005764453 0.999926090 0.010696894 -0.561151385 0.063586712 -0.011041954 0.997915149 39.180744171
0.997931123 0.000318786 -0.064292416 -2.308652878 0.000509358 0.999917030 0.012864077 -0.557194114 0.064291179 -0.012870209 0.997848094 40.204643250
0.997691751 0.000416221 -0.067903481 -2.392020226 0.000349170 0.999936283 0.011259492 -0.565300345 0.067903832 -0.011257205 0.997628212 41.174835205
0.997686028 0.000487001 -0.067988493 -2.466772795 0.000173735 0.999952734 0.009712099 -0.578534722 0.067989983 -0.009701442 0.997638881 42.172824860
0.997689843 0.003500114 -0.067842700 -2.533365726 -0.003047216 0.999972343 0.006778048 -0.585722089 0.067864507 -0.006555659 0.997673094 43.183544159
0.997625828 0.003733940 -0.068765521 -2.609633923 -0.003242814 0.999968469 0.007252294 -0.595500827 0.068790391 -0.007012081 0.997606635 44.156806946
0.997550130 0.000708090 -0.069952361 -2.684254646 -0.000097478 0.999961793 0.008732030 -0.606891394 0.069955811 -0.008703815 0.997512519 45.144878387
0.997489035 0.000695843 -0.070816562 -2.759088993 -0.000015445 0.999953806 0.009607987 -0.608739316 0.070819989 -0.009582774 0.997443020 46.154438019
0.997482300 0.002677352 -0.070863016 -2.830417633 -0.002165665 0.999971032 0.007296637 -0.635314107 0.070880488 -0.007124807 0.997459292 47.105518341
0.997393489 0.004952942 -0.071983948 -2.909486771 -0.004833304 0.999986649 0.001836092 -0.640227675 0.071992069 -0.001483389 0.997404099 48.116405487
0.997371495 0.005049258 -0.072278194 -2.990859270 -0.005002365 0.999987304 0.000829796 -0.654394388 0.072281450 -0.000466052 0.997384131 49.087295532
0.997352421 0.004125189 -0.072603151 -3.056419134 -0.003855555 0.999985278 0.003853598 -0.661539078 0.072617978 -0.003563473 0.997353435 50.059593201
0.997345686 -0.000696704 -0.072810397 -3.128441095 0.001269556 0.999968886 0.007821764 -0.682703078 0.072802678 -0.007893440 0.997315109 51.065711975
0.997333407 -0.000307917 -0.072982788 -3.202870607 0.000900159 0.999967158 0.008082110 -0.692664623 0.072977901 -0.008126253 0.997300386 52.005508423
0.997320175 -0.003685195 -0.073074132 -3.272478104 0.004211284 0.999966502 0.007046678 -0.707049608 0.073045760 -0.007335527 0.997301400 52.964038849
0.997277796 -0.005816082 -0.073504001 -3.340461969 0.006242911 0.999964893 0.005578468 -0.725047708 0.073468983 -0.006022166 0.997279346 53.957279205
0.997189820 -0.005455546 -0.074715242 -3.412551880 0.005990923 0.999957800 0.006943315 -0.736498296 0.074674219 -0.007371422 0.997180760 54.888484955
0.997080207 -0.009712186 -0.075738177 -3.488532543 0.010580108 0.999882519 0.011066622 -0.742133975 0.075621843 -0.011835638 0.997066200 55.860164642
0.996957719 -0.014549445 -0.076573931 -3.558203697 0.015813485 0.999748051 0.015927035 -0.744405687 0.076322928 -0.017089490 0.996936738 56.813659668
0.996934056 -0.013156066 -0.077131040 -3.631084919 0.014570429 0.999735355 0.017803140 -0.736425519 0.076876409 -0.018872399 0.996861994 57.761577606
0.996858776 -0.012597583 -0.078189872 -3.717409134 0.013785237 0.999797344 0.014668213 -0.748599827 0.077989250 -0.015700012 0.996830523 58.707195282
0.996798635 -0.007162573 -0.079629183 -3.800827503 0.007761261 0.999943852 0.007211480 -0.764531612 0.079573058 -0.007806437 0.996798396 59.618579865
0.996758938 -0.006195520 -0.080208473 -3.878633976 0.006375485 0.999977648 0.001987819 -0.786477327 0.080194369 -0.002492747 0.996776104 60.534652710
0.996682167 -0.000338895 -0.081391886 -3.969801426 0.000517917 0.999997497 0.002178409 -0.790175438 0.081390932 -0.002213340 0.996679842 61.458042145
0.996616721 0.001806125 -0.082169414 -4.047806740 -0.001404666 0.999986768 0.004943309 -0.807803988 0.082177259 -0.004811169 0.996606112 62.336101532
0.996504247 0.003502443 -0.083468981 -4.128261566 -0.002930009 0.999971151 0.006979580 -0.815711558 0.083491102 -0.006710616 0.996486008 63.223262787
0.996409059 0.004987647 -0.084521949 -4.198587418 -0.004434769 0.999967396 0.006727727 -0.832511067 0.084552787 -0.006328736 0.996398985 64.112144470
0.996278763 0.006149133 -0.085969456 -4.287417412 -0.005537602 0.999957502 0.007350025 -0.839664221 0.086011000 -0.006846613 0.996270776 64.945938110
0.996165395 0.006218915 -0.087266408 -4.367499352 -0.005549245 0.999952912 0.007914403 -0.850118399 0.087311558 -0.007399802 0.996153533 65.793060303
0.996034920 0.006401667 -0.088732392 -4.447002411 -0.005667480 0.999947488 0.008523603 -0.866037071 0.088782310 -0.007986923 0.996019006 66.606445312
0.995911956 0.006892100 -0.090066336 -4.518918037 -0.006043490 0.999934554 0.009691284 -0.873386383 0.090127230 -0.009107355 0.995888650 67.426788330
0.995784998 0.009491292 -0.091225572 -4.597527027 -0.008381936 0.999886215 0.012535985 -0.880168915 0.091334179 -0.011718506 0.995751321 68.251510620
0.995680690 0.010661704 -0.092230529 -4.668272018 -0.009222512 0.999829113 0.016016424 -0.875972033 0.092385538 -0.015096653 0.995608866 69.017921448
0.995476782 0.013285467 -0.094070874 -4.765243530 -0.011598778 0.999762535 0.018454110 -0.890762091 0.094293691 -0.017279541 0.995394230 69.787300110
0.995337248 0.016085360 -0.095105797 -4.839093685 -0.014663497 0.999770224 0.015630374 -0.908834577 0.095335394 -0.014162915 0.995344460 70.549102783
0.995174766 0.017054476 -0.096625850 -4.921607971 -0.016433375 0.999838650 0.007220002 -0.910261035 0.096733481 -0.005597272 0.995294631 71.262260437
0.995064974 0.015561496 -0.097996131 -4.991466999 -0.015501998 0.999878645 0.001368539 -0.922832012 0.098005563 0.000157346 0.995185852 71.987434387
0.994985938 0.017130747 -0.098533645 -5.065755844 -0.017215049 0.999851465 -0.000005378 -0.923702478 0.098518923 0.001701610 0.995133698 72.664566040
0.994900048 0.019296879 -0.099002771 -5.135048866 -0.019134121 0.999813557 0.002593277 -0.932555914 0.099034362 -0.000685725 0.995083809 73.341445923
0.994757771 0.019549694 -0.100373693 -5.220472336 -0.019033099 0.999800205 0.006101912 -0.956634104 0.100472979 -0.004159507 0.994931221 74.004707336
0.994692326 0.017336061 -0.101421751 -5.290455818 -0.017172771 0.999849379 0.002482926 -0.973958611 0.101449519 -0.000728059 0.994840503 74.630340576
0.994820178 0.008906615 -0.101258509 -5.336352348 -0.009200580 0.999954700 -0.002436484 -0.990397811 0.101232208 0.003355496 0.994857252 75.235458374
0.994956434 0.004218022 -0.100219689 -5.401997566 -0.004962299 0.999961972 -0.007178382 -1.006010771 0.100185595 0.007639493 0.994939446 75.829048157
0.995253563 0.006162288 -0.097121440 -5.458784580 -0.006969855 0.999943972 -0.007978053 -1.011613131 0.097066820 0.008617103 0.995240688 76.406135559
0.995574653 0.012076358 -0.093196884 -5.523517609 -0.012632884 0.999905765 -0.005383930 -1.020059228 0.093123078 0.006537443 0.995633245 76.979660034
0.996027946 0.010808728 -0.088388197 -5.566059113 -0.010987928 0.999938786 -0.001541205 -1.033802748 0.088366061 0.002506278 0.996085346 77.562461853
0.996519864 0.007579041 -0.083010145 -5.603924274 -0.007391939 0.999969363 0.002561038 -1.046298504 0.083026998 -0.001938525 0.996545613 78.096885681
0.997208297 0.001554267 -0.074654520 -5.628304482 -0.001095580 0.999980211 0.006184651 -1.065398574 0.074662626 -0.006085602 0.997190416 78.645278931
0.997924089 0.004699043 -0.064230196 -5.664745808 -0.004309650 0.999971509 0.006199607 -1.075094581 0.064257480 -0.005909933 0.997915924 79.140167236
0.998736322 0.010305053 -0.049186520 -5.692713737 -0.010034519 0.999933243 0.005743872 -1.081820965 0.049242377 -0.005243058 0.998773217 79.646957397
0.999394476 0.016169790 -0.030804783 -5.711644650 -0.015984967 0.999852836 0.006236614 -1.088636279 0.030901045 -0.005740433 0.999506056 80.140785217
0.999849260 0.014915382 -0.008880883 -5.691180706 -0.014860195 0.999870002 0.006247711 -1.098201275 0.008972868 -0.006114803 0.999941111 80.602569580
0.999807477 0.009572536 0.017126411 -5.671164036 -0.009701370 0.999925077 0.007455444 -1.110913277 -0.017053813 -0.007620164 0.999825656 81.083793640
0.998892128 0.008354753 0.046309728 -5.616180420 -0.008800508 0.999916673 0.009429920 -1.110607624 -0.046227157 -0.009827026 0.998882532 81.526733398
0.996824384 0.008107897 0.079217419 -5.550645351 -0.009019024 0.999897242 0.011150598 -1.117028236 -0.079118878 -0.011829657 0.996794999 81.971527100
0.993105769 0.007875811 0.116956547 -5.487342834 -0.009199217 0.999899626 0.010779890 -1.119543076 -0.116859898 -0.011781484 0.993078649 82.435340881
0.987348855 0.007541684 0.158383101 -5.408342361 -0.009403354 0.999895215 0.011008102 -1.128406525 -0.158283487 -0.012358172 0.987316489 82.836814880
0.979003787 0.007170472 0.203715965 -5.299713135 -0.009594956 0.999894381 0.010916100 -1.127372503 -0.203616172 -0.012641549 0.978969336 83.244575500
0.967613339 0.007527396 0.252324641 -5.152284622 -0.010230379 0.999903440 0.009402098 -1.123764634 -0.252229482 -0.011678973 0.967597246 83.689636230
0.952243745 0.007719914 0.305240721 -5.015174866 -0.010548860 0.999915361 0.007619644 -1.143325329 -0.305156052 -0.010475706 0.952244997 84.032730103
0.932803035 0.007778587 0.360302150 -4.794071198 -0.010415001 0.999931216 0.005376305 -1.147760868 -0.360235661 -0.008767586 0.932820439 84.464706421
0.908723891 0.007898171 0.417322516 -4.630084991 -0.010302869 0.999940813 0.003509914 -1.154200315 -0.417270154 -0.007489167 0.908751965 84.765403748
0.880116642 0.007719266 0.474694252 -4.410213470 -0.009588950 0.999953032 0.001517816 -1.141782761 -0.474660277 -0.005887680 0.880149722 85.090339661
0.847186327 0.007111684 0.531247377 -4.085887909 -0.007941120 0.999968410 -0.000722520 -1.172749877 -0.531235933 -0.003606597 0.847217023 85.444152832
0.810581505 0.006606134 0.585588515 -3.873359680 -0.006565764 0.999975979 -0.002192475 -1.176940322 -0.585588932 -0.002067662 0.810605645 85.678344727
0.771065116 0.006235268 0.636725724 -3.543647766 -0.006477480 0.999977171 -0.001948351 -1.204966664 -0.636723220 -0.002622079 0.771088064 86.010528564
0.728459954 0.005604033 0.685065627 -3.300605774 -0.007197262 0.999973893 -0.000526914 -1.198326826 -0.685050607 -0.004546766 0.728481531 86.192642212
0.683413863 0.003613287 0.730022252 -2.991149902 -0.005658748 0.999983907 0.000347990 -1.193737984 -0.730009198 -0.004368840 0.683423519 86.411239624
0.637017965 0.001197044 0.770847976 -2.615798950 -0.002011645 0.999997973 0.000109512 -1.197957516 -0.770846128 -0.001620442 0.637019396 86.691146851
0.590341568 -0.000991755 0.807152867 -2.331726074 0.002641705 0.999996305 -0.000703401 -1.243129849 -0.807148993 0.002547497 0.590342402 86.807312012
0.543757558 0.000557440 0.839242220 -1.972099304 0.001478777 0.999997616 -0.001622334 -1.236492038 -0.839240789 0.002123201 0.543755949 87.032066345
0.496534467 0.002660775 0.868013024 -1.672069550 -0.001218688 0.999996424 -0.002368214 -1.220094681 -0.868015945 0.000118056 0.496536493 87.124954224
0.450869381 0.003991136 0.892580986 -1.312507629 -0.002161125 0.999992013 -0.003379764 -1.226063251 -0.892587185 -0.000405154 0.450874805 87.266120911
0.408330560 0.002652064 0.912830174 -0.915321350 0.005080932 0.999973714 -0.005178058 -1.225333810 -0.912819803 0.006752382 0.408306867 87.428726196
0.369009644 -0.005575052 0.929408908 -0.585033417 0.018843984 0.999821305 -0.001484330 -1.266851068 -0.929234505 0.018061489 0.369049221 87.478942871
0.333511233 -0.010328717 0.942689538 -0.224565506 0.024949700 0.999686718 0.002126350 -1.254281640 -0.942415953 0.022810631 0.333665133 87.591247559
0.300075591 -0.006401345 0.953894079 0.170389175 0.022271521 0.999751866 -0.000297079 -1.261626482 -0.953655541 0.021333810 0.300143749 87.695999146
0.269116402 0.001679332 0.963106155 0.500823975 0.011188377 0.999925494 -0.004869851 -1.253752947 -0.963042736 0.012086149 0.269077599 87.787261963
0.240593240 0.006442654 0.970604599 0.899078369 0.005845046 0.999950051 -0.008086309 -1.252042770 -0.970608592 0.007618731 0.240543544 87.868927002
0.214488566 0.008139960 0.976692617 1.309551239 0.007345273 0.999923468 -0.009946642 -1.276641011 -0.976698995 0.009307513 0.214412391 87.933082581
0.191114336 0.009007635 0.981526494 1.705837250 0.014398607 0.999824524 -0.011979130 -1.289116621 -0.981462419 0.016421992 0.190951109 87.989341736
0.170655370 0.014705929 0.985221028 2.090369225 0.021782134 0.999587953 -0.018693374 -1.305371284 -0.985090196 0.024650339 0.170264676 88.040870667
0.151071489 0.021717822 0.988284051 2.541449547 0.022553658 0.999422550 -0.025410179 -1.303470373 -0.988265872 0.026128193 0.150494307 88.093673706
0.133367941 0.022726700 0.990805984 2.967005730 0.020354714 0.999463260 -0.025665132 -1.315458179 -0.990857542 0.023590481 0.132833779 88.151794434
0.117904626 0.018883459 0.992845476 3.414478302 0.019254621 0.999587655 -0.021298263 -1.333833814 -0.992838144 0.021628032 0.117492422 88.200813293
0.102967799 0.015439437 0.994564891 3.897696495 0.019629335 0.999653161 -0.017550662 -1.351996660 -0.994490981 0.021329802 0.102629021 88.236740112
0.089768477 0.013008200 0.995877802 4.385342598 0.021883383 0.999647617 -0.015030002 -1.361539125 -0.995722234 0.023142384 0.089452147 88.281944275
0.078016661 0.012112904 0.996878445 4.882674694 0.026307976 0.999552846 -0.014204288 -1.379068375 -0.996605039 0.027334018 0.077663094 88.301231384
0.067772210 0.012587115 0.997621417 5.397014141 0.029026721 0.999472201 -0.014582362 -1.393735409 -0.997278631 0.029945947 0.067371070 88.330635071
0.059848949 0.012780115 0.998125613 5.935439110 0.030786535 0.999418616 -0.014642674 -1.407841921 -0.997732699 0.031605173 0.059420705 88.350181580
0.053845800 0.013308778 0.998460591 6.478555679 0.033022583 0.999340355 -0.015101377 -1.415387154 -0.998003185 0.033784889 0.053370789 88.381622314
0.048274960 0.014023043 0.998735547 7.029073238 0.033406548 0.999319196 -0.015645977 -1.426975608 -0.998275518 0.034119625 0.047773637 88.418785095
0.042392302 0.014801281 0.998991311 7.618281841 0.034256250 0.999280691 -0.016259236 -1.440324903 -0.998513579 0.034910969 0.041854776 88.430595398
0.038127676 0.014755869 0.999163806 8.213291168 0.036856983 0.999189675 -0.016162695 -1.454584599 -0.998592854 0.037442416 0.037552923 88.452239990
0.035129678 0.014303981 0.999280214 8.836853027 0.037819352 0.999162138 -0.015631821 -1.468873978 -0.998666763 0.038341269 0.034559261 88.485198975
0.032019261 0.013906011 0.999390483 9.482585907 0.038479351 0.999144793 -0.015135421 -1.482930422 -0.998746276 0.038940527 0.031456780 88.502166748
0.029765483 0.013570398 0.999464750 10.150919914 0.040843405 0.999056280 -0.014781222 -1.496154308 -0.998722136 0.041261520 0.029183110 88.517127991
0.028896103 0.013315885 0.999493659 10.822319031 0.044797804 0.998889327 -0.014602967 -1.517288208 -0.998578012 0.045197092 0.028267484 88.526855469
0.029654248 0.013135196 0.999473810 11.516723633 0.047861367 0.998748004 -0.014545692 -1.535794854 -0.998413682 0.048267536 0.028988454 88.545402527
0.032197125 0.012883668 0.999398112 12.234557152 0.050367497 0.998625398 -0.014496353 -1.543614864 -0.998211384 0.050803944 0.031503949 88.576942444
0.035803627 0.012983263 0.999274433 12.968962669 0.051267322 0.998575032 -0.014811064 -1.562370420 -0.998042941 0.051760409 0.035086993 88.608520508
0.039973844 0.012860056 0.999118030 13.706344604 0.052236639 0.998522818 -0.014942341 -1.580596805 -0.997834444 0.052787855 0.039243031 88.642776489
0.044105474 0.010649084 0.998970151 14.472263336 0.053927176 0.998459816 -0.013024583 -1.598548174 -0.997570395 0.054446075 0.043463275 88.674476624
0.048174616 0.009012143 0.998798549 15.243017197 0.053410958 0.998505473 -0.011585650 -1.618915319 -0.997409999 0.053904876 0.047621280 88.713165283
0.052198008 0.007398962 0.998609364 16.018339157 0.050619513 0.998667538 -0.010045308 -1.633359313 -0.997353017 0.051073458 0.051753934 88.760078430
0.056444146 0.006390786 0.998385370 16.823509216 0.048707895 0.998771191 -0.009146978 -1.649178982 -0.997216880 0.049145527 0.056063518 88.813568115
0.060377497 0.007164306 0.998149931 17.631984711 0.046490487 0.998868883 -0.009981651 -1.670693755 -0.997092247 0.047007140 0.059976146 88.867828369
0.063499607 0.010428546 0.997927368 18.439737320 0.045906138 0.998856306 -0.013359332 -1.695067167 -0.996925294 0.046659283 0.062948294 88.939193726
0.065579839 0.014941087 0.997735381 19.255437851 0.042298120 0.998947561 -0.017739436 -1.712052464 -0.996950448 0.043365676 0.064878851 89.011604309
0.065303147 0.018682031 0.997690558 20.072124481 0.037778925 0.999061704 -0.021180496 -1.744516850 -0.997150183 0.039074827 0.064536102 89.066101074
0.065570034 0.018587191 0.997674823 20.906904221 0.035928842 0.999134183 -0.020975724 -1.767274499 -0.997201204 0.037220672 0.064845458 89.130714417
0.065467454 0.016982350 0.997710168 21.732730865 0.033706646 0.999247015 -0.019220255 -1.799555779 -0.997285426 0.034887746 0.064845733 89.193450928
0.065180600 0.015626291 0.997751057 22.550933838 0.033373728 0.999283731 -0.017830510 -1.829884529 -0.997315586 0.034460880 0.064612418 89.229797363
0.065437086 0.014996642 0.997743905 23.371013641 0.031056460 0.999372005 -0.017057950 -1.858516693 -0.997373164 0.032102622 0.064930253 89.294433594
0.065668181 0.014790191 0.997731864 24.188398361 0.029848292 0.999413431 -0.016779652 -1.887459278 -0.997394860 0.030882489 0.065188199 89.348388672
0.065796196 0.015688989 0.997709572 25.003196716 0.026813399 0.999487340 -0.017485199 -1.915883541 -0.997472644 0.027902456 0.065341793 89.412681580
0.064680241 0.016901055 0.997762680 25.821044922 0.023297265 0.999558449 -0.018441707 -1.948618293 -0.997633815 0.024437966 0.064257927 89.473869324
0.061845884 0.016781162 0.997944355 26.641105652 0.020843102 0.999618828 -0.018101018 -1.975669146 -0.997867882 0.021919748 0.061472531 89.536819458
0.057789523 0.015435408 0.998208880 27.447856903 0.019330401 0.999675691 -0.016577154 -2.006582260 -0.998141170 0.020253778 0.057472378 89.592994690
0.052344169 0.012980606 0.998544633 28.272790909 0.017186930 0.999755740 -0.013897298 -2.032181978 -0.998481214 0.017889360 0.052108273 89.644363403
0.046102025 0.010558119 0.998880863 29.087499619 0.016532470 0.999799073 -0.011330860 -2.056520224 -0.998799860 0.017036336 0.045918200 89.690681458
0.038663819 0.010709053 0.999194920 29.898773193 0.015956931 0.999808371 -0.011333087 -2.086518764 -0.999124825 0.016382257 0.038485527 89.724205017
0.030689918 0.011964858 0.999457598 30.708553314 0.013001068 0.999838889 -0.012368648 -2.115228176 -0.999444366 0.013373594 0.030529425 89.750610352
0.020976793 0.012591572 0.999700665 31.508001328 0.013602789 0.999824464 -0.012878560 -2.141711950 -0.999687493 0.013868858 0.020801838 89.761360168
0.010699410 0.011724034 0.999873996 32.310916901 0.013636212 0.999836445 -0.011869512 -2.165414095 -0.999849856 0.013761479 0.010537792 89.772071838
-0.000187144 0.010867978 0.999940813 33.116073608 0.013252409 0.999853015 -0.010864543 -2.186859608 -0.999912202 0.013249584 -0.000331141 89.774719238
-0.011477256 0.009889384 0.999884903 33.908714294 0.015225343 0.999836862 -0.009714136 -2.205039978 -0.999818146 0.015112096 -0.011625956 89.773216248
-0.022469370 0.009946041 0.999698162 34.698188782 0.015556164 0.999832869 -0.009597739 -2.228059292 -0.999626398 0.015335809 -0.022620335 89.758476257
-0.033562981 0.010325845 0.999383330 35.488063812 0.015686007 0.999828875 -0.009803653 -2.250630617 -0.999313414 0.015347295 -0.033719193 89.725898743
-0.044067822 0.011506110 0.998962343 36.244171143 0.015358632 0.999823153 -0.010838496 -2.276393175 -0.998910308 0.014865080 -0.044236738 89.685752869
-0.054628707 0.012789717 0.998424768 37.011451721 0.015995743 0.999800801 -0.011932142 -2.301877737 -0.998378634 0.015318709 -0.054822415 89.640182495
-0.064222515 0.013424939 0.997845352 37.784282684 0.016191337 0.999791861 -0.012409039 -2.324205399 -0.997804165 0.015359516 -0.064426526 89.593551636
-0.073812775 0.013723037 0.997177958 38.531867981 0.016388448 0.999786913 -0.012545848 -2.346673965 -0.997137249 0.015416154 -0.074021943 89.536544800
-0.083304442 0.014392213 0.996420145 39.277458191 0.016295059 0.999781668 -0.013078439 -2.371433258 -0.996390760 0.015147233 -0.083520778 89.476463318
-0.091874808 0.013616418 0.995677412 40.020835876 0.016074890 0.999796450 -0.012189462 -2.393365383 -0.995640755 0.014885498 -0.092074968 89.406784058
-0.099249288 0.012720084 0.994981289 40.756542206 0.018584196 0.999767423 -0.010927504 -2.417201519 -0.994889081 0.017406378 -0.099462569 89.325439453
-0.104573339 0.011057025 0.994455755 41.475028992 0.023001390 0.999697447 -0.008696567 -2.438824892 -0.994251132 0.021964433 -0.104796000 89.245239258
-0.108430155 0.009425676 0.994059384 42.198360443 0.026664609 0.999622762 -0.006569905 -2.459683180 -0.993746519 0.025793822 -0.108640455 89.175621033
-0.111587510 0.008175239 0.993721068 42.880615234 0.028921945 0.999569297 -0.004975631 -2.479468822 -0.993333638 0.028185122 -0.111775860 89.089271545
-0.113312602 0.007746750 0.993529201 43.573680878 0.029606715 0.999551773 -0.004417045 -2.502752066 -0.993118167 0.028914625 -0.113491140 89.012062073
-0.114030130 0.007686951 0.993447542 44.257873535 0.028183309 0.999592662 -0.004499552 -2.515460491 -0.993077397 0.027485548 -0.114200242 88.943321228
-0.113105915 0.008281051 0.993548453 44.920742035 0.028286379 0.999586761 -0.005111248 -2.534478903 -0.993180275 0.027525770 -0.113293432 88.873725891
-0.110356010 0.009767404 0.993844151 45.562431335 0.029796721 0.999534786 -0.006514714 -2.555898190 -0.993445456 0.028894356 -0.110595681 88.789588928
-0.105021603 0.010317008 0.994416535 46.181564331 0.030153221 0.999519467 -0.007185431 -2.572922468 -0.994012892 0.029230224 -0.105282187 88.742454529
-0.097396947 0.010899700 0.995186090 46.788837433 0.029600067 0.999529362 -0.008050367 -2.590183258 -0.994805455 0.028673476 -0.097673707 88.683044434
-0.086286068 0.011047316 0.996209204 47.370021820 0.028754057 0.999549568 -0.008593841 -2.609072208 -0.995855570 0.027903516 -0.086564794 88.649360657
-0.072653890 0.011499177 0.997291028 47.930881500 0.029099509 0.999532282 -0.009405077 -2.622874260 -0.996933222 0.028337333 -0.072954454 88.618545532
-0.055519249 0.012647592 0.998377442 48.477478027 0.028043794 0.999545038 -0.011102878 -2.636391878 -0.998063862 0.027381871 -0.055848673 88.593574524
-0.034183886 0.015411626 0.999296546 49.020877838 0.026715772 0.999537885 -0.014501449 -2.661156178 -0.999058485 0.026201271 -0.034579806 88.603401184
-0.009740524 0.018488511 0.999781489 49.554531097 0.024231829 0.999539793 -0.018247955 -2.678279400 -0.999659061 0.024048796 -0.010184020 88.615890503
0.018522166 0.020205498 0.999624133 50.059658051 0.022383530 0.999536753 -0.020618469 -2.694399834 -0.999577999 0.022757016 0.018061355 88.639587402
0.051417612 0.019910142 0.998478711 50.602420807 0.021036547 0.999557674 -0.021014951 -2.715095997 -0.998455882 0.022085084 0.050976083 88.698379517
0.089202531 0.017973829 0.995851219 51.111988068 0.020072224 0.999601603 -0.019839462 -2.733254433 -0.995811343 0.021758681 0.088806272 88.770988464
0.131199211 0.014634768 0.991247833 51.604587555 0.019504622 0.999659359 -0.017340530 -2.752565384 -0.991164148 0.021608986 0.130869165 88.866676331
0.175717607 0.009836592 0.984391391 52.103008270 0.015417277 0.999799907 -0.012742598 -2.777247429 -0.984319866 0.017415736 0.175530851 88.989089966
0.223537669 0.006347008 0.974674642 52.608940125 0.011507015 0.999892056 -0.009150293 -2.793167591 -0.974627316 0.013261028 0.223440573 89.161361694
0.274651885 0.004532282 0.961533010 53.070617676 0.007768933 0.999945760 -0.006932454 -2.808156252 -0.961512446 0.009374095 0.274601758 89.323440552
0.328266621 0.004578717 0.944573939 53.527465820 0.007102524 0.999947965 -0.007315462 -2.810249805 -0.944558501 0.009110279 0.328217000 89.539543152
0.385700643 0.004921149 0.922610819 53.964134216 0.008765180 0.999921024 -0.008997827 -2.842181206 -0.922582448 0.011557315 0.385627002 89.773605347
0.445742249 0.007772780 0.895127654 54.362655640 0.010425849 0.999849260 -0.013873832 -2.853996038 -0.895100653 0.015516615 0.445594043 89.998893738
0.504264951 0.011839380 0.863467813 54.780250549 0.011698880 0.999720156 -0.020539740 -2.867208004 -0.863469660 0.020459071 0.503985405 90.303985596
0.562367380 0.016467506 0.826723516 55.141479492 0.007372920 0.999661922 -0.024927601 -2.881644011 -0.826854646 0.020113828 0.562055886 90.564453125
0.617514312 0.019161232 0.786326051 55.487571716 0.003257801 0.999632239 -0.026917482 -2.894380569 -0.786553025 0.019183619 0.617224932 90.921752930
0.670482516 0.020761903 0.741634548 55.802467346 0.001656632 0.999563932 -0.029480273 -2.913586617 -0.741923511 0.020994619 0.670155942 91.274703979
0.719692886 0.018895252 0.694035053 56.076183319 0.001749632 0.999576986 -0.029027995 -2.920865774 -0.694290221 0.022105552 0.719355702 91.623977661
0.764898479 0.015671698 0.643960297 56.369449615 -0.000233890 0.999710679 -0.024051584 -2.953152418 -0.644150972 0.018246405 0.764680743 92.029052734
0.806501746 0.010197417 0.591143727 56.598758698 0.000125591 0.999848127 -0.017419048 -2.958178520 -0.591231763 0.014122734 0.806378245 92.437126160
0.843504965 0.008067882 0.537060738 56.791118622 -0.002530579 0.999935746 -0.011046819 -2.980947256 -0.537115395 0.007958970 0.843471408 92.822151184
0.875023603 0.005895440 0.484044373 56.989475250 -0.004092401 0.999980032 -0.004781337 -2.980266809 -0.484062910 0.002202874 0.875030518 93.283065796
0.901457489 0.005869762 0.432827622 57.157493591 -0.006883156 0.999975562 0.000774553 -2.998167038 -0.432812601 -0.003677454 0.901476681 93.733711243
0.922171831 0.008333739 0.386690289 57.294647217 -0.010797967 0.999932706 0.004200783 -3.015335560 -0.386629224 -0.008049320 0.922200143 94.129890442
0.937880874 0.013378502 0.346699268 57.427429199 -0.016665218 0.999839842 0.006500241 -3.007342339 -0.346556723 -0.011874280 0.937953830 94.624504089
0.950143099 0.018816188 0.311245531 57.542182922 -0.021654055 0.999749243 0.005664280 -3.022613525 -0.311060846 -0.012121612 0.950312614 95.076278687
0.959762275 0.020987248 0.280027866 57.651138306 -0.023160348 0.999721587 0.004453213 -2.999709129 -0.279856384 -0.010759578 0.959981501 95.551147461
0.966056228 0.016130436 0.257827669 57.775630951 -0.018168362 0.999819458 0.005523587 -3.033511639 -0.257692039 -0.010020413 0.966175079 96.023170471
0.970229447 0.013369001 0.241817832 57.895324707 -0.015271763 0.999865174 0.005995890 -3.035834312 -0.241705090 -0.009510386 0.970303118 96.513610840
0.973237395 0.016838865 0.229184136 57.991001129 -0.018622404 0.999810636 0.005621413 -3.037667990 -0.229046062 -0.009738944 0.973366737 97.019561768
0.975432277 0.022178594 0.219179705 58.082725525 -0.023943361 0.999698520 0.005398354 -3.030268669 -0.218993917 -0.010513643 0.975669503 97.533584595
0.976634502 0.028297430 0.213035509 58.183990479 -0.029945737 0.999541163 0.004513761 -3.037633419 -0.212810040 -0.010787816 0.977033973 98.053291321
0.977001429 0.036228240 0.210131526 58.278312683 -0.037200008 0.999307454 0.000672516 -3.036877394 -0.209961608 -0.008473956 0.977672815 98.569900513
0.977107644 0.036935773 0.209513158 58.401767731 -0.037396632 0.999298692 -0.001762860 -3.045277357 -0.209431440 -0.006112608 0.977803826 99.132644653
0.976639628 0.033840973 0.212201133 58.521896362 -0.033587985 0.999424100 -0.004797972 -3.055111170 -0.212241307 -0.002441524 0.977214158 99.667846680
0.975780964 0.034368493 0.216032252 58.652511597 -0.032684986 0.999401033 -0.011361836 -3.066146851 -0.216293380 0.004025647 0.976320028 100.221336365
0.974812686 0.036447193 0.220026463 58.788543701 -0.033822119 0.999304593 -0.015687339 -3.074681520 -0.220445246 0.007850447 0.975367665 100.782150269
0.973642707 0.039731257 0.224590555 58.907730103 -0.037116684 0.999185145 -0.015853241 -3.087560892 -0.225037426 0.007099327 0.974324167 101.360496521
0.972295284 0.041052155 0.230122566 59.039421082 -0.039354488 0.999153614 -0.011964142 -3.100224972 -0.230418980 0.002576314 0.973088026 101.954437256
0.971230209 0.038971249 0.234931901 59.189682007 -0.038277168 0.999238789 -0.007515585 -3.112238884 -0.235046014 -0.001693174 0.971982598 102.562866211
0.970499039 0.034562744 0.238614872 59.347328186 -0.035160825 0.999380112 -0.001750760 -3.117627382 -0.238527551 -0.006690796 0.971112370 103.193840027
0.969662309 0.031572223 0.242400274 59.506652832 -0.033329729 0.999439418 0.003152116 -3.125622749 -0.242164791 -0.011135628 0.970171332 103.817176819
0.969112873 0.025612703 0.245283291 59.675518036 -0.027525766 0.999611378 0.004373865 -3.140582561 -0.245075956 -0.010990383 0.969441652 104.467498779
0.968984008 0.023584330 0.245994702 59.834098816 -0.024657873 0.999695063 0.001284416 -3.145627975 -0.245889351 -0.007310288 0.969270408 105.097320557
0.969111741 0.022876229 0.245557994 60.004386902 -0.022127043 0.999738216 -0.005809809 -3.159280539 -0.245626628 0.000196879 0.969364464 105.747039795
0.969215512 0.026780883 0.244752526 60.162059784 -0.024412502 0.999621212 -0.012705713 -3.167463303 -0.245000094 0.006339550 0.969502330 106.407646179
0.969746768 0.030039921 0.242256492 60.319087982 -0.026822943 0.999503016 -0.016567159 -3.183696747 -0.242633805 0.009567917 0.970070660 107.094017029
0.970415294 0.029079331 0.239684328 60.484653473 -0.026905490 0.999561787 -0.012337437 -3.195616007 -0.239938051 0.005523612 0.970772445 107.796356201
0.970828891 0.024293199 0.238539651 60.664108276 -0.023818344 0.999704421 -0.004873319 -3.215035200 -0.238587469 -0.000950464 0.971120536 108.499977112
0.971534789 0.022705004 0.235805973 60.837638855 -0.023617050 0.999720573 0.001043804 -3.225431204 -0.235716268 -0.006583135 0.971799672 109.230140686
0.971811831 0.027569121 0.234140247 60.995941162 -0.028484415 0.999594033 0.000527751 -3.238689661 -0.234030545 -0.007182226 0.972202778 109.947677612
0.972109020 0.032394063 0.232280180 61.154998779 -0.032244850 0.999470115 -0.004440218 -3.231901407 -0.232300773 -0.003173467 0.972639084 110.687057495
0.972927272 0.034174386 0.228570104 61.326377869 -0.032819100 0.999413908 -0.009728905 -3.251404285 -0.228768677 0.001964046 0.973478913 111.445655823
0.973847270 0.035159837 0.224466026 61.498252869 -0.033057123 0.999367356 -0.013119916 -3.257281065 -0.224785388 0.005356591 0.974393606 112.192276001
0.974843681 0.031153731 0.220701128 61.667808533 -0.029384511 0.999504507 -0.011295561 -3.268733501 -0.220943689 0.004526199 0.975275934 112.947303772
0.975591898 0.030884188 0.217409194 61.842964172 -0.029514056 0.999518514 -0.009547256 -3.282567024 -0.217599377 0.002897592 0.976033866 113.753334045
0.976071358 0.028440941 0.215583056 62.011802673 -0.027694780 0.999595165 -0.006481806 -3.300162554 -0.215680122 0.000356174 0.976464093 114.541236877
0.976481080 0.023047840 0.214368418 62.187294006 -0.022556700 0.999734044 -0.004737341 -3.313545227 -0.214420632 -0.000209529 0.976741493 115.326820374
0.976719379 0.018025007 0.213762909 62.374252319 -0.017757440 0.999836922 -0.003171966 -3.335629225 -0.213785246 -0.000697772 0.976880550 116.136390686
0.976897120 0.017383806 0.213001832 62.552955627 -0.017491270 0.999845445 -0.001380132 -3.340217352 -0.212993026 -0.002377441 0.977051139 116.961067200
0.976700783 0.022870982 0.213383451 62.723373413 -0.022821151 0.999735773 -0.002697016 -3.354916096 -0.213388801 -0.002235482 0.976964772 117.793197632
0.976455390 0.028394774 0.213842571 62.890083313 -0.027723504 0.999596417 -0.006137938 -3.367413998 -0.213930681 0.000064952 0.976848841 118.608184814
0.975943863 0.036164682 0.215001538 63.055286407 -0.035294287 0.999345362 -0.007887227 -3.386297464 -0.215146139 0.000109161 0.976581931 119.433288574
0.975136220 0.041488469 0.217688516 63.227882385 -0.040915325 0.999136627 -0.007141605 -3.405064106 -0.217796981 -0.001942765 0.975992203 120.277618408
0.974309862 0.044113565 0.220849380 63.407318115 -0.044029709 0.999015510 -0.005304855 -3.421215057 -0.220866129 -0.004555366 0.975293398 121.128318787
0.975660563 0.045574147 0.214498967 63.599617004 -0.045558084 0.998948216 -0.005021068 -3.430229187 -0.214502335 -0.004873304 0.976711273 121.943130493
0.975414336 0.044163655 0.215908349 63.778549194 -0.043566898 0.999022126 -0.007524893 -3.450460672 -0.216029540 -0.002066573 0.976384699 122.785339355
0.975273788 0.038489282 0.217623442 63.971469879 -0.037782706 0.999258459 -0.007408515 -3.472575903 -0.217747256 -0.000997076 0.976004720 123.626647949
0.975537241 0.032491311 0.217420340 64.168762207 -0.031569146 0.999471724 -0.007714438 -3.492952585 -0.217556119 0.000661945 0.976047575 124.452331543
0.975372970 0.029416479 0.218592227 64.360275269 -0.028340200 0.999565840 -0.008058142 -3.528637886 -0.218734354 0.001664746 0.975782990 125.307624817
0.974870026 0.031482033 0.220539510 64.535232544 -0.030977642 0.999503493 -0.005746082 -3.543137312 -0.220610872 -0.001230111 0.975361168 126.138000488
0.972422004 0.034211379 0.230706826 64.769332886 -0.035147544 0.999382019 -0.000052101 -3.559617043 -0.230566040 -0.008058106 0.973023236 126.986114502
0.971944094 0.038005609 0.232121080 64.962539673 -0.039622266 0.999212027 0.002304667 -3.557612419 -0.231850594 -0.011437173 0.972684205 127.832443237
0.971682906 0.037475616 0.233297721 65.151168823 -0.037765697 0.999281466 -0.003225110 -3.580335140 -0.233251005 -0.005676867 0.972400010 128.652099609
0.971964061 0.033962123 0.232663587 65.348541260 -0.030693645 0.999372959 -0.017655153 -3.606234074 -0.233117312 0.010018877 0.972397029 129.475250244
