0.999999881 -0.000000000 -0.000000000 0.000000000 -0.000000000 0.999999881 0.000000000 0.000000000 -0.000000000 0.000000000 0.999999881 0.000000000
0.999056816 -0.001040030 0.043407563 0.021308322 0.001124839 0.999997377 -0.001929394 -0.012158832 -0.043405451 0.001976401 0.999055445 0.978501558
0.995981395 -0.005087952 0.089414708 0.130357996 0.005771549 0.999955952 -0.007388355 -0.056090951 -0.089373186 0.007874726 0.995966911 2.041535616
0.990917444 -0.005432401 0.134360671 0.263599277 0.006937465 0.999918222 -0.010736015 -0.098682880 -0.134291351 0.011570630 0.990874290 2.996672392
0.983441651 -0.003568395 0.181188762 0.444225848 0.006145688 0.999887586 -0.013664926 -0.080335788 -0.181119651 0.014552192 0.983353436 4.017374039
0.973984659 -0.006058496 0.226531908 0.657038808 0.009342947 0.999865711 -0.013429462 -0.139511198 -0.226420209 0.015196572 0.973911285 4.966011047
0.962345898 -0.007353728 0.271728069 0.923504889 0.011634403 0.999832153 -0.014145850 -0.169500887 -0.271578461 0.016774595 0.962270021 5.905008316
0.948471308 -0.010204517 0.316698492 1.242739797 0.016614694 0.999707878 -0.017546711 -0.199634939 -0.316426933 0.021904405 0.948364019 6.923369408
0.933492661 -0.012147889 0.358390749 1.604971528 0.019928427 0.999638855 -0.018023727 -0.284558266 -0.358042419 0.023967195 0.933397591 7.801599979
0.915976763 -0.012493437 0.401036739 1.999679923 0.022301331 0.999555171 -0.019797735 -0.277795166 -0.400611073 0.027077919 0.915847957 8.698621750
0.896025717 -0.012944511 0.443813473 2.438516617 0.023468811 0.999558151 -0.018228080 -0.324655116 -0.443381548 0.026748599 0.895933688 9.625119209
0.874208391 -0.012996671 0.485376775 2.905865669 0.023886079 0.999582469 -0.016255755 -0.367702663 -0.484962851 0.025804667 0.874153912 10.444276810
0.849523067 -0.013316832 0.527383208 3.432223082 0.025490122 0.999549866 -0.015820779 -0.395055801 -0.526934981 0.026883187 0.849480212 11.336447716
0.824135065 -0.013646183 0.566228747 3.963060856 0.027280141 0.999505699 -0.015617521 -0.425944507 -0.565735579 0.028317750 0.824100018 12.102501869
0.796555638 -0.014920584 0.604380846 4.543234825 0.030224023 0.999428093 -0.015161085 -0.479525149 -0.603808939 0.030343469 0.796551168 12.884930611
0.767238975 -0.015085968 0.641183674 5.178841591 0.032319292 0.999362469 -0.015159890 -0.474516392 -0.640546322 0.032353863 0.767237544 13.650151253
0.736950338 -0.017997812 0.675707161 5.833450317 0.037157685 0.999212623 -0.013910973 -0.537956715 -0.674924672 0.035359412 0.737038851 14.346865654
0.704611778 -0.017111020 0.709386647 6.509929657 0.037582062 0.999205887 -0.013227383 -0.562766016 -0.708596945 0.035980392 0.704695225 15.014843941
0.669450343 -0.016518388 0.742672980 7.254422665 0.039672460 0.999120891 -0.013538774 -0.558504641 -0.741796434 0.038527217 0.669517219 15.696602821
0.635057569 -0.017508831 0.772266448 7.970676899 0.043928411 0.998943865 -0.013475566 -0.629585445 -0.771214426 0.042482194 0.635155916 16.277603149
0.597405255 -0.016113916 0.801777482 8.762982368 0.044635180 0.998916388 -0.013181755 -0.642237306 -0.800696254 0.043662332 0.597477078 16.867504120
0.560426235 -0.015209490 0.828064620 9.530569077 0.047885351 0.998753786 -0.014063725 -0.694816053 -0.826818645 0.047533840 0.560456216 17.366655350
0.521535456 -0.013514671 0.853122175 10.327033997 0.052088011 0.998513818 -0.016024867 -0.724028468 -0.851638079 0.052794985 0.521464765 17.871013641
0.481973082 -0.012120971 0.876101911 11.207078934 0.054959763 0.998353541 -0.016422877 -0.739554644 -0.874460518 0.056065757 0.481845737 18.363723755
0.443942308 -0.014340321 0.895940483 12.037395477 0.059878673 0.998111844 -0.013694468 -0.763409972 -0.894052088 0.059727296 0.443962783 18.760438919
0.406441748 -0.015030229 0.913552880 12.935590744 0.063838460 0.997888386 -0.011984110 -0.809704185 -0.911443770 0.063190661 0.406542897 19.159603119
0.370473564 -0.013003880 0.928751767 13.863461494 0.065675676 0.997766137 -0.012227449 -0.833544016 -0.926518261 0.065526359 0.370499939 19.532133102
0.337055266 -0.013499373 0.941388011 14.755434036 0.066529840 0.997738898 -0.009512955 -0.848796487 -0.939131141 0.065836787 0.337191403 19.854784012
0.303193003 -0.014651773 0.952816367 15.724929810 0.068844058 0.997605741 -0.006566169 -0.864423096 -0.950438917 0.067586534 0.303475887 20.155818939
0.270512730 -0.014765438 0.962603033 16.661746979 0.069726564 0.997556746 -0.004293123 -0.890225887 -0.960187674 0.068280369 0.270881504 20.422266006
0.238398239 -0.012237561 0.971090257 17.639928818 0.067315072 0.997723937 -0.003952349 -0.917540431 -0.968831658 0.066311255 0.238679364 20.654991150
0.206254125 -0.010509166 0.978442073 18.645391464 0.067219473 0.997732103 -0.003453404 -0.914973140 -0.976186633 0.066482618 0.206492767 20.891302109
0.175907135 -0.009905148 0.984357059 19.637924194 0.069292568 0.997593522 -0.002344428 -0.931897879 -0.981964886 0.068621032 0.176170260 21.062353134
0.145383894 -0.010457627 0.989319682 20.660179138 0.070701309 0.997497439 0.000154269 -0.948271990 -0.986845672 0.069923788 0.145759463 21.210733414
0.114319593 -0.010934015 0.993383765 21.715862274 0.069732428 0.997561276 0.002955117 -0.958710313 -0.990993619 0.068933219 0.114803270 21.342798233
0.085121550 -0.010914974 0.996310711 22.746202469 0.070306301 0.997513115 0.004921408 -0.965027750 -0.993886948 0.069627985 0.085677281 21.434040070
0.057289284 -0.010618219 0.998301089 23.837326050 0.073115371 0.997302830 0.006411744 -0.958791137 -0.995676637 0.072623841 0.057911135 21.482192993
0.032333683 -0.010149012 0.999425471 24.877740860 0.077114232 0.996992946 0.007629488 -0.976362467 -0.996497691 0.076823272 0.033019096 21.534082413
0.009368991 -0.009418175 0.999911666 25.998640060 0.081690706 0.996620774 0.008621742 -0.975389719 -0.996613562 0.081602745 0.010106718 21.541040421
-0.011461112 -0.009790753 0.999886274 27.107088089 0.087167412 0.996135533 0.010753179 -0.988568664 -0.996127665 0.087280728 -0.010563383 21.528472900
-0.028821846 -0.010069857 0.999533772 28.223518372 0.091659293 0.995709836 0.012674351 -0.980366111 -0.995373070 0.091981895 -0.027775191 21.494039536
-0.044594981 -0.010124747 0.998953879 29.354839325 0.094591171 0.995413184 0.014311573 -0.975399613 -0.994516850 0.095130414 -0.043432709 21.445920944
-0.059551075 -0.010601419 0.998168886 30.504629135 0.096986808 0.995151103 0.016355636 -0.972210407 -0.993502557 0.097783275 -0.058234144 21.382654190
-0.072761156 -0.011484197 0.997283340 31.632314682 0.097345009 0.995077431 0.018561030 -0.963547528 -0.992587328 0.098431073 -0.071285062 21.301586151
-0.085009813 -0.011214221 0.996316910 32.789047241 0.097120017 0.995081723 0.019486995 -0.954379916 -0.991635442 0.098418884 -0.083502613 21.207954407
-0.096447036 -0.008747439 0.995299757 33.960277557 0.097033240 0.995115519 0.018148582 -0.948393941 -0.990596950 0.098327518 -0.095127128 21.096660614
-0.106341951 -0.005086106 0.994316518 35.124332428 0.097443119 0.995120108 0.015511746 -0.939221323 -0.989543080 0.098538876 -0.105327442 20.976043701
-0.115901381 -0.002787723 0.993256807 36.344116211 0.098192751 0.995065391 0.014250740 -0.934938371 -0.988394916 0.099182330 -0.115055732 20.836654663
-0.123107366 -0.001556505 0.992392123 37.553600311 0.098033868 0.995088339 0.013721948 -0.920815706 -0.987539172 0.098977335 -0.122350104 20.685535431
-0.129161745 -0.000495641 0.991623342 38.810459137 0.098080650 0.995090008 0.013272661 -0.906045794 -0.986761093 0.098973438 -0.128478959 20.536077499
-0.134329230 0.000768183 0.990936279 40.083019257 0.098612569 0.995046079 0.012596342 -0.904238522 -0.986017704 0.099410839 -0.133739501 20.365306854
-0.138595313 0.002282128 0.990346432 41.319404602 0.097994730 0.995121241 0.011420868 -0.894883156 -0.985488713 0.098631613 -0.138142750 20.191675186
-0.142645016 0.002905350 0.989769638 42.650817871 0.098161176 0.995106995 0.011225915 -0.894416332 -0.984893978 0.098758273 -0.142232239 20.011297226
-0.145793051 0.002682527 0.989311695 44.010391235 0.098256908 0.995091140 0.011781749 -0.889040232 -0.984423161 0.098924398 -0.145340964 19.803274155
-0.148482770 0.000601403 0.988914728 45.351028442 0.098717310 0.995013952 0.014217009 -0.878926277 -0.983975351 0.099733971 -0.147801772 19.605560303
-0.150361657 -0.000112592 0.988631010 46.721302032 0.099133581 0.994958162 0.015190614 -0.861256003 -0.983648121 0.100290626 -0.149592340 19.399669647
-0.152895793 0.000346972 0.988242030 48.127220154 0.100505702 0.994820297 0.015200435 -0.875264883 -0.983118296 0.101648018 -0.152138561 19.201805115
-0.153698742 0.001049238 0.988117099 49.512367249 0.101844862 0.994690418 0.014785456 -0.849325657 -0.982855022 0.102907144 -0.152989522 18.999679565
-0.154687122 0.001472560 0.987962246 50.965946198 0.102132753 0.994664907 0.014508573 -0.844134927 -0.982670069 0.103147559 -0.154012263 18.768344879
-0.154658630 0.002149328 0.987965524 52.398563385 0.102541491 0.994631648 0.013888276 -0.813573837 -0.982632041 0.103455402 -0.154048786 18.536975861
-0.154025137 0.003230436 0.988061547 53.873100281 0.101920120 0.994712353 0.012635755 -0.824812949 -0.982796133 0.102649592 -0.153539941 18.325134277
-0.152602047 0.003290003 0.988282025 55.384033203 0.101868868 0.994720340 0.012418287 -0.821554184 -0.983023405 0.102570258 -0.152131498 18.077024460
-0.151807144 0.002646840 0.988406301 56.880306244 0.102530718 0.994643867 0.013083928 -0.799838305 -0.983077466 0.103328280 -0.151265427 17.886924744
-0.150601044 0.002729048 0.988590658 58.414741516 0.102495410 0.994650126 0.012868282 -0.796126783 -0.983266950 0.103263997 -0.150075048 17.650022507
-0.149503917 0.003621095 0.988754153 59.997550964 0.102915570 0.994618595 0.011918700 -0.786819577 -0.983390331 0.103540137 -0.149071947 17.416519165
-0.147839203 0.004243681 0.989002168 61.568523407 0.103175044 0.994600654 0.011155231 -0.784298241 -0.983614862 0.103689514 -0.147478819 17.176458359
-0.147718668 0.004248211 0.989019990 63.190299988 0.103108495 0.994607925 0.011127927 -0.774872780 -0.983640015 0.103620142 -0.147360176 16.947742462
-0.147063151 0.002725540 0.989123166 64.777145386 0.104390927 0.994454145 0.012780644 -0.778984725 -0.983602881 0.105135061 -0.146532059 16.728097916
-0.145793423 0.001394553 0.989313722 66.428894043 0.107118309 0.994142175 0.014384483 -0.751934946 -0.983498633 0.108070843 -0.145088747 16.465995789
-0.144956574 0.002061608 0.989435792 68.089630127 0.109221369 0.993919671 0.013930447 -0.736459851 -0.983391225 0.110086828 -0.144300416 16.238304138
-0.144795850 0.003085055 0.989456773 69.728591919 0.109423406 0.993910968 0.012913944 -0.764916837 -0.983392477 0.110139601 -0.144251853 15.998573303
-0.143846944 0.003588042 0.989593327 71.406944275 0.110622182 0.993784010 0.012476767 -0.744068503 -0.983397543 0.111265719 -0.143349737 15.747366905
-0.143815234 0.002815591 0.989600360 73.121490479 0.109992668 0.993844748 0.013157184 -0.756507397 -0.983473003 0.110740945 -0.143239796 15.505380630
-0.143482730 0.002758104 0.989648879 74.823051453 0.109923862 0.993852854 0.013167320 -0.729308367 -0.983528972 0.110675298 -0.142903864 15.262895584
-0.143312335 0.002317470 0.989674687 76.570831299 0.111027978 0.993722320 0.013750734 -0.735051751 -0.983429790 0.111852221 -0.142669916 15.005938530
-0.142998099 0.002489833 0.989719748 78.291687012 0.111843213 0.993631899 0.013659813 -0.718399048 -0.983383179 0.112646773 -0.142365903 14.761672020
-0.143225953 0.003296315 0.989684343 80.043540955 0.112585321 0.993557096 0.012983998 -0.716015935 -0.983265460 0.113283604 -0.142674252 14.517706871
-0.144070074 0.004092897 0.989558876 81.820037842 0.111964375 0.993637204 0.012191156 -0.706702888 -0.983212948 0.112551741 -0.143611699 14.262949944
-0.144407302 0.004907326 0.989506125 83.597572327 0.111187361 0.993735075 0.011298243 -0.701515615 -0.983251750 0.111652069 -0.144048274 13.998534203
-0.145753682 0.005022682 0.989308000 85.392059326 0.110293441 0.993835866 0.011203742 -0.709444821 -0.983153582 0.110747173 -0.145409226 13.748233795
-0.146632031 0.005109794 0.989177763 87.203071594 0.110835746 0.993774474 0.011296343 -0.693403423 -0.982962012 0.111292697 -0.146285534 13.477094650
-0.148018211 0.003946618 0.988976479 89.046600342 0.109228030 0.993939519 0.012381514 -0.708440900 -0.982934237 0.109856695 -0.147552207 13.229674339
-0.148593426 0.003253233 0.988892972 90.892532349 0.106690854 0.994210184 0.012760902 -0.684587479 -0.983126044 0.107402027 -0.148080215 12.950314522
-0.149973527 0.004018335 0.988681734 92.761123657 0.106706128 0.994216263 0.012145458 -0.692560792 -0.982914805 0.107319877 -0.149534926 12.675499916
-0.152394056 0.004558768 0.988309085 94.630447388 0.105072282 0.994396508 0.011614962 -0.683902144 -0.982718647 0.105613992 -0.152019188 12.391375542
-0.156472027 0.005310447 0.987667859 96.516555786 0.105316289 0.994374216 0.011338303 -0.680346012 -0.982051313 0.105791666 -0.156150997 12.084889412
-0.161198840 0.004726617 0.986910522 98.385551453 0.103704825 0.994533658 0.012175689 -0.673881769 -0.981458306 0.104310080 -0.160807818 11.808332443
-0.165677190 0.004448244 0.986169875 100.309432983 0.102502331 0.994651437 0.012733967 -0.660730600 -0.980838656 0.103194453 -0.165247038 11.480024338
-0.170650512 0.004936808 0.985319316 102.228141785 0.101846278 0.994719565 0.012655169 -0.657835722 -0.980053782 0.102510698 -0.170252264 11.185031891
-0.175081238 0.006612461 0.984531820 104.135673523 0.101783276 0.994740963 0.011419297 -0.669230103 -0.979278386 0.102208145 -0.174833596 10.838989258
-0.179817557 0.008044084 0.983667016 106.068565369 0.101070002 0.994825482 0.010340593 -0.673099399 -0.978494048 0.101278625 -0.179700196 10.494281769
-0.184632078 0.008752596 0.982768714 108.014038086 0.100290276 0.994908035 0.009980754 -0.673502564 -0.977677107 0.100404933 -0.184569761 10.148807526
-0.190207377 0.008435086 0.981707752 109.957206726 0.098667026 0.995064139 0.010567033 -0.681045294 -0.976773083 0.098872140 -0.190100878 9.792314529
-0.195878103 0.007818081 0.980596960 111.923477173 0.096347645 0.995283306 0.011310648 -0.682266951 -0.975883484 0.096693739 -0.195707515 9.430116653
-0.200974435 0.007150937 0.979570031 113.853584290 0.095297217 0.995373070 0.012285450 -0.678902984 -0.974949718 0.095819451 -0.200726032 9.028484344
-0.206630692 0.006820606 0.978395164 115.824043274 0.095254920 0.995365500 0.013178302 -0.671103835 -0.973771095 0.095919997 -0.206322759 8.642765045
-0.212756753 0.008624982 0.977066994 117.812049866 0.096870914 0.995220602 0.012308439 -0.679165483 -0.972291231 0.097268075 -0.212575421 8.234586716
-0.218141437 0.009273087 0.975872755 119.798042297 0.095428802 0.995365262 0.011873323 -0.681959510 -0.971239865 0.095716439 -0.218015268 7.784152985
-0.224380061 0.009003462 0.974459946 121.797721863 0.095936671 0.995303929 0.012894413 -0.684726000 -0.969767928 0.096379705 -0.224190056 7.339132309
-0.229786277 0.009382034 0.973195612 123.813652039 0.095532209 0.995341837 0.012961058 -0.679506183 -0.968540967 0.095949791 -0.229612112 6.890945435
-0.235103786 0.010122016 0.971917391 125.798828125 0.094709791 0.995425761 0.012543142 -0.675074100 -0.967345119 0.094999008 -0.234987006 6.418809891
-0.240543574 0.010142633 0.970585167 127.835784912 0.093251973 0.995561481 0.012707340 -0.676752329 -0.966148198 0.093565673 -0.240421787 5.930999756
-0.244932622 0.009830956 0.969490051 129.811874390 0.095013551 0.995378673 0.013910818 -0.673840642 -0.964873016 0.095521934 -0.244734839 5.441488266
-0.248859271 0.009749879 0.968490660 131.836761475 0.096970037 0.995175838 0.014898478 -0.661238074 -0.963673055 0.097622171 -0.248604104 4.923793793
-0.252381891 0.010313658 0.967572629 133.875595093 0.098271109 0.995046318 0.015026556 -0.662746429 -0.962624490 0.098876894 -0.252145141 4.394866943
-0.255411237 0.010855040 0.966771305 135.886642456 0.098481804 0.995028198 0.014845587 -0.653522730 -0.961803555 0.099001177 -0.255210400 3.869773865
-0.258113861 0.011180475 0.966049731 137.938156128 0.097595856 0.995119572 0.014559212 -0.644842386 -0.961172342 0.098040387 -0.257945269 3.331367493
-0.262722939 0.011315342 0.964804649 140.011489868 0.096449673 0.995230913 0.014591719 -0.639871955 -0.960038364 0.096888728 -0.262561321 2.776153564
-0.267278641 0.011483643 0.963550746 142.075256348 0.094765715 0.995394945 0.014423837 -0.640346646 -0.958947957 0.095166773 -0.267136157 2.213005066
-0.271698207 0.011718912 0.962310970 144.146102905 0.094189815 0.995448947 0.014471044 -0.630104542 -0.957761824 0.094571657 -0.271565586 1.651763916
-0.276774734 0.012174496 0.960857630 146.181274414 0.094655737 0.995401978 0.014653363 -0.633963585 -0.956261456 0.095006362 -0.276654601 1.080986023
-0.280733585 0.012766462 0.959700823 148.285095215 0.093981609 0.995471716 0.014249385 -0.625953436 -0.955173492 0.094194524 -0.280662209 0.494220734
-0.285511136 0.012673934 0.958291531 150.376846313 0.093350574 0.995525420 0.014646288 -0.624988794 -0.953818142 0.093638793 -0.285416782 -0.110046387
-0.289480269 0.012276973 0.957104981 152.461624146 0.093319401 0.995516121 0.015455150 -0.617662191 -0.952623785 0.093790449 -0.289328068 -0.731441498
-0.293505996 0.012432962 0.955876052 154.563873291 0.094035991 0.995441377 0.015926596 -0.608081818 -0.951320708 0.094561324 -0.293337196 -1.366539001
-0.297372490 0.013130689 0.954671085 156.689239502 0.095148154 0.995335281 0.015947904 -0.607805490 -0.950008512 0.095577665 -0.297234714 -2.018898010
-0.300823450 0.013961657 0.953577340 158.755630493 0.094949119 0.995363176 0.015379975 -0.593765974 -0.948941231 0.095168032 -0.300754279 -2.661121368
-0.304889113 0.015418184 0.952262878 160.878280640 0.094987683 0.995375812 0.014296283 -0.596389055 -0.947639048 0.094812058 -0.304943711 -3.327835083
-0.308395922 0.016693505 0.951111376 163.008514404 0.095718175 0.995315731 0.013567052 -0.591056585 -0.946430147 0.095222697 -0.308549255 -4.003997803
-0.311761916 0.017288579 0.950002909 165.094345093 0.095315941 0.995359898 0.013165788 -0.593809128 -0.945367157 0.094655000 -0.311963320 -4.669555664
-0.315526873 0.017269026 0.948759556 167.263320923 0.095017523 0.995384037 0.013482085 -0.580238104 -0.944147289 0.094402701 -0.315711260 -5.381511688
-0.319305360 0.017552737 0.947489142 169.360275269 0.095234990 0.995360851 0.013654742 -0.582941055 -0.942854404 0.094594143 -0.319495738 -6.071445465
-0.328585982 0.012701389 0.944388568 171.495971680 0.096429624 0.995135367 0.020167360 -0.579304218 -0.939538538 0.097693793 -0.328212351 -6.793903351
-0.326608151 0.018314863 0.944981873 173.668884277 0.098768011 0.994999707 0.014852302 -0.578095913 -0.939985037 0.098184973 -0.326783776 -7.528362274
-0.329064101 0.017988967 0.944136143 175.781265259 0.099340364 0.994930208 0.015666794 -0.566811800 -0.939067662 0.098946258 -0.329182774 -8.255527496
-0.332148612 0.017335076 0.943067610 177.940231323 0.099051274 0.994943857 0.016597237 -0.561575174 -0.938011706 0.098924860 -0.332186222 -9.010890961
-0.334962308 0.017484872 0.942068994 180.120925903 0.098023951 0.995049000 0.016385252 -0.555229664 -0.937118590 0.097833827 -0.335017920 -9.788089752
-0.340890586 0.013421179 0.940006971 182.262863159 0.097515151 0.995009124 0.021157095 -0.543883801 -0.935031414 0.098877251 -0.340498000 -10.534465790
-0.341182739 0.020706430 0.939768970 184.434844971 0.096468411 0.995249867 0.013093950 -0.551635504 -0.935033679 0.095125429 -0.341559559 -11.312877655
-0.344471544 0.021951042 0.938539982 186.642807007 0.095704243 0.995339334 0.011846756 -0.541990042 -0.933905661 0.093903117 -0.344966948 -12.112300873
-0.347986042 0.022885453 0.937220275 188.798461914 0.094187655 0.995497406 0.010662999 -0.546371102 -0.932756126 0.091985196 -0.348574787 -12.885753632
-0.351706833 0.023161309 0.935823560 191.016616821 0.094324641 0.995482802 0.010811780 -0.549179554 -0.931345820 0.092073828 -0.352302641 -13.707218170
-0.355061620 0.022399794 0.934574425 193.176986694 0.094029874 0.995498598 0.011863630 -0.548697948 -0.930101812 0.092090227 -0.355569750 -14.512794495
-0.358687222 0.021651102 0.933206558 195.373779297 0.093561329 0.995530427 0.012864170 -0.552797079 -0.928756893 0.091926299 -0.359109819 -15.339179993
-0.362270683 0.021476692 0.931825519 197.585861206 0.093647383 0.995514572 0.013463208 -0.552633524 -0.927356541 0.092140339 -0.362656981 -16.200042725
-0.366038740 0.021761356 0.930344760 199.759216309 0.092428036 0.995633364 0.013076797 -0.545553207 -0.925998271 0.090776607 -0.366451830 -17.029907227
-0.369437575 0.022609882 0.928980350 201.945709229 0.092008345 0.995681465 0.012356651 -0.541079521 -0.924689233 0.090038948 -0.369922429 -17.900718689
-0.372891337 0.022896957 0.927592456 204.182159424 0.092092134 0.995672643 0.012443488 -0.552742004 -0.923293531 0.090064026 -0.373386443 -18.773113251
-0.375682771 0.023331422 0.926454723 206.374374390 0.092503242 0.995634735 0.012436964 -0.558716059 -0.922119915 0.090372361 -0.376201063 -19.655857086
-0.378338873 0.023283113 0.925374210 208.591857910 0.093544379 0.995527387 0.013197361 -0.560883045 -0.920928299 0.091556646 -0.378824860 -20.557254791
-0.380871534 0.023130156 0.924338460 210.787460327 0.094913915 0.995384037 0.014201091 -0.555123091 -0.919743598 0.093141392 -0.381308794 -21.444221497
-0.383480400 0.023485966 0.923250377 212.997787476 0.095671408 0.995308340 0.014418948 -0.553881168 -0.918580413 0.093858019 -0.383928061 -22.360755920
-0.385852844 0.024312694 0.922240019 215.202529907 0.095807232 0.995303631 0.013845621 -0.557959795 -0.917572200 0.093699634 -0.386369973 -23.292217255
-0.388976991 0.024729887 0.920915186 217.411499023 0.095556676 0.995330632 0.013633111 -0.554115534 -0.916277945 0.093302622 -0.389523774 -24.201019287
-0.391477555 0.025702139 0.919828415 219.617813110 0.095066398 0.995390296 0.012646593 -0.558826685 -0.915263653 0.092395626 -0.392116666 -25.128215790
-0.394780785 0.026512846 0.918392718 221.833587646 0.094342396 0.995469630 0.011816115 -0.571506977 -0.913918853 0.091308147 -0.395493656 -26.070667267
-0.397047013 0.026982274 0.917401552 224.026153564 0.092738815 0.995631218 0.010853782 -0.573535204 -0.913100719 0.089388184 -0.397814840 -27.003269196
-0.400012970 0.027614834 0.916093349 226.236953735 0.093212090 0.995588899 0.010689951 -0.586056709 -0.911757350 0.089667089 -0.400822401 -27.948062897
-0.402561605 0.027462585 0.914980650 228.462310791 0.094843902 0.995421290 0.011851232 -0.600250721 -0.910465837 0.091551185 -0.403323293 -28.929695129
-0.405038595 0.026855392 0.913904905 230.645782471 0.095672727 0.995325744 0.013153777 -0.599025726 -0.909279943 0.092763588 -0.405714780 -29.895042419
-0.408053488 0.026368998 0.912576973 232.865997314 0.094648927 0.995418370 0.013559005 -0.600447416 -0.908038437 0.091907226 -0.408679783 -30.880207062
-0.411160439 0.026161518 0.911187410 235.054046631 0.093208954 0.995555341 0.013475376 -0.616486549 -0.906785131 0.090471372 -0.411771476 -31.842582703
-0.414685726 0.025831545 0.909597814 237.240737915 0.091895126 0.995675385 0.013618948 -0.608256578 -0.905312598 0.089235194 -0.415266424 -32.836925507
-0.418276578 0.025337951 0.907965839 239.465179443 0.090708859 0.995778859 0.013998766 -0.609774590 -0.903778970 0.088215970 -0.418809474 -33.839210510
-0.421344191 0.024887493 0.906559110 241.630599976 0.089937791 0.995842576 0.014462124 -0.617766619 -0.902430236 0.087627552 -0.421830714 -34.846996307
-0.425543457 0.024809364 0.904597402 243.802490234 0.089497626 0.995877147 0.014788978 -0.616283417 -0.900501311 0.087252714 -0.426009625 -35.842514038
-0.429862082 0.024292022 0.902567506 246.003692627 0.088569477 0.995951056 0.015377232 -0.625394344 -0.898539901 0.086550042 -0.430273145 -36.858993530
-0.433217227 0.024520962 0.900955796 248.172073364 0.087814577 0.996021926 0.015116591 -0.611622572 -0.897001147 0.085665837 -0.433647305 -37.904464722
-0.437132269 0.025026679 0.899048865 250.344985962 0.087819405 0.996023774 0.014973090 -0.618057013 -0.895099342 0.085499182 -0.437592000 -38.933837891
-0.440938443 0.025234640 0.897182524 252.528137207 0.088151798 0.995989442 0.015310272 -0.630288363 -0.893197834 0.085839175 -0.441394508 -39.988517761
-0.444154143 0.025345352 0.895591438 254.671524048 0.087914407 0.996008933 0.015412555 -0.624609470 -0.891626537 0.085581042 -0.444609463 -41.038787842
-0.448081374 0.025528207 0.893628120 256.886199951 0.086863682 0.996105731 0.015099347 -0.630987883 -0.889762521 0.084389567 -0.448553890 -42.120178223
-0.451316386 0.025905056 0.891987801 259.000732422 0.087102659 0.996084154 0.015142824 -0.617687941 -0.888102710 0.084528662 -0.451805472 -43.191886902
-0.457915634 0.022492060 0.888710916 261.155639648 0.087867163 0.995930076 0.020068653 -0.606774330 -0.884642720 0.087278292 -0.458028346 -44.262069702
-0.458830506 0.027636128 0.888093591 263.371276855 0.088634126 0.995954335 0.014799927 -0.609279633 -0.884091854 0.085506082 -0.459423542 -45.391929626
-0.461888522 0.029358236 0.886451840 265.465301514 0.090940431 0.995752156 0.014406662 -0.618581772 -0.882263541 0.087268576 -0.462596238 -46.491813660
-0.465141982 0.030238084 0.884719431 267.615936279 0.091906443 0.995665014 0.014289889 -0.602567434 -0.880451977 0.087958232 -0.465904713 -47.589942932
-0.468163192 0.032277901 0.883052289 269.795623779 0.093741685 0.995507419 0.013310090 -0.608492851 -0.878655553 0.089010075 -0.469085693 -48.728553772
-0.470482677 0.034528837 0.881733537 271.917785645 0.095799439 0.995326459 0.012140311 -0.612862587 -0.877193451 0.090181343 -0.471591651 -49.847007751
-0.473453999 0.035252456 0.880112588 274.111602783 0.096492469 0.995260894 0.012043208 -0.602639914 -0.875517130 0.090626203 -0.474611789 -51.022659302
-0.480545342 0.029733445 0.876465619 276.265075684 0.096472576 0.995151579 0.019133883 -0.606431007 -0.871647179 0.093749605 -0.481084108 -52.177726746
-0.480026603 0.036278348 0.876503289 278.443359375 0.096128695 0.995303094 0.011450492 -0.597069979 -0.871970832 0.089753672 -0.481259465 -53.339637756
-0.483486801 0.037231501 0.874559224 280.656951904 0.096516967 0.995270669 0.010987513 -0.589422941 -0.870014489 0.089722104 -0.484793663 -54.569084167
-0.486613721 0.037538610 0.872810185 282.815551758 0.096055642 0.995317876 0.010745896 -0.591909885 -0.868320107 0.089067422 -0.487941146 -55.754241943
-0.489298075 0.037549023 0.871307790 284.995849609 0.094701864 0.995452464 0.010282424 -0.581751823 -0.866959453 0.087545626 -0.490628898 -56.956764221
-0.492057115 0.038060557 0.869730294 287.242980957 0.095628031 0.995361328 0.010544027 -0.583869696 -0.865294695 0.088358842 -0.493414462 -58.221359253
-0.494326055 0.038016897 0.868444443 289.416442871 0.097000368 0.995215893 0.011646991 -0.582892418 -0.863847494 0.089996867 -0.495649010 -59.444053650
-0.496551126 0.037839126 0.867182255 291.606567383 0.097869851 0.995118976 0.012618978 -0.586583138 -0.862472177 0.091136985 -0.497830927 -60.687637329
-0.498901248 0.037787899 0.865834594 293.880554199 0.097706579 0.995132029 0.012868518 -0.580945730 -0.861133456 0.091017872 -0.500164926 -61.967864990
-0.500664473 0.037542596 0.864826858 296.069091797 0.097636558 0.995133102 0.013324412 -0.558532715 -0.860117376 0.091109820 -0.501893342 -63.239402771
-0.508101225 0.031021774 0.860738397 298.340393066 0.098017909 0.994941354 0.022002243 -0.552836418 -0.855701685 0.095547147 -0.508571625 -64.556365967
-0.505620360 0.036911938 0.861965954 300.537628174 0.098954611 0.994971991 0.015438097 -0.546252728 -0.857062280 0.093101330 -0.506730735 -65.833526611
-0.507506490 0.037864480 0.860815167 302.779602051 0.098731875 0.995009243 0.014441571 -0.530454159 -0.855972588 0.092319094 -0.508712113 -67.150711060
-0.510664761 0.039213806 0.858884990 305.058685303 0.097514011 0.995155036 0.012543161 -0.534749269 -0.854232192 0.090158664 -0.512014449 -68.479537964
-0.513559580 0.038829211 0.857174993 307.265289307 0.095572285 0.995347738 0.012171972 -0.526879072 -0.852714479 0.088173233 -0.514881492 -69.789062500
-0.517856658 0.037156928 0.854660094 309.529907227 0.093905412 0.995487928 0.013619786 -0.515411377 -0.850297391 0.087310307 -0.519009292 -71.137847900
-0.523437023 0.035088684 0.851341188 311.842559814 0.091602981 0.995678306 0.015283353 -0.499635220 -0.847125769 0.085985303 -0.524388790 -72.512283325
-0.527840316 0.033892546 0.848667204 314.064575195 0.090362802 0.995773196 0.016434979 -0.482288837 -0.844522953 0.085362971 -0.528671920 -73.880561829
-0.532190263 0.033641335 0.845956028 316.335754395 0.090383328 0.995757341 0.017261548 -0.469276905 -0.841786265 0.085646763 -0.532973051 -75.283882141
-0.536843181 0.035065655 0.842952788 318.626953125 0.092740215 0.995533645 0.017649759 -0.456288815 -0.838569462 0.087650783 -0.537697554 -76.707344055
-0.540085018 0.035790928 0.840848804 320.845886230 0.093357198 0.995477140 0.017591471 -0.434435844 -0.836416364 0.088000186 -0.540983558 -78.134056091
-0.544117332 0.035605285 0.838253081 323.160125732 0.093606509 0.995437562 0.018479012 -0.420657635 -0.833770990 0.088520750 -0.544967949 -79.612861633
-0.547977149 0.034577843 0.835778296 325.349761963 0.094210215 0.995339453 0.020589603 -0.398654461 -0.831170976 0.090021469 -0.548680902 -81.029716492
-0.552236199 0.033130284 0.833028913 327.603881836 0.092893243 0.995433152 0.021992059 -0.379976273 -0.828496099 0.089527577 -0.552791774 -82.481857300
-0.556222916 0.032993432 0.830377817 329.915740967 0.092487045 0.995461822 0.022399087 -0.367806911 -0.825870693 0.089258090 -0.556750000 -83.996345520
-0.559898913 0.032467607 0.827924490 332.120697021 0.091605507 0.995531738 0.022909453 -0.340199947 -0.823481262 0.088669427 -0.560371459 -85.458374023
-0.564148486 0.032868799 0.825018942 334.340759277 0.093533859 0.995319247 0.024304908 -0.309968948 -0.820358276 0.090878755 -0.564582348 -86.974075317
-0.568479180 0.031812388 0.822082043 336.644714355 0.093060851 0.995325148 0.025836194 -0.287858963 -0.817417204 0.091191053 -0.568781972 -88.531387329
-0.571378946 0.030787371 0.820108593 338.815582275 0.091811359 0.995420933 0.026597299 -0.256802559 -0.815534532 0.090492412 -0.571589231 -90.017257690
-0.575392306 0.030427491 0.817311227 341.051269531 0.091777660 0.995397925 0.027554601 -0.221355438 -0.812711895 0.090865612 -0.575536847 -91.560676575
-0.578598678 0.029840700 0.815066040 343.316253662 0.092312612 0.995305002 0.029091347 -0.182614326 -0.810371161 0.092073105 -0.578636706 -93.135520935
-0.581265509 0.028342195 0.813219965 345.504272461 0.089445092 0.995562553 0.029235533 -0.153305054 -0.808782876 0.089732125 -0.581221521 -94.689857483
-0.584630847 0.023796046 0.810950220 347.771240234 0.085938141 0.995762408 0.032735560 -0.104619980 -0.806734800 0.088829741 -0.584198534 -96.288253784
-0.587607265 0.023088813 0.808816791 349.946716309 0.082020663 0.996143579 0.031151893 -0.071416855 -0.804978251 0.084644765 -0.587235093 -97.816490173
-0.590910077 0.024354290 0.806369722 352.144165039 0.079631522 0.996423364 0.028259851 -0.036782265 -0.802797377 0.080911465 -0.590736389 -99.435607910
-0.594474673 0.024045661 0.803754270 354.410827637 0.081540786 0.996202767 0.030506322 0.007322311 -0.799969137 0.083674006 -0.594178438 -101.054855347
-0.596888006 0.024473432 0.801951230 356.557403564 0.080820367 0.996284485 0.029750211 0.051729202 -0.798243463 0.082571499 -0.596648395 -102.654083252
-0.600334466 0.022900864 0.799420953 358.735290527 0.077593289 0.996541858 0.029721823 0.087302208 -0.795975804 0.079872765 -0.600035489 -104.261718750
-0.603294551 0.019925315 0.797269404 360.997039795 0.076163791 0.996557891 0.032727271 0.140110970 -0.793872833 0.080467299 -0.602735639 -105.929931641
-0.606380284 0.017872984 0.794973791 363.154174805 0.074793391 0.996596992 0.034644011 0.193443298 -0.791649222 0.080466241 -0.605653703 -107.540519714
-0.609576583 0.017043276 0.792543888 365.298461914 0.072583780 0.996769071 0.034391988 0.239313126 -0.789397061 0.078490399 -0.608844519 -109.158660889
-0.612737238 0.016560500 0.790113091 367.496002197 0.071617253 0.996830225 0.034646373 0.283945084 -0.787034810 0.077814847 -0.611981094 -110.835563660
-0.615497589 0.016463727 0.787966728 369.631408691 0.071772143 0.996798277 0.035235710 0.339653969 -0.784863770 0.078241572 -0.614708841 -112.491340637
-0.618138850 0.016227175 0.785901070 371.772735596 0.072022505 0.996750653 0.036067471 0.393183708 -0.782762349 0.078897282 -0.617299139 -114.138458252
-0.620506048 0.013565400 0.784083724 373.925933838 0.067645252 0.997049391 0.036282972 0.434372902 -0.781278491 0.075553343 -0.619592845 -115.810920715
-0.623069227 0.009638657 0.782107174 376.052795410 0.057498422 0.997783005 0.033509761 0.474163055 -0.780050218 0.065848880 -0.622242153 -117.466224670
-0.627257764 0.013789884 0.778689325 378.208496094 0.052034680 0.998351097 0.024235643 0.556643486 -0.777071357 0.055720910 -0.626941204 -119.117340088
-0.629317343 0.022632241 0.776818573 380.366943359 0.059659839 0.998033106 0.019254502 0.547631741 -0.774854839 0.058462068 -0.629429877 -120.857261658
-0.630649507 0.024052842 0.775694668 382.492065430 0.067033939 0.997472286 0.023569692 0.552790642 -0.773166955 0.066862106 -0.630667686 -122.561080933
-0.632422388 0.014842403 0.774481416 384.528930664 0.066619813 0.997153997 0.035290338 0.574318886 -0.771753371 0.073914215 -0.631611407 -124.233978271
-0.635162950 0.004665910 0.772364140 386.696350098 0.061072163 0.997154117 0.044199578 0.661664963 -0.769959271 0.075243890 -0.633640528 -125.962364197
-0.638457537 -0.001479610 0.769655466 388.802429199 0.055501457 0.997306108 0.047957733 0.753883362 -0.767653286 0.073335998 -0.636655450 -127.660186768
-0.641218305 -0.001513412 0.767356873 390.908355713 0.054442428 0.997388184 0.047460217 0.840953827 -0.765424848 0.072209142 -0.639461160 -129.378906250
-0.643481612 0.003237708 0.765454590 392.991210938 0.059099693 0.997216105 0.045464333 0.905954361 -0.763176322 0.074493617 -0.641881704 -131.100738525
-0.645806313 0.008673601 0.763451934 395.019104004 0.062670231 0.997163236 0.041684154 0.962888718 -0.760924518 0.074765608 -0.644518018 -132.816513062
-0.648059487 0.012918776 0.761480093 397.108184814 0.064991653 0.997146785 0.038394351 1.037546158 -0.758811414 0.074371681 -0.647050142 -134.563751221
-0.651035845 0.012559137 0.758942962 399.174072266 0.064626120 0.997149289 0.038936518 1.090142250 -0.756290495 0.074396633 -0.649991870 -136.307922363
-0.653922915 0.012041990 0.756465018 401.207672119 0.065083779 0.997062027 0.040389393 1.147987366 -0.753756344 0.075645156 -0.652785480 -138.034973145
-0.656001270 0.011402178 0.754673243 403.293212891 0.065612309 0.996962011 0.041970797 1.223132133 -0.751902103 0.077048719 -0.654756904 -139.811965942
-0.658018947 0.011135617 0.752919018 405.332641602 0.065891884 0.996906459 0.042842500 1.295227051 -0.750112712 0.077802435 -0.656717002 -141.581115723
-0.659600496 0.011739688 0.751524270 407.350799561 0.066239186 0.996895432 0.042564329 1.360143661 -0.748691738 0.077855803 -0.658330500 -143.322952271
-0.660787702 0.008602929 0.750523329 409.424377441 0.066688046 0.996652663 0.047290396 1.433559418 -0.747604132 0.081299879 -0.659149706 -145.120498657
-0.662166476 0.008356839 0.749310076 411.431335449 0.068235271 0.996456146 0.049186435 1.507846832 -0.746243417 0.083698981 -0.660390019 -146.871704102
-0.662526906 0.011247315 0.748953581 413.433654785 0.070174284 0.996421635 0.047112759 1.580421448 -0.745743573 0.083770722 -0.660945177 -148.618011475
-0.663983881 0.010602026 0.747671604 415.482543945 0.071434960 0.996225357 0.049312629 1.656240463 -0.744326770 0.086152680 -0.662235022 -150.422515869
-0.665332794 0.010601295 0.746471465 417.501861572 0.070125490 0.996365309 0.048352901 1.736667633 -0.743245661 0.084517471 -0.663658500 -152.169860840
-0.665952682 0.010718227 0.745916963 419.547363281 0.066494390 0.996769547 0.045043252 1.815509796 -0.743024528 0.079595983 -0.664514005 -153.966201782
-0.667785406 0.010721610 0.744276524 421.565673828 0.063875005 0.997033238 0.042947743 1.900375366 -0.741608024 0.076220542 -0.666489244 -155.756546021
-0.669242144 0.010039776 0.742976487 423.554870605 0.063186258 0.997055650 0.043442398 1.977308273 -0.740352869 0.076019384 -0.667906165 -157.546478271
-0.669819474 0.008214005 0.742478549 425.592468262 0.061089251 0.997158289 0.044079509 2.036827087 -0.740006626 0.074882753 -0.668417871 -159.334960938
-0.670658052 0.007556480 0.741728067 427.593292236 0.058537383 0.997368753 0.042767644 2.116081238 -0.739453077 0.072101273 -0.669335604 -161.125610352
-0.671970248 0.007058972 0.740544498 429.577453613 0.057607282 0.997422993 0.042765245 2.180797577 -0.738334477 0.071397707 -0.670644939 -162.913513184
-0.671800137 0.005684472 0.740710378 431.560302734 0.058003731 0.997303665 0.044953831 2.262048721 -0.738457799 0.073163964 -0.670318604 -164.696716309
-0.672360301 0.004116138 0.740212023 433.570312500 0.059510257 0.997048020 0.048510902 2.337818146 -0.737827539 0.076667048 -0.670620799 -166.490936279
-0.670521379 0.004084344 0.741878986 435.549987793 0.065318614 0.996426523 0.053550225 2.431205750 -0.739009142 0.084365092 -0.668392062 -168.274627686
-0.669200718 0.001551586 0.743079960 437.592620850 0.067481391 0.995992482 0.058692556 2.521421432 -0.740010977 0.089421168 -0.666624010 -170.116638184
-0.668578565 -0.000184504 0.743641376 439.595123291 0.062323820 0.996467888 0.056280114 2.637710571 -0.741025150 0.083974265 -0.666205466 -171.906433105
-0.666730344 -0.000660927 0.745298564 441.607604980 0.055930745 0.997135282 0.050918803 2.741006851 -0.743197680 0.075634181 -0.664783120 -173.644577026
-0.665211260 -0.002522114 0.746650755 443.618347168 0.051049374 0.997500718 0.048850715 2.850086212 -0.744907975 0.070612103 -0.663419902 -175.398376465
-0.663313389 -0.003288857 0.748334110 445.635375977 0.049696088 0.997589588 0.048434235 2.923851013 -0.746689677 0.069316365 -0.661550760 -177.179016113
-0.660108507 -0.002826980 0.751164854 447.668884277 0.051210552 0.997497022 0.048756849 3.005739212 -0.749422431 0.070652373 -0.658311367 -178.924102783
-0.657348573 -0.002969209 0.753580511 449.675842285 0.051752627 0.997453392 0.049073964 3.098615646 -0.751807272 0.071258508 -0.655521095 -180.671249390
-0.655750453 -0.002686501 0.754972637 451.694763184 0.049489614 0.997689545 0.046535663 3.174375534 -0.753353596 0.067879073 -0.654102623 -182.434967041
-0.653518558 -0.007208144 0.756875932 453.757537842 0.042698357 0.998011351 0.046372145 3.267612457 -0.755705237 0.062622413 -0.651910841 -184.172851562
-0.653119028 -0.012538561 0.757151306 455.791473389 0.035101589 0.998286903 0.046810459 3.363550186 -0.756441176 0.057150021 -0.651560128 -185.944747925
-0.651951432 -0.015803890 0.758095682 457.864715576 0.028447453 0.998569131 0.045281406 3.425559998 -0.757726729 0.051087197 -0.650569201 -187.618499756
-0.651800036 -0.016486570 0.758211672 459.872192383 0.026182774 0.998678327 0.044223424 3.498743057 -0.757938683 0.048676919 -0.650506973 -189.328918457
-0.651076734 -0.017144131 0.758818030 461.920410156 0.027574230 0.998550713 0.046219565 3.583290100 -0.758510530 0.051016342 -0.649660528 -191.099945068
-0.649209201 -0.018620212 0.760381639 463.952819824 0.029005613 0.998366952 0.049212847 3.653465271 -0.760056138 0.054004766 -0.647609532 -192.806335449
-0.646669507 -0.023191398 0.762417853 465.985778809 0.028095970 0.998135090 0.054192029 3.753658295 -0.762252688 0.056465186 -0.644811809 -194.516616821
-0.647123814 -0.020693552 0.762104094 468.054779053 0.025960652 0.998453557 0.049155090 3.841615677 -0.761942923 0.051594142 -0.645585537 -196.243103027
-0.645788968 -0.019719280 0.763260782 470.098083496 0.024867112 0.998592854 0.046839066 3.934640884 -0.763110459 0.049228285 -0.644390345 -197.942947388
-0.644869685 -0.018222369 0.764075160 472.145233154 0.025501233 0.998645902 0.045339361 4.016069412 -0.763866663 0.048722852 -0.643532038 -199.654632568
-0.643830121 -0.017898325 0.764958978 474.192749023 0.027702663 0.998525560 0.046679325 4.080852509 -0.764666498 0.051244970 -0.642385542 -201.360382080
