1.000000000 0.000000000 0.000000000 0.000000000 0.000000000 1.000000000 0.000000000 0.000000000 0.000000000 0.000000000 1.000000000 0.000000000
0.999997497 -0.001199052 -0.001883045 -0.013127405 0.001201747 0.999998271 0.001430566 -0.023999091 0.001881327 -0.001432825 0.999997199 1.544619799
0.999992430 -0.002433802 -0.003006908 -0.000771312 0.002443420 0.999991894 0.003199232 -0.053112708 0.002999098 -0.003206557 0.999990344 3.057167530
0.999990284 -0.001354118 -0.004184384 -0.023373593 0.001367144 0.999994218 0.003111608 -0.067986846 0.004180145 -0.003117299 0.999986470 4.564858913
0.999985635 -0.001049016 -0.005255035 -0.028498249 0.001065134 0.999994636 0.003064980 -0.091120034 0.005251792 -0.003070534 0.999981642 6.085290432
0.999977708 -0.000767377 -0.006633246 -0.064847454 0.000787766 0.999994814 0.003071046 -0.115081668 0.006630849 -0.003076205 0.999973476 7.605116367
0.999965191 -0.001116013 -0.008294052 -0.076531813 0.001142191 0.999994576 0.003152138 -0.140043929 0.008290482 -0.003161501 0.999960542 9.116356850
0.999945402 -0.002644265 -0.010125388 -0.100175492 0.002674495 0.999992251 0.002973176 -0.167112440 0.010117443 -0.003000095 0.999944329 10.613681793
0.999974668 -0.003674359 0.006098279 -0.128053129 0.003662903 0.999991477 0.001888655 -0.181047320 -0.006105162 -0.001866271 0.999979556 12.099083900
0.999982178 -0.003629448 0.004747053 -0.136294425 0.003619851 0.999991417 0.002028601 -0.210511014 -0.004754374 -0.002011382 0.999986529 13.584590912
0.999902546 -0.002723030 -0.013694572 -0.186826378 0.002768076 0.999990821 0.003271394 -0.225947857 0.013685550 -0.003308984 0.999900579 15.077813148
0.999885440 -0.001611987 -0.015044368 -0.235233024 0.001670783 0.999991059 0.003896443 -0.256623268 0.015037957 -0.003921132 0.999879301 16.572879791
0.999886572 -0.000406760 -0.015047021 -0.256918013 0.000475044 0.999989986 0.004535030 -0.269420117 0.015045017 -0.004541666 0.999876797 18.046646118
0.999879181 0.000137051 -0.015542553 -0.288159668 -0.000056874 0.999986768 0.005158888 -0.287815481 0.015543057 -0.005157380 0.999865890 19.510770798
0.999991775 0.000347039 0.004024629 -0.317428946 -0.000368503 0.999985874 0.005333289 -0.319493830 -0.004022721 -0.005334730 0.999977469 20.987545013
0.999991298 0.001214373 0.004001298 -0.318044931 -0.001236524 0.999983966 0.005538178 -0.337639302 -0.003994515 -0.005543080 0.999976456 22.453205109
0.999997139 0.001655037 0.001709848 -0.384875715 -0.001665963 0.999978065 0.006408387 -0.360040218 -0.001699217 -0.006411221 0.999977589 23.930618286
0.999997437 0.002212617 -0.000501562 -0.412953377 -0.002209615 0.999980152 0.005906518 -0.373363972 0.000514625 -0.005905396 0.999982417 25.365196228
0.999996126 0.002616653 0.000413233 -0.442184508 -0.002619502 0.999971688 0.007058185 -0.394846618 -0.000394741 -0.007059243 0.999974966 26.803609848
0.999994755 0.003192316 0.000089769 -0.455808431 -0.003192714 0.999983191 0.004857729 -0.414817691 -0.000074264 -0.004857990 0.999988198 28.242416382
0.999874175 0.001629820 -0.015759820 -0.511945724 -0.001568564 0.999991298 0.003898388 -0.434111476 0.015766025 -0.003873179 0.999867976 29.683160782
0.999985874 0.000076321 0.005310820 -0.536889851 -0.000101093 0.999989092 0.004664702 -0.453820765 -0.005310402 -0.004665174 0.999975026 31.116136551
0.999993742 -0.000967500 0.003440801 -0.568131566 0.000936792 0.999959946 0.008915312 -0.474075198 -0.003449297 -0.008912032 0.999954224 32.528865814
0.999990642 -0.001533264 0.004071901 -0.552858949 0.001497952 0.999961376 0.008661187 -0.489225954 -0.004085025 -0.008655004 0.999954224 33.941558838
0.999988914 -0.001596490 0.004442897 -0.561150372 0.001563942 0.999972045 0.007319885 -0.508393049 -0.004454460 -0.007312856 0.999963284 35.331813812
0.999904871 -0.000953855 -0.013764296 -0.650309443 0.001017994 0.999988675 0.004653547 -0.529261589 0.013759695 -0.004667117 0.999894142 36.704467773
0.999923289 0.000171326 -0.012387590 -0.669747829 -0.000121212 0.999991715 0.004046219 -0.558102012 0.012388175 -0.004044407 0.999915004 38.063446045
0.999930918 0.000311424 -0.011721783 -0.703196943 -0.000255680 0.999988675 0.004757098 -0.578926921 0.011723132 -0.004753775 0.999919772 39.405902863
0.999943554 0.000022749 -0.010621087 -0.745525479 0.000047234 0.999978304 0.006588704 -0.603526592 0.010621008 -0.006588834 0.999921739 40.733505249
0.999965549 0.000092870 -0.008297525 -0.742395520 -0.000027971 0.999969363 0.007821192 -0.628656983 0.008297998 -0.007820691 0.999934793 42.027317047
0.999980927 0.000165564 -0.006186689 -0.765659928 -0.000111932 0.999962449 0.008668082 -0.641719103 0.006187891 -0.008667224 0.999943256 43.296737671
0.999995768 -0.000150440 -0.002921119 -0.784320414 0.000174961 0.999964654 0.008395492 -0.660529315 0.002919756 -0.008395968 0.999960423 44.569671631
0.999999344 -0.000483727 0.001139552 -0.776959717 0.000476510 0.999979794 0.006323768 -0.687795877 -0.001142585 -0.006323226 0.999979138 45.827365875
0.999984205 -0.000456184 0.005572669 -0.755031347 0.000428891 0.999987900 0.004897997 -0.712042451 -0.005574838 -0.004895532 0.999972463 47.078411102
0.999959826 -0.000318458 0.008923962 -0.782529652 0.000272272 0.999986649 0.005176372 -0.721637309 -0.008925490 -0.005173737 0.999946713 48.274200439
0.999896884 -0.000143200 0.014313649 -0.757036150 0.000071210 0.999987543 0.005029985 -0.750488698 -0.014314185 -0.005028456 0.999884844 49.499206543
0.999782383 0.000702666 0.020847129 -0.753604531 -0.000791029 0.999990821 0.004230699 -0.766331613 -0.020843962 -0.004246270 0.999773622 50.698059082
0.999590695 0.001984729 0.028538406 -0.726248860 -0.002105059 0.999989092 0.004186963 -0.788337231 -0.028529778 -0.004245325 0.999583781 51.911403656
0.999330282 0.003512996 0.036425840 -0.689289451 -0.003711315 0.999978781 0.005378187 -0.809689164 -0.036406163 -0.005509775 0.999321580 53.059173584
0.998875856 0.005643276 0.047065310 -0.648586512 -0.005935239 0.999963999 0.006065945 -0.830172539 -0.047029387 -0.006338470 0.998873413 54.240646362
0.998172522 0.007931182 0.059904948 -0.590216637 -0.008312586 0.999946773 0.006120341 -0.845788479 -0.059853211 -0.006607119 0.998185396 55.372634888
0.997161567 0.010071833 0.074614674 -0.516706944 -0.010581304 0.999923050 0.006435944 -0.866170526 -0.074544132 -0.007207192 0.997192085 56.516204834
0.995744526 0.012125384 0.091356352 -0.419670105 -0.012842936 0.999891102 0.007270629 -0.875326157 -0.091258243 -0.008412972 0.995791852 57.646694183
0.994028389 0.012220316 0.108435400 -0.314404964 -0.013204814 0.999877810 0.008365658 -0.889124274 -0.108319893 -0.009747567 0.994068325 58.760780334
0.991736352 0.012182729 0.127712816 -0.180108070 -0.013279996 0.999881685 0.007743660 -0.914299011 -0.127603441 -0.009375693 0.991781056 59.855098724
0.988867760 0.010325168 0.148440853 -0.036116600 -0.011460093 0.999910951 0.006792324 -0.927286506 -0.148357660 -0.008417850 0.988898158 60.960083008
0.985562861 0.006740541 0.169176072 0.144108772 -0.008009508 0.999944627 0.006819549 -0.935132146 -0.169120774 -0.008076111 0.985562146 62.038154602
0.978122234 0.003156444 0.208007663 0.337796211 -0.004781407 0.999961853 0.007309714 -0.956448555 -0.207976654 -0.008144358 0.978099763 63.070735931
0.973026752 -0.002136847 0.230682582 0.569442749 0.000072521 0.999959886 0.008956875 -0.957935929 -0.230692461 -0.008698548 0.972987771 64.064491272
0.971226335 -0.008598436 0.238003314 0.816523552 0.006492978 0.999932706 0.009628868 -0.975195110 -0.238070115 -0.007806461 0.971216738 65.100440979
0.964781106 -0.014637771 0.262646586 1.099081039 0.012924681 0.999882519 0.008248953 -1.008812666 -0.262736499 -0.004563811 0.964856863 66.112625122
0.957202494 -0.018727474 0.288813055 1.359399796 0.016833259 0.999817491 0.009041199 -1.009105206 -0.288929701 -0.003792592 0.957342863 67.052566528
0.948468208 -0.020824648 0.316188544 1.722503662 0.018256003 0.999771893 0.011084144 -1.013728142 -0.316347390 -0.004740616 0.948631704 68.059555054
0.938565135 -0.025861764 0.344131947 2.044233322 0.022487981 0.999651849 0.013792183 -1.017522335 -0.344368935 -0.005206029 0.938819945 68.980796814
0.927429080 -0.029310450 0.372849196 2.416755676 0.026008135 0.999565244 0.013885008 -1.041819096 -0.373094052 -0.003180249 0.927788317 69.901374817
0.915479243 -0.028747579 0.401336998 2.828220367 0.026976811 0.999585450 0.010063739 -1.032904387 -0.401459903 0.001613651 0.915875137 70.799835205
0.902358711 -0.029794719 0.429954857 3.199254990 0.030424491 0.999522328 0.005411481 -1.057359934 -0.429910719 0.008198062 0.902834058 71.652809143
0.887858152 -0.031786669 0.459017813 3.666982651 0.034197465 0.999410450 0.003061816 -1.069555163 -0.458844543 0.012978791 0.888421595 72.491790771
0.871806979 -0.032684118 0.488758087 4.177661896 0.034111563 0.999400198 0.005986215 -1.091186166 -0.488660544 0.011453476 0.872398794 73.361968994
0.854087353 -0.032135390 0.519135833 4.629304886 0.030547686 0.999465883 0.011611262 -1.084623098 -0.519231677 0.005941358 0.854612708 74.160064697
0.834295034 -0.032426659 0.550363839 5.173725128 0.029009655 0.999467909 0.014911583 -1.077162862 -0.550554454 0.003525202 0.834791720 74.961303711
0.813126326 -0.027274100 0.581448138 5.711341858 0.025522700 0.999611497 0.011196762 -1.104321241 -0.581527591 0.005735740 0.813506424 75.728759766
0.791316867 -0.020211479 0.611072302 6.261909485 0.021931102 0.999748647 0.004667135 -1.111829996 -0.611012995 0.009708299 0.791561186 76.465576172
0.768563032 -0.017029809 0.639547586 6.901889801 0.020302799 0.999791443 0.002223879 -1.103016376 -0.639451981 0.011275415 0.768748403 77.182807922
0.745260000 -0.020286264 0.666465223 7.453853607 0.022488728 0.999733269 0.005282938 -1.131538987 -0.666394532 0.011050793 0.745517433 77.872184753
0.720530391 -0.020951770 0.693106711 8.114635468 0.023317646 0.999710619 0.005979768 -1.125980854 -0.693031490 0.011853015 0.720810056 78.541305542
0.694626510 -0.019675562 0.719101310 8.782775879 0.024153257 0.999700248 0.004021922 -1.168416381 -0.718964875 0.014574908 0.694893479 79.182067871
0.668565869 -0.016792862 0.743463278 9.449325562 0.023177667 0.999729931 0.001738523 -1.170594931 -0.743291676 0.016069431 0.668774247 79.753906250
0.641534686 -0.014858486 0.766950130 10.146106720 0.022112306 0.999755263 0.000872332 -1.175971866 -0.766775250 0.016399406 0.641705930 80.368896484
0.613331199 -0.013713931 0.789706886 10.829383850 0.022543315 0.999746025 -0.000146975 -1.191678643 -0.789504111 0.017892754 0.613484323 80.903778076
0.584671795 -0.007755954 0.811232924 11.550621033 0.021388773 0.999754250 -0.005856968 -1.222564936 -0.810987830 0.020775683 0.584693789 81.443603516
0.554520547 0.001566718 0.832168519 12.360626221 0.020027364 0.999683619 -0.015227464 -1.230767369 -0.831928730 0.025110092 0.554313600 81.971542358
0.523584843 0.009496960 0.851920724 13.114223480 0.019361980 0.999547005 -0.023042403 -1.267437339 -0.851753533 0.028559525 0.523163915 82.449569702
0.491860390 0.014341697 0.870555997 13.913486481 0.016611524 0.999527693 -0.025851840 -1.292079568 -0.870515585 0.027176766 0.491390288 82.884780884
0.459470868 0.014241293 0.888078630 14.730886459 0.014885145 0.999607563 -0.023731001 -1.325176954 -0.888068080 0.024122879 0.459078670 83.310150146
0.425783545 0.013089327 0.904730380 15.568876266 0.010825573 0.999749959 -0.019558763 -1.357010126 -0.904760301 0.018122017 0.425535440 83.714515686
0.391548455 0.014039880 0.920050502 16.444063187 0.006067021 0.999822497 -0.017839156 -1.382834435 -0.920137525 0.012566847 0.391393691 84.093650818
0.356181145 0.016495902 0.934271216 17.312131882 -0.000774143 0.999849141 -0.017358636 -1.419711590 -0.934416592 0.005459561 0.356140196 84.449165344
0.320562124 0.018434379 0.947048068 18.203939438 -0.005788019 0.999830186 -0.017502625 -1.431018829 -0.947209775 0.000129149 0.320614368 84.754302979
0.284625709 0.018133013 0.958467245 19.098293304 -0.008541863 0.999829412 -0.016378947 -1.459976196 -0.958600581 -0.003525224 0.284732044 85.018112183
0.247370124 0.017560905 0.968762040 20.022691727 -0.009080363 0.999834180 -0.015805505 -1.495597124 -0.968878448 -0.004886894 0.247488663 85.282279968
0.211284190 0.016894847 0.977278531 20.955070496 -0.008680740 0.999843597 -0.015408196 -1.533389091 -0.977386177 -0.005227994 0.211397812 85.482292175
0.176783264 0.016177390 0.984116793 21.883571625 -0.006364485 0.999862790 -0.015292937 -1.547679663 -0.984229326 -0.003559860 0.176861957 85.638244629
0.140820250 0.014690728 0.989926159 22.847782135 0.000849603 0.999887764 -0.014959420 -1.590325594 -0.990034819 0.002947637 0.140791953 85.779289246
0.108227126 0.017526062 0.993971825 23.802803040 0.003635358 0.999830961 -0.018025201 -1.620199561 -0.994119525 0.005564264 0.108144999 85.876899719
0.074650243 0.023477821 0.996933460 24.795713425 0.004862088 0.999702454 -0.023907105 -1.612786055 -0.997197866 0.006631849 0.074513853 85.941329956
0.045842327 0.025828354 0.998615026 25.772436142 0.010031074 0.999603450 -0.026314415 -1.688457966 -0.998898268 0.011223493 0.045565039 85.976852417
0.020584259 0.024708940 0.999482930 26.718654633 0.013020712 0.999603331 -0.024980087 -1.715616941 -0.999703228 0.013528175 0.020254333 86.006797791
-0.002332067 0.022263644 0.999749243 27.703367233 0.015121829 0.999638736 -0.022225901 -1.739733458 -0.999882877 0.015066203 -0.002667900 86.017669678
-0.021926735 0.019998549 0.999559343 28.666820526 0.016338605 0.999673784 -0.019642420 -1.777583361 -0.999626040 0.015900707 -0.022246333 86.001701355
-0.038025860 0.022340694 0.999026537 29.673768997 0.017538378 0.999611080 -0.021686202 -1.819326162 -0.999122679 0.016696662 -0.038402922 85.956726074
-0.053054918 0.027599907 0.998210073 30.679756165 0.020795202 0.999431789 -0.026528424 -1.842088938 -0.998374999 0.019350521 -0.053598728 85.907745361
-0.064959586 0.031944405 0.997376442 31.675437927 0.024496907 0.999237418 -0.030408513 -1.893749237 -0.997587085 0.022457318 -0.065692589 85.835403442
-0.074242011 0.036054175 0.996588290 32.657836914 0.030119875 0.998971522 -0.033896580 -1.926973939 -0.996785343 0.027500564 -0.075251609 85.763938904
-0.079868227 0.040725198 0.995973468 33.649509430 0.032818876 0.998731256 -0.038206182 -1.979313135 -0.996265292 0.029635269 -0.081103481 85.678359985
-0.084057264 0.046055157 0.995396078 34.646472931 0.036166936 0.998414099 -0.043140646 -2.023393869 -0.995804369 0.032374144 -0.085589670 85.594070435
-0.087158233 0.049584642 0.994959831 35.634239197 0.037253547 0.998224199 -0.046483912 -2.086245060 -0.995497704 0.033014327 -0.088850677 85.515014648
-0.089024372 0.052763298 0.994631290 36.655021667 0.037709285 0.998058379 -0.049569938 -2.142199278 -0.995315373 0.033093888 -0.090841256 85.420616150
-0.091814563 0.056231260 0.994187295 37.645339966 0.038733017 0.997850418 -0.052861407 -2.207807541 -0.995022535 0.033654418 -0.093795218 85.324081421
-0.093072593 0.060067896 0.993845999 38.640537262 0.040067933 0.997595906 -0.056542233 -2.270653248 -0.994852722 0.034558795 -0.095255651 85.233161926
-0.094641760 0.060924862 0.993645430 39.653480530 0.041097336 0.997513831 -0.057247657 -2.342554092 -0.994662762 0.035418157 -0.096910298 85.139160156
-0.097229719 0.060476594 0.993422866 40.651588440 0.042286444 0.997501850 -0.056586195 -2.403228521 -0.994363308 0.036506478 -0.099544138 85.039962769
-0.099845283 0.059859298 0.993200541 41.672927856 0.042553902 0.997532487 -0.055842470 -2.480888844 -0.994092822 0.036688998 -0.102146126 84.943603516
-0.102087446 0.061192408 0.992891431 42.707046509 0.041570261 0.997496843 -0.057202034 -2.554800987 -0.993906438 0.035435151 -0.104375660 84.831657410
-0.104444578 0.063040644 0.992530644 43.719673157 0.040567666 0.997428417 -0.059082773 -2.619491339 -0.993703127 0.034093767 -0.106733374 84.739570618
-0.106846772 0.065445274 0.992119372 44.754558563 0.038972929 0.997340143 -0.061592471 -2.691715240 -0.993511438 0.032084830 -0.109113157 84.626098633
-0.109662399 0.068918258 0.991576791 45.796482086 0.036703512 0.997193694 -0.065249458 -2.770157337 -0.993291140 0.029238926 -0.111884199 84.518135071
-0.111580960 0.072998554 0.991070628 46.838500977 0.033263687 0.997013807 -0.069691256 -2.841035843 -0.993198514 0.025190435 -0.113675952 84.406333923
-0.113897890 0.075506315 0.990619183 47.877204895 0.030458454 0.996904314 -0.072483383 -2.929338694 -0.993025482 0.021917026 -0.115845107 84.285728455
-0.117362820 0.073792063 0.990343988 48.923084259 0.028645962 0.997071922 -0.070898660 -3.024090767 -0.992676020 0.020048490 -0.119132988 84.167449951
-0.120092556 0.070234932 0.990275085 49.980812073 0.026622251 0.997363389 -0.067509145 -3.082524061 -0.992405832 0.018256005 -0.121645741 84.048004150
-0.122610457 0.068098843 0.990115762 51.033798218 0.026763543 0.997507155 -0.065292984 -3.181693077 -0.992094040 0.018493399 -0.124127395 83.923377991
-0.124291711 0.068553001 0.989874482 52.083507538 0.026241913 0.997488558 -0.065785326 -3.267525673 -0.991898477 0.017799634 -0.125778571 83.793037415
-0.125616893 0.071275279 0.989515126 53.130378723 0.026620556 0.997298896 -0.068456501 -3.349579096 -0.991721511 0.017742151 -0.127174988 83.654991150
-0.126573548 0.073394880 0.989238203 54.191310883 0.026365116 0.997155666 -0.070608839 -3.433617830 -0.991606653 0.017144168 -0.128148586 83.516326904
-0.126350671 0.074797973 0.989161551 55.281654358 0.026181353 0.997057378 -0.072050683 -3.528262854 -0.991639853 0.016793935 -0.127937242 83.375587463
-0.126934931 0.073887371 0.989155233 56.337543488 0.022919204 0.997173786 -0.071545206 -3.607077122 -0.991646171 0.013589066 -0.128269672 83.257781982
-0.126927078 0.073286086 0.989201069 57.425449371 0.019657686 0.997256637 -0.071360618 -3.694115400 -0.991717160 0.010387810 -0.128019527 83.130310059
-0.126835242 0.073893644 0.989167571 58.496932983 0.015622217 0.997246146 -0.072494090 -3.786955833 -0.991800666 0.006258180 -0.127640426 83.005249023
-0.127682731 0.073968291 0.989053130 59.572090149 0.011771112 0.997257948 -0.073062316 -3.875360250 -0.991745293 0.002313462 -0.128203303 82.887634277
-0.137539044 0.077187844 0.987484336 60.662700653 0.007762758 0.997012258 -0.076851428 -3.971511364 -0.990465999 -0.002904465 -0.137727290 82.747360229
-0.137109220 0.072058044 0.987931430 61.758563995 0.007130867 0.997396469 -0.071758762 -4.059018135 -0.990530133 -0.002793980 -0.137266085 82.584892273
-0.137603655 0.064129151 0.988409042 62.856597900 0.010528247 0.997940183 -0.063281834 -4.139603615 -0.990431428 0.001698405 -0.137995422 82.416885376
-0.128124699 0.055266969 0.990216672 63.991638184 0.017684439 0.998414636 -0.053436309 -4.189091206 -0.991600394 0.010664930 -0.128898963 82.316642761
-0.127522200 0.057222739 0.990183651 65.071365356 0.024716007 0.998207569 -0.054503359 -4.287178993 -0.991527736 0.017523000 -0.128707960 82.188064575
-0.125981897 0.062135823 0.990084708 66.204650879 0.029459938 0.997830570 -0.058873359 -4.378482342 -0.991595089 0.021750854 -0.127539113 82.003471375
-0.125980526 0.067974940 0.989701152 67.267402649 0.033370070 0.997375429 -0.064254314 -4.432672501 -0.991471410 0.024931602 -0.127918199 81.899757385
-0.124626592 0.070658572 0.989684463 68.397964478 0.033012360 0.997204065 -0.067038305 -4.568972588 -0.991654456 0.024317069 -0.126610667 81.719825745
-0.124617606 0.069924094 0.989737749 69.532852173 0.032151289 0.997274339 -0.066408381 -4.618866920 -0.991683662 0.023545694 -0.126526073 81.607048035
-0.123829588 0.065580837 0.990133941 70.665618896 0.032371864 0.997549534 -0.062023461 -4.675133705 -0.991775215 0.024372142 -0.125649095 81.466674805
-0.123339370 0.063165195 0.990352154 71.812866211 0.028714806 0.997781277 -0.060062882 -4.761522293 -0.991948962 0.021029649 -0.124879479 81.315536499
-0.123404667 0.064212076 0.990276575 72.966575623 0.027170978 0.997748792 -0.061310638 -4.850627422 -0.991984427 0.019340767 -0.124871492 81.173576355
-0.123222776 0.068576165 0.990006864 74.075592041 0.026550472 0.997480094 -0.065789171 -4.946809292 -0.992023766 0.018178424 -0.124732994 81.029029846
-0.122979917 0.071501255 0.989830017 75.230148315 0.027778773 0.997258127 -0.068586521 -5.039406776 -0.992020369 0.019061513 -0.124628998 80.898101807
-0.123407423 0.069652565 0.989908516 76.334709167 0.025970032 0.997418761 -0.066943444 -5.143046379 -0.992016375 0.017446645 -0.124897756 80.771659851
-0.121780813 0.064918071 0.990431488 77.522331238 0.029607223 0.997652471 -0.061750911 -5.192377567 -0.992115438 0.021803861 -0.123416975 80.613792419
-0.121707387 0.063075751 0.990559757 78.722969055 0.029028432 0.997778058 -0.059968762 -5.288371563 -0.992141306 0.021455759 -0.123267949 80.471984863
-0.121929407 0.065663405 0.990364373 79.856498718 0.026291845 0.997672617 -0.062911041 -5.369694710 -0.992190242 0.018367806 -0.123372056 80.329376221
-0.121519670 0.067832634 0.990268648 81.022644043 0.024853477 0.997557044 -0.065282062 -5.463803291 -0.992277443 0.016678577 -0.122908682 80.202346802
-0.121460892 0.067140691 0.990322769 82.206901550 0.024510568 0.997608423 -0.064628467 -5.543755531 -0.992293477 0.016423544 -0.122816041 80.057731628
-0.120675758 0.064195603 0.990614116 83.388099670 0.024295701 0.997798920 -0.061701529 -5.616413593 -0.992394507 0.016621783 -0.121969834 79.930557251
-0.120041110 0.063268989 0.990750790 84.576881409 0.025237730 0.997839510 -0.060663767 -5.717358589 -0.992448032 0.017722156 -0.121378496 79.775787354
-0.119159110 0.063572586 0.990837872 85.767036438 0.026677944 0.997792780 -0.060810510 -5.805688381 -0.992516637 0.019187395 -0.120592095 79.613540649
-0.117943667 0.063642092 0.990978777 86.951911926 0.028812246 0.997743428 -0.060647368 -5.891057491 -0.992602229 0.021399358 -0.119511195 79.470733643
-0.117414452 0.063833989 0.991029263 88.183509827 0.029160136 0.997723281 -0.060810372 -5.964752674 -0.992654979 0.021758538 -0.119008526 79.357582092
-0.116393603 0.063551173 0.991167903 89.353698730 0.028650127 0.997750163 -0.060608830 -6.067757130 -0.992789805 0.021342600 -0.117952518 79.208633423
-0.114613764 0.062507674 0.991441667 90.576400757 0.031182071 0.997752905 -0.059300866 -6.146706104 -0.992920518 0.024118507 -0.116305359 79.083724976
-0.114456289 0.061310429 0.991534710 91.782630920 0.028570956 0.997883677 -0.058405071 -6.229692936 -0.993017197 0.021644248 -0.115965776 78.932716370
-0.111970313 0.060644723 0.991859198 93.001907349 0.029992271 0.997887492 -0.057627492 -6.307725906 -0.993258774 0.023295544 -0.113552660 78.807212830
-0.110029683 0.061429020 0.992028058 94.221588135 0.028598214 0.997870624 -0.058618862 -6.390712738 -0.993516624 0.021920418 -0.111552186 78.675567627
-0.109642446 0.063605674 0.991933465 95.444351196 0.027776742 0.997756660 -0.060908787 -6.489692688 -0.993582904 0.020874495 -0.111163311 78.544509888
-0.108167209 0.063493557 0.992103159 96.660575867 0.026920805 0.997779369 -0.060921732 -6.556227684 -0.993768215 0.020118484 -0.109636292 78.431427002
-0.107696228 0.062174257 0.992237985 97.905014038 0.024436716 0.997906625 -0.059877131 -6.650444984 -0.993883431 0.017798506 -0.108990073 78.293746948
-0.107432954 0.062259134 0.992260933 99.140968323 0.020039644 0.997970343 -0.060447618 -6.751423836 -0.994010270 0.013390495 -0.108462512 78.185012817
-0.108426414 0.061816312 0.992180228 100.414581299 0.017234433 0.998031855 -0.060297422 -6.832359314 -0.993955195 0.010561841 -0.109278344 78.050590515
-0.109492205 0.059912544 0.992180288 101.687042236 0.016644977 0.998152375 -0.058436304 -6.912387848 -0.993848324 0.010116500 -0.110287122 77.914489746
-0.110073984 0.058013789 0.992228746 102.923751831 0.013715250 0.998288751 -0.056846581 -7.002845287 -0.993828773 0.007351341 -0.110681266 77.808708191
-0.111749142 0.057471029 0.992072999 104.168716431 0.012188473 0.998330653 -0.056460578 -7.089783192 -0.993661940 0.005782436 -0.112263046 77.657623291
-0.114210628 0.057208754 0.991807938 105.439636230 0.011012792 0.998352051 -0.056318063 -7.177603722 -0.993395507 0.004490451 -0.114652433 77.506042480
-0.115878962 0.055409510 0.991716683 106.682640076 0.009794247 0.998457789 -0.054641742 -7.274327278 -0.993215084 0.003381288 -0.116242982 77.380935669
-0.118166298 0.052374959 0.991611481 107.959793091 0.010894962 0.998616219 -0.051446628 -7.329474449 -0.992934048 0.004724312 -0.118573427 77.247413635
-0.122418329 0.051758062 0.991128027 109.176979065 0.009899004 0.998653173 -0.050928384 -7.416586876 -0.992429316 0.003576615 -0.122765779 77.090209961
-0.128471553 0.056171361 0.990121126 110.415992737 0.003884057 0.998415470 -0.056137942 -7.515595436 -0.991705596 -0.003366440 -0.128486142 76.950706482
-0.136873573 0.058542643 0.988857090 111.666984558 -0.000081154 0.998251557 -0.059110031 -7.603203773 -0.990588546 -0.008170851 -0.136629477 76.751968384
-0.145139396 0.056129660 0.987817645 112.918243408 0.004793169 0.998417497 -0.056027692 -7.685195446 -0.989399493 -0.003397048 -0.145178810 76.610427856
-0.155184582 0.054416288 0.986385643 114.168388367 0.007341222 0.998517811 -0.053930614 -7.766373634 -0.987858176 -0.001127923 -0.155354053 76.449829102
-0.168682232 0.054646071 0.984154582 115.379127502 0.007793337 0.998504877 -0.054107115 -7.877886295 -0.985639513 -0.001457061 -0.168855920 76.221687317
-0.183016971 0.053881969 0.981632173 116.549270630 0.007328518 0.998544216 -0.053443905 -7.955313206 -0.983082175 -0.002587235 -0.183145359 75.997322083
-0.196656764 0.053850058 0.978992522 117.783897400 0.009887356 0.998548627 -0.052939627 -8.010463715 -0.980422616 -0.000731290 -0.196903765 75.778755188
-0.212175637 0.054466210 0.975712657 118.951568604 0.012697540 0.998514831 -0.052977923 -8.116155624 -0.977149189 0.001148523 -0.212552145 75.511924744
-0.227202922 0.058487814 0.972089529 120.135040283 0.013665703 0.998288095 -0.056870054 -8.190431595 -0.973751545 0.000363244 -0.227613270 75.250946045
-0.243407875 0.060719348 0.968021572 121.315849304 0.011686845 0.998149812 -0.059670459 -8.296766281 -0.969853640 -0.003211139 -0.243667141 74.944641113
-0.258882195 0.059283320 0.964087784 122.498489380 0.009568710 0.998223126 -0.058812935 -8.383093834 -0.965861619 -0.006000542 -0.258989424 74.676803589
-0.274581254 0.054289348 0.960030138 123.659721375 0.004417184 0.998465478 -0.055199519 -8.451719284 -0.961553931 -0.010916122 -0.274399757 74.357299805
-0.290050000 0.051780950 0.955609500 124.865768433 0.002278196 0.998569369 -0.053417347 -8.524686813 -0.957008958 -0.013316639 -0.289753199 73.998855591
-0.305846304 0.051170368 0.950704873 126.004669189 -0.000507875 0.998545647 -0.053908732 -8.622424126 -0.952080727 -0.016970621 -0.305375606 73.634605408
-0.320051700 0.053615294 0.945881665 127.153228760 -0.001854406 0.998360038 -0.057217363 -8.700624466 -0.947398424 -0.020066563 -0.319427669 73.278404236
-0.334574044 0.055141460 0.940754890 128.281524658 -0.000467506 0.998276770 -0.058679320 -8.793180466 -0.942369223 -0.020072389 -0.333971769 72.891052246
-0.348365366 0.055349760 0.935723126 129.417800903 0.001593180 0.998288631 -0.058457479 -8.881165504 -0.937357306 -0.018873811 -0.347857475 72.478668213
-0.362611175 0.053330649 0.930413485 130.531539917 0.001018275 0.998383164 -0.056829803 -8.965510368 -0.931939721 -0.019659696 -0.362079233 72.044937134
-0.377089709 0.052531827 0.924685955 131.648971558 0.001311109 0.998419285 -0.056186005 -9.049547195 -0.926175714 -0.019974789 -0.376562446 71.595230103
-0.391647428 0.053628989 0.918551505 132.758651733 -0.000577434 0.998285055 -0.058530420 -9.134558678 -0.920114815 -0.023453681 -0.390944839 71.150131226
-0.406484663 0.055433564 0.911974490 133.830810547 -0.000008846 0.998157442 -0.060676057 -9.227889061 -0.913657784 -0.024671953 -0.405735284 70.671661377
-0.421449333 0.057406154 0.905033171 134.929199219 0.001365750 0.998033166 -0.062669173 -9.306011200 -0.906851172 -0.025175821 -0.420699030 70.183898926
-0.436114043 0.060321651 0.897867322 136.014450073 0.004623079 0.997887850 -0.064795829 -9.395229340 -0.899879396 -0.024107458 -0.435471714 69.683357239
-0.450352430 0.063843362 0.890565276 137.084686279 0.004675864 0.997595191 -0.069151625 -9.493947983 -0.892838657 -0.026978435 -0.449567944 69.144561768
-0.465714335 0.064773776 0.882561147 138.162796021 0.003814470 0.997455120 -0.071193330 -9.602890968 -0.884926796 -0.029789269 -0.464776486 68.591690063
-0.480811924 0.063905828 0.874491811 139.227203369 0.003628940 0.997476876 -0.070898004 -9.689819336 -0.876816392 -0.030915141 -0.479830682 68.018333435
-0.496502042 0.059096817 0.866021514 140.287322998 0.000148262 0.997685373 -0.067996472 -9.766474724 -0.868035734 -0.033631999 -0.495361686 67.407897949
-0.512948275 0.058907773 0.856395721 141.345611572 -0.000108124 0.997637987 -0.068687998 -9.876655579 -0.858419418 -0.035325982 -0.511730492 66.807144165
-0.528817236 0.057496153 0.846785605 142.386398315 -0.002131495 0.997609258 -0.069068119 -9.968952179 -0.848732710 -0.038329348 -0.527430832 66.168151855
-0.544833541 0.056917690 0.836610377 143.431137085 -0.002216948 0.997592449 -0.069313653 -10.059549332 -0.838541150 -0.039619137 -0.543395758 65.521240234
-0.560264111 0.056133755 0.826410055 144.454528809 -0.004266884 0.997491956 -0.070647195 -10.165363312 -0.828303039 -0.043107279 -0.558619559 64.829071045
-0.575574279 0.056149837 0.815819442 145.472640991 -0.003829255 0.997443914 -0.071351968 -10.273294449 -0.817740619 -0.044192329 -0.573888123 64.130783081
-0.590995669 0.052563567 0.804960310 146.482543945 -0.005682950 0.997578681 -0.069313884 -10.367549896 -0.806654572 -0.045538750 -0.589266360 63.414833069
-0.606472671 0.049719136 0.793548346 147.478591919 -0.005169273 0.997775197 -0.066465445 -10.453147888 -0.795087576 -0.044411551 -0.604866445 62.666172028
-0.621230841 0.047605176 0.782180011 148.477706909 -0.004672593 0.997910142 -0.064446047 -10.556842804 -0.783613443 -0.043690693 -0.619710207 61.915752411
-0.635946989 0.046221625 0.770347416 149.455368042 -0.005044182 0.997934520 -0.064041220 -10.641687393 -0.771716237 -0.044612601 -0.634400070 61.138454437
-0.650775254 0.046636973 0.757836819 150.410766602 -0.007197974 0.997688115 -0.067578383 -10.752386093 -0.759236276 -0.049433250 -0.648934543 60.327075958
-0.666096032 0.046604313 0.744408309 151.352783203 -0.008764867 0.997487962 -0.070291355 -10.856695175 -0.745814264 -0.053345453 -0.664014459 59.504165649
-0.681713402 0.042847827 0.730363369 152.302871704 -0.011373911 0.997542083 -0.069138497 -10.957132339 -0.731530845 -0.055439733 -0.679550350 58.656803131
-0.704468846 0.037383016 0.708749652 153.239776611 -0.014055614 0.997681320 -0.066593416 -11.030258179 -0.709595799 -0.056874901 -0.702310026 57.771747589
-0.720606625 0.033622622 0.692528367 154.132568359 -0.016475517 0.997710943 -0.065582931 -11.134517670 -0.693148196 -0.058669258 -0.718403399 56.860370636
-0.739385724 0.032141425 0.672514558 155.022537231 -0.016841331 0.997664094 -0.066197261 -11.236349106 -0.673071206 -0.060271341 -0.737117648 55.951152802
-0.756135702 0.026827749 0.653864741 155.877761841 -0.021723619 0.997579753 -0.066051640 -11.336364746 -0.654054165 -0.064148307 -0.753723025 54.970096588
-0.765615463 0.026464690 0.642753541 156.733489990 -0.019824797 0.997708321 -0.064693876 -11.404771805 -0.642992795 -0.062273085 -0.763336658 54.046283722
-0.781913042 0.025843147 0.622851610 157.551513672 -0.020011591 0.997584879 -0.066513523 -11.541027069 -0.623066306 -0.064472057 -0.779507339 53.050720215
-0.796729565 0.027725311 0.603699505 158.337463379 -0.015176864 0.997713983 -0.065850303 -11.604784012 -0.604145229 -0.061627157 -0.794487596 52.048095703
-0.811035872 0.028347697 0.584308505 159.097869873 -0.011898987 0.997818947 -0.064925246 -11.721283913 -0.584874749 -0.059609417 -0.808930159 50.994758606
-0.825695932 0.029851235 0.563325167 159.844085693 -0.010130895 0.997653365 -0.067716166 -11.819392204 -0.564024508 -0.061619934 -0.823455751 49.934906006
-0.838940680 0.030213729 0.543383837 160.531173706 -0.010459250 0.997378409 -0.071605407 -11.944525719 -0.544122458 -0.065756045 -0.836425245 48.867397308
-0.851393461 0.031302933 0.523593366 161.209152222 -0.007328114 0.997410774 -0.071546003 -12.042436600 -0.524476826 -0.064750701 -0.848959744 47.798713684
-0.863357782 0.031598110 0.503601789 161.875854492 -0.004348001 0.997534394 -0.070043579 -12.128654480 -0.504573464 -0.062662333 -0.861091852 46.687274933
-0.873505712 0.031843886 0.485771239 162.504776001 -0.003209369 0.997459888 -0.071157716 -12.234135628 -0.486803770 -0.063715674 -0.871184647 45.604324341
-0.882949054 0.034812380 0.468176544 163.108505249 0.000059272 0.997255087 -0.074041471 -12.370357513 -0.469469070 -0.065347105 -0.880527496 44.475212097
-0.891869664 0.032077976 0.451153547 163.697998047 -0.002332410 0.997142434 -0.075509757 -12.474822998 -0.452286631 -0.068397149 -0.889245868 43.348583221
-0.899957895 0.030198194 0.434929371 164.276382446 -0.003091597 0.997131228 -0.075630382 -12.571509361 -0.435965478 -0.069408789 -0.897282779 42.199333191
-0.907037318 0.028073967 0.420112818 164.830871582 -0.004096577 0.997139156 -0.075478241 -12.688079834 -0.421030015 -0.070182614 -0.904327512 41.037918091
-0.913432181 0.027190238 0.406081647 165.349716187 -0.003746584 0.997161806 -0.075195022 -12.797935486 -0.406973720 -0.070206977 -0.910737872 39.894996643
-0.919717431 0.023730448 0.391862750 165.873580933 -0.005882096 0.997226477 -0.074195579 -12.913537979 -0.392536551 -0.070543982 -0.917027175 38.711265564
-0.925298750 0.019683631 0.378727496 166.375625610 -0.007818810 0.997449636 -0.070943251 -13.009693146 -0.379158109 -0.068604909 -0.922785223 37.518066406
-0.930110037 0.015585524 0.366950214 166.845962524 -0.009741721 0.997700810 -0.067067847 -13.115560532 -0.367151856 -0.065955192 -0.927819669 36.335113525
-0.934462249 0.016477570 0.355680496 167.327987671 -0.007103089 0.997867107 -0.064889684 -13.204521179 -0.355991215 -0.063163377 -0.932352185 35.126625061
-0.937630057 0.019817356 0.347068638 167.776275635 -0.002950722 0.997883737 -0.064950056 -13.328915596 -0.347621828 -0.061923184 -0.935587645 33.916717529
-0.939797103 0.025505856 0.340779573 168.222702026 0.002413958 0.997681320 -0.068014905 -13.432373047 -0.341724187 -0.063097604 -0.937679768 32.711555481
-0.941581905 0.027836051 0.335631728 168.644744873 0.004829217 0.997591853 -0.069188669 -13.542844772 -0.336749405 -0.063525982 -0.939448953 31.516986847
-0.943459034 0.025747681 0.330487520 169.078399658 0.003133915 0.997626960 -0.068776757 -13.648440361 -0.331474185 -0.063852362 -0.941301048 30.300046921
-0.945083439 0.019297028 0.326258898 169.525238037 -0.002087936 0.997878313 -0.065069050 -13.730268478 -0.326822400 -0.062176928 -0.943038285 29.080795288
-0.946918905 0.013587735 0.321185380 169.953002930 -0.007037125 0.997990906 -0.062966838 -13.835829735 -0.321395636 -0.061884698 -0.944920838 27.856149673
-0.948409319 0.007170814 0.316967577 170.402343750 -0.014058069 0.997809947 -0.064637244 -13.921962738 -0.316736877 -0.065758511 -0.946231425 26.643037796
-0.949652672 0.004321305 0.313275099 170.799880981 -0.017604049 0.997589350 -0.067125060 -14.027690887 -0.312809974 -0.069260404 -0.947287440 25.424886703
-0.950519502 0.004112714 0.310637325 171.190292358 -0.018357068 0.997421622 -0.069376297 -14.128598213 -0.310121685 -0.071645908 -0.947993398 24.210927963
-0.950609982 0.005197848 0.310344338 171.616485596 -0.017821671 0.997296333 -0.071292579 -14.234026909 -0.309875816 -0.073302299 -0.947947145 22.992053986
-0.950471342 0.007286465 0.310726613 172.007720947 -0.016112654 0.997226179 -0.072671138 -14.348213196 -0.310394198 -0.074078493 -0.947717011 21.784385681
-0.950326025 0.008219482 0.311148107 172.402465820 -0.015693741 0.997114539 -0.074273095 -14.444244385 -0.310860813 -0.075466722 -0.947454631 20.565189362
-0.949625313 0.009239922 0.313251227 172.829803467 -0.015289787 0.997008920 -0.075759798 -14.562190056 -0.313014358 -0.076732971 -0.946643591 19.346496582
-0.949248314 0.011447915 0.314320326 173.259475708 -0.013100858 0.997031033 -0.075877629 -14.679434776 -0.314255923 -0.076144569 -0.946279705 18.098163605
-0.948239207 0.010804765 0.317373335 173.664672852 -0.013926516 0.997044563 -0.075552978 -14.797863960 -0.317251623 -0.076062188 -0.945286274 16.905467987
-0.947067678 0.008992532 0.320908457 174.079544067 -0.016200239 0.996995449 -0.075748190 -14.907343864 -0.320625424 -0.076937445 -0.944076240 15.694343567
-0.945491135 0.008523834 0.325537145 174.519882202 -0.016337505 0.997157037 -0.073560141 -15.021141052 -0.325238705 -0.074868917 -0.942663431 14.471279144
-0.943521082 0.006630850 0.331246048 174.932388306 -0.017682126 0.997367024 -0.070330948 -15.126482010 -0.330840230 -0.072215870 -0.940919518 13.280403137
-0.941297829 0.004576395 0.337546438 175.348236084 -0.019412858 0.997519612 -0.067659788 -15.221433640 -0.337018818 -0.070240758 -0.938874125 12.096858978
-0.938237727 0.006434328 0.345932096 175.811508179 -0.017656736 0.997633994 -0.066444591 -15.341762543 -0.345541090 -0.068448812 -0.935903847 10.903312683
-0.934990704 0.007476067 0.354593188 176.258224487 -0.017578840 0.997572124 -0.067384183 -15.437428474 -0.354236126 -0.069236927 -0.932589352 9.736911774
-0.931418955 0.009113730 0.363834232 176.723495483 -0.017002137 0.997505248 -0.068512261 -15.549034119 -0.363550961 -0.069999598 -0.928940594 8.549636841
-0.927071691 0.012078567 0.374688596 177.205368042 -0.014746629 0.997532368 -0.068643495 -15.638404846 -0.374593198 -0.069162853 -0.924605966 7.343341827
-0.922367215 0.014355040 0.386047572 177.684020996 -0.013430580 0.997513652 -0.069181286 -15.737242699 -0.386080772 -0.068995401 -0.919881046 6.202411652
-0.916642189 0.015577336 0.399405390 178.197174072 -0.013757529 0.997418582 -0.070474416 -15.843711853 -0.399472058 -0.070094638 -0.914061606 4.999713898
-0.910642624 0.018499527 0.412781000 178.727951050 -0.011612792 0.997456551 -0.070321992 -15.954161644 -0.413032055 -0.068831719 -0.908111572 3.864646912
-0.904393554 0.017462015 0.426342219 179.281784058 -0.012780942 0.997605026 -0.067971699 -16.047651291 -0.426508188 -0.066922173 -0.902004719 2.713188171
-0.897601724 0.020620914 0.440324724 179.870819092 -0.010267621 0.997656167 -0.067651927 -16.164850235 -0.440687686 -0.065245576 -0.895286202 1.545005798
-0.891037166 0.021969741 0.453398317 180.427764893 -0.009632911 0.997687995 -0.067274697 -16.261236191 -0.453828037 -0.064311810 -0.888765514 0.434478760
-0.883751810 0.024768194 0.467299610 180.986968994 -0.006234488 0.997886360 -0.064681433 -16.362012863 -0.467913896 -0.060075700 -0.881729722 -0.660263062
-0.875842988 0.027091313 0.481835157 181.592514038 -0.003023497 0.998095453 -0.061614070 -16.458776474 -0.482586682 -0.055421080 -0.874093056 -1.807693481
-0.867990911 0.030227367 0.495659262 182.217346191 0.000721641 0.998221278 -0.059611958 -16.551494598 -0.496579558 -0.051384922 -0.866468847 -2.873718262
-0.858701885 0.033564087 0.511375368 182.844467163 0.004156700 0.998276293 -0.058541879 -16.644531250 -0.512458682 -0.048144374 -0.857361078 -3.938789368
-0.847990572 0.036980718 0.528719664 183.499908447 0.007910854 0.998334944 -0.057139583 -16.732618332 -0.529952288 -0.044271193 -0.846871018 -5.026115417
-0.837672770 0.038466450 0.544815779 184.145706177 0.009531274 0.998394668 -0.055836517 -16.837856293 -0.546088994 -0.041579936 -0.836694598 -6.049873352
-0.825962901 0.039477870 0.562340379 184.853561401 0.010408802 0.998442709 -0.054805078 -16.933835983 -0.563628316 -0.039413657 -0.825087667 -7.109107971
-0.814633250 0.041940432 0.578457892 185.554077148 0.012372954 0.998411477 -0.054964077 -17.013135910 -0.579844117 -0.037618313 -0.813858092 -8.084045410
-0.802281022 0.042001326 0.595467389 186.273376465 0.011762518 0.998440325 -0.054577269 -17.108232498 -0.596830785 -0.036782105 -0.801523626 -9.092063904
-0.788155973 0.043395441 0.613944054 187.040252686 0.014127024 0.998523951 -0.052443072 -17.194707870 -0.615313411 -0.032660119 -0.787605643 -10.092597961
-0.773111105 0.046120252 0.632591546 187.795471191 0.018113332 0.998551488 -0.050664376 -17.273899078 -0.634011686 -0.027710851 -0.772826612 -10.996482849
