1.000000000 -0.000000000 0.000000000 0.000000000 -0.000000000 1.000000000 0.000000000 0.000000000 0.000000000 0.000000000 1.000000000 0.000000000
0.999975324 0.001393526 0.006886224 -0.005383366 -0.001350402 0.999979496 -0.006262831 -0.002665939 -0.006894812 0.006253377 0.999956667 0.956598699
0.999997199 -0.000895102 0.002176726 0.002946476 0.000905773 0.999987483 -0.004906442 -0.008038886 -0.002172307 0.004908399 0.999985576 1.906990647
0.999994338 -0.002321603 0.002419690 0.011170123 0.002326860 0.999994934 -0.002171924 -0.012489304 -0.002414635 0.002177542 0.999994755 2.884157658
0.999982953 -0.005634843 0.001440647 0.009210054 0.005629981 0.999978840 0.003358131 0.005261319 -0.001459539 -0.003349961 0.999993443 3.813394308
0.999970615 -0.007676787 -0.000029216 0.014717428 0.007676843 0.999963820 0.003643420 0.001433851 0.000001245 -0.003643536 0.999993324 4.745387077
0.999946952 -0.010304451 -0.000437448 0.014797439 0.010304693 0.999946713 0.000559983 -0.007616652 0.000431654 -0.000564460 0.999999762 5.683441162
0.999948502 -0.010081850 -0.001330725 -0.000631700 0.010079988 0.999947965 -0.001396062 -0.013125266 0.001344729 0.001382579 0.999997973 6.625978470
0.999945700 -0.010116663 -0.002491456 -0.008057817 0.010111984 0.999947011 -0.001883996 -0.013244078 0.002510383 0.001858700 0.999994993 7.549466610
0.999943912 -0.010127614 -0.003137852 -0.016084585 0.010126310 0.999948442 -0.000431742 -0.016064115 0.003142063 0.000399941 0.999994814 8.488743782
0.999943614 -0.009970777 -0.003697357 -0.013895426 0.009977668 0.999948263 0.001848845 -0.010719316 0.003678731 -0.001885633 0.999991238 9.391673088
0.999930024 -0.010879740 -0.004711713 -0.027508315 0.010896162 0.999934375 0.003472816 -0.006499276 0.004673620 -0.003523913 0.999982655 10.304741859
0.999912798 -0.012106602 -0.005287739 -0.034588777 0.012127441 0.999918640 0.003926942 -0.005294744 0.005239767 -0.003990724 0.999978364 11.238580704
0.999903500 -0.012373744 -0.006329547 -0.049029656 0.012399235 0.999915063 0.004003942 -0.003865298 0.006279465 -0.004082035 0.999971986 12.138330460
0.999907076 -0.011848085 -0.006769293 -0.054242458 0.011870501 0.999924183 0.003279753 -0.005283110 0.006729918 -0.003359799 0.999971569 13.043225288
0.999909222 -0.011094478 -0.007636442 -0.048404757 0.011107599 0.999936998 0.001678372 -0.007966707 0.007617340 -0.001763042 0.999969482 13.957801819
0.999863803 -0.013486820 -0.009499227 -0.067517027 0.013488260 0.999909103 0.000087625 -0.014427030 0.009497184 -0.000215742 0.999954879 14.838653564
0.999883711 -0.012966568 -0.007999977 -0.090877444 0.012958118 0.999915421 -0.001106671 -0.004283798 0.008013655 0.001002877 0.999967396 15.741132736
0.999886274 -0.011597787 -0.009639442 -0.102028698 0.011582861 0.999931693 -0.001602342 -0.013757043 0.009657367 0.001490508 0.999952257 16.649288177
0.999876976 -0.010804877 -0.011366965 -0.121379688 0.010784447 0.999940217 -0.001856691 -0.013446791 0.011386345 0.001733876 0.999933660 17.536066055
0.999856889 -0.011108934 -0.012754748 -0.133705527 0.011092064 0.999937654 -0.001392123 -0.013173529 0.012769416 0.001250447 0.999917626 18.423505783
0.999840081 -0.011083976 -0.014036203 -0.152096450 0.011079337 0.999938667 -0.000408198 -0.017600074 0.014039862 0.000252622 0.999901354 19.320394516
0.999764085 -0.010630873 -0.018945478 -0.187643319 0.010639633 0.999943554 0.000361873 -0.014337952 0.018940555 -0.000563354 0.999820292 20.179748535
0.999733329 -0.010705407 -0.020457778 -0.201470166 0.010718523 0.999942541 0.000531684 -0.021801151 0.020450901 -0.000750818 0.999790668 21.060188293
0.999701560 -0.010180585 -0.022200299 -0.227521151 0.010189706 0.999948144 0.000297881 -0.026638895 0.022196107 -0.000524006 0.999753654 21.944095612
0.999681115 -0.010067216 -0.023150887 -0.250264674 0.010080451 0.999949217 0.000455076 -0.022145288 0.023145122 -0.000688301 0.999731958 22.796995163
0.999654830 -0.010179169 -0.024213448 -0.272849888 0.010226780 0.999946117 0.001843405 -0.012334026 0.024193369 -0.002090394 0.999705195 23.661598206
0.999627173 -0.011687119 -0.024664698 -0.296465784 0.011810408 0.999918818 0.004859023 -0.029392816 0.024605889 -0.005148512 0.999683976 24.480897903
0.999605894 -0.011897024 -0.025417643 -0.320332944 0.012051197 0.999909759 0.005921092 -0.024492368 0.025344908 -0.006225073 0.999659419 25.317705154
0.999603570 -0.011314754 -0.025773969 -0.343204796 0.011459311 0.999919355 0.005467812 -0.025805116 0.025710018 -0.005760997 0.999652863 26.154655457
0.999595582 -0.009578830 -0.026763983 -0.378749222 0.009667401 0.999948144 0.003181821 -0.028690316 0.026732117 -0.003439276 0.999636829 26.963701248
0.999581575 -0.008782364 -0.027556783 -0.404221237 0.008838442 0.999959171 0.001913955 -0.030408181 0.027538845 -0.002156714 0.999618351 27.779186249
0.999562800 -0.007817699 -0.028512182 -0.435680568 0.007866204 0.999967813 0.001589467 -0.030469354 0.028498847 -0.001813057 0.999592066 28.585311890
0.999523163 -0.008426001 -0.029706016 -0.462906986 0.008456704 0.999963880 0.000908055 -0.032027058 0.029697295 -0.001158838 0.999558270 29.357908249
0.999459565 -0.008681020 -0.031705406 -0.494244814 0.008680500 0.999962509 -0.000154084 -0.034569759 0.031705558 -0.000121221 0.999497414 30.113628387
0.999399900 -0.008404278 -0.033602294 -0.525201857 0.008397146 0.999964714 -0.000353430 -0.041164376 0.033604078 0.000071054 0.999435365 30.893295288
0.999325633 -0.008330363 -0.035761163 -0.560607672 0.008358900 0.999964714 0.000648485 -0.037243266 0.035754494 -0.000946972 0.999360144 31.640056610
0.999254346 -0.009050598 -0.037531391 -0.583918989 0.009155525 0.999954581 0.002624729 -0.032756276 0.037505906 -0.002966390 0.999292016 32.380825043
0.999191046 -0.008220242 -0.039365519 -0.621694028 0.008399542 0.999955058 0.004391534 -0.034026280 0.039327659 -0.004718634 0.999215126 33.123497009
0.999113441 -0.007633971 -0.041400380 -0.662322044 0.007835183 0.999958217 0.004700076 -0.035338819 0.041362774 -0.005020291 0.999131441 33.843379974
0.999053299 -0.004589521 -0.043266986 -0.694307923 0.004760324 0.999981105 0.003845310 -0.035466999 0.043248534 -0.004047635 0.999055982 34.578277588
0.998970389 -0.001846550 -0.045324098 -0.745814621 0.001995645 0.999992669 0.003244537 -0.044482604 0.045317777 -0.003331648 0.998966992 35.277957916
0.998902559 -0.000997235 -0.046823733 -0.777793288 0.001194861 0.999990582 0.004192851 -0.041104048 0.046819109 -0.004244197 0.998894334 35.975242615
0.998850703 -0.000496554 -0.047927286 -0.814988434 0.000770625 0.999983549 0.005700164 -0.037378803 0.047923662 -0.005730547 0.998834550 36.676189423
0.998862565 0.001496380 -0.047662407 -0.846920431 -0.001189370 0.999978840 0.006469016 -0.035616502 0.047671072 -0.006404965 0.998842657 37.337646484
0.998888612 0.005782746 -0.046773516 -0.890753925 -0.005563478 0.999972939 0.004816710 -0.045364901 0.046800114 -0.004551134 0.998893917 38.009494781
0.998958170 0.007129942 -0.045071665 -0.925545454 -0.007055246 0.999973476 0.001816176 -0.044618644 0.045083426 -0.001496292 0.998982072 38.664081573
0.999050319 0.007587516 -0.042902745 -0.959607720 -0.007596393 0.999971092 -0.000043858 -0.045112159 0.042901188 0.000369722 0.999079227 39.303237915
0.999174356 0.008273277 -0.039773837 -0.983888805 -0.008259059 0.999965727 0.000521814 -0.044646379 0.039776810 -0.000192889 0.999208629 39.936603546
0.999256551 0.012863555 -0.036338821 -1.020891428 -0.012756422 0.999913692 0.003178467 -0.042409196 0.036376599 -0.002712550 0.999334574 40.586143494
0.999315202 0.017079098 -0.032820303 -1.046794653 -0.016873823 0.999836385 0.006521409 -0.033640504 0.032926310 -0.005963139 0.999439895 41.193042755
0.999366820 0.021654727 -0.028225692 -1.063981652 -0.021448329 0.999741077 0.007595034 -0.039629102 0.028382841 -0.006984831 0.999572635 41.799617767
0.999395311 0.026351020 -0.022676960 -1.089254022 -0.026175810 0.999625444 0.007989221 -0.041806340 0.022878971 -0.007390803 0.999710798 42.389770508
0.999417782 0.029571313 -0.017002160 -1.106481075 -0.029408762 0.999520123 0.009732755 -0.037759513 0.017281787 -0.009227079 0.999807894 42.947593689
0.999342620 0.034671828 -0.010518985 -1.123217225 -0.034556355 0.999342740 0.010969488 -0.024521351 0.010892357 -0.010598793 0.999884307 43.511650085
0.999288082 0.037537362 -0.003752306 -1.155525684 -0.037493289 0.999234021 0.011198202 -0.022403777 0.004169778 -0.011049543 0.999930203 44.059516907
0.999150097 0.041061562 0.003535966 -1.145311236 -0.041098364 0.999093950 0.011053543 -0.024485797 -0.003078894 -0.011189473 0.999932647 44.559276581
0.998913109 0.045310002 0.010917651 -1.154300570 -0.045424968 0.998912215 0.010521439 -0.025434375 -0.010429059 -0.011005940 0.999885023 45.053600311
0.998571455 0.050014503 0.018795170 -1.146846414 -0.050174039 0.998707354 0.008113150 -0.019062072 -0.018365111 -0.009044590 0.999790430 45.526741028
0.998308063 0.051743977 0.026514273 -1.140160918 -0.051903091 0.998637676 0.005347279 -0.032676399 -0.026201477 -0.006714407 0.999634087 45.961765289
0.997987509 0.052726861 0.035206754 -1.107825518 -0.052910089 0.998589933 0.004291520 -0.021735474 -0.034930870 -0.006145681 0.999370754 46.376419067
0.997694433 0.052472405 0.043037958 -1.091934204 -0.052752864 0.998592973 0.005406328 -0.034881026 -0.042693719 -0.007664239 0.999058723 46.776939392
0.997253358 0.053582657 0.051131077 -1.064922571 -0.053954128 0.998525977 0.005911837 -0.029116571 -0.050738938 -0.008654332 0.998674452 47.146919250
0.996607006 0.056396283 0.059946571 -1.058220863 -0.056853008 0.998364866 0.005939451 -0.028229922 -0.059513599 -0.009327441 0.998183906 47.512279510
0.995755613 0.061531715 0.068439543 -1.025722027 -0.062101636 0.998050392 0.006229141 -0.030268997 -0.067922853 -0.010452910 0.997635901 47.816738129
0.994786501 0.065640353 0.078046396 -0.997133493 -0.066342160 0.997776031 0.006430748 -0.025010794 -0.077450737 -0.011574988 0.996928930 48.110710144
0.994078100 0.065103784 0.087008268 -0.986772060 -0.065935031 0.997801244 0.006711061 -0.028679103 -0.086380035 -0.012408212 0.996184945 48.406608582
0.993200719 0.063882299 0.097321689 -0.936326027 -0.064626701 0.997898936 0.004512630 -0.025803328 -0.096828915 -0.010771532 0.995242894 48.663940430
0.992071986 0.062253479 0.109166883 -0.892688274 -0.062633023 0.998036563 0.000047767 -0.028212380 -0.108949609 -0.006884841 0.994023263 48.931674957
0.990428269 0.063598469 0.122501545 -0.857514858 -0.063624971 0.997966766 -0.003699495 -0.040078253 -0.122487850 -0.004130074 0.992461085 49.196456909
0.988299608 0.065619752 0.137687579 -0.814797878 -0.065457895 0.997838914 -0.005708184 -0.037616760 -0.137764573 -0.003371341 0.990459144 49.454616547
0.985796928 0.066772252 0.154097363 -0.766382217 -0.066444024 0.997763336 -0.007285083 -0.037408650 -0.154239044 -0.003057237 0.988028705 49.713798523
0.983037412 0.067315534 0.170605168 -0.711196899 -0.066842392 0.997727036 -0.008522419 -0.035793811 -0.170791090 -0.003025800 0.985302746 49.953178406
0.979787946 0.066880025 0.188527659 -0.654118538 -0.066254400 0.997756183 -0.009625662 -0.040572643 -0.188748434 -0.003059678 0.982020736 50.203632355
0.975928426 0.065776549 0.207935020 -0.582188606 -0.065075256 0.997827828 -0.010219082 -0.048247159 -0.208155602 -0.003558327 0.978089333 50.457923889
0.971388519 0.066244580 0.228069618 -0.517930984 -0.065332264 0.997796416 -0.011556285 -0.050107896 -0.228332669 -0.003674654 0.973576307 50.683208466
0.966085732 0.068144336 0.249067470 -0.439519882 -0.066803493 0.997669876 -0.013842385 -0.054998100 -0.249430478 -0.003265641 0.968387306 50.926246643
0.959825039 0.069414616 0.271877468 -0.345726013 -0.067545101 0.997583807 -0.016240556 -0.053100944 -0.272347987 -0.002775898 0.962194920 51.181896210
0.952504873 0.070825242 0.296172202 -0.262707710 -0.068794414 0.997480929 -0.017286666 -0.061579347 -0.296650559 -0.003909353 0.954978228 51.407325745
0.943981886 0.073874950 0.321621239 -0.171363831 -0.071831219 0.997250080 -0.018233979 -0.063936174 -0.322083950 -0.005889888 0.946692944 51.650165558
0.934046924 0.075726613 0.349029124 -0.048301697 -0.073593818 0.997099757 -0.019387782 -0.076767564 -0.349485219 -0.007577284 0.936911464 51.904483795
0.922862589 0.076597683 0.377434701 0.061830521 -0.074133329 0.997025549 -0.021076355 -0.075106680 -0.377926558 -0.008529907 0.925796509 52.120819092
0.910012245 0.075381093 0.407669902 0.180904388 -0.072087474 0.997122407 -0.023459299 -0.092041850 -0.408265412 -0.008039647 0.912828326 52.366825104
0.895255506 0.072818674 0.439562321 0.348348618 -0.068342455 0.997322559 -0.026025275 -0.105842471 -0.440280497 -0.006741518 0.897834897 52.607662201
0.877934873 0.071880147 0.473353595 0.487585068 -0.065321997 0.997404099 -0.030305214 -0.117069602 -0.474303126 -0.004314410 0.880350947 52.824234009
0.858377099 0.074020639 0.507651031 0.681808472 -0.064849339 0.997254372 -0.035757259 -0.126167297 -0.508903861 -0.002227619 0.860820472 53.063915253
0.836430788 0.076107174 0.542762458 0.832885742 -0.064557448 0.997099042 -0.040328056 -0.134024858 -0.544257104 -0.001307722 0.838917375 53.268756866
0.811814189 0.078939170 0.578555286 1.021091461 -0.065360717 0.996877968 -0.044303402 -0.146425962 -0.580246270 -0.001848651 0.814438939 53.501075745
0.784346879 0.083534136 0.614672124 1.277627945 -0.068944477 0.996491671 -0.047447607 -0.167395592 -0.616479099 -0.005162851 0.787354231 53.770660400
0.754451513 0.087632410 0.650479317 1.469514847 -0.071960956 0.996116459 -0.050733484 -0.166034698 -0.652399004 -0.008533156 0.757827461 53.967128754
0.721411943 0.088979766 0.686765671 1.722433090 -0.071590438 0.995980144 -0.053840645 -0.182612181 -0.688795507 -0.010324552 0.724881828 54.190216064
0.685261250 0.086980462 0.723083973 2.051328659 -0.068677507 0.996136129 -0.054741032 -0.208541393 -0.725051403 -0.012147665 0.688586831 54.423206329
0.646098495 0.085989669 0.758394778 2.297899246 -0.066168457 0.996202826 -0.056582406 -0.225087166 -0.760380447 -0.013624003 0.649334908 54.613800049
0.603845358 0.085743248 0.792476475 2.687479019 -0.064242028 0.996198475 -0.058834609 -0.243134022 -0.794508338 -0.015383270 0.607058227 54.852165222
0.558217168 0.085488230 0.825278997 2.992637634 -0.060725674 0.996219456 -0.062120713 -0.270268559 -0.827469528 -0.015438769 0.561298132 55.020874023
0.510231256 0.084573805 0.855868816 3.390861511 -0.057750896 0.996276140 -0.064019799 -0.301149607 -0.858096004 -0.016762264 0.513215482 55.215599060
0.461897224 0.082640640 0.883074999 3.844951630 -0.055288982 0.996396244 -0.064326294 -0.329775572 -0.885208309 -0.019112136 0.464801729 55.406936646
0.412094474 0.080450982 0.907582283 4.216026306 -0.055085186 0.996472061 -0.063318588 -0.355997324 -0.909474432 -0.023901101 0.415072232 55.558570862
0.361873269 0.080225706 0.928768814 4.674230576 -0.057338320 0.996319294 -0.063720085 -0.364858627 -0.930462182 -0.030195452 0.365141273 55.713893890
0.313056469 0.080977000 0.946276009 5.147727966 -0.055977169 0.996199608 -0.066730261 -0.381818891 -0.948083341 -0.032079507 0.316399574 55.832729340
0.265469342 0.077191293 0.961024284 5.612315178 -0.045034900 0.996694446 -0.067616172 -0.435251355 -0.963066936 -0.025329601 0.268068135 55.936752319
0.221106708 0.071861871 0.972598553 6.115364075 -0.031459946 0.997287989 -0.066534214 -0.463004947 -0.974741697 -0.015886731 0.222767845 56.007186890
0.178511962 0.069650240 0.981469333 6.676345825 -0.021708017 0.997527301 -0.066841476 -0.521885991 -0.983698130 -0.009373746 0.179582506 56.061748505
0.134773850 0.072359189 0.988230526 7.155048847 -0.017842630 0.997345328 -0.070593223 -0.514907598 -0.990715325 -0.008118512 0.135707125 56.116344452
0.101660579 0.072630078 0.992164135 7.679531574 -0.009283508 0.997357249 -0.072058998 -0.568929672 -0.994775832 -0.001885204 0.102066174 56.153575897
0.072426170 0.071484298 0.994808495 8.247039795 -0.001252998 0.997433960 -0.071581736 -0.610755920 -0.997373044 0.003937900 0.072329842 56.168106079
0.047153182 0.069471277 0.996468663 8.806501389 0.005511331 0.997545362 -0.069807120 -0.632330120 -0.998872578 0.008783498 0.046654500 56.175552368
0.033187337 0.068749212 0.997081399 9.386988640 0.010444609 0.997552931 -0.069129340 -0.665260971 -0.999394596 0.012708347 0.032387972 56.187465668
0.016688338 0.070173748 0.997395217 9.972564697 0.011360956 0.997456491 -0.070368133 -0.710678995 -0.999796033 0.012505693 0.015848653 56.195671082
0.003597775 0.070605494 0.997497857 10.551701546 0.012752149 0.997419953 -0.070645951 -0.739241004 -0.999911964 0.012974410 0.002688127 56.186752319
-0.008349393 0.071445443 0.997409582 11.155596733 0.013405215 0.997362673 -0.071329854 -0.756520212 -0.999875069 0.012774929 -0.009285107 56.180427551
-0.017558198 0.074068263 0.997098505 11.773519516 0.018056573 0.997112989 -0.073751390 -0.812488437 -0.999682605 0.016709246 -0.018844925 56.170539856
-0.024058571 0.075658314 0.996843398 12.408717155 0.023332998 0.996902823 -0.075099692 -0.865868866 -0.999437690 0.021452559 -0.025749380 56.140331268
-0.028517153 0.075561665 0.996733427 13.035239220 0.024103414 0.996900797 -0.074884750 -0.894219577 -0.999302566 0.021889174 -0.030250072 56.117137909
-0.032529965 0.072581865 0.996832013 13.685521126 0.021852752 0.997172892 -0.071893580 -0.943525493 -0.999231696 0.019444825 -0.034024119 56.100925446
-0.034887653 0.066401161 0.997183025 14.366037369 0.019999113 0.997636974 -0.065731704 -0.968278408 -0.999191046 0.017649548 -0.036133185 56.077842712
-0.036138214 0.060225174 0.997530520 15.042130470 0.021221962 0.998003662 -0.059484899 -1.000137806 -0.999121428 0.019019878 -0.037344176 56.038661957
-0.036704861 0.058144964 0.997633219 15.735401154 0.023820272 0.998073101 -0.057294212 -1.038734436 -0.999042213 0.021660915 -0.038019173 56.017475128
-0.036508076 0.059519045 0.997559488 16.420375824 0.027676860 0.997901976 -0.058526587 -1.091952324 -0.998950124 0.025472606 -0.038078815 55.997829437
-0.035696127 0.066745438 0.997131228 17.125560760 0.028300731 0.997434556 -0.065752581 -1.133764744 -0.998961926 0.025872432 -0.037493490 55.975353241
-0.033527803 0.074643016 0.996646464 17.822895050 0.027702369 0.996893466 -0.073729582 -1.195544958 -0.999053895 0.025137484 -0.035491429 55.961071014
-0.031806782 0.076051570 0.996596277 18.546882629 0.027878171 0.996780634 -0.075175859 -1.239598036 -0.999105215 0.025392186 -0.033824533 55.933425903
-0.029209046 0.071686283 0.996999443 19.284585953 0.028687414 0.997074485 -0.070851207 -1.268636346 -0.999161661 0.026531845 -0.031180063 55.916404724
-0.026481137 0.065475807 0.997502744 20.018115997 0.029034533 0.997482300 -0.064703643 -1.303704023 -0.999227643 0.027248599 -0.028315501 55.895523071
-0.023986418 0.063547462 0.997690439 20.764101028 0.026248517 0.997673810 -0.062915295 -1.351273417 -0.999367714 0.024678782 -0.025598623 55.890380859
-0.020821700 0.068918511 0.997404635 21.486097336 0.033404108 0.997112811 -0.068200871 -1.412554383 -0.999225140 0.031897359 -0.023063684 55.859676361
-0.017267518 0.074369907 0.997081041 22.211584091 0.035702109 0.996639788 -0.073718682 -1.469378829 -0.999213219 0.034324959 -0.019864662 55.841957092
-0.015168555 0.075405598 0.997037411 22.947502136 0.029436721 0.996753573 -0.074936271 -1.512104869 -0.999451399 0.028212836 -0.017339015 55.856742859
-0.011836512 0.072111957 0.997326195 23.679496765 0.024496008 0.997117639 -0.071806133 -1.546299815 -0.999629796 0.023580577 -0.013568859 55.859683990
-0.007097134 0.067905985 0.997666478 24.426918030 0.029395195 0.997274458 -0.067670174 -1.588891745 -0.999542534 0.028846327 -0.009073910 55.844100952
-0.003128307 0.069246449 0.997594774 25.179090500 0.034239944 0.997021794 -0.069099255 -1.655280948 -0.999408603 0.033941422 -0.005489998 55.828620911
0.000103452 0.073177546 0.997318923 25.910293579 0.033734564 0.996750951 -0.073139355 -1.728671670 -0.999430835 0.033651695 -0.002365496 55.828170776
0.003515662 0.074768826 0.997194648 26.645318985 0.029516401 0.996758580 -0.074840173 -1.763969064 -0.999558032 0.029696712 0.001297361 55.844978333
0.007085271 0.073581398 0.997263849 27.401258469 0.027973292 0.996884108 -0.073752120 -1.823474407 -0.999583483 0.028419318 0.005004882 55.856235504
0.010634953 0.071396329 0.997391045 28.116743088 0.032318670 0.996902049 -0.071705922 -1.868437767 -0.999420941 0.032996949 0.008294572 55.856140137
0.014045179 0.071615882 0.997332752 28.869533539 0.037385616 0.996696830 -0.072096728 -1.915089130 -0.999201953 0.038298540 0.011321384 55.862144470
0.017981129 0.073083460 0.997163653 29.619590759 0.041033197 0.996430635 -0.073769644 -1.971809149 -0.998995841 0.042243283 0.014918098 55.868919373
0.020636410 0.073174216 0.997105658 30.348350525 0.041403040 0.996399820 -0.073979303 -2.020212889 -0.998929322 0.042809878 0.017532479 55.882209778
0.023963554 0.071945049 0.997120619 31.087718964 0.042172797 0.996446371 -0.072909929 -2.067344189 -0.998822868 0.043798562 0.020844273 55.899372101
0.027767004 0.070545450 0.997121990 31.846031189 0.045807052 0.996368825 -0.071767777 -2.119421721 -0.998564422 0.047668003 0.024434701 55.915317535
0.030760486 0.071215369 0.996986568 32.586811066 0.044283032 0.996381938 -0.072538465 -2.163826466 -0.998545289 0.046380911 0.027495570 55.940475464
0.033850618 0.072470583 0.996796012 33.338687897 0.040039022 0.996468544 -0.073806465 -2.223475933 -0.998624444 0.042409133 0.030829430 55.978252411
0.034045730 0.071070120 0.996889949 34.090900421 0.041492615 0.996508181 -0.072459877 -2.278831720 -0.998558402 0.043830529 0.030977972 56.010448456
0.038062032 0.073902287 0.996538937 34.832359314 0.039521575 0.996369898 -0.075399257 -2.326977491 -0.998493493 0.042254612 0.035003133 56.046386719
0.040413376 0.074439190 0.996406436 35.639320374 0.037791658 0.996393502 -0.075971045 -2.384210348 -0.998468101 0.040726092 0.037454464 56.087486267
0.042963479 0.074576505 0.996289551 36.317180634 0.035939787 0.996449172 -0.076138318 -2.426134825 -0.998430014 0.039077587 0.040130682 56.121635437
0.046413697 0.076328754 0.996001899 37.111820221 0.033047237 0.996413231 -0.077900276 -2.489075899 -0.998375356 0.036530741 0.043724783 56.154037476
0.050903790 0.078023173 0.995651126 37.892379761 0.032319758 0.996292710 -0.079725772 -2.544031143 -0.998180389 0.036237553 0.048193410 56.202964783
0.054252040 0.079778753 0.995335221 38.638500214 0.032527283 0.996132970 -0.081615612 -2.584406614 -0.997997344 0.036803376 0.051447272 56.246810913
0.057312585 0.082377322 0.994951904 39.414932251 0.026397960 0.996116579 -0.083994336 -2.655319691 -0.998007178 0.031078644 0.054915432 56.309360504
0.059781671 0.081866205 0.994848728 40.209854126 0.021726470 0.996288538 -0.083290212 -2.700838566 -0.997974992 0.026593784 0.057781138 56.360385895
0.063406147 0.081712410 0.994637012 40.967376709 0.023785099 0.996235788 -0.083359949 -2.773195744 -0.997704327 0.028943075 0.061223935 56.420413971
0.066777378 0.082872994 0.994320214 41.744808197 0.024633126 0.996103942 -0.084675930 -2.846464157 -0.997463703 0.030147661 0.064475767 56.472198486
0.070424482 0.084218502 0.993955553 42.539371490 0.019007638 0.996135235 -0.085749947 -2.921740055 -0.997336030 0.024931643 0.068551533 56.538349152
0.074653938 0.083117448 0.993739605 43.318782806 0.018010169 0.996245265 -0.084680036 -2.964848518 -0.997046769 0.024219116 0.072876714 56.603919983
0.079459786 0.081566833 0.993495405 44.110317230 0.020098832 0.996312916 -0.083405666 -3.041996479 -0.996635377 0.026595492 0.077527441 56.662647247
0.084108204 0.085950777 0.992742896 44.914810181 0.015462298 0.996040523 -0.087546289 -3.091848612 -0.996336520 0.022713449 0.082446188 56.737529755
0.090401806 0.094189085 0.991441429 45.697624207 0.013322474 0.995314240 -0.095771790 -3.171804428 -0.995815754 0.021866394 0.088723399 56.826614380
0.097770944 0.099188939 0.990253687 46.493934631 0.012476344 0.994820476 -0.100878194 -3.235419035 -0.995130718 0.022217698 0.096027032 56.911277771
0.104926780 0.102008305 0.989234328 47.292026520 0.007669394 0.994612694 -0.103376381 -3.310438633 -0.994450390 0.018433776 0.103579149 57.012050629
0.112069041 0.100533396 0.988601744 48.102867126 0.004357328 0.994809806 -0.101658642 -3.387722731 -0.993690848 0.015700446 0.111049302 57.109134674
0.119757533 0.098650806 0.987889528 48.910911560 0.003782624 0.994998395 -0.099819191 -3.473292589 -0.992795944 0.015690915 0.118785366 57.216270447
0.126929387 0.095503718 0.987303078 49.719776154 0.003525930 0.995304286 -0.096730933 -3.545797348 -0.991905451 0.015759153 0.125996575 57.325405121
0.134183437 0.089661911 0.986891270 50.527671814 0.001431924 0.995879650 -0.090673126 -3.627459049 -0.990955055 0.013579976 0.133502081 57.434913635
0.140871286 0.082941316 0.986547470 51.335464478 -0.000454600 0.996489823 -0.083712272 -3.685926914 -0.990027726 0.011344170 0.140414476 57.562709808
0.148291737 0.078985468 0.985784292 52.143115997 -0.000335818 0.996809185 -0.079818301 -3.763014555 -0.988943636 0.011505351 0.147845104 57.689880371
0.155550256 0.081335917 0.984473646 52.933917999 -0.000534215 0.996610999 -0.082254298 -3.828217030 -0.987827837 0.012268756 0.155066535 57.830997467
0.162542537 0.088250764 0.982746899 53.708007812 -0.001418658 0.996011674 -0.089207336 -3.895874500 -0.986700416 0.013105799 0.162019446 57.954235077
0.167666674 0.092819363 0.981464446 54.473117828 -0.002835382 0.995599091 -0.093671739 -3.961121082 -0.985839665 0.012922800 0.167191997 58.089241028
0.172691643 0.094601907 0.980422378 55.245658875 -0.004696705 0.995444775 -0.095224157 -4.042833328 -0.984964728 0.011839662 0.172349319 58.237884521
0.177941754 0.094848782 0.979459286 56.018730164 -0.006272946 0.995432973 -0.095256016 -4.103010178 -0.984020948 0.010805933 0.177724123 58.384948730
0.182811812 0.091902688 0.978843033 56.777687073 -0.004036333 0.995683074 -0.092729926 -4.189017773 -0.983139515 0.013001200 0.182393670 58.531635284
0.186929598 0.085674956 0.978630006 57.551258087 -0.001657090 0.996215820 -0.086897977 -4.230362892 -0.982371509 0.014622143 0.186364233 58.684417725
0.190824255 0.078032054 0.978517652 58.309867859 -0.003048777 0.996877730 -0.078901626 -4.315127373 -0.981619656 0.012073059 0.190466329 58.828704834
0.193738028 0.074816577 0.978196263 59.023666382 -0.007190728 0.997169375 -0.074843556 -4.365750790 -0.981027007 0.007466095 0.193727538 58.982707977
0.197078690 0.074896201 0.977522612 59.767196655 -0.007931043 0.997166872 -0.074802317 -4.427804947 -0.980355680 0.006989165 0.197114319 59.140789032
0.198997810 0.076817535 0.976984501 60.471889496 -0.009916611 0.997029841 -0.076373771 -4.479377747 -0.979949772 0.005509836 0.199168503 59.287563324
0.200712726 0.081001952 0.976295471 61.189437866 -0.014515273 0.996712148 -0.079711765 -4.547203541 -0.979542792 0.001827962 0.201228544 59.448444366
0.202622116 0.086253263 0.975450814 61.878353119 -0.015559650 0.996271193 -0.084862188 -4.593326092 -0.979133546 0.002017276 0.203208536 59.599906921
0.204263613 0.091506712 0.974629521 62.547134399 -0.017495912 0.995803475 -0.089827880 -4.662279129 -0.978759825 0.001296525 0.205007210 59.750858307
0.205908418 0.092998892 0.974142134 63.225166321 -0.016153045 0.995661259 -0.091638930 -4.735062599 -0.978438020 0.003133862 0.206517249 59.902927399
0.207257852 0.093085207 0.973847628 63.887329102 -0.018905401 0.995657921 -0.091146424 -4.789450169 -0.978103697 0.000479828 0.208117753 60.061294556
0.207873166 0.090017132 0.974004865 64.551879883 -0.017958991 0.995939732 -0.088211529 -4.852329731 -0.977990925 0.000844657 0.208645761 60.187934875
0.208610401 0.087334700 0.974091470 65.196205139 -0.017936165 0.996178746 -0.085473843 -4.902960777 -0.977834404 0.000359249 0.209379703 60.346710205
0.208459198 0.086635590 0.974186242 65.844573975 -0.017718900 0.996239841 -0.084805317 -4.962739944 -0.977870524 0.000416926 0.209210441 60.482368469
0.207142159 0.085803263 0.974540830 66.473419189 -0.017410630 0.996311903 -0.084019415 -5.020118713 -0.978155971 0.000436578 0.207872033 60.607200623
0.205299348 0.086416803 0.974876523 67.108963013 -0.018583992 0.996258378 -0.084398635 -5.077290058 -0.978522956 -0.000790141 0.206137046 60.764091492
0.202875227 0.089534298 0.975102663 67.724510193 -0.019602461 0.995982587 -0.087373115 -5.127253532 -0.979008317 -0.001388571 0.203815371 60.888217926
0.200773507 0.093871653 0.975129724 68.331535339 -0.018636376 0.995584071 -0.092003606 -5.193534851 -0.979460418 0.000298998 0.201636434 61.019836426
0.198897868 0.094183423 0.975484014 68.918228149 -0.015554585 0.995549202 -0.092949212 -5.240737915 -0.979896843 0.003314152 0.199477687 61.145500183
0.196758300 0.093228161 0.976009607 69.511001587 -0.016424559 0.995642543 -0.091792427 -5.296983719 -0.980314672 0.002030397 0.197432294 61.267028809
0.194679603 0.090101801 0.976719916 70.108512878 -0.016870428 0.995932043 -0.088511571 -5.347010612 -0.980721951 0.000753712 0.195407853 61.387573242
0.192712322 0.085983038 0.977480948 70.671791077 -0.016577426 0.996296525 -0.084369890 -5.401437283 -0.981115282 0.000054995 0.193424016 61.492637634
0.190744624 0.084719770 0.977977037 71.228591919 -0.013377111 0.996400535 -0.083706707 -5.457505703 -0.981548488 0.002884087 0.191191360 61.595977783
0.188749805 0.086383291 0.978218555 71.777938843 -0.009291125 0.996236026 -0.086181641 -5.503612041 -0.981981099 0.007178008 0.188841969 61.711517334
0.186625019 0.088450864 0.978441417 72.328247070 -0.005165033 0.996013284 -0.089054234 -5.557856083 -0.982417524 0.011566052 0.186337858 61.805496216
0.184744462 0.090397388 0.978620291 72.857765198 -0.005179611 0.995836258 -0.091009893 -5.591547966 -0.982772946 0.011744687 0.184443504 61.903411865
0.183216840 0.092736445 0.978688538 73.403739929 -0.006519628 0.995632768 -0.093121581 -5.654292583 -0.983050942 0.010680736 0.183021531 62.025886536
0.181701452 0.091647424 0.979073703 73.958152771 -0.004639244 0.995716333 -0.092344306 -5.687327385 -0.983342946 0.012236930 0.181348279 62.094188690
0.182442605 0.089651883 0.979120553 74.500793457 0.001316702 0.995810986 -0.091425441 -5.748252869 -0.983215809 0.017969111 0.181560293 62.188934326
0.184388027 0.087889917 0.978915870 75.053153992 0.006599352 0.995860517 -0.090654276 -5.790667534 -0.982831419 0.023175780 0.183044747 62.312004089
0.186583072 0.087066099 0.978573620 75.605651855 0.009568669 0.995856822 -0.090428293 -5.838530540 -0.982392550 0.026236039 0.184976995 62.394920349
0.189809531 0.087162755 0.977944255 76.154197693 0.007267559 0.995899320 -0.090173647 -5.891754150 -0.981794059 0.024223091 0.188397780 62.503128052
0.195231691 0.087476365 0.976848245 76.713027954 0.005545503 0.995899737 -0.090290770 -5.938444138 -0.980741501 0.023044737 0.193946183 62.635059357
0.201417595 0.086665072 0.975663900 77.275810242 0.007206431 0.995919764 -0.089952074 -5.986723900 -0.979479134 0.025148991 0.199971274 62.756202698
0.209825769 0.086553797 0.973899901 77.825744629 0.004873116 0.995968521 -0.089565031 -6.042162895 -0.977726638 0.023538986 0.208558202 62.896793365
0.218393028 0.084883876 0.972162068 78.405349731 0.004405894 0.996113837 -0.087964974 -6.078529358 -0.975850880 0.023494175 0.217170328 63.042968750
0.227264389 0.083913185 0.970210850 78.982688904 0.001957033 0.996239245 -0.086622745 -6.133493900 -0.973831058 0.021584999 0.226245493 63.177795410
0.236617863 0.084307380 0.967938006 79.557441711 -0.000286110 0.996234179 -0.086702012 -6.177623749 -0.971602678 0.020238306 0.235750973 63.335857391
0.246192709 0.087194316 0.965290606 80.147628784 -0.004840656 0.996043205 -0.088737555 -6.231530666 -0.969208658 0.017173896 0.245640695 63.514495850
0.255597055 0.090040587 0.962581098 80.735183716 -0.008899236 0.995830417 -0.090787664 -6.272538662 -0.966742337 0.014638822 0.255332649 63.663726807
0.266482860 0.092089452 0.959430039 81.341537476 -0.011968462 0.995664418 -0.092243068 -6.318998337 -0.963765264 0.013098289 0.266429693 63.862564087
0.276795238 0.093989439 0.956321001 81.954673767 -0.014084490 0.995494664 -0.093762912 -6.381003857 -0.960825562 0.012483828 0.276872009 64.056190491
0.286448210 0.095860563 0.953287482 82.578544617 -0.017783789 0.995342076 -0.094745673 -6.439420700 -0.957930267 0.010186666 0.286818862 64.230728149
0.296615362 0.096538641 0.950105071 83.197868347 -0.019282205 0.995280087 -0.095109068 -6.490896225 -0.954802513 0.009890680 0.297076821 64.437576294
0.306770116 0.097323842 0.946794748 83.833961487 -0.022937585 0.995225310 -0.094870202 -6.550801277 -0.951507390 0.007386153 0.307537794 64.659378052
0.317944050 0.093490385 0.943488836 84.551422119 -0.022779826 0.995592475 -0.090976819 -6.604044914 -0.947835863 0.007433021 0.318672389 64.923919678
0.328115642 0.085677005 0.940744221 85.159835815 -0.019399282 0.996279418 -0.083968699 -6.665524483 -0.944438517 0.009301674 0.328557044 65.119262695
0.339110643 0.080741525 0.937275171 85.826751709 -0.017424507 0.996678114 -0.079554543 -6.720194340 -0.940585196 0.010646219 0.339391083 65.372032166
0.349741995 0.077291019 0.933652222 86.506187439 -0.016351653 0.996942699 -0.076405160 -6.764426708 -0.936703205 0.011455336 0.349936604 65.646247864
0.359065384 0.074987099 0.930295050 87.179084778 -0.012565929 0.997065306 -0.075519085 -6.827219963 -0.933227777 0.015426265 0.358953834 65.898323059
0.368270516 0.070398524 0.927049458 87.883140564 -0.005731682 0.997282326 -0.073454976 -6.858399868 -0.929701269 0.021737754 0.367673069 66.145515442
0.375435919 0.061119672 0.924830973 88.658981323 0.003498304 0.997722864 -0.067357071 -6.911266327 -0.926841676 0.028523605 0.374367267 66.484588623
0.382557482 0.055301741 0.922275186 89.329986572 0.009610856 0.997914910 -0.063823864 -6.967066765 -0.923881471 0.033280160 0.381228447 66.746253967
0.389870554 0.055109613 0.919219375 90.057006836 0.012918833 0.997781873 -0.065299019 -7.000535965 -0.920778751 0.037333380 0.388293862 67.053565979
0.397066325 0.061600834 0.915720344 90.755615234 0.013989426 0.997222781 -0.073149517 -7.064612389 -0.917683303 0.041855611 0.395101845 67.343811035
0.404517055 0.067094892 0.912065983 91.474472046 0.016766626 0.996593356 -0.080749340 -7.121463299 -0.914376795 0.047956750 0.402014017 67.650131226
0.410051405 0.068666704 0.909473956 92.194351196 0.015152245 0.996511281 -0.082069822 -7.183743000 -0.911936581 0.047433406 0.407580405 67.988586426
0.414338410 0.070555568 0.907383859 92.893608093 0.008507870 0.996646881 -0.081381321 -7.229798317 -0.910083175 0.041439306 0.412348717 68.312622070
0.418197870 0.073611498 0.905368447 93.575508118 0.002663826 0.996607423 -0.082260177 -7.276569366 -0.908352137 0.036812760 0.416582942 68.647232056
0.422689170 0.076735906 0.903020263 94.274909973 0.001005932 0.996368766 -0.085139230 -7.361004353 -0.906274021 0.036895785 0.421077013 68.997665405
0.426545978 0.080719873 0.900856733 94.933929443 -0.001440399 0.996068895 -0.088569209 -7.410495281 -0.904464662 0.036481258 0.424985528 69.317405701
0.429858446 0.083821692 0.898997128 95.608230591 -0.004591138 0.995871305 -0.090658903 -7.482873440 -0.902884603 0.034843083 0.428468496 69.654632568
0.433859408 0.082997523 0.897149563 96.265182495 -0.005582847 0.995976388 -0.089440383 -7.539245129 -0.900963187 0.033795919 0.432577074 69.974700928
0.437874109 0.078702390 0.895584702 96.908767700 -0.004178657 0.996328294 -0.085512459 -7.608133316 -0.899026453 0.033701379 0.436595231 70.291191101
0.441409826 0.076502174 0.894038379 97.563705444 -0.004111823 0.996520936 -0.083241366 -7.668285370 -0.897296190 0.033067454 0.440188646 70.621383667
0.444852680 0.075279124 0.892434299 98.179092407 -0.005130738 0.996659040 -0.081513144 -7.730619431 -0.895588934 0.031682525 0.443752617 70.937744141
0.448363900 0.077185787 0.890512168 98.800178528 -0.007789308 0.996564388 -0.082455985 -7.789898872 -0.893817127 0.030033849 0.447424591 71.262947083
0.451167345 0.077662282 0.889053404 99.397636414 -0.007899066 0.996515334 -0.083040677 -7.855453968 -0.892404199 0.030442661 0.450208366 71.569335938
0.453237087 0.076103754 0.888135254 100.005867004 -0.005816895 0.996580005 -0.082427785 -7.908973694 -0.891371012 0.032193150 0.452129662 71.869300842
0.455208689 0.074621804 0.887252271 100.584358215 -0.003245104 0.996614218 -0.082154706 -7.963863850 -0.890378833 0.034518324 0.453909665 72.171211243
0.456955284 0.074989073 0.886323035 101.172187805 -0.005010437 0.996640980 -0.081739545 -8.019721985 -0.889475584 0.032910470 0.455796093 72.483367920
0.459004283 0.074188456 0.885331154 101.751296997 -0.003630141 0.996655464 -0.081635095 -8.071762085 -0.888426661 0.034257006 0.457738489 72.780433655
0.461416215 0.076107748 0.883913338 102.300827026 -0.004320292 0.996494353 -0.083546087 -8.123514175 -0.887173235 0.034730788 0.460127503 73.075691223
0.464352429 0.076187216 0.882367492 102.867698669 -0.001925950 0.996377409 -0.085017733 -8.178853035 -0.885648370 0.037778839 0.462817103 73.370162964
0.467588663 0.074823558 0.880773783 103.407386780 0.001103128 0.996360362 -0.085228473 -8.233610153 -0.883945465 0.040823586 0.465804547 73.670585632
0.470798939 0.073339686 0.879186928 103.942077637 0.003855928 0.996358216 -0.085178643 -8.281372070 -0.882232130 0.043492101 0.468801558 73.950813293
0.473989040 0.072466761 0.877543747 104.476676941 0.004989658 0.996370733 -0.084974431 -8.337567329 -0.880516648 0.044655599 0.471907049 74.239227295
0.477390230 0.072163865 0.875723183 104.986450195 0.005857477 0.996338487 -0.085296266 -8.387073517 -0.878671944 0.045849137 0.475219399 74.517395020
0.480576843 0.071361266 0.874044418 105.487876892 0.006667581 0.996357322 -0.085013531 -8.437260628 -0.876927257 0.046683300 0.478350461 74.805740356
0.484089196 0.070571020 0.872168362 106.011482239 0.008764846 0.996301353 -0.085480005 -8.484329224 -0.874974787 0.049024366 0.481680065 75.092323303
0.487825036 0.071941219 0.869972110 106.498588562 0.007504742 0.996215761 -0.086588949 -8.535792351 -0.872909188 0.048769169 0.485439003 75.373558044
0.492474973 0.071834885 0.867357194 107.003486633 0.010307455 0.996036530 -0.088344589 -8.587670326 -0.870265663 0.052447747 0.489782542 75.647064209
0.496971399 0.075145490 0.864507437 107.487121582 0.007401616 0.995840251 -0.090816177 -8.636050224 -0.867735445 0.051531788 0.494347781 75.925857544
0.502306163 0.081182986 0.860870242 107.968551636 0.004187771 0.995342672 -0.096307673 -8.687440872 -0.864679635 0.051981088 0.499626815 76.228149414
0.507892966 0.088531449 0.856858730 108.435401917 -0.001371327 0.994786501 -0.101969436 -8.738320351 -0.861418962 0.050614532 0.505366504 76.512466431
0.514233112 0.094940834 0.852379322 108.923896790 -0.006267100 0.994243503 -0.106961235 -8.785661697 -0.857627511 0.049661066 0.511867762 76.831687927
0.520291805 0.099558577 0.848165452 109.395141602 -0.010414739 0.993847072 -0.110270128 -8.841504097 -0.853925049 0.048539236 0.518127382 77.130767822
0.526085913 0.099360742 0.844607055 109.897781372 -0.013879321 0.994022250 -0.108292997 -8.901041985 -0.850318253 0.045248911 0.524320126 77.461654663
0.531554997 0.098669618 0.841257155 110.395523071 -0.020908460 0.994417727 -0.103422396 -8.961433411 -0.846765578 0.037385318 0.530650973 77.794914246
0.537098229 0.096243441 0.838011205 110.882759094 -0.027010305 0.994922340 -0.096952856 -9.014357567 -0.843087018 0.029438294 0.536970854 78.121383667
0.542951822 0.094459519 0.834434330 111.383827209 -0.033453032 0.995297790 -0.090902269 -9.075040817 -0.839097142 0.021441210 0.543558955 78.474632263
0.548695803 0.092287987 0.830912590 111.892974854 -0.036283407 0.995580733 -0.086617507 -9.125535965 -0.835234225 0.017378353 0.549619794 78.822814941
0.555134356 0.095856614 0.826218665 112.396263123 -0.041102625 0.995285094 -0.087854646 -9.176595688 -0.830744267 0.014811407 0.556457400 79.183944702
0.561498582 0.099609941 0.821460426 112.922065735 -0.044932611 0.994933784 -0.089932129 -9.226034164 -0.826256871 0.013586402 0.563129663 79.568397522
0.567194402 0.103294380 0.817080736 113.447929382 -0.047831252 0.994560480 -0.092528060 -9.281776428 -0.822193921 0.013399404 0.569049835 79.942558289
