1.000000000 -0.000000000 0.000000000 0.000000000 -0.000000000 1.000000238 -0.000000000 0.000000000 0.000000000 -0.000000000 1.000000000 0.000000000
0.999999940 -0.000085098 -0.000407970 0.055600993 0.000085653 0.999999285 0.001361186 -0.026459843 0.000407854 -0.001361221 0.999998987 1.315979719
0.999998748 -0.001602729 -0.000162522 -0.012520253 0.001602965 0.999997675 0.001465853 -0.042528156 0.000160173 -0.001466113 0.999998927 2.616891861
0.999996722 -0.002456688 -0.000719084 -0.017741490 0.002457358 0.999996662 0.000931645 -0.075968385 0.000716792 -0.000933409 0.999999344 3.948445559
0.999994814 -0.003192421 -0.000449101 -0.015480302 0.003192752 0.999994755 0.000737641 -0.090815477 0.000446743 -0.000739071 0.999999642 5.280527592
0.999994695 -0.003249212 -0.000416619 -0.033939864 0.003249816 0.999993801 0.001453003 -0.114491470 0.000411893 -0.001454348 0.999998808 6.585082531
0.999990642 -0.004315647 -0.000337209 -0.035979658 0.004316431 0.999988079 0.002358370 -0.150234565 0.000327028 -0.002359804 0.999997258 7.917756081
0.999988794 -0.004719970 -0.000364246 -0.051811557 0.004720971 0.999985099 0.002796780 -0.163462147 0.000351040 -0.002798468 0.999996126 9.242753029
0.999992967 -0.003750359 -0.000733240 -0.047876459 0.003751487 0.999991953 0.001544987 -0.190819383 0.000727439 -0.001547726 0.999998569 10.562426567
0.999999225 -0.001124076 -0.000491089 -0.066031709 0.001123679 0.999999166 -0.000806833 -0.207605511 0.000491997 0.000806281 0.999999523 11.881557465
0.999998212 0.001760603 -0.000635744 -0.061196681 -0.001761763 0.999996841 -0.001829344 -0.240654379 0.000632523 0.001830461 0.999998093 13.227832794
0.999988079 0.004804232 -0.000474455 -0.085506849 -0.004805075 0.999986827 -0.001788119 -0.266470462 0.000465864 0.001790379 0.999998093 14.574168205
0.999987304 0.005032033 0.000075206 -0.105688721 -0.005031968 0.999987006 -0.000866397 -0.296978235 -0.000079564 0.000866008 0.999999702 15.922668457
0.999994934 0.003136607 0.000195311 -0.096573234 -0.003136924 0.999993742 0.001626268 -0.322254270 -0.000190209 -0.001626872 0.999998808 17.269504547
0.999998510 -0.001610699 0.000535971 -0.117731392 0.001608665 0.999991655 0.003769352 -0.350915641 -0.000542038 -0.003768485 0.999992907 18.621149063
0.999995470 -0.002996762 -0.000054254 -0.113529891 0.002996826 0.999994516 0.001385942 -0.371240467 0.000050102 -0.001386098 0.999999404 19.963539124
0.999992788 -0.003636471 0.000990537 -0.125762314 0.003639674 0.999988258 -0.003251817 -0.392681181 -0.000978700 0.003255400 0.999994218 21.311141968
0.999998271 -0.001437652 0.001091934 -0.119423956 0.001442646 0.999988496 -0.004587407 -0.449296117 -0.001085325 0.004588975 0.999988914 22.666740417
0.999999106 0.000862498 0.001102840 -0.138739556 -0.000861845 0.999999702 -0.000594181 -0.438305110 -0.001103348 0.000593233 0.999999404 24.040168762
0.999997497 0.001070653 0.001994568 -0.161577269 -0.001078061 0.999992669 0.003716387 -0.463282257 -0.001990574 -0.003718527 0.999991059 25.427782059
0.999998033 -0.000538247 0.001865743 -0.139086902 0.000529345 0.999988556 0.004768317 -0.485095203 -0.001868289 -0.004767319 0.999986947 26.798088074
0.999981821 -0.004649919 0.003841109 -0.156242698 0.004637144 0.999983847 0.003328879 -0.519197047 -0.003856526 -0.003311005 0.999987066 28.155742645
0.999982238 -0.004695751 0.003664996 -0.156510413 0.004693059 0.999988794 0.000743052 -0.533694804 -0.003668444 -0.000725838 0.999992907 29.529767990
0.999979973 -0.004633227 0.004316850 -0.155471921 0.004639341 0.999988317 -0.001407143 -0.577801287 -0.004310280 0.001427143 0.999989569 30.912773132
0.999992490 -0.002148775 0.003261219 -0.173735321 0.002155466 0.999995530 -0.002048296 -0.583704412 -0.003256804 0.002055308 0.999992251 32.292587280
0.999991953 -0.000230297 0.004005814 -0.176389962 0.000247182 0.999991238 -0.004214809 -0.632217169 -0.004004808 0.004215764 0.999983132 33.670028687
0.999993026 0.000135092 0.003719649 -0.181074008 -0.000120223 0.999992073 -0.003997685 -0.643673420 -0.003720160 0.003997208 0.999985099 35.060943604
0.999995232 -0.000172342 0.003066767 -0.173236430 0.000180259 0.999996781 -0.002582025 -0.685764730 -0.003066312 0.002582565 0.999991953 36.451065063
0.999994934 0.000660615 0.003162576 -0.187095523 -0.000657978 0.999999642 -0.000836717 -0.705652595 -0.003163127 0.000834629 0.999994636 37.856449127
0.999991119 0.003203699 0.002773971 -0.188172162 -0.003202340 0.999994755 -0.000494541 -0.734761178 -0.002775542 0.000485652 0.999995887 39.253856659
0.999977231 0.005934210 0.003193052 -0.199211225 -0.005931621 0.999982059 -0.000820530 -0.763688564 -0.003197865 0.000801567 0.999994397 40.661407471
0.999968529 0.007276852 0.003157842 -0.210883841 -0.007275174 0.999973536 -0.000542487 -0.786043704 -0.003161706 0.000519496 0.999994934 42.084838867
0.999959350 0.008541141 0.002937706 -0.214545205 -0.008539638 0.999963582 -0.000523461 -0.813047469 -0.002942069 0.000498354 0.999995410 43.470001221
0.999968827 0.007491259 0.002501197 -0.223559976 -0.007489890 0.999971926 -0.000556737 -0.839086354 -0.002505297 0.000537986 0.999996662 44.895271301
0.999973595 0.007078641 0.001663041 -0.216573119 -0.007076695 0.999974430 -0.001174825 -0.875632465 -0.001671314 0.001163024 0.999997854 46.293815613
0.999980867 0.006077583 0.001109564 -0.238529444 -0.006076985 0.999981403 -0.000545586 -0.900483072 -0.001112857 0.000538832 0.999999225 47.708141327
0.999981403 0.006081786 -0.000110515 -0.234209150 -0.006081751 0.999981642 0.000317987 -0.925108552 0.000112447 -0.000317309 1.000000000 49.109050751
0.999977291 0.006626362 -0.001120235 -0.248587757 -0.006626028 0.999978125 0.000300704 -0.954695642 0.001122202 -0.000293275 0.999999285 50.534145355
0.999974370 0.006834055 -0.002071343 -0.264489412 -0.006833269 0.999976695 0.000385659 -0.978487253 0.002073930 -0.000371495 0.999997675 51.983119965
0.999964416 0.007663964 -0.003461923 -0.286430478 -0.007658800 0.999969542 0.001503090 -1.016212106 0.003473338 -0.001476520 0.999992490 53.398651123
0.999969542 0.006571172 -0.004221192 -0.311762005 -0.006560902 0.999975681 0.002442795 -1.040626287 0.004237141 -0.002415025 0.999988139 54.860645294
0.999980032 0.004099220 -0.004819193 -0.315039635 -0.004085168 0.999987602 0.002922512 -1.058777571 0.004831112 -0.002902765 0.999984086 56.258056641
0.999986231 0.001864069 -0.004920862 -0.330832034 -0.001853794 0.999996364 0.002092665 -1.086606979 0.004924745 -0.002083512 0.999985635 57.672721863
0.999987185 0.000512110 -0.005028319 -0.350371897 -0.000501550 0.999997795 0.002101102 -1.111040235 0.005029384 -0.002098552 0.999985158 59.117897034
0.999988794 0.000009040 -0.004725184 -0.350720704 0.000004696 0.999995768 0.002907332 -1.143016696 0.004725190 -0.002907319 0.999984562 60.541790009
0.999988675 -0.001790758 -0.004377836 -0.358924359 0.001807838 0.999991000 0.003900498 -1.164836049 0.004370810 -0.003908367 0.999982834 62.004917145
0.999991417 -0.002982153 -0.002769995 -0.371540844 0.002985501 0.999994993 0.001205196 -1.199031591 0.002766388 -0.001213452 0.999995470 63.387596130
0.999988556 -0.004210152 -0.002259520 -0.377666622 0.004210654 0.999991357 0.000217026 -1.225376487 0.002258587 -0.000226539 0.999997437 64.808654785
0.999991357 -0.003857304 -0.001479774 -0.387366086 0.003857371 0.999992788 0.000041985 -1.265443683 0.001479604 -0.000047694 0.999998868 66.266220093
0.999995232 -0.002577666 -0.001702483 -0.414091438 0.002581249 0.999994695 0.002106602 -1.280686617 0.001697052 -0.002110987 0.999996305 67.618721008
0.999999344 0.000108517 -0.001122080 -0.430511445 -0.000105067 0.999995291 0.003074346 -1.312118053 0.001122409 -0.003074225 0.999994695 69.089935303
0.999992430 0.003868305 -0.000482016 -0.440904021 -0.003866135 0.999982774 0.004421420 -1.337704420 0.000499111 -0.004419522 0.999990225 70.458747864
0.999971926 0.007185573 0.002163139 -0.466197133 -0.007194576 0.999965250 0.004184691 -1.363148928 -0.002132992 -0.004200131 0.999988914 71.911682129
0.999927998 0.011726945 0.002556835 -0.474059463 -0.011736537 0.999924242 0.003768985 -1.383094907 -0.002512442 -0.003798722 0.999989688 73.267311096
0.999886334 0.014813784 0.002821871 -0.495544076 -0.014829480 0.999874532 0.005621090 -1.408780575 -0.002738247 -0.005662302 0.999980271 74.682174683
0.999861240 0.016232306 0.003714213 -0.509021282 -0.016252914 0.999852300 0.005586505 -1.424350858 -0.003622984 -0.005646097 0.999977589 76.129287720
0.999860108 0.016541028 0.002369298 -0.522426367 -0.016551374 0.999853075 0.004415671 -1.458322406 -0.002295915 -0.004454268 0.999987602 77.484367371
0.999870479 0.015924761 0.002242803 -0.530440509 -0.015934531 0.999863625 0.004407510 -1.486831427 -0.002172308 -0.004442679 0.999987781 78.905410767
0.999881864 0.015141059 0.002523368 -0.533461809 -0.015149409 0.999880075 0.003323320 -1.514429092 -0.002472743 -0.003361159 0.999991119 80.272384644
0.999884188 0.015020863 0.002391749 -0.534134150 -0.015029291 0.999880910 0.003546547 -1.544893503 -0.002338192 -0.003582084 0.999990880 81.659606934
0.999895871 0.014293363 0.001919802 -0.545782387 -0.014299827 0.999892056 0.003399891 -1.567999005 -0.001870999 -0.003426994 0.999992371 83.073616028
0.999917865 0.012727375 0.001435594 -0.552073717 -0.012731750 0.999914348 0.003079826 -1.590272903 -0.001396273 -0.003097849 0.999994218 84.433853149
0.999900162 0.014092342 0.000810723 -0.564951420 -0.014094970 0.999895215 0.003331836 -1.619274020 -0.000763685 -0.003342929 0.999994099 85.846145630
0.999907851 0.013555096 -0.000599890 -0.572922528 -0.013552552 0.999900043 0.004066033 -1.649155736 0.000654946 -0.004057528 0.999991536 87.202125549
0.999922454 0.012340717 -0.001500619 -0.566110015 -0.012332859 0.999910772 0.005142339 -1.676373243 0.001563948 -0.005123437 0.999985635 88.571113586
0.999948382 0.010035004 -0.001586615 -0.582079053 -0.010023952 0.999926627 0.006826100 -1.697017550 0.001654999 -0.006809846 0.999975383 89.959594727
0.999959469 0.008606251 -0.002681850 -0.587544024 -0.008587559 0.999939501 0.006905328 -1.725455046 0.002741116 -0.006882016 0.999972641 91.294487000
0.999966264 0.007679490 -0.002896054 -0.604390800 -0.007661210 0.999951243 0.006271451 -1.745889425 0.002944076 -0.006249050 0.999976218 92.685142517
0.999972939 0.006185675 -0.003932824 -0.611358523 -0.006167385 0.999970675 0.004644900 -1.773407102 0.003961441 -0.004620517 0.999981642 94.039520264
0.999975562 0.005604407 -0.004157728 -0.625770032 -0.005586873 0.999975622 0.004216709 -1.790978670 0.004181258 -0.004193377 0.999982476 95.444953918
0.999976277 0.006318972 -0.002709495 -0.637448907 -0.006310231 0.999974906 0.003222991 -1.819180489 0.002729791 -0.003205816 0.999991059 96.780555725
0.999971926 0.007092992 -0.002412537 -0.651493669 -0.007087167 0.999972224 0.002414594 -1.851505041 0.002429596 -0.002397427 0.999994218 98.117210388
0.999967813 0.007709293 -0.002154846 -0.673116863 -0.007703804 0.999967277 0.002544483 -1.872671723 0.002174391 -0.002527800 0.999994457 99.485862732
0.999956906 0.008642161 -0.003343632 -0.694146454 -0.008627093 0.999953032 0.004496333 -1.895795822 0.003382333 -0.004467291 0.999984264 100.819610596
0.999951303 0.009316730 -0.003192815 -0.710246325 -0.009298240 0.999940395 0.005758265 -1.918437004 0.003246272 -0.005728298 0.999978364 102.194915771
0.999955118 0.008990040 -0.002955352 -0.725057244 -0.008975690 0.999948144 0.004834086 -1.938295126 0.002998658 -0.004807342 0.999983966 103.511230469
0.999954045 0.009019599 -0.003161529 -0.729089379 -0.009013040 0.999957263 0.002083865 -1.966392875 0.003180188 -0.002055272 0.999992847 104.843826294
0.999964118 0.007802307 -0.003261986 -0.743852317 -0.007800390 0.999969542 0.000601414 -1.987072468 0.003266579 -0.000575947 0.999994636 106.197845459
0.999977052 0.006019370 -0.003087376 -0.754447579 -0.006013544 0.999980330 0.001893392 -2.025583506 0.003098711 -0.001874780 0.999993622 107.513023376
0.999992251 0.003064054 -0.002475266 -0.769557714 -0.003054266 0.999987900 0.003947501 -2.041350365 0.002487327 -0.003939905 0.999989390 108.872520447
0.999997377 0.001625438 -0.001602470 -0.779340029 -0.001617773 0.999987483 0.004773031 -2.070023298 0.001610208 -0.004770425 0.999987304 110.224426270
0.999999225 0.000878304 -0.000710314 -0.788133204 -0.000875694 0.999993026 0.003664537 -2.098492384 0.000713529 -0.003663915 0.999993026 111.553169250
0.999997556 0.002252507 0.000056478 -0.797750413 -0.002252572 0.999997020 0.001193096 -2.116345167 -0.000053789 -0.001193221 0.999999404 112.869880676
0.999987066 0.004996592 0.001019483 -0.807350874 -0.004995940 0.999987423 -0.000640517 -2.151194334 -0.001022670 0.000635416 0.999999344 114.199623108
0.999964476 0.008057483 0.002573417 -0.820548534 -0.008054355 0.999967098 -0.001222276 -2.170668364 -0.002583178 0.001201506 0.999996066 115.525390625
0.999951005 0.009031409 0.004071342 -0.830020785 -0.009033918 0.999959111 0.000598233 -2.195905924 -0.004065772 -0.000634984 0.999991536 116.849685669
0.999951124 0.008566571 0.004958463 -0.831279397 -0.008583327 0.999957383 0.003367229 -2.226888895 -0.004929407 -0.003409627 0.999982119 118.194213867
0.999945760 0.008607639 0.005850696 -0.831279993 -0.008631752 0.999954402 0.004108575 -2.255441666 -0.005815065 -0.004158854 0.999974489 119.550163269
0.999938130 0.008691683 0.006954344 -0.836140335 -0.008714440 0.999956727 0.003249046 -2.276062012 -0.006925804 -0.003309449 0.999970317 120.852188110
0.999907076 0.010055888 0.009200525 -0.839314103 -0.010041850 0.999948502 -0.001571154 -2.296100378 -0.009215852 0.001478618 0.999956369 122.204513550
0.999883711 0.011399866 0.010133798 -0.838667631 -0.011379234 0.999933183 -0.002091734 -2.320925713 -0.010156969 0.001976175 0.999946415 123.555412292
0.999847889 0.013214428 0.011391756 -0.835555911 -0.013180637 0.999908686 -0.003036704 -2.355418205 -0.011430846 0.002886091 0.999930441 124.886726379
0.999833822 0.014099930 0.011567445 -0.830725551 -0.014105733 0.999900639 0.000420411 -2.367094517 -0.011560365 -0.000583507 0.999932885 126.230987549
0.999829531 0.013637565 0.012445367 -0.829196095 -0.013641386 0.999907076 0.000222173 -2.397663355 -0.012441178 -0.000391906 0.999922514 127.556518555
0.999823987 0.013058502 0.013464965 -0.817785025 -0.013073689 0.999914229 0.001040618 -2.421486855 -0.013450216 -0.001216468 0.999908924 128.883789062
0.999830067 0.011629112 0.014305069 -0.807448268 -0.011661114 0.999929726 0.002155765 -2.446541309 -0.014278993 -0.002322211 0.999895394 130.247100830
0.999835551 0.010762519 0.014598109 -0.791845560 -0.010797744 0.999939024 0.002336073 -2.470201015 -0.014572077 -0.002493315 0.999890745 131.584274292
0.999849796 0.009309078 0.014616088 -0.781830311 -0.009350118 0.999952674 0.002741854 -2.504231930 -0.014589875 -0.002878102 0.999889553 132.911514282
0.999861360 0.008252481 0.014467506 -0.770779371 -0.008302784 0.999959826 0.003420322 -2.527299643 -0.014438698 -0.003539967 0.999889553 134.256195068
0.999874115 0.007657432 0.013894850 -0.758712530 -0.007701054 0.999965787 0.003088741 -2.560037613 -0.013870718 -0.003195355 0.999898791 135.615585327
0.999903142 0.005556695 0.012755712 -0.748044133 -0.005596629 0.999979794 0.003097345 -2.571666002 -0.012738239 -0.003168430 0.999913871 136.900268555
0.999921918 0.004058149 0.011820138 -0.741750956 -0.004104595 0.999984086 0.003907842 -2.598151445 -0.011804092 -0.003956053 0.999922633 138.269470215
0.999940395 0.002520847 0.010639374 -0.728116512 -0.002567222 0.999987364 0.004347335 -2.617877007 -0.010628282 -0.004374389 0.999934196 139.585937500
0.999956846 0.000211763 0.009337661 -0.721853852 -0.000252465 0.999990642 0.004357278 -2.642760515 -0.009336651 -0.004359445 0.999947250 140.976287842
0.999966264 0.001108544 0.008141473 -0.719353318 -0.001138946 0.999992609 0.003730303 -2.670134544 -0.008137273 -0.003739448 0.999959886 142.294158936
0.999974191 0.001062398 0.007116558 -0.716439962 -0.001084640 0.999994755 0.003122063 -2.685230017 -0.007113201 -0.003129701 0.999969780 143.634658813
0.999979556 -0.001442077 0.006226273 -0.710848331 0.001434401 0.999998629 0.001236942 -2.706417799 -0.006228043 -0.001227986 0.999979973 144.991119385
0.999972522 -0.005435902 0.005041577 -0.723321080 0.005436378 0.999985397 -0.000080757 -2.745624542 -0.005041064 0.000108164 0.999987364 146.298385620
0.999878526 -0.015080782 0.003927285 -0.716170907 0.015068175 0.999881506 0.003220491 -2.755463600 -0.003975384 -0.003160920 0.999987185 147.662658691
0.999740601 -0.022650357 0.002363730 -0.706445515 0.022639468 0.999733627 0.004539198 -2.777319908 -0.002465913 -0.004484504 0.999987006 148.969909668
0.999665916 -0.025802799 0.001293061 -0.686958671 0.025800765 0.999666154 0.001573192 -2.808983564 -0.001333221 -0.001539297 0.999998212 150.316787720
0.999724805 -0.023406439 0.001417198 -0.702997983 0.023409648 0.999723434 -0.002288659 -2.847906828 -0.001363235 0.002321206 0.999996424 151.713897705
0.999787092 -0.020474441 0.002458057 -0.710371256 0.020484716 0.999781370 -0.004228927 -2.874541998 -0.002370933 0.004278380 0.999988079 153.025985718
0.999786079 -0.020325841 0.003697439 -0.707700431 0.020341843 0.999783814 -0.004344082 -2.901449203 -0.003608339 0.004418368 0.999983609 154.401367188
0.999722838 -0.023110958 0.004482096 -0.706592321 0.023118103 0.999731719 -0.001549208 -2.927121639 -0.004445089 0.001652396 0.999988675 155.712707520
0.999530196 -0.030284941 0.004704078 -0.704857290 0.030276109 0.999539793 0.001938037 -2.956877708 -0.004760607 -0.001794704 0.999986947 157.055877686
0.999422729 -0.033661742 0.004576243 -0.680012763 0.033645816 0.999427676 0.003514143 -2.982226372 -0.004691914 -0.003358142 0.999983311 158.455856323
0.999410272 -0.034034707 0.004520066 -0.667907774 0.034019034 0.999415100 0.003502021 -3.009673595 -0.004636611 -0.003346187 0.999983728 159.798538208
0.999463439 -0.032265540 0.005603554 -0.674525082 0.032245975 0.999473751 0.003547762 -3.033378124 -0.005715074 -0.003365166 0.999978125 161.171630859
0.999517202 -0.030316681 0.006726545 -0.680898190 0.030293779 0.999535024 0.003479369 -3.050520897 -0.006828898 -0.003273916 0.999971330 162.497253418
0.999618471 -0.026540000 0.007658609 -0.682198286 0.026529172 0.999646902 0.001511746 -3.077979565 -0.007696027 -0.001307992 0.999969482 163.861968994
0.999672055 -0.024213657 0.008345264 -0.679853678 0.024209468 0.999706745 0.000603035 -3.096725702 -0.008357419 -0.000400802 0.999964952 165.195434570
0.999715328 -0.022224987 0.008717887 -0.683236003 0.022211907 0.999752104 0.001596179 -3.121557474 -0.008751201 -0.001402083 0.999960661 166.535461426
0.999734998 -0.021362823 0.008568469 -0.677623630 0.021352056 0.999771237 0.001346395 -3.147625685 -0.008595269 -0.001163083 0.999962389 167.895446777
0.999782562 -0.019208234 0.008123728 -0.678077579 0.019215811 0.999814987 -0.000855473 -3.177333355 -0.008105794 0.001011390 0.999966443 169.265350342
0.999877572 -0.013581160 0.007760189 -0.680715084 0.013611895 0.999899685 -0.003921196 -3.222865582 -0.007706157 0.004026346 0.999962151 170.674179077
0.999928892 -0.009270335 0.007499711 -0.686338425 0.009309170 0.999943376 -0.005159329 -3.241527557 -0.007451457 0.005228776 0.999958456 172.004348755
0.999960124 -0.004017949 0.007972452 -0.687294722 0.004049642 0.999984145 -0.003962883 -3.274340153 -0.007956403 0.003995010 0.999960363 173.382720947
0.999962032 -0.001966672 0.008501380 -0.699973106 0.001985224 0.999995887 -0.002173744 -3.302711964 -0.008497077 0.002190537 0.999961495 174.778137207
0.999962747 -0.001722099 0.008446177 -0.700250149 0.001723054 0.999998629 -0.000105707 -3.326100111 -0.008445982 0.000120255 0.999964356 176.124084473
0.999964774 -0.003563066 0.007606392 -0.691734910 0.003555761 0.999993384 0.000974058 -3.361133337 -0.007609815 -0.000946978 0.999970555 177.543136597
0.999961436 -0.006336973 0.006074899 -0.688911319 0.006330008 0.999979436 0.001165260 -3.379348993 -0.006082157 -0.001126760 0.999980867 178.899200439
0.999966681 -0.007164713 0.003911409 -0.687856376 0.007175505 0.999970615 -0.002751752 -3.410941601 -0.003891577 0.002779727 0.999988556 180.235473633
0.999988914 -0.003895753 0.002630271 -0.695744514 0.003914551 0.999966621 -0.007178884 -3.448462248 -0.002602211 0.007189102 0.999970734 181.687774658
0.999997079 0.000176351 0.002406367 -0.714709044 -0.000156407 0.999965847 -0.008285748 -3.479935646 -0.002407746 0.008285346 0.999962807 183.078399658
0.999987900 0.004547742 0.001896481 -0.723636210 -0.004534411 0.999965727 -0.006974373 -3.520462036 -0.001928133 0.006965689 0.999973893 184.465209961
0.999982536 0.005509735 0.002005685 -0.735418797 -0.005502109 0.999977946 -0.003789013 -3.546732187 -0.002026516 0.003777913 0.999990702 185.884628296
0.999973834 0.006805607 0.002355817 -0.744758725 -0.006802073 0.999975860 -0.001506399 -3.579912663 -0.002366013 0.001490336 0.999995947 187.281631470
0.999974370 0.006366117 0.003307647 -0.754019022 -0.006366947 0.999979615 0.000239792 -3.605742931 -0.003306055 -0.000260844 0.999994457 188.691040039
0.999985278 0.004413479 0.003070531 -0.754881442 -0.004416032 0.999989986 0.000824637 -3.634664536 -0.003066860 -0.000838184 0.999994993 190.091049194
0.999992490 0.001994526 0.003254277 -0.751181126 -0.001998815 0.999997258 0.001314751 -3.662542582 -0.003251644 -0.001321245 0.999993801 191.466171265
0.999995649 -0.000176191 0.002762235 -0.757954240 0.000175109 0.999999702 0.000392381 -3.697932482 -0.002762301 -0.000391894 0.999996006 192.913238525
0.999985039 -0.004507566 0.003150034 -0.756832123 0.004503971 0.999989331 0.001147401 -3.724252462 -0.003155172 -0.001133195 0.999994338 194.299819946
0.999950647 -0.009366582 0.003376256 -0.753398597 0.009357904 0.999953032 0.002576974 -3.741985798 -0.003400233 -0.002545252 0.999990940 195.755050659
0.999927819 -0.011407109 0.003832094 -0.752603948 0.011395737 0.999930680 0.002974484 -3.771392345 -0.003865755 -0.002930598 0.999987960 197.181747437
0.999948382 -0.009411654 0.003836820 -0.767042935 0.009416102 0.999955058 -0.001143120 -3.802253723 -0.003825889 0.001179188 0.999991953 198.601074219
0.999986470 -0.002395322 0.004632514 -0.768047929 0.002424849 0.999976873 -0.006379742 -3.829535007 -0.004617123 0.006390890 0.999968946 200.004241943
0.999967217 0.005310568 0.006088970 -0.779039979 -0.005266863 0.999960482 -0.007171579 -3.847563744 -0.006126814 0.007139273 0.999955773 201.444046021
0.999872208 0.014330506 0.007070799 -0.803824782 -0.014309487 0.999893010 -0.003014775 -3.893990755 -0.007113246 0.002913204 0.999970496 202.877349854
0.999838173 0.016014401 0.008188411 -0.801060319 -0.016005686 0.999871254 -0.001129097 -3.924104691 -0.008205438 0.000997852 0.999965787 204.324859619
0.999870360 0.014251037 0.007483786 -0.795352221 -0.014246447 0.999898374 -0.000666374 -3.951634169 -0.007492522 0.000559670 0.999971747 205.732986450
0.999920964 0.010939606 0.006182548 -0.798261046 -0.010937750 0.999940157 -0.000334139 -3.980642319 -0.006185837 0.000266493 0.999980688 207.203674316
0.999947548 0.008963666 0.004959413 -0.793093204 -0.008961841 0.999959826 -0.000390778 -4.014028072 -0.004962717 0.000346312 0.999987721 208.633758545
0.999943912 0.009557493 0.004558581 -0.798795819 -0.009551951 0.999953687 -0.001236386 -4.039628983 -0.004570187 0.001192773 0.999988914 210.094757080
0.999937892 0.010204322 0.004477690 -0.800137639 -0.010199090 0.999947369 -0.001190302 -4.072477341 -0.004489603 0.001144559 0.999989331 211.576065063
0.999915659 0.012189750 0.004531923 -0.810049415 -0.012187452 0.999925733 -0.000535121 -4.095322609 -0.004538110 0.000479842 0.999989569 213.026702881
0.999915659 0.012280270 0.004226738 -0.816140831 -0.012277486 0.999924541 -0.000684420 -4.134156227 -0.004234822 0.000632469 0.999990940 214.484420776
0.999914467 0.012469789 0.003924523 -0.815588295 -0.012463452 0.999921083 -0.001635062 -4.165459633 -0.003944602 0.001586010 0.999991000 215.961471558
0.999951124 0.009214742 0.003554506 -0.819894254 -0.009207435 0.999955535 -0.002066057 -4.190990448 -0.003573388 0.002033229 0.999991536 217.424850464
0.999953568 0.009158010 0.002996588 -0.819375932 -0.009152154 0.999956429 -0.001961780 -4.225300789 -0.003014421 0.001934264 0.999993622 218.893585205
0.999932051 0.011238134 0.003091029 -0.829292476 -0.011230028 0.999933898 -0.002626875 -4.258270264 -0.003120341 0.002591983 0.999991953 220.363952637
0.999944866 0.010052375 0.003001161 -0.835262597 -0.010044693 0.999946415 -0.002564513 -4.288205147 -0.003026779 0.002534227 0.999992192 221.847640991
0.999921262 0.012310701 0.002361529 -0.843394935 -0.012303571 0.999920130 -0.003012400 -4.325675488 -0.002398424 0.002983107 0.999992490 223.337722778
0.999924421 0.012133080 0.001931677 -0.849032283 -0.012127060 0.999921739 -0.003100717 -4.353069782 -0.001969146 0.003077056 0.999993384 224.819320679
0.999918878 0.012630085 0.001577428 -0.856654167 -0.012625390 0.999915957 -0.002955198 -4.386587143 -0.001614618 0.002935039 0.999994457 226.306472778
0.999931276 0.011573400 0.001712166 -0.861998498 -0.011567918 0.999927878 -0.003178909 -4.421944618 -0.001748828 0.003158877 0.999993742 227.800506592
0.999948382 0.010009666 0.001747198 -0.865375340 -0.010003489 0.999943912 -0.003507948 -4.449362278 -0.001782212 0.003490288 0.999992311 229.307464600
0.999955297 0.009298950 0.001680337 -0.878390789 -0.009293503 0.999951780 -0.003219842 -4.487999439 -0.001710196 0.003204081 0.999993443 230.776641846
0.999971092 0.007335586 0.001875472 -0.877456665 -0.007331274 0.999970615 -0.002294314 -4.526604176 -0.001892246 0.002280496 0.999995589 232.282440186
0.999966085 0.008044282 0.001703335 -0.880563080 -0.008041246 0.999966204 -0.001782839 -4.563239098 -0.001717619 0.001769080 0.999996901 233.830307007
0.999970913 0.007378635 0.001944968 -0.886500001 -0.007374120 0.999970257 -0.002321937 -4.591171741 -0.001962044 0.002307526 0.999995291 235.259765625
0.999967277 0.007798066 0.002162757 -0.893435419 -0.007791588 0.999965310 -0.002989259 -4.622062683 -0.002185992 0.002972310 0.999993324 236.819641113
0.999954760 0.009114051 0.002652508 -0.905903161 -0.009107745 0.999955654 -0.002381896 -4.657251358 -0.002674099 0.002357632 0.999993742 238.285781860
0.999949038 0.009585836 0.003168369 -0.913409829 -0.009584997 0.999954104 -0.000280766 -4.687459946 -0.003170915 0.000250383 0.999994993 239.791290283
0.999956489 0.008502666 0.003822629 -0.909304559 -0.008503395 0.999963760 0.000173741 -4.713004112 -0.003821012 -0.000206239 0.999992847 241.352905273
0.999947667 0.009273874 0.004312184 -0.920137644 -0.009268557 0.999956429 -0.001251700 -4.743233681 -0.004323602 0.001211667 0.999989986 242.807388306
0.999940157 0.009646860 0.005141223 -0.911110520 -0.009632306 0.999949694 -0.002848138 -4.782242298 -0.005168437 0.002798445 0.999982774 244.374786377
0.999941468 0.009490722 0.005190331 -0.922180414 -0.009478658 0.999952435 -0.002345133 -4.807737350 -0.005212335 0.002295799 0.999983966 245.864105225
0.999935925 0.010001994 0.005318979 -0.918480635 -0.009994949 0.999949336 -0.001349424 -4.843183041 -0.005332205 0.001296176 0.999985039 247.386444092
0.999937356 0.010004806 0.005032458 -0.926819682 -0.010001087 0.999949872 -0.000763806 -4.881063938 -0.005039848 0.000713429 0.999987006 248.935867310
0.999943197 0.009613972 0.004601558 -0.937847972 -0.009609806 0.999953568 -0.000927211 -4.904795170 -0.004610257 0.000882937 0.999988914 250.413513184
0.999921262 0.011558081 0.004881532 -0.927396655 -0.011555647 0.999933243 -0.000526804 -4.939112186 -0.004887292 0.000470354 0.999987900 251.989303589
0.999907970 0.012672029 0.004840586 -0.942497134 -0.012671422 0.999919713 -0.000156443 -4.967996120 -0.004842180 0.000095093 0.999988258 253.463912964
0.999900758 0.013141189 0.005055946 -0.937129855 -0.013140021 0.999913633 -0.000264497 -4.990242004 -0.005058987 0.000198038 0.999987125 255.047592163
0.999910712 0.012313345 0.005155163 -0.931608081 -0.012312278 0.999923885 -0.000239474 -5.038230896 -0.005157725 0.000175987 0.999986470 256.583068848
0.999930382 0.010566774 0.005239276 -0.925967932 -0.010568723 0.999944150 0.000343685 -5.058680058 -0.005235352 -0.000399033 0.999986172 258.121459961
0.999956250 0.007747403 0.005229560 -0.930228472 -0.007755141 0.999968946 0.001460935 -5.101197720 -0.005218079 -0.001501426 0.999985218 259.639221191
0.999962091 0.007211728 0.004872778 -0.922002554 -0.007213935 0.999973953 0.000435742 -5.126296043 -0.004869509 -0.000470876 0.999988019 261.174163818
0.999975026 0.005133980 0.004865667 -0.927159905 -0.005131891 0.999986708 -0.000441036 -5.157414913 -0.004867872 0.000416057 0.999988019 262.716796875
0.999977887 0.002931212 0.005927722 -0.927873969 -0.002939303 0.999994934 0.001356919 -5.188541889 -0.005923715 -0.001374314 0.999981344 264.246520996
0.999979913 -0.001338073 0.006188170 -0.922560453 0.001315694 0.999992669 0.003619328 -5.199343681 -0.006192968 -0.003611113 0.999974251 265.797088623
0.999983966 -0.000466512 0.005616911 -0.923578262 0.000451480 0.999996185 0.002677641 -5.242839336 -0.005618140 -0.002675062 0.999980628 267.343963623
0.999983966 -0.001002545 0.005566208 -0.929036140 0.000996024 0.999999106 0.001174175 -5.269990444 -0.005567378 -0.001168612 0.999983847 268.838073730
0.999979615 0.000051897 0.006378909 -0.935362697 -0.000058341 0.999999702 0.001010189 -5.299665928 -0.006378853 -0.001010539 0.999979198 270.422424316
0.999964118 0.002779318 0.007983293 -0.925203800 -0.002789744 0.999995530 0.001295169 -5.329525948 -0.007979656 -0.001317392 0.999967277 271.931213379
0.999950707 0.004601839 0.008786209 -0.928189754 -0.004608704 0.999989271 0.000761304 -5.364732265 -0.008782612 -0.000801759 0.999961197 273.478790283
0.999941707 0.004842300 0.009631895 -0.920431137 -0.004850131 0.999987841 0.000789884 -5.387822151 -0.009627953 -0.000836553 0.999953449 275.034606934
0.999925792 0.005860874 0.010672593 -0.911394119 -0.005864539 0.999982893 0.000311987 -5.422913551 -0.010670584 -0.000374554 0.999943018 276.537780762
0.999917150 0.005700807 0.011535988 -0.912016630 -0.005699948 0.999984086 -0.000107792 -5.449599266 -0.011536414 0.000042029 0.999933600 278.129211426
0.999910414 0.005150090 0.012345953 -0.894916058 -0.005143541 0.999986708 -0.000562346 -5.482528687 -0.012348683 0.000498793 0.999923587 279.623291016
0.999893486 0.005848850 0.013364459 -0.887447119 -0.005842036 0.999983013 -0.000549091 -5.522264004 -0.013367441 0.000470957 0.999910414 281.183593750
0.999885917 0.004672929 0.014370796 -0.856853485 -0.004681502 0.999988973 0.000562872 -5.560918331 -0.014368004 -0.000630085 0.999896586 282.782684326
0.999892890 0.002846397 0.014357064 -0.853787899 -0.002859428 0.999995649 0.000887150 -5.580343246 -0.014354470 -0.000928109 0.999896228 284.263244629
0.999893606 0.001378896 0.014524506 -0.835763454 -0.001356813 0.999997973 -0.001530153 -5.615296841 -0.014526588 0.001510282 0.999893367 285.834594727
0.999896109 0.002448896 0.014201478 -0.830997467 -0.002396497 0.999990225 -0.003705487 -5.648129940 -0.014210414 0.003671067 0.999892235 287.371093750
0.999906838 0.002003961 0.013486957 -0.812903881 -0.001953180 0.999991119 -0.003777233 -5.680852890 -0.013494405 0.003750539 0.999901950 288.912658691
0.999919236 0.000106799 0.012685450 -0.802135229 -0.000060332 0.999993563 -0.003663085 -5.719112873 -0.012685755 0.003662025 0.999912620 290.485107422
0.999933243 0.000768389 0.011532918 -0.789679050 -0.000717431 0.999989986 -0.004421842 -5.753542900 -0.011536200 0.004413272 0.999923646 292.010711670
0.999938250 0.000337418 0.011122356 -0.785726547 -0.000287435 0.999989867 -0.004494817 -5.794423580 -0.011123757 0.004491340 0.999927998 293.597534180
0.999943614 0.000791732 0.010605235 -0.779770851 -0.000746030 0.999990523 -0.004312533 -5.824105263 -0.010608551 0.004304375 0.999934316 295.138580322
0.999953091 -0.000128901 0.009676478 -0.773733616 0.000167740 0.999992192 -0.004013000 -5.862967968 -0.009675883 0.004014434 0.999944985 296.710601807
0.999957919 -0.000623407 0.009143881 -0.740613461 0.000653899 0.999994338 -0.003332061 -5.892730713 -0.009141752 0.003337899 0.999952674 298.332885742
0.999966860 0.001310625 0.008014238 -0.768496990 -0.001299276 0.999998152 -0.001421033 -5.933119297 -0.008016081 0.001410570 0.999966919 299.886779785
0.999962389 0.001112335 0.008609581 -0.765978575 -0.001102064 0.999998808 -0.001197684 -5.959672451 -0.008610906 0.001188151 0.999962211 301.472991943
0.999949813 0.001788835 0.009877124 -0.760817528 -0.001773254 0.999997318 -0.001585407 -5.992100239 -0.009879938 0.001567813 0.999950111 303.047729492
0.999947190 0.000993817 0.010237761 -0.749063253 -0.000974567 0.999997854 -0.001884905 -6.027778625 -0.010239614 0.001874826 0.999945819 304.658691406
0.999945998 -0.000675525 0.010360232 -0.737203598 0.000704472 0.999995768 -0.002790635 -6.059637070 -0.010358307 0.002797779 0.999942362 306.261352539
0.999935567 -0.002740576 0.011001552 -0.718559027 0.002789052 0.999986470 -0.004393307 -6.094242573 -0.010989366 0.004423706 0.999929726 307.831512451
0.999934137 -0.003160434 0.011020391 -0.721459150 0.003225828 0.999977350 -0.005921214 -6.134638786 -0.011001438 0.005956372 0.999921501 309.472961426
0.999955237 -0.002115976 0.009216070 -0.713661909 0.002176985 0.999975860 -0.006614754 -6.172108173 -0.009201851 0.006634518 0.999935627 311.048065186
0.999976635 -0.001632552 0.006648188 -0.713071585 0.001672809 0.999980390 -0.006053837 -6.212028027 -0.006638176 0.006064811 0.999959648 312.659851074
0.999993324 -0.000107223 0.003622667 -0.715101838 0.000109706 0.999999881 -0.000685012 -6.247864723 -0.003622595 0.000685405 0.999993145 314.271636963
0.999989688 -0.001876060 0.004127739 -0.708969474 0.001866628 0.999995708 0.002287921 -6.286647797 -0.004132015 -0.002280192 0.999988794 315.879211426
0.999972880 -0.002321086 0.006989793 -0.702570677 0.002314734 0.999996841 0.000916693 -6.314620972 -0.006991901 -0.000900487 0.999975145 317.523223877
0.999971747 -0.003061207 0.006875652 -0.701821566 0.003065328 0.999995172 -0.000588787 -6.349789143 -0.006873817 0.000609847 0.999976158 319.146514893
0.999964476 -0.003887859 0.007482150 -0.706996202 0.003892733 0.999992311 -0.000636823 -6.377413750 -0.007479617 0.000665927 0.999971747 320.778320312
0.999960899 -0.004120909 0.007809490 -0.688028812 0.004123316 0.999991477 -0.000291678 -6.409137249 -0.007808228 0.000323870 0.999969482 322.399230957
0.999956667 -0.004004342 0.008385959 -0.681942225 0.004001384 0.999992013 0.000369868 -6.450935364 -0.008387374 -0.000336297 0.999964833 324.023529053
0.999955535 -0.002779769 0.008966302 -0.680736303 0.002787415 0.999995947 -0.000839961 -6.482505798 -0.008963930 0.000864913 0.999959409 325.660949707
0.999947965 -0.001729206 0.010046704 -0.678909779 0.001745320 0.999997377 -0.001595351 -6.514324188 -0.010043920 0.001612803 0.999948382 327.283447266
0.999939978 -0.003102328 0.010479097 -0.676855803 0.003102639 0.999995232 -0.000013381 -6.553378582 -0.010479010 0.000045893 0.999945223 328.889526367
0.999977291 -0.004359784 0.005119862 -0.669468284 0.004338403 0.999981999 0.004180179 -6.586770535 -0.005137995 -0.004157871 0.999978185 330.530914307
0.999975860 -0.004725175 0.005088265 -0.674878240 0.004710009 0.999984622 0.002988758 -6.615725517 -0.005102308 -0.002964720 0.999982595 332.136413574
0.999934256 -0.004048421 0.010729437 -0.649177074 0.004048134 0.999992073 0.000048721 -6.665437698 -0.010729548 -0.000005282 0.999942422 333.759368896
0.999963701 -0.002227867 0.008198357 -0.648883820 0.002226543 0.999997854 0.000170430 -6.690996647 -0.008198723 -0.000152172 0.999966502 335.371673584
0.999969900 -0.000643553 0.007719971 -0.653148413 0.000670539 0.999993801 -0.003493417 -6.734366417 -0.007717675 0.003498486 0.999963999 336.994628906
0.999959350 0.000659424 0.008980589 -0.642917871 -0.000624240 0.999992192 -0.003919879 -6.773715496 -0.008983104 0.003914113 0.999951839 338.594116211
0.999965727 0.001244772 0.008191828 -0.640254974 -0.001235770 0.999998748 -0.001103884 -6.811010361 -0.008193193 0.001093725 0.999965906 340.217498779
0.999973118 0.002267607 0.007007823 -0.640717268 -0.002279912 0.999995708 0.001748771 -6.839611530 -0.007003828 -0.001764698 0.999973953 341.821929932
0.999980152 0.002780511 0.005662905 -0.640340209 -0.002786010 0.999995828 0.000963468 -6.870985508 -0.005660201 -0.000979225 0.999983490 343.408325195
0.999986947 0.002819482 0.004286507 -0.650449157 -0.002817066 0.999996364 -0.000569133 -6.910259724 -0.004288093 0.000557050 0.999990642 345.020599365
0.999995410 0.002013110 0.002198202 -0.657176971 -0.002013917 0.999997973 0.000365300 -6.940742016 -0.002197462 -0.000369726 0.999997497 346.599334717
0.999999046 -0.000344150 0.001134382 -0.650473833 0.000342555 0.999998868 0.001405407 -6.984002113 -0.001134864 -0.001405018 0.999998271 348.199798584
0.999999642 -0.000477905 0.000629089 -0.675790310 0.000477514 0.999999762 0.000622262 -7.008192062 -0.000629386 -0.000621962 0.999999583 349.795562744
0.999999046 -0.001083485 0.000749343 -0.664582014 0.001083663 0.999999523 -0.000236121 -7.050483704 -0.000749087 0.000236931 0.999999642 351.394439697
0.999998569 -0.000968269 0.001331844 -0.676193893 0.000968817 0.999999464 -0.000410430 -7.081037521 -0.001331445 0.000411719 0.999999106 353.004638672
0.999998152 -0.001707082 0.000696386 -0.683130860 0.001707420 0.999998450 -0.000479598 -7.115555286 -0.000695562 0.000480784 0.999999702 354.583740234
0.999996364 -0.002543069 0.000744073 -0.693498015 0.002543836 0.999996245 -0.001031880 -7.153539658 -0.000741445 0.001033770 0.999999285 356.165557861
0.999996305 -0.002557572 0.000752523 -0.700481057 0.002558796 0.999995232 -0.001631622 -7.189369202 -0.000748344 0.001633542 0.999998331 357.789978027
0.999994516 -0.003284379 0.000437269 -0.714038372 0.003285093 0.999993503 -0.001642441 -7.226120949 -0.000431872 0.001643868 0.999998569 359.368316650
0.999995351 -0.002969803 0.000840836 -0.717600763 0.002971700 0.999993443 -0.002264030 -7.255045891 -0.000834110 0.002266518 0.999997258 360.986175537
0.999993145 -0.003594784 0.000812216 -0.730071127 0.003597246 0.999989033 -0.003051631 -7.304183006 -0.000801236 0.003054532 0.999995053 362.548217773
0.999984503 -0.005502012 0.000630961 -0.729984403 0.005503306 0.999982655 -0.002070999 -7.326718330 -0.000619554 0.002074437 0.999997795 364.141571045
0.999953330 -0.009609582 0.000958165 -0.734298110 0.009610577 0.999953449 -0.001037242 -7.370844841 -0.000948152 0.001046402 0.999999046 365.761749268
0.999962211 -0.008660785 0.000906288 -0.746341109 0.008662120 0.999961495 -0.001477604 -7.405488491 -0.000893454 0.001485398 0.999998629 367.319091797
0.999967694 -0.007846721 0.001784291 -0.747920990 0.007850936 0.999966443 -0.002367931 -7.438652515 -0.001765651 0.002381862 0.999995589 368.944610596
0.999981940 -0.005812170 0.001555583 -0.768228948 0.005814594 0.999981821 -0.001558109 -7.474989414 -0.001546499 0.001567126 0.999997497 370.525604248
0.999988019 -0.004485944 0.002004424 -0.766886592 0.004487561 0.999989569 -0.000801397 -7.505066872 -0.002000807 0.000810381 0.999997556 372.154205322
0.999989867 -0.004062590 0.001933159 -0.770944297 0.004064951 0.999991119 -0.001218649 -7.541486263 -0.001928191 0.001226494 0.999997377 373.745269775
0.999993145 -0.003626911 0.000865830 -0.779161155 0.003627711 0.999993145 -0.000923961 -7.578149796 -0.000862472 0.000927093 0.999999225 375.332031250
0.999993265 -0.003391915 0.001396185 -0.784206450 0.003394065 0.999993145 -0.001540614 -7.608201027 -0.001390950 0.001545342 0.999997854 376.959320068
0.999995470 -0.002703208 0.001344056 -0.800098598 0.002705163 0.999995410 -0.001454902 -7.645732403 -0.001340117 0.001458531 0.999997973 378.544158936
0.999990344 -0.002470927 0.003690841 -0.805956841 0.002477816 0.999995232 -0.001862812 -7.678185463 -0.003686224 0.001871938 0.999991238 380.175140381
0.999993086 -0.001209515 0.003502587 -0.816069484 0.001214474 0.999998271 -0.001413704 -7.715353489 -0.003500872 0.001417947 0.999992907 381.770935059
0.999992907 -0.000035861 0.003717270 -0.820702434 0.000043563 0.999997854 -0.002072266 -7.747255802 -0.003717190 0.002072412 0.999991000 383.395965576
