0.999999881 0.000000000 0.000000000 0.000000000 0.000000000 0.999999881 0.000000000 0.000000000 0.000000000 0.000000000 1.000000000 0.000000000
0.999997377 -0.001518029 -0.001632017 -0.007809916 0.001517707 0.999998689 -0.000198449 -0.018252147 0.001632317 0.000195971 0.999998629 0.565237403
0.999993980 -0.001749478 -0.002958087 -0.010964604 0.001744176 0.999996722 -0.001794056 -0.032115404 0.002961217 0.001788886 0.999994040 1.139278769
0.999987304 -0.001830113 -0.004668735 -0.014835162 0.001816693 0.999994099 -0.002877180 -0.048437010 0.004673973 0.002868662 0.999984980 1.679042578
0.999972105 -0.003036333 -0.006807418 -0.017562076 0.003003888 0.999983966 -0.004771497 -0.074684210 0.006821799 0.004750915 0.999965429 2.233819246
0.999941051 -0.006479562 -0.008701144 -0.015753847 0.006422078 0.999957383 -0.006618226 -0.077895470 0.008743658 0.006561958 0.999940217 2.807361126
0.999925554 -0.006924307 -0.010036379 -0.030212525 0.006853320 0.999951243 -0.007090197 -0.100629099 0.010084987 0.007020888 0.999924481 3.354243994
0.999900579 -0.008852267 -0.010964341 -0.045644768 0.008773356 0.999935329 -0.007224291 -0.095902361 0.011027585 0.007127380 0.999913812 3.940692663
0.999885917 -0.008905603 -0.012191749 -0.054718710 0.008815220 0.999933302 -0.007447235 -0.113235697 0.012257259 0.007338915 0.999897897 4.524780273
0.999880195 -0.008103976 -0.013186607 -0.074752733 0.007977056 0.999921620 -0.009649091 -0.137811527 0.013263769 0.009542746 0.999866426 5.111868858
0.999866068 -0.007105126 -0.014741427 -0.086304121 0.006899156 0.999878466 -0.013976074 -0.150126278 0.014838940 0.013872502 0.999793649 5.711894035
0.999852419 -0.006138024 -0.016039759 -0.102603287 0.005857308 0.999829829 -0.017489921 -0.164261371 0.016144380 0.017393392 0.999718368 6.325965881
0.999841571 -0.005123997 -0.017036714 -0.119044051 0.004820535 0.999829710 -0.017805852 -0.170072019 0.017125057 0.017720906 0.999696314 6.955568314
0.999831676 -0.001293732 -0.018287687 -0.145427778 0.001089284 0.999936700 -0.011185057 -0.187522084 0.018301008 0.011163251 0.999770164 7.598427773
0.999821603 -0.000136622 -0.018884515 -0.164868325 0.000130443 0.999999821 -0.000328399 -0.210735321 0.018884571 0.000325875 0.999821663 8.263026237
0.999803424 0.000361539 -0.019821439 -0.180618301 -0.000227221 0.999976873 0.006778285 -0.223602891 0.019823445 -0.006772453 0.999780595 8.929905891
0.999777794 0.002154866 -0.020976689 -0.197906345 -0.002028495 0.999979734 0.006043896 -0.240016669 0.020989295 -0.006000003 0.999761820 9.605658531
0.999754250 0.004688513 -0.021661773 -0.220510080 -0.004724158 0.999987483 -0.001594622 -0.250076056 0.021654028 0.001696563 0.999764085 10.295731544
0.999721825 0.004828293 -0.023082675 -0.259899020 -0.005004163 0.999958754 -0.007567469 -0.252787709 0.023045186 0.007680873 0.999704897 10.998846054
0.999708533 0.002492184 -0.024011299 -0.276358575 -0.002658978 0.999972403 -0.006917133 -0.256230891 0.023993395 0.006978962 0.999687791 11.730863571
0.999697983 0.000998236 -0.024554111 -0.290367931 -0.000938644 0.999996424 0.002438296 -0.272972614 0.024556464 -0.002414516 0.999695539 12.478536606
0.999692202 0.000414885 -0.024804346 -0.313849151 -0.000157805 0.999946058 0.010365343 -0.269763321 0.024807315 -0.010358244 0.999638617 13.258612633
0.999674320 -0.000287514 -0.025517298 -0.337732792 0.000613133 0.999918163 0.012753756 -0.277138233 0.025511554 -0.012765258 0.999593139 14.053998947
0.999666631 -0.002030553 -0.025735181 -0.363316029 0.002339344 0.999925494 0.011974407 -0.292639673 0.025708959 -0.012030616 0.999597132 14.863201141
0.999682009 -0.002329395 -0.025106678 -0.375111550 0.002568130 0.999951661 0.009480797 -0.292575926 0.025083387 -0.009542258 0.999639869 15.687344551
0.999689341 -0.000332088 -0.024916939 -0.409535289 0.000476842 0.999982893 0.005803806 -0.285704821 0.024914593 -0.005813885 0.999672771 16.513820648
0.999716461 -0.003095347 -0.023602668 -0.428787827 0.003109317 0.999994814 0.000555293 -0.299928129 0.023600833 -0.000628521 0.999721467 17.374881744
0.999713182 -0.005998093 -0.023179321 -0.450433701 0.005865048 0.999965727 -0.005803506 -0.314338684 0.023213346 0.005665900 0.999714553 18.223897934
0.999749184 -0.005481907 -0.021702087 -0.475803196 0.005236687 0.999921739 -0.011340127 -0.329629302 0.021762557 0.011223645 0.999700189 19.130458832
0.999761939 -0.003047373 -0.021589473 -0.506499887 0.002778062 0.999917865 -0.012493175 -0.346022189 0.021625774 0.012430234 0.999688983 20.017053604
0.999754012 -0.002788302 -0.021985071 -0.532723367 0.002534719 0.999929726 -0.011553684 -0.367934883 0.022015745 0.011495132 0.999691904 20.927518845
0.999758422 -0.001749183 -0.021903474 -0.561169505 0.001479742 0.999922991 -0.012311475 -0.393330485 0.021923328 0.012276093 0.999684393 21.886814117
0.999758303 0.001720288 -0.021910807 -0.592116296 -0.002042715 0.999889791 -0.014701665 -0.423008054 0.021883106 0.014742874 0.999651909 22.825696945
0.999745250 0.005406267 -0.021906488 -0.627080321 -0.005749815 0.999860823 -0.015650038 -0.444859147 0.021818841 0.015772013 0.999637604 23.803747177
0.999735892 0.006754359 -0.021956157 -0.652311325 -0.007099580 0.999851644 -0.015683509 -0.475966901 0.021846989 0.015835250 0.999635875 24.738554001
0.999732137 0.007154096 -0.022002798 -0.681006730 -0.007503510 0.999846339 -0.015839018 -0.508717895 0.021886108 0.015999880 0.999632418 25.741884232
0.999723852 0.007286240 -0.022339787 -0.711324453 -0.007638288 0.999847293 -0.015714109 -0.538957536 0.022221884 0.015880410 0.999626935 26.712799072
0.999712110 0.008092497 -0.022587715 -0.732103765 -0.008427384 0.999855340 -0.014770440 -0.571856737 0.022464922 0.014956547 0.999635756 27.700508118
0.999698460 0.009148467 -0.022784024 -0.768573701 -0.009443002 0.999872744 -0.012853314 -0.606840730 0.022663545 0.013064595 0.999657750 28.737272263
0.999679983 0.009960106 -0.023257758 -0.803218722 -0.010224720 0.999883950 -0.011286333 -0.628750563 0.023142660 0.011520532 0.999665678 29.722299576
0.999687552 0.009454527 -0.023134265 -0.830974996 -0.009733532 0.999880731 -0.011977477 -0.666057229 0.023018271 0.012198913 0.999660611 30.764680862
0.999660611 0.011153677 -0.023536408 -0.869172692 -0.011455837 0.999853134 -0.012742308 -0.687879324 0.023390831 0.013007615 0.999641716 31.764335632
0.999658644 0.010706901 -0.023823150 -0.901033223 -0.011005073 0.999862134 -0.012420168 -0.713693142 0.023686890 0.012678107 0.999639034 32.794342041
0.999658942 0.009319932 -0.024384225 -0.932681859 -0.009564600 0.999904811 -0.009936404 -0.752275288 0.024289301 0.010166244 0.999653280 33.876674652
0.999633133 0.011270550 -0.024624165 -0.969454348 -0.011417964 0.999917686 -0.005854110 -0.789246857 0.024556160 0.006133118 0.999679625 34.908740997
0.999640703 0.009679577 -0.024986725 -0.997276485 -0.009781391 0.999944389 -0.003955806 -0.807190359 0.024947042 0.004198788 0.999679983 35.994110107
0.999623954 0.009743498 -0.025627576 -1.035037160 -0.009836530 0.999945521 -0.003506637 -0.832624495 0.025592014 0.003757405 0.999665320 37.040832520
0.999606729 0.009587839 -0.026344039 -1.066636562 -0.009712185 0.999942362 -0.004596158 -0.858346939 0.026298443 0.004850206 0.999642134 38.134929657
0.999579787 0.009962974 -0.027220197 -1.106517792 -0.010103440 0.999936283 -0.005027728 -0.880805612 0.027168378 0.005300633 0.999616802 39.180305481
0.999547601 0.010143205 -0.028316189 -1.135737658 -0.010238884 0.999942183 -0.003236098 -0.897463262 0.028281735 0.003524560 0.999593914 40.270706177
0.999541581 0.009157223 -0.028857432 -1.174127102 -0.009201596 0.999956727 -0.001405349 -0.924303710 0.028843317 0.001670241 0.999582589 41.364631653
0.999525130 0.008062615 -0.029739704 -1.215805173 -0.008030363 0.999967039 0.001203642 -0.944431961 0.029748432 -0.000964248 0.999556959 42.434528351
0.999507248 0.009455030 -0.029927865 -1.256578445 -0.009416481 0.999954641 0.001428630 -0.967241049 0.029940018 -0.001146108 0.999551117 43.516151428
0.999481738 0.011876114 -0.029922925 -1.299441814 -0.011975975 0.999923468 -0.003160471 -0.999517381 0.029883087 0.003517194 0.999547303 44.569541931
0.999459505 0.013665937 -0.029894741 -1.344244123 -0.013895642 0.999875307 -0.007489569 -1.030042529 0.029788664 0.007900929 0.999524951 45.668300629
0.999436021 0.015140858 -0.029975416 -1.384333730 -0.015371019 0.999853849 -0.007462742 -1.057618737 0.029858053 0.007919285 0.999522746 46.723957062
0.999463260 0.013520783 -0.029841322 -1.422511935 -0.013668588 0.999895155 -0.004754695 -1.080180883 0.029773913 0.005160032 0.999543250 47.798889160
0.999453366 0.014490491 -0.029724589 -1.459311724 -0.014602369 0.999886870 -0.003550306 -1.103345513 0.029669795 0.003982413 0.999551952 48.914714813
0.999488711 0.012513892 -0.029423518 -1.506456614 -0.012570515 0.999919534 -0.001740245 -1.131921053 0.029399378 0.002109224 0.999565423 49.973457336
0.999491870 0.013270289 -0.028982138 -1.542552710 -0.013335037 0.999908924 -0.002041962 -1.156610847 0.028952409 0.002427402 0.999577761 51.074916840
0.999512255 0.012688854 -0.028532121 -1.585509062 -0.012786195 0.999912977 -0.003231801 -1.194301248 0.028488630 0.003595043 0.999587595 52.130363464
0.999504745 0.013409176 -0.028465156 -1.613734126 -0.013605212 0.999884844 -0.006704477 -1.209299803 0.028371990 0.007088433 0.999572217 53.185760498
0.999527752 0.012341197 -0.028141318 -1.649270535 -0.012582248 0.999885440 -0.008404842 -1.240823746 0.028034370 0.008754954 0.999568522 54.261611938
0.999541044 0.010886987 -0.028262869 -1.683581591 -0.011233708 0.999863088 -0.012138059 -1.278994083 0.028126856 0.012449991 0.999526799 55.340564728
0.999561429 0.010158845 -0.027812930 -1.725050211 -0.010536664 0.999853551 -0.013471473 -1.319407463 0.027672011 0.013758626 0.999522388 56.415729523
0.999574721 0.008429371 -0.027909132 -1.753193498 -0.008754610 0.999894738 -0.011551682 -1.354909778 0.027808823 0.011791104 0.999543965 57.499187469
0.999603629 0.006049793 -0.027493140 -1.787761688 -0.006216053 0.999962986 -0.005965894 -1.379387856 0.027456032 0.006134430 0.999604106 58.571220398
0.999618590 0.004490461 -0.027246596 -1.817144156 -0.004497934 0.999989867 -0.000213047 -1.401868224 0.027245361 0.000335522 0.999628663 59.677925110
0.999624729 0.003120249 -0.027212849 -1.851618767 -0.003101679 0.999995053 0.000724255 -1.432501674 0.027214969 -0.000639573 0.999629259 60.764968872
0.999638557 0.000195019 -0.026877612 -1.883094192 -0.000261548 0.999996841 -0.002471775 -1.452233315 0.026877053 0.002477911 0.999635816 61.839580536
0.999638796 -0.001104113 -0.026849743 -1.917968392 0.000939361 0.999980569 -0.006147954 -1.478650808 0.026856020 0.006120512 0.999620676 62.942024231
0.999638677 0.001110429 -0.026849382 -1.961399078 -0.001355881 0.999957323 -0.009125474 -1.514905214 0.026838128 0.009158577 0.999597967 64.037277222
0.999639690 0.001595464 -0.026792575 -2.001657486 -0.001959643 0.999905884 -0.013571782 -1.552351475 0.026768405 0.013619398 0.999548793 65.118270874
0.999650002 0.004748846 -0.026024722 -2.033239126 -0.005125383 0.999882877 -0.014420899 -1.579218388 0.025953192 0.014549237 0.999557197 66.199493408
0.999642015 0.008192806 -0.025467725 -2.076620102 -0.008483449 0.999899805 -0.011325173 -1.605892658 0.025372390 0.011537172 0.999611497 67.293792725
0.999634266 0.008782401 -0.025569582 -2.107203007 -0.008997125 0.999925077 -0.008294760 -1.649393082 0.025494818 0.008521779 0.999638379 68.375793457
0.999640465 0.008578466 -0.025401391 -2.137043476 -0.008769385 0.999933958 -0.007414267 -1.680276871 0.025336120 0.007634358 0.999649882 69.453666687
0.999650776 0.007396434 -0.025367539 -2.171292305 -0.007571836 0.999947906 -0.006825367 -1.710860491 0.025315747 0.007015062 0.999654889 70.558967590
0.999658048 0.006528943 -0.025314961 -2.213912249 -0.006679594 0.999960303 -0.005871186 -1.739818454 0.025275640 0.006038273 0.999662280 71.645729065
0.999662101 0.004499516 -0.025590405 -2.244634628 -0.004597327 0.999982238 -0.003764631 -1.770718813 0.025573008 0.003881010 0.999665380 72.753585815
0.999650359 0.003139544 -0.026245534 -2.275023222 -0.003194495 0.999992609 -0.002052112 -1.799592733 0.026238898 0.002135238 0.999653399 73.830917358
0.999638855 0.002575257 -0.026736265 -2.311030865 -0.002650664 0.999992430 -0.002785502 -1.828342676 0.026728891 0.002855369 0.999638498 74.893714905
0.999614120 0.003388853 -0.027561182 -2.349311829 -0.003565300 0.999972999 -0.006355730 -1.855657458 0.027538907 0.006451548 0.999599874 75.981010437
0.999602377 0.004441374 -0.027844809 -2.390029669 -0.004690814 0.999949396 -0.008899410 -1.886335492 0.027803876 0.009026485 0.999572635 77.046928406
0.999569714 0.006550674 -0.028588500 -2.428533554 -0.006768966 0.999948561 -0.007545673 -1.916174173 0.028537603 0.007735943 0.999562800 78.134590149
0.999549866 0.006239422 -0.029343756 -2.464959383 -0.006329737 0.999975681 -0.002986236 -1.943061829 0.029324399 0.003170634 0.999564946 79.241157532
0.999530137 0.006932442 -0.029853525 -2.501391649 -0.006883370 0.999974668 0.001746179 -1.963391066 0.029864877 -0.001539865 0.999552727 80.289855957
0.999508679 0.007373894 -0.030462403 -2.542398214 -0.007308488 0.999970496 0.002257894 -1.990228653 0.030478166 -0.002034151 0.999533296 81.372817993
0.999488652 0.008624289 -0.030792503 -2.584805250 -0.008603822 0.999962330 0.000797040 -2.014327049 0.030798236 -0.000531699 0.999525368 82.412658691
0.999462426 0.008997137 -0.031527381 -2.627593040 -0.009030166 0.999958217 -0.000905519 -2.046115160 0.031517956 0.001189732 0.999502182 83.478584290
0.999451578 0.008813555 -0.031916242 -2.670900822 -0.008861641 0.999959707 -0.001365587 -2.076054096 0.031902928 0.001647669 0.999489605 84.517913818
0.999439776 0.007247664 -0.032671027 -2.708244562 -0.007281658 0.999972939 -0.000921660 -2.104390621 0.032663479 0.001159043 0.999465764 85.548950195
0.999419570 0.006705859 -0.033393979 -2.748600960 -0.006692833 0.999977231 0.000501751 -2.133324146 0.033396594 -0.000277959 0.999442160 86.553215027
0.999407232 0.005292293 -0.034006074 -2.789487362 -0.005181353 0.999980509 0.003349750 -2.147530317 0.034023173 -0.003171566 0.999415934 87.563697815
0.999380112 0.005767142 -0.034729984 -2.823880196 -0.005601063 0.999972403 0.004877395 -2.177177429 0.034757156 -0.004679847 0.999384999 88.569129944
0.999309123 0.004486684 -0.036889315 -2.869672537 -0.004312401 0.999979198 0.004802646 -2.197668076 0.036910105 -0.004640247 0.999307930 89.504272461
0.999186337 0.003670648 -0.040163163 -2.916760445 -0.003505091 0.999985099 0.004191655 -2.223427534 0.040177964 -0.004047469 0.999184430 90.451644897
0.999043524 0.002712125 -0.043636959 -2.960585594 -0.002573978 0.999991655 0.003221570 -2.237794399 0.043645356 -0.003106169 0.999042392 91.342933655
0.998902738 0.002641861 -0.046752699 -3.005740643 -0.002499562 0.999991953 0.003101879 -2.257118702 0.046760522 -0.002981614 0.998901606 92.219589233
0.998737037 0.003668467 -0.050101470 -3.057924747 -0.003447212 0.999983788 0.004501819 -2.278680086 0.050117183 -0.004323425 0.998733819 93.095352173
0.998595536 0.004239551 -0.052803945 -3.111354828 -0.003954350 0.999976754 0.005504406 -2.297775984 0.052826054 -0.005287871 0.998589516 93.925788879
0.998430908 0.004977325 -0.055777594 -3.160625219 -0.004574966 0.999962568 0.007339036 -2.316902637 0.055812038 -0.007072338 0.998416305 94.758186340
0.998263299 0.005936489 -0.058607623 -3.216966867 -0.005467863 0.999951720 0.008153122 -2.327211380 0.058653213 -0.007818501 0.998247802 95.538093567
0.998093367 0.009214724 -0.061023630 -3.276726961 -0.008728418 0.999927998 0.008230903 -2.352140427 0.061095119 -0.007682564 0.998102546 96.291091919
0.997915685 0.010403348 -0.063683853 -3.337729216 -0.009967784 0.999924719 0.007153356 -2.369895220 0.063753471 -0.006503658 0.997944474 97.021446228
0.997735441 0.012495068 -0.066086590 -3.394999266 -0.012276648 0.999917746 0.003710160 -2.391245365 0.066127501 -0.002890433 0.997807086 97.714653015
0.997512341 0.015457591 -0.068772256 -3.453407526 -0.015491597 0.999880016 0.000038824 -2.411819220 0.068764597 0.001026670 0.997632265 98.379989624
0.997335494 0.017572267 -0.070798069 -3.508876801 -0.017800314 0.999838054 -0.002591429 -2.428045988 0.070741065 0.003844758 0.997487187 99.015541077
0.997236609 0.019427037 -0.071701169 -3.561105728 -0.019729299 0.999799192 -0.003509723 -2.447419405 0.071618579 0.004914645 0.997419894 99.612945557
0.997253478 0.021289870 -0.070931807 -3.605767727 -0.021577118 0.999761760 -0.003285863 -2.465301991 0.070844941 0.004807350 0.997475684 100.195098877
0.997411549 0.023855185 -0.067820013 -3.646216631 -0.024016710 0.999710262 -0.001567220 -2.470951080 0.067762911 0.003191991 0.997696042 100.759582520
0.997756362 0.025102003 -0.062065519 -3.690460682 -0.025127651 0.999684095 0.000367515 -2.479183435 0.062055167 0.001192870 0.998072088 101.302947998
0.998151720 0.026967978 -0.054460064 -3.713164330 -0.026880188 0.999635696 0.002344252 -2.499052525 0.054503471 -0.000876023 0.998513222 101.820159912
0.998632967 0.026707962 -0.044933289 -3.731246710 -0.026512381 0.999636054 0.004943443 -2.512996912 0.045048982 -0.003745397 0.998977780 102.306312561
0.999111593 0.025874130 -0.033269320 -3.742240667 -0.025677066 0.999649942 0.006337375 -2.524425030 0.033421669 -0.005477488 0.999426246 102.776901245
0.999478400 0.025531063 -0.019781541 -3.748693466 -0.025413424 0.999657691 0.006176131 -2.537040472 0.019932467 -0.005670195 0.999785185 103.227752686
0.999681532 0.024810569 -0.004622102 -3.735651493 -0.024784129 0.999676347 0.005693984 -2.547157764 0.004761875 -0.005577615 0.999972999 103.652740479
0.999627709 0.023868939 0.013226643 -3.724386454 -0.023908684 0.999709666 0.002854504 -2.559356689 -0.013154656 -0.003169672 0.999908447 104.071189880
0.999150932 0.022740548 0.034359880 -3.699595451 -0.022700090 0.999740720 -0.001567384 -2.572608948 -0.034386612 0.000786083 0.999408364 104.483901978
0.998048544 0.021569030 0.058600865 -3.653693676 -0.021214968 0.999752343 -0.006657556 -2.593895435 -0.058729932 0.005401351 0.998259306 104.900962830
0.996141195 0.018728482 0.085744664 -3.608650208 -0.018024370 0.999796808 -0.008978699 -2.602765083 -0.085895412 0.007398562 0.996276796 105.279098511
0.993201911 0.016039504 0.115295231 -3.534283638 -0.014958963 0.999835193 -0.010231204 -2.608995438 -0.115440398 0.008436956 0.993278742 105.677886963
0.988929391 0.013505836 0.147771716 -3.452447891 -0.011825431 0.999854445 -0.012244419 -2.621538639 -0.147915661 0.010361405 0.988945842 106.039863586
0.982932746 0.011751682 0.183589876 -3.344064713 -0.009372044 0.999860048 -0.013824133 -2.643145561 -0.183726683 0.011867587 0.982905924 106.427429199
0.975123763 0.006951945 0.221552014 -3.233596802 -0.003937434 0.999893010 -0.014045192 -2.646274090 -0.221626043 0.012823462 0.975047588 106.757644653
0.965317249 0.005822646 0.261015266 -3.101440430 -0.001817344 0.999875784 -0.015583964 -2.676126957 -0.261073798 0.014569125 0.965209424 107.127609253
0.953392029 0.005875144 0.301676780 -2.974905014 -0.000987641 0.999865711 -0.016351089 -2.692092657 -0.301732421 0.015291053 0.953270078 107.430778503
0.938299656 0.007466226 0.345742524 -2.822315216 -0.001755946 0.999856770 -0.016826255 -2.702052593 -0.345818728 0.015180962 0.938178539 107.760635376
0.920440912 0.006838057 0.390821517 -2.629295349 -0.000739194 0.999875426 -0.015753537 -2.720216274 -0.390880644 0.014211307 0.920331657 108.125679016
0.900702298 0.006267836 0.434391290 -2.457778931 -0.000006734 0.999895930 -0.014413543 -2.714359760 -0.434436679 0.012979385 0.900608897 108.385330200
0.877511799 0.005280180 0.479525506 -2.243919373 0.002281379 0.999881864 -0.015184788 -2.740664959 -0.479549408 0.014418806 0.877396464 108.711105347
0.852803767 0.005226333 0.522204995 -2.039726257 0.004151269 0.999850273 -0.016786071 -2.757813931 -0.522214770 0.016483035 0.852654874 108.950546265
0.825173557 0.006559570 0.564840555 -1.813411713 0.005327466 0.999797523 -0.019393658 -2.766409397 -0.564853787 0.019012310 0.824972034 109.246139526
0.795226812 0.010855565 0.606214404 -1.587524414 0.003906551 0.999727011 -0.023026824 -2.787362576 -0.606299400 0.020679757 0.794967830 109.461288452
0.761510611 0.016537374 0.647941172 -1.317058563 0.001204846 0.999636352 -0.026929699 -2.811043024 -0.648151398 0.021287926 0.761214256 109.767745972
0.724889159 0.021827497 0.688519299 -1.057559967 -0.001476301 0.999544561 -0.030133352 -2.807663918 -0.688864052 0.020826880 0.724591672 109.946517944
0.685739219 0.021794612 0.727520645 -0.775451660 0.000754823 0.999529541 -0.030654743 -2.820581436 -0.727847099 0.021570310 0.685400367 110.176055908
0.644894302 0.018389313 0.764049888 -0.438251495 0.005160941 0.999582350 -0.028414221 -2.862277746 -0.764254689 0.022267373 0.644530356 110.433654785
0.602012992 0.016455522 0.798316598 -0.145408630 0.007064304 0.999638557 -0.025932543 -2.860127926 -0.798455000 0.021251282 0.601679206 110.592178345
0.555080652 0.014096234 0.831676841 0.224750519 0.008135423 0.999716401 -0.022374138 -2.879898548 -0.831756592 0.019185502 0.554808617 110.801506042
0.508126140 0.011713775 0.861202776 0.529586792 0.009537967 0.999769568 -0.019226097 -2.872362614 -0.861229718 0.017983407 0.507897496 110.912338257
0.457361311 0.006928029 0.889253914 0.938243866 0.012154514 0.999827564 -0.014040805 -2.918484926 -0.889197826 0.017230168 0.457198173 111.096206665
0.406390309 0.007093118 0.913672090 1.274757385 0.010211801 0.999872208 -0.012304405 -2.910089254 -0.913642526 0.014330623 0.406265974 111.184967041
0.355332822 0.011530492 0.934668779 1.639289856 0.006851734 0.999864936 -0.014939605 -2.924394369 -0.934714794 0.011712625 0.355205804 111.298988342
0.303416699 0.017375264 0.952699900 2.063201904 0.004867406 0.999792337 -0.019784315 -2.939803600 -0.952845812 0.010640047 0.303269297 111.428840637
0.257332861 0.018719057 0.966141403 2.437658310 0.006944550 0.999750555 -0.021219926 -2.936621666 -0.966297865 0.012170004 0.257138789 111.475189209
0.214722037 0.018659249 0.976496756 2.876001358 0.013763299 0.999660194 -0.022128277 -2.960752726 -0.976578295 0.018191250 0.214392304 111.569725037
0.180514082 0.018241379 0.983403087 3.308118820 0.021648575 0.999511778 -0.022514012 -2.981055975 -0.983334184 0.025353378 0.180031106 111.584800720
0.149022311 0.019303521 0.988645136 3.754270554 0.025643282 0.999397457 -0.023378773 -3.004732132 -0.988501430 0.028836073 0.148437545 111.638656616
0.121815652 0.017984960 0.992389560 4.207520485 0.023926478 0.999491811 -0.021050645 -3.020846128 -0.992264390 0.026308695 0.121323481 111.661895752
0.096117377 0.014386307 0.995265722 4.689635277 0.018276749 0.999701202 -0.016215490 -3.012427092 -0.995202184 0.019748820 0.095825747 111.702445984
0.071252823 0.011611108 0.997390389 5.203856468 0.013611251 0.999827564 -0.012611853 -3.019941330 -0.997365534 0.014474364 0.071082473 111.744926453
0.049270242 0.008222525 0.998751402 5.709602833 0.017521430 0.999804854 -0.009095566 -3.036136389 -0.998631835 0.017947691 0.049116567 111.742866516
0.028884683 0.009082354 0.999541163 6.246815681 0.024382796 0.999654472 -0.009787996 -3.074577332 -0.999285281 0.024654321 0.028653193 111.755142212
0.010431411 0.011055044 0.999884367 6.811684608 0.030389240 0.999473274 -0.011367539 -3.100710154 -0.999483764 0.030504305 0.010089958 111.755058289
-0.003315162 0.016298566 0.999861419 7.363636017 0.030311041 0.999409080 -0.016190689 -3.111899614 -0.999535024 0.030253168 -0.003807241 111.742584229
-0.014744386 0.021167519 0.999666870 7.973999023 0.027482355 0.999406338 -0.020756653 -3.111648560 -0.999513686 0.027167164 -0.015317384 111.741081238
-0.020939438 0.021281801 0.999553919 8.581298828 0.029655825 0.999346375 -0.020656124 -3.118661880 -0.999340892 0.029210079 -0.021556906 111.720741272
-0.024131196 0.017817182 0.999549687 9.213982582 0.035218067 0.999235332 -0.016961338 -3.151301861 -0.999088347 0.034792915 -0.024740258 111.698348999
-0.022728680 0.016085161 0.999611974 9.900478363 0.037933640 0.999163687 -0.015215435 -3.165214300 -0.999021649 0.037573099 -0.023319898 111.673667908
-0.020142954 0.015516812 0.999676645 10.571612358 0.037220728 0.999198139 -0.014759406 -3.195348740 -0.999104023 0.036911391 -0.020704353 111.663101196
-0.018780585 0.015798237 0.999698877 11.257308960 0.033667330 0.999318182 -0.015159740 -3.193664074 -0.999256670 0.033372473 -0.019299671 111.662704468
-0.017519817 0.016589953 0.999708951 11.961436272 0.032285780 0.999350429 -0.016018195 -3.221171856 -0.999325097 0.031995736 -0.018044060 111.651077271
-0.016323514 0.017436655 0.999714792 12.684528351 0.032228701 0.999337733 -0.016903838 -3.237713099 -0.999347210 0.031943567 -0.016874665 111.638511658
-0.016242830 0.017344447 0.999717653 13.445456505 0.031989619 0.999347091 -0.016818253 -3.267488718 -0.999356210 0.031707380 -0.016787056 111.645141602
-0.015508293 0.016148085 0.999749184 14.187400818 0.030425310 0.999414146 -0.015670707 -3.291107178 -0.999416709 0.030174667 -0.015990520 111.647781372
-0.015120585 0.014723931 0.999777138 14.961507797 0.030428572 0.999435186 -0.014258688 -3.316424608 -0.999422491 0.030206207 -0.015560075 111.639366150
-0.015821401 0.012230670 0.999799848 15.739319801 0.030708499 0.999459386 -0.011740549 -3.347323656 -0.999402881 0.030516621 -0.016188439 111.623756409
-0.016858136 0.011297477 0.999793947 16.524070740 0.028956924 0.999522388 -0.010806142 -3.364364386 -0.999438465 0.028768800 -0.017177228 111.612701416
-0.020009533 0.010999661 0.999739051 17.313507080 0.027289810 0.999572933 -0.010451635 -3.377485991 -0.999427259 0.027073562 -0.020301173 111.606040955
-0.021749115 0.008190119 0.999729931 18.105545044 0.029027859 0.999549866 -0.007557145 -3.404685259 -0.999342024 0.028855661 -0.021977074 111.593063354
-0.023005068 0.005928058 0.999717772 18.925416946 0.030657630 0.999516129 -0.005221383 -3.432134151 -0.999265194 0.030528864 -0.023175692 111.584411621
-0.024556495 0.006158063 0.999679327 19.733943939 0.028605359 0.999575794 -0.005454753 -3.438555479 -0.999289095 0.028462250 -0.024722243 111.569755554
-0.022663893 0.009465004 0.999698162 20.562030792 0.026641544 0.999605477 -0.008860147 -3.462941647 -0.999388039 0.026432706 -0.022907140 111.558242798
-0.023595767 0.014897571 0.999610484 21.399814606 0.027883604 0.999509692 -0.014237876 -3.479391813 -0.999332786 0.027536785 -0.023999602 111.552406311
-0.024730662 0.016712975 0.999554455 22.227634430 0.028581250 0.999463320 -0.016004302 -3.511857033 -0.999285579 0.028172715 -0.025195075 111.533226013
-0.026158897 0.014229020 0.999556482 23.092346191 0.025267156 0.999588609 -0.013568222 -3.537450314 -0.999338567 0.024901016 -0.026507664 111.518875122
-0.027386021 0.010257545 0.999572158 23.919527054 0.022465430 0.999701083 -0.009643362 -3.553446531 -0.999372721 0.022191722 -0.027608270 111.513954163
-0.027595125 0.004389394 0.999609292 24.774267197 0.020024393 0.999791980 -0.003837405 -3.590678930 -0.999418974 0.019910669 -0.027677275 111.492126465
-0.027500495 -0.001009556 0.999621093 25.624715805 0.016819458 0.999857366 0.001472514 -3.602004766 -0.999480188 0.016853584 -0.027479595 111.470687866
-0.027167693 -0.001715377 0.999629200 26.464738846 0.014498123 0.999892414 0.002109858 -3.604787111 -0.999525666 0.014550068 -0.027139906 111.457756042
-0.026898218 0.004690228 0.999626935 27.304321289 0.016974932 0.999846756 -0.004234491 -3.643422365 -0.999493897 0.016854703 -0.026973715 111.445083618
-0.025591023 0.014696637 0.999564171 28.132869720 0.018990949 0.999718428 -0.014212692 -3.674684525 -0.999491990 0.018618956 -0.025862919 111.424468994
-0.025293995 0.019664790 0.999486387 28.960609436 0.020645289 0.999603212 -0.019144617 -3.710376501 -0.999466777 0.020150438 -0.025689943 111.415473938
-0.023840412 0.014399447 0.999611795 29.791299820 0.022318883 0.999654353 -0.013867763 -3.728537083 -0.999466479 0.021979608 -0.024153553 111.392616272
-0.023158215 0.007422781 0.999703825 30.604997635 0.025202893 0.999658287 -0.006838622 -3.752177238 -0.999413908 0.025037060 -0.023337375 111.381118774
-0.023292452 0.004394471 0.999719024 31.433498383 0.025959084 0.999655664 -0.003789373 -3.779127836 -0.999391556 0.025863528 -0.023398515 111.369003296
-0.023321820 0.004564584 0.999717653 32.254123688 0.024763240 0.999685287 -0.003986750 -3.800709724 -0.999421239 0.024663270 -0.023427518 111.354339600
-0.024499126 0.004974306 0.999687552 33.067409515 0.021954034 0.999749124 -0.004436588 -3.820446253 -0.999458611 0.021838484 -0.024602193 111.352096558
-0.025642978 0.005907471 0.999653816 33.881992340 0.020468317 0.999775946 -0.005383143 -3.850917816 -0.999461353 0.020323193 -0.025758158 111.342864990
-0.028016791 0.006213650 0.999587953 34.696125031 0.019714253 0.999789596 -0.005662345 -3.873031616 -0.999413073 0.019547494 -0.028133405 111.322814941
-0.029887481 0.006813957 0.999529719 35.507194519 0.018957190 0.999800682 -0.006248954 -3.903424978 -0.999373496 0.018761521 -0.030010704 111.302062988
-0.032079015 0.006469124 0.999464095 36.305896759 0.017698564 0.999825895 -0.005903408 -3.917314529 -0.999328732 0.017499711 -0.032187924 111.280014038
-0.034429461 0.005733120 0.999390304 37.102287292 0.015992884 0.999858618 -0.005184845 -3.937145710 -0.999279261 0.015804632 -0.034516275 111.270133972
-0.036423527 0.004377377 0.999326527 37.898204803 0.016354803 0.999858916 -0.003783616 -3.973092794 -0.999202967 0.016205981 -0.036489956 111.248908997
-0.038486175 0.004662454 0.999248147 38.671516418 0.016119061 0.999861658 -0.004044488 -3.992148638 -0.999129176 0.015951285 -0.038556017 111.229499817
-0.040175468 0.005069040 0.999179602 39.462074280 0.015492436 0.999869823 -0.004449613 -4.016242504 -0.999072611 0.015300962 -0.040248796 111.201011658
-0.041506063 0.005222554 0.999124408 40.228660583 0.016003419 0.999861181 -0.004561583 -4.036221981 -0.999010146 0.015800081 -0.041583903 111.175918579
-0.042461541 0.004059146 0.999089658 41.009597778 0.017199349 0.999846101 -0.003331243 -4.061401367 -0.998950124 0.017042249 -0.042524848 111.138435364
-0.044004556 0.003712630 0.999024272 41.778831482 0.017847069 0.999836087 -0.002929526 -4.081344604 -0.998872042 0.017700760 -0.044063639 111.113662720
-0.045541905 0.003133514 0.998957276 42.524539948 0.016894583 0.999853790 -0.002366105 -4.107086658 -0.998819768 0.016769225 -0.045588240 111.096069336
-0.046604238 0.002147041 0.998911023 43.285903931 0.014431777 0.999894679 -0.001475839 -4.126191616 -0.998809159 0.014347283 -0.046630327 111.068923950
-0.047492586 0.001162983 0.998870850 44.003177643 0.013655175 0.999906421 -0.000514937 -4.143819809 -0.998778224 0.013615306 -0.047504049 111.041007996
-0.048060145 0.001057448 0.998843849 44.730968475 0.013796896 0.999904513 -0.000394722 -4.166373253 -0.998749077 0.013761977 -0.048070177 111.010871887
-0.048509244 0.002812241 0.998818636 45.431560516 0.013715253 0.999903321 -0.002149191 -4.179960251 -0.998728514 0.013594799 -0.048543155 110.981101990
-0.048760436 0.005455869 0.998795271 46.126575470 0.014168425 0.999887884 -0.004770142 -4.205317974 -0.998710096 0.013918766 -0.048832305 110.961212158
-0.048929092 0.008231452 0.998768330 46.824275970 0.012772202 0.999889374 -0.007614987 -4.224857807 -0.998720646 0.012383878 -0.049028821 110.940681458
-0.049528040 0.008418245 0.998737156 47.516498566 0.013133995 0.999883473 -0.007776582 -4.245637894 -0.998686373 0.012732253 -0.049632836 110.901855469
-0.049229320 0.008580393 0.998750567 48.207458496 0.014271807 0.999866962 -0.007886513 -4.264579773 -0.998685539 0.013865729 -0.049345229 110.875679016
-0.049361523 0.007521513 0.998752713 48.909175873 0.014634178 0.999869704 -0.006806653 -4.286614895 -0.998673797 0.014279936 -0.049465161 110.848297119
-0.049509950 0.007684018 0.998743892 49.596992493 0.011900821 0.999903798 -0.007102991 -4.298213005 -0.998702765 0.011534206 -0.049596637 110.828308105
-0.049508914 0.007538559 0.998745084 50.261425018 0.010211337 0.999922872 -0.007041262 -4.313151360 -0.998721540 0.009849919 -0.049582079 110.803398132
-0.049560551 0.006709678 0.998748422 50.951053619 0.011275113 0.999917269 -0.006158032 -4.345099926 -0.998707533 0.010955807 -0.049632095 110.776245117
-0.050812948 0.006298100 0.998688281 51.627368927 0.010896574 0.999923825 -0.005751480 -4.365279675 -0.998648822 0.010590029 -0.050877705 110.748809814
-0.054157075 0.005491520 0.998517275 52.290557861 0.007797561 0.999956429 -0.005076519 -4.384997845 -0.998502135 0.007511065 -0.054197542 110.713500977
-0.059359465 0.005791893 0.998219728 52.978462219 0.006603738 0.999963224 -0.005409321 -4.395920753 -0.998215020 0.006270881 -0.059395541 110.683845520
-0.065016173 0.008421821 0.997848451 53.626251221 0.007660078 0.999938548 -0.007940371 -4.422937393 -0.997854948 0.007127332 -0.065076701 110.642639160
-0.071808137 0.012023991 0.997345746 54.313514709 0.008424199 0.999898911 -0.011448236 -4.439373016 -0.997382879 0.007579766 -0.071902201 110.596405029
-0.078790687 0.012794631 0.996808827 54.966613770 0.007865679 0.999894381 -0.012212511 -4.460598946 -0.996860087 0.006878348 -0.078883030 110.539115906
-0.085177228 0.012300413 0.996289670 55.655246735 0.004600119 0.999917865 -0.011951927 -4.479914665 -0.996355236 0.003565020 -0.085226849 110.488708496
-0.090760253 0.011590133 0.995805085 56.345088959 0.004143167 0.999927878 -0.011260502 -4.501267910 -0.995864093 0.003103781 -0.090801761 110.427391052
-0.095257610 0.011427677 0.995386899 57.006591797 0.002207015 0.999933958 -0.011268673 -4.526262283 -0.995450139 0.001123406 -0.095276564 110.376480103
-0.099241920 0.011338321 0.994998574 57.721916199 -0.001105051 0.999933004 -0.011504775 -4.537988186 -0.995062649 -0.002241281 -0.099222787 110.310096741
-0.102003306 0.007833147 0.994753122 58.413902283 -0.000846881 0.999967396 -0.007961055 -4.556413651 -0.994783401 -0.001654493 -0.101993456 110.249702454
-0.104495704 0.005368679 0.994510770 59.155361176 0.002372619 0.999983907 -0.005148928 -4.579700470 -0.994522512 0.001821555 -0.104506776 110.179855347
-0.105864689 0.002627272 0.994377017 59.844219208 0.001992313 0.999994934 -0.002430008 -4.593458652 -0.994378567 0.001723859 -0.105869390 110.105720520
-0.107232556 0.002076860 0.994231761 60.590515137 0.001378282 0.999997020 -0.001940250 -4.609093189 -0.994232953 0.001162275 -0.107235111 110.034973145
-0.107709855 0.005030406 0.994169593 61.321178436 0.003074453 0.999984026 -0.004726737 -4.629631042 -0.994177520 0.002547412 -0.107723631 109.960708618
-0.108249858 0.008924518 0.994083643 62.038433075 0.008283388 0.999933004 -0.008075019 -4.640889168 -0.994089186 0.007360264 -0.108316518 109.888488770
-0.108976044 0.013338216 0.993954957 62.794826508 0.015004766 0.999818027 -0.011771793 -4.677361012 -0.993930995 0.013631220 -0.109156370 109.794410706
-0.108716615 0.014784010 0.993962944 63.496078491 0.017098779 0.999769092 -0.013000165 -4.694141388 -0.993925273 0.015582223 -0.108944312 109.734260559
-0.109095410 0.012756200 0.993949234 64.269187927 0.014829790 0.999826968 -0.011203928 -4.717328548 -0.993920505 0.013517762 -0.109265767 109.654502869
-0.109014101 0.008548331 0.994003236 65.015029907 0.016321799 0.999843419 -0.006808518 -4.721030712 -0.993906021 0.015481696 -0.109136604 109.576919556
-0.109421603 0.006276057 0.993975341 65.751228333 0.017271908 0.999840796 -0.004411723 -4.749825478 -0.993845165 0.016685115 -0.109512649 109.497917175
-0.110081494 0.006698257 0.993899703 66.497657776 0.018710010 0.999813616 -0.004665858 -4.763544083 -0.993746221 0.018082254 -0.110186383 109.426689148
-0.111791946 0.007368064 0.993704259 67.228630066 0.018593751 0.999812841 -0.005321557 -4.784532070 -0.993557572 0.017881788 -0.111908048 109.355522156
-0.113701642 0.007487814 0.993486583 67.971450806 0.017994275 0.999822915 -0.005476177 -4.810089588 -0.993351877 0.017254425 -0.113816284 109.276969910
-0.115973867 0.007516599 0.993223548 68.705528259 0.017030938 0.999839067 -0.005578041 -4.827157497 -0.993106067 0.016268639 -0.116083287 109.191459656
-0.117816910 0.007639293 0.993005931 69.455024719 0.016809862 0.999842405 -0.005697452 -4.847167015 -0.992893040 0.016021041 -0.117926776 109.107955933
-0.119951807 0.007359495 0.992752194 70.198242188 0.016650785 0.999846697 -0.005400216 -4.870415688 -0.992640018 0.015882345 -0.120055996 109.026603699
-0.121634275 0.007686669 0.992545128 70.936225891 0.017198455 0.999836147 -0.005635502 -4.898880005 -0.992425978 0.016384767 -0.121746577 108.940414429
-0.122530602 0.008766509 0.992426038 71.691078186 0.015575101 0.999854743 -0.006909141 -4.921286583 -0.992342651 0.014610545 -0.122649342 108.864425659
-0.123813041 0.009280199 0.992262065 72.425102234 0.015831022 0.999847412 -0.007375771 -4.932253838 -0.992179275 0.014795302 -0.123941094 108.784362793
-0.124931648 0.009383759 0.992120802 73.211112976 0.015550432 0.999850810 -0.007498702 -4.960169315 -0.992043436 0.014491081 -0.125058979 108.694427490
-0.125812873 0.008124641 0.992020607 73.968856812 0.015009576 0.999867499 -0.006285321 -4.978027821 -0.991940558 0.014099029 -0.125918135 108.603500366
-0.126806334 0.006690816 0.991904914 74.757575989 0.014878714 0.999877512 -0.004842485 -5.008779049 -0.991815925 0.014144207 -0.126890406 108.524429321
-0.130568281 0.003370305 0.991433740 75.537750244 0.010168061 0.999946058 -0.002060155 -5.010345459 -0.991387308 0.009811956 -0.130595595 108.430694580
-0.132545516 0.002454749 0.991173625 76.293548584 0.009748057 0.999951720 -0.001172921 -5.026798725 -0.991129041 0.009506552 -0.132563099 108.331260681
-0.134880841 0.002796526 0.990857661 77.114440918 0.010280256 0.999945998 -0.001422772 -5.056599140 -0.990808547 0.009994364 -0.134902343 108.226234436
-0.136849746 0.003795855 0.990584314 77.888778687 0.010339133 0.999943554 -0.002403360 -5.060720444 -0.990537882 0.009912883 -0.136881351 108.121437073
-0.138271794 0.007724843 0.990364075 78.715538025 0.011266989 0.999917030 -0.006226291 -5.082644463 -0.990330279 0.010297501 -0.138347417 108.001708984
-0.136967465 0.012130707 0.990501046 79.520942688 0.014799504 0.999838352 -0.010198574 -5.108088017 -0.990465105 0.013262052 -0.137124956 107.922523499
-0.137772158 0.016014583 0.990334451 80.346717834 0.015776614 0.999777794 -0.013972504 -5.140878677 -0.990338385 0.013699102 -0.137994215 107.798713684
-0.137568787 0.017336486 0.990340412 81.159530640 0.017331244 0.999735892 -0.015093466 -5.155896187 -0.990340650 0.015087449 -0.137832910 107.700645447
-0.137151629 0.016730662 0.990408599 81.981185913 0.020676160 0.999687731 -0.014024183 -5.198175907 -0.990334332 0.018554414 -0.137454733 107.587203979
-0.136902452 0.015119540 0.990468979 82.816741943 0.021661311 0.999689996 -0.012266279 -5.216710567 -0.990347683 0.019775579 -0.137187541 107.471870422
-0.136182904 0.013108454 0.990596652 83.646820068 0.020287111 0.999739289 -0.010440465 -5.242311954 -0.990475953 0.018674545 -0.136413336 107.362915039
-0.134546697 0.010612435 0.990850508 84.482101440 0.019994698 0.999768138 -0.007992885 -5.256344318 -0.990705490 0.018736340 -0.134727687 107.266235352
-0.133015528 0.008149633 0.991080463 85.327239990 0.020955021 0.999765694 -0.005408628 -5.280432224 -0.990892470 0.020048674 -0.133155122 107.160339355
-0.131095946 0.004355137 0.991360068 86.180084229 0.020744836 0.999783337 -0.001648880 -5.300986290 -0.991152644 0.020349439 -0.131157845 107.047653198
-0.129806802 0.004706547 0.991527975 87.048103333 0.020240400 0.999792814 -0.002095993 -5.321914196 -0.991332710 0.019796850 -0.129875138 106.952110291
-0.128343433 0.008611751 0.991692185 87.902465820 0.020683734 0.999767959 -0.006005019 -5.349181175 -0.991514087 0.019741196 -0.128491804 106.844024658
-0.126868814 0.014521351 0.991813064 88.742446899 0.020295948 0.999721408 -0.012040964 -5.380053520 -0.991711795 0.018602163 -0.127128229 106.748657227
-0.124984838 0.017156469 0.992009997 89.586219788 0.017805470 0.999728084 -0.015046610 -5.413017750 -0.991998792 0.015782615 -0.125256360 106.653213501
-0.124834947 0.014837015 0.992066503 90.450904846 0.017517520 0.999765396 -0.012747874 -5.425752640 -0.992022932 0.015787167 -0.125065595 106.563606262
