0.999999762 0.000000000 -0.000000002 0.000000000 0.000000000 1.000000000 -0.000000000 0.000000000 -0.000000002 -0.000000000 1.000000000 0.000000000
0.999997795 0.000001062 0.001977771 -0.003862151 -0.000001806 0.999999940 0.000376197 -0.036205176 -0.001977774 -0.000376200 0.999997973 1.191641212
0.999993086 0.000140839 0.003651050 -0.009437405 -0.000143661 0.999999702 0.000772666 -0.051940780 -0.003650945 -0.000773186 0.999993026 2.388249874
0.999989569 0.000483821 0.004485115 -0.005762264 -0.000483528 0.999999940 -0.000066503 -0.074983090 -0.004485148 0.000064332 0.999989986 3.610219002
0.999985456 0.000132491 0.005354446 -0.004661983 -0.000132781 0.999999940 0.000053947 -0.102988757 -0.005354439 -0.000054657 0.999985695 4.810987473
0.999979556 0.000193581 0.006362326 0.002176017 -0.000194355 0.999999881 0.000120997 -0.123543382 -0.006362306 -0.000122231 0.999979794 6.005476475
0.999973953 -0.000185146 0.007165304 -0.005574804 0.000190842 0.999999642 -0.000794198 -0.153367519 -0.007165160 0.000795548 0.999974251 7.207791328
0.999968410 -0.000291089 0.007942812 -0.008177295 0.000300901 0.999999225 -0.001234047 -0.170478985 -0.007942449 0.001236399 0.999967754 8.406325340
0.999964535 -0.000631370 0.008374089 -0.000464812 0.000630425 0.999999821 0.000115238 -0.201295108 -0.008374156 -0.000109953 0.999964952 9.602152824
0.999969482 -0.000823288 0.007746052 -0.003571272 0.000815085 0.999999166 0.001061936 -0.229748502 -0.007746923 -0.001055591 0.999969423 10.798048019
0.999983490 -0.002039424 0.005369706 -0.010709271 0.002036407 0.999997795 0.000567501 -0.250865400 -0.005370861 -0.000556558 0.999985576 12.010338783
0.999991477 -0.002659564 0.003166043 -0.014212884 0.002658486 0.999996364 0.000345001 -0.268591493 -0.003166954 -0.000336582 0.999995053 13.209151268
0.999996126 -0.002157347 0.001771251 -0.018843122 0.002157208 0.999997675 0.000080935 -0.300238013 -0.001771427 -0.000077116 0.999998569 14.399677277
0.999999762 -0.000576946 0.000554947 -0.030480541 0.000576986 0.999999821 -0.000071107 -0.319349200 -0.000554912 0.000071425 1.000000000 15.582282066
1.000000119 -0.000499236 0.000354157 -0.019773556 0.000499309 0.999999762 -0.000201835 -0.352786839 -0.000354066 0.000202008 1.000000119 16.803813934
0.999998987 -0.001408150 -0.000133645 -0.021963730 0.001408173 0.999998927 0.000173210 -0.375634491 0.000133398 -0.000173398 0.999999940 18.026620865
0.999998927 -0.001204009 -0.000811523 -0.035805099 0.001204350 0.999999166 0.000421496 -0.404344887 0.000811013 -0.000422473 0.999999523 19.206546783
0.999998569 -0.001211497 -0.001147805 -0.038676165 0.001211389 0.999999285 -0.000095648 -0.429773211 0.001147920 0.000094255 0.999999106 20.409996033
0.999996543 -0.001513546 -0.002103536 -0.058168385 0.001511136 0.999998212 -0.001147019 -0.451489657 0.002105268 0.001143837 0.999997199 21.596912384
0.999996006 -0.001015869 -0.002571087 -0.066005290 0.001013927 0.999999166 -0.000755921 -0.475685388 0.002571854 0.000753313 0.999996424 22.782772064
0.999994338 -0.000810917 -0.003172830 -0.073675171 0.000808198 0.999999166 -0.000858098 -0.499532610 0.003173521 0.000855530 0.999994636 24.008636475
0.999991238 -0.000400920 -0.004091457 -0.088547476 0.000394988 0.999998629 -0.001450731 -0.531612277 0.004092031 0.001449106 0.999990702 25.185895920
0.999987602 0.000502115 -0.004930196 -0.097701304 -0.000507306 0.999999404 -0.001051656 -0.554968596 0.004929663 0.001054145 0.999987364 26.409013748
0.999983013 -0.000535644 -0.005810359 -0.113833688 0.000540494 0.999999642 0.000833034 -0.582794130 0.005809909 -0.000836159 0.999982893 27.585777283
0.999976218 -0.002505711 -0.006444173 -0.125191122 0.002513361 0.999996245 0.001179123 -0.605160415 0.006441192 -0.001195287 0.999978662 28.769536972
0.999971867 -0.002394215 -0.007083034 -0.132981658 0.002394414 0.999997079 0.000019515 -0.628303230 0.007082964 -0.000036474 0.999974847 29.974933624
0.999960124 -0.003372368 -0.008233421 -0.155725241 0.003368462 0.999994159 -0.000488032 -0.654824853 0.008235020 0.000460281 0.999965727 31.167490005
0.999956727 -0.002760175 -0.008887457 -0.174577385 0.002754265 0.999996066 -0.000677232 -0.678910196 0.008889291 0.000652723 0.999960303 32.386222839
0.999948919 -0.003636407 -0.009445010 -0.187684104 0.003633233 0.999993622 -0.000353471 -0.702900767 0.009446233 0.000319134 0.999955237 33.567855835
0.999964654 -0.003628192 -0.007560611 -0.205694139 0.003635975 0.999992728 0.001015732 -0.724627614 0.007556869 -0.001043188 0.999970794 34.774375916
0.999962330 -0.004438548 -0.007437311 -0.209170133 0.004443743 0.999989927 0.000681937 -0.754215598 0.007434209 -0.000714961 0.999971986 35.985374451
0.999928415 -0.004549299 -0.011053322 -0.245377660 0.004546999 0.999989629 -0.000233549 -0.777194500 0.011054272 0.000183273 0.999938726 37.176349640
0.999924004 -0.005626411 -0.010960559 -0.253746867 0.005629411 0.999984145 0.000242538 -0.805567622 0.010959024 -0.000304222 0.999939978 38.396087646
0.999924004 -0.005475231 -0.011033556 -0.273472995 0.005491501 0.999983907 0.001444294 -0.827149868 0.011025475 -0.001504777 0.999938190 39.588756561
0.999926507 -0.004725482 -0.011164931 -0.311274320 0.004752529 0.999985874 0.002396697 -0.849380314 0.011153449 -0.002449589 0.999935031 40.787788391
0.999932289 -0.003715651 -0.011011224 -0.327452958 0.003739710 0.999990702 0.002165088 -0.872106075 0.011003078 -0.002206122 0.999936938 41.999496460
0.999934733 -0.003176453 -0.010962429 -0.354936868 0.003198460 0.999992967 0.001990526 -0.894643664 0.010956030 -0.002025462 0.999937773 43.190692902
0.999948561 -0.000801791 -0.010098418 -0.371194333 0.000837223 0.999993503 0.003504991 -0.912832856 0.010095542 -0.003513270 0.999942780 44.398063660
0.999962866 -0.000456264 -0.008583878 -0.397281975 0.000512125 0.999978721 0.006506997 -0.935688078 0.008580724 -0.006511159 0.999941826 45.587467194
0.999978244 0.000242538 -0.006583738 -0.418914169 -0.000181857 0.999957561 0.009215913 -0.948100328 0.006585692 -0.009214515 0.999935806 46.781623840
0.999989450 0.000628803 -0.004528967 -0.417170644 -0.000571111 0.999918878 0.012728489 -0.959437132 0.004536602 -0.012725769 0.999908745 48.001655579
0.999992311 0.000174980 -0.003890904 -0.447050452 -0.000119569 0.999898612 0.014237431 -0.975697339 0.003893003 -0.014236861 0.999890983 49.210472107
0.999996185 -0.001212156 -0.002427505 -0.460970342 0.001242214 0.999922097 0.012419651 -0.982744873 0.002412260 -0.012422618 0.999920011 50.417949677
0.999999106 -0.001010139 -0.000782648 -0.457729846 0.001018571 0.999940574 0.010851750 -0.999037206 0.000771640 -0.010852538 0.999940872 51.630371094
0.999999702 -0.000717121 -0.000127496 -0.468888521 0.000718412 0.999945343 0.010434707 -0.994191051 0.000120008 -0.010434793 0.999945641 52.812934875
0.999999464 -0.000743966 0.000018106 -0.469073325 0.000743748 0.999949515 0.010008693 -1.016819477 -0.000025547 -0.010008674 0.999950051 54.056770325
0.999998391 -0.001240449 -0.001127119 -0.481260777 0.001250615 0.999958158 0.009063361 -1.034979582 0.001115829 -0.009064759 0.999958277 55.238861084
0.999996424 -0.000861050 -0.002486587 -0.492079228 0.000883656 0.999958098 0.009103839 -1.038180351 0.002478643 -0.009106008 0.999955356 56.447719574
0.999990880 -0.001453241 -0.003971302 -0.493824035 0.001494039 0.999946117 0.010289166 -1.057870865 0.003956132 -0.010295006 0.999939263 57.661090851
0.999986172 -0.001087854 -0.005123718 -0.520069778 0.001142962 0.999941528 0.010764305 -1.068978310 0.005111704 -0.010770014 0.999929070 58.869659424
0.999983728 -0.000431348 -0.005705928 -0.531828642 0.000491662 0.999944389 0.010572674 -1.078995228 0.005701043 -0.010575305 0.999928176 60.085941315
0.999974728 0.000172198 -0.007102923 -0.546802819 -0.000103695 0.999953628 0.009643537 -1.094824791 0.007104258 -0.009642555 0.999928296 61.283946991
0.999973893 -0.000405683 -0.007196448 -0.574584424 0.000469751 0.999960423 0.008903303 -1.104966640 0.007192552 -0.008906453 0.999934494 62.477409363
0.999976039 -0.001643417 -0.006692680 -0.576580524 0.001703915 0.999957800 0.009043589 -1.124515295 0.006677534 -0.009054779 0.999936640 63.694946289
0.999972761 -0.001751065 -0.007144623 -0.591304064 0.001822343 0.999948621 0.009982252 -1.132360578 0.007126775 -0.009995000 0.999924660 64.881500244
0.999968410 -0.002623905 -0.007466493 -0.605737686 0.002711080 0.999928176 0.011689524 -1.147200584 0.007435280 -0.011709401 0.999903798 66.114250183
0.999968827 -0.001506289 -0.007755403 -0.624485433 0.001586695 0.999944866 0.010371974 -1.168102741 0.007739352 -0.010383957 0.999916196 67.305572510
0.999970913 0.000386821 -0.007650214 -0.643834651 -0.000319555 0.999961197 0.008792005 -1.179018021 0.007653318 -0.008789305 0.999932051 68.502059937
0.999965549 0.002331676 -0.007935064 -0.664167404 -0.002260437 0.999957144 0.008975025 -1.188996553 0.007955653 -0.008956783 0.999928117 69.717460632
0.999963760 0.003605395 -0.007660406 -0.681547284 -0.003531824 0.999947727 0.009596216 -1.209216475 0.007694602 -0.009568817 0.999924481 70.881774902
0.999963224 0.004909349 -0.007016680 -0.709695816 -0.004840221 0.999940038 0.009835449 -1.217328072 0.007064543 -0.009801127 0.999926984 72.086647034
0.999965608 0.005478433 -0.006214237 -0.723529637 -0.005411829 0.999928415 0.010684916 -1.239314079 0.006272327 -0.010650920 0.999923646 73.263519287
0.999962986 0.007460224 -0.004314153 -0.735119820 -0.007410919 0.999908209 0.011333999 -1.241888762 0.004398310 -0.011301606 0.999926448 74.453971863
0.999972343 0.007291819 -0.001382002 -0.745831370 -0.007277150 0.999920011 0.010338629 -1.260933757 0.001457275 -0.010328286 0.999945641 75.641746521
0.999992430 0.003791782 0.000755532 -0.745081544 -0.003795359 0.999981403 0.004790573 -1.281205177 -0.000737357 -0.004793406 0.999988258 76.826217651
0.999985397 0.004277206 0.003246452 -0.758221805 -0.004288681 0.999984920 0.003537109 -1.292117596 -0.003231279 -0.003550985 0.999988496 78.003768921
0.999972284 0.004308846 0.006051446 -0.756083369 -0.004354854 0.999961555 0.007610262 -1.324246645 -0.006018426 -0.007636405 0.999952793 79.176963806
0.999951661 0.003337580 0.009243949 -0.749480963 -0.003422257 0.999952197 0.009159707 -1.341197729 -0.009212942 -0.009190903 0.999915183 80.353042603
0.999899328 0.003855436 0.013636269 -0.744836807 -0.003950267 0.999968171 0.006934214 -1.337891340 -0.013609106 -0.006987384 0.999882996 81.523078918
0.999852419 0.003140833 0.016867975 -0.728514791 -0.003216074 0.999985278 0.004435077 -1.370352387 -0.016853791 -0.004488674 0.999847889 82.698265076
0.999786675 0.002235261 0.020524327 -0.710986137 -0.002250522 0.999997377 0.000720309 -1.389578700 -0.020522671 -0.000766346 0.999789119 83.862129211
0.999719441 0.000992065 0.023656650 -0.696243048 -0.000991175 0.999999642 -0.000049384 -1.413821936 -0.023656689 0.000025922 0.999720156 85.016288757
0.999626696 0.001164896 0.027285796 -0.670202255 -0.001202746 0.999998450 0.001370781 -1.445394039 -0.027284153 -0.001403088 0.999626696 86.184066772
0.999513745 0.001783665 0.031128455 -0.630093098 -0.001853030 0.999996006 0.002199546 -1.461332917 -0.031124413 -0.002256162 0.999512851 87.344268799
0.999403715 0.001132147 0.034503788 -0.599631786 -0.001151091 0.999999225 0.000529178 -1.477167249 -0.034503166 -0.000568580 0.999404430 88.493843079
0.999270737 0.001193574 0.038160000 -0.564188957 -0.001113367 0.999997199 -0.002123093 -1.502754092 -0.038162440 0.002079059 0.999269307 89.643569946
0.999149024 0.001326753 0.041213889 -0.521275043 -0.001223091 0.999996185 -0.002540396 -1.532047749 -0.041217122 0.002487825 0.999147058 90.798439026
0.999017298 -0.000018020 0.044317603 -0.465049267 0.000084382 0.999998868 -0.001495550 -1.564156175 -0.044317532 0.001497820 0.999016464 91.956222534
0.998897195 -0.001073520 0.046934776 -0.427446365 0.001075145 0.999999344 -0.000009384 -1.584808588 -0.046934754 0.000059836 0.998898149 93.124839783
0.998785734 -0.001569753 0.049235847 -0.375134468 0.001491016 0.999997556 0.001635879 -1.610307813 -0.049238298 -0.001560481 0.998785973 94.280883789
0.998641908 -0.003435038 0.051982652 -0.320180893 0.003292763 0.999990702 0.002822440 -1.626484513 -0.051991854 -0.002647437 0.998644173 95.446266174
0.998541236 -0.004094804 0.053834002 -0.263227940 0.004048764 0.999991298 0.000964238 -1.651210666 -0.053837497 -0.000744869 0.998549402 96.599014282
0.998397529 -0.005968507 0.056263257 -0.200630665 0.006139448 0.999976933 -0.002865881 -1.675681353 -0.056244869 0.003206718 0.998411775 97.739433289
0.998279631 -0.005078426 0.058410175 -0.146519661 0.005438866 0.999967217 -0.006013484 -1.692392468 -0.058377720 0.006320825 0.998274565 98.924209595
0.998170137 -0.005251355 0.060236439 -0.080924511 0.005663066 0.999961972 -0.006666171 -1.724317789 -0.060199127 0.006995099 0.998161912 100.073028564
0.998113573 -0.005197739 0.061171658 -0.029942989 0.005592606 0.999964535 -0.006285599 -1.755537629 -0.061136831 0.006615852 0.998107493 101.248641968
0.998188317 -0.005306187 0.059930686 0.037739277 0.005581213 0.999974728 -0.004422582 -1.785017729 -0.059905712 0.004749055 0.998192847 102.424324036
0.998258293 -0.005843752 0.058704194 0.110760689 0.006012606 0.999978304 -0.002700157 -1.810401082 -0.058687143 0.003048418 0.998272181 103.614723206
0.998284459 -0.005571059 0.058284659 0.170577526 0.005760100 0.999978721 -0.003075936 -1.831500769 -0.058266286 0.003406385 0.998295367 104.809844971
0.998426199 -0.005507022 0.055806868 0.237341881 0.005660248 0.999980748 -0.002587928 -1.854566813 -0.055791549 0.002899736 0.998438120 105.995681763
0.998586655 -0.004754263 0.052930649 0.289512634 0.004899332 0.999984741 -0.002611302 -1.877984285 -0.052917439 0.002866937 0.998594642 107.205764771
0.998864532 -0.002911324 0.047543578 0.337267876 0.003004106 0.999993742 -0.001880174 -1.904696107 -0.047537833 0.002020863 0.998867035 108.404190063
0.999042571 -0.002424803 0.043678045 0.381104469 0.002498653 0.999995649 -0.001636271 -1.932400703 -0.043673895 0.001743841 0.999044299 109.612052917
0.999203324 -0.001880472 0.039862361 0.416124105 0.001912163 0.999998033 -0.000756931 -1.954686046 -0.039860874 0.000832552 0.999204934 110.834197998
0.999369025 -0.002410615 0.035433449 0.445958376 0.002399451 0.999997199 0.000357541 -1.981715798 -0.035434216 -0.000272292 0.999371827 112.044998169
0.999513030 -0.002467664 0.031104963 0.482737541 0.002440400 0.999996722 0.000914513 -1.999221087 -0.031107120 -0.000838159 0.999515533 113.276481628
0.999659777 -0.001801400 0.026019098 0.499093294 0.001769181 0.999997675 0.001261350 -2.030151367 -0.026021309 -0.001214890 0.999660432 114.486946106
0.999770999 -0.001336812 0.021344559 0.509264469 0.001315846 0.999998689 0.000996334 -2.041855097 -0.021345865 -0.000968022 0.999771595 115.693168640
0.999864697 -0.000548329 0.016416119 0.530105352 0.000537191 0.999999881 0.000682992 -2.073255062 -0.016416477 -0.000674085 0.999864876 116.933029175
0.999933243 0.000029805 0.011545273 0.526851773 -0.000029474 1.000000000 -0.000028850 -2.090143681 -0.011545276 0.000028508 0.999933302 118.153068542
0.999964595 0.002402613 0.008039388 0.531355321 -0.002404467 0.999997079 0.000221019 -2.125570059 -0.008038832 -0.000240343 0.999967515 119.393531799
0.999972045 0.004785849 0.005717360 0.517520130 -0.004787814 0.999988437 0.000330047 -2.145984173 -0.005715719 -0.000357412 0.999983668 120.606666565
0.999974072 0.005327444 0.004830880 0.519600928 -0.005327828 0.999985814 0.000067313 -2.171250343 -0.004830456 -0.000093049 0.999988496 121.862045288
0.999964058 0.007595057 0.003738279 0.522569120 -0.007595489 0.999971211 0.000100837 -2.192783356 -0.003737407 -0.000129227 0.999993086 123.127281189
0.999954283 0.009152993 0.002819338 0.509111166 -0.009155898 0.999957681 0.001019815 -2.213249445 -0.002809889 -0.001045579 0.999995530 124.341880798
0.999947846 0.009859153 0.002612394 0.519762993 -0.009862476 0.999950588 0.001262199 -2.247223854 -0.002599824 -0.001287898 0.999995828 125.589950562
0.999921024 0.012494802 0.001332483 0.496208012 -0.012498898 0.999917150 0.003111106 -2.262257576 -0.001293505 -0.003127515 0.999994278 126.838142395
0.999898195 0.014226214 0.000895376 0.478187144 -0.014231656 0.999878526 0.006394704 -2.266575813 -0.000804298 -0.006406798 0.999979138 128.089035034
0.999919116 0.012699060 0.000411062 0.489499211 -0.012701519 0.999897182 0.006661118 -2.311227798 -0.000326430 -0.006665802 0.999977827 129.363723755
0.999916255 0.012926294 -0.000201197 0.468248159 -0.012925228 0.999905825 0.004613236 -2.318093538 0.000260810 -0.004610249 0.999989450 130.605957031
0.999941945 0.010747132 -0.000412556 0.472026139 -0.010744835 0.999928653 0.005213120 -2.333926439 0.000468553 -0.005208385 0.999986410 131.863204956
0.999973714 0.006858888 -0.002247124 0.459081650 -0.006841364 0.999946713 0.007716581 -2.346556187 0.002299931 -0.007701004 0.999967754 133.111755371
0.999986053 0.004526011 -0.002659986 0.446499348 -0.004500485 0.999944448 0.009524914 -2.362585068 0.002702947 -0.009512812 0.999951124 134.374877930
0.999994934 0.002150625 -0.002294218 0.465322673 -0.002125705 0.999939263 0.010809380 -2.374405384 0.002317324 -0.010804448 0.999938965 135.642639160
0.999995291 -0.001453176 -0.002648639 0.435171008 0.001477198 0.999957621 0.009089710 -2.391858101 0.002635314 -0.009093581 0.999955058 136.913131714
0.999991894 -0.003328542 -0.002204383 0.444312990 0.003344946 0.999966562 0.007479885 -2.401912689 0.002179408 -0.007487202 0.999969661 138.196090698
0.999985099 -0.004846288 -0.002472680 0.425630540 0.004865075 0.999959052 0.007648841 -2.430880547 0.002435507 -0.007660762 0.999967754 139.463531494
0.999981403 -0.005636953 -0.002315063 0.408140987 0.005655066 0.999953270 0.007891826 -2.429575443 0.002270467 -0.007904775 0.999966264 140.730728149
0.999986529 -0.005007193 -0.001352801 0.395051956 0.005019867 0.999941945 0.009532606 -2.453395844 0.001304988 -0.009539271 0.999953687 142.015701294
0.999995768 -0.002713098 -0.000892576 0.377726287 0.002723077 0.999931574 0.011374671 -2.454447746 0.000861650 -0.011377057 0.999934912 143.291809082
0.999994934 -0.003105859 -0.000048002 0.378881216 0.003106186 0.999942958 0.010208163 -2.484086037 0.000016289 -0.010208272 0.999947846 144.561614990
0.999997258 -0.001947177 0.001190049 0.392993003 0.001937651 0.999966502 0.007953107 -2.491556644 -0.001205497 -0.007950781 0.999967694 145.840240479
0.999997079 -0.002197766 0.000946217 0.372741938 0.002192100 0.999979854 0.005946935 -2.512740850 -0.000959269 -0.005944845 0.999981940 147.122222900
0.999993384 -0.003133795 0.001810377 0.380640566 0.003130765 0.999993742 0.001674020 -2.545929909 -0.001815612 -0.001668341 0.999997020 148.382171631
0.999993384 -0.003353932 0.001601673 0.354123712 0.003357299 0.999992013 -0.002101647 -2.554881573 -0.001594612 0.002107008 0.999996781 149.658630371
0.999991655 -0.003545865 0.001926814 0.351482540 0.003550923 0.999990165 -0.002627292 -2.582545042 -0.001917483 0.002634114 0.999994755 150.926361084
0.999989510 -0.003986679 0.002174645 0.358566940 0.003991668 0.999989331 -0.002294731 -2.612841845 -0.002165477 0.002303390 0.999995112 152.198089600
0.999993086 -0.003166964 0.001870103 0.334446043 0.003170923 0.999992669 -0.002118319 -2.645740032 -0.001863382 0.002124237 0.999996305 153.455780029
0.999994159 -0.002811351 0.001899061 0.338532478 0.002813107 0.999995589 -0.000922631 -2.669693947 -0.001896458 0.000927968 0.999997854 154.733230591
0.999997139 -0.001983999 0.001409188 0.321859539 0.001984915 0.999997675 -0.000648619 -2.696993828 -0.001407898 0.000651416 0.999998808 155.982513428
0.999997914 -0.001682518 0.000987230 0.318774283 0.001683020 0.999998510 -0.000506754 -2.732753038 -0.000986378 0.000508415 0.999999464 157.236175537
0.999997854 -0.001861194 0.000392935 0.309959441 0.001861370 0.999998450 -0.000449928 -2.757858753 -0.000392100 0.000450658 0.999999940 158.529708862
0.999997973 -0.001820399 -0.000672768 0.300946653 0.001820883 0.999998093 0.000720623 -2.784564972 0.000671451 -0.000721848 0.999999642 159.788803101
0.999998271 -0.001502146 -0.000872985 0.299140096 0.001503033 0.999998331 0.001018051 -2.805036545 0.000871449 -0.001019364 0.999999166 161.053359985
0.999997914 -0.001001308 -0.001674380 0.286332011 0.001001232 0.999999464 -0.000044547 -2.839921236 0.001674415 0.000042863 0.999998689 162.321014404
0.999996722 -0.000678204 -0.002390178 0.269542366 0.000675322 0.999999046 -0.001206347 -2.871206999 0.002390991 0.001204729 0.999996364 163.589889526
0.999996126 -0.000166065 -0.002705590 0.256903648 0.000162454 0.999999106 -0.001334797 -2.888333321 0.002705807 0.001334352 0.999995410 164.852767944
0.999992430 -0.000242124 -0.003826457 0.247062385 0.000234209 0.999997914 -0.002068853 -2.923810720 0.003826953 0.002067938 0.999990463 166.124603271
0.999990046 -0.000156531 -0.004402188 0.232822597 0.000142761 0.999994993 -0.003127994 -2.951413631 0.004402657 0.003127336 0.999985397 167.390228271
0.999985576 0.000065160 -0.005319826 0.216581285 -0.000081177 0.999995470 -0.003010456 -2.977579832 0.005319607 0.003010847 0.999981284 168.658737183
0.999981165 0.000527076 -0.006039464 0.201075315 -0.000536891 0.999998629 -0.001623370 -3.007560492 0.006038598 0.001626584 0.999980450 169.923141479
0.999979258 0.000708901 -0.006370246 0.191688061 -0.000715381 0.999999166 -0.001014962 -3.039098978 0.006369519 0.001019499 0.999979138 171.188064575
0.999971688 0.001093433 -0.007426377 0.177429438 -0.001098389 0.999999106 -0.000663175 -3.062734604 0.007425644 0.000671313 0.999972105 172.461318970
0.999967575 0.001515252 -0.007903966 0.145046949 -0.001518359 0.999998808 -0.000387079 -3.097119808 0.007903368 0.000399068 0.999968529 173.725372314
0.999956548 0.002155776 -0.009058212 0.127377391 -0.002165160 0.999997199 -0.001026416 -3.123706818 0.009055974 0.001045985 0.999958396 174.999313354
0.999949336 0.003185679 -0.009532500 0.102987409 -0.003200860 0.999993682 -0.001577749 -3.150593281 0.009527415 0.001608182 0.999953270 176.265396118
0.999951780 0.002710914 -0.009418597 0.089003205 -0.002723762 0.999995291 -0.001351628 -3.174376249 0.009414895 0.001377217 0.999954700 177.514358521
0.999948740 0.002455869 -0.009815171 0.079497218 -0.002477982 0.999994397 -0.002241342 -3.202792406 0.009809611 0.002265549 0.999949336 178.782852173
0.999950826 0.001553136 -0.009794974 0.050463557 -0.001589584 0.999991834 -0.003714300 -3.233871937 0.009789126 0.003729688 0.999945045 180.043273926
0.999951422 -0.001907155 -0.009663365 0.044129491 0.001871204 0.999991298 -0.003727877 -3.277714491 0.009670390 0.003709615 0.999946296 181.293487549
0.999945998 -0.000706248 -0.010376812 0.015709877 0.000702118 0.999999583 -0.000401259 -3.297920704 0.010377086 0.000393954 0.999945819 182.561645508
0.999945164 -0.001627250 -0.010330341 0.000990033 0.001671732 0.999989390 0.004298843 -3.326273441 0.010323234 -0.004315878 0.999937415 183.835494995
0.999944448 -0.000621324 -0.010504587 -0.023780584 0.000664211 0.999991417 0.004079900 -3.352780581 0.010501961 -0.004086651 0.999936521 185.070632935
0.999946296 0.000291349 -0.010352580 -0.058143854 -0.000287218 0.999999881 0.000400988 -3.366514206 0.010352692 -0.000397994 0.999946296 186.342483521
0.999939501 0.000777870 -0.010957644 -0.079073668 -0.000794812 0.999998450 -0.001541859 -3.393397331 0.010956429 0.001550475 0.999938726 187.579788208
0.999938250 0.000332219 -0.011096869 -0.109510541 -0.000350140 0.999998629 -0.001613088 -3.423857450 0.011096320 0.001616874 0.999937057 188.832138062
0.999941230 0.000458042 -0.010803198 -0.123092413 -0.000461697 0.999999821 -0.000335770 -3.450979471 0.010803045 0.000340740 0.999941647 190.105590820
0.999941826 0.000303698 -0.010765815 -0.146646261 -0.000284699 0.999998331 0.001766313 -3.473953009 0.010766331 -0.001763145 0.999940574 191.330581665
0.999950230 -0.000453300 -0.009948839 -0.169224501 0.000481397 0.999995887 0.002821920 -3.506419420 0.009947516 -0.002826569 0.999946594 192.600723267
0.999961138 0.000449702 -0.008758508 -0.185478449 -0.000430601 0.999997437 0.002182494 -3.531118870 0.008759460 -0.002178636 0.999959290 193.814620972
0.999973714 -0.000193757 -0.007219306 -0.187664509 0.000197318 0.999999940 0.000492596 -3.565094948 0.007219206 -0.000494009 0.999973774 195.043884277
0.999978423 -0.001172046 -0.006414745 -0.215093017 0.001181422 0.999998391 0.001458322 -3.580407381 0.006413021 -0.001465873 0.999978065 196.294998169
0.999982953 -0.003034556 -0.004937963 -0.228062868 0.003038256 0.999995112 0.000742020 -3.605963707 0.004935686 -0.000757010 0.999987483 197.503479004
0.999989808 -0.002454806 -0.003717406 -0.250334769 0.002460602 0.999995887 0.001555620 -3.633779526 0.003713571 -0.001564752 0.999991894 198.728988647
0.999994457 -0.002430878 -0.001993354 -0.247956574 0.002433524 0.999996185 0.001325120 -3.664463758 0.001990122 -0.001329964 0.999996960 199.942657471
0.999998748 -0.001277940 -0.000708680 -0.258109808 0.001279413 0.999997139 0.002082494 -3.694510460 0.000706014 -0.002083398 0.999997497 201.151443481
0.999998152 -0.001715013 0.000427649 -0.267708004 0.001714292 0.999997377 0.001678641 -3.717660189 -0.000430530 -0.001677904 0.999998391 202.359069824
0.999998033 -0.001399754 0.001319828 -0.278852582 0.001396959 0.999996841 0.002117194 -3.743879557 -0.001322787 -0.002115345 0.999996901 203.542922974
0.999995947 -0.001502434 0.002337371 -0.281549782 0.001496834 0.999995947 0.002395794 -3.773465633 -0.002340960 -0.002392285 0.999994397 204.758163452
0.999994397 -0.001184429 0.003097947 -0.289054930 0.001177397 0.999996603 0.002271202 -3.795496941 -0.003100624 -0.002267541 0.999992549 205.905990601
0.999991179 -0.001084726 0.004068701 -0.297374725 0.001075792 0.999996781 0.002197230 -3.815850973 -0.004071068 -0.002192832 0.999989033 207.077713013
0.999984920 -0.002279351 0.004952879 -0.294556856 0.002266831 0.999994278 0.002531785 -3.850662231 -0.004958625 -0.002520520 0.999984503 208.232009888
0.999985695 -0.002437918 0.004692649 -0.295048594 0.002424155 0.999992907 0.002936055 -3.873890638 -0.004699776 -0.002924638 0.999984682 209.391067505
0.999984801 -0.003274865 0.004340493 -0.295023680 0.003257297 0.999986768 0.004048591 -3.895680428 -0.004353694 -0.004034393 0.999982357 210.537399292
0.999989927 -0.002671065 0.003525573 -0.296104789 0.002657820 0.999989569 0.003756367 -3.915043831 -0.003535571 -0.003746961 0.999986708 211.650726318
0.999991953 -0.002457080 0.003083791 -0.300706923 0.002447834 0.999992669 0.002997954 -3.943906307 -0.003091137 -0.002990381 0.999990761 212.757324219
0.999988556 -0.002500645 0.003960604 -0.305326581 0.002490101 0.999993742 0.002664153 -3.959950447 -0.003967245 -0.002654259 0.999988735 213.831771851
0.999991536 -0.002515406 0.003159145 -0.310202479 0.002507336 0.999993563 0.002556514 -3.984781265 -0.003165558 -0.002548571 0.999991715 214.896408081
0.999993622 -0.003362719 0.001042472 -0.311697364 0.003360382 0.999991834 0.002236190 -4.011722565 -0.001049988 -0.002232669 0.999997079 215.968704224
0.999994159 -0.003342950 -0.000533484 -0.314500749 0.003344373 0.999990761 0.002687840 -4.031945705 0.000524491 -0.002689608 0.999996364 217.010635376
0.999984682 -0.004786950 -0.002712875 -0.329127252 0.004798168 0.999979854 0.004143826 -4.056593418 0.002692982 -0.004156779 0.999987841 218.053894043
0.999978125 -0.004561332 -0.004754019 -0.340671241 0.004592199 0.999968171 0.006502867 -4.077748299 0.004724206 -0.006524560 0.999967694 219.082260132
0.999965489 -0.004124170 -0.007188679 -0.352812171 0.004169805 0.999971151 0.006344672 -4.098043442 0.007162305 -0.006374429 0.999953985 220.084564209
0.999945939 -0.003523582 -0.009771217 -0.369425416 0.003579318 0.999977291 0.005692208 -4.117339611 0.009750939 -0.005726876 0.999936044 221.074111938
0.999912977 -0.003578466 -0.012691427 -0.395155907 0.003651499 0.999976814 0.005735831 -4.134340286 0.012670608 -0.005781676 0.999903083 222.038955688
0.999874413 -0.003433736 -0.015467851 -0.418154716 0.003536537 0.999971628 0.006623365 -4.157461166 0.015444674 -0.006677237 0.999858379 222.975067139
0.999824822 -0.003159850 -0.018431123 -0.441232920 0.003281862 0.999972820 0.006593414 -4.179401398 0.018409789 -0.006652748 0.999808371 223.910522461
0.999762416 -0.003094063 -0.021556297 -0.464341640 0.003225911 0.999976277 0.006084354 -4.197176933 0.021536961 -0.006152449 0.999749184 224.801910400
0.999689817 -0.003379449 -0.024656208 -0.491394997 0.003518300 0.999978125 0.005590295 -4.215698719 0.024636775 -0.005675312 0.999680400 225.691436768
0.999602437 -0.002041750 -0.028097169 -0.523804665 0.002183328 0.999984801 0.005009079 -4.231968880 0.028086519 -0.005068440 0.999592662 226.531295776
0.999525428 -0.001573295 -0.030758262 -0.559273243 0.001692330 0.999991238 0.003844328 -4.259607315 0.030751945 -0.003894559 0.999519408 227.353027344
0.999444962 0.000543467 -0.033300981 -0.593327522 -0.000412808 0.999992311 0.003930273 -4.282840729 0.033302858 -0.003914346 0.999437630 228.175018311
0.999409139 0.001072141 -0.034346800 -0.637470722 -0.000932539 0.999991417 0.004080195 -4.292345524 0.034350883 -0.004045757 0.999401748 228.974807739
0.999423862 0.000927617 -0.033920709 -0.668700218 -0.000758347 0.999987423 0.005002690 -4.311556339 0.033924911 -0.004974087 0.999412119 229.764541626
0.999444544 0.000987327 -0.033303488 -0.692708969 -0.000772150 0.999979079 0.006473405 -4.317705154 0.033309173 -0.006444097 0.999424458 230.509414673
0.999456763 0.000891771 -0.032943688 -0.718849659 -0.000690192 0.999980927 0.006129769 -4.337694168 0.032948546 -0.006103701 0.999438286 231.245498657
0.999472201 0.001258718 -0.032461200 -0.752230167 -0.001118538 0.999990046 0.004336201 -4.346143723 0.032466348 -0.004297602 0.999463499 231.986282349
0.999501884 0.001638770 -0.031515144 -0.770110130 -0.001576499 0.999996722 0.002000670 -4.364399433 0.031518336 -0.001949987 0.999501169 232.696990967
0.999538422 0.001178996 -0.030357426 -0.803459167 -0.001161055 0.999999225 0.000608693 -4.385447979 0.030358130 -0.000573159 0.999538720 233.452560425
0.999577165 0.001622474 -0.029029159 -0.828328609 -0.001617592 0.999998510 0.000191718 -4.395563602 0.029029440 -0.000144678 0.999578595 234.161468506
0.999623716 0.001044873 -0.027406052 -0.852192879 -0.001047969 0.999999225 -0.000098517 -4.413736820 0.027405942 0.000127203 0.999624431 234.886001587
0.999682426 0.000753493 -0.025189726 -0.879051685 -0.000753720 0.999999225 0.000000643 -4.429450989 0.025189735 0.000018346 0.999682844 235.612686157
0.999725938 0.000749498 -0.023394929 -0.896383762 -0.000748693 0.999999702 0.000043189 -4.444600582 0.023394963 -0.000025662 0.999726295 236.317581177
0.999773800 0.000550542 -0.021259347 -0.919943810 -0.000556120 0.999999762 -0.000256463 -4.462054729 0.021259205 0.000268226 0.999773920 237.035491943
0.999826849 0.000375110 -0.018597655 -0.938108683 -0.000376963 0.999999881 -0.000096190 -4.470227242 0.018597620 0.000103182 0.999827087 237.729949951
0.999880016 -0.000431827 -0.015466620 -0.947395325 0.000438301 0.999999762 0.000415084 -4.490512371 0.015466441 -0.000421815 0.999880254 238.433410645
0.999922335 -0.001616184 -0.012316650 -0.959212661 0.001628450 0.999998271 0.000985604 -4.511075020 0.012315028 -0.001005586 0.999923408 239.150924683
0.999958217 -0.001312818 -0.009019396 -0.961540699 0.001322534 0.999998510 0.001071077 -4.528253555 0.009017978 -0.001082960 0.999958694 239.829513550
0.999981403 -0.001672881 -0.005835880 -0.976101518 0.001677850 0.999998331 0.000846346 -4.545281887 0.005834453 -0.000856121 0.999982536 240.530212402
0.999990642 -0.002525908 -0.003485457 -0.984957755 0.002527623 0.999996841 0.000487772 -4.552409172 0.003484212 -0.000496573 0.999993682 241.204010010
0.999997973 -0.001742581 -0.000506775 -0.988470972 0.001742405 0.999998450 -0.000343704 -4.567728043 0.000507373 0.000342820 0.999999762 241.892639160
0.999997377 -0.001606399 0.001329016 -0.990328908 0.001605144 0.999998271 0.000943152 -4.579988480 -0.001330531 -0.000941019 0.999998689 242.602249146
0.999989688 -0.002099887 0.003963272 -0.991759181 0.002093734 0.999996603 0.001556247 -4.591551781 -0.003966532 -0.001547934 0.999991000 243.296081543
0.999975264 -0.002091788 0.006681984 -1.000498533 0.002078395 0.999995887 0.002010714 -4.599109650 -0.006686169 -0.001996778 0.999975681 244.005264282
0.999960423 -0.002094692 0.008618222 -0.991938591 0.002077283 0.999995828 0.002028703 -4.621462345 -0.008622441 -0.002010723 0.999960840 244.706253052
0.999923229 -0.001815796 0.012255721 -0.978494644 0.001830265 0.999997556 -0.001169151 -4.641090393 -0.012253582 0.001191488 0.999924242 245.432723999
0.999903202 -0.001412219 0.013832423 -0.976350784 0.001466665 0.999991119 -0.003926594 -4.662672520 -0.013826762 0.003946503 0.999896646 246.141906738
0.999885559 -0.002277948 0.014945001 -0.968501091 0.002355155 0.999983907 -0.005150298 -4.671384335 -0.014933035 0.005184907 0.999874949 246.858520508
0.999881268 -0.002181764 0.015244259 -0.958676338 0.002268005 0.999981165 -0.005642144 -4.681366920 -0.015231665 0.005676050 0.999867558 247.573944092
0.999888599 -0.002355176 0.014734060 -0.947788239 0.002441365 0.999979913 -0.005834234 -4.704523563 -0.014720028 0.005869557 0.999874353 248.299911499
0.999879956 -0.002035223 0.015349350 -0.942878485 0.002132242 0.999977648 -0.006306952 -4.718005180 -0.015336172 0.006338930 0.999862313 249.036056519
0.999874413 -0.001238221 0.015788462 -0.937191248 0.001344387 0.999976516 -0.006715585 -4.731458664 -0.015779782 0.006735969 0.999852896 249.767959595
0.999872684 -0.001406620 0.015875997 -0.925449133 0.001545621 0.999960482 -0.008746618 -4.757393837 -0.015863065 0.008770045 0.999835849 250.519332886
0.999851525 -0.005722136 0.016241042 -0.909007072 0.005901092 0.999922276 -0.010992321 -4.780841827 -0.016176885 0.011086532 0.999807715 251.280731201
0.999829352 -0.007991579 0.016643042 -0.895146847 0.008187364 0.999897838 -0.011728900 -4.798655510 -0.016547604 0.011863166 0.999792695 252.037460327
0.999826610 -0.007389583 0.017074130 -0.890860081 0.007531539 0.999937594 -0.008264864 -4.810425758 -0.017011989 0.008392029 0.999820054 252.825378418
0.999837875 -0.002580478 0.017806811 -0.886359215 0.002620355 0.999994338 -0.002216790 -4.818886280 -0.017800979 0.002263094 0.999839008 253.599609375
0.999821424 -0.003283485 0.018600170 -0.875967503 0.003238613 0.999991775 0.002442139 -4.854168892 -0.018608037 -0.002381464 0.999824047 254.390930176
0.999777079 -0.005250709 0.020441180 -0.838023186 0.005240647 0.999986112 0.000545907 -4.855373383 -0.020443758 -0.000438661 0.999790967 255.195526123
0.999696732 -0.003349254 0.024388941 -0.842747688 0.003508598 0.999972761 -0.006493500 -4.881896496 -0.024366522 0.006577102 0.999681473 255.978271484
0.999571204 -0.001559675 0.029230868 -0.840318203 0.001880219 0.999938250 -0.010941545 -4.876797676 -0.029211985 0.010991817 0.999512792 256.804321289
0.999484360 0.000037447 0.032106128 -0.808773041 0.000305598 0.999942958 -0.010679742 -4.912989140 -0.032104697 0.010684049 0.999427319 257.609405518
0.999378324 -0.001207393 0.035233859 -0.790879250 0.001490630 0.999966741 -0.008013573 -4.932734966 -0.035223022 0.008061111 0.999346852 258.435821533
0.999262929 -0.005165797 0.038037669 -0.757580757 0.005348269 0.999974549 -0.004696923 -4.947087288 -0.038012438 0.004896896 0.999265194 259.297393799
0.999134898 -0.007703117 0.040868174 -0.716537476 0.007828529 0.999964833 -0.002909524 -4.969311237 -0.040844321 0.003226941 0.999160171 260.101226807
0.998974502 -0.008361029 0.044493306 -0.682098389 0.008467183 0.999961734 -0.002197776 -4.983642101 -0.044473227 0.002572255 0.999007404 260.941345215
0.998886585 -0.005506212 0.046849910 -0.653326988 0.005712321 0.999974549 -0.004266531 -5.004284382 -0.046825223 0.004529402 0.998892903 261.775909424
0.998778284 -0.004733620 0.049184866 -0.611056328 0.005063687 0.999965489 -0.006588261 -5.023392677 -0.049151979 0.006829270 0.998768091 262.604248047
0.998657227 -0.004373025 0.051617403 -0.581958771 0.004738745 0.999964416 -0.006964852 -5.047238827 -0.051585115 0.007200101 0.998642504 263.471557617
0.998510838 -0.003824409 0.054417472 -0.539999962 0.004083388 0.999980807 -0.004648685 -5.067698956 -0.054398660 0.004863968 0.998507380 264.291900635
0.998324215 -0.003257198 0.057772905 -0.498929977 0.003410237 0.999990940 -0.002550547 -5.081840038 -0.057764083 0.002743292 0.998326421 265.164703369
0.998168647 -0.001917726 0.060462043 -0.448242188 0.002080617 0.999994457 -0.002631235 -5.109552860 -0.060456671 0.002752214 0.998166859 265.982543945
0.998029470 -0.001570308 0.062727019 -0.396522522 0.001815146 0.999991298 -0.003846396 -5.130825996 -0.062720433 0.003952676 0.998023093 266.842529297
0.997853935 -0.003061027 0.065405779 -0.341016769 0.003315134 0.999987483 -0.003776907 -5.150106430 -0.065393396 0.003985629 0.997851729 267.709991455
0.997724950 -0.005645121 0.067177929 -0.287261963 0.005882742 0.999977171 -0.003339920 -5.168167114 -0.067157544 0.003727512 0.997735500 268.538391113
0.997642398 -0.007715872 0.068188027 -0.234472275 0.007931240 0.999964356 -0.002888287 -5.189540863 -0.068163320 0.003422293 0.997668445 269.402801514
0.997616947 -0.007772240 0.068553448 -0.170610428 0.008012506 0.999962747 -0.003230543 -5.208873749 -0.068525784 0.003772128 0.997642398 270.235534668
0.997578323 -0.008320334 0.069047868 -0.126239777 0.008563900 0.999958277 -0.003232328 -5.238322258 -0.069018088 0.003815812 0.997608066 271.087951660
0.997613668 -0.008247530 0.068546280 -0.070077896 0.008477726 0.999959409 -0.003068035 -5.254758835 -0.068518214 0.003641831 0.997643173 271.969604492
0.997649133 -0.007750486 0.068086214 -0.018341064 0.007926526 0.999966025 -0.002315787 -5.276465893 -0.068065986 0.002850031 0.997676730 272.810668945
0.997725010 -0.007859323 0.066951983 0.035217285 0.008078615 0.999962926 -0.003005297 -5.299519062 -0.066925898 0.003539340 0.997751594 273.680206299
0.997833371 -0.007960584 0.065302759 0.086996078 0.008240317 0.999958098 -0.004015563 -5.311324596 -0.065268092 0.004544978 0.997857392 274.522430420
0.997942567 -0.006937685 0.063734442 0.131559372 0.007259339 0.999962151 -0.004816548 -5.332548618 -0.063698627 0.005269309 0.997955322 275.384582520
0.998015881 -0.006089000 0.062664233 0.180711746 0.006252700 0.999977708 -0.002416566 -5.358802319 -0.062648095 0.002803591 0.998031795 276.250396729
0.998121321 -0.005119999 0.061049286 0.219619751 0.005308722 0.999981761 -0.002929518 -5.374068737 -0.061033182 0.003248109 0.998130441 277.088073730
0.998254359 -0.005249405 0.058821060 0.264854431 0.005418960 0.999981761 -0.002723399 -5.387834072 -0.058805685 0.003037396 0.998264909 277.946502686
0.998435199 -0.004646313 0.055716533 0.301844597 0.004840102 0.999983191 -0.003343601 -5.422714710 -0.055700056 0.003608050 0.998441160 278.778320312
0.998648047 -0.005841941 0.051651236 0.346947670 0.005884476 0.999982417 -0.000671422 -5.438987732 -0.051646430 0.000974455 0.998664975 279.612213135
0.998881161 -0.007429656 0.046701893 0.378654480 0.007385326 0.999972045 0.001121750 -5.464039326 -0.046708964 -0.000775587 0.998908281 280.475189209
0.999087095 -0.007502243 0.042054284 0.408009529 0.007413853 0.999969959 0.002257513 -5.485996246 -0.042070009 -0.001943670 0.999112785 281.288391113
0.999272227 -0.008707304 0.037126981 0.424917221 0.008609165 0.999959111 0.002802536 -5.502849579 -0.037149936 -0.002480872 0.999306500 282.126556396
0.999425888 -0.009047208 0.032645971 0.446879387 0.008943156 0.999954462 0.003331879 -5.513913155 -0.032674644 -0.003038008 0.999461472 282.937011719
0.999569654 -0.009778109 0.027650984 0.464890003 0.009690369 0.999947608 0.003305318 -5.532320976 -0.027681882 -0.003035946 0.999612451 283.734008789
0.999670327 -0.010367960 0.023481712 0.475492477 0.010296250 0.999941945 0.003172929 -5.545670033 -0.023513254 -0.002930110 0.999719262 284.529998779
0.999756694 -0.009925656 0.019698629 0.487373352 0.009868325 0.999946594 0.003005727 -5.564766884 -0.019727422 -0.002810605 0.999801397 285.288909912
0.999830365 -0.009389371 0.015831221 0.489978313 0.009341383 0.999951422 0.003102501 -5.584720135 -0.015859585 -0.002954089 0.999869883 286.046173096
