1.000000000 0.000000000 -0.000000000 0.000000000 0.000000000 1.000000000 -0.000000000 0.000000000 -0.000000000 -0.000000000 1.000000000 0.000000000
0.999979019 0.000428778 -0.006460421 -0.005270754 -0.000427480 0.999999881 0.000202245 0.001903406 0.006460506 -0.000199479 0.999979138 0.095435672
0.999912083 0.000456658 -0.013253300 -0.013146668 -0.000452756 0.999999881 0.000297408 -0.001943066 0.013253435 -0.000291382 0.999912143 0.193549499
0.999780893 0.000429210 -0.020927876 -0.020524118 -0.000432906 0.999999881 -0.000172100 -0.001919616 0.020927800 0.000181122 0.999780953 0.290118665
0.999548197 0.000744415 -0.030047890 -0.038165551 -0.000760023 0.999999583 -0.000508039 -0.004803110 0.030047499 0.000530646 0.999548316 0.399345189
0.999143481 0.000626063 -0.041374937 -0.055191297 -0.000731118 0.999996543 -0.002524015 -0.007809271 0.041373212 0.002552103 0.999140501 0.506153107
0.998489916 0.000674094 -0.054931257 -0.075881884 -0.000898936 0.999991298 -0.004068546 -0.001966978 0.054928038 0.004111782 0.998481870 0.640417278
0.997462869 0.000650530 -0.071185425 -0.104861543 -0.000937443 0.999991596 -0.003997170 -0.003062950 0.071182221 0.004053761 0.997455120 0.773244023
0.995977640 0.000128335 -0.089602046 -0.128692031 -0.000504330 0.999991179 -0.004173653 -0.005853471 0.089600720 0.004202054 0.995968878 0.927120686
0.993964612 -0.000224245 -0.109700784 -0.163575083 -0.000222928 0.999991715 -0.004064024 -0.014360189 0.109700784 0.004063951 0.993956327 1.088491321
0.991257489 -0.000063690 -0.131941468 -0.215080217 -0.000483245 0.999991417 -0.004113265 -0.019580111 0.131940588 0.004141065 0.991248965 1.247631669
0.987772822 0.003790675 -0.155853987 -0.270017982 -0.004682889 0.999974668 -0.005357908 -0.029845644 0.155829728 0.006022242 0.987765551 1.426897049
0.983410478 0.007717816 -0.181229755 -0.337300688 -0.009163396 0.999932528 -0.007140579 -0.031655114 0.181162417 0.008682800 0.983414888 1.612037182
0.977973282 0.010249889 -0.208478287 -0.403248489 -0.012183581 0.999893844 -0.007993234 -0.035187036 0.208374217 0.010357182 0.977994323 1.783048391
0.971306264 0.011590197 -0.237549588 -0.492142528 -0.013957383 0.999868274 -0.008285536 -0.043753408 0.237422243 0.011363365 0.971340001 1.966768742
0.963180304 0.013418792 -0.268521160 -0.554191589 -0.016148239 0.999837935 -0.007958591 -0.051184133 0.268370867 0.012001701 0.963240802 2.136693954
0.953836262 0.015026465 -0.299951047 -0.680376172 -0.017844152 0.999818623 -0.006656625 -0.052777253 0.299796522 0.011701704 0.953931332 2.352667570
0.942553043 0.016790036 -0.333634585 -0.785856009 -0.019759109 0.999789536 -0.005507515 -0.062522553 0.333471894 0.011783443 0.942686439 2.543550730
0.929823339 0.019046003 -0.367513120 -0.871259332 -0.022533366 0.999732494 -0.005200190 -0.062801048 0.367315739 0.013116562 0.930003703 2.710860014
0.916240454 0.021914808 -0.400029063 -1.033738256 -0.025804583 0.999657452 -0.004339435 -0.061715085 0.399796963 0.014298544 0.916492105 2.923485518
0.900345862 0.022511890 -0.434592485 -1.167297244 -0.026832307 0.999632597 -0.003807556 -0.059026167 0.434347093 0.015089231 0.900619209 3.117756605
0.881868839 0.018809211 -0.471119583 -1.276529789 -0.023756962 0.999707282 -0.004556841 -0.057299450 0.470896035 0.015210902 0.882057667 3.287443399
0.861014724 0.015222576 -0.508351743 -1.446251273 -0.020272674 0.999784708 -0.004398092 -0.062371060 0.508175910 0.014092465 0.861138284 3.499784470
0.836187303 0.017719463 -0.548157573 -1.588226438 -0.021745279 0.999763310 -0.000853520 -0.074317828 0.548012793 0.012633547 0.836374640 3.649720430
0.807764173 0.023283195 -0.589045644 -1.807079434 -0.026611360 0.999641359 0.003020373 -0.065368466 0.588904917 0.013235564 0.808093905 3.856490374
0.775596857 0.025791887 -0.630701423 -2.020488977 -0.029212715 0.999560952 0.004952069 -0.073936775 0.630552590 0.014583696 0.776009679 4.019532681
0.739947319 0.025783639 -0.672170401 -2.189188957 -0.029427355 0.999549150 0.005946897 -0.061853960 0.672021091 0.015379807 0.740372300 4.145661354
0.700889349 0.021957127 -0.712932169 -2.458449602 -0.024400966 0.999678969 0.006799705 -0.074449703 0.712853193 0.012630385 0.701199651 4.340131760
0.658788204 0.018505778 -0.752100587 -2.685225964 -0.019292017 0.999784172 0.007701665 -0.074418791 0.752081037 0.009435767 0.659003198 4.485554695
0.614415526 0.018588103 -0.788763523 -2.905241966 -0.017328179 0.999799192 0.010063432 -0.073440924 0.788792491 0.007484701 0.614614129 4.614353180
0.567013264 0.018716125 -0.823495924 -3.231593609 -0.014746405 0.999812186 0.012569834 -0.066658579 0.823576748 0.005016335 0.567182660 4.780264854
0.516088068 0.020399880 -0.856292427 -3.539506435 -0.013527103 0.999785602 0.015665604 -0.071825214 0.856428981 0.003498314 0.516253173 4.891613007
0.463565290 0.022001071 -0.885789394 -3.801694632 -0.012733836 0.999753833 0.018167622 -0.061665952 0.885971129 0.002857617 0.463731408 4.950598717
0.409347355 0.023894852 -0.912065566 -4.202752590 -0.011614505 0.999712527 0.020978322 -0.058909573 0.912304699 0.002005771 0.409507126 5.082413673
0.354261398 0.026623648 -0.934767127 -4.483071327 -0.011210431 0.999643803 0.024222855 -0.053741485 0.935079157 0.001897924 0.354433626 5.123381138
0.299371362 0.029261392 -0.953687549 -4.903780937 -0.008993201 0.999571860 0.027846167 -0.045371413 0.954094291 0.000240364 0.299506247 5.223910332
0.246009901 0.030730627 -0.968779802 -5.268455029 -0.004642768 0.999523222 0.030526850 -0.046455845 0.969256222 -0.003012086 0.246035159 5.272958755
0.195224211 0.032151151 -0.980231166 -5.616677761 -0.002726688 0.999476552 0.032239314 -0.051653787 0.980754972 -0.003621111 0.195209458 5.313716412
0.147882730 0.032632653 -0.988466501 -6.068535328 -0.004465923 0.999467313 0.032327697 -0.043081269 0.988994777 -0.000366290 0.147949606 5.326533794
0.105182134 0.032547206 -0.993920326 -6.474598408 -0.006946934 0.999463797 0.031993583 -0.022228613 0.994428694 0.003539549 0.105351791 5.344628811
0.067139819 0.031619627 -0.997242510 -6.952941895 -0.007940460 0.999482810 0.031156080 -0.010273382 0.997711957 0.005826755 0.067356125 5.329381466
0.032316104 0.029740237 -0.999035180 -7.419278622 -0.006779673 0.999540567 0.029536000 -0.005095065 0.999454677 0.005818648 0.032502830 5.306181908
0.001220569 0.026672669 -0.999643624 -7.855354786 -0.006858483 0.999620855 0.026663713 -0.007646441 0.999975681 0.006823496 0.001403019 5.302064896
-0.026034370 0.024905305 -0.999350905 -8.371040344 -0.007235407 0.999658644 0.025101488 0.003216565 0.999634683 0.007884216 -0.025845334 5.256752968
-0.047700968 0.022446774 -0.998609543 -8.873784065 -0.006507659 0.999718964 0.022782609 0.012518972 0.998839974 0.007585369 -0.047541559 5.247048378
-0.063815877 0.021918172 -0.997721076 -9.404074669 -0.006763397 0.999726355 0.022394832 0.032857269 0.997938871 0.008177130 -0.063650161 5.192062378
-0.076861419 0.022083158 -0.996797383 -9.950263977 -0.005891721 0.999727130 0.022602379 0.036232874 0.997024417 0.007610104 -0.076710328 5.130621910
-0.086612560 0.022995804 -0.995976865 -10.519692421 -0.006368204 0.999700427 0.023635581 0.037792340 0.996221721 0.008389723 -0.086440146 5.074282646
-0.093537793 0.024080737 -0.995324910 -11.093218803 -0.008325264 0.999653816 0.024967873 0.037010446 0.995580792 0.010621781 -0.093304887 5.002430916
-0.097806953 0.024991943 -0.994891644 -11.670438766 -0.008087631 0.999631703 0.025906099 0.046838626 0.995172560 0.010580113 -0.097568788 4.932885170
-0.099388711 0.026231105 -0.994702935 -12.283555984 -0.006272732 0.999616146 0.026987419 0.054804265 0.995028853 0.008921751 -0.099185981 4.871637344
-0.098540232 0.027903397 -0.994741917 -12.908822060 -0.005132017 0.999579430 0.028547468 0.065521777 0.995119870 0.007918105 -0.098355554 4.813192368
-0.097117081 0.029971909 -0.994821608 -13.542307854 -0.004515423 0.999523163 0.030554349 0.080352157 0.995262682 0.007459389 -0.096935406 4.752955437
-0.095134661 0.030408749 -0.994999886 -14.203591347 -0.003926369 0.999514699 0.030922098 0.090351552 0.995456338 0.006848498 -0.094969057 4.676086426
-0.093351699 0.028655907 -0.995220840 -14.865618706 -0.006408162 0.999547660 0.029381579 0.093814105 0.995612562 0.009120355 -0.093125850 4.605880737
-0.091977440 0.028175056 -0.995362520 -15.552591324 -0.007154509 0.999555051 0.028954856 0.111227840 0.995735407 0.009784522 -0.091734961 4.541223526
-0.090299197 0.030275313 -0.995454490 -16.242914200 -0.007470050 0.999489129 0.031075645 0.127918273 0.995886564 0.010242197 -0.090026930 4.470996380
-0.085818119 0.033452328 -0.995749176 -16.954227448 -0.010127938 0.999355197 0.034446374 0.136612833 0.996259332 0.013041000 -0.085424021 4.409572601
-0.083858222 0.035342868 -0.995850682 -17.684404373 -0.009267365 0.999299884 0.036245670 0.151214778 0.996434629 0.012268406 -0.083471969 4.339087486
-0.080486678 0.036190640 -0.996098340 -18.423286438 -0.012376677 0.999227464 0.037304364 0.163843572 0.996678829 0.015330895 -0.079976499 4.273427486
-0.078706123 0.033670679 -0.996329129 -19.181365967 -0.015616531 0.999265313 0.035003535 0.176994473 0.996775389 0.018314198 -0.078122497 4.205024719
-0.077262178 0.032809634 -0.996470928 -19.940322876 -0.016941801 0.999270797 0.034215413 0.195914686 0.996866763 0.019525569 -0.076649986 4.140447140
-0.075634971 0.034792818 -0.996528506 -20.738243103 -0.013613407 0.999262035 0.035921469 0.214441061 0.997042596 0.016283067 -0.075105496 4.084635258
-0.075635150 0.035160467 -0.996515453 -21.525554657 -0.011211634 0.999284923 0.036109127 0.223517358 0.997072279 0.013903683 -0.075186841 3.994105101
-0.074535452 0.036413800 -0.996553421 -22.339813232 -0.010574211 0.999247909 0.037303157 0.243646026 0.997162223 0.013318173 -0.074094348 3.931064129
-0.074083403 0.034286648 -0.996662617 -23.129215240 -0.009060670 0.999344170 0.035052422 0.259712756 0.997210443 0.011627235 -0.073724248 3.861661196
-0.073900238 0.027650155 -0.996882260 -23.939117432 -0.009696942 0.999548256 0.028442951 0.274355143 0.997218311 0.011768647 -0.073598750 3.797786713
-0.074203104 0.023598269 -0.996963859 -24.752168655 -0.007641775 0.999677181 0.024231261 0.278738439 0.997213662 0.009416610 -0.073998824 3.744316101
-0.074379846 0.024035498 -0.996940255 -25.583787918 -0.008088190 0.999662101 0.024704553 0.291469812 0.997197032 0.009900965 -0.074160323 3.672316551
-0.077439733 0.029989999 -0.996545613 -26.428449631 -0.004413988 0.999527216 0.030422712 0.300542891 0.996987045 0.006754671 -0.077270776 3.594428062
-0.071023285 0.037659794 -0.996763408 -27.270463943 -0.005969765 0.999253154 0.038179222 0.314720452 0.997456908 0.008662056 -0.070745409 3.526068687
-0.071396068 0.042785928 -0.996529937 -28.125421524 -0.006261512 0.999040425 0.043342322 0.335285783 0.997428417 0.009334257 -0.071059674 3.456676483
-0.072304189 0.045266453 -0.996354878 -28.955835342 -0.008583454 0.998904228 0.046005156 0.354184568 0.997345448 0.011878531 -0.071836419 3.376251936
-0.072535187 0.042345781 -0.996466458 -29.787349701 -0.008839361 0.999031723 0.043098234 0.371842504 0.997326612 0.011934266 -0.072090670 3.310110331
-0.073105440 0.039831609 -0.996528387 -30.616668701 -0.009852739 0.999124527 0.040658180 0.379502356 0.997275472 0.012790867 -0.072648995 3.237910748
-0.073297679 0.038191818 -0.996578395 -31.470401764 -0.010651551 0.999179363 0.039074909 0.405384243 0.997253120 0.013479209 -0.072830744 3.153200388
-0.073197931 0.041249428 -0.996463954 -32.322341919 -0.010955512 0.999050558 0.042161271 0.421916902 0.997257113 0.014002891 -0.072676539 3.083793640
-0.073002331 0.039347555 -0.996555328 -33.141384125 -0.011973081 0.999114752 0.040325705 0.438683510 0.997259796 0.014875707 -0.072466619 3.016690016
-0.078907609 0.034191635 -0.996295512 -33.961093903 -0.013347802 0.999285400 0.035351433 0.434240997 0.996792436 0.016087854 -0.078394912 2.939352274
-0.079060458 0.030648511 -0.996398568 -34.786170959 -0.016067093 0.999358237 0.032014407 0.435971916 0.996740282 0.018540295 -0.078517288 2.858525991
-0.078396909 0.030702915 -0.996449292 -35.613388062 -0.014947446 0.999377191 0.031969134 0.454837739 0.996810079 0.017400648 -0.077889144 2.787015200
-0.077637486 0.033119131 -0.996431470 -36.468997955 -0.012804451 0.999332607 0.034213234 0.459190309 0.996899426 0.015414980 -0.077161603 2.715229273
-0.076905884 0.037709605 -0.996325135 -37.314277649 -0.012715995 0.999166250 0.038798697 0.487552464 0.996957421 0.015653100 -0.076362185 2.648383617
-0.076428019 0.042645939 -0.996162772 -38.164978027 -0.010453206 0.998995721 0.043569215 0.509893775 0.997020245 0.013743005 -0.075905472 2.581705570
-0.076458707 0.045421049 -0.996037722 -39.016193390 -0.012270849 0.998843193 0.046490937 0.531968236 0.996997058 0.015776869 -0.075812913 2.508462191
-0.076101124 0.045497280 -0.996061623 -39.838546753 -0.010961520 0.998859763 0.046462581 0.550312042 0.997039616 0.014454203 -0.075515643 2.445654154
-0.075953238 0.041489586 -0.996247947 -40.655891418 -0.012078304 0.999022126 0.042525984 0.569167256 0.997037947 0.015262966 -0.075377859 2.373216629
-0.075472757 0.038113315 -0.996419370 -41.484390259 -0.012733966 0.999150693 0.039182335 0.576491356 0.997066319 0.015645560 -0.074923344 2.304462433
-0.075241745 0.034416370 -0.996571302 -42.304092407 -0.016531652 0.999223590 0.035756137 0.593693972 0.997028053 0.019165317 -0.074614398 2.235029459
-0.075759925 0.033537403 -0.996562123 -43.105678558 -0.019525152 0.999192357 0.035110287 0.607916832 0.996934354 0.022117965 -0.075043924 2.161364794
-0.076709807 0.031895570 -0.996543288 -43.932777405 -0.017577382 0.999289572 0.033336509 0.623355746 0.996898472 0.020073853 -0.076094665 2.087046623
-0.077591129 0.028406154 -0.996580660 -44.743885040 -0.014995597 0.999447584 0.029655404 0.625205696 0.996872306 0.017245317 -0.077122338 2.024549246
-0.078337774 0.027824154 -0.996538639 -45.588562012 -0.011137996 0.999523640 0.028783061 0.627163112 0.996864378 0.013354248 -0.077990584 1.960966110
-0.079948425 0.030346874 -0.996337175 -46.398921967 -0.009421508 0.999468923 0.031198271 0.639101028 0.996754289 0.011881253 -0.079620078 1.887353659
-0.082095996 0.035479981 -0.995992959 -47.222652435 -0.006918407 0.999321699 0.036168840 0.660140395 0.996600211 0.009860002 -0.081794895 1.820074320
-0.083837785 0.039630510 -0.995691240 -48.030101776 -0.005679332 0.999173582 0.040247340 0.672937155 0.996463060 0.009029112 -0.083543457 1.741954088
-0.085180014 0.039414860 -0.995585799 -48.834396362 -0.005179279 0.999186158 0.040000536 0.678702950 0.996351957 0.008563661 -0.084906578 1.678153992
-0.086009324 0.035018921 -0.995678663 -49.646709442 -0.007144955 0.999334455 0.035764717 0.683980107 0.996268392 0.010190183 -0.085701950 1.601707935
-0.087273888 0.031957105 -0.995671570 -50.452831268 -0.012466727 0.999372005 0.033168618 0.694176555 0.996106327 0.015307521 -0.086820684 1.510295391
-0.088810138 0.030217145 -0.995590091 -51.222465515 -0.017250601 0.999343157 0.031869862 0.706498504 0.995899141 0.020004896 -0.088230550 1.428239822
-0.089679688 0.030817604 -0.995493710 -52.034702301 -0.021932840 0.999217689 0.032908712 0.724967241 0.995729148 0.024785249 -0.088933617 1.347019196
-0.090757661 0.032180902 -0.995352805 -52.809093475 -0.022465141 0.999157250 0.034352299 0.734314919 0.995619655 0.025478480 -0.089958236 1.268502235
-0.091427617 0.032088898 -0.995294213 -53.612258911 -0.018916246 0.999244392 0.033953857 0.732742906 0.995632231 0.021931561 -0.090751544 1.189030647
-0.092032425 0.032180861 -0.995235980 -54.391334534 -0.019032879 0.999238074 0.034070306 0.738537312 0.995574117 0.022077780 -0.091349818 1.110231876
-0.092491783 0.033814348 -0.995139241 -55.158355713 -0.018893376 0.999183714 0.035707805 0.754769087 0.995534182 0.022104226 -0.091777392 1.036889076
-0.092808694 0.036151454 -0.995027363 -55.931041718 -0.018588576 0.999103546 0.038033344 0.762564778 0.995510459 0.022025965 -0.092053473 0.966505527
-0.092825100 0.040349174 -0.994864643 -56.691097260 -0.018715298 0.998931348 0.042260330 0.783939242 0.995506644 0.022542004 -0.091970757 0.889421940
-0.093367793 0.042787757 -0.994712055 -57.479274750 -0.018292625 0.998834014 0.044682093 0.793173194 0.995463789 0.022367757 -0.092476197 0.802641392
-0.094217576 0.043088857 -0.994618893 -58.231201172 -0.017627668 0.998834133 0.044941299 0.802621007 0.995395601 0.021767069 -0.093348183 0.726588249
-0.094431378 0.041214861 -0.994677961 -58.972103119 -0.017242821 0.998925209 0.043027826 0.815304875 0.995382071 0.021214226 -0.093619205 0.655798435
-0.094532624 0.037926212 -0.994799197 -59.715560913 -0.017490104 0.999056816 0.039750554 0.831434965 0.995367944 0.021156862 -0.093780115 0.576205730
-0.094200410 0.034427635 -0.994957805 -60.432701111 -0.018754371 0.999163270 0.036348775 0.841536283 0.995376587 0.022083879 -0.093475930 0.505009174
-0.093030006 0.032581259 -0.995129943 -61.153606415 -0.018441079 0.999236763 0.034439683 0.846885920 0.995492578 0.021555196 -0.092358150 0.427851677
-0.090569884 0.031985834 -0.995376289 -61.849323273 -0.018943964 0.999248087 0.033833973 0.852816820 0.995710015 0.021920707 -0.089895822 0.359423161
-0.086583167 0.032707885 -0.995707572 -62.518337250 -0.020053526 0.999201357 0.034566436 0.864625812 0.996042848 0.022960313 -0.085858084 0.295421124
-0.080877677 0.033584248 -0.996158063 -63.180263519 -0.020972615 0.999153733 0.035388000 0.876631141 0.996503472 0.023754131 -0.080104858 0.244595051
-0.074026130 0.034961574 -0.996643245 -63.818500519 -0.021704981 0.999092221 0.036659624 0.885181785 0.997020185 0.024345893 -0.073200062 0.186511040
-0.064789586 0.037202865 -0.997204959 -64.460403442 -0.021370912 0.999024093 0.038659204 0.888257980 0.997670293 0.023815887 -0.063931234 0.150452137
-0.052988350 0.038981609 -0.997833848 -65.083740234 -0.023173125 0.998920560 0.040254630 0.892611146 0.998326302 0.025255950 -0.052027825 0.113897562
-0.038313441 0.040337756 -0.998451173 -65.668464661 -0.025239583 0.998826921 0.041321453 0.903997779 0.998947024 0.026783653 -0.037250370 0.090664625
-0.019695397 0.041616909 -0.998939455 -66.268539429 -0.026866471 0.998750269 0.042138748 0.912851810 0.999445081 0.027667912 -0.018552657 0.081026077
0.002027623 0.042398624 -0.999098718 -66.820228577 -0.028127447 0.998707771 0.042324971 0.921157360 0.999602318 0.028016267 0.003217600 0.089706734
0.028005138 0.042823046 -0.998690128 -67.372161865 -0.029068891 0.998694241 0.042008094 0.935116649 0.999185026 0.027854361 0.029213421 0.120974541
0.057085402 0.042573281 -0.997461081 -67.884597778 -0.028870154 0.998743057 0.040975738 0.937751532 0.997951806 0.026457731 0.058242783 0.165759087
0.091615997 0.042726364 -0.994877219 -68.383750916 -0.024332512 0.998876750 0.040657409 0.937497020 0.995496988 0.020482982 0.092552774 0.211405754
0.128933832 0.042927053 -0.990723670 -68.854431152 -0.025164410 0.998882592 0.040005643 0.951237082 0.991333783 0.019772884 0.129870027 0.300225258
0.168803826 0.042712606 -0.984723747 -69.300781250 -0.026224377 0.998901665 0.038832121 0.950210333 0.985300601 0.019268744 0.169738546 0.425976753
0.214330807 0.043651283 -0.975785255 -69.754150391 -0.023482982 0.998942554 0.039529178 0.957872152 0.976478696 0.014442014 0.215129197 0.526586533
0.260760516 0.042123146 -0.964483976 -70.168098450 -0.021324873 0.999055505 0.037867557 0.970817804 0.965167820 0.010693130 0.261412412 0.721160889
0.311302394 0.037372023 -0.949575663 -70.589805603 -0.013001277 0.999300718 0.035066772 0.960178852 0.950221837 0.001429328 0.311570466 0.867446899
0.361172557 0.032325108 -0.931938589 -70.982139587 -0.007806752 0.999468684 0.031641945 0.955532789 0.932466209 -0.004152786 0.361232907 1.108381271
0.413812429 0.027925970 -0.909933746 -71.369789124 -0.002437032 0.999559641 0.029568305 0.950318813 0.910358965 -0.010018194 0.413698107 1.299760818
0.463173211 0.026535746 -0.885870457 -71.734497070 -0.002579152 0.999587774 0.028593577 0.969593644 0.886264086 -0.010958984 0.463050544 1.594503403
0.512018442 0.024736378 -0.858618200 -72.094696045 -0.000293513 0.999590218 0.028622670 0.989808202 0.858974516 -0.014403316 0.511815548 1.821044922
0.557136536 0.020648435 -0.830164254 -72.432479858 0.006988471 0.999538720 0.029551305 0.994518757 0.830391586 -0.022265688 0.556734800 2.096542358
0.600049794 0.013969217 -0.799840748 -72.737747192 0.017660256 0.999372423 0.030702954 0.975796223 0.799767792 -0.032548692 0.599426150 2.432430267
0.642783344 0.009238569 -0.765992403 -73.046951294 0.019381519 0.999411047 0.028317809 0.972498894 0.765803039 -0.033048321 0.642225385 2.702915192
0.683405399 0.003433842 -0.730031133 -73.322814941 0.016883656 0.999647141 0.020507336 0.993481040 0.729843974 -0.026340425 0.683105946 3.057243347
0.724099457 -0.001935866 -0.689692795 -73.589935303 0.013356507 0.999847829 0.011216344 0.979889154 0.689566553 -0.017333664 0.724014759 3.341129303
0.762760401 -0.005587124 -0.646657109 -73.852859497 0.009484053 0.999951541 0.002547256 0.984037459 0.646611929 -0.008075880 0.762776315 3.757400513
0.800047040 -0.006807935 -0.599898696 -74.094543457 0.008018062 0.999967456 -0.000654931 0.990436733 0.599883914 -0.004286054 0.800075471 4.114006042
0.834011555 -0.008387258 -0.551683068 -74.324386597 0.008631276 0.999960244 -0.002154035 0.985657573 0.551679492 -0.002965245 0.834050834 4.531181335
0.864374161 -0.008435407 -0.502778351 -74.560050964 0.006722569 0.999963641 -0.005219581 0.988506138 0.502804339 0.001131700 0.864399314 5.040508270
0.890668690 -0.006660256 -0.454604149 -74.755813599 0.005424125 0.999976933 -0.004023309 0.965260208 0.454620779 0.001117596 0.890684247 5.486984253
0.912014961 -0.001681289 -0.410152853 -74.979942322 0.000225103 0.999993026 -0.003598646 0.966335416 0.410156846 0.003189685 0.912009180 6.005022049
0.929529011 0.004057284 -0.368726701 -75.162208557 -0.006118847 0.999971509 -0.004421910 0.958697319 0.368698299 0.006366478 0.929527402 6.482183456
0.943216443 0.008524005 -0.332069159 -75.337402344 -0.010310271 0.999940395 -0.003617679 0.956234992 0.332018495 0.006835978 0.943248153 7.033445358
0.953383505 0.009107362 -0.301623523 -75.506225586 -0.010018613 0.999948800 -0.001474293 0.948056340 0.301594794 0.004427419 0.953425884 7.614549637
0.960910618 0.008184139 -0.276737452 -75.651573181 -0.008578379 0.999963224 -0.000213975 0.931355715 0.276725650 0.002579574 0.960945547 8.161312103
0.966870427 0.008343565 -0.255130619 -75.811637878 -0.008164199 0.999965250 0.001762079 0.925359488 0.255136669 0.000379245 0.966904998 8.767972946
0.971464574 0.010454318 -0.236954361 -75.955154419 -0.009675055 0.999943376 0.004451284 0.922595203 0.236987442 -0.002031718 0.971510530 9.369192123
0.975082397 0.015080506 -0.221329957 -76.097183228 -0.014014020 0.999881446 0.006388165 0.916387439 0.221400037 -0.003127264 0.975177944 9.996002197
0.978064418 0.016875416 -0.207617685 -76.250076294 -0.015802015 0.999851882 0.006827567 0.918770909 0.207702160 -0.003397022 0.978186131 10.645022392
0.980748951 0.016207417 -0.194599330 -76.375602722 -0.015118024 0.999860764 0.007082100 0.903552115 0.194687024 -0.004003804 0.980857193 11.287343979
0.983349204 0.016463403 -0.180977985 -76.490043640 -0.015528873 0.999857843 0.006579553 0.899730921 0.181060553 -0.003659615 0.983465075 11.965169907
0.985971153 0.017794119 -0.165963069 -76.604652405 -0.016837124 0.999832749 0.007171564 0.892763793 0.166062891 -0.004276616 0.986105800 12.671493530
0.988131523 0.022239087 -0.151991487 -76.711029053 -0.021292813 0.999742389 0.007850770 0.893649697 0.152126983 -0.004521265 0.988350570 13.372632027
0.990007520 0.022389658 -0.139225274 -76.808753967 -0.021847013 0.999746561 0.005424747 0.881563485 0.139311463 -0.002328880 0.990245879 14.087470055
0.991419137 0.024139881 -0.128473446 -76.896224976 -0.024302863 0.999704599 0.000299026 0.869866908 0.128442734 0.002825818 0.991712987 14.818074226
0.992738187 0.020253778 -0.118577681 -76.998100281 -0.021108566 0.999759376 -0.005957168 0.851643920 0.118428513 0.008416919 0.992926955 15.554019928
0.993643999 0.020692687 -0.110649183 -77.070526123 -0.021530868 0.999747753 -0.006385604 0.843852580 0.110489115 0.008727397 0.993839145 16.319107056
0.994353831 0.020749321 -0.104065970 -77.154777527 -0.020931900 0.999780655 -0.000662696 0.834188163 0.104029343 0.002837268 0.994570494 17.083854675
0.994771063 0.025967710 -0.098773539 -77.233383179 -0.025387073 0.999652267 0.007130941 0.826027691 0.098924346 -0.004586082 0.995084286 17.840404510
0.995238185 0.024970945 -0.094220102 -77.319519043 -0.024057282 0.999651909 0.010820705 0.815799356 0.094457492 -0.008502496 0.995492339 18.619543076
0.995592952 0.024468048 -0.090532005 -77.396751404 -0.023608865 0.999665499 0.010549250 0.799271166 0.090759814 -0.008365399 0.995837569 19.383579254
0.996553600 0.024076315 -0.079380848 -77.468055725 -0.023333523 0.999674618 0.010271871 0.789103091 0.079602286 -0.008384230 0.996791303 20.165681839
0.996748328 0.023041226 -0.077213742 -77.532096863 -0.022158261 0.999679089 0.012272742 0.787956893 0.077471726 -0.010521905 0.996939003 20.929529190
0.996985495 0.022027463 -0.074395776 -77.589523315 -0.020992009 0.999671996 0.014671561 0.784795523 0.074694529 -0.013065616 0.997120738 21.694717407
0.997262955 0.019801360 -0.071234994 -77.649642944 -0.018661408 0.999687493 0.016632810 0.777075350 0.071542084 -0.015257939 0.997320652 22.471033096
0.996838629 0.018643323 -0.077233002 -77.714248657 -0.017726241 0.999764204 0.012542778 0.763332069 0.077448681 -0.011134079 0.996933699 23.207164764
0.996900201 0.021352047 -0.075725906 -77.782531738 -0.021016106 0.999765456 0.005230416 0.753478765 0.075819843 -0.003622737 0.997114837 23.961601257
0.997033477 0.021080231 -0.074028596 -77.852149963 -0.021286830 0.999771476 -0.002002922 0.735554039 0.073969461 0.003572815 0.997254014 24.729692459
0.997144163 0.021577384 -0.072376050 -77.914924622 -0.022063358 0.999739230 -0.005921829 0.714378417 0.072229400 0.007501777 0.997359812 25.482034683
0.997287631 0.023345828 -0.069803521 -77.990081787 -0.023739478 0.999706805 -0.004815108 0.709124744 0.069670662 0.006459151 0.997549117 26.260961533
0.997365296 0.026235111 -0.067632958 -78.049095154 -0.026383929 0.999651074 -0.001307913 0.695589364 0.067575030 0.003088892 0.997709394 27.019737244
0.997401595 0.030008141 -0.065495878 -78.109619141 -0.029847324 0.999548614 0.003432739 0.680817604 0.065569296 -0.001468939 0.997846961 27.780914307
0.997638583 0.027591953 -0.062896170 -78.154289246 -0.027294438 0.999611855 0.005584846 0.667574108 0.063025832 -0.003854939 0.998004377 28.539947510
0.997793674 0.024680672 -0.061633345 -78.197006226 -0.024368055 0.999686241 0.005818933 0.648579001 0.061757572 -0.004304197 0.998081863 29.286663055
0.997906446 0.023315443 -0.060323954 -78.240104675 -0.023033071 0.999720395 0.005372126 0.635695100 0.060432315 -0.003971432 0.998164475 30.032089233
0.997964501 0.023129614 -0.059428576 -78.285842896 -0.022922797 0.999728620 0.004159659 0.626820803 0.059508644 -0.002788922 0.998223960 30.791681290
0.998040080 0.021876279 -0.058627628 -78.339576721 -0.021731498 0.999758959 0.003106116 0.607917607 0.058681436 -0.001825960 0.998275161 31.551433563
0.998103797 0.021347744 -0.057730518 -78.379020691 -0.021215659 0.999770820 0.002899877 0.592300117 0.057779185 -0.001669586 0.998327911 32.310554504
0.998115063 0.022285152 -0.057175942 -78.450378418 -0.022101765 0.999748468 0.003837746 0.592078507 0.057247058 -0.002566820 0.998356581 33.088829041
0.998135149 0.021998191 -0.056941204 -78.499557495 -0.021853795 0.999756038 0.003157374 0.578001261 0.056996766 -0.001907103 0.998372376 33.861751556
0.998057187 0.021952447 -0.058309503 -78.552688599 -0.021820381 0.999757648 0.002900678 0.568123460 0.058359042 -0.001622704 0.998294234 34.628265381
0.997945666 0.021383032 -0.060392696 -78.602615356 -0.021223456 0.999769390 0.003282562 0.553707004 0.060448963 -0.001994074 0.998169243 35.431762695
0.997764766 0.021188220 -0.063376158 -78.665161133 -0.021012451 0.999773324 0.003438658 0.543965816 0.063434631 -0.002099281 0.997983932 36.220542908
0.997506857 0.024041990 -0.066349499 -78.734672546 -0.023898076 0.999710262 0.002961861 0.532963336 0.066401459 -0.001368847 0.997792363 37.012836456
0.997346342 0.024186775 -0.068668522 -78.802955627 -0.024338821 0.999702752 -0.001378346 0.516390741 0.068614781 0.003046001 0.997638524 37.802627563
0.997152269 0.024895078 -0.071187980 -78.873039246 -0.025331695 0.999665320 -0.005236998 0.507048905 0.071033776 0.007025398 0.997449160 38.606784821
0.997009873 0.025107810 -0.073083624 -78.933845520 -0.025649946 0.999650002 -0.006488921 0.490023732 0.072895132 0.008344112 0.997304618 39.427978516
0.996872962 0.024395822 -0.075164936 -79.005790710 -0.024883872 0.999674857 -0.005563335 0.476620942 0.075004779 0.007416333 0.997155547 40.246578217
0.996713161 0.023912009 -0.077403694 -79.073265076 -0.024334084 0.999693811 -0.004514320 0.451403022 0.077272013 0.006383035 0.996989489 41.071838379
0.996579230 0.024035871 -0.079073563 -79.156044006 -0.024344089 0.999699473 -0.002936101 0.434563428 0.078979194 0.004851034 0.996864438 41.913398743
0.996538937 0.021723891 -0.080245718 -79.229286194 -0.021740263 0.999763668 0.000669759 0.425624728 0.080241241 0.001077128 0.996774852 42.741302490
0.996473730 0.020825323 -0.081279375 -79.305076599 -0.020437116 0.999775410 0.005605346 0.408107847 0.081377819 -0.003924467 0.996675611 43.588489532
0.996521235 0.021891773 -0.080411702 -79.389686584 -0.021346034 0.999742925 0.007640316 0.401127279 0.080558285 -0.005897268 0.996732473 44.433387756
0.996628106 0.023452552 -0.078627504 -79.457237244 -0.022904394 0.999706626 0.007866355 0.393794060 0.078788921 -0.006038915 0.996873021 45.307537079
0.996744215 0.024612986 -0.076780073 -79.522186279 -0.024151515 0.999684095 0.006933250 0.373809457 0.076926492 -0.005056318 0.997023821 46.176982880
0.996955335 0.022036185 -0.074796416 -79.592590332 -0.021761538 0.999753177 0.004485050 0.371291548 0.074876800 -0.002843709 0.997188628 47.049243927
0.997141600 0.018733079 -0.073196813 -79.656608582 -0.018525714 0.999822199 0.003511001 0.342094719 0.073249608 -0.002144943 0.997311234 47.922664642
0.997286081 0.018231625 -0.071330041 -79.725639343 -0.018078884 0.999832809 0.002786609 0.337722927 0.071368933 -0.001489483 0.997448742 48.793537140
0.997398853 0.016427971 -0.070182756 -79.788635254 -0.016152393 0.999859393 0.004492402 0.330656171 0.070246682 -0.003347098 0.997524023 49.669284821
0.997513235 0.012197010 -0.069416210 -79.849029541 -0.011710593 0.999903858 0.007409955 0.319151819 0.069499917 -0.006578624 0.997560263 50.542991638
0.997606754 0.010335855 -0.068365492 -79.917961121 -0.009819931 0.999920547 0.007878369 0.302866906 0.068441495 -0.007188172 0.997629285 51.397602081
0.997638941 0.013083329 -0.067419901 -79.980003357 -0.012765746 0.999905109 0.005139271 0.285663992 0.067480758 -0.004266475 0.997711420 52.274917603
0.997607350 0.017475102 -0.066891789 -80.067504883 -0.017526537 0.999845803 -0.000181934 0.264277101 0.066878319 0.001353873 0.997760355 53.140670776
0.997665942 0.018070016 -0.065849863 -80.135681152 -0.018562851 0.999804020 -0.006880002 0.257753909 0.065712638 0.008086305 0.997805893 53.993118286
0.997594416 0.024200408 -0.064962544 -80.207725525 -0.025062647 0.999607742 -0.012490730 0.225225985 0.064634770 0.014088815 0.997809529 54.854820251
0.997661233 0.023650376 -0.064132825 -80.262107849 -0.024523161 0.999616444 -0.012856034 0.196066678 0.063804172 0.014398704 0.997858584 55.701988220
0.997740090 0.020854479 -0.063876130 -80.315925598 -0.021397309 0.999740362 -0.007825910 0.181180835 0.063696317 0.009174998 0.997927129 56.567298889
0.997731268 0.020160446 -0.064235166 -80.378578186 -0.020071553 0.999796450 0.002028790 0.150521100 0.064262964 -0.000734891 0.997932673 57.425491333
0.997738838 0.014112549 -0.065714233 -80.441680908 -0.013568630 0.999869823 0.008715834 0.158957005 0.065828666 -0.007804479 0.997800529 58.276828766
0.997580647 0.014192754 -0.068055220 -80.512794495 -0.013642238 0.999870360 0.008547259 0.122569442 0.068167739 -0.007598153 0.997644961 59.126163483
0.997492254 0.009306242 -0.070163660 -80.570724487 -0.008945107 0.999944985 0.005459540 0.097589135 0.070210651 -0.004818223 0.997520626 59.961326599
0.997321367 0.006330451 -0.072871074 -80.636077881 -0.006076123 0.999974549 0.003711290 0.098267436 0.072892748 -0.003258572 0.997334599 60.797939301
0.997099519 0.008575580 -0.075625032 -80.701828003 -0.008480013 0.999962628 0.001584772 0.074047737 0.075635850 -0.000938873 0.997135222 61.626213074
0.996816099 0.010258746 -0.079073459 -80.782836914 -0.010442925 0.999943554 -0.001915972 0.058678091 0.079049394 0.002735633 0.996867120 62.450042725
0.996503770 0.012896059 -0.082549728 -80.865646362 -0.013432621 0.999891758 -0.005947659 0.034201473 0.082464196 0.007035731 0.996569574 63.256206512
0.996216297 0.016361114 -0.085354395 -80.944671631 -0.017238036 0.999805689 -0.009546994 -0.001178145 0.085181624 0.010982212 0.996305048 64.060768127
0.995840788 0.020585090 -0.088753559 -81.032745361 -0.021529255 0.999721050 -0.009693790 -0.018123507 0.088529281 0.011564268 0.996006429 64.874862671
0.995449722 0.024606194 -0.092055567 -81.122116089 -0.025430370 0.999646127 -0.007790535 -0.047558904 0.091831297 0.010096092 0.995723426 65.675209045
0.995054662 0.025442747 -0.096014060 -81.212135315 -0.025810797 0.999663353 -0.002592888 -0.052765116 0.095915765 0.005058260 0.995376468 66.489738464
0.994650304 0.025785353 -0.100029387 -81.285263062 -0.025547087 0.999667048 0.003662355 -0.066580772 0.100090504 -0.001087303 0.994977772 67.288269043
0.994136095 0.024619944 -0.105295978 -81.381874084 -0.024075489 0.999689579 0.006438816 -0.088392287 0.105421811 -0.003866006 0.994420111 68.109588623
0.993401051 0.025076050 -0.111917958 -81.495872498 -0.024396012 0.999674857 0.007441751 -0.104331255 0.112068169 -0.004662290 0.993689537 68.892494202
0.992863178 0.020657547 -0.117457181 -81.582397461 -0.019451261 0.999746203 0.011407132 -0.105829656 0.117662974 -0.009041022 0.993012309 69.666625977
0.992106915 0.021045294 -0.123615637 -81.698867798 -0.019683680 0.999731421 0.012226035 -0.119756937 0.123839743 -0.009696323 0.992254853 70.455093384
0.991260231 0.026167503 -0.129298866 -81.814346313 -0.024862280 0.999622405 0.011698698 -0.124347925 0.129556149 -0.008381788 0.991536736 71.221656799
0.990270555 0.030611042 -0.135746792 -81.921401978 -0.029808030 0.999523938 0.007944633 -0.145024419 0.135925397 -0.003820987 0.990711868 71.987312317
0.989521563 0.029401593 -0.141361058 -82.053382874 -0.029046593 0.999567270 0.004574511 -0.158491880 0.141434506 -0.000420512 0.989947796 72.762306213
0.988715708 0.030275367 -0.146712735 -82.177810669 -0.030105656 0.999541044 0.003377615 -0.171386480 0.146747574 0.001077380 0.989173532 73.522430420
0.987960219 0.031609330 -0.151444331 -82.294586182 -0.030774010 0.999495566 0.007856915 -0.180084169 0.151616216 -0.003101772 0.988434553 74.288009644
0.986991107 0.032005500 -0.157556593 -82.428115845 -0.030427758 0.999459922 0.012416409 -0.191439033 0.157868788 -0.007460794 0.987431943 75.048881531
0.986091316 0.030289950 -0.163420826 -82.568855286 -0.028325928 0.999495924 0.014335595 -0.194504142 0.163772568 -0.009507165 0.986452281 75.797424316
0.984837115 0.031480264 -0.170601502 -82.708381653 -0.029985812 0.999486029 0.011330230 -0.204790592 0.170870543 -0.006042807 0.985275030 76.543182373
0.983300388 0.030557420 -0.179406419 -82.858055115 -0.030458819 0.999530613 0.003304803 -0.210769594 0.179423213 0.002214895 0.983769536 77.311065674
0.981707513 0.027124967 -0.188452870 -83.007514954 -0.027322147 0.999625444 0.001551817 -0.226216540 0.188424408 0.003625507 0.982081056 78.045631409
0.979739547 0.024651833 -0.198752001 -83.159439087 -0.024175223 0.999696076 0.004824591 -0.242683262 0.198810503 0.000078032 0.980038047 78.776077271
0.977370143 0.024781885 -0.210079178 -83.329223633 -0.023147821 0.999679744 0.010234000 -0.244259059 0.210265473 -0.005139530 0.977630734 79.515533447
0.974856794 0.024172124 -0.221516967 -83.510551453 -0.020654984 0.999621272 0.018180642 -0.243286967 0.221872538 -0.013148095 0.974986970 80.234107971
0.972174287 0.027113525 -0.232683524 -83.694145203 -0.022544390 0.999497652 0.022274168 -0.258570194 0.233170569 -0.016408669 0.972297311 80.968208313
0.969241261 0.028321777 -0.244476914 -83.883911133 -0.024660358 0.999533236 0.018025108 -0.260491967 0.244873315 -0.011441791 0.969487429 81.689407349
0.966199577 0.029310962 -0.256122887 -84.100784302 -0.027944503 0.999569058 0.008973692 -0.261102378 0.256275594 -0.001513149 0.966602445 82.391143799
0.962842345 0.027620465 -0.268647194 -84.307670593 -0.027666591 0.999610364 0.003614953 -0.275795758 0.268642515 0.003951929 0.963231802 83.103828430
0.959424913 0.026503079 -0.280716121 -84.508773804 -0.025252678 0.999648511 0.008071224 -0.275104642 0.280831426 -0.000654900 0.959756911 83.801963806
0.955998600 0.027858688 -0.292045355 -84.741378784 -0.024190050 0.999576688 0.016166117 -0.292894959 0.292372108 -0.008390192 0.956267774 84.528541565
0.952231169 0.029083122 -0.303990394 -84.975387573 -0.023458550 0.999479592 0.022138976 -0.296334982 0.304476082 -0.013950247 0.952417910 85.238517761
0.948083758 0.025684042 -0.316981941 -85.210052490 -0.020260766 0.999586642 0.020394012 -0.304874659 0.317374647 -0.012912931 0.948212326 85.942802429
0.944139898 0.024621528 -0.328624278 -85.464385986 -0.020579528 0.999663651 0.015772764 -0.298508644 0.328902096 -0.008128757 0.944329023 86.657974243
0.941142917 0.018552525 -0.337499052 -85.748870850 -0.016679185 0.999825001 0.008449785 -0.301038682 0.337596744 -0.002323236 0.941288054 87.366302490
0.938516378 0.014704373 -0.344921470 -86.021240234 -0.014922272 0.999886632 0.002023383 -0.297046900 0.344912052 0.003248034 0.938629270 88.063667297
0.935726941 0.014457097 -0.352429569 -86.291419983 -0.015459116 0.999880433 -0.000028759 -0.311156839 0.352386981 0.005475156 0.935838163 88.768386841
0.932747304 0.018367343 -0.360063404 -86.578811646 -0.019640544 0.999807119 0.000122596 -0.317697167 0.359996170 0.006957486 0.932927668 89.455581665
0.929719567 0.019066626 -0.367774874 -86.874542236 -0.019821886 0.999801993 0.001724052 -0.332972765 0.367734909 0.005687103 0.929912984 90.166923523
0.926566064 0.020423338 -0.375578076 -87.152130127 -0.018407537 0.999790370 0.008954916 -0.344373107 0.375682145 -0.001383856 0.926746905 90.873107910
0.923668742 0.023853373 -0.382448614 -87.439682007 -0.018826135 0.999680281 0.016882349 -0.353465676 0.382728904 -0.008393671 0.923822522 91.585647583
0.921008110 0.030613229 -0.388338834 -87.750305176 -0.022670582 0.999430001 0.025019361 -0.366621256 0.388883293 -0.014239162 0.921176851 92.280067444
0.918412268 0.038259774 -0.393770814 -88.089508057 -0.031961940 0.999234855 0.022541719 -0.362714052 0.394331872 -0.008116907 0.918932140 92.978202820
0.916007519 0.036852915 -0.399465084 -88.397987366 -0.034031201 0.999320388 0.014156541 -0.355318069 0.399715275 0.000626782 0.916639030 93.666397095
0.914097071 0.029401023 -0.404429287 -88.714523315 -0.029302629 0.999549687 0.006434639 -0.369333208 0.404436320 0.005968965 0.914546371 94.355049133
0.912333369 0.030539155 -0.408307731 -89.030944824 -0.031075761 0.999502897 0.005320797 -0.366598129 0.408267170 0.007834135 0.912828922 95.048202515
0.910250783 0.035870750 -0.412500858 -89.378013611 -0.034597836 0.999345541 0.010556528 -0.368525386 0.412609518 0.004662553 0.910896242 95.748466492
0.907888532 0.036951706 -0.417579949 -89.711059570 -0.033758208 0.999316931 0.015033718 -0.381841421 0.417850137 0.000447813 0.908515930 96.464179993
0.905384243 0.034047663 -0.423225880 -90.033393860 -0.030980360 0.999420047 0.014126732 -0.402521849 0.423461348 0.000321570 0.905914307 97.154647827
0.903318286 0.032963872 -0.427702606 -90.375183105 -0.032914363 0.999429882 0.007512105 -0.397387505 0.427706331 0.007291740 0.903888404 97.839370728
0.901029348 0.030266354 -0.432701051 -90.725601196 -0.033302024 0.999444902 0.000562686 -0.413717568 0.432477802 0.013902840 0.901537657 98.542106628
