0.999999881 -0.000000000 0.000000000 0.000000000 -0.000000000 1.000000000 0.000000000 0.000000000 0.000000000 0.000000000 1.000000000 0.000000000
0.999999106 0.001219327 0.000115070 -0.018059777 -0.001219410 0.999998987 0.000725574 -0.017801758 -0.000114185 -0.000725714 0.999999702 0.794718862
0.999984503 0.005497301 0.000744673 -0.017121013 -0.005498125 0.999984264 0.001108179 -0.036503948 -0.000738569 -0.001112256 0.999999106 1.549689531
0.999975860 0.006855174 0.001075670 -0.020154374 -0.006856836 0.999975324 0.001548702 -0.054870687 -0.001065024 -0.001556041 0.999998271 2.300562620
0.999965191 0.008267498 0.001073856 -0.025085645 -0.008269180 0.999964476 0.001570045 -0.068098195 -0.001060840 -0.001578871 0.999998212 3.029812098
0.999962032 0.008595966 0.001335359 -0.023206260 -0.008598309 0.999961317 0.001759826 -0.093658112 -0.001320183 -0.001771242 0.999997556 3.753599167
0.999960959 0.008588191 0.002009949 -0.036133613 -0.008592810 0.999960244 0.002301075 -0.109858438 -0.001990109 -0.002318259 0.999995351 4.448753834
0.999953568 0.009315264 0.002403108 -0.039188221 -0.009326876 0.999944508 0.004869912 -0.119712807 -0.002357607 -0.004892102 0.999985397 5.128214836
0.999947608 0.009319941 0.004177260 -0.045741230 -0.009358733 0.999912322 0.009363774 -0.135333329 -0.004089626 -0.009402379 0.999947488 5.770564556
0.999944985 0.008890695 0.005535149 -0.045178562 -0.008959200 0.999882042 0.012476117 -0.140581831 -0.005423576 -0.012525026 0.999906957 6.408972740
0.999940276 0.008640345 0.006668786 -0.042903692 -0.008740087 0.999848127 0.015074044 -0.149602801 -0.006537529 -0.015131433 0.999864221 7.023646355
0.999935567 0.007912355 0.008127945 -0.044519622 -0.008033554 0.999855399 0.014986839 -0.174576968 -0.008008187 -0.015051173 0.999854803 7.619313240
0.999919116 0.008906932 0.009072637 -0.039181300 -0.009022255 0.999877989 0.012750382 -0.182448328 -0.008957959 -0.012831211 0.999877632 8.168509483
0.999916315 0.008369452 0.009855977 -0.041157603 -0.008464198 0.999917984 0.009610564 -0.190094441 -0.009774731 -0.009693183 0.999905288 8.687770844
0.999916315 0.006677297 0.011075800 -0.028119452 -0.006766253 0.999945045 0.008013450 -0.190814570 -0.011021680 -0.008087719 0.999906540 9.186176300
0.999907255 0.003992990 0.013013273 -0.024614230 -0.004071068 0.999973893 0.005978844 -0.220353991 -0.012989059 -0.006031268 0.999897480 9.655552864
0.999883413 0.001343712 0.015201805 -0.027339548 -0.001420967 0.999986112 0.005072291 -0.246124640 -0.015194776 -0.005093302 0.999871552 10.099266052
0.999838173 0.005329798 0.017176714 -0.020660058 -0.005385247 0.999980509 0.003183606 -0.232729405 -0.017159410 -0.003275591 0.999847412 10.505660057
0.999754429 0.009249361 0.020132624 -0.020185560 -0.009292793 0.999954700 0.002064903 -0.235184923 -0.020112615 -0.002251484 0.999795139 10.894430161
0.999677539 0.010584237 0.023070477 0.003035009 -0.010646490 0.999939859 0.002577611 -0.235876977 -0.023041824 -0.002822399 0.999730468 11.236489296
0.999625266 0.006536087 0.026579019 0.014474988 -0.006625407 0.999972582 0.003273784 -0.254196107 -0.026556894 -0.003448654 0.999641359 11.553042412
0.999573290 0.001804295 0.029149786 0.020496875 -0.001908818 0.999991775 0.003558184 -0.271985769 -0.029143129 -0.003612306 0.999568760 11.842187881
0.999498308 -0.002051421 0.031605508 0.034172773 0.001901204 0.999986589 0.004782026 -0.280270278 -0.031614900 -0.004719536 0.999489009 12.098821640
0.999416113 -0.003239671 0.034013137 0.041922748 0.003043102 0.999978244 0.005829208 -0.274740338 -0.034031291 -0.005722296 0.999404430 12.330912590
0.999353588 -0.001878299 0.035899054 0.054119319 0.001708740 0.999987006 0.004753209 -0.284536779 -0.035907526 -0.004688792 0.999344110 12.533783913
0.999272227 -0.001205377 0.038124405 0.059539229 0.001072600 0.999993086 0.003502844 -0.287992418 -0.038128376 -0.003459400 0.999266922 12.718963623
0.999177039 0.000480835 0.040555283 0.070054829 -0.000590368 0.999995887 0.002688757 -0.286626041 -0.040553838 -0.002710484 0.999173760 12.899083138
0.999091387 0.003916378 0.042439044 0.066239595 -0.004009609 0.999989390 0.002111820 -0.296743751 -0.042430349 -0.002280063 0.999096870 13.066125870
0.999037385 0.004993815 0.043583229 0.079197496 -0.005031836 0.999986649 0.000762635 -0.300340801 -0.043578863 -0.000981201 0.999049485 13.220808983
0.998956263 0.004449680 0.045462109 0.090425849 -0.004402626 0.999989271 -0.001135167 -0.307142138 -0.045466691 0.000933833 0.998965442 13.368626595
0.998884559 0.003471783 0.047094591 0.101643264 -0.003364251 0.999991179 -0.002362521 -0.319148540 -0.047102407 0.002201452 0.998887658 13.513836861
0.998831153 0.002681339 0.048261821 0.106272995 -0.002527796 0.999991179 -0.003242336 -0.329606742 -0.048270114 0.003116556 0.998829484 13.654760361
0.998760939 0.002983875 0.049675427 0.120141923 -0.002757494 0.999985099 -0.004625231 -0.322654843 -0.049688507 0.004482525 0.998754799 13.778163910
0.998689711 0.003942518 0.051023547 0.124721110 -0.003568047 0.999965370 -0.007428308 -0.325243294 -0.051051106 0.007236526 0.998669863 13.914587021
0.998646080 0.003987808 0.051862545 0.116807282 -0.003481094 0.999945521 -0.009856995 -0.324280620 -0.051899020 0.009663111 0.998605609 14.029227257
0.998599410 0.003176048 0.052808020 0.130935013 -0.002535917 0.999922633 -0.012184463 -0.329812765 -0.052842632 0.012033481 0.998530209 14.154799461
0.998628020 0.002254274 0.052313946 0.137260735 -0.001521754 0.999900341 -0.014038007 -0.334856331 -0.052340396 0.013939137 0.998531938 14.291014671
0.998736978 0.001896646 0.050202876 0.144366264 -0.001130220 0.999882460 -0.015290549 -0.344742298 -0.050225988 0.015214501 0.998621941 14.411581039
0.998888314 0.001805931 0.047101144 0.156832695 -0.001053773 0.999871552 -0.015988931 -0.343951970 -0.047123980 0.015921526 0.998762190 14.531980515
0.999065042 0.002402419 0.043160856 0.156568110 -0.001661415 0.999850631 -0.017196048 -0.346970677 -0.043195721 0.017108269 0.998920202 14.666567802
0.999283075 0.002701169 0.037759028 0.141291767 -0.002012358 0.999830961 -0.018268345 -0.348708659 -0.037801996 0.018179270 0.999119878 14.789319992
0.999511063 0.002626895 0.031148387 0.139935195 -0.002033669 0.999816179 -0.019061457 -0.354420185 -0.031192737 0.018988803 0.999333084 14.907364845
0.999712527 0.002646102 0.023820469 0.140795574 -0.002171595 0.999798954 -0.019923875 -0.357241124 -0.023868406 0.019866431 0.999517679 15.040659904
0.999872148 0.002560244 0.015779521 0.142052904 -0.002228794 0.999777257 -0.020986736 -0.356050789 -0.015829731 0.020948894 0.999655247 15.168878555
0.999980509 0.001699394 0.005961973 0.119318649 -0.001567126 0.999754131 -0.022119500 -0.362289101 -0.005998086 0.022109743 0.999737620 15.317772865
0.999975920 0.000357993 -0.006906129 0.117383026 -0.000521659 0.999718666 -0.023712054 -0.370425344 0.006895699 0.023715101 0.999695003 15.461208344
0.999738157 -0.000614463 -0.022863269 0.098727912 0.000030496 0.999673903 -0.025533542 -0.375482112 0.022871517 0.025526181 0.999412537 15.604821205
0.999108851 -0.000082693 -0.042202316 0.067616820 -0.001045096 0.999642849 -0.026700703 -0.376446664 0.042189475 0.026721042 0.998752236 15.787435532
0.997959733 0.000603090 -0.063840806 0.038588285 -0.002291179 0.999649465 -0.026372304 -0.380083263 0.063802525 0.026464792 0.997611582 15.979221344
0.996160746 0.001097812 -0.087535314 0.003455520 -0.003257989 0.999693215 -0.024538783 -0.392448783 0.087481596 0.024729799 0.995859087 16.170261383
0.993499160 0.001687673 -0.113826275 -0.057335615 -0.004298567 0.999733031 -0.022695992 -0.400699377 0.113757625 0.023037739 0.993241608 16.411754608
0.989589930 0.002833560 -0.143887028 -0.111041784 -0.005877433 0.999767661 -0.020733951 -0.404646814 0.143794894 0.021363799 0.989377022 16.629753113
0.984223604 0.003215243 -0.176899880 -0.185144186 -0.006396196 0.999827862 -0.017414350 -0.413249701 0.176813528 0.018271098 0.984074950 16.901033401
0.976930976 0.004298841 -0.213512212 -0.283774614 -0.007388093 0.999879241 -0.013672904 -0.414366424 0.213427782 0.014934927 0.976844907 17.163820267
0.967415750 0.005667751 -0.253129423 -0.383786201 -0.007950213 0.999936461 -0.007995008 -0.434125453 0.253068060 0.009746925 0.967399538 17.391048431
0.955600500 0.010934924 -0.294462383 -0.527184010 -0.012416920 0.999917865 -0.003163666 -0.430630505 0.294403791 0.006679503 0.955657899 17.700729370
0.941528261 0.014521728 -0.336620599 -0.665015697 -0.014944187 0.999887466 0.001335991 -0.437467486 0.336602211 0.003772650 0.941639543 17.968944550
0.925174534 0.017462719 -0.379139841 -0.832265377 -0.016110107 0.999847531 0.006739997 -0.435733199 0.379199833 -0.000127689 0.925314903 18.228246689
0.906045139 0.020548657 -0.422681868 -1.022475719 -0.015972737 0.999769211 0.014365176 -0.443814874 0.422879636 -0.006264106 0.906164348 18.558237076
0.884550571 0.024956301 -0.465776384 -1.238858223 -0.017240366 0.999634564 0.020819472 -0.440568656 0.466125786 -0.010385719 0.884657621 18.853960037
0.860056818 0.029974163 -0.509317219 -1.451239109 -0.019709380 0.999479473 0.025538867 -0.438809216 0.509817660 -0.011926551 0.860199928 19.103496552
0.832170606 0.033703879 -0.553494692 -1.705773830 -0.021133108 0.999353647 0.029080227 -0.439773798 0.554117084 -0.012502644 0.832344890 19.413482666
0.801940143 0.037604764 -0.596219897 -1.950950623 -0.023953928 0.999238312 0.030804936 -0.426439822 0.596924186 -0.010421904 0.802229881 19.649288177
0.768271744 0.040554930 -0.638838768 -2.237413406 -0.024786307 0.999127150 0.033618730 -0.428230703 0.639644444 -0.009993855 0.768605947 19.977577209
0.731907725 0.044812363 -0.679928482 -2.553183556 -0.026347784 0.998950005 0.037476256 -0.408359945 0.680894256 -0.009514552 0.732320249 20.227550507
0.693758965 0.046109393 -0.718729734 -2.879593849 -0.024380729 0.998879910 0.040548496 -0.393729806 0.719794691 -0.010607722 0.694106281 20.474735260
0.653169096 0.046632610 -0.755774617 -3.259666443 -0.022207808 0.998852253 0.042438082 -0.390449822 0.756886482 -0.010935144 0.653455138 20.746681213
0.610751331 0.045233123 -0.790529311 -3.632222176 -0.017439667 0.998893261 0.043681826 -0.364018083 0.791630566 -0.012892168 0.610864341 20.998905182
0.566861868 0.045776103 -0.822539926 -4.027183533 -0.012271185 0.998813391 0.047129277 -0.371720850 0.823721647 -0.016622251 0.566751003 21.212535858
0.520113826 0.047277857 -0.852787256 -4.473855019 -0.010656308 0.998748183 0.048870541 -0.345658123 0.854030848 -0.016330678 0.519966543 21.452585220
0.471511036 0.047199778 -0.880595922 -4.918463230 -0.009876375 0.998786449 0.048246492 -0.310186863 0.881805539 -0.014051653 0.471404731 21.637817383
0.419612586 0.046971180 -0.906487048 -5.433896542 -0.005184966 0.998767912 0.049352754 -0.293849230 0.907688498 -0.016008936 0.419339240 21.834211349
0.366623193 0.045931805 -0.929234862 -5.940005302 -0.000044036 0.998781443 0.049352091 -0.280528963 0.930369377 -0.018052701 0.366178423 21.976158142
0.312977910 0.044752475 -0.948705256 -6.427749157 0.002681587 0.998843670 0.048002250 -0.266265988 0.949756503 -0.017567681 0.312496006 22.097375870
0.259649336 0.049789939 -0.964418352 -7.030066967 0.003431482 0.998616040 0.052479297 -0.204209805 0.965696871 -0.016935598 0.259119093 22.226959229
0.208433166 0.055240698 -0.976475239 -7.613554478 0.006401810 0.998305082 0.057842106 -0.180710971 0.978015542 -0.018307425 0.207726225 22.333320618
0.159938678 0.056308895 -0.985519648 -8.142861366 0.011375835 0.998200297 0.058879599 -0.174639106 0.987061381 -0.020628233 0.159010276 22.377773285
0.114924379 0.057894368 -0.991685629 -8.804753304 0.014192657 0.998102725 0.059913743 -0.150991201 0.993272841 -0.020960206 0.113884643 22.425788879
0.075493798 0.057113726 -0.995509326 -9.416186333 0.014656990 0.998187125 0.058378853 -0.123247921 0.997038424 -0.018998412 0.074519776 22.462612152
0.039452489 0.052835479 -0.997823656 -10.119382858 0.011916433 0.998504996 0.053342748 -0.091463327 0.999150336 -0.013995001 0.038763970 22.465074539
0.011173107 0.052372020 -0.998565137 -10.762944221 0.009913845 0.998572469 0.052483357 -0.041506529 0.999888361 -0.010486023 0.010638013 22.424676895
-0.010729798 0.056545351 -0.998342454 -11.486829758 0.008275336 0.998370469 0.056458019 -0.022694290 0.999908030 -0.007655837 -0.011180152 22.425777435
-0.023840237 0.062526152 -0.997758567 -12.223157883 0.009232412 0.998013377 0.062321544 0.024623334 0.999673069 -0.007725955 -0.024370141 22.393497467
-0.031683646 0.065032013 -0.997380137 -12.964879990 0.009590834 0.997854888 0.064758308 0.050242424 0.999451876 -0.007513925 -0.032239392 22.361421585
-0.035984486 0.062417395 -0.997401357 -13.754731178 0.010719486 0.998014152 0.062069044 0.089827001 0.999294758 -0.008458099 -0.036582105 22.328403473
-0.035210632 0.058717288 -0.997653306 -14.526956558 0.018463321 0.998140275 0.058094319 0.152720749 0.999209285 -0.016374459 -0.036229271 22.304075241
0.019688012 0.053024594 -0.998398840 -15.355651855 0.026904300 0.998202980 0.053544704 0.147852659 0.999444187 -0.027915416 0.018226050 22.295452118
0.024974007 0.053246360 -0.998269022 -16.170757294 0.028472180 0.998137712 0.053951655 0.200638890 0.999282539 -0.029770285 0.023411462 22.329774857
0.029882252 0.051781870 -0.998211265 -17.043144226 0.026544873 0.998263955 0.052579258 0.281642258 0.999200881 -0.028068576 0.028455839 22.359210968
-0.016626902 0.050099626 -0.998606026 -17.891714096 0.032720331 0.998236239 0.049536284 0.265627801 0.999325991 -0.031851083 -0.018236844 22.236625671
-0.015052096 0.039647512 -0.999100387 -18.774862289 0.030430865 0.998768866 0.039175920 0.283792078 0.999423504 -0.029813809 -0.016240068 22.204572678
-0.014516242 0.030340958 -0.999434292 -19.684303284 0.023427211 0.999275446 0.029995896 0.353272319 0.999620080 -0.022978533 -0.015216527 22.186138153
-0.015602877 0.027687378 -0.999494851 -20.602088928 0.017285613 0.999474704 0.027416999 0.344477713 0.999728680 -0.016849101 -0.016073272 22.144807816
-0.019301392 0.033019170 -0.999268353 -21.562379837 0.007873109 0.999428570 0.032872435 0.381392062 0.999782503 -0.007232877 -0.019550335 22.125900269
-0.024452664 0.040771298 -0.998869240 -22.498546600 0.002849445 0.999166727 0.040713701 0.445851952 0.999696910 -0.001850663 -0.024548469 22.069581985
-0.028838851 0.050852746 -0.998289645 -23.493734360 0.001506122 0.998706162 0.050830454 0.435207963 0.999582946 -0.000037654 -0.028878130 22.017316818
-0.030516189 0.060556933 -0.997698069 -24.520877838 0.000125762 0.998163223 0.060581312 0.515963674 0.999534249 0.001723238 -0.030467760 21.990524292
-0.031503730 0.068293914 -0.997167528 -25.536418915 0.001965933 0.997665167 0.068265885 0.546895266 0.999501705 0.000190266 -0.031564444 21.960494995
-0.032793187 0.070246220 -0.996990263 -26.576442719 0.003722202 0.997528434 0.070161670 0.573643684 0.999455273 -0.001410174 -0.032973625 21.919961929
-0.034956049 0.067467786 -0.997108936 -27.550838470 0.002870025 0.997721434 0.067408614 0.651076317 0.999384880 -0.000505387 -0.035070043 21.869068146
-0.037785232 0.062830143 -0.997308731 -28.616502762 0.000722652 0.998022974 0.062847756 0.698098421 0.999285698 0.001654014 -0.037755948 21.848819733
-0.041945327 0.057421584 -0.997468531 -29.627857208 0.000358788 0.998347998 0.057457130 0.722522974 0.999119997 0.002052183 -0.041896649 21.780271530
-0.047284193 0.052173819 -0.997518063 -30.655935287 -0.000070115 0.998634696 0.052235600 0.767598510 0.998881698 0.002539859 -0.047215987 21.723075867
-0.053754531 0.049140871 -0.997344136 -31.740341187 -0.001759075 0.998782158 0.049306538 0.828199327 0.998552501 0.004404851 -0.053602632 21.665195465
-0.060245588 0.052120663 -0.996821642 -32.745437622 -0.000825186 0.998632908 0.052265231 0.855929375 0.998183191 0.003971312 -0.060120218 21.582212448
-0.066880576 0.057065312 -0.996127427 -33.831462860 -0.002367330 0.998351097 0.057351630 0.885435820 0.997758210 0.006193876 -0.066635244 21.485422134
-0.072703987 0.060247827 -0.995532095 -34.916267395 -0.004668173 0.998142183 0.060746696 0.951156139 0.997342765 0.009063844 -0.072287709 21.392543793
-0.076784633 0.062119298 -0.995110691 -35.936470032 -0.008085868 0.997985482 0.062922686 0.985824823 0.997015238 0.012877830 -0.076127701 21.307445526
-0.080080047 0.064232618 -0.994716644 -37.052726746 -0.012219229 0.997783184 0.065414362 1.035933018 0.996713936 0.017393054 -0.079117693 21.201343536
-0.081892677 0.064904682 -0.994525254 -38.077877045 -0.016331302 0.997655451 0.066453725 1.085318089 0.996508241 0.021683972 -0.080640741 21.106147766
-0.083596155 0.064676493 -0.994398415 -39.188507080 -0.017286235 0.997647285 0.066340990 1.126395941 0.996349812 0.022735262 -0.082281463 20.997678757
-0.084863938 0.064453810 -0.994305551 -40.278976440 -0.017534535 0.997654438 0.066167481 1.170311093 0.996238232 0.023049917 -0.083534703 20.908281326
-0.085813180 0.063507117 -0.994284987 -41.331958771 -0.019087769 0.997678459 0.065371290 1.223773241 0.996128380 0.024588397 -0.084401712 20.818096161
-0.086969189 0.062496267 -0.994248748 -42.452499390 -0.021768956 0.997672558 0.064615704 1.276466131 0.995973170 0.027263323 -0.085406296 20.703649521
-0.087560870 0.060384139 -0.994327247 -43.552341461 -0.025632095 0.997693896 0.062845774 1.323003769 0.995829403 0.030989518 -0.085811175 20.603506088
-0.087661736 0.055426873 -0.994607091 -44.592525482 -0.031065224 0.997812808 0.058343545 1.368558288 0.995665967 0.036012188 -0.085748181 20.494951248
-0.086927578 0.054377079 -0.994729340 -45.711521149 -0.032987494 0.997804523 0.057427909 1.419294119 0.995668471 0.037805703 -0.084942982 20.381168365
-0.084981501 0.058267504 -0.994677305 -46.805389404 -0.033039305 0.997574806 0.061260015 1.478028297 0.995834708 0.038069412 -0.082850315 20.296251297
-0.084086984 0.062369093 -0.994504511 -47.939834595 -0.033590235 0.997294605 0.065384209 1.515244246 0.995892227 0.038903587 -0.081764475 20.193140030
-0.082171053 0.061863054 -0.994696319 -49.002201080 -0.030634638 0.997443140 0.064564615 1.569611669 0.996147275 0.035777505 -0.080065802 20.110055923
-0.080103897 0.060626063 -0.994941056 -50.116371155 -0.030440535 0.997534215 0.063234910 1.619076014 0.996321738 0.035351887 -0.078060895 20.011350632
-0.075691640 0.061542969 -0.995230317 -51.264324188 -0.034770247 0.997323394 0.064316899 1.670840859 0.996525228 0.039472613 -0.073349193 19.894321442
-0.070111841 0.062512331 -0.995578289 -52.379653931 -0.040510349 0.997032940 0.065456517 1.717791796 0.996716201 0.044920519 -0.067371398 19.810588837
-0.064864941 0.062381007 -0.995942116 -53.527153015 -0.043787874 0.996904969 0.065293163 1.772247553 0.996932924 0.047845442 -0.061932623 19.710279465
-0.058542736 0.061297700 -0.996400833 -54.623092651 -0.045062628 0.996933520 0.063978061 1.831905127 0.997267306 0.048645899 -0.055600919 19.645195007
-0.052836884 0.060748145 -0.996753752 -55.777824402 -0.044729918 0.997002184 0.063134372 1.878500223 0.997600853 0.047920536 -0.049961239 19.582036972
-0.047495537 0.060394421 -0.997044027 -56.903068542 -0.042593319 0.997140229 0.062429234 1.924705744 0.997962892 0.045432542 -0.044787336 19.511119843
-0.041956905 0.061314426 -0.997236550 -58.012363434 -0.041877385 0.997130215 0.063069820 1.976805687 0.998241663 0.044407900 -0.039268829 19.472970963
-0.036907338 0.062802963 -0.997343302 -59.193370819 -0.039854333 0.997136772 0.064264789 2.020202160 0.998523712 0.042120297 -0.034298707 19.425050735
-0.031213474 0.063318513 -0.997505188 -60.343402863 -0.041816510 0.997034967 0.064597167 2.076272964 0.998637676 0.043728478 -0.028473172 19.385181427
-0.025170557 0.063329607 -0.997675359 -61.478633881 -0.041414645 0.997068644 0.064335965 2.123921871 0.998825014 0.042937744 -0.022474017 19.349317551
-0.020662339 0.059502196 -0.998014629 -62.644142151 -0.041332055 0.997323513 0.060316727 2.180205107 0.998931944 0.042496290 -0.018147696 19.313987732
0.022842957 0.056475893 -0.998142540 -63.775211334 -0.043681752 0.997506142 0.055440206 2.221165419 0.998784423 0.042334203 0.025252951 19.289997101
0.026343072 0.055261239 -0.998124182 -64.954772949 -0.044418778 0.997549355 0.054057088 2.271849632 0.998665392 0.042911444 0.028733155 19.315856934
-0.009084457 0.055579677 -0.998412848 -66.102890015 -0.040816054 0.997601449 0.055905886 2.315181255 0.999125123 0.041259132 -0.006794126 19.257387161
-0.006517514 0.055923965 -0.998413742 -67.257575989 -0.040155292 0.997614980 0.056141362 2.356449366 0.999172151 0.040457487 -0.004256323 19.241285324
-0.005763598 0.055320032 -0.998452008 -68.442237854 -0.042253789 0.997563422 0.055514708 2.403003216 0.999090314 0.042508341 -0.003412068 19.227308273
-0.004468454 0.056025587 -0.998419523 -69.591697693 -0.043467570 0.997474611 0.056167144 2.448637009 0.999044955 0.043649852 -0.002021866 19.208185196
-0.003742164 0.055973366 -0.998425186 -70.777320862 -0.043676890 0.997470438 0.056083530 2.493329048 0.999038696 0.043817978 -0.001287960 19.184627533
-0.002190964 0.054026585 -0.998537064 -71.958312988 -0.044497896 0.997545242 0.054070547 2.538194180 0.999007106 0.044551257 0.000218480 19.177537918
-0.001167086 0.052580506 -0.998615861 -73.133087158 -0.043821882 0.997654915 0.052581102 2.571645737 0.999038637 0.043822587 0.001139824 19.173402786
-0.001670101 0.052043587 -0.998643398 -74.324195862 -0.039715663 0.997853458 0.052068848 2.607439518 0.999209702 0.039748728 0.000400424 19.160476685
-0.001629036 0.052686762 -0.998609662 -75.495025635 -0.037532676 0.997904301 0.052710768 2.651796103 0.999293983 0.037566364 0.000351848 19.154737473
-0.000527523 0.055631381 -0.998450994 -76.646629333 -0.036739573 0.997776389 0.055613171 2.691211224 0.999324679 0.036711998 0.001517514 19.160413742
-0.000773816 0.059011370 -0.998256862 -77.835449219 -0.038487025 0.997515976 0.058997411 2.746518612 0.999258935 0.038465593 0.001499272 19.149120331
0.000250728 0.059490092 -0.998228729 -78.999877930 -0.040458988 0.997412324 0.059431281 2.784323692 0.999181330 0.040372439 0.002656982 19.145900726
0.000651356 0.057306387 -0.998356462 -80.191535950 -0.041782871 0.997486234 0.057229221 2.832113266 0.999126494 0.041676916 0.003044147 19.142265320
0.000975116 0.055107929 -0.998479903 -81.364471436 -0.042484175 0.997581184 0.055016834 2.878371477 0.999096572 0.042365942 0.003313975 19.134037018
0.001214752 0.054168042 -0.998531103 -82.524452209 -0.040418871 0.997718453 0.054074794 2.910439014 0.999182045 0.040293805 0.003401394 19.119668961
0.000982465 0.055702657 -0.998446882 -83.733108521 -0.038374793 0.997713923 0.055624004 2.948978424 0.999262869 0.038260553 0.003117787 19.128911972
0.000917600 0.058507383 -0.998286426 -84.897148132 -0.037817072 0.997574806 0.058430929 2.990178823 0.999284267 0.037698653 0.003127946 19.124317169
0.001810315 0.061012078 -0.998135209 -86.066238403 -0.038062628 0.997417867 0.060899217 3.037679195 0.999273717 0.037881412 0.004127915 19.124015808
0.001851443 0.061114956 -0.998128772 -87.254562378 -0.039593257 0.997352540 0.060993988 3.082100153 0.999214172 0.039406240 0.004266276 19.113883972
0.002049000 0.059387945 -0.998232603 -88.414573669 -0.039653495 0.997454584 0.059260264 3.117746353 0.999211252 0.039461978 0.004398726 19.110858917
0.002518834 0.057798881 -0.998325050 -89.601928711 -0.038829181 0.997581065 0.057657845 3.164109945 0.999242783 0.038618919 0.004757023 19.112648010
0.037025094 0.058449034 -0.997603595 -90.734901428 -0.037077598 0.997681081 0.057077497 3.219974279 0.998626292 0.034875441 0.039106391 19.106294632
0.037524395 0.061555289 -0.997397900 -91.880859375 -0.035094321 0.997566521 0.060245369 3.260078430 0.998679280 0.032742336 0.039593324 19.146524429
0.037662029 0.063936442 -0.997242928 -93.061698914 -0.033335738 0.997476101 0.062692419 3.305504084 0.998734236 0.030882718 0.039698344 19.184316635
0.003490543 0.065685980 -0.997834027 -94.234443665 -0.032015260 0.997336149 0.065541245 3.361829281 0.999481440 0.031717159 0.005584198 19.105230331
0.003924561 0.067521326 -0.997709990 -95.383842468 -0.034125801 0.997145712 0.067348905 3.424942255 0.999409974 0.033783339 0.006217578 19.112030029
0.004019936 0.066766478 -0.997760475 -96.548080444 -0.036381669 0.997117758 0.066576883 3.478220463 0.999330044 0.036032554 0.006437426 19.102941513
0.004279417 0.063064456 -0.998000205 -97.705482483 -0.039589636 0.997237444 0.062846564 3.515795946 0.999206960 0.039241515 0.006764293 19.086145401
0.004479632 0.060727876 -0.998144269 -98.860504150 -0.041302066 0.997313857 0.060491994 3.564981699 0.999136627 0.040954441 0.006975783 19.068893433
0.004537648 0.059534401 -0.998215854 -100.013313293 -0.041477222 0.997378349 0.059295911 3.600080490 0.999129057 0.041134160 0.006995069 19.076694489
0.004913542 0.059500497 -0.998216033 -101.158401489 -0.039283637 0.997469425 0.059262589 3.654459953 0.999215841 0.038922377 0.007238497 19.086334229
0.004616448 0.062221095 -0.998051643 -102.334556580 -0.039037902 0.997312844 0.061994452 3.705124140 0.999226987 0.038675651 0.007033022 19.096290588
0.005021068 0.064299695 -0.997917891 -103.471298218 -0.036904093 0.997262716 0.064071789 3.751971960 0.999306023 0.036505550 0.007380241 19.096733093
0.004568292 0.063151501 -0.997993410 -104.642311096 -0.041602749 0.997151673 0.062907822 3.799496412 0.999123693 0.041231874 0.007182546 19.077014923
0.004657279 0.063986883 -0.997939646 -105.817893982 -0.046311051 0.996893764 0.063703664 3.857463360 0.998916268 0.045918949 0.007606106 19.075630188
0.004704300 0.063426904 -0.997975230 -106.968757629 -0.049617846 0.996771991 0.063116506 3.912688732 0.998757303 0.049220469 0.007836216 19.071100235
0.003999006 0.060076699 -0.998185575 -108.156547546 -0.049502622 0.996981919 0.059805874 3.965229034 0.998766303 0.049173646 0.006960889 19.060943604
0.003184503 0.055169031 -0.998471975 -109.343826294 -0.051117703 0.997180700 0.054934666 4.012229919 0.998687685 0.050864652 0.005995636 19.055229187
0.002369289 0.054455910 -0.998513281 -110.501075745 -0.047153626 0.997411788 0.054283965 4.064685822 0.998884797 0.046954907 0.004930950 19.055870056
0.002061977 0.053647183 -0.998557687 -111.722084045 -0.041699238 0.997695982 0.053514782 4.108060837 0.999128222 0.041528743 0.004294267 19.055334091
0.001788284 0.055402543 -0.998462141 -112.906005859 -0.040912129 0.997632027 0.055283196 4.157277107 0.999161422 0.040750355 0.004050684 19.052293777
0.001099472 0.060177822 -0.998187006 -114.144042969 -0.040106948 0.997387171 0.060085434 4.206824303 0.999194860 0.039968174 0.003510146 19.062093735
0.000528652 0.060476072 -0.998169363 -115.362159729 -0.038400613 0.997434735 0.060411219 4.261124611 0.999262333 0.038298387 0.002849611 19.056604385
0.000341669 0.055705827 -0.998447061 -116.565109253 -0.038205851 0.997718990 0.055652130 4.311016083 0.999269903 0.038127515 0.002469176 19.045053482
-0.000559405 0.051614527 -0.998666883 -117.823242188 -0.039722338 0.997877657 0.051596001 4.350466728 0.999210656 0.039698269 0.001492029 19.019491196
-0.001168307 0.050102085 -0.998743355 -119.042633057 -0.038391169 0.998005509 0.050109982 4.382336140 0.999262094 0.038401488 0.000757494 19.000442505
-0.002039732 0.051193643 -0.998686552 -120.310699463 -0.039312117 0.997912586 0.051234260 4.437560558 0.999224842 0.039365005 -0.000022951 18.992198944
-0.002536815 0.055599432 -0.998449624 -121.571632385 -0.044066858 0.997476816 0.055657208 4.493911743 0.999025047 0.044139761 -0.000080323 18.986419678
-0.003109712 0.059848137 -0.998202562 -122.802543640 -0.049613208 0.996969104 0.059928749 4.535773277 0.998763621 0.049710408 -0.000131026 18.973535538
-0.003123048 0.059545055 -0.998220623 -124.083236694 -0.056724921 0.996607840 0.059626322 4.598864079 0.998384953 0.056810223 0.000265237 18.939310074
-0.002878902 0.057269212 -0.998354554 -125.343719482 -0.060400080 0.996526182 0.057338513 4.649230003 0.998169959 0.060465783 0.000590166 18.928237915
-0.003251457 0.056243584 -0.998411834 -126.577323914 -0.062743425 0.996438563 0.056336783 4.691576004 0.998024046 0.062826969 0.000289037 18.914718628
-0.003795237 0.055887375 -0.998429835 -127.858581543 -0.063365862 0.996417224 0.056015581 4.744103432 0.997983217 0.063478954 -0.000240287 18.908060074
-0.004047764 0.054858375 -0.998485982 -129.103561401 -0.060617771 0.996644557 0.055002946 4.776780128 0.998152912 0.060748626 -0.000708791 18.885360718
-0.004474369 0.054935999 -0.998479724 -130.384567261 -0.060981609 0.996616602 0.055106752 4.820368290 0.998128951 0.061135463 -0.001109148 18.880453110
-0.005260197 0.060082033 -0.998179615 -131.630737305 -0.060882557 0.996322751 0.060291067 4.875510693 0.998131096 0.061088871 -0.001582908 18.864328384
-0.005727672 0.065135002 -0.997859836 -132.863555908 -0.059892062 0.996062577 0.065361455 4.911035061 0.998188376 0.060138263 -0.001804054 18.849395752
-0.005536180 0.063663550 -0.997955978 -134.146057129 -0.059845440 0.996161461 0.063881055 4.981618881 0.998192310 0.060076784 -0.001704960 18.835956573
-0.005136105 0.061306633 -0.998105824 -135.381774902 -0.059791461 0.996314347 0.061504275 5.039078236 0.998197794 0.059994102 -0.001451558 18.820159912
-0.003943264 0.061514150 -0.998098314 -136.605545044 -0.059019770 0.996352077 0.061639693 5.088353634 0.998249114 0.059150603 -0.000298327 18.814233780
-0.003020621 0.060595106 -0.998157740 -137.884506226 -0.059718147 0.996370137 0.060667295 5.138946533 0.998210669 0.059791401 0.000608973 18.799350739
-0.001963889 0.062390245 -0.998049676 -139.120025635 -0.059117239 0.996299148 0.062397107 5.186573982 0.998249173 0.059124485 0.001731713 18.785341263
-0.000848132 0.066496819 -0.997786283 -140.383819580 -0.060166139 0.995975733 0.066427305 5.234917164 0.998188198 0.060089279 0.003156132 18.772043228
0.000295738 0.067882344 -0.997693241 -141.646041870 -0.061019674 0.995835423 0.067737848 5.295621872 0.998136759 0.060858872 0.004436658 18.766723633
0.000907444 0.064887993 -0.997892141 -142.851562500 -0.063519143 0.995881259 0.064699456 5.347351551 0.997980475 0.063326538 0.005025330 18.756015778
0.001078310 0.061590075 -0.998100996 -144.114593506 -0.062851988 0.996132374 0.061400697 5.407066345 0.998022914 0.062666476 0.004945201 18.746774673
0.001254314 0.060282566 -0.998180449 -145.351882935 -0.060435873 0.996361434 0.060096759 5.450321674 0.998171270 0.060250551 0.004892978 18.737976074
0.001669260 0.059621874 -0.998219609 -146.584762573 -0.058454853 0.996519983 0.059422620 5.497415066 0.998288572 0.058251619 0.005148640 18.736404419
0.000890239 0.059854053 -0.998206735 -147.824234009 -0.056411844 0.996620655 0.059708640 5.550895214 0.998407185 0.056257535 0.004263706 18.733333588
0.001093226 0.058852084 -0.998265982 -149.047698975 -0.053878289 0.996820271 0.058707841 5.575809479 0.998546839 0.053720690 0.004260595 18.720426559
0.000895534 0.058376774 -0.998294115 -150.300369263 -0.053186648 0.996884584 0.058246605 5.636588097 0.998584092 0.053043783 0.003997604 18.725721359
0.000952296 0.060775764 -0.998150945 -151.539077759 -0.051102620 0.996850193 0.060647819 5.688056946 0.998692870 0.050950386 0.004055094 18.728996277
0.000861878 0.063032754 -0.998011112 -152.743850708 -0.048266634 0.996850908 0.062917799 5.733008385 0.998834133 0.048116416 0.003901538 18.726219177
0.000683943 0.061020911 -0.998136699 -153.993698120 -0.045785848 0.997092009 0.060925681 5.790898800 0.998951197 0.045658879 0.003475838 18.721914291
-0.000017173 0.060757756 -0.998152494 -155.222946167 -0.046954755 0.997051597 0.060691543 5.841382027 0.998897135 0.046869051 0.002835733 18.716024399
0.000477450 0.065728024 -0.997837543 -156.439575195 -0.047561094 0.996710002 0.065630972 5.897479534 0.998868048 0.047426902 0.003601969 18.696674347
0.000665705 0.072408572 -0.997374833 -157.701919556 -0.051849637 0.996036172 0.072276764 5.965555191 0.998654664 0.051665414 0.004417422 18.676980972
0.002054322 0.073059939 -0.997325420 -158.888870239 -0.057396643 0.995692074 0.072822079 6.020858765 0.998349369 0.057093531 0.006238867 18.677970886
0.003548834 0.069126502 -0.997601449 -160.145446777 -0.061281350 0.995748043 0.068780072 6.083258629 0.998114407 0.060890276 0.007769910 18.666959763
0.005032136 0.063509382 -0.997968495 -161.369125366 -0.063606761 0.995980620 0.063062146 6.132830143 0.997962475 0.063160203 0.009051536 18.675468445
0.005754019 0.061819602 -0.998070657 -162.568649292 -0.065499954 0.995967150 0.061311714 6.194442749 0.997835994 0.065020755 0.009780004 18.665941238
0.006630477 0.058914300 -0.998241067 -163.818588257 -0.061269388 0.996411324 0.058399346 6.227452278 0.998099029 0.060774412 0.010216329 18.664554596
0.007113486 0.054101948 -0.998510122 -165.037658691 -0.057000790 0.996933579 0.053610455 6.281039238 0.998348534 0.056534521 0.010175534 18.668792725
0.007218651 0.051507119 -0.998646557 -166.228240967 -0.051783480 0.997351587 0.051066052 6.313436508 0.998631716 0.051344763 0.009866755 18.678802490
0.006197857 0.053639702 -0.998541117 -167.475723267 -0.048070740 0.997421741 0.053281210 6.369318962 0.998824656 0.047670383 0.008760375 18.655233383
0.007130942 0.061458908 -0.998084188 -168.670166016 -0.049038727 0.996930063 0.061037485 6.406976700 0.998771310 0.048509523 0.010122917 18.687732697
0.008308712 0.064502403 -0.997883081 -169.927139282 -0.049590629 0.996716022 0.064014092 6.472514629 0.998735011 0.048953768 0.011480143 18.676712036
0.009967620 0.060908698 -0.998093843 -171.134552002 -0.051892538 0.996829510 0.060313385 6.497561455 0.998602629 0.051192410 0.013096737 18.686037064
0.010950053 0.060194109 -0.998126566 -172.309097290 -0.053494643 0.996792436 0.059526764 6.554122448 0.998508096 0.052742608 0.014134988 18.694181442
0.011540690 0.061396159 -0.998046637 -173.549530029 -0.052627258 0.996767223 0.060708910 6.605998993 0.998547494 0.051823828 0.014734488 18.709188461
0.012690816 0.060310829 -0.998098910 -174.745880127 -0.051668402 0.996885419 0.059580524 6.648215771 0.998583496 0.050814021 0.015767459 18.695060730
0.014030159 0.058451496 -0.998191535 -175.899826050 -0.052228849 0.996969759 0.057645854 6.687020779 0.998536587 0.051325615 0.017040504 18.702640533
0.015671462 0.060178071 -0.998064518 -177.081253052 -0.053475570 0.996808529 0.059262719 6.738178253 0.998446286 0.052443322 0.018839516 18.721912384
0.017187636 0.062459670 -0.997899294 -178.185134888 -0.053313244 0.996684432 0.061465356 6.775850296 0.998430014 0.052144814 0.020460570 18.746372223
0.017681530 0.063793086 -0.997806251 -179.308197021 -0.053952701 0.996569395 0.062757939 6.806917667 0.998387158 0.052724704 0.021062678 18.745477676
0.018131610 0.065058880 -0.997716546 -180.392715454 -0.054914974 0.996439278 0.063977577 6.853261471 0.998326480 0.053629566 0.021639751 18.760120392
0.018039741 0.066076711 -0.997651339 -181.396591187 -0.053725559 0.996436357 0.065024741 6.885343552 0.998392820 0.052426346 0.021525463 18.763742447
0.018489448 0.065308191 -0.997693539 -182.429412842 -0.054027952 0.996471703 0.064226955 6.919913292 0.998368382 0.052715797 0.021952692 18.774780273
0.019575391 0.065165654 -0.997682333 -183.384750366 -0.054582246 0.996455193 0.064014561 6.949791908 0.998317361 0.053202640 0.023062892 18.791902542
0.020594230 0.065708965 -0.997626185 -184.363067627 -0.055206262 0.996390343 0.064487949 6.996482372 0.998262465 0.053747144 0.024147443 18.815277100
0.019963153 0.064440489 -0.997721672 -185.316284180 -0.054794025 0.996491849 0.063264675 7.024901867 0.998297751 0.053406261 0.023424067 18.829166412
0.017384673 0.061441928 -0.997959137 -186.222625732 -0.051624533 0.996833980 0.060473330 7.051126003 0.998515129 0.050467871 0.020501545 18.851505280
0.012585279 0.058291610 -0.998220265 -187.172409058 -0.051429626 0.997015774 0.057572853 7.078218937 0.998597264 0.050613519 0.015545634 18.837915421
0.008021783 0.054969352 -0.998455644 -188.085815430 -0.053690813 0.997071385 0.054461747 7.116561413 0.998525202 0.053171042 0.010949623 18.829690933
0.004140089 0.054453645 -0.998507619 -188.979248047 -0.055237360 0.997004271 0.054142628 7.155878544 0.998464525 0.054930791 0.007135561 18.813634872
0.001021106 0.055009637 -0.998485148 -189.933807373 -0.057420038 0.996841550 0.054860376 7.188672066 0.998349488 0.057277042 0.004176533 18.798580170
-0.000864282 0.056617603 -0.998395503 -190.826354980 -0.056275528 0.996811032 0.056576461 7.221899986 0.998414814 0.056234151 0.002324658 18.807264328
-0.002282040 0.058032881 -0.998312056 -191.797973633 -0.053009767 0.996904254 0.058072194 7.242483616 0.998591244 0.053052828 0.000801339 18.809076309
-0.003718660 0.058352154 -0.998289108 -192.702972412 -0.051443543 0.996963143 0.058466263 7.278509617 0.998669028 0.051572941 -0.000705524 18.806453705
-0.004599885 0.057748985 -0.998320460 -193.592697144 -0.051609181 0.996986926 0.057909641 7.297981262 0.998656809 0.051788881 -0.001605645 18.795518875
-0.005279429 0.056526750 -0.998387039 -194.518508911 -0.053343639 0.996963680 0.056728229 7.338599205 0.998562396 0.053557094 -0.002248055 18.769760132
-0.005081747 0.055660143 -0.998436809 -195.404205322 -0.057455324 0.996784031 0.055860437 7.377947807 0.998335302 0.057649385 -0.001867431 18.769731522
-0.004644113 0.054039054 -0.998527944 -196.329254150 -0.059749290 0.996739388 0.054220166 7.404176712 0.998203039 0.059913158 -0.001400172 18.739166260
-0.003944721 0.051745299 -0.998652458 -197.226440430 -0.060234856 0.996834576 0.051889040 7.436411858 0.998176634 0.060358379 -0.000815362 18.725694656
-0.003168378 0.048832662 -0.998801827 -198.118865967 -0.060161255 0.996988297 0.048934858 7.461732864 0.998183787 0.060244232 -0.000221000 18.706079483
-0.002706388 0.048816338 -0.998804033 -199.069580078 -0.060195867 0.996988356 0.048890729 7.488360405 0.998183131 0.060256205 0.000240307 18.707304001
-0.001894631 0.051231671 -0.998685002 -199.995727539 -0.057748795 0.997014225 0.051255547 7.524859905 0.998329639 0.057769973 0.001069596 18.704582214
-0.001585521 0.052419137 -0.998623967 -200.929138184 -0.056707516 0.997013032 0.052424677 7.564067841 0.998390019 0.056712639 0.001391770 18.705408096
-0.001264162 0.048843026 -0.998805583 -201.895492554 -0.052386560 0.997431755 0.048842158 7.581909657 0.998626173 0.052385740 0.001297795 18.705852509
-0.000443814 0.044921294 -0.998990417 -202.829727173 -0.050150596 0.997732520 0.044887025 7.603970528 0.998741746 0.050119888 0.001810015 18.692522049
-0.000135329 0.045861870 -0.998947680 -203.798431396 -0.055281412 0.997419834 0.045799226 7.633615494 0.998470962 0.055229448 0.002400322 18.679800034
0.000858941 0.049276050 -0.998784602 -204.746337891 -0.056244161 0.997206509 0.049149822 7.691661835 0.998416841 0.056133594 0.003628025 18.675554276
0.002943123 0.049472842 -0.998770773 -205.686080933 -0.054095015 0.997321010 0.049241610 7.705234051 0.998531640 0.053883612 0.005611470 18.668806076
0.005161013 0.050010320 -0.998735309 -206.701354980 -0.052792549 0.997369528 0.049669117 7.737421036 0.998592198 0.052469440 0.007787603 18.667829514
0.006768102 0.054796681 -0.998474479 -207.649993896 -0.053285249 0.997098505 0.054359995 7.782210350 0.998556316 0.052836038 0.009668317 18.669141769
0.008687186 0.058977574 -0.998221457 -208.680297852 -0.050397485 0.997016490 0.058467794 7.822605610 0.998691320 0.049799930 0.011633583 18.681255341
0.010225741 0.059940472 -0.998149574 -209.687713623 -0.049621537 0.997002304 0.059363242 7.852257252 0.998715758 0.048922691 0.013169428 18.689926147
0.012501276 0.060538813 -0.998087525 -210.665832520 -0.052963499 0.996804416 0.059797622 7.893866539 0.998518169 0.052114684 0.015667677 18.692520142
0.015299303 0.061903410 -0.997964859 -211.690338135 -0.055777807 0.996580243 0.060962435 7.955093384 0.998326123 0.054731626 0.018699819 18.697866440
0.018402994 0.062623322 -0.997867584 -212.683074951 -0.056181911 0.996524334 0.061502915 8.000347137 0.998251140 0.054930277 0.021857319 18.707145691
0.021325585 0.060255304 -0.997954965 -213.739990234 -0.059059981 0.996514738 0.058906283 8.046792030 0.998026490 0.057683013 0.024809930 18.707687378
0.023513926 0.057024971 -0.998095632 -214.776123047 -0.059689730 0.996670604 0.055537354 8.084479332 0.997939944 0.058270168 0.026839446 18.736545563
