0.999999881 0.000000000 0.000000004 0.000000000 0.000000000 0.999999881 0.000000001 0.000000000 0.000000004 0.000000001 1.000000000 0.000000000
0.999951065 -0.001451423 0.009770693 0.017362589 0.001445131 0.999998629 0.000650993 -0.011394950 -0.009771619 -0.000636839 0.999952078 0.266419500
0.999840975 -0.003466082 0.017485382 0.013754982 0.003439907 0.999992788 0.001526757 -0.024975250 -0.017490543 -0.001466365 0.999845982 0.574099422
0.999797583 -0.006788339 0.018933672 0.030663621 0.006802658 0.999976516 -0.000692012 -0.008323798 -0.018928526 0.000820673 0.999820530 0.885416865
0.999822557 -0.007825957 0.017129295 0.037742291 0.007845807 0.999968529 -0.001091945 -0.024624033 -0.017120207 0.001226147 0.999852657 1.166073442
0.999878645 -0.011486203 0.010511426 0.030515771 0.011528908 0.999925375 -0.004011231 -0.018833401 -0.010464562 0.004131932 0.999936700 1.502048254
0.999927521 -0.011924910 -0.001591034 0.029341696 0.011917721 0.999918938 -0.004453944 -0.041678112 0.001644026 0.004434662 0.999988794 1.814588785
0.999787092 -0.011976990 -0.016794818 -0.012813210 0.011893061 0.999916196 -0.005088299 -0.040920109 0.016854364 0.004887476 0.999845982 2.158856392
0.999342859 -0.008155242 -0.035314783 -0.040518738 0.007966340 0.999953151 -0.005486505 -0.044220749 0.035357889 0.005201573 0.999361098 2.522844553
0.998466372 -0.006063267 -0.055027194 -0.087436013 0.005747730 0.999966025 -0.005890633 -0.060369853 0.055061061 0.005565320 0.998467445 2.881029367
0.997223556 -0.004003386 -0.074356601 -0.136977881 0.003520436 0.999971807 -0.006624989 -0.057882160 0.074381031 0.006344829 0.997209728 3.229089260
0.995397687 -0.004445806 -0.095725894 -0.189760894 0.003866204 0.999972939 -0.006239430 -0.065750390 0.095751077 0.005840620 0.995388150 3.618896484
0.993333161 -0.004909225 -0.115172811 -0.252063423 0.004276401 0.999974370 -0.005740985 -0.069750294 0.115198083 0.005210187 0.993328869 4.012853146
0.991130710 -0.004814013 -0.132802397 -0.321952790 0.004215142 0.999979496 -0.004790244 -0.076145321 0.132822812 0.004187977 0.991131067 4.390457630
0.988844037 -0.004262538 -0.148893237 -0.395712614 0.003619506 0.999982834 -0.004589440 -0.090353630 0.148910314 0.003999320 0.988842726 4.812482357
0.986797631 -0.003624707 -0.161918014 -0.478432655 0.003008920 0.999987304 -0.004048123 -0.090336293 0.161930591 0.003507477 0.986796021 5.218220234
0.984656274 -0.004447853 -0.174446985 -0.574308991 0.003612148 0.999980330 -0.005107797 -0.093951300 0.174466297 0.004399298 0.984653294 5.666640282
0.982887506 -0.007741172 -0.184042186 -0.667247951 0.006632903 0.999955893 -0.006636698 -0.107068002 0.184085459 0.005302397 0.982895970 6.108586311
0.981357813 -0.006698157 -0.192070410 -0.750926673 0.005189432 0.999951541 -0.008357035 -0.111532822 0.192117095 0.007204511 0.981345654 6.553544998
0.979763269 -0.006875076 -0.200039297 -0.857517302 0.004914491 0.999934912 -0.010295914 -0.118862987 0.200097099 0.009104474 0.979733884 7.018552780
0.978254199 -0.007652106 -0.207266152 -0.972529173 0.005084150 0.999903619 -0.012919495 -0.127470627 0.207345039 0.011584789 0.978199363 7.504080296
0.976493239 -0.011055810 -0.215261191 -1.086803675 0.007954950 0.999852180 -0.015266187 -0.142366320 0.215398058 0.013194957 0.976437211 8.031384468
0.974716365 -0.016393663 -0.222843349 -1.195506930 0.013026296 0.999777734 -0.016572496 -0.159962177 0.223065585 0.013250660 0.974713445 8.545009613
0.972772479 -0.017521111 -0.231098622 -1.320472002 0.013472256 0.999726892 -0.019086592 -0.192937806 0.231370032 0.015453494 0.972743213 9.060428619
0.970795035 -0.013332989 -0.239539981 -1.483327627 0.007997243 0.999697864 -0.023233188 -0.191403747 0.239777461 0.020639006 0.970608592 9.601234436
0.968635738 -0.011064525 -0.248239309 -1.634836435 0.004791340 0.999653876 -0.025860632 -0.209978640 0.248439685 0.023860129 0.968353629 10.100348473
0.966171145 -0.013828607 -0.257530868 -1.791645288 0.006809562 0.999580979 -0.028127156 -0.230887979 0.257812023 0.025421975 0.965860605 10.663821220
0.963889539 -0.015210214 -0.265867412 -1.958688974 0.007546350 0.999526680 -0.029823747 -0.268187106 0.266195208 0.026740475 0.963548124 11.212790489
0.961721897 -0.015843930 -0.273569047 -2.130541325 0.007127979 0.999435663 -0.032824814 -0.292935640 0.273934782 0.029618349 0.961292028 11.784917831
0.959298849 -0.014866146 -0.282001168 -2.312554121 0.004923378 0.999341905 -0.035933785 -0.306125820 0.282349914 0.033082847 0.958740771 12.377429962
0.957327425 -0.015707614 -0.288578272 -2.494632244 0.004083685 0.999157131 -0.040837973 -0.342531860 0.288976759 0.037916835 0.956584871 12.975769043
0.955442429 -0.016148653 -0.294734567 -2.689725399 0.002180415 0.998861194 -0.047659837 -0.380275726 0.295168638 0.044893611 0.954389870 13.592301369
0.954304338 -0.016619459 -0.298373252 -2.901761532 -0.000046919 0.998443961 -0.055763625 -0.410790443 0.298835844 0.053229488 0.952818811 14.231489182
0.953079760 -0.017262340 -0.302225918 -3.105540276 -0.002471486 0.997895598 -0.064791054 -0.467437148 0.302708447 0.062498018 0.951031804 14.842294693
0.951714337 -0.016594484 -0.306535840 -3.337937593 -0.006393476 0.997249484 -0.073836774 -0.503337085 0.306918234 0.072231337 0.948991120 15.492669106
0.950341225 -0.015546468 -0.310820907 -3.569027901 -0.010048426 0.996697724 -0.080575541 -0.556988239 0.311047196 0.079697527 0.947046995 16.133636475
0.948757172 -0.014567832 -0.315670133 -3.798055410 -0.013786746 0.996077299 -0.087404422 -0.626525700 0.315705210 0.087277628 0.944834888 16.807022095
0.947283447 -0.012821876 -0.320140094 -4.041191101 -0.018049896 0.995476246 -0.093278661 -0.696646631 0.319887906 0.094139829 0.942767024 17.486494064
0.945587337 -0.011342608 -0.325170875 -4.292912960 -0.022123132 0.994837940 -0.099035390 -0.776345849 0.324615449 0.100840375 0.940455437 18.135654449
0.943904877 -0.007759341 -0.330125660 -4.567973614 -0.027330324 0.994458079 -0.101517610 -0.836533546 0.329083979 0.104845434 0.938461959 18.852724075
0.942153156 -0.008155202 -0.335082620 -4.819828033 -0.028138421 0.994250417 -0.103314891 -0.924480796 0.333998740 0.106767163 0.936506987 19.530717850
0.939902842 -0.007087318 -0.341367245 -5.109817505 -0.029727329 0.994289219 -0.102492720 -1.010375977 0.340144306 0.106481180 0.934324980 20.266124725
0.937509477 -0.006412012 -0.347899109 -5.373046875 -0.030686377 0.994410515 -0.101020604 -1.098337173 0.346602350 0.105383582 0.932073057 20.971784592
0.934926510 -0.006048917 -0.354789674 -5.646655560 -0.031091940 0.994612575 -0.098889582 -1.183634639 0.353476495 0.103485614 0.929701626 21.688148499
0.932172179 -0.005377110 -0.361975133 -5.924648762 -0.031217480 0.994971156 -0.095172651 -1.271214962 0.360666573 0.100017264 0.927316666 22.371181488
0.928556681 -0.003049453 -0.371177793 -6.258195877 -0.032994524 0.995329857 -0.090717956 -1.348678827 0.369721115 0.096483551 0.924119830 23.213890076
0.925324559 -0.000762802 -0.379174769 -6.582448959 -0.034134045 0.995770216 -0.085302755 -1.438526630 0.377636015 0.091875523 0.921384692 23.937404633
0.921862423 0.002335766 -0.387509942 -6.910981655 -0.036742397 0.996003687 -0.081404381 -1.510765910 0.385771185 0.089281701 0.918264091 24.687925339
0.917744100 0.002485012 -0.397163898 -7.244850159 -0.036870599 0.996195376 -0.078965388 -1.584326982 0.395456493 0.087113723 0.914343953 25.423629761
0.913669586 0.003176627 -0.406444877 -7.611201286 -0.038278718 0.996197581 -0.078262910 -1.664375424 0.404650778 0.087064669 0.910317302 26.195493698
0.909762561 0.003017785 -0.415117770 -7.967252731 -0.038599394 0.996256351 -0.077351056 -1.731709242 0.413330317 0.086394414 0.906473398 26.944812775
0.906034470 0.003905717 -0.423185825 -8.354436874 -0.039595768 0.996353269 -0.075578287 -1.806253910 0.421347409 0.085232928 0.902885258 27.747875214
0.902511299 0.004051254 -0.430647194 -8.741438866 -0.039421711 0.996534586 -0.073241606 -1.880627871 0.428858131 0.083078280 0.899543703 28.533599854
0.899192095 0.004321301 -0.437532544 -9.133695602 -0.038524643 0.996849477 -0.069328219 -1.947299480 0.435854673 0.079195172 0.896525919 29.293455124
0.895009518 0.006041849 -0.446006060 -9.555827141 -0.038477272 0.997226655 -0.063704088 -2.012892723 0.444384426 0.074176863 0.892759919 30.129522324
0.891172290 0.006481181 -0.453619003 -9.970666885 -0.037377629 0.997546971 -0.059178699 -2.083022594 0.452123195 0.069693565 0.889228642 30.897026062
0.887336910 0.005590464 -0.461087644 -10.404170990 -0.035915945 0.997726560 -0.057021242 -2.151736736 0.459720761 0.067157477 0.885520518 31.734794617
0.884162009 0.005605028 -0.467146695 -10.846871376 -0.035917960 0.997783720 -0.056009587 -2.212439775 0.465797544 0.066300534 0.882404029 32.545864105
0.881299555 0.005215627 -0.472529083 -11.291044235 -0.034931898 0.997922122 -0.054135676 -2.265717983 0.471264988 0.064216115 0.879650712 33.356529236
0.878315628 0.004539737 -0.478059292 -11.753377914 -0.033985250 0.998017728 -0.052962184 -2.332822084 0.476871163 0.062764533 0.876729071 34.184188843
0.875871301 0.002909254 -0.482535928 -12.245015144 -0.032575030 0.998057187 -0.053110965 -2.391062260 0.481443912 0.062237009 0.874264419 35.021472931
0.873630226 0.002680594 -0.486583233 -12.722946167 -0.032849796 0.998028398 -0.053481642 -2.455713034 0.485480636 0.062707342 0.871995687 35.873653412
0.872136116 0.002787926 -0.489255458 -13.212608337 -0.033457097 0.997982860 -0.053953085 -2.511591673 0.488118291 0.063423514 0.870470166 36.772846222
0.871717274 0.002581440 -0.490002155 -13.702264786 -0.032696474 0.998063684 -0.052909233 -2.574694872 0.488916904 0.062143259 0.870114088 37.631172180
0.871415973 0.002802450 -0.490536511 -14.228448868 -0.032157410 0.998158813 -0.051423691 -2.635263205 0.489489377 0.060585827 0.869902134 38.534343719
0.871128798 0.001731266 -0.491051257 -14.727832794 -0.030559696 0.998246312 -0.050693724 -2.697610855 0.490102530 0.059167150 0.869654536 39.418460846
0.870806873 -0.000044949 -0.491624802 -15.240572929 -0.028968349 0.998257577 -0.051402438 -2.758105755 0.490770698 0.059003163 0.869288683 40.301376343
0.877373159 -0.002512037 -0.479801565 -15.795225143 -0.027121713 0.998127460 -0.054820996 -2.825820684 0.479041010 0.061111506 0.875662684 41.244216919
0.876674235 -0.000729753 -0.481083781 -16.314731598 -0.027063619 0.998340189 -0.050832160 -2.890620470 0.480322421 0.057583120 0.875199974 42.148571014
0.874712348 0.000129799 -0.484642327 -16.850328445 -0.026189923 0.998551309 -0.047001753 -2.962416410 0.483934253 0.053805757 0.873448670 43.118072510
0.871917367 0.000167298 -0.489652663 -17.394338608 -0.024229489 0.998789668 -0.042803839 -3.028485060 0.489052951 0.049185462 0.870866299 44.054180145
0.859359562 -0.002551404 -0.511365354 -17.949855804 -0.020842610 0.998981893 -0.040010694 -3.081012011 0.510946989 0.045041773 0.858431399 44.898132324
0.854315877 -0.006036322 -0.519718766 -18.519660950 -0.018628143 0.998934388 -0.042223245 -3.142266750 0.519419968 0.045753404 0.853293419 45.812927246
0.847845197 -0.008907862 -0.530168712 -19.083253860 -0.017778950 0.998818934 -0.045214184 -3.201718807 0.529945433 0.047760494 0.846685827 46.708992004
0.842207849 -0.010076134 -0.539058864 -19.674497604 -0.016980661 0.998833537 -0.045200307 -3.269143105 0.538885653 0.047221642 0.841054499 47.607067108
0.836099148 -0.006532914 -0.548539281 -20.264636993 -0.018263232 0.999043107 -0.039735597 -3.324259043 0.548274100 0.043241013 0.835180044 48.513809204
0.831192613 -0.001882177 -0.555981398 -20.852466583 -0.021255346 0.999155402 -0.035159245 -3.388638496 0.555577993 0.041041683 0.830450833 49.359619141
0.827345312 -0.002037799 -0.561690092 -21.489681244 -0.022318998 0.999084055 -0.036499590 -3.446098804 0.561250091 0.042734120 0.826542258 50.272102356
0.823713243 -0.003561235 -0.566995859 -22.074825287 -0.023944911 0.998869181 -0.041060206 -3.493082523 0.566500843 0.047398470 0.822696865 51.125286102
0.820971668 -0.007337931 -0.570921659 -22.709169388 -0.024524003 0.998541176 -0.048098966 -3.566783190 0.570441902 0.053489182 0.819594324 51.978790283
0.817590535 -0.007727280 -0.575747848 -23.327415466 -0.025584325 0.998434663 -0.049731307 -3.627729893 0.575231016 0.055389993 0.816113353 52.868537903
0.814455509 -0.006040555 -0.580194235 -23.954059601 -0.025051124 0.998647094 -0.045563050 -3.687054873 0.579684556 0.051643614 0.813202679 53.707675934
0.811536968 -0.003810374 -0.584288597 -24.615238190 -0.024329297 0.998891175 -0.040305879 -3.748306274 0.583794355 0.046925034 0.810544491 54.597206116
0.807913005 -0.002132513 -0.589297712 -25.223815918 -0.024226710 0.999027908 -0.036829457 -3.811042070 0.588803470 0.044031732 0.807076097 55.435241699
0.804983377 -0.001485749 -0.593295336 -25.877006531 -0.025681995 0.998972356 -0.037347000 -3.858195305 0.592741072 0.045300718 0.804118097 56.300926208
0.801648974 -0.003039534 -0.597786903 -26.527433395 -0.025348214 0.998914957 -0.039071832 -3.919004440 0.597256601 0.046474732 0.800702274 57.154903412
0.798072457 -0.004995483 -0.602540433 -27.183258057 -0.025593814 0.998782098 -0.042179946 -3.977514744 0.602017403 0.049083993 0.796972811 58.000900269
0.793992102 -0.006053240 -0.607897818 -27.819232941 -0.024749361 0.998799562 -0.042271540 -4.029202461 0.607423961 0.048608381 0.792889357 58.805618286
0.789258897 -0.006478946 -0.614026368 -28.512302399 -0.023845946 0.998866737 -0.041190788 -4.091297150 0.613597512 0.047152258 0.788209975 59.675727844
0.784630001 -0.006638853 -0.619928896 -29.183567047 -0.023461681 0.998908579 -0.040392280 -4.157185555 0.619520724 0.046237592 0.783617795 60.520786285
0.779057324 -0.008019486 -0.626901090 -29.887117386 -0.022885967 0.998888075 -0.041218694 -4.222565174 0.626534522 0.046458986 0.778007686 61.370395660
0.773546755 -0.009306990 -0.633670449 -30.579811096 -0.022436345 0.998863220 -0.042059667 -4.284356594 0.633341551 0.046752393 0.772458851 62.209945679
0.768353701 -0.010457312 -0.639939666 -31.283981323 -0.022326527 0.998820126 -0.043128524 -4.349036217 0.639635563 0.047425609 0.767213941 63.043518066
0.762806833 -0.011437288 -0.646524549 -31.995655060 -0.022421421 0.998774469 -0.044122841 -4.403831959 0.646236837 0.048153255 0.761616051 63.886474609
0.756347299 -0.013522430 -0.654030561 -32.721809387 -0.020951532 0.998772442 -0.044879347 -4.466921806 0.653834760 0.047647316 0.755135715 64.661209106
0.750348032 -0.014478208 -0.660884380 -33.453594208 -0.020384837 0.998777688 -0.045024868 -4.531090736 0.660728574 0.047256354 0.749135911 65.499839783
0.744444966 -0.015078641 -0.667514026 -34.185771942 -0.019105786 0.998854339 -0.043871090 -4.592532158 0.667411029 0.045412984 0.743303955 66.342979431
0.737980902 -0.015238541 -0.674649358 -34.946170807 -0.018830922 0.998890519 -0.043160941 -4.655849934 0.674558699 0.044556227 0.736875534 67.176391602
0.731685758 -0.016044747 -0.681452751 -35.700397491 -0.018664768 0.998876393 -0.043559104 -4.723518372 0.681386352 0.044590734 0.730564952 67.968109131
0.725331128 -0.018098515 -0.688161969 -36.465171814 -0.018001003 0.998813748 -0.045241870 -4.795367241 0.688164532 0.045202956 0.724145055 68.772071838
0.719496608 -0.017304488 -0.694280088 -37.244434357 -0.019546859 0.998788714 -0.045150992 -4.858202457 0.694220543 0.046056986 0.718287110 69.553428650
0.713844359 -0.016799664 -0.700102329 -38.060867310 -0.019741207 0.998831809 -0.044096682 -4.921802521 0.700025737 0.045299023 0.712679327 70.374008179
0.708885431 -0.015905749 -0.705144167 -38.874591827 -0.021344809 0.998803973 -0.043987807 -4.979983330 0.705000579 0.046233501 0.707698166 71.162559509
0.703988552 -0.016083580 -0.710029125 -39.686943054 -0.022031974 0.998767793 -0.044468608 -5.051146030 0.709869623 0.046948750 0.702766716 71.972480774
0.698673666 -0.018287241 -0.715206683 -40.527709961 -0.021976639 0.998652875 -0.047003336 -5.123059750 0.715102971 0.048557840 0.697330773 72.765342712
0.694390893 -0.021015767 -0.719291151 -41.346256256 -0.021660831 0.998510122 -0.050084785 -5.195762634 0.719272137 0.050358869 0.692901075 73.541595459
0.689217091 -0.021496885 -0.724235773 -42.184471130 -0.022589954 0.998436272 -0.051133428 -5.268651009 0.724202454 0.051602494 0.687653840 74.360778809
0.684694171 -0.021433040 -0.728515208 -43.060638428 -0.021884006 0.998512328 -0.049944043 -5.346671104 0.728501797 0.050139241 0.683206618 75.161605835
0.679429948 -0.021596199 -0.733422518 -43.911834717 -0.020555478 0.998614132 -0.048447184 -5.413373470 0.733452439 0.047992326 0.678044617 75.914993286
0.674194217 -0.022677515 -0.738205671 -44.795879364 -0.019593652 0.998627365 -0.048572250 -5.486300945 0.738294065 0.047211278 0.672824562 76.687637329
0.669491827 -0.023470405 -0.742448092 -45.645225525 -0.019117011 0.998625398 -0.048807189 -5.554387093 0.742573202 0.046869423 0.668123305 77.457679749
0.665323436 -0.024406068 -0.746156096 -46.544975281 -0.018080929 0.998645484 -0.048786964 -5.630450249 0.746336222 0.045950312 0.663981080 78.246459961
0.661432862 -0.025215633 -0.749580204 -47.424049377 -0.016864015 0.998681843 -0.048476242 -5.696757317 0.749814570 0.044704724 0.660135984 79.011764526
0.657734156 -0.028046900 -0.752727687 -48.316871643 -0.013846885 0.998687446 -0.049310870 -5.770742416 0.753122866 0.042856384 0.656482577 79.770202637
0.653078616 -0.032676440 -0.756584764 -49.221397400 -0.010662329 0.998572826 -0.052331414 -5.856773376 0.757215142 0.042243470 0.651798546 80.566024780
0.648463905 -0.036790837 -0.760355771 -50.124423981 -0.006910009 0.998505652 -0.054207191 -5.920825958 0.761214018 0.040405471 0.647240818 81.336387634
0.641956985 -0.041032691 -0.765641928 -51.056617737 -0.001060043 0.998518288 -0.054401930 -5.997388363 0.766740024 0.035735298 0.640962541 82.088493347
0.633472443 -0.043593518 -0.772536337 -52.002388000 0.002208334 0.998509169 -0.054534193 -6.094533920 0.773762226 0.032839864 0.632624686 82.879127502
0.624803185 -0.044665556 -0.779503644 -52.945808411 0.004513234 0.998552263 -0.053599518 -6.179011345 0.780769408 0.029971063 0.624100208 83.632110596
0.615179896 -0.043823402 -0.787167847 -53.900253296 0.006370860 0.998697639 -0.050620861 -6.256080627 0.788361132 0.026126001 0.614657879 84.388572693
0.606502295 -0.042988788 -0.793918669 -54.855510712 0.005619612 0.998744071 -0.049786605 -6.343599319 0.795062006 0.025734190 0.605982184 85.105163574
0.596863627 -0.044625528 -0.801100671 -55.841659546 0.004402651 0.998619080 -0.052348133 -6.416211605 0.802330673 0.027717728 0.596236110 85.833091736
0.587022424 -0.046908680 -0.808210433 -56.837440491 0.005119715 0.998514891 -0.054235421 -6.506670475 0.809554517 0.027699605 0.586391151 86.543457031
0.576994300 -0.048541296 -0.815304339 -57.874336243 0.005384604 0.998436511 -0.055633858 -6.573500633 0.816730380 0.027710333 0.576353908 87.239349365
0.567524970 -0.049001455 -0.821896374 -58.891563416 0.007761844 0.998501539 -0.054170985 -6.664531231 0.823319554 0.024363965 0.567054987 87.962158203
0.557389975 -0.048356425 -0.828841329 -59.910324097 0.007885753 0.998565614 -0.052955396 -6.750486374 0.830213428 0.022980774 0.556971967 88.646041870
0.547262907 -0.049127541 -0.835517526 -60.959785461 0.009005171 0.998563588 -0.052816086 -6.834780693 0.836912334 0.021380316 0.546919465 89.317459106
0.537023246 -0.050557725 -0.842050850 -62.014907837 0.008580563 0.998478115 -0.054477472 -6.909032822 0.843523741 0.022030417 0.536639929 89.961341858
0.526846766 -0.050801408 -0.848440409 -63.064399719 0.006859405 0.998433828 -0.055522993 -6.991971970 0.849932611 0.023432346 0.526370585 90.614685059
0.517020762 -0.051172949 -0.854441762 -64.153549194 0.004622943 0.998363495 -0.056995180 -7.087830544 0.855960369 0.025517657 0.516411364 91.302032471
0.507880092 -0.051535197 -0.859884679 -65.237464905 0.004443482 0.998352110 -0.057209436 -7.172305584 0.861416340 0.025234655 0.507272243 91.898925781
0.498537660 -0.049709477 -0.865441442 -66.342277527 0.003658908 0.998466015 -0.055242471 -7.255513668 0.866860390 0.024373887 0.497954726 92.538490295
0.490567714 -0.047567490 -0.870103538 -67.451271057 0.004440377 0.998632312 -0.052090496 -7.347244263 0.871391773 0.021690339 0.490107656 93.127716064
0.482793361 -0.047716621 -0.874433339 -68.557373047 0.004621094 0.998639226 -0.051942971 -7.428430557 0.875722110 0.021036880 0.482356966 93.737655640
0.474909484 -0.050664194 -0.878574967 -69.675628662 0.005894328 0.998501956 -0.054393791 -7.515158653 0.880014896 0.020653522 0.474496782 94.335998535
0.468090624 -0.053680614 -0.882048547 -70.812088013 0.007763582 0.998364329 -0.056639474 -7.610198498 0.883646429 0.019664554 0.467741907 94.955146790
0.462437361 -0.057882160 -0.884760797 -71.949562073 0.010566668 0.998155713 -0.059777718 -7.686718941 0.886589289 0.018294485 0.462196231 95.492126465
0.456718147 -0.060501225 -0.887551725 -73.088417053 0.011199659 0.997996509 -0.062266715 -7.792509556 0.889541030 0.018498059 0.456480801 96.097854614
0.451653242 -0.061457239 -0.890074313 -74.197502136 0.013344908 0.997978330 -0.062136054 -7.893857956 0.892093897 0.016185984 0.451560318 96.657867432
0.447751641 -0.059350114 -0.892186165 -75.340759277 0.015363656 0.998157859 -0.058689166 -7.988219261 0.894026041 0.012570915 0.447838575 97.229476929
0.444131166 -0.057438321 -0.894118667 -76.451034546 0.019563250 0.998326719 -0.054415099 -8.080418587 0.895748079 0.006675582 0.444511741 97.766838074
0.440590829 -0.056848582 -0.895906210 -77.608589172 0.020416524 0.998369217 -0.053309761 -8.169711113 0.897475600 0.005196509 0.441033095 98.326583862
0.437848508 -0.056387682 -0.897278786 -78.729408264 0.020950934 0.998399973 -0.052518964 -8.258483887 0.898804486 0.004196531 0.438329488 98.890151978
0.435274541 -0.056404069 -0.898529351 -79.837753296 0.024872350 0.998407841 -0.050624941 -8.347410202 0.899953902 -0.000312761 0.435984612 99.395950317
0.432477444 -0.055676509 -0.899923980 -80.959312439 0.026786085 0.998444319 -0.048899151 -8.431530952 0.901246727 -0.002957655 0.433296114 99.938392639
0.430906445 -0.055995952 -0.900657535 -82.071990967 0.027829582 0.998422682 -0.048759591 -8.522987366 0.901967287 -0.004054101 0.431785136 100.487190247
0.428021580 -0.056022372 -0.902030408 -83.175659180 0.029865433 0.998408377 -0.047836732 -8.605025291 0.903274953 -0.006464375 0.429013550 101.004318237
0.426014185 -0.055120308 -0.903035820 -84.270088196 0.033149231 0.998422861 -0.045304235 -8.688850403 0.904109061 -0.010634695 0.427169740 101.510711670
0.424488068 -0.054994617 -0.903761744 -85.366058350 0.035756692 0.998393059 -0.043958455 -8.764406204 0.904727340 -0.013655697 0.425772637 102.017623901
0.422559351 -0.055299703 -0.904646814 -86.456199646 0.036150184 0.998370469 -0.044143245 -8.841902733 0.905614138 -0.014050006 0.423870236 102.527847290
0.421291053 -0.056282733 -0.905177355 -87.530815125 0.037215285 0.998304605 -0.044752374 -8.914222717 0.906161547 -0.014832661 0.422671497 103.020263672
0.420720994 -0.057911623 -0.905339777 -88.598037720 0.037861407 0.998211503 -0.046257742 -8.993261337 0.906399727 -0.014815837 0.422161311 103.505111694
0.420923084 -0.057907525 -0.905246079 -89.633987427 0.036649268 0.998230934 -0.046814404 -9.063102722 0.906355739 -0.013471344 0.422300726 103.959663391
0.423543006 -0.058630016 -0.903976619 -90.677093506 0.035530429 0.998210251 -0.048094641 -9.154487610 0.905179203 -0.011748547 0.424868107 104.464645386
0.427564263 -0.059271105 -0.902039587 -91.705055237 0.034039076 0.998195887 -0.049454913 -9.240412712 0.903343737 -0.009559453 0.428810626 104.958557129
0.432673544 -0.059648678 -0.899575055 -92.718460083 0.033192955 0.998186052 -0.050222341 -9.315641403 0.900939226 -0.008129689 0.433868825 105.436325073
0.438565403 -0.059066445 -0.896755874 -93.720413208 0.031398933 0.998235404 -0.050394673 -9.392971039 0.898150325 -0.006055829 0.439646453 105.897903442
0.445373476 -0.057603084 -0.893489659 -94.728744507 0.029570775 0.998329937 -0.049622107 -9.466810226 0.894856155 -0.004320811 0.446333587 106.390228271
0.453210473 -0.056661889 -0.889600635 -95.726081848 0.029122680 0.998386085 -0.048754167 -9.535760880 0.890927613 -0.003811653 0.454129338 106.908584595
0.462035000 -0.056601007 -0.885053396 -96.687736511 0.029331096 0.998390496 -0.048537098 -9.614498138 0.886376381 -0.003533753 0.462951720 107.397697449
0.472123653 -0.056565329 -0.879715383 -97.665336609 0.029149821 0.998395026 -0.048552338 -9.687566757 0.881050110 -0.002720841 0.473015100 107.928146362
0.480425358 -0.056724682 -0.875199020 -98.626953125 0.027704680 0.998389423 -0.049501121 -9.760662079 0.876597345 -0.000465533 0.481223553 108.426422119
0.491488338 -0.057104141 -0.869009852 -99.588813782 0.023737956 0.998355448 -0.052178130 -9.835894585 0.870560586 0.005016424 0.492035687 108.949073792
0.502876699 -0.057770990 -0.862425208 -100.535568237 0.022010783 0.998296082 -0.054038133 -9.914886475 0.864077866 0.008191858 0.503291428 109.458389282
0.514904439 -0.055847306 -0.855426311 -101.481987000 0.019236380 0.998376846 -0.053601086 -9.987214088 0.857031763 0.011144130 0.515143037 110.019897461
0.528110802 -0.053561915 -0.847484350 -102.394149780 0.017889647 0.998488843 -0.051957607 -10.065753937 0.848987162 0.012278181 0.528270960 110.582901001
0.540230632 -0.053072616 -0.839841425 -103.308158875 0.020204986 0.998539150 -0.050104421 -10.140792847 0.841274917 0.010098974 0.540513754 111.186752319
0.551812708 -0.052152477 -0.832335651 -104.218391418 0.020159658 0.998585165 -0.049204111 -10.215121269 0.833724260 0.010371854 0.552083492 111.755661011
0.563529789 -0.052465256 -0.824427843 -105.097236633 0.020030804 0.998555481 -0.049854595 -10.296448708 0.825852573 0.011580592 0.563766778 112.374649048
0.574593782 -0.053154260 -0.816710651 -105.951705933 0.019865973 0.998500407 -0.051009104 -10.360136986 0.818197429 0.013084756 0.574788094 112.981246948
0.585086226 -0.054183699 -0.809158742 -106.800865173 0.020911327 0.998441339 -0.051738087 -10.428536415 0.810701013 0.013350653 0.585307539 113.576293945
0.595880330 -0.053220961 -0.801307619 -107.631004333 0.020401763 0.998482585 -0.051145401 -10.509499550 0.802814126 0.014128448 0.596062183 114.188034058
0.606453776 -0.051354874 -0.793458641 -108.429992676 0.019765452 0.998577118 -0.049523689 -10.574748993 0.794873238 0.014350753 0.606606126 114.829521179
0.616497636 -0.049249087 -0.785814822 -109.288246155 0.020214999 0.998702526 -0.046732046 -10.642576218 0.787097394 0.012924938 0.616693974 115.470985413
0.626151443 -0.049008939 -0.778159559 -110.109764099 0.021002008 0.998720467 -0.046000578 -10.716754913 0.779418528 0.012460421 0.626379669 116.086761475
0.636470497 -0.048259016 -0.769789696 -110.859947205 0.019532487 0.998728871 -0.046461821 -10.792835236 0.771053672 0.014535677 0.636604190 116.719253540
0.645560265 -0.047168285 -0.762251198 -111.647331238 0.017065022 0.998732448 -0.047349222 -10.859089851 0.763518453 0.017558953 0.645547092 117.360191345
0.655297995 -0.046960451 -0.753908992 -112.379188538 0.017184688 0.998733699 -0.047273476 -10.920263290 0.755174637 0.018022541 0.655275404 118.004867554
0.664514661 -0.044686612 -0.745937884 -113.114654541 0.016510166 0.998844504 -0.045129415 -10.981844902 0.747092724 0.017673604 0.664484799 118.665908813
0.672952414 -0.043566033 -0.738401532 -113.836006165 0.016901596 0.998908818 -0.043532591 -11.032337189 0.739492357 0.016815213 0.672954917 119.310340881
0.681046188 -0.042703379 -0.730993986 -114.520736694 0.016971527 0.998950064 -0.042545050 -11.090915680 0.732043326 0.016569074 0.681056380 119.949348450
0.688868761 -0.042269960 -0.723652303 -115.254302979 0.016701851 0.998958468 -0.042452104 -11.171877861 0.724693358 0.017157614 0.688857853 120.614700317
0.696433961 -0.041171681 -0.716438651 -115.938430786 0.016338415 0.999003589 -0.041527659 -11.237255096 0.717434764 0.017215807 0.696413040 121.259582520
0.703973472 -0.038834527 -0.709163368 -116.603317261 0.015441694 0.999104738 -0.039383303 -11.288930893 0.710058212 0.016774127 0.703943133 121.940414429
0.710711181 -0.036166541 -0.702553272 -117.271743774 0.014223325 0.999212086 -0.037049636 -11.346040726 0.703339875 0.016338954 0.710665882 122.612380981
0.718119681 -0.034723200 -0.695052385 -117.918411255 0.013773564 0.999267817 -0.035690349 -11.391866684 0.695783079 0.016056610 0.718072534 123.246627808
0.725728393 -0.033913456 -0.687144756 -118.568923950 0.013669780 0.999297917 -0.034882151 -11.464365959 0.687845409 0.015921852 0.725682735 123.903915405
0.734037220 -0.030793125 -0.678410530 -119.183555603 0.009931335 0.999351442 -0.034614988 -11.503946304 0.679036438 0.018671174 0.733867228 124.578834534
0.742453277 -0.028040785 -0.669310570 -119.748153687 0.009611265 0.999466956 -0.031211091 -11.544614792 0.669828832 0.016739853 0.742327154 125.214981079
0.751840711 -0.025082797 -0.658867419 -120.338516235 0.008586757 0.999563694 -0.028254516 -11.567425728 0.659288824 0.015585361 0.751728177 125.841827393
0.761997283 -0.022047386 -0.647205174 -120.899261475 0.005834433 0.999613285 -0.027183114 -11.627694130 0.647554219 0.016937388 0.761831343 126.521751404
0.772079468 -0.021625867 -0.635157943 -121.445854187 0.004726402 0.999588430 -0.028288731 -11.658674240 0.635508478 0.018839136 0.771863997 127.201889038
0.781544030 -0.022263778 -0.623453081 -121.985473633 0.005003721 0.999554217 -0.029421993 -11.717842102 0.623830497 0.019874981 0.781307161 127.852218628
0.791261673 -0.022068989 -0.611079037 -122.508132935 0.005199991 0.999555051 -0.029365461 -11.766483307 0.611455321 0.020058164 0.791024745 128.510604858
0.801335692 -0.019961203 -0.597881675 -123.009414673 0.004024480 0.999600351 -0.027979204 -11.794137955 0.598201215 0.020014586 0.801095903 129.218154907
0.811263740 -0.017790759 -0.584409654 -123.496345520 0.003406408 0.999663711 -0.025703344 -11.819105148 0.584670663 0.018861450 0.811051428 129.903900146
0.820965052 -0.016514353 -0.570739388 -123.982376099 0.003658712 0.999713123 -0.023663942 -11.853254318 0.570966780 0.017339095 0.820790052 130.636657715
0.829651713 -0.015040379 -0.558078408 -124.438201904 0.004431375 0.999782801 -0.020356670 -11.899440765 0.558263659 0.014415888 0.829538226 131.321395874
0.844389319 -0.015231493 -0.535512686 -124.912673950 0.005381643 0.999786317 -0.019951032 -11.930366516 0.535702705 0.013964499 0.844290793 131.982894897
0.849985540 -0.014645562 -0.526602209 -125.372344971 0.006978479 0.999838531 -0.016543038 -11.959297180 0.526759624 0.010386453 0.849950612 132.709854126
0.856345296 -0.014779354 -0.516191959 -125.806838989 0.007463678 0.999839962 -0.016244940 -11.991998672 0.516349673 0.010058592 0.856318831 133.416168213
0.863001406 -0.014069950 -0.505005360 -126.242317200 0.006861945 0.999846101 -0.016130371 -12.008169174 0.505154788 0.010455214 0.862965524 134.135452271
0.869427860 -0.012510622 -0.493901223 -126.674255371 0.005673030 0.999865890 -0.015340435 -12.040576935 0.494027197 0.010535488 0.869382799 134.880004883
0.871151984 -0.011229605 -0.490884721 -127.092506409 0.004464301 0.999877810 -0.014950876 -12.061756134 0.490992993 0.010833032 0.871096611 135.607528687
0.877146244 -0.011445611 -0.480086625 -127.516662598 0.004956494 0.999878228 -0.014782012 -12.104343414 0.480197549 0.010586441 0.877096534 136.397888184
0.882298529 -0.012346070 -0.470528066 -127.911712646 0.005831008 0.999865651 -0.015301368 -12.143593788 0.470653921 0.010756722 0.882252514 137.160690308
0.886458457 -0.013149332 -0.462621242 -128.317596436 0.006337869 0.999847174 -0.016274806 -12.172150612 0.462764651 0.011494908 0.886406839 137.922805786
0.889869392 -0.012819605 -0.456034929 -128.715515137 0.006370406 0.999856412 -0.015676314 -12.188674927 0.456170440 0.011044743 0.889824092 138.677246094
0.892793000 -0.011294192 -0.450325340 -129.115142822 0.006382142 0.999902427 -0.012424698 -12.216160774 0.450421810 0.008218646 0.892778039 139.429901123
0.896352351 -0.007270799 -0.443283021 -129.534454346 0.004072130 0.999958396 -0.008167313 -12.233065605 0.443324178 0.005515686 0.896344483 140.254333496
0.899003208 -0.004910993 -0.437914431 -129.889862061 0.002659563 0.999979854 -0.005754410 -12.240044594 0.437933952 0.004008573 0.898998201 141.068557739
0.902831137 -0.001850029 -0.429991573 -130.331420898 0.000450040 0.999994338 -0.003357526 -12.265803337 0.429995447 0.002837763 0.902826905 141.882766724
0.906229734 -0.000082945 -0.422785401 -130.727676392 -0.000385750 0.999999404 -0.001023031 -12.261548042 0.422785193 0.001090193 0.906229198 142.742218018
0.909111261 0.001037189 -0.416551858 -131.119018555 -0.000298904 0.999998212 0.001837589 -12.288146019 0.416553080 -0.001546063 0.909110010 143.577316284
0.912737370 0.001239657 -0.408544660 -131.526046753 0.000410104 0.999992073 0.003950522 -12.305489540 0.408546299 -0.003773337 0.912729681 144.444335938
0.916095912 0.001254964 -0.400956631 -131.909301758 0.000681201 0.999988735 0.004686285 -12.314802170 0.400957942 -0.004566221 0.916084766 145.359527588
0.919629753 0.000513380 -0.392785907 -132.292236328 0.001297540 0.999989629 0.004344945 -12.289599419 0.392783970 -0.004505395 0.919619620 146.247482300
0.923396528 -0.001919170 -0.383842409 -132.672698975 0.003830352 0.999983668 0.004214743 -12.335520744 0.383828014 -0.005362132 0.923388958 147.152740479
0.927242696 -0.003531180 -0.374444306 -133.049591064 0.004945914 0.999983668 0.002817352 -12.330188751 0.374428242 -0.004464339 0.927245021 148.084106445
0.931592524 -0.004827881 -0.363472164 -133.432067871 0.005615236 0.999983490 0.001109607 -12.358472824 0.363460869 -0.003074683 0.931604445 149.001342773
0.937205434 -0.002877287 -0.348766834 -133.785461426 0.003132035 0.999994874 0.000166558 -12.367880821 0.348764628 -0.001248454 0.937209427 149.984741211
0.943153501 0.000536756 -0.332356989 -134.159973145 -0.000155111 0.999999106 0.001174831 -12.379922867 0.332357436 -0.001056492 0.943152845 150.960372925
0.949409783 0.004271553 -0.314010441 -134.475952148 -0.003139312 0.999986291 0.004111338 -12.375516891 0.314023942 -0.002917565 0.949410319 151.964645386
0.955627620 0.006919638 -0.294495642 -134.790893555 -0.005469505 0.999968350 0.005747478 -12.383204460 0.294526130 -0.003881702 0.955635428 152.964553833
0.961889684 0.009107647 -0.273284853 -135.086212158 -0.007562549 0.999948442 0.006706694 -12.407973289 0.273331940 -0.004384364 0.961909831 154.029434204
0.967834651 0.010964570 -0.251348108 -135.368484497 -0.009242119 0.999924779 0.008032312 -12.401096344 0.251417279 -0.005450960 0.967863441 155.052627563
0.973342001 0.011418890 -0.229074493 -135.631652832 -0.009191605 0.999899387 0.010787619 -12.423006058 0.229174554 -0.008394480 0.973349154 156.156753540
0.978173256 0.013347730 -0.207362428 -135.881805420 -0.010665893 0.999844015 0.014045739 -12.407490730 0.207517385 -0.011527466 0.978163600 157.240432739
0.982519805 0.015211102 -0.185534701 -136.099243164 -0.012010034 0.999759078 0.018364981 -12.427623749 0.185769409 -0.015815683 0.982466102 158.339019775
0.986499727 0.017228117 -0.162853658 -136.298049927 -0.013913331 0.999672413 0.021473145 -12.416098595 0.163170308 -0.018917415 0.986416519 159.474548340
0.989941895 0.018669339 -0.140235305 -136.459716797 -0.015799956 0.999642909 0.021546815 -12.402598381 0.140587568 -0.019114392 0.989883602 160.587661743
0.992725551 0.018053362 -0.119037017 -136.609573364 -0.015791591 0.999676943 0.019916618 -12.396359444 0.119358137 -0.017891953 0.992690086 161.722625732
0.995074093 0.018113360 -0.097463205 -136.736663818 -0.016362473 0.999690652 0.018734066 -12.382866859 0.097772419 -0.017047051 0.995062768 162.896820068
0.996914029 0.016814061 -0.076675221 -136.833175659 -0.015318063 0.999681592 0.020057566 -12.381618500 0.076988026 -0.018821169 0.996854365 164.089477539
0.998226285 0.017409448 -0.056929160 -136.915313721 -0.016178163 0.999626517 0.022018297 -12.377546310 0.057291236 -0.021058235 0.998135448 165.277175903
0.999185205 0.017559115 -0.036331378 -136.948608398 -0.016735675 0.999598920 0.022846123 -12.366559982 0.036717951 -0.022219483 0.999078751 166.464248657
0.999697447 0.019091686 -0.015498037 -137.004089355 -0.018726906 0.999551773 0.023351047 -12.356813431 0.015936894 -0.023053762 0.999607146 167.687637329
0.999799669 0.019423867 0.004847460 -136.995010376 -0.019534530 0.999522567 0.023933284 -12.344964981 -0.004380272 -0.024023185 0.999701798 168.916275024
0.999435484 0.021710353 0.025639163 -136.967712402 -0.022306276 0.999482036 0.023190098 -12.327932358 -0.025122415 -0.023748925 0.999402225 170.157608032
0.998695374 0.022893298 0.045645479 -136.937011719 -0.023921998 0.999468923 0.022118954 -12.310966492 -0.045114871 -0.023182031 0.998712897 171.430053711
0.997606575 0.022962937 0.065222681 -136.851593018 -0.024301965 0.999508142 0.019811358 -12.312719345 -0.064735681 -0.021348987 0.997673929 172.703582764
0.996116757 0.024777105 0.084485009 -136.775939941 -0.026327670 0.999503493 0.017288534 -12.300934792 -0.084014721 -0.019445693 0.996274471 173.966308594
0.994272530 0.025038309 0.103898510 -136.647552490 -0.026775569 0.999523282 0.015359501 -12.290721893 -0.103464440 -0.018053476 0.994469404 175.235778809
0.992124319 0.025106737 0.122715369 -136.503463745 -0.026839210 0.999561667 0.012484836 -12.299155235 -0.122348197 -0.015680088 0.992363453 176.545104980
0.989634931 0.026474880 0.141143888 -136.346694946 -0.027772838 0.999588013 0.007233740 -12.292028427 -0.140894219 -0.011078730 0.989962637 177.819732666
0.986880183 0.027793005 0.159043223 -136.133544922 -0.028259315 0.999600470 0.000670699 -12.322133064 -0.158960924 -0.005156356 0.987271369 179.168212891
0.983794689 0.030374650 0.176706091 -135.917572021 -0.030008469 0.999538243 -0.004744872 -12.326285362 -0.176768720 -0.000634698 0.984252334 180.467346191
0.980397463 0.032484125 0.194333687 -135.681503296 -0.031394292 0.999469221 -0.008686157 -12.367181778 -0.194512770 0.002414918 0.980896950 181.787857056
0.976680636 0.034873396 0.211845756 -135.416351318 -0.033156160 0.999382079 -0.011654112 -12.401366234 -0.212121338 0.004358356 0.977233768 183.127532959
0.972732246 0.034078129 0.229414925 -135.110061646 -0.032241073 0.999410927 -0.011752315 -12.420114517 -0.229680359 0.004035274 0.973257899 184.461486816
0.968521416 0.032827128 0.246756330 -134.764663696 -0.030870158 0.999453723 -0.011796206 -12.440770149 -0.247008815 0.003807472 0.969005764 185.789352417
0.964064479 0.032679852 0.263651341 -134.425613403 -0.029247684 0.999428749 -0.016933480 -12.516894341 -0.264054149 0.008613780 0.964469373 187.157379150
0.959467649 0.034002427 0.279760122 -134.050903320 -0.029197689 0.999346077 -0.021325329 -12.560754776 -0.280302346 0.012292616 0.959833086 188.487213135
0.954253078 0.036324535 0.296785086 -133.642654419 -0.031194253 0.999270976 -0.022005297 -12.593259811 -0.297368079 0.011740637 0.954690814 189.865661621
0.948725164 0.037446953 0.313875616 -133.231719971 -0.032158971 0.999240279 -0.022010239 -12.629085541 -0.314461440 0.010787755 0.949208856 191.203964233
0.942469537 0.042230733 0.331612885 -132.777618408 -0.035798404 0.999034107 -0.025484616 -12.691853523 -0.332368791 0.012147268 0.943071246 192.555694580
0.936147690 0.043055613 0.348960847 -132.281219482 -0.035065848 0.998958468 -0.029183717 -12.752855301 -0.349854082 0.015083661 0.936682522 193.942871094
0.929689467 0.043523561 0.365763336 -131.762115479 -0.034220941 0.998905540 -0.031881481 -12.802986145 -0.366750747 0.017123118 0.930161595 195.268157959
0.922552824 0.043981075 0.383355588 -131.241180420 -0.032340512 0.998800457 -0.036760904 -12.881592751 -0.384512722 0.021515977 0.922868550 196.610412598
0.914371371 0.047371574 0.402095348 -130.687820435 -0.032937910 0.998542964 -0.042738859 -12.979103088 -0.403534353 0.025835007 0.914599597 197.953430176
0.904804409 0.050881151 0.422776490 -130.085128784 -0.034396924 0.998323917 -0.046533871 -13.058158875 -0.424435794 0.027561832 0.905038595 199.290557861
0.893264651 0.053716689 0.446309835 -129.452819824 -0.036037158 0.998196244 -0.048013881 -13.133121490 -0.448084235 0.026805362 0.893589318 200.614822388
