0.999999881 -0.000000000 0.000000002 0.000000000 -0.000000000 0.999999881 -0.000000000 0.000000000 0.000000002 -0.000000000 1.000000000 0.000000000
0.999844909 0.000511468 0.017596569 -0.013636688 -0.000509024 0.999999762 -0.000143378 0.000904773 -0.017596638 0.000134398 0.999845147 0.138675854
0.999280989 0.004865890 0.037598334 0.048929542 -0.004852158 0.999988019 -0.000456469 0.006529395 -0.037600107 0.000273708 0.999292850 0.280171424
0.997901738 0.005683103 0.064494491 0.069843069 -0.005743286 0.999983132 0.000747785 0.000783187 -0.064489163 -0.001116627 0.997917771 0.425649136
0.995088995 0.005323447 0.098840334 0.099623442 -0.005618429 0.999980450 0.002706318 0.006242818 -0.098824009 -0.003248357 0.995099604 0.611035645
0.990757942 0.002119759 0.135624647 0.224759728 -0.002771319 0.999985456 0.004615523 0.015806010 -0.135612920 -0.004948728 0.990749598 0.830471158
0.984496713 -0.001127987 0.175398871 0.250260055 0.000114912 0.999983191 0.005785887 -0.014124592 -0.175402492 -0.005676033 0.984480381 0.995389700
0.975792825 -0.001513469 0.218691111 0.348015904 -0.000009734 0.999975741 0.006963844 -0.014238887 -0.218696386 -0.006797402 0.975769281 1.209597826
0.963774145 -0.001445182 0.266715020 0.441068560 -0.001287634 0.999948442 0.010071038 0.009248164 -0.266715884 -0.010049643 0.963722825 1.427935958
0.949429274 -0.005163256 0.313936859 0.575680077 -0.000047735 0.999862492 0.016588906 0.011541281 -0.313979298 -0.015764985 0.949298859 1.659880519
0.931971490 -0.015159374 0.362214178 0.657028496 0.006636188 0.999671221 0.024763390 -0.001303907 -0.362470478 -0.020675059 0.931765854 1.868295431
0.911053598 -0.020596571 0.411772698 0.855507195 0.009185159 0.999517381 0.029672822 -0.011986449 -0.412184775 -0.023251344 0.910803378 2.079752207
0.886340737 -0.022549285 0.462484300 1.062380791 0.008033315 0.999412000 0.033332538 -0.011274002 -0.462963879 -0.025828708 0.886000752 2.338834047
0.857693195 -0.024188768 0.513592720 1.213610888 0.005590014 0.999272287 0.037727676 0.020961404 -0.514131427 -0.029487778 0.857204497 2.536785364
0.825788915 -0.029902665 0.563186407 1.446028352 0.007172694 0.999069571 0.042528920 0.011245802 -0.563933790 -0.031080363 0.825235188 2.751384020
0.789611757 -0.035455845 0.612581134 1.666635036 0.009370556 0.998909533 0.045737725 0.018852666 -0.613535047 -0.030374829 0.789083064 2.997859478
0.751819551 -0.039888240 0.658160806 1.916772127 0.010312390 0.998757839 0.048750423 0.018499166 -0.659288049 -0.029864322 0.751297116 3.190779209
0.712212682 -0.043280743 0.700627565 2.254536152 0.011756252 0.998692989 0.049742833 0.031419113 -0.701864958 -0.027190737 0.711790681 3.420196533
0.670226693 -0.045389280 0.740766287 2.536795855 0.010881330 0.998622060 0.051343746 0.048031271 -0.742076576 -0.026351450 0.669796765 3.614027500
0.628042340 -0.045726150 0.776834488 2.901227236 0.006526822 0.998546541 0.053499896 0.073847666 -0.778151751 -0.028529942 0.627427995 3.826538563
0.586174965 -0.046491381 0.808849454 3.230547667 0.003561979 0.998490334 0.054810274 0.089069813 -0.810176671 -0.029247301 0.585455656 4.033729076
0.546063602 -0.047515489 0.836395025 3.605172634 0.001386266 0.998440027 0.055816188 0.108720109 -0.837742567 -0.029319718 0.545277715 4.237765789
0.507139683 -0.050371695 0.860390604 4.047968864 0.000547347 0.998309135 0.058123548 0.118218273 -0.861863673 -0.029005827 0.506309867 4.452645779
0.469624400 -0.050071798 0.881445348 4.429524899 -0.002448678 0.998312593 0.058015287 0.145865813 -0.882862866 -0.029403755 0.468709648 4.657796860
0.434019625 -0.049530320 0.899540782 4.900435448 -0.003550411 0.998385727 0.056685943 0.175058112 -0.900896430 -0.027796546 0.433143169 4.842315674
0.399809003 -0.048178598 0.915331423 5.419931412 -0.002093863 0.998566926 0.053474292 0.190595612 -0.916596293 -0.023296075 0.399135113 5.047716141
0.369977057 -0.046448279 0.927879035 5.903020859 -0.000244351 0.998744428 0.050093126 0.211327538 -0.929041088 -0.018760033 0.369501054 5.204558372
0.344483703 -0.044478722 0.937738061 6.454439163 0.000731225 0.998889267 0.047110625 0.233401939 -0.938792169 -0.015543137 0.344133437 5.386936188
0.323470384 -0.043780938 0.945225060 7.051960945 0.002206363 0.998961270 0.045514859 0.264622897 -0.946236014 -0.012637185 0.323230594 5.603695869
0.308671653 -0.044368222 0.950133145 7.619058609 0.003357011 0.998955965 0.045557499 0.297093362 -0.951162696 -0.010872703 0.308498383 5.804156780
0.296505988 -0.045816697 0.953931212 8.229648590 0.004111411 0.998900533 0.046698615 0.306758910 -0.955022037 -0.009924418 0.296368450 5.985623837
0.286377996 -0.047839720 0.956921518 8.867710114 0.003333301 0.998796403 0.048935629 0.347328961 -0.958110988 -0.010824383 0.286192864 6.162599087
0.275639176 -0.049250524 0.959998369 9.531610489 0.001208413 0.998703599 0.050889235 0.364205837 -0.961260378 -0.012866996 0.275341451 6.363063812
0.265157759 -0.051280003 0.962840259 10.227166176 0.000743617 0.998595476 0.052979499 0.404759705 -0.964204848 -0.013331942 0.264823556 6.554458618
0.255736738 -0.053374607 0.965271711 10.947000504 0.000021481 0.998475313 0.055204898 0.425253838 -0.966746807 -0.014097186 0.255348086 6.728141308
0.244701415 -0.054871086 0.968044579 11.680128098 -0.000607016 0.998388529 0.056744494 0.456078202 -0.969598234 -0.014473078 0.244273841 6.905490875
0.233545065 -0.055949867 0.970734894 12.429616928 -0.001362152 0.998323321 0.057867687 0.478983283 -0.972345114 -0.014837001 0.233077288 7.064350605
0.223795056 -0.058745559 0.972864211 13.186290741 -0.002522305 0.998143494 0.060852263 0.510501981 -0.974633038 -0.016072297 0.223231465 7.267452240
0.212683067 -0.062008053 0.975151718 13.975578308 -0.004662945 0.997908473 0.064472124 0.546919346 -0.977110088 -0.018259209 0.211949170 7.429800987
0.199726954 -0.066569641 0.977587700 14.794664383 -0.004218653 0.997621655 0.068795778 0.605010748 -0.979842544 -0.017864469 0.198971182 7.575290680
0.187450707 -0.068990208 0.979848266 15.552186012 -0.005389385 0.997443080 0.071260065 0.644303918 -0.982259333 -0.018638529 0.186599642 7.737586498
0.173859373 -0.069849633 0.982290387 16.362686157 -0.005717377 0.997392654 0.071935505 0.683919787 -0.984753907 -0.018122783 0.173006862 7.883439541
0.159427211 -0.068739980 0.984813631 17.152774811 -0.007650737 0.997456908 0.070861012 0.718408585 -0.987180114 -0.018831730 0.158495918 8.016059875
0.143087670 -0.067685142 0.987392962 17.955194473 -0.008732045 0.997533560 0.069645688 0.750379086 -0.989671469 -0.018587405 0.142143801 8.136260986
0.122097149 -0.066292845 0.990301847 18.788887024 -0.011187316 0.997611642 0.068161510 0.782303154 -0.992455125 -0.019401155 0.121063963 8.231514931
0.097420648 -0.065121196 0.993110597 19.579618454 -0.015316457 0.997640789 0.066920765 0.834988952 -0.995125532 -0.021730410 0.096193448 8.329058647
0.066830009 -0.064482108 0.995678544 20.435728073 -0.019625518 0.997631490 0.065925851 0.872933388 -0.997571349 -0.023946548 0.065406308 8.374042511
0.033931594 -0.064386286 0.997348011 21.286325455 -0.022440933 0.997622132 0.065167509 0.916194439 -0.999172032 -0.024592690 0.032406159 8.387446404
-0.000770520 -0.063423216 0.997986317 22.140615463 -0.024050828 0.997699261 0.063386418 0.947704673 -0.999710441 -0.023953570 -0.002294119 8.389957428
-0.034490857 -0.062354654 0.997457683 23.002746582 -0.025522055 0.997781157 0.061492350 0.979348302 -0.999079168 -0.023336262 -0.036005750 8.347126007
-0.067105323 -0.060622763 0.995902240 23.822462082 -0.027700024 0.997880816 0.058876738 1.009357452 -0.997361362 -0.023635590 -0.068642363 8.293899536
-0.099332407 -0.057542711 0.993388772 24.663257599 -0.028863352 0.998073101 0.054927878 1.056664348 -0.994635642 -0.023216432 -0.100801900 8.213847160
-0.131311774 -0.052861936 0.989930451 25.466606140 -0.027004560 0.998397470 0.049731974 1.078332424 -0.990973294 -0.020202255 -0.132528901 8.101203918
-0.163407281 -0.047590628 0.985409558 26.338270187 -0.022131402 0.998761475 0.044565432 1.094309568 -0.986310422 -0.014526199 -0.164258167 7.912330627
-0.195331603 -0.041388672 0.979863405 27.159332275 -0.015896440 0.999111354 0.039032809 1.095032573 -0.980608344 -0.007951998 -0.195815951 7.681833267
-0.224054173 -0.035769060 0.973919928 27.969369888 -0.009906459 0.999358058 0.034424301 1.112513304 -0.974526227 -0.001935188 -0.224264666 7.502308846
-0.251261801 -0.028845828 0.967489004 28.802845001 -0.001206223 0.999564290 0.029488882 1.145175576 -0.967918277 0.006242428 -0.251187027 7.297221184
-0.277349502 -0.018615965 0.960588813 29.605316162 0.004417808 0.999776840 0.020650975 1.155480385 -0.960758984 0.009971233 -0.277205497 7.055740833
-0.302457422 -0.003676356 0.953155875 30.384798050 0.008773375 0.999939263 0.006640798 1.135134578 -0.953122497 0.010370953 -0.302407026 6.786087990
-0.328239530 0.013286276 0.944500983 31.141206741 0.009376074 0.999897361 -0.010807096 1.091456532 -0.944547892 0.005308397 -0.328330606 6.532093048
-0.353133976 0.028051784 0.935151875 31.923875809 0.008877508 0.999605477 -0.026632858 1.065877676 -0.935530722 -0.001103149 -0.353243917 6.229880333
-0.376883894 0.038459413 0.925461531 32.707386017 0.013402671 0.999259472 -0.036068134 1.036183476 -0.926163495 -0.001189842 -0.377120316 5.907147408
-0.400413990 0.043645620 0.915294111 33.455749512 0.016859286 0.999047041 -0.040263895 0.990709782 -0.916179299 -0.000691024 -0.400768250 5.553611755
-0.423414230 0.042962179 0.904916763 34.195785522 0.019114448 0.999076605 -0.038488768 0.938801885 -0.905734420 0.001000291 -0.423844278 5.189039230
-0.443856180 0.039604448 0.895222306 34.942474365 0.023996303 0.999189854 -0.032306451 0.919223011 -0.895776629 0.007142612 -0.444447070 4.815756798
-0.461490095 0.038044415 0.886329174 35.671585083 0.030092010 0.999176443 -0.027220041 0.886971533 -0.886634707 0.014109652 -0.462254971 4.394307137
-0.475369871 0.038907684 0.878924966 36.382995605 0.034083590 0.999086022 -0.025792653 0.823511481 -0.879125237 0.017695889 -0.476261824 4.023526192
-0.486702055 0.042141061 0.872550786 37.095100403 0.036251899 0.998949647 -0.028024647 0.758220375 -0.872815549 0.017991979 -0.487718552 3.619544983
-0.496481478 0.045273084 0.866865575 37.782035828 0.039125569 0.998791397 -0.029754579 0.733493447 -0.867165148 0.019144032 -0.497652620 3.218823433
-0.507541239 0.044292718 0.860488057 38.467033386 0.032556191 0.998950422 -0.032217313 0.660591602 -0.861012161 0.011662600 -0.508450747 2.836372375
-0.518113315 0.042961355 0.854232013 39.167167664 0.030953567 0.999024868 -0.031469200 0.661969543 -0.854751706 0.010136912 -0.518938363 2.404630661
-0.526577711 0.044467364 0.848963141 39.841842651 0.033456866 0.998941362 -0.031571042 0.622349262 -0.849468410 0.011779048 -0.527508020 1.987148285
-0.541540861 0.048073154 0.839298487 40.520603180 0.038010482 0.998742700 -0.032680236 0.571314692 -0.839814782 0.014204471 -0.542686999 1.542541504
-0.545091093 0.051585715 0.836788058 41.211200714 0.039320704 0.998579741 -0.035945855 0.535093307 -0.837454200 0.013309334 -0.546345472 1.095697403
-0.544327974 0.052968532 0.837198496 41.911499023 0.038261786 0.998533428 -0.038299017 0.480378747 -0.837999523 0.011185488 -0.545556486 0.628601074
-0.541078866 0.054064911 0.839232147 42.639389038 0.040875021 0.998442531 -0.037968136 0.445419908 -0.839977920 0.013759880 -0.542446017 0.161979675
-0.535695434 0.052909967 0.842751980 43.381172180 0.039127372 0.998518109 -0.037818000 0.409117341 -0.843504250 0.012715745 -0.536971927 -0.281641006
-0.521495104 0.050497226 0.851758599 44.144561768 0.036060236 0.998659492 -0.037128225 0.370765567 -0.852491796 0.011352430 -0.522616923 -0.712669373
-0.514340937 0.049547836 0.856153309 44.915786743 0.033726931 0.998725712 -0.037537180 0.319219708 -0.856922328 0.009568504 -0.515356839 -1.185403824
-0.508076370 0.048294850 0.859956980 45.725730896 0.030975826 0.998805225 -0.037791520 0.275232673 -0.860754788 0.007436884 -0.508965671 -1.640872955
-0.503705978 0.046146322 0.862641752 46.543422699 0.027018778 0.998925030 -0.037660163 0.227542281 -0.863452435 0.004337863 -0.504411876 -2.100507736
-0.502229989 0.043007139 0.863663852 47.369937897 0.021841513 0.999074459 -0.037049025 0.171952367 -0.864458144 0.000256570 -0.502705216 -2.566492081
-0.502194285 0.040548030 0.863803566 48.198009491 0.019410083 0.999176860 -0.035618078 0.129516959 -0.864537001 -0.001120698 -0.502568126 -3.054445267
-0.503494799 0.038890623 0.863122463 49.058898926 0.017672736 0.999240875 -0.034714617 0.079656243 -0.863817453 -0.002224890 -0.503800094 -3.543294907
-0.503857255 0.038787365 0.862915576 49.936000824 0.017906258 0.999245465 -0.034459803 0.032343507 -0.863601208 -0.001911229 -0.504171908 -4.039741516
-0.504038692 0.037712879 0.862857163 50.802799225 0.017641461 0.999287248 -0.033370562 -0.019637585 -0.863500893 -0.001597992 -0.504344821 -4.544548035
-0.504373252 0.037423659 0.862674534 51.698776245 0.017919701 0.999298632 -0.032873608 -0.066571236 -0.863299847 -0.001121697 -0.504690289 -5.063386917
-0.504236519 0.037072655 0.862769365 52.588417053 0.017733067 0.999311984 -0.032575883 -0.116908193 -0.863383293 -0.001126409 -0.504547119 -5.585372925
-0.504233360 0.035550576 0.862835228 53.479221344 0.016214125 0.999365747 -0.031700522 -0.159687996 -0.863415122 -0.001994344 -0.504490137 -6.099153519
-0.512654245 0.032494109 0.857979596 54.374267578 0.015833721 0.999471307 -0.028391913 -0.216963768 -0.858448744 -0.000970233 -0.512898266 -6.613021851
-0.511948884 0.031073036 0.858453751 55.253875732 0.014439142 0.999515593 -0.027568031 -0.265715480 -0.858894646 -0.001718091 -0.512149692 -7.135656357
-0.502575397 0.032258302 0.863931477 56.150234222 0.013634546 0.999474883 -0.029387737 -0.324276686 -0.864426136 -0.002990242 -0.502751470 -7.645004272
-0.500637352 0.030632863 0.865114808 57.045753479 0.014225705 0.999529779 -0.027160019 -0.373160243 -0.865540326 -0.001290452 -0.500837862 -8.151214600
-0.498171300 0.029241819 0.866585135 57.926181793 0.014654769 0.999572158 -0.025304729 -0.421982467 -0.866954565 0.000093504 -0.498387158 -8.657278061
-0.496047705 0.028923001 0.867813349 58.822723389 0.014413511 0.999581575 -0.025075797 -0.476074159 -0.868175566 0.000069447 -0.496257126 -9.170284271
-0.494025141 0.029429205 0.868949294 59.713829041 0.015221423 0.999566436 -0.025199031 -0.519204140 -0.869314313 0.000777688 -0.494259000 -9.667819977
-0.492520601 0.029588100 0.869797707 60.608745575 0.014872995 0.999561846 -0.025580537 -0.574090958 -0.870173395 0.000337553 -0.492744952 -10.155284882
-0.493394226 0.030640127 0.869265974 61.494453430 0.013950064 0.999529362 -0.027313663 -0.620620251 -0.869693935 -0.001350091 -0.493589699 -10.637987137
-0.496309727 0.032039504 0.867554188 62.372035980 0.012565002 0.999479055 -0.029723438 -0.676405311 -0.868054628 -0.003851217 -0.496453941 -11.138406754
-0.500765800 0.032569554 0.864969850 63.243721008 0.011183120 0.999451637 -0.031158980 -0.734844208 -0.865510583 -0.005930298 -0.500855744 -11.628309250
-0.506125927 0.031842984 0.861871839 64.139724731 0.012051297 0.999481380 -0.029850179 -0.775990725 -0.862375379 -0.004721286 -0.506247520 -12.163478851
-0.511372268 0.029850816 0.858840644 64.991546631 0.015410162 0.999554276 -0.025566079 -0.812148869 -0.859221280 0.000161086 -0.511604369 -12.683820724
-0.525464892 0.026908575 0.850389719 65.857536316 0.012384256 0.999635935 -0.023978740 -0.868795395 -0.850725353 -0.002068549 -0.525606513 -13.186794281
-0.530138195 0.028714871 0.847424686 66.698768616 0.013212178 0.999584734 -0.025605420 -0.931155324 -0.847808361 -0.002378084 -0.530297518 -13.714784622
-0.535163879 0.030908009 0.844182491 67.527923584 0.013975107 0.999517500 -0.027735857 -0.981152534 -0.844632626 -0.003045686 -0.535337746 -14.241086960
-0.539620638 0.029683974 0.841384590 68.381538391 0.012537153 0.999550462 -0.027223356 -1.026061177 -0.841814518 -0.004141732 -0.539750874 -14.727165222
-0.543356895 0.030498350 0.838947594 69.193977356 0.012166359 0.999520898 -0.028455960 -1.072360277 -0.839413643 -0.005254811 -0.543467700 -15.249565125
-0.546379447 0.029606931 0.837014318 70.010383606 0.012107589 0.999549747 -0.027452644 -1.134041309 -0.837450266 -0.004865345 -0.546492100 -15.789587021
-0.549753904 0.023104127 0.835006952 70.836364746 0.014072685 0.999731660 -0.018396739 -1.168456435 -0.835208058 0.001637100 -0.549931765 -16.303735733
-0.543252409 0.017293101 0.839391112 71.663528442 0.013775287 0.999836981 -0.011683230 -1.211169481 -0.839456320 0.005215902 -0.543402135 -16.825984955
-0.545083821 0.015303093 0.838241696 72.487258911 0.013778705 0.999861777 -0.009293770 -1.234565735 -0.838268161 0.006484000 -0.545219600 -17.357477188
-0.545909107 0.020255163 0.837599397 73.289268494 0.014136119 0.999788046 -0.014963986 -1.281269431 -0.837725163 0.003671425 -0.546079874 -17.877370834
-0.547146678 0.024108913 0.836689472 74.096054077 0.014201417 0.999708533 -0.019519340 -1.329622269 -0.836916089 0.001202226 -0.547329903 -18.405641556
-0.548039913 0.030147457 0.835908711 74.900039673 0.021214157 0.999529481 -0.022140063 -1.351291180 -0.836182952 0.005599451 -0.548421979 -18.920354843
-0.548043430 0.031833429 0.835843742 75.685539246 0.024998821 0.999452174 -0.021673389 -1.388942003 -0.836076260 0.009017154 -0.548539221 -19.450138092
-0.547622383 0.028651360 0.836234808 76.479873657 0.024546834 0.999533296 -0.018171467 -1.433210611 -0.836365461 0.010575821 -0.548070252 -19.955984116
-0.546867788 0.023619000 0.836885631 77.292839050 0.022664519 0.999653041 -0.013402465 -1.461821795 -0.836912215 0.011638239 -0.547213495 -20.489849091
-0.546097457 0.017716829 0.837534189 78.083541870 0.020874890 0.999753475 -0.007537320 -1.490407825 -0.837461650 0.013367327 -0.546332717 -21.006305695
-0.545486450 0.010862873 0.838049054 78.890029907 0.011521522 0.999918520 -0.005461706 -1.528197169 -0.838040531 0.006676314 -0.545567334 -21.508731842
-0.544130206 0.005809884 0.838980675 79.705238342 0.003525304 0.999982774 -0.004638473 -1.542176962 -0.838993609 0.000433722 -0.544141293 -22.005968094
-0.542184532 0.006203349 0.840236485 80.479064941 0.006620430 0.999973178 -0.003110705 -1.567445159 -0.840233743 0.003876138 -0.542210996 -22.492298126
-0.539186537 0.009641478 0.842131078 81.262596130 0.012004958 0.999920607 -0.003761650 -1.594098210 -0.842100680 0.008081520 -0.539259911 -23.008831024
-0.533876598 0.013669001 0.845451832 82.060661316 0.013809129 0.999876678 -0.007445662 -1.610983849 -0.845449567 0.007699892 -0.533999860 -23.502473831
-0.526066899 0.015115412 0.850308776 82.856460571 0.018327210 0.999811053 -0.006434395 -1.642900825 -0.850245714 0.012198871 -0.526244819 -23.993715286
-0.518189251 0.017244190 0.855092108 83.662300110 0.025038168 0.999673843 -0.004986669 -1.685790300 -0.854899406 0.018825909 -0.518452227 -24.494091034
-0.508542895 0.017776284 0.860853076 84.450790405 0.025091283 0.999668002 -0.005820266 -1.696944952 -0.860670984 0.018640054 -0.508820355 -24.943597794
-0.497257859 0.015171763 0.867470324 85.276054382 0.021374004 0.999757528 -0.005233280 -1.714892387 -0.867339730 0.015939035 -0.497461706 -25.401483536
-0.485818803 0.011624031 0.873982131 86.070915222 0.022431452 0.999747992 -0.000827797 -1.738361955 -0.873771667 0.019202530 -0.485957116 -25.850112915
-0.474445492 0.010866012 0.880217671 86.897750854 0.022489849 0.999746919 -0.000219324 -1.756230354 -0.879997551 0.019691907 -0.474569887 -26.285911560
-0.462400734 0.009374989 0.886621356 87.752540588 0.021428581 0.999770105 0.000604271 -1.784126520 -0.886411965 0.019278457 -0.462495476 -26.716218948
-0.450669825 0.012568754 0.892602205 88.545654297 0.027195886 0.999629974 -0.000344764 -1.785898209 -0.892276227 0.024119737 -0.450845093 -27.118690491
-0.438639790 0.013872159 0.898555756 89.375694275 0.024184082 0.999700963 -0.003627935 -1.841578007 -0.898337364 0.020139396 -0.438844293 -27.511871338
-0.426215798 0.025183357 0.904270887 90.247718811 0.027988441 0.999500871 -0.014643477 -1.860037804 -0.904188514 0.019067865 -0.426708013 -27.908525467
-0.414160222 0.028830718 0.909747243 91.043914795 0.026691169 0.999453008 -0.019522484 -1.894135237 -0.909812689 0.016196797 -0.414703190 -28.257709503
-0.402318746 0.025162762 0.915153742 91.920288086 0.024036394 0.999567747 -0.016916931 -1.919190884 -0.915184021 0.015191017 -0.402749717 -28.640731812
-0.390775442 0.020658199 0.920254171 92.744361877 0.023740096 0.999641597 -0.012359357 -1.973035097 -0.920179904 0.017017206 -0.391125858 -28.976776123
-0.380581915 0.021416377 0.924499154 93.584022522 0.021937802 0.999659419 -0.014126519 -1.990607500 -0.924487114 0.014905212 -0.380921930 -29.329799652
-0.373845130 0.024948016 0.927155495 94.432052612 0.016348718 0.999660015 -0.020306896 -2.025553942 -0.927347064 0.007566169 -0.374125957 -29.653177261
-0.368232697 0.031141203 0.929211855 95.283889771 0.010640149 0.999514401 -0.029280763 -2.053911686 -0.929672778 -0.000895182 -0.368385255 -29.978691101
-0.365471691 0.032845724 0.930243015 96.135963440 0.007540646 0.999448657 -0.032326754 -2.098829031 -0.930791974 -0.004799878 -0.365517944 -30.291545868
-0.362147838 0.031791240 0.931578338 96.963172913 0.005740329 0.999475241 -0.031876773 -2.151959181 -0.932103038 -0.006196539 -0.362140328 -30.605972290
-0.356956720 0.031791028 0.933579743 97.829231262 0.004868352 0.999470353 -0.032173369 -2.206160545 -0.934108317 -0.006939506 -0.356922418 -30.925079346
-0.351117700 0.028070323 0.935910344 98.679389954 0.002364961 0.999574006 -0.029092524 -2.241036892 -0.936328113 -0.008001514 -0.351034343 -31.230787277
-0.345728874 0.024498060 0.938014507 99.539848328 0.002239623 0.999677718 -0.025283050 -2.291062117 -0.938331902 -0.006640283 -0.345672339 -31.545166016
-0.339974374 0.021638487 0.940185487 100.398712158 0.001051473 0.999743402 -0.022628997 -2.332862139 -0.940434217 -0.006704702 -0.339909792 -31.838331223
-0.334099591 0.019829173 0.942328990 101.243461609 -0.004381895 0.999735296 -0.022590738 -2.372497559 -0.942527711 -0.011676740 -0.333924025 -32.123710632
-0.328188717 0.019342726 0.944413960 102.074394226 -0.015925378 0.999534786 -0.026005814 -2.403370619 -0.944478095 -0.023574973 -0.327728093 -32.390857697
-0.321644098 0.022808108 0.946585715 102.925117493 -0.013278974 0.999502718 -0.028595259 -2.448671818 -0.946767688 -0.021767192 -0.321181357 -32.672401428
-0.314434916 0.027030066 0.948893905 103.780662537 -0.010782446 0.999428034 -0.032042548 -2.498306751 -0.949218035 -0.020306695 -0.313963711 -32.947418213
-0.307927877 0.025592165 0.951065004 104.618560791 -0.011553499 0.999463558 -0.030635199 -2.537369728 -0.951339841 -0.020421561 -0.307466954 -33.211681366
-0.300981522 0.020225057 0.953415275 105.484352112 -0.013046746 0.999594033 -0.025323350 -2.581035376 -0.953540862 -0.020060834 -0.300595552 -33.469627380
-0.293698877 0.017804170 0.955731928 106.347137451 -0.012924273 0.999661028 -0.022594180 -2.621635437 -0.955810726 -0.018988032 -0.293369412 -33.723819733
-0.294835836 0.020269867 0.955332637 107.204895020 -0.015802413 0.999534607 -0.026084691 -2.665677071 -0.955417514 -0.022787271 -0.294378549 -33.983089447
-0.288335562 0.023932522 0.957230210 108.065391541 -0.015370381 0.999443114 -0.029617768 -2.704089642 -0.957406104 -0.023252852 -0.287807107 -34.231998444
-0.274314910 0.024548987 0.961326301 108.928855896 -0.016891535 0.999396980 -0.030341174 -2.743819237 -0.961491644 -0.024561327 -0.273734838 -34.456462860
-0.267106503 0.023271061 0.963385999 109.798377991 -0.017512284 0.999425828 -0.028997062 -2.790577650 -0.963508010 -0.024616392 -0.266545713 -34.693733215
-0.259119242 0.023692027 0.965554655 110.663291931 -0.014534512 0.999490201 -0.028425245 -2.831209421 -0.965736091 -0.021399396 -0.258642942 -34.919475555
-0.251693726 0.024840653 0.967488229 111.521499634 -0.009661909 0.999556124 -0.028177585 -2.873473167 -0.967758954 -0.016439898 -0.251342267 -35.134948730
-0.253249466 0.023377595 0.967118382 112.385032654 -0.007763280 0.999626517 -0.026196280 -2.915304899 -0.967369795 -0.014142213 -0.252973408 -35.351623535
-0.246766567 0.022168655 0.968821287 113.230361938 -0.014860265 0.999534130 -0.026656458 -2.957459688 -0.968961000 -0.020974867 -0.246322230 -35.545360565
-0.240851551 0.019917373 0.970357656 114.113639832 -0.019855527 0.999478996 -0.025443438 -3.001074314 -0.970358968 -0.025395053 -0.240330637 -35.750835419
-0.227367029 0.022327049 0.973553419 115.002906799 -0.015755083 0.999521852 -0.026602112 -3.041896820 -0.973681808 -0.021386860 -0.226906583 -35.948684692
-0.230540976 0.022080993 0.972812116 115.856857300 -0.013858176 0.999566495 -0.025972443 -3.078558445 -0.972963989 -0.019469118 -0.230135143 -36.136795044
-0.227003932 0.023325644 0.973614335 116.726440430 -0.012687785 0.999557376 -0.026905416 -3.116317749 -0.973811150 -0.018460652 -0.226607546 -36.323913574
-0.221018404 0.022276789 0.975015044 117.593185425 -0.007369262 0.999672353 -0.024510631 -3.156269312 -0.975241899 -0.012602448 -0.220781878 -36.521129608
-0.207396075 0.021930514 0.978010833 118.450202942 0.000186457 0.999749422 -0.022378432 -3.196771622 -0.978257298 -0.004458844 -0.207348183 -36.695587158
-0.202524394 0.021116624 0.979049385 119.329780579 0.002597765 0.999775648 -0.021026287 -3.243744373 -0.979273856 -0.001714997 -0.202533796 -36.875129700
-0.198478565 0.022886552 0.979837835 120.180328369 0.001538139 0.999733448 -0.023039689 -3.268514633 -0.980103970 -0.003065759 -0.198460892 -37.034019470
-0.194568038 0.024837745 0.980574429 121.069297791 -0.000107211 0.999678850 -0.025342917 -3.307396173 -0.980889022 -0.005036055 -0.194502935 -37.204776764
-0.192850098 0.024220219 0.980929136 121.955581665 -0.001820843 0.999684691 -0.025041290 -3.341370583 -0.981226623 -0.006615336 -0.192745209 -37.365470886
-0.191772938 0.023016144 0.981169224 122.814430237 -0.003982771 0.999698400 -0.024229243 -3.388232470 -0.981431425 -0.008554290 -0.191623434 -37.526504517
-0.198311493 0.019288307 0.979949057 123.696586609 -0.001334633 0.999799788 -0.019949123 -3.423849344 -0.980138421 -0.005264017 -0.198246121 -37.698596954
-0.197414175 0.013905313 0.980221570 124.560447693 -0.000222313 0.999898732 -0.014229221 -3.454128504 -0.980320096 -0.003026967 -0.197391137 -37.857585907
-0.197125256 0.008712268 0.980339885 125.418731689 -0.002676219 0.999951899 -0.009424691 -3.496768236 -0.980374336 -0.004481450 -0.197092563 -38.010341644
-0.196469873 0.014241356 0.980406404 126.289360046 -0.004607477 0.999870002 -0.015447403 -3.523274422 -0.980499148 -0.007552148 -0.196378723 -38.156005859
-0.195937946 0.016622651 0.980475366 127.134384155 -0.006427546 0.999813020 -0.018234968 -3.568218708 -0.980595410 -0.009874970 -0.195794433 -38.340042114
-0.195943430 0.016756220 0.980471909 127.979049683 -0.007468527 0.999799430 -0.018579073 -3.589801550 -0.980587006 -0.010963127 -0.195778921 -38.496719360
-0.187480554 0.017553868 0.982111216 128.844421387 -0.008426118 0.999774456 -0.019478070 -3.628168583 -0.982232571 -0.011927142 -0.187290311 -38.635494232
-0.186945379 0.017005926 0.982223034 129.693298340 -0.006395181 0.999807835 -0.018527571 -3.668795824 -0.982349515 -0.009745141 -0.186800733 -38.797172546
-0.186017364 0.019806623 0.982346714 130.533203125 -0.007366341 0.999740422 -0.021552214 -3.709241629 -0.982518911 -0.011245386 -0.185823143 -38.956161499
-0.185856923 0.020777669 0.982357204 131.372573853 -0.016366245 0.999572039 -0.024238190 -3.736752748 -0.982440531 -0.020582333 -0.185437337 -39.104503632
-0.185551092 0.023549583 0.982352436 132.222656250 -0.018344728 0.999455392 -0.027424622 -3.769191027 -0.982463181 -0.023109658 -0.185017973 -39.239994049
-0.185264990 0.027941799 0.982291162 133.047409058 -0.014756481 0.999403775 -0.031211715 -3.811728477 -0.982577860 -0.020277608 -0.184742242 -39.393196106
-0.184632286 0.028225640 0.982402086 133.883285522 -0.013104905 0.999427795 -0.031177733 -3.857257128 -0.982720196 -0.018630713 -0.184156775 -39.546913147
-0.183204994 0.029424639 0.982633889 134.685928345 -0.014197167 0.999368310 -0.032572702 -3.899316788 -0.982971907 -0.019918118 -0.182671577 -39.681716919
-0.181157961 0.029662345 0.983006418 135.520065308 -0.005607850 0.999497473 -0.031193426 -3.931458473 -0.983438075 -0.011163495 -0.180900648 -39.841281891
-0.177813902 0.025632873 0.983730316 136.335174561 -0.000540016 0.999657869 -0.026145505 -3.986862183 -0.984063983 -0.005180267 -0.177739233 -39.995368958
-0.176155284 0.020685110 0.984144986 137.140747070 0.002423798 0.999785185 -0.020579999 -4.024499893 -0.984359384 -0.001239908 -0.176167592 -40.143650055
-0.172007963 0.020214053 0.984888077 137.960601807 0.006006282 0.999792218 -0.019470965 -4.057462215 -0.985077083 0.002566356 -0.172093645 -40.289104462
-0.166992113 0.024998300 0.985641181 138.759384155 0.005180529 0.999686778 -0.024476824 -4.101810932 -0.985944688 0.001018707 -0.167069346 -40.419563293
-0.160149425 0.028427705 0.986683130 139.574127197 0.008659991 0.999586999 -0.027393868 -4.138489723 -0.987054825 0.004157562 -0.160329506 -40.551204681
-0.152127758 0.029932603 0.987907410 140.356201172 0.005237999 0.999551713 -0.029478809 -4.172076702 -0.988346994 0.000690114 -0.152216360 -40.671142578
-0.142561793 0.024601253 0.989480197 141.165832520 0.007667726 0.999688447 -0.023750314 -4.203768730 -0.989756346 0.004201174 -0.142706051 -40.778755188
-0.130136803 0.023537070 0.991216660 141.970489502 0.017287025 0.999620020 -0.021467004 -4.244789124 -0.991345346 0.014341540 -0.130494311 -40.888229370
-0.117243603 0.025675811 0.992771029 142.733230591 0.016180385 0.999582350 -0.023941096 -4.279591560 -0.992971539 0.013256477 -0.117610157 -40.973541260
-0.102594227 0.026747197 0.994363427 143.542434692 0.013278693 0.999586165 -0.025517629 -4.321359158 -0.994634748 0.010585885 -0.102906957 -41.054000854
-0.088828459 0.026605809 0.995691121 144.320419312 0.017852478 0.999525189 -0.025115566 -4.346987724 -0.995887160 0.015544585 -0.089261219 -41.118335724
-0.074935839 0.027441584 0.996810675 145.145309448 0.018287897 0.999490917 -0.026140573 -4.389610767 -0.997020543 0.016270712 -0.075399548 -41.177581787
-0.061007712 0.034065053 0.997555852 145.883850098 0.018753888 0.999279976 -0.032977004 -4.435788155 -0.997960746 0.016696204 -0.061602656 -41.220245361
-0.048390418 0.043643977 0.997874439 146.618835449 0.014462558 0.998970807 -0.042990588 -4.473123074 -0.998723745 0.012351487 -0.048971824 -41.234989166
-0.034964852 0.051598791 0.998055518 147.382476807 0.005367490 0.998661518 -0.051442079 -4.521118164 -0.999374330 0.003558389 -0.035195019 -41.241962433
-0.021393731 0.053106133 0.998359621 148.168197632 0.005580454 0.998579204 -0.052998211 -4.562775135 -0.999755979 0.004437472 -0.021659685 -41.251319885
-0.009668789 0.049646989 0.998720050 148.956451416 0.004868086 0.998757184 -0.049601708 -4.618066788 -0.999941289 0.004382267 -0.009898462 -41.237430573
0.001867758 0.046932444 0.998896360 149.728546143 0.006027609 0.998879433 -0.046942916 -4.675089836 -0.999979913 0.006108635 0.001582772 -41.224849701
0.010541148 0.051845327 0.998599648 150.482513428 -0.002504671 0.998653293 -0.051821657 -4.747752666 -0.999940872 -0.001954901 0.010656807 -41.204078674
0.016935904 0.061038885 0.997991621 151.221954346 -0.011156618 0.998084247 -0.060855217 -4.790599823 -0.999794185 -0.010103573 0.017584449 -41.181755066
0.020477049 0.064684443 0.997695506 151.991394043 -0.013864919 0.997827411 -0.064408414 -4.843322277 -0.999694049 -0.012514075 0.021329410 -41.155136108
0.020071421 0.059707329 0.998013914 152.739334106 -0.011970106 0.998157978 -0.059475198 -4.894494057 -0.999727011 -0.010752583 0.020749155 -41.125190735
0.018561224 0.053775582 0.998380542 153.491806030 -0.009228067 0.998519242 -0.053611510 -4.972377300 -0.999785125 -0.008218030 0.019029990 -41.105854034
0.015769072 0.051249538 0.998561382 154.225677490 -0.008265174 0.998658061 -0.051124003 -5.011480331 -0.999841571 -0.007447108 0.016171504 -41.095249176
0.012875551 0.051655848 0.998581946 154.994216919 -0.009739826 0.998623669 -0.051532477 -5.069638252 -0.999869883 -0.009062510 0.013360956 -41.081310272
0.009152183 0.051753160 0.998617768 155.739227295 -0.007732767 0.998633504 -0.051683091 -5.117526054 -0.999928176 -0.007249068 0.009539877 -41.067325592
0.004531202 0.050383866 0.998719513 156.482910156 -0.008331602 0.998697042 -0.050344925 -5.178205490 -0.999954879 -0.008092813 0.004945082 -41.064231873
-0.001092879 0.050966538 0.998699486 157.223724365 -0.010315998 0.998646557 -0.050975107 -5.224613190 -0.999946117 -0.010358294 -0.000565628 -41.054164886
-0.006959721 0.049128093 0.998767853 157.979675293 -0.010486212 0.998733878 -0.049199462 -5.272482872 -0.999920726 -0.010815709 -0.006435738 -41.056446075
-0.013081027 0.046196304 0.998846114 158.687179565 -0.008312314 0.998892426 -0.046307292 -5.327696800 -0.999880016 -0.008908466 -0.012682546 -41.067691803
-0.018346183 0.045462139 0.998797476 159.420547485 -0.006618511 0.998938262 -0.045590114 -5.374333382 -0.999809802 -0.007446955 -0.018025817 -41.076248169
-0.024008868 0.046147235 0.998645961 160.156265259 -0.007908816 0.998893857 -0.046348844 -5.419726849 -0.999680579 -0.009010888 -0.023617350 -41.092861176
-0.027780501 0.049116656 0.998406529 160.888702393 -0.009027339 0.998738945 -0.049384203 -5.471995354 -0.999573231 -0.010384874 -0.027302079 -41.102432251
-0.030256290 0.050579935 0.998261392 161.593856812 -0.008163553 0.998672903 -0.050848216 -5.526144028 -0.999508798 -0.009687840 -0.029803228 -41.121017456
-0.032195352 0.052951362 0.998077631 162.340942383 -0.010401705 0.998523772 -0.053310581 -5.581218243 -0.999427617 -0.012098066 -0.031597044 -41.145160675
-0.031570874 0.051917732 0.998152196 163.062713623 -0.005794578 0.998623550 -0.052125540 -5.623221397 -0.999484718 -0.007429520 -0.031226592 -41.173538208
-0.027704753 0.047843352 0.998470545 163.782684326 -0.004967003 0.998834908 -0.047998656 -5.680111408 -0.999603629 -0.006289197 -0.027434852 -41.184154510
-0.020380193 0.047584672 0.998659313 164.484832764 -0.003173764 0.998858452 -0.047658958 -5.729852676 -0.999787092 -0.004140805 -0.020205919 -41.198120117
-0.009071207 0.048750512 0.998769701 165.181671143 0.000166832 0.998810768 -0.048751019 -5.775048256 -0.999958515 -0.000275605 -0.009068573 -41.199050903
0.004979358 0.048750862 0.998798192 165.861663818 0.003195293 0.998804510 -0.048767127 -5.822788239 -0.999981821 0.003434283 0.004817597 -41.187068939
0.019892903 0.046682626 0.998711586 166.561233521 0.002626272 0.998903513 -0.046743903 -5.862745762 -0.999798715 0.003552759 0.019748488 -41.171772003
0.036197513 0.041257370 0.998492599 167.254882812 -0.002637824 0.999147832 -0.041188817 -5.912720680 -0.999341249 -0.001142915 0.036275513 -41.127651215
0.052639708 0.035086807 0.997996926 167.926651001 -0.004509788 0.999380589 -0.034897588 -5.951776505 -0.998603404 -0.002663755 0.052765358 -41.074939728
0.069105148 0.027720826 0.997224092 168.609771729 -0.003502682 0.999614358 -0.027544551 -5.984179974 -0.997603238 -0.001589490 0.069175601 -41.023452759
0.087667458 0.020463705 0.995939493 169.288101196 -0.003890272 0.999788105 -0.020200359 -6.019618034 -0.996141672 -0.002103566 0.087728530 -40.945148468
0.105161153 0.014505981 0.994349301 169.945312500 -0.005656912 0.999885976 -0.013988482 -6.048146248 -0.994439065 -0.004153905 0.105231263 -40.863456726
0.123033956 0.012361305 0.992325425 170.616287231 -0.003286303 0.999921679 -0.012048479 -6.067700386 -0.992397070 -0.001778713 0.123065010 -40.774749756
0.140934616 0.011021519 0.989957452 171.254165649 -0.005778877 0.999929428 -0.010309835 -6.092029095 -0.990001976 -0.004267831 0.140988499 -40.663658142
0.158552662 0.010680643 0.987292647 171.896362305 -0.007623774 0.999924779 -0.009592973 -6.114314556 -0.987321019 -0.006005906 0.158622220 -40.545097351
0.174802870 0.010053459 0.984552026 172.553100586 -0.012576542 0.999888837 -0.007977160 -6.122176170 -0.984522998 -0.010987832 0.174909994 -40.419921875
0.188851044 0.006368701 0.981984913 173.163360596 -0.015457436 0.999873996 -0.003512015 -6.148840427 -0.981883764 -0.014515725 0.188925862 -40.275154114
0.201255873 0.001891088 0.979536772 173.803451538 -0.010568744 0.999944031 0.000240971 -6.166565418 -0.979481637 -0.010400970 0.201264620 -40.140907288
0.212209076 0.000443243 0.977223992 174.430007935 -0.008342544 0.999964178 0.001358069 -6.186255932 -0.977188647 -0.008440730 0.212205172 -40.002319336
0.221529409 0.003993782 0.975145161 175.007141113 -0.011098696 0.999937117 -0.001573961 -6.205629826 -0.975090325 -0.010474164 0.221559718 -39.855270386
0.230543450 0.010982920 0.972999930 175.609817505 -0.016446413 0.999837220 -0.007389025 -6.229945660 -0.972922981 -0.014298866 0.230686620 -39.690330505
0.239526957 0.020724997 0.970668375 176.192443848 -0.014510932 0.999736488 -0.017764851 -6.242140770 -0.970781207 -0.009830140 0.239764765 -39.538948059
0.247942552 0.027601546 0.968381405 176.776611328 -0.009934910 0.999613643 -0.025948035 -6.246495247 -0.968723714 -0.003187157 0.248121142 -39.388519287
0.254684955 0.026568623 0.966658950 177.410003662 -0.010609693 0.999638438 -0.024679756 -6.264068127 -0.966965616 -0.003970388 0.254875094 -39.233833313
0.260693610 0.018641528 0.965241432 178.006454468 -0.010866723 0.999806702 -0.016374189 -6.280060768 -0.965360343 -0.006220367 0.260845929 -39.055511475
0.265143901 0.007809585 0.964177072 178.613204956 -0.015164180 0.999877155 -0.003928674 -6.305696964 -0.964089453 -0.013579297 0.265229881 -38.876750946
0.267500430 -0.001371982 0.963556647 179.213348389 -0.016228791 0.999850571 0.005929060 -6.336620331 -0.963421047 -0.017223395 0.267438293 -38.696670532
0.268112510 -0.002407856 0.963384390 179.827484131 -0.013551335 0.999888361 0.006270465 -6.358332634 -0.963292241 -0.014736340 0.268050045 -38.524230957
0.269160300 0.000913843 0.963094890 180.425247192 -0.009451120 0.999953628 0.001692524 -6.353296280 -0.963048875 -0.009557889 0.269156247 -38.362346649
0.270841688 0.000436817 0.962623835 181.022140503 -0.008752544 0.999959469 0.002008839 -6.359132767 -0.962584138 -0.008969482 0.270834655 -38.180465698
0.272337645 -0.001004682 0.962201297 181.638916016 -0.008666132 0.999956191 0.003496933 -6.361458778 -0.962162793 -0.009290905 0.272317082 -38.009197235
0.274844468 -0.005817475 0.961471081 182.241607666 -0.009895354 0.999911487 0.008878731 -6.382954597 -0.961437821 -0.011954361 0.274762601 -37.812408447
0.278241366 -0.011091408 0.960447192 182.873092651 -0.009455532 0.999853194 0.014285741 -6.390837669 -0.960464716 -0.013056418 0.278095663 -37.637855530
0.282377124 -0.014116393 0.959199727 183.505661011 -0.006617323 0.999839187 0.016662546 -6.399620056 -0.959280789 -0.011052443 0.282238394 -37.451210022
0.288465679 -0.015618068 0.957362592 184.107254028 -0.005408796 0.999824286 0.017940512 -6.388076782 -0.957474947 -0.010353407 0.288330793 -37.267581940
0.296185613 -0.018836381 0.954944432 184.744110107 -0.004348450 0.999768436 0.021069253 -6.388044357 -0.955120564 -0.010392943 0.296035349 -37.070964813
0.305837870 -0.021480097 0.951841056 185.341522217 -0.001292444 0.999734998 0.022976194 -6.399383068 -0.952082694 -0.008257193 0.305729330 -36.871051788
0.316838592 -0.019254351 0.948283851 185.969589233 -0.002804224 0.999770403 0.021236699 -6.405080795 -0.948475420 -0.009387808 0.316712081 -36.646888733
0.328589529 -0.015523326 0.944345057 186.579650879 -0.002428028 0.999847651 0.017280543 -6.404862404 -0.944469929 -0.007971100 0.328502059 -36.415828705
0.340171963 -0.012007141 0.940286577 187.178497314 -0.004114469 0.999889672 0.014256768 -6.393899918 -0.940354228 -0.008718535 0.340085149 -36.184303284
0.351981521 -0.011034043 0.935941815 187.808288574 -0.003024180 0.999911666 0.012925512 -6.390534878 -0.936002195 -0.007380002 0.351917207 -35.934272766
0.363327444 -0.014235995 0.931552649 188.435577393 -0.002956027 0.999860346 0.016432798 -6.401360512 -0.931656897 -0.008724187 0.363234758 -35.678234100
0.374103487 -0.016367480 0.927242517 189.052261353 -0.002340232 0.999824166 0.018592862 -6.406201363 -0.927384019 -0.009125624 0.373999625 -35.421752930
