1.000000000 0.000000000 -0.000000000 0.000000000 0.000000000 1.000000000 -0.000000000 -0.000000000 -0.000000000 -0.000000000 1.000000000 -0.000000000
0.999792124 0.001087845 -0.020360793 -0.023370962 -0.001087745 0.999999314 0.000048941 -0.019137207 0.020360233 -0.000026805 0.999793053 0.202595575
0.999119175 0.001689512 -0.041946230 -0.050913732 -0.001702988 0.999999140 -0.000281017 -0.040517623 0.041945576 0.000352428 0.999119776 0.418150090
0.997913914 0.003288516 -0.064472055 -0.087057173 -0.003337656 0.999994544 -0.000648172 -0.064255601 0.064469130 0.000861940 0.997918997 0.647956641
0.996151741 0.006648904 -0.087396304 -0.132985000 -0.006777787 0.999976614 -0.001179331 -0.088658320 0.087386353 0.001766865 0.996173386 0.892673395
0.993901191 0.011831045 -0.109637578 -0.189308982 -0.012084389 0.999925463 -0.001651426 -0.112453754 0.109610129 0.002966359 0.993970232 1.154841552
0.991299768 0.016011797 -0.130645622 -0.248324269 -0.016454217 0.999862327 -0.002304755 -0.137765635 0.130590417 0.004434672 0.991426722 1.436611687
0.988580814 0.018342352 -0.149574662 -0.310289661 -0.018964047 0.999817228 -0.002728532 -0.165505709 0.149496657 0.005534481 0.988747008 1.739042923
0.985908147 0.019334687 -0.166166635 -0.374468543 -0.020101115 0.999793576 -0.002930543 -0.194487359 0.166076055 0.006229259 0.986093289 2.063355644
0.983420992 0.019989416 -0.180233821 -0.441621039 -0.020998179 0.999773519 -0.003689499 -0.227098203 0.180119325 0.007413408 0.983616626 2.408413408
0.981279284 0.019469255 -0.191603772 -0.512123623 -0.020537689 0.999783014 -0.003589953 -0.262555455 0.191492316 0.007458388 0.981465975 2.775780032
0.979542702 0.019099101 -0.200325858 -0.586352807 -0.019932272 0.999799121 -0.002139828 -0.297976459 0.200245476 0.006088940 0.979727420 3.167042507
0.978293662 0.018651343 -0.206380308 -0.664127569 -0.019090508 0.999818382 -0.000133956 -0.335305940 0.206341119 0.004071023 0.978472086 3.577181340
0.977506022 0.019929024 -0.209964653 -0.748081323 -0.020045450 0.999797874 0.001574524 -0.375523223 0.209954201 0.002668981 0.977707556 4.004313432
0.977186014 0.021136431 -0.211330919 -0.832076709 -0.020826028 0.999776651 0.003697942 -0.414730076 0.211361113 0.000787919 0.977407430 4.448630039
0.977053128 0.021685266 -0.211890072 -0.916238604 -0.020758890 0.999762918 0.006595613 -0.453485258 0.211983065 -0.002044789 0.977271126 4.906390546
0.976947136 0.020377434 -0.212509815 -0.998818596 -0.018743236 0.999777975 0.009702558 -0.493855815 0.212659793 -0.005495425 0.977111144 5.374599891
0.976798884 0.017525124 -0.213442313 -1.080270975 -0.015406480 0.999814914 0.011588134 -0.535915556 0.213606345 -0.008031493 0.976886655 5.850883588
0.976617297 0.015246431 -0.214447099 -1.164005627 -0.013070200 0.999847905 0.011560531 -0.579379291 0.214590373 -0.008487106 0.976667787 6.336580047
0.976453411 0.015204127 -0.215193616 -1.255110279 -0.012793581 0.999839531 0.012590540 -0.620991621 0.215351185 -0.009540794 0.976490196 6.835741113
0.976351396 0.015117119 -0.215661823 -1.350669115 -0.012634759 0.999837021 0.012886731 -0.663160138 0.215821107 -0.009857194 0.976383200 7.349046121
0.976257169 0.013250953 -0.216211338 -1.445610723 -0.010741483 0.999861282 0.012781037 -0.707387996 0.216350135 -0.010155410 0.976263402 7.876780205
0.976202663 0.008122187 -0.216707226 -1.536784034 -0.005714958 0.999914858 0.011733031 -0.753872191 0.216783436 -0.010215256 0.976166761 8.418675115
0.976145304 0.004779065 -0.217064526 -1.632058544 -0.002676272 0.999947202 0.009982587 -0.803996293 0.217100464 -0.009163928 0.976106207 8.973221955
0.976201646 0.004390382 -0.216822411 -1.736216152 -0.002457529 0.999955138 0.009184856 -0.851791117 0.216853109 -0.008433752 0.976168363 9.543238940
0.976259108 0.006198641 -0.216518999 -1.846889446 -0.004285470 0.999948144 0.009309146 -0.899642363 0.216565936 -0.008159654 0.976233930 10.127420769
0.976211937 0.005915075 -0.216738686 -1.957063145 -0.004230812 0.999957713 0.008236510 -0.950158278 0.216778401 -0.007124138 0.976194625 10.726510988
0.976091327 0.003048446 -0.217340572 -2.063781608 -0.001829019 0.999981253 0.005810631 -1.006397697 0.217353988 -0.005274326 0.976078718 11.336766906
0.976081282 0.000242885 -0.217405106 -2.173746982 0.000494571 0.999994155 0.003339510 -1.066584948 0.217403963 -0.003366632 0.976075941 11.960392650
0.976149475 0.000919974 -0.217098959 -2.291819030 -0.000729152 0.999999606 0.000960558 -1.122807612 0.217100335 -0.000778446 0.976149517 12.596299035
0.976246175 0.001241711 -0.216661851 -2.414768781 -0.001160341 0.999999688 0.000504459 -1.179605776 0.216662132 -0.000241642 0.976247218 13.248098723
0.976307909 0.001491676 -0.216381657 -2.536042436 -0.001598265 0.999998793 -0.000317268 -1.242514750 0.216381050 0.000655399 0.976309068 13.909908839
0.976359515 0.000341378 -0.216153438 -2.658751142 -0.001340693 0.999989544 -0.004478962 -1.317588437 0.216149440 0.004663410 0.976349240 14.577513811
0.976582159 -0.000583657 -0.215144028 -2.782174809 -0.001433549 0.999957216 -0.009220330 -1.389588717 0.215139413 0.009313232 0.976539212 15.256606741
0.976811605 -0.004013080 -0.214061690 -2.902284599 0.000865090 0.999890466 -0.014797512 -1.456319608 0.214097758 0.014269040 0.976707772 15.947569883
0.977005370 -0.003526989 -0.213187581 -3.027742637 0.000762823 0.999915067 -0.013046780 -1.525447348 0.213215428 0.012584277 0.976924317 16.656350197
0.977333425 -0.003661656 -0.211673498 -3.155522626 0.002250711 0.999973717 -0.006905707 -1.604027312 0.211693770 0.006272649 0.977316490 17.378869288
0.977621955 -0.001844225 -0.210362634 -3.285420277 0.001247289 0.999994821 -0.002970779 -1.678604088 0.210367579 0.002641332 0.977618643 18.110180428
0.977914253 -0.001636488 -0.209002255 -3.414809401 0.001146314 0.999997026 -0.002463967 -1.749451703 0.209005963 0.002169972 0.977912427 18.847932440
0.978244565 -0.000540913 -0.207457426 -3.545155941 -0.000096672 0.999995703 -0.003063589 -1.821689798 0.207457787 0.003016551 0.978239680 19.593874688
0.978557249 -0.001110758 -0.205974372 -3.674532304 0.000495709 0.999995295 -0.003039016 -1.896871085 0.205977056 0.002871385 0.978552695 20.352778281
0.978853072 -0.000470300 -0.204562346 -3.805971993 0.000055289 0.999998131 -0.002035224 -1.970293473 0.204563155 0.001981059 0.978851093 21.124475198
0.979226810 0.000164105 -0.202770067 -3.937248776 -0.000092938 0.999999731 0.000363815 -2.043849133 0.202771082 -0.000337897 0.979226087 21.908248780
0.979550626 0.002603252 -0.201180392 -4.073182393 -0.002636532 0.999997315 0.000104202 -2.121876182 0.201180222 0.000428542 0.979554574 22.698459798
0.979893149 0.004392159 -0.199473484 -4.207722384 -0.004387805 0.999990472 0.000467409 -2.198827354 0.199474020 0.000417053 0.979902886 23.499926943
0.980187471 0.003426753 -0.198042048 -4.340821657 -0.003837884 0.999991350 -0.001693896 -2.276700379 0.198034677 0.002420273 0.980192647 24.312433771
0.980547201 0.007372184 -0.196144847 -4.480843893 -0.007550175 0.999972033 -0.000160992 -2.352101650 0.196138127 0.001639410 0.980575248 25.136565279
0.980878317 0.009133078 -0.194408568 -4.619903120 -0.009361074 0.999956348 -0.000251778 -2.434899270 0.194397636 0.002066576 0.980920513 25.969388543
0.981126358 0.009368316 -0.193143832 -4.756086310 -0.010029908 0.999947289 -0.002446616 -2.522153077 0.193110612 0.004337724 0.981167488 26.807283372
0.981323325 0.009913004 -0.192110247 -4.891455019 -0.011501977 0.999908241 -0.007160868 -2.610263495 0.192021520 0.009236280 0.981347149 27.650304882
0.981479888 0.008700505 -0.191368846 -5.023728846 -0.010685619 0.999899389 -0.009342386 -2.693567580 0.191268944 0.011214555 0.981473745 28.501845838
0.981569812 0.006041050 -0.191006954 -5.153808882 -0.007842830 0.999931578 -0.008677183 -2.786558651 0.190941389 0.010015427 0.981550182 29.361219388
0.981539094 0.007163191 -0.191130190 -5.290661659 -0.008563328 0.999942624 -0.006501977 -2.877477287 0.191073137 0.008019416 0.981543334 30.223091937
0.981512862 0.006739939 -0.191280399 -5.424450238 -0.007783134 0.999958799 -0.004698665 -2.968743777 0.191241061 0.006100002 0.981524820 31.089303805
0.981412923 0.006663349 -0.191793237 -5.560151921 -0.007486882 0.999965628 -0.003567543 -3.058550694 0.191763422 0.004937345 0.981428585 31.959184420
0.981388623 0.005078570 -0.191965166 -5.695039109 -0.005975738 0.999974101 -0.004093190 -3.150014175 0.191939883 0.005163931 0.981393505 32.834182887
0.981368044 0.005254370 -0.192066683 -5.834395004 -0.006190851 0.999971659 -0.004275978 -3.239840832 0.192039537 0.005385502 0.981373083 33.714908615
0.981333521 0.004829605 -0.192253970 -5.973759942 -0.005735921 0.999974910 -0.004155568 -3.329661707 0.192229644 0.005180837 0.981336273 34.604172489
0.981310251 0.003705810 -0.192395805 -6.113188183 -0.004643470 0.999980316 -0.004422266 -3.421832230 0.192376008 0.005232945 0.981307222 35.497922470
0.981325946 0.003280342 -0.192326092 -6.254851667 -0.004205687 0.999981457 -0.004402418 -3.513804700 0.192307471 0.005128923 0.981321232 36.400908496
0.981390216 0.005426200 -0.191950079 -6.402880626 -0.006405545 0.999969988 -0.004482230 -3.605632949 0.191920089 0.005627728 0.981394920 37.308940308
0.981444592 0.006727477 -0.191628413 -6.550495069 -0.007962893 0.999952818 -0.005674920 -3.699735964 0.191580623 0.007094999 0.981451396 38.223735525
0.981502128 0.006130944 -0.191352662 -6.697593660 -0.007590776 0.999947436 -0.006891499 -3.794856102 0.191300265 0.008216126 0.981497520 39.149139672
0.981556708 0.007555799 -0.191022563 -6.847217047 -0.009077072 0.999934201 -0.007089192 -3.891944357 0.190956487 0.008692642 0.981559820 40.080701900
0.981637858 0.008329373 -0.190573271 -6.996920071 -0.009595215 0.999938044 -0.005716173 -3.988530079 0.190513560 0.007439438 0.981657000 41.021099352
0.981641391 0.010300415 -0.190459283 -7.147415837 -0.011099213 0.999933969 -0.003126384 -4.084798875 0.190414466 0.005183694 0.981690552 41.969025494
0.981696166 0.011175840 -0.190123892 -7.299723328 -0.011359902 0.999935638 0.000119051 -4.180850304 0.190113077 0.002043338 0.981760250 42.924438322
0.981709103 0.013265659 -0.189923991 -7.452948480 -0.013057084 0.999912366 0.002354793 -4.274743711 0.189939013 0.000168038 0.981796288 43.883665709
0.981782423 0.015459002 -0.189382612 -7.606973621 -0.015243264 0.999880565 0.002599670 -4.368173627 0.189399632 0.000334445 0.981900219 44.846202962
0.981865057 0.017146203 -0.188806404 -7.760520965 -0.017080900 0.999852081 0.001974406 -4.460228739 0.188812848 0.001286915 0.982012236 45.811031859
0.982124675 0.018815612 -0.187290408 -7.912759703 -0.018986022 0.999819706 0.000889140 -4.554317859 0.187273174 0.002682626 0.982304510 46.778933273
0.982414778 0.022114389 -0.185398845 -8.067193880 -0.022275325 0.999750960 0.001215234 -4.647560245 0.185379871 0.002936185 0.982663162 47.751663053
0.982696378 0.023446833 -0.183735964 -8.218062479 -0.023405303 0.999723867 0.002391918 -4.742974414 0.183740893 0.001949647 0.982972753 48.730891296
0.983176901 0.018893593 -0.181675691 -8.355199250 -0.018313851 0.999820428 0.004869979 -4.837565961 0.181735156 -0.001460583 0.983346619 49.717157299
0.983740369 0.022929182 -0.178127973 -8.501961099 -0.022856421 0.999736182 0.002463638 -4.935727198 0.178137783 0.001648510 0.984004030 50.700642089
0.984556842 0.022576200 -0.173605411 -8.642107733 -0.023161567 0.999731415 -0.001341457 -5.032015194 0.173528950 0.005342328 0.984814096 51.686572257
0.985166019 0.019019436 -0.170549310 -8.769447310 -0.019982271 0.999793014 -0.003927380 -5.133175495 0.170439477 0.007276542 0.985341244 52.679047634
0.985757454 0.019187758 -0.167074460 -8.901083665 -0.019390829 0.999812151 0.000421288 -5.231738093 0.167050639 0.002824087 0.985944467 53.680800930
0.986336078 0.021090121 -0.163389272 -9.033449393 -0.020628141 0.999777428 0.004527901 -5.331533878 0.163448153 -0.001094941 0.986551695 54.685553770
0.987043456 0.021588519 -0.158997149 -9.158094101 -0.021030864 0.999766007 0.005192141 -5.426606164 0.159072156 -0.001781101 0.987265313 55.688215115
0.987821991 0.023297499 -0.153833648 -9.281289047 -0.023027619 0.999728917 0.003544019 -5.522606087 0.153874685 0.000041892 0.988090761 56.693377996
0.988740862 0.022965846 -0.147862768 -9.394945791 -0.022386209 0.999733801 0.005586301 -5.614887193 0.147952142 -0.002213544 0.988991904 57.705932973
0.989695205 0.020694433 -0.141686743 -9.497958363 -0.019628558 0.999768083 0.008921903 -5.710198640 0.141838269 -0.006048505 0.989871589 58.721237229
0.990643698 0.018670281 -0.135194581 -9.595123049 -0.017471869 0.999797104 0.010049185 -5.808377748 0.135355184 -0.007593932 0.990768445 59.733604010
0.991482735 0.016023298 -0.129246403 -9.682653716 -0.014829858 0.999838685 0.010197562 -5.897093306 0.129389098 -0.008194176 0.991559837 60.740278970
0.992229960 0.012967521 -0.123738285 -9.761992657 -0.011676721 0.999870391 0.011154070 -5.988563451 0.123867397 -0.009621994 0.992252584 61.742835932
0.992923089 0.010794415 -0.118267855 -9.837027625 -0.009247225 0.999864447 0.013629300 -6.079778045 0.118399723 -0.012439635 0.992888151 62.740366908
0.993496146 0.010079318 -0.113416469 -9.908620207 -0.008302758 0.999835609 0.016130707 -6.167082793 0.113560545 -0.015083583 0.993416323 63.727970492
0.993991465 0.009169948 -0.109071678 -9.975979486 -0.007062870 0.999781597 0.019688337 -6.249235507 0.109228514 -0.018799675 0.993838656 64.710893726
0.994394468 0.007976659 -0.105436633 -10.038540689 -0.005461684 0.999694481 0.024123412 -6.331010146 0.105596329 -0.023413172 0.994133831 65.686751157
0.994785888 0.004581329 -0.101880349 -10.095880316 -0.001885395 0.999646241 0.026536206 -6.411287463 0.101965653 -0.026206148 0.994443174 66.653805564
0.995037332 0.000188720 -0.099501002 -10.148601028 0.002244334 0.999701685 0.024337840 -6.492700978 0.099476086 -0.024440404 0.994739762 67.606016961
0.995196630 -0.001688006 -0.097883253 -10.202409576 0.003637584 0.999798773 0.019748688 -6.570276721 0.097830211 -0.020010296 0.995002550 68.545762879
0.995292588 -0.005734746 -0.096744658 -10.250330435 0.007381022 0.999833819 0.016666670 -6.649971452 0.096633282 -0.017301871 0.995170092 69.478164746
0.995366621 -0.008470981 -0.095774982 -10.296910181 0.010204530 0.999793216 0.017624900 -6.727905129 0.095606098 -0.018520392 0.995246681 70.405045732
0.995467117 -0.009724538 -0.094608478 -10.345754145 0.011810257 0.999699459 0.021511769 -6.805454474 0.094371231 -0.022532213 0.995281841 71.324283052
0.995546985 -0.009860931 -0.093754222 -10.394972807 0.012214160 0.999624299 0.024563847 -6.880880325 0.093476176 -0.025599404 0.995292897 72.232340459
0.995597969 -0.010988745 -0.093084653 -10.442081187 0.013508223 0.999558508 0.026473827 -6.952163287 0.092752703 -0.027614154 0.995306310 73.127475279
0.995648635 -0.010712060 -0.092569804 -10.491100878 0.013345014 0.999522661 0.027872818 -7.021645907 0.092227085 -0.028987063 0.995315724 74.013524083
0.995672358 -0.010355816 -0.092353055 -10.538833819 0.013191606 0.999458494 0.030149466 -7.085623276 0.091991389 -0.031237238 0.995269860 74.890067284
0.995653031 -0.010602104 -0.092539749 -10.587325066 0.013458677 0.999450443 0.030300714 -7.153147401 0.092167667 -0.031414253 0.995247940 75.752702727
0.995595934 -0.011790441 -0.093011831 -10.633964792 0.014526711 0.999480178 0.028808616 -7.219840239 0.092623518 -0.030032666 0.995247852 76.603448219
0.995534164 -0.013444363 -0.093444837 -10.680195514 0.015984165 0.999522157 0.026483192 -7.284820722 0.093043436 -0.027858187 0.995272718 77.444022151
0.995450391 -0.015538283 -0.094007951 -10.723485117 0.017952397 0.999528778 0.024894217 -7.350667029 0.093576852 -0.026467669 0.995260841 78.272436711
0.995348865 -0.017318402 -0.094772463 -10.767203689 0.019747564 0.999499259 0.024757960 -7.416145310 0.094296472 -0.026514134 0.995191549 79.085625940
0.995281710 -0.017777789 -0.095388777 -10.813076136 0.020402367 0.999437432 0.026613245 -7.477787530 0.094861596 -0.028433896 0.995084431 79.886503162
0.995208342 -0.018208304 -0.096066739 -10.856516122 0.021241016 0.999304626 0.030636481 -7.536425197 0.095441652 -0.032530880 0.994902979 80.668864012
0.995107429 -0.018979108 -0.096961843 -10.898902785 0.022507679 0.999118789 0.035432463 -7.593227329 0.096203946 -0.037441388 0.994657939 81.429892220
0.995037162 -0.017797586 -0.097901073 -10.944585400 0.021826949 0.998952039 0.040238776 -7.645910985 0.097081806 -0.042175365 0.994382780 82.162077658
0.994967778 -0.014929780 -0.099082100 -10.993813743 0.019042508 0.998990257 0.040689283 -7.694293763 0.098374987 -0.042371719 0.994246909 82.857953442
0.994862227 -0.010056865 -0.100736964 -11.046768756 0.014088482 0.999124966 0.039398439 -7.741130650 0.100252826 -0.040615320 0.994132469 83.522487196
0.994672475 -0.005546205 -0.102936282 -11.100793516 0.009765078 0.999130782 0.040527449 -7.784241323 0.102621428 -0.041316686 0.993862516 84.157478074
0.994339649 -0.002095634 -0.106225032 -11.152431065 0.006489067 0.999136750 0.041032471 -7.824808770 0.106047351 -0.041489609 0.993495814 84.761383361
0.993760104 0.001995353 -0.111521836 -11.208861323 0.002717579 0.999109956 0.042095348 -7.863932033 0.111507129 -0.042136537 0.992870348 85.334098987
0.992835559 0.007769725 -0.119240750 -11.274035339 -0.002394617 0.998976716 0.045162795 -7.901250604 0.119469761 -0.044553320 0.991838051 85.879199760
0.991567366 0.013826401 -0.128850329 -11.343908010 -0.007903994 0.998893262 0.046365593 -7.933520918 0.129349203 -0.044956495 0.990579531 86.392761855
0.989928002 0.019850194 -0.140171493 -11.419491059 -0.013330273 0.998792356 0.047300917 -7.961689056 0.140941391 -0.044956245 0.988997319 86.878954366
0.987901643 0.024470150 -0.153136441 -11.497861407 -0.017148061 0.998654038 0.048954924 -7.989309113 0.154128659 -0.045736665 0.986992157 87.342664419
0.985326708 0.029011913 -0.168196383 -11.582758321 -0.020827905 0.998521762 0.050217540 -8.017410843 0.169405110 -0.045977230 0.984473419 87.786576690
0.982119733 0.032325488 -0.185461723 -11.673515823 -0.022974599 0.998364798 0.052350875 -8.041811027 0.186850317 -0.047154388 0.981256477 88.212236231
0.978029180 0.034943697 -0.205519915 -11.770658733 -0.024407498 0.998265415 0.053581530 -8.065786500 0.207035370 -0.047387993 0.977185703 88.617524802
0.972678572 0.036004390 -0.229346569 -11.876241311 -0.024371640 0.998278515 0.053354639 -8.088884068 0.230873483 -0.046307897 0.971881926 89.006683235
0.965827172 0.036897505 -0.256547086 -11.994449891 -0.024022864 0.998298867 0.053139333 -8.111053933 0.258071358 -0.045160252 0.965070014 89.384254893
0.957210198 0.038145866 -0.286868687 -12.126656414 -0.023454121 0.998239767 0.054481355 -8.130811847 0.288442450 -0.045421511 0.956419738 89.751673229
0.946927545 0.042869610 -0.318576414 -12.277814646 -0.025758240 0.997999359 0.057736474 -8.146749287 0.320413825 -0.046466038 0.946137950 90.108166072
0.935823571 0.049731727 -0.348943432 -12.443683910 -0.030160174 0.997663646 0.061303574 -8.161360328 0.351177464 -0.046845749 0.935136722 90.453189127
0.923823674 0.057625881 -0.378455703 -12.620877867 -0.035705461 0.997267169 0.064690271 -8.173931292 0.381149773 -0.046248809 0.923356760 90.785512206
0.910668755 0.063350549 -0.408252295 -12.801621073 -0.039199325 0.996965260 0.067265034 -8.186782679 0.411274621 -0.045253089 0.910387736 91.106992119
0.896403430 0.067651141 -0.438045196 -12.988375048 -0.040851580 0.996687170 0.070330304 -8.197933056 0.441352648 -0.045149275 0.896197486 91.419318497
0.881202229 0.071577291 -0.467289714 -13.182801299 -0.042078572 0.996423576 0.073278002 -8.207264393 0.470864097 -0.044909584 0.881062421 91.720855654
0.864600521 0.074782650 -0.496863772 -13.386389362 -0.042358796 0.996191052 0.076225722 -8.216097636 0.500671510 -0.044858458 0.864474957 92.013492078
0.846387843 0.077928808 -0.526834475 -13.603349135 -0.042478360 0.995963687 0.079076146 -8.222384183 0.530870624 -0.044549965 0.846281954 92.301890391
0.826999574 0.080398763 -0.556423634 -13.833296883 -0.042119982 0.995801279 0.081283506 -8.227853334 0.560622687 -0.043785036 0.826913760 92.588696772
0.806181330 0.084779695 -0.585562415 -14.082323011 -0.042981732 0.995458165 0.084950204 -8.230401540 0.590105631 -0.043316763 0.806164334 92.873591807
0.783553910 0.090972962 -0.614627589 -14.349839248 -0.045487371 0.994967684 0.089279322 -8.233001794 0.619657188 -0.041997714 0.783749479 93.154112721
0.759543324 0.096709244 -0.643226917 -14.635603070 -0.046709202 0.994441650 0.094358995 -8.235189969 0.648777959 -0.041626229 0.759839214 93.433513094
0.733574555 0.101533447 -0.671981238 -14.937701417 -0.048024210 0.994049684 0.097769904 -8.235925787 0.677911348 -0.039449106 0.734085717 93.708151767
0.705364670 0.103444504 -0.701255288 -15.255209405 -0.047333544 0.993959785 0.099011397 -8.236113920 0.707263093 -0.036646576 0.706001072 93.978448456
0.675165360 0.103782423 -0.730328961 -15.590588532 -0.044870340 0.993999108 0.099769548 -8.234972861 0.736300939 -0.034590809 0.675770000 94.246079549
0.643000844 0.102567314 -0.758965476 -15.946848670 -0.040508047 0.994159915 0.100033277 -8.233699089 0.764794458 -0.033577475 0.643400313 94.510714727
0.608223810 0.098982332 -0.787569109 -16.322045925 -0.033766994 0.994522769 0.098913762 -8.234797612 0.793047029 -0.033567813 0.608235893 94.772796949
0.571179684 0.097924299 -0.814962854 -16.727803672 -0.029963896 0.994683824 0.098518311 -8.233189059 0.820278941 -0.031851747 0.571077825 95.025143807
0.532501306 0.102037221 -0.840255459 -17.170673832 -0.031346803 0.994403591 0.100890293 -8.227897055 0.845848930 -0.027385376 0.532721102 95.260829332
0.492556144 0.106284126 -0.863765506 -17.641219479 -0.034016918 0.994107642 0.102924356 -8.219960212 0.869616334 -0.021313479 0.493270389 95.483361470
0.451710722 0.107464699 -0.885668251 -18.134691354 -0.034279180 0.994076541 0.103135477 -8.211443243 0.891505924 -0.016227962 0.452719338 95.698600378
0.409565486 0.107640050 -0.905908205 -18.654616933 -0.031251056 0.994088035 0.103987979 -8.205166133 0.911745570 -0.014278741 0.410508713 95.908336189
0.365983091 0.108829461 -0.924235488 -19.202147329 -0.026826567 0.993959657 0.106416335 -8.201140669 0.930235835 -0.014152719 0.366691836 96.104572976
0.321272631 0.111448861 -0.940405081 -19.777767722 -0.023405777 0.993681768 0.109766075 -8.192595576 0.946697848 -0.013254106 0.321851736 96.280888556
0.276562531 0.113057104 -0.954321950 -20.378169523 -0.022132435 0.993542082 0.111288796 -8.183273553 0.960741876 -0.009655975 0.277278581 96.432074714
0.233159642 0.114515464 -0.965671995 -20.997991765 -0.021904514 0.993408620 0.112515808 -8.172811563 0.972192288 -0.005081576 0.234131313 96.561491240
0.192019227 0.116302436 -0.974474372 -21.637022665 -0.022459931 0.993213839 0.114113004 -8.162499871 0.981135079 -0.000024950 0.193329437 96.668249108
0.153522497 0.117965351 -0.981077911 -22.289454256 -0.024293768 0.992999397 0.115596482 -8.149055229 0.987847429 0.006087995 0.155314097 96.753893566
0.118596393 0.119203602 -0.985760577 -22.954024995 -0.026181901 0.992798774 0.116903649 -8.134213808 0.992598132 0.011944968 0.120863104 96.821694815
0.087823384 0.120347746 -0.988838600 -23.629685102 -0.026615580 0.992604953 0.118441097 -8.119421454 0.995781521 0.015916836 0.090377703 96.875801046
0.060881547 0.122023986 -0.990657312 -24.320126792 -0.026170318 0.992353550 0.120623579 -8.105405791 0.997803082 0.018582534 0.063610121 96.918705874
0.037525354 0.124117144 -0.991557077 -25.023218029 -0.025695525 0.992048482 0.123205662 -8.089563554 0.998966475 0.020855709 0.040416596 96.950131046
0.017440452 0.125233709 -0.991973124 -25.738198616 -0.025331034 0.991862353 0.124773846 -8.073606876 0.999527432 0.022952415 0.020471393 96.971167756
-0.000246131 0.125201345 -0.992130649 -26.460750047 -0.023383424 0.991859282 0.125172149 -8.060173174 0.999727518 0.023230594 0.002684178 96.985198973
-0.015557774 0.123425474 -0.992231567 -27.192056047 -0.019710003 0.992121560 0.123720161 -8.046769678 0.999686124 0.021482383 -0.013002475 96.992891693
-0.028934954 0.120118628 -0.992337744 -27.932053293 -0.018819077 0.992511975 0.120687451 -8.032346659 0.999405292 0.022166765 -0.026457543 96.989745464
-0.040627955 0.118977375 -0.992064736 -28.685069319 -0.015859173 0.992683289 0.119700656 -8.015160864 0.999049829 0.020596914 -0.038443098 96.980905530
-0.050847072 0.119710425 -0.991505094 -29.450704089 -0.014338336 0.992601049 0.120577490 -7.997893887 0.998604174 0.020347492 -0.048753073 96.964689921
-0.058142559 0.121814947 -0.990847517 -30.228456226 -0.013945106 0.992332321 0.122815576 -7.982269664 0.998211814 0.020958981 -0.055997143 96.943258883
-0.062818703 0.123130324 -0.990399413 -31.014908670 -0.013161131 0.992171687 0.124184635 -7.964520204 0.997939319 0.020836298 -0.060706513 96.919539182
-0.065983955 0.122455155 -0.990277962 -31.808854148 -0.013830865 0.992233452 0.123617490 -7.948037151 0.997725367 0.021853726 -0.063777419 96.892756704
-0.067785976 0.122458060 -0.990155453 -32.612017551 -0.014127538 0.992221722 0.123679815 -7.930352410 0.997600683 0.022372890 -0.065528182 96.865813737
-0.069154614 0.123144887 -0.989975625 -33.421130149 -0.013607570 0.992144048 0.124364386 -7.912757549 0.997513793 0.022072199 -0.066935107 96.837943956
-0.071005940 0.123534543 -0.989795893 -34.229364917 -0.013724157 0.992086917 0.124804422 -7.896269492 0.997382246 0.022446807 -0.068748104 96.810686057
-0.072670433 0.124438816 -0.989562189 -35.043148911 -0.013752860 0.991966604 0.125750433 -7.878653148 0.997261918 0.022747747 -0.070374729 96.780862414
-0.074341735 0.125296439 -0.989329855 -35.856838798 -0.013410566 0.991860354 0.126623043 -7.860532543 0.997144037 0.022680503 -0.072056001 96.750655542
-0.076116211 0.125881590 -0.989120477 -36.671288836 -0.012699169 0.991796186 0.127198345 -7.843299646 0.997018629 0.022243190 -0.073892224 96.719328783
-0.077931483 0.125301683 -0.989052470 -37.482587796 -0.011663729 0.991888475 0.126578775 -7.826863712 0.996891038 0.021401043 -0.075837602 96.687727151
-0.079842650 0.122805876 -0.989212884 -38.291566405 -0.010504167 0.992223666 0.124026725 -7.812715630 0.996752920 0.020294268 -0.077931643 96.655015697
-0.081684939 0.120859301 -0.989302203 -39.101493430 -0.009007626 0.992490286 0.121992227 -7.797363969 0.996618734 0.018877257 -0.079982179 96.621985025
-0.083617497 0.120300288 -0.989209244 -39.913277430 -0.009116884 0.992552975 0.121476335 -7.782256269 0.996457312 0.019176828 -0.081897734 96.583871820
-0.085379032 0.120675776 -0.989013459 -40.724301215 -0.007764311 0.992528128 0.121773393 -7.770060628 0.996319479 0.018075937 -0.083804115 96.546836565
-0.086900011 0.120062587 -0.988955193 -41.529241859 -0.008243867 0.992590361 0.121227497 -7.758722041 0.996183644 0.018688565 -0.085266403 96.505914040
-0.087528318 0.120132555 -0.988891580 -42.328475859 -0.009709211 0.992552339 0.121435403 -7.746157800 0.996115161 0.020231014 -0.085709676 96.462682406
-0.086882693 0.117688622 -0.989242194 -43.112848580 -0.011688714 0.992808740 0.119139118 -7.736719194 0.996150833 0.021914089 -0.084881511 96.421779429
-0.085169960 0.115065878 -0.989699869 -43.886122849 -0.012917223 0.993098902 0.116572245 -7.729637157 0.996283365 0.022712567 -0.083095491 96.386006837
-0.082570459 0.111622807 -0.990313675 -44.645507779 -0.014592446 0.993465889 0.113194299 -7.724878224 0.996479540 0.023797927 -0.080401361 96.352336456
-0.079823458 0.109148305 -0.990814926 -45.393700165 -0.015222806 0.993737516 0.110695898 -7.721071653 0.996694151 0.023920057 -0.077661010 96.323423164
-0.077390794 0.109125418 -0.991009866 -46.130111784 -0.015484842 0.993740644 0.110633907 -7.718390609 0.996880972 0.023908377 -0.075215747 96.296835086
-0.074804308 0.107290990 -0.991408906 -46.850666614 -0.015867938 0.993941074 0.108761457 -7.722136506 0.997072828 0.023867766 -0.072648501 96.272677333
-0.072288087 0.103251551 -0.992024288 -47.551578383 -0.018698574 0.994312076 0.104851377 -7.728077641 0.997209332 0.026128931 -0.069945193 96.248106171
-0.069007191 0.097384794 -0.992851430 -48.235833467 -0.023174324 0.994798904 0.099185792 -7.735509536 0.997348169 0.029853566 -0.066390597 96.222715063
-0.064539289 0.090536134 -0.993799184 -48.901339634 -0.028486346 0.995302960 0.092522122 -7.742377610 0.997508938 0.034281132 -0.061655887 96.200634541
-0.059182463 0.086608785 -0.994482023 -49.554304863 -0.034048340 0.995474597 0.088721082 -7.750683429 0.997667104 0.039111822 -0.055965235 96.181985875
-0.052272534 0.086903572 -0.994844014 -50.197637696 -0.038667903 0.995283362 0.088972537 -7.759865860 0.997884475 0.043119893 -0.048665334 96.170289794
-0.044146683 0.089950205 -0.994966575 -50.823092157 -0.042564592 0.994865141 0.091829083 -7.769724094 0.998119182 0.046404655 -0.040090269 96.165486963
-0.035143579 0.090613995 -0.995265115 -51.423566076 -0.048841594 0.994536003 0.092271560 -7.783915450 0.998189120 0.051853606 -0.030525674 96.163700111
-0.024205627 0.088373370 -0.995792722 -51.996598011 -0.057688320 0.994302300 0.089642861 -7.799821641 0.998041613 0.059615273 -0.018968881 96.163290372
-0.010890586 0.083251173 -0.996469037 -52.540801581 -0.067786287 0.994174598 0.083799376 -7.816320218 0.997640857 0.068460565 -0.005183883 96.171293945
0.004490262 0.077374446 -0.996991735 -53.061217447 -0.075249120 0.994201889 0.076818215 -7.830653606 0.997155042 0.074678057 0.010287496 96.191562783
0.021328271 0.074962821 -0.996957870 -53.565465365 -0.078974484 0.994195274 0.073065185 -7.842087916 0.996649631 0.077176861 0.027124898 96.230080260
0.039125613 0.076811471 -0.996277343 -54.056013980 -0.079014189 0.994157023 0.073544337 -7.855394731 0.996106423 0.075842886 0.044967133 96.284241034
0.057333753 0.080126295 -0.995134151 -54.526912275 -0.080877607 0.993870521 0.075364366 -7.871943293 0.995074555 0.076163778 0.063463004 96.342197292
0.076017324 0.084762448 -0.993496217 -54.982777396 -0.083788977 0.993399152 0.078343197 -7.888656731 0.993580296 0.077289215 0.082618267 96.406054935
0.095740471 0.090394215 -0.991293147 -55.421383169 -0.087841193 0.992750883 0.082042687 -7.904227410 0.991523572 0.079221715 0.102987383 96.475132618
0.117179237 0.093858938 -0.988664898 -55.842103358 -0.091710756 0.992293323 0.083333174 -7.918720572 0.988867613 0.080906410 0.124884684 96.555343343
0.140600410 0.094117733 -0.985582441 -56.249696203 -0.093570805 0.992278760 0.081407481 -7.933765498 0.985635442 0.080776490 0.148321663 96.649324265
0.165828324 0.094044929 -0.981659222 -56.647258477 -0.092622955 0.992527150 0.079438788 -7.948809639 0.981796431 0.077751932 0.173300376 96.761373605
0.192499885 0.095805811 -0.976608607 -57.038513196 -0.089452718 0.992792598 0.079760768 -7.962835224 0.977211967 0.072006452 0.199682412 96.889880997
0.220198525 0.098534259 -0.970465474 -57.421523742 -0.085741979 0.992989732 0.081365378 -7.976500803 0.971680313 0.065293681 0.227103500 97.031089336
0.248631075 0.098823315 -0.963543510 -57.790872982 -0.083116907 0.993289172 0.080426649 -7.993146748 0.965026108 0.060090520 0.255176900 97.179585059
0.277544447 0.096639259 -0.955839788 -58.144946472 -0.080348516 0.993777039 0.077144124 -8.012593251 0.957347760 0.055389617 0.283582433 97.337201537
0.306967783 0.095738939 -0.946891755 -58.489034669 -0.080398377 0.993980320 0.074435505 -8.030900394 0.948318144 0.053279601 0.312817225 97.500334871
0.337124885 0.096057988 -0.936546583 -58.823874197 -0.082465384 0.993970833 0.072262321 -8.048754824 0.937841828 0.052871074 0.343014574 97.667770195
0.367277449 0.095465357 -0.925198624 -59.145217178 -0.084859915 0.994010022 0.068877444 -8.066197337 0.926233071 0.053215753 0.373178937 97.843210734
0.397448584 0.091293611 -0.913070864 -59.450281723 -0.083534286 0.994507170 0.063074411 -8.085888522 0.913814826 0.051204953 0.402892138 98.032136663
0.427262395 0.084540487 -0.900165659 -59.743637903 -0.079252224 0.995288258 0.055856540 -8.105749301 0.900648174 0.047475480 0.431949634 98.236448477
0.456747396 0.077145668 -0.886244410 -60.032418549 -0.073306022 0.996108776 0.048928915 -8.128676461 0.886571408 0.042618733 0.460625572 98.455827867
0.486565390 0.073226122 -0.870569532 -60.324493215 -0.068081232 0.996629801 0.045778827 -8.152653774 0.870987858 0.036994879 0.489910793 98.688803462
0.516449161 0.071792016 -0.853302690 -60.619108996 -0.065407078 0.996875514 0.044284162 -8.176546976 0.853816753 0.032942066 0.519531793 98.932277427
0.546104835 0.070604948 -0.834735998 -60.912331160 -0.064820169 0.997016587 0.041923572 -8.198864329 0.835206082 0.031212621 0.549052520 99.187013037
0.576048915 0.071308376 -0.814298804 -61.205413912 -0.066368664 0.996979183 0.040354901 -8.223415899 0.814717524 0.030797036 0.579041011 99.453899322
0.605664469 0.072639186 -0.792397024 -61.495363625 -0.067948557 0.996908564 0.039450614 -8.251552698 0.792814538 0.029948530 0.608728769 99.737556127
0.635496494 0.072935623 -0.768650781 -61.777148789 -0.067245101 0.996974200 0.039003706 -8.279526914 0.769171017 0.026901250 0.638478149 100.042741378
0.666274003 0.072389176 -0.742185004 -62.051694266 -0.066015270 0.997095684 0.037987990 -8.307833791 0.742779286 0.023685509 0.669117333 100.369019909
0.697714399 0.071075058 -0.712840879 -62.316491495 -0.064903810 0.997245939 0.035906096 -8.337452679 0.713431078 0.021214403 0.700405578 100.714518752
0.728908005 0.066955267 -0.681328607 -62.569754067 -0.061361635 0.997590143 0.032386935 -8.369442757 0.681856240 0.018200980 0.731260345 101.084597655
0.759567586 0.062749594 -0.647393663 -62.811152611 -0.057431041 0.997918608 0.029343633 -8.401789125 0.647888601 0.014891861 0.761590484 101.477918074
0.789868507 0.059454933 -0.610386553 -63.043932256 -0.053919155 0.998168006 0.027453688 -8.437598875 0.610901121 0.011227242 0.791627598 101.895100592
0.818941711 0.058600042 -0.570876974 -63.267904816 -0.052739239 0.998248950 0.026812633 -8.474163590 0.571449423 0.008150401 0.820597899 102.335397510
0.846806962 0.056878657 -0.528850108 -63.475130169 -0.050908291 0.998368431 0.025860364 -8.512496336 0.529459072 0.005023695 0.848321062 102.799999678
0.872881427 0.054617625 -0.484865433 -63.663146863 -0.048527760 0.998506115 0.025116183 -8.550778778 0.485513252 0.001606026 0.874228009 103.287259401
0.896483184 0.050787736 -0.440157432 -63.830693358 -0.044067577 0.998703835 0.025482513 -8.590347113 0.440881655 -0.003448174 0.897558579 103.800451293
0.916985659 0.045263966 -0.396345699 -63.980450135 -0.038017795 0.998935777 0.026123701 -8.631782834 0.397105970 -0.008887389 0.917730346 104.337891046
0.933993001 0.038804894 -0.355178586 -64.112542101 -0.031202682 0.999145717 0.027109454 -8.673744816 0.355927196 -0.014237396 0.934405181 104.895859010
0.947808971 0.033294260 -0.317096227 -64.232134783 -0.025467600 0.999261590 0.028796673 -8.714834192 0.317821397 -0.019217858 0.947955841 105.474457693
0.958997108 0.029135843 -0.281915144 -64.342527643 -0.021523492 0.999316648 0.030063830 -8.756113753 0.282599211 -0.022763445 0.958967939 106.070304193
0.968066119 0.025784726 -0.249366964 -64.441917997 -0.018823315 0.999364896 0.030263426 -8.797995071 0.249988545 -0.024603163 0.967936601 106.684447765
0.975412907 0.021276228 -0.219358825 -64.525924033 -0.015091614 0.999440904 0.029832885 -8.840665924 0.219870866 -0.025788491 0.975188563 107.315786375
0.981234176 0.015932020 -0.192161000 -64.595494169 -0.010440607 0.999509121 0.029555105 -8.882922731 0.192537448 -0.026994106 0.980918099 107.964000806
0.985733610 0.011233435 -0.167937635 -64.654374914 -0.006512585 0.999569553 0.028633198 -8.925948661 0.168187188 -0.027130825 0.985382269 108.627553599
0.989092798 0.005961929 -0.147175363 -64.702778037 -0.001732590 0.999582150 0.028850066 -8.969153409 0.147285815 -0.028280353 0.988689762 109.307326056
0.991378044 0.000910300 -0.131031328 -64.744591184 0.002904422 0.999577609 0.028923328 -9.015726459 0.131002136 -0.029054777 0.990956828 110.002341768
0.992840726 -0.003842346 -0.119386158 -64.783396243 0.007371738 0.999548822 0.029135390 -9.062143757 0.119219735 -0.029806474 0.992420244 110.710434836
0.993782401 -0.007116716 -0.111111342 -64.823520727 0.010627531 0.999462233 0.031036685 -9.107861975 0.110830204 -0.032024218 0.993323008 111.436737262
0.994330626 -0.010878445 -0.105774431 -64.861554802 0.014526413 0.999323458 0.033787502 -9.150266480 0.105335440 -0.035132237 0.993816108 112.179942641
0.994620308 -0.014377733 -0.102583669 -64.899731783 0.017985289 0.999248922 0.034335108 -9.196517979 0.102013246 -0.035995669 0.994131608 112.936447278
0.994730502 -0.016646562 -0.101169344 -64.942276003 0.020016496 0.999274645 0.032398698 -9.247574543 0.100555969 -0.034252170 0.994341509 113.702439728
0.994651644 -0.016892736 -0.101895633 -64.990253568 0.019689245 0.999454705 0.026502215 -9.299638116 0.101392437 -0.028366574 0.994442186 114.478115400
0.994420667 -0.018004261 -0.103940354 -65.041407522 0.020208641 0.999592466 0.020195497 -9.351846532 0.103533912 -0.022183675 0.994378628 115.266911275
0.994181208 -0.019049203 -0.106027137 -65.092737029 0.021201701 0.999591227 0.019211622 -9.403597496 0.105617855 -0.021348041 0.994177415 116.077689197
0.994038543 -0.019056439 -0.107351996 -65.150850034 0.021831450 0.999455864 0.024737848 -9.458210733 0.106821920 -0.026934361 0.993913565 116.912208263
0.993934693 -0.018428361 -0.108418451 -65.210972037 0.022097446 0.999219274 0.032749156 -9.512609405 0.107729884 -0.034946535 0.993565819 117.763529656
0.993748521 -0.018700021 -0.110068805 -65.272757353 0.022860373 0.999066413 0.036660879 -9.566530861 0.109280903 -0.038947661 0.993247528 118.625977853
0.993439594 -0.021602548 -0.112298170 -65.334034104 0.025793057 0.999019175 0.035998283 -9.618823028 0.111409572 -0.038658976 0.993022546 119.494843747
0.992910495 -0.026268141 -0.115927840 -65.395178673 0.030092756 0.999054695 0.031368808 -9.674202786 0.114994063 -0.034635147 0.992762539 120.371630456
0.992277239 -0.029214940 -0.120555906 -65.466201703 0.032624212 0.999119014 0.026407914 -9.732551438 0.119678006 -0.030137259 0.992355941 121.263690732
0.991770474 -0.027502144 -0.125038774 -65.549807191 0.030466527 0.999296801 0.021862471 -9.794951520 0.124349033 -0.025492681 0.991910882 122.169431934
0.991387434 -0.023316833 -0.128873086 -65.642248643 0.026072166 0.999465524 0.019732193 -9.859419911 0.128344155 -0.022922816 0.991465321 123.090400349
0.990854912 -0.022212719 -0.133094419 -65.733790618 0.025474155 0.999414884 0.022853212 -9.920335107 0.132509634 -0.026035137 0.990839988 124.024693402
0.990274730 -0.020452184 -0.137616071 -65.832992032 0.024370780 0.999342074 0.026853304 -9.988164667 0.136976969 -0.029946734 0.990121813 124.969300257
0.989665563 -0.019565705 -0.142052185 -65.936443283 0.024340928 0.999192785 0.031957136 -10.046594792 0.141312289 -0.035085328 0.989342899 125.923065701
0.988935595 -0.021553623 -0.146773742 -66.040004851 0.026801372 0.999066644 0.033873476 -10.109976553 0.145906181 -0.037432448 0.988590364 126.881482931
0.988222829 -0.021599767 -0.151488614 -66.149352785 0.027284937 0.998995822 0.035546996 -10.169081738 0.150568844 -0.039261524 0.987820303 127.851099673
0.987721856 -0.021557190 -0.154729564 -66.264783784 0.027050550 0.999073745 0.033486569 -10.231829597 0.153864167 -0.037260370 0.987389518 128.824554024
0.987434458 -0.021112246 -0.156614473 -66.383744148 0.026596404 0.999101191 0.033005615 -10.292238545 0.155777502 -0.036756201 0.987107939 129.812613969
0.987374370 -0.020206511 -0.157109087 -66.508184889 0.025574301 0.999154040 0.032223135 -10.355056563 0.156324795 -0.035834597 0.987055696 130.810536058
0.987400185 -0.018566604 -0.157148613 -66.632234653 0.023776866 0.999226393 0.031344839 -10.419650450 0.156444963 -0.034685646 0.987077588 131.815324256
0.987484153 -0.017332145 -0.156763270 -66.757500627 0.022055814 0.999352736 0.028441028 -10.486946540 0.156168474 -0.031542405 0.987226280 132.829357397
0.987549897 -0.017416004 -0.156341667 -66.879523248 0.022104450 0.999355210 0.028300235 -10.552676234 0.155748653 -0.031404222 0.987297985 133.855511478
0.987667539 -0.018339715 -0.155486193 -66.999815559 0.023483079 0.999234155 0.031307950 -10.619461472 0.154793246 -0.034573009 0.987341772 134.895757826
