1.000000000 0.000000000 -0.000000000 -0.000000000 -0.000000000 1.000000000 -0.000000000 0.000000000 0.000000000 0.000000000 1.000000000 0.000000000
0.999794611 -0.000196531 0.020222380 0.034781128 0.000203542 1.000000103 -0.000304732 -0.020757898 -0.020222187 0.000308510 0.999795397 0.230142724
0.998981578 0.005562646 0.044773132 0.066503540 -0.005635375 0.999982620 0.001505520 -0.043070590 -0.044763109 -0.001756619 0.998996357 0.479032110
0.997548581 0.012239672 0.068896934 0.108956531 -0.012621887 0.999907170 0.005114096 -0.065523258 -0.068827309 -0.005971183 0.997611595 0.744567379
0.995286173 0.013934705 0.095974946 0.172411535 -0.014687733 0.999866460 0.007148346 -0.088362886 -0.095862795 -0.008524156 0.995358671 1.021801165
0.991989787 0.013671403 0.125569085 0.251045615 -0.014997209 0.999841604 0.009615408 -0.109153071 -0.125417492 -0.011422661 0.992039118 1.309530442
0.987643618 0.009043180 0.156455016 0.353065282 -0.010486971 0.999910133 0.008408790 -0.138752555 -0.156364247 -0.009945736 0.987649570 1.596996924
0.981825234 0.002843583 0.189761964 0.474579936 -0.004483509 0.999956512 0.008216715 -0.167248343 -0.189729546 -0.008918793 0.981796449 1.893823801
0.974314737 -0.004169286 0.225148604 0.610909489 0.002044464 0.999951271 0.009674035 -0.194802848 -0.225178259 -0.008965501 0.974276400 2.197971366
0.964826303 -0.008457589 0.262748632 0.760870587 0.005417282 0.999909619 0.012292343 -0.221116051 -0.262829276 -0.010436636 0.964786646 2.510213994
0.953027242 -0.012125077 0.302640648 0.926296633 0.007347729 0.999830039 0.016919763 -0.245520161 -0.302794506 -0.013901993 0.952955610 2.826870285
0.938538397 -0.015338268 0.344833247 1.109498421 0.008338737 0.999728644 0.021773270 -0.264203487 -0.345073647 -0.017559195 0.938412038 3.142388551
0.921389189 -0.025467064 0.387803792 1.321832121 0.014991567 0.999436908 0.030015693 -0.283310106 -0.388350131 -0.021843016 0.921253256 3.450895345
0.902650138 -0.036991702 0.428780521 1.558316432 0.022424019 0.998988580 0.038978969 -0.308122528 -0.429788944 -0.025569743 0.902567471 3.751189934
0.880756452 -0.048304839 0.471096960 1.811261487 0.029073809 0.998423502 0.048018892 -0.326800174 -0.472674542 -0.028596410 0.880773576 4.047001441
0.855918597 -0.055301520 0.514144436 2.076044878 0.031320438 0.997983547 0.055203693 -0.343817236 -0.516161504 -0.031145816 0.855926178 4.340295811
0.829065678 -0.061533097 0.555753518 2.360137145 0.033904373 0.997629769 0.059879752 -0.356316680 -0.558121867 -0.030801347 0.829187355 4.620475006
0.799184790 -0.071428646 0.596826256 2.673219113 0.040532873 0.997058387 0.065053181 -0.369725131 -0.599717958 -0.027798610 0.799729291 4.889507045
0.766525128 -0.081545235 0.637016082 3.010981918 0.047036933 0.996370645 0.070946455 -0.382697050 -0.640490483 -0.024419646 0.767579412 5.148537859
0.731795159 -0.089805405 0.675581107 3.366299443 0.052876553 0.995773201 0.075093026 -0.387321492 -0.679470813 -0.019229772 0.733451055 5.398256805
0.695518079 -0.094293318 0.712293291 3.739211757 0.055413282 0.995438260 0.077667854 -0.388909714 -0.716368760 -0.014549113 0.697571185 5.642642443
0.657772461 -0.097007047 0.746942997 4.127523043 0.055004512 0.995210778 0.080812238 -0.389137719 -0.751206077 -0.012070292 0.659958651 5.882204075
0.619697411 -0.100834996 0.778335501 4.537111336 0.054915024 0.994852814 0.085162737 -0.391704448 -0.782917288 -0.010033085 0.622046136 6.113010235
0.582189166 -0.106228281 0.806082530 4.969838217 0.055669649 0.994309516 0.090825313 -0.394342944 -0.811145830 -0.008003175 0.584790859 6.331422869
0.545174254 -0.110246331 0.831041278 5.420225553 0.056044108 0.993889809 0.095085072 -0.394608069 -0.836447815 -0.005262474 0.548022341 6.539383956
0.508238117 -0.112299159 0.853862320 5.886951302 0.056911012 0.993673810 0.096812789 -0.392485624 -0.859334715 -0.000609974 0.511414968 6.733537603
0.471833855 -0.113226475 0.874386424 6.375067274 0.058216202 0.993556534 0.097243617 -0.390666161 -0.879764006 0.005021082 0.475385725 6.913890684
0.435693975 -0.112821953 0.892994815 6.881412739 0.059677525 0.993551643 0.096408444 -0.390103116 -0.898115339 0.011287781 0.439617657 7.080760578
0.400571902 -0.112241585 0.909363929 7.403687907 0.060294268 0.993546392 0.096073458 -0.386398438 -0.914280746 0.016346013 0.404754278 7.235798974
0.367302559 -0.112283791 0.923298229 7.943361060 0.060812110 0.993461286 0.096624007 -0.383241635 -0.928112373 0.020657746 0.371729372 7.381284398
0.336656337 -0.113640615 0.934744241 8.504628284 0.062627394 0.993195292 0.098191632 -0.376403928 -0.939543042 0.025484221 0.341483127 7.517199756
0.309593754 -0.115480688 0.943829148 9.084055813 0.065505118 0.992829602 0.099989676 -0.370359686 -0.948610921 0.030870059 0.314938634 7.644744746
0.286367575 -0.117970506 0.950828566 9.679058490 0.068026563 0.992389488 0.102639410 -0.364931423 -0.955702708 0.035289755 0.292213997 7.766434415
0.266713198 -0.120510838 0.956210728 10.287656673 0.069163700 0.991987297 0.105728168 -0.357111622 -0.961292580 0.037937110 0.272910697 7.887027532
0.250619578 -0.122844141 0.960258750 10.911426579 0.070403366 0.991601956 0.108479897 -0.348853895 -0.965523296 0.040418826 0.257164015 8.003749398
0.238220919 -0.124685867 0.963173418 11.548545370 0.070892880 0.991311396 0.110794558 -0.340226346 -0.968621065 0.041889500 0.244990497 8.120297666
0.228386808 -0.126883802 0.965265632 12.201219431 0.070726395 0.991013732 0.113534423 -0.328953285 -0.970999163 0.042340392 0.235308768 8.236179286
0.219542286 -0.127835334 0.967190493 12.865499296 0.071126767 0.990837633 0.114815486 -0.317241773 -0.973007710 0.043586729 0.226623238 8.350488396
0.211011776 -0.129007703 0.968931522 13.543797466 0.070605817 0.990674777 0.116527163 -0.303093206 -0.974930892 0.043823600 0.218153582 8.461746683
0.201975718 -0.131421074 0.970531439 14.232190891 0.069862815 0.990364695 0.119567815 -0.287215427 -0.976896982 0.043654489 0.209211541 8.569088918
0.192714930 -0.134135608 0.972042170 14.926585627 0.068227799 0.990046918 0.123092992 -0.268040244 -0.978881299 0.042599275 0.199948330 8.672689320
0.183360949 -0.136748652 0.973486553 15.626763740 0.067919557 0.989673589 0.126229217 -0.250351124 -0.980697270 0.042973948 0.190755858 8.768295713
0.173258961 -0.139189906 0.974989549 16.333957894 0.068255725 0.989279661 0.129101172 -0.231649547 -0.982509620 0.044181513 0.180902653 8.855209577
0.162149336 -0.140251630 0.976747025 17.046395071 0.067863212 0.989088828 0.130758169 -0.213565998 -0.984431064 0.045083343 0.169899294 8.931985946
0.149197749 -0.140248180 0.978809232 17.764064196 0.065529763 0.989115935 0.131737167 -0.192339246 -0.986634523 0.044487054 0.156765203 9.003827039
0.133098349 -0.140062738 0.981155228 18.488647657 0.062901862 0.989162275 0.132672867 -0.168286952 -0.989106267 0.044059536 0.140466763 9.062902226
0.114448278 -0.139221868 0.983624553 19.220332707 0.062155319 0.989194486 0.132778336 -0.147146543 -0.991484258 0.045942075 0.121865850 9.102977973
0.095132071 -0.139011390 0.985709984 19.958656478 0.063544068 0.989030078 0.133347084 -0.123652280 -0.993435718 0.049951508 0.102922496 9.122029991
0.075801491 -0.137502577 0.987595735 20.702068734 0.065152511 0.989013072 0.132699097 -0.101961392 -0.994993208 0.054286201 0.083928069 9.126789866
0.056724187 -0.137190076 0.988917663 21.448898598 0.065281686 0.988904277 0.133443563 -0.077907393 -0.996254041 0.056989604 0.065051845 9.115969756
0.036527623 -0.137546009 0.989820647 22.199270669 0.063851716 0.988779799 0.135045400 -0.052004047 -0.997291871 0.058269799 0.044900411 9.093678254
0.014524557 -0.137301208 0.990421670 22.952631013 0.061868801 0.988752580 0.136162559 -0.028543817 -0.997980190 0.059299475 0.022856846 9.052531729
-0.008462899 -0.137124583 0.990516117 23.704462887 0.059605031 0.988722956 0.137385994 -0.006004029 -0.998186990 0.060203818 -0.000194434 8.994658668
-0.031603234 -0.135915549 0.990215222 24.456566234 0.058477174 0.988763141 0.137582295 0.014384100 -0.997789436 0.062254207 -0.023298881 8.916326199
-0.054819620 -0.134569188 0.989385633 25.209368629 0.055718612 0.988920224 0.137592237 0.037326851 -0.996941783 0.062670932 -0.046714450 8.820806652
-0.079233930 -0.132995800 0.987942907 25.959853820 0.052553062 0.989125012 0.137369786 0.058095532 -0.995471394 0.062804255 -0.071382567 8.707337327
-0.105500444 -0.129847111 0.985904085 26.706973306 0.052464580 0.989330334 0.135912140 0.075864358 -0.993035449 0.066065124 -0.097562377 8.566461539
-0.132610710 -0.125162056 0.983232981 27.448145455 0.055282113 0.989516835 0.133417232 0.091010710 -0.989626482 0.072048608 -0.124301244 8.400699754
-0.159433725 -0.119286695 0.979973914 28.188096139 0.058808336 0.989762396 0.130045351 0.106295642 -0.985456254 0.078364671 -0.150786568 8.212162111
-0.185978901 -0.113716450 0.975949756 28.923997104 0.062682006 0.989883727 0.127285080 0.120074819 -0.980553637 0.084848236 -0.176969805 8.004292032
-0.212178301 -0.108459222 0.971192105 29.657058122 0.066207409 0.989943223 0.125018132 0.133547440 -0.974986657 0.090826671 -0.202863247 7.776355778
-0.238441750 -0.100635963 0.965927852 30.388836037 0.069650253 0.990283054 0.120366574 0.143660470 -0.968657672 0.095979057 -0.229115258 7.525548851
-0.264262483 -0.089397961 0.960297250 31.116483224 0.071920471 0.991095436 0.112056628 0.147670147 -0.961766942 0.098678997 -0.255480571 7.255284870
-0.289790994 -0.075146714 0.954133772 31.842721765 0.074016798 0.992168141 0.100622505 0.145584858 -0.954224491 0.099782355 -0.281959232 6.967176347
-0.314526269 -0.060670880 0.947306277 32.572911730 0.074659316 0.993282695 0.088404646 0.140233936 -0.946309930 0.098531307 -0.307883426 6.660402017
-0.339576958 -0.047719235 0.939365614 33.309296048 0.071978109 0.994464672 0.076537919 0.128381919 -0.937821575 0.093605554 -0.334263372 6.338441971
-0.365282357 -0.036225592 0.930190292 34.047864562 0.072508878 0.995099955 0.067228280 0.107572712 -0.928069628 0.092005175 -0.360865200 5.991160806
-0.390723997 -0.028445058 0.920067005 34.793615363 0.074141930 0.995302506 0.062256988 0.087237492 -0.917518562 0.092541862 -0.386779977 5.610648911
-0.415393733 -0.025418497 0.909284896 35.542724839 0.076916204 0.995047929 0.062954693 0.069116299 -0.906385022 0.096091038 -0.411381985 5.205330198
-0.437854511 -0.027410505 0.898626912 36.297838531 0.081109805 0.994254653 0.069847758 0.052068955 -0.895380147 0.103471638 -0.433116170 4.767563256
-0.457229248 -0.028655143 0.888885897 37.050973722 0.087648758 0.993163399 0.077102588 0.035705624 -0.885020250 0.113165340 -0.451591764 4.305845979
-0.473685153 -0.026658895 0.880289527 37.803987019 0.093505607 0.992369323 0.080368749 0.023205143 -0.875718022 0.120382297 -0.467578245 3.830888092
-0.487784821 -0.024082995 0.872630608 38.558952218 0.095667020 0.992123969 0.080856776 0.013708038 -0.867707326 0.122924385 -0.481638741 3.347211840
-0.500160562 -0.020348332 0.865692906 39.315202169 0.097398961 0.992057563 0.079592722 0.000886105 -0.860438939 0.124127901 -0.494205492 2.852478684
-0.510559216 -0.018156568 0.859649265 40.077546022 0.099140507 0.991865548 0.079830039 -0.012162974 -0.854108833 0.125985342 -0.504606547 2.343707618
-0.518920731 -0.018792721 0.854614538 40.850656311 0.096477759 0.992082978 0.080397345 -0.021315659 -0.849361509 0.124172352 -0.512998875 1.828145986
-0.525774431 -0.020338977 0.850379914 41.627687578 0.094940887 0.992064812 0.082428736 -0.031072172 -0.845309712 0.124075854 -0.519671415 1.299090965
-0.531145054 -0.020746680 0.847025469 42.410633048 0.095009171 0.991936173 0.083873961 -0.039279530 -0.841938420 0.125026475 -0.524891002 0.757023933
-0.535219087 -0.025015256 0.844341590 43.203932721 0.091851776 0.991911019 0.087611433 -0.043036328 -0.839705474 0.124447281 -0.528591935 0.210136860
-0.538103423 -0.027357820 0.842433473 44.003288369 0.089188965 0.992014086 0.089185032 -0.052368313 -0.838147197 0.123127224 -0.531366949 -0.341710289
-0.540078416 -0.029235109 0.841105277 44.806690849 0.086629261 0.992156403 0.090111544 -0.058357025 -0.837145054 0.121533155 -0.533310074 -0.897721050
-0.541299405 -0.030100274 0.840290016 45.613941596 0.085138769 0.992260485 0.090388565 -0.064686507 -0.836509564 0.120470325 -0.534547408 -1.462117797
-0.542425846 -0.030298664 0.839556191 46.424862671 0.084595038 0.992300175 0.090467367 -0.069480510 -0.835834635 0.120094700 -0.535685775 -2.033871923
-0.543337537 -0.031844071 0.838908506 47.242055897 0.081962782 0.992494253 0.090759049 -0.075166181 -0.835504734 0.118073194 -0.536650107 -2.606336660
-0.543880218 -0.032554744 0.838529918 48.060878171 0.080362156 0.992634131 0.090662140 -0.079807029 -0.835307374 0.116696666 -0.537258252 -3.181494823
-0.543651631 -0.034502884 0.838600617 48.885886741 0.078608771 0.992669884 0.091803259 -0.082626930 -0.835623179 0.115831868 -0.536954386 -3.761412592
-0.543152512 -0.035705740 0.838873574 49.715593512 0.077478041 0.992701398 0.092419337 -0.088645856 -0.836053234 0.115192686 -0.536421476 -4.344482037
-0.542448859 -0.034759125 0.839368235 50.545579111 0.078500970 0.992674672 0.091840043 -0.095204925 -0.836414460 0.115711045 -0.535746659 -4.933644147
-0.541327066 -0.033822125 0.840130505 51.380111390 0.078835221 0.992747588 0.090762648 -0.101587556 -0.837109600 0.115364871 -0.534734902 -5.524888690
-0.540035522 -0.034914538 0.840916038 52.223893328 0.078036655 0.992758161 0.091333960 -0.106332014 -0.838017503 0.114946612 -0.533400320 -6.116140741
-0.538929669 -0.034643096 0.841636155 53.071403273 0.078877755 0.992687831 0.091369328 -0.113852774 -0.838650046 0.115630021 -0.532257143 -6.710744521
-0.538042945 -0.035219533 0.842180262 53.926750511 0.076932441 0.992904679 0.090672306 -0.120457581 -0.839400017 0.113578180 -0.531516037 -7.303631392
-0.537417387 -0.035239193 0.842578409 54.787616385 0.074811371 0.993194946 0.089255967 -0.127208727 -0.839992600 0.111002740 -0.531125167 -7.898397934
-0.536622482 -0.034576653 0.843112315 55.652210266 0.073563477 0.993439339 0.087563340 -0.136736175 -0.840611101 0.109011840 -0.530558874 -8.496516205
-0.536008266 -0.036030138 0.843442678 56.524936118 0.071589853 0.993550463 0.087937822 -0.144988282 -0.841173025 0.107517943 -0.529972095 -9.098985848
-0.535804127 -0.037703891 0.843498354 57.401847995 0.071034750 0.993447825 0.089530025 -0.153972216 -0.841349540 0.107889266 -0.529615943 -9.706707311
-0.536079890 -0.039699788 0.843232157 58.284967301 0.070915081 0.993244804 0.091846658 -0.159935828 -0.841184793 0.109035932 -0.529643111 -10.319155870
-0.536314151 -0.040267054 0.843055922 59.172057712 0.071435229 0.993111581 0.092879010 -0.166853922 -0.840991047 0.110037891 -0.529743159 -10.935884531
-0.536300712 -0.039389160 0.843105533 60.061203491 0.073181062 0.992978199 0.092942732 -0.172481778 -0.840849228 0.111545924 -0.529653163 -11.557255471
-0.536286729 -0.037482232 0.843201980 60.952159780 0.075221240 0.992915824 0.091978961 -0.178741164 -0.840677920 0.112755283 -0.529669073 -12.182343027
-0.536099873 -0.035097556 0.843423258 61.846216922 0.076884976 0.992952845 0.090189882 -0.187445339 -0.840646842 0.113198377 -0.529622960 -12.807840070
-0.536132438 -0.032880002 0.843491545 62.740796807 0.078153497 0.993015827 0.088384022 -0.198017027 -0.840509719 0.113309134 -0.529818087 -13.431220715
-0.536154186 -0.032895810 0.843477311 63.639299742 0.078109568 0.993019195 0.088378939 -0.207880870 -0.840499073 0.113268950 -0.529842777 -14.053736134
-0.536552967 -0.034776839 0.843148105 64.536720208 0.081536669 0.992338913 0.092817693 -0.216108589 -0.839919113 0.118549564 -0.529607976 -14.680541235
-0.536874345 -0.036847351 0.842855863 65.433719637 0.080857186 0.992199633 0.094879628 -0.224281880 -0.839779321 0.119091070 -0.529708116 -15.305389357
-0.537768041 -0.040159521 0.842135159 66.329626342 0.076221774 0.992458765 0.096002462 -0.230207008 -0.839641601 0.115817932 -0.530651488 -15.920187510
-0.538992518 -0.036303945 0.841526208 67.222308101 0.077080367 0.992753073 0.092197539 -0.237534500 -0.838777147 0.114560957 -0.532288247 -16.543903244
-0.540479972 -0.036127736 0.840579393 68.116111072 0.074814002 0.993056682 0.090786503 -0.244299264 -0.838024979 0.111956565 -0.534024213 -17.163269696
-0.541847106 -0.035800604 0.839712939 69.005705629 0.073711213 0.993218356 0.089910200 -0.255992440 -0.837239121 0.110614718 -0.535533845 -17.782638019
-0.542469677 -0.036429740 0.839283353 69.890644756 0.072719097 0.993273337 0.090115148 -0.266448760 -0.836923086 0.109918040 -0.536171578 -18.404008122
-0.543202804 -0.042831942 0.838507318 70.782453178 0.072901790 0.992519323 0.097926713 -0.267856399 -0.836431675 0.114324205 -0.536017313 -19.027774911
-0.544161629 -0.051789492 0.837378945 71.671926588 0.072343814 0.991478499 0.108332547 -0.266864943 -0.835856928 0.119529923 -0.535778555 -19.649944189
-0.544700781 -0.055520348 0.836789900 72.554830085 0.073057473 0.990870961 0.113299615 -0.257931046 -0.835443201 0.122849293 -0.535671582 -20.269256244
-0.545103451 -0.050998092 0.836814924 73.426241811 0.073711235 0.991367327 0.108433847 -0.250549050 -0.835123127 0.120791543 -0.536639162 -20.882903448
-0.545079967 -0.045356368 0.837154510 74.295070649 0.075599650 0.991808615 0.102958836 -0.247250539 -0.834969674 0.119410672 -0.537186500 -21.499251369
-0.544542637 -0.039187325 0.837815634 75.161977214 0.081008777 0.991780131 0.099041175 -0.246468017 -0.834813397 0.121803883 -0.536892174 -22.121190777
-0.543317323 -0.040752992 0.838535886 76.035642943 0.080352170 0.991711323 0.100260504 -0.246082714 -0.835673988 0.121853469 -0.535540248 -22.736560108
-0.542369353 -0.046125891 0.838871585 76.916297283 0.078752462 0.991304053 0.105425132 -0.237462337 -0.836442571 0.123244168 -0.534020995 -23.350225657
-0.541303203 -0.053728623 0.839107474 77.800161664 0.076233378 0.990710014 0.112614842 -0.225089988 -0.837365628 0.124927931 -0.532179380 -23.964132731
-0.540353872 -0.061632253 0.839176014 78.686327399 0.067474035 0.990928351 0.116225520 -0.211443099 -0.838729488 0.119426272 -0.531293454 -24.560114409
-0.538493952 -0.068650419 0.839826893 79.572875358 0.060832919 0.990907516 0.120007334 -0.188078517 -0.840431368 0.115713256 -0.529421991 -25.156810444
-0.535339198 -0.067862992 0.841904975 80.448790483 0.063745589 0.990678371 0.120388839 -0.174196996 -0.842229271 0.118118501 -0.526022263 -25.762168152
-0.530343504 -0.063907714 0.845369430 81.323652135 0.067356369 0.990825832 0.117159820 -0.160229378 -0.845103728 0.119076918 -0.521174522 -26.362634766
-0.522302479 -0.059210019 0.850700973 82.201390407 0.073800909 0.990705267 0.114266090 -0.145068027 -0.849562123 0.122464732 -0.513078163 -26.957334221
-0.512764804 -0.055897507 0.856705783 83.086009427 0.080626668 0.990333176 0.112873752 -0.135378471 -0.854735806 0.126952138 -0.503300868 -27.546578894
-0.502449019 -0.054076863 0.862913007 83.979667017 0.084187985 0.990239262 0.111077260 -0.122861778 -0.860498769 0.128458325 -0.492992846 -28.120498035
-0.491928185 -0.057650386 0.868723752 84.891304069 0.080944511 0.990454537 0.111565750 -0.107038746 -0.866866081 0.125201307 -0.482566938 -28.673052541
-0.481213434 -0.061185266 0.874464744 85.809199999 0.080936201 0.990199202 0.113822243 -0.096056154 -0.872860234 0.125550199 -0.471544905 -29.217201897
-0.469794352 -0.064903980 0.880385218 86.735620562 0.079874091 0.990077380 0.115613796 -0.079879172 -0.879155358 0.124636396 -0.459949398 -29.748128571
-0.457203985 -0.067024141 0.886831369 87.669124397 0.083287817 0.989546746 0.117726327 -0.057679993 -0.885455108 0.127688915 -0.446842907 -30.273288924
-0.444203706 -0.067500535 0.893378102 88.610738504 0.082163702 0.989886270 0.115645519 -0.049413233 -0.892151555 0.124774287 -0.434165403 -30.780644748
-0.431451359 -0.058293226 0.900249549 89.550378632 0.082439531 0.991186418 0.103691548 -0.048598360 -0.898362449 0.118956269 -0.422842953 -31.270179992
-0.418605527 -0.048924725 0.906847775 90.498619188 0.081942366 0.992440450 0.091367816 -0.050262316 -0.904464690 0.112556986 -0.411432668 -31.747678286
-0.406412499 -0.049474868 0.912347781 91.468848308 0.080068397 0.992763085 0.089502996 -0.056197344 -0.910176338 0.109427469 -0.399509782 -32.218472102
-0.394080984 -0.054506558 0.917457367 92.449465473 0.079367976 0.992492884 0.093055456 -0.066542052 -0.915643407 0.109489028 -0.386796049 -32.680980803
-0.381759228 -0.055731317 0.922578616 93.433560304 0.076733666 0.992823248 0.091727061 -0.076312029 -0.921071667 0.105811543 -0.374743047 -33.126349317
-0.371397362 -0.051505899 0.927043502 94.419377900 0.074548411 0.993582562 0.085068731 -0.090499198 -0.925477653 0.100705320 -0.365173906 -33.561213993
-0.363737995 -0.049200180 0.930200027 95.411704517 0.073041247 0.994023199 0.081136949 -0.107305198 -0.928633937 0.097456490 -0.357970388 -33.988591054
-0.357696787 -0.048710635 0.932565608 96.409617072 0.067528765 0.994674560 0.077856466 -0.131218769 -0.931394411 0.090825173 -0.352502950 -34.404691158
-0.352027608 -0.047732400 0.934770823 97.408996149 0.064816149 0.995058294 0.075220447 -0.158921796 -0.933743397 0.087068813 -0.347194377 -34.818515448
-0.347073958 -0.052438782 0.936369483 98.417549088 0.061925926 0.994975254 0.078674628 -0.177313432 -0.935792840 0.085292374 -0.342082925 -35.231161516
-0.343948115 -0.058284707 0.937177028 99.433351418 0.059925594 0.994674880 0.083853387 -0.196619669 -0.937075903 0.085003094 -0.338623232 -35.644307305
-0.342366241 -0.066746124 0.937192059 100.455447778 0.052158943 0.994585635 0.089888147 -0.206796419 -0.938119118 0.079658101 -0.337031302 -36.047691541
-0.340920421 -0.068790400 0.937570318 101.471159279 0.046575787 0.994858162 0.089929567 -0.222478159 -0.938939298 0.074328271 -0.335962967 -36.450538546
-0.338065224 -0.063992469 0.938942848 102.482706393 0.045293463 0.995422757 0.084149903 -0.240589617 -0.940032902 0.070976769 -0.333619780 -36.853319696
-0.333864070 -0.057695162 0.940852672 103.494534913 0.048186754 0.995775701 0.078162229 -0.262290460 -0.941389957 0.071432473 -0.329673077 -37.253053369
-0.327991364 -0.055792179 0.943030410 104.513371485 0.051595097 0.995706289 0.076853493 -0.286627776 -0.943271926 0.073863778 -0.323704001 -37.652355681
-0.322130512 -0.061153616 0.944717007 105.543455279 0.050208847 0.995403852 0.081554331 -0.310123234 -0.945364338 0.073704852 -0.317579419 -38.042041275
-0.315915717 -0.062608771 0.946717682 106.570411296 0.051469970 0.995220746 0.082991585 -0.328312202 -0.947391173 0.074946456 -0.311183516 -38.426139545
-0.309743258 -0.060954777 0.948863029 107.601372696 0.053013948 0.995283511 0.081242750 -0.348705835 -0.949342800 0.075468475 -0.305050557 -38.805329010
-0.303172621 -0.055566690 0.951312628 108.631440005 0.051460127 0.995886742 0.074571001 -0.375138236 -0.951546522 0.071562942 -0.299065711 -39.171548354
-0.295302017 -0.054761130 0.953832249 109.669168938 0.053412607 0.995848335 0.073709790 -0.403039406 -0.953911311 0.072714700 -0.291151703 -39.540237944
-0.286839410 -0.055679294 0.956358413 110.711519332 0.056003779 0.995627318 0.074762589 -0.429715522 -0.956341920 0.075005961 -0.282467128 -39.901758754
-0.277643667 -0.057558462 0.958957101 111.761320259 0.056860330 0.995468860 0.076212176 -0.456671442 -0.959001253 0.075687687 -0.273112879 -40.250416769
-0.268213495 -0.060094517 0.961482294 112.815803341 0.053661174 0.995570334 0.077194955 -0.482153275 -0.961865010 0.072300421 -0.263800754 -40.582676462
-0.259387575 -0.061215779 0.963829824 113.871215607 0.055411468 0.995401754 0.078134366 -0.505995716 -0.964183386 0.073674980 -0.254803371 -40.909579938
-0.250472139 -0.060841444 0.966208790 114.928037534 0.056902691 0.995372199 0.077428579 -0.532465024 -0.966451587 0.074374436 -0.245850812 -41.229075817
-0.241645162 -0.060951677 0.968446855 115.985296657 0.058127720 0.995323878 0.077147495 -0.556877504 -0.968623342 0.074936894 -0.236972061 -41.536148388
-0.233081111 -0.060162334 0.970592942 117.040816728 0.066432592 0.994767888 0.077614250 -0.585382378 -0.970186628 0.082570660 -0.227865525 -41.849832926
-0.225111640 -0.062970859 0.972295106 118.098497706 0.069958310 0.994288775 0.080593062 -0.612998478 -0.971818962 0.086163180 -0.219420792 -42.149725043
-0.217778635 -0.063711377 0.973915067 119.152452747 0.069815625 0.994294159 0.080655928 -0.636526604 -0.973499438 0.085559964 -0.212088236 -42.431906816
-0.211514629 -0.063182262 0.975329493 120.200164631 0.070762359 0.994299973 0.079757226 -0.660713089 -0.974811685 0.085887439 -0.205837757 -42.704197200
-0.205827574 -0.063782458 0.976506464 121.244235181 0.066938463 0.994618698 0.079074197 -0.687985080 -0.976297447 0.081642753 -0.200450301 -42.959949427
-0.200429366 -0.066711810 0.977433241 122.284875416 0.067009718 0.994409409 0.081611172 -0.707560569 -0.977415203 0.081855592 -0.194838316 -43.213194317
-0.195720307 -0.073289335 0.977915653 123.323218438 0.063485159 0.994164304 0.087213512 -0.725787250 -0.978604112 0.079153744 -0.189925488 -43.455647373
-0.192959838 -0.075754839 0.978277022 124.351711064 0.062535549 0.994038758 0.089310918 -0.743821376 -0.979213087 0.078411711 -0.187071089 -43.695110042
-0.190146016 -0.072926791 0.979042572 125.366949465 0.061779804 0.994372397 0.086066986 -0.764438199 -0.979811120 0.076851478 -0.184569891 -43.930336573
-0.188524442 -0.069604082 0.979597126 126.374712988 0.061331257 0.994704132 0.082480789 -0.784962763 -0.980152331 0.075630531 -0.183257265 -44.164107918
-0.187406695 -0.067616565 0.979951028 127.385286210 0.059624348 0.995005812 0.080058122 -0.808091608 -0.980472203 0.073433317 -0.182438877 -44.392215050
-0.186446917 -0.067180160 0.980164115 128.391696806 0.058586550 0.995124043 0.079350324 -0.833550223 -0.980717535 0.072220532 -0.181601799 -44.620253617
-0.185573544 -0.065730530 0.980427968 129.391328360 0.057490845 0.995324932 0.077611494 -0.855350128 -0.980948115 0.070769374 -0.180927171 -44.849673590
-0.185530620 -0.068020148 0.980279898 130.386014145 0.051706013 0.995543025 0.078864763 -0.879221860 -0.981278253 0.065318677 -0.181185864 -45.065884207
-0.185650016 -0.066634904 0.980352686 131.365411161 0.050614490 0.995725405 0.077265715 -0.906978880 -0.981313134 0.063964708 -0.181483680 -45.287539805
-0.186272376 -0.065403603 0.980317768 132.335595500 0.051178745 0.995781090 0.076159511 -0.934275170 -0.981165482 0.064358272 -0.182139229 -45.509131004
-0.185976313 -0.060454388 0.980691567 133.294603441 0.050063021 0.996225352 0.070906112 -0.969174654 -0.981278881 0.062284222 -0.182247245 -45.727176874
-0.184451783 -0.058770052 0.981081116 134.251884587 0.055226179 0.996014049 0.070047681 -0.995495925 -0.981290344 0.067102660 -0.180470812 -45.950513528
-0.180387245 -0.058473912 0.981854931 135.204388790 0.061158615 0.995633019 0.070530829 -1.027476736 -0.981693292 0.072773256 -0.176023540 -46.176038886
-0.174976183 -0.066136061 0.982348078 136.162124743 0.063397178 0.994913829 0.078274135 -1.050741702 -0.982530590 0.075975327 -0.169893891 -46.386925141
-0.167677579 -0.064462875 0.983731170 137.110020430 0.067339080 0.994780663 0.076664586 -1.080824481 -0.983541052 0.079099444 -0.162461182 -46.590888503
-0.158936779 -0.064181551 0.985198963 138.059492135 0.068183299 0.994788340 0.075805812 -1.107288227 -0.984932858 0.079223937 -0.153731831 -46.778052184
-0.149634805 -0.060525966 0.986885842 139.004864924 0.066685924 0.995234110 0.071149013 -1.131271898 -0.986491132 0.076458642 -0.144884920 -46.950693870
-0.139812566 -0.061899666 0.988240187 139.952996340 0.068447623 0.995052259 0.072009669 -1.160758337 -0.987810790 0.077711757 -0.134883327 -47.117749903
-0.129247152 -0.061505856 0.989701579 140.899427757 0.070635493 0.994967871 0.071057433 -1.190926592 -0.989094826 0.079092664 -0.124251964 -47.277002398
-0.118016747 -0.059392726 0.991232617 141.844715379 0.073402715 0.994956676 0.068355923 -1.221745169 -0.990296208 0.080826777 -0.113061918 -47.426283487
-0.106413433 -0.059114186 0.992562138 142.791118929 0.078759634 0.994593331 0.067678347 -1.252300863 -0.991198986 0.085376423 -0.101182647 -47.571223421
-0.095200362 -0.057718877 0.993782618 143.736855638 0.083019870 0.994378990 0.065707444 -1.287973035 -0.991991707 0.088759879 -0.089872886 -47.704145987
-0.084092105 -0.052739064 0.995060403 144.678325183 0.079969627 0.995019901 0.059494505 -1.333909309 -0.993245514 0.084578589 -0.079455976 -47.813669192
-0.073235938 -0.041369091 0.996455016 145.615579580 0.074616195 0.996111348 0.046838489 -1.383962060 -0.994520519 0.077782646 -0.069863873 -47.908849199
-0.063177246 -0.034288647 0.997411379 146.559922096 0.069679873 0.996819170 0.038682085 -1.435302826 -0.995568424 0.071945080 -0.060587218 -47.994338506
-0.054919733 -0.035119809 0.997871364 147.512717546 0.065339405 0.997113079 0.038688988 -1.489907978 -0.996351480 0.067326453 -0.052466123 -48.071934675
-0.047565109 -0.038863594 0.998110558 148.460455465 0.061393882 0.997240097 0.041755396 -1.549732475 -0.996980905 0.063265039 -0.045047123 -48.145629592
-0.041394692 -0.033132098 0.998591870 149.398490988 0.058370018 0.997663361 0.035520691 -1.612939777 -0.997437748 0.059759145 -0.039363309 -48.217408784
-0.037157232 -0.028562866 0.998900125 150.340873612 0.055958402 0.997963834 0.030617586 -1.670932849 -0.997742813 0.057035644 -0.035483012 -48.285055837
-0.035458103 -0.029083989 0.998946647 151.286392819 0.056732361 0.997905949 0.031067619 -1.733732671 -0.997760404 0.057775069 -0.033733940 -48.358276668
-0.035276225 -0.033589566 0.998811689 152.234936646 0.055323741 0.997836497 0.035510680 -1.798914120 -0.997845972 0.056511107 -0.033341370 -48.426805002
-0.034959461 -0.037162769 0.998696609 153.181982689 0.058063702 0.997545169 0.039152653 -1.854495118 -0.997702362 0.059357180 -0.032715495 -48.501574163
-0.033656883 -0.038317233 0.998697097 154.123591611 0.061117619 0.997316047 0.040324869 -1.909693095 -0.997564334 0.062396406 -0.031224622 -48.579557510
-0.031339474 -0.039913531 0.998710736 155.062928482 0.063131509 0.997127795 0.041830819 -1.966503914 -0.997514457 0.064362624 -0.028729408 -48.651929569
-0.025958245 -0.040065427 0.998858292 156.002303590 0.065403145 0.996987874 0.041689963 -2.016754964 -0.997522343 0.066412194 -0.023259342 -48.719023557
-0.018864349 -0.041036598 0.998978034 156.939046810 0.066389285 0.996900781 0.042204667 -2.072676311 -0.997616400 0.067119070 -0.016081178 -48.774538208
-0.010952926 -0.043781866 0.998979541 157.878024900 0.064353718 0.996938646 0.044397615 -2.123511078 -0.997868008 0.064774982 -0.008101484 -48.816146658
-0.002729108 -0.042959467 0.999072213 158.815203865 0.059159435 0.997319778 0.043045699 -2.176263820 -0.998246366 0.059222550 -0.000180542 -48.844884803
0.005746207 -0.041222778 0.999132535 159.750297523 0.056756341 0.997552799 0.040830933 -2.232005913 -0.998372257 0.056473121 0.008071493 -48.869026723
0.015072163 -0.038292019 0.999151573 160.683270145 0.054799423 0.997796164 0.037414201 -2.288375393 -0.998384572 0.054190017 0.017138069 -48.883408125
0.024349190 -0.039871744 0.998906686 161.620183427 0.058682143 0.997538194 0.038386899 -2.343037550 -0.997980805 0.057684087 0.026629469 -48.896897210
0.035122416 -0.044423745 0.998394060 162.558323148 0.062402560 0.997160153 0.042173412 -2.398750170 -0.997434169 0.060821940 0.037795605 -48.901958217
0.047204782 -0.048327031 0.997714491 163.489856790 0.066783870 0.996746995 0.045120730 -2.451768445 -0.996651338 0.064501519 0.050279482 -48.895081457
0.060523227 -0.049749007 0.996924657 164.415941294 0.071520378 0.996406053 0.045380768 -2.503891608 -0.995602022 0.068554836 0.063864054 -48.877081939
0.073599674 -0.049968345 0.996034181 165.333769031 0.071088851 0.996466115 0.044737185 -2.551203705 -0.994752047 0.067515060 0.076892058 -48.839265263
0.085976027 -0.050941172 0.994992882 166.247544964 0.067005548 0.996726626 0.045239863 -2.600947193 -0.994042395 0.062781087 0.089107691 -48.782937195
0.098357025 -0.055501119 0.993601272 167.158592516 0.066040644 0.996606889 0.049131580 -2.642277075 -0.992958223 0.060786787 0.101688759 -48.717792819
0.110343292 -0.065124739 0.991756785 168.066706389 0.060083577 0.996463346 0.058748195 -2.678065461 -0.992076753 0.053106468 0.113866157 -48.633709439
0.121968740 -0.072318906 0.989894960 168.969711151 0.056389915 0.996235888 0.065834140 -2.717610761 -0.990932026 0.047791922 0.125587872 -48.540584898
0.133845898 -0.077464123 0.987968448 169.860289098 0.055073512 0.995981144 0.070631869 -2.744315309 -0.989471765 0.044957616 0.137573876 -48.440639156
0.146025422 -0.079039763 0.986116820 170.745439546 0.055869543 0.995871278 0.071548699 -2.773286289 -0.987703462 0.044645897 0.149838757 -48.334756621
0.158158174 -0.081171208 0.984070607 171.625721714 0.054700391 0.995805237 0.073346993 -2.799931395 -0.985898946 0.042229555 0.161934703 -48.215545532
0.169452951 -0.085533394 0.981818086 172.505850599 0.058491662 0.995343782 0.076616533 -2.823300984 -0.983801992 0.044445557 0.173667210 -48.095267910
0.180620642 -0.084852939 0.979884316 173.372992068 0.056595144 0.995517338 0.075774611 -2.849281323 -0.981924374 0.041771204 0.184613548 -47.962509870
0.191189683 -0.076414805 0.978573239 174.225214098 0.052311969 0.996341001 0.067581931 -2.884137277 -0.980159201 0.038270730 0.194487703 -47.813741722
0.202755602 -0.063137160 0.977190251 175.068787207 0.054095557 0.997117521 0.053200104 -2.922462131 -0.977735143 0.042075293 0.205586801 -47.667948943
0.214037289 -0.058574810 0.975066125 175.914083010 0.054503276 0.997361458 0.047950644 -2.953233205 -0.975305355 0.042881766 0.216665611 -47.510350105
0.224284681 -0.066888126 0.972224773 176.766287233 0.055913920 0.996881951 0.055685935 -2.983515994 -0.972919392 0.041872336 0.227325760 -47.342034668
0.235497213 -0.083070029 0.968317433 177.616153229 0.055070466 0.995879703 0.072041255 -3.010387858 -0.970314701 0.036360640 0.239102277 -47.157771232
0.246963617 -0.093876838 0.964466043 178.451401129 0.058045041 0.994942430 0.081980511 -3.034616911 -0.967285742 0.035736476 0.251164117 -46.976608820
0.258447867 -0.095001631 0.961341305 179.260780497 0.060816227 0.994778220 0.081956228 -3.056033182 -0.964110289 0.037284351 0.262876817 -46.793813661
0.268869006 -0.094908996 0.958487723 180.057781922 0.062282620 0.994763607 0.081030668 -3.069420218 -0.961162481 0.037910929 0.273372498 -46.600205198
0.279121778 -0.095432954 0.955500213 180.843130811 0.061845285 0.994769664 0.081289302 -3.089093486 -0.958262692 0.036403841 0.283564884 -46.395959934
0.289119270 -0.099009683 0.952158202 181.620146389 0.060359614 0.994543215 0.085088495 -3.105104250 -0.955389334 0.032871803 0.293518451 -46.181151435
0.299610656 -0.101661686 0.948628781 182.383259895 0.059582062 0.994359316 0.087743660 -3.116955518 -0.952200230 0.030232637 0.303978953 -45.963113315
0.310265751 -0.105359223 0.944792218 183.143043536 0.061649316 0.993977846 0.090599038 -3.127384234 -0.948649501 0.030136088 0.314893463 -45.743715664
0.321199249 -0.108515027 0.940772881 183.858089870 0.066327877 0.993551308 0.091956817 -3.139684515 -0.944687071 0.032863610 0.326326097 -45.525853180
0.333472525 -0.106100863 0.936769459 184.570453992 0.063092631 0.993931209 0.090114234 -3.151731797 -0.940647772 0.029053489 0.338143042 -45.286050267
0.345899916 -0.101058344 0.932812546 185.273039485 0.061235271 0.994494167 0.085034067 -3.167098720 -0.936271835 0.027707513 0.350184261 -45.039229645
0.357915753 -0.095832507 0.928822093 185.973308392 0.060153383 0.995020102 0.079483111 -3.182216261 -0.931815410 0.027423737 0.361898190 -44.781646988
0.369111848 -0.094595365 0.924556842 186.672819320 0.059691170 0.995166092 0.077989377 -3.200037508 -0.927466636 0.026401210 0.372974796 -44.516104085
0.379066702 -0.096876046 0.920283040 187.373431580 0.057369646 0.995052098 0.081116488 -3.214034537 -0.923590384 0.022048961 0.382748984 -44.241023227
0.387421482 -0.099407913 0.916526636 188.070643026 0.053015217 0.994926997 0.085501800 -3.226246008 -0.920377832 0.015464313 0.390727118 -43.959472727
0.393146564 -0.104523650 0.913514434 188.767729366 0.049911629 0.994478712 0.092307321 -3.233582798 -0.918120573 0.009304799 0.396193220 -43.676812348
0.396429756 -0.106964338 0.911811343 189.455512398 0.048721679 0.994241214 0.095451217 -3.242407002 -0.916772770 0.006586271 0.399358110 -43.403363165
0.398051075 -0.110414645 0.910693184 190.139505475 0.051963935 0.993849596 0.097783404 -3.253164802 -0.915891069 0.008401469 0.401341156 -43.141012976
0.399462563 -0.108015296 0.910362493 190.806982837 0.055657482 0.994060489 0.093523287 -3.262396511 -0.915059603 0.013309723 0.403102564 -42.887317372
0.399926095 -0.105834767 0.910415356 191.468014139 0.058707254 0.994228600 0.089789662 -3.273021326 -0.914666204 0.017539225 0.403831428 -42.637095604
0.399036557 -0.103305490 0.911095965 192.118581981 0.056403174 0.994517163 0.088061088 -3.282322491 -0.915199897 0.016248979 0.402675536 -42.380919535
0.396965347 -0.102995488 0.912035203 192.767290948 0.056015471 0.994550543 0.087932491 -3.290541524 -0.916123698 0.016181736 0.400571043 -42.130237428
0.394039518 -0.105821581 0.912980102 193.420201791 0.056470672 0.994260832 0.090869692 -3.298592854 -0.917358083 0.015750853 0.397754236 -41.884782757
0.389469255 -0.108812086 0.914588330 194.075011705 0.057870323 0.993925825 0.093607702 -3.306639242 -0.919219954 0.016470491 0.393402015 -41.648127723
0.382245180 -0.109134909 0.917592253 194.727675110 0.055339461 0.993922463 0.095160156 -3.313563095 -0.922403522 0.014404939 0.385962261 -41.410887532
0.371979447 -0.109062056 0.921810259 195.381737738 0.053526608 0.993941099 0.095996997 -3.317315172 -0.926697136 0.013633116 0.375564232 -41.184528156
0.360981627 -0.110853774 0.925959980 196.038803473 0.052554821 0.993749611 0.098481532 -3.313889002 -0.931091679 0.013114121 0.364552231 -40.966562477
0.349528394 -0.112224279 0.930179781 196.696182510 0.054484637 0.993555102 0.099396059 -3.317825799 -0.935341138 0.015939576 0.353390896 -40.765074936
0.338581191 -0.111605340 0.934293873 197.349348795 0.055008712 0.993590504 0.098753952 -3.323741712 -0.939328626 0.017959411 0.342550116 -40.572732119
0.328651953 -0.106954642 0.938374617 198.001540108 0.055231692 0.994042847 0.093956077 -3.333895661 -0.942835787 0.020949229 0.332602114 -40.385815954
0.319780213 -0.102732133 0.941904729 198.653570276 0.057441012 0.994378071 0.088953469 -3.338024692 -0.945749616 0.025659195 0.323884176 -40.206981525
0.312817925 -0.101721924 0.944349290 199.306245208 0.059002851 0.994409041 0.087569248 -3.341485757 -0.947979894 0.028326448 0.317071677 -40.031062248
0.305931696 -0.104214866 0.946330847 199.963415749 0.060785802 0.994101261 0.089824565 -3.347668870 -0.950111811 0.030043701 0.310462790 -39.857303967
0.300373447 -0.109713649 0.947489747 200.624175102 0.062468605 0.993492174 0.095236565 -3.352553185 -0.951774545 0.030582721 0.305273296 -39.685809207
0.296510112 -0.110491931 0.948615464 201.275246148 0.061508641 0.993431690 0.096486426 -3.360020721 -0.953048226 0.029739535 0.301359220 -39.512377050
0.293302145 -0.110835118 0.949572086 201.923468244 0.060960672 0.993403873 0.097121556 -3.362721910 -0.954075349 0.029401626 0.298123927 -39.339450233
0.291565483 -0.112180775 0.949948756 202.572144838 0.060294468 0.993279659 0.098792295 -3.363578519 -0.954649777 0.028473095 0.296370487 -39.168428924
0.290358773 -0.114834747 0.950001683 203.221016164 0.063796328 0.992887345 0.100520573 -3.362162707 -0.954789365 0.031420512 0.295620871 -39.007546566
0.289755191 -0.115468429 0.950109046 203.865834122 0.067028619 0.992706915 0.100203963 -3.368850876 -0.954751530 0.034650297 0.295382920 -38.847729904
0.289989339 -0.113718197 0.950248077 204.505293771 0.071025838 0.992734420 0.097128290 -3.378268431 -0.954391829 0.039326856 0.295959493 -38.687089270
0.291585214 -0.109218634 0.950287807 205.137300928 0.069828322 0.993239649 0.092728576 -3.381933489 -0.953993611 0.039319392 0.297241059 -38.519739759
0.294159983 -0.108264209 0.949603197 205.770661322 0.068371668 0.993402002 0.092077793 -3.379452769 -0.953308799 0.037840026 0.299621962 -38.343767121
0.297742441 -0.113795785 0.947838024 206.410341922 0.071979108 0.992719863 0.096573938 -3.379526044 -0.951929831 0.039471429 0.303766915 -38.173650421
