1.000000000 0.000000000 0.000000000 0.000000000 0.000000000 1.000000000 0.000000000 0.000000000 -0.000000000 0.000000000 1.000000000 -0.000000000
0.999355685 0.008407693 -0.034908891 -0.060484681 -0.008467111 0.999962501 -0.001551708 -0.020099098 0.034894013 0.001846703 0.999389556 0.202277965
0.997461532 0.016806174 -0.069203783 -0.126265160 -0.016985003 0.999853535 -0.002007152 -0.037276332 0.069159135 0.003177664 0.997601032 0.414697795
0.994574282 0.019625081 -0.102164208 -0.185126558 -0.019818924 0.999803230 -0.000888219 -0.057368877 0.102125123 0.002908042 0.994767624 0.638957693
0.990762465 0.021977523 -0.133817523 -0.248605541 -0.021918612 0.999757877 0.001905806 -0.079591508 0.133826920 0.001044473 0.991004562 0.873492842
0.986293190 0.024592766 -0.163162908 -0.320416983 -0.024385563 0.999696678 0.003270848 -0.102605191 0.163193435 0.000753028 0.986593553 1.116685621
0.981234534 0.028821413 -0.190653940 -0.401290343 -0.028604452 0.999582830 0.003889961 -0.123944865 0.190685881 0.001637018 0.981649837 1.368146983
0.976181747 0.028027777 -0.215139502 -0.477630122 -0.028019510 0.999602126 0.003087136 -0.150754254 0.215140296 0.003014468 0.976579287 1.629297967
0.971383732 0.028989821 -0.235739564 -0.559590734 -0.029039954 0.999572659 0.003259887 -0.174490798 0.235732923 0.003679128 0.971811335 1.904213187
0.967079381 0.031462601 -0.252521580 -0.649599074 -0.031283420 0.999499596 0.004722061 -0.199798312 0.252543660 0.003332881 0.967580550 2.190535702
0.963451556 0.038177251 -0.265147080 -0.750336108 -0.037230472 0.999269637 0.008597836 -0.227587780 0.265282212 0.001588220 0.964169838 2.489884932
0.960254183 0.043884805 -0.275657406 -0.853611642 -0.042273696 0.999035900 0.011783631 -0.255267468 0.275907906 0.000337913 0.961184309 2.798802031
0.957850649 0.047451464 -0.283323503 -0.954434109 -0.045711933 0.998873450 0.012751261 -0.283152827 0.283609326 0.000737874 0.958940383 3.117444368
0.956570179 0.050218984 -0.287146086 -1.054797839 -0.048562843 0.998736205 0.012891469 -0.309205405 0.287430924 0.001612511 0.957799795 3.446942146
0.956112245 0.050734835 -0.288576275 -1.149673268 -0.048582923 0.998712174 0.014618017 -0.337993167 0.288946283 0.000043729 0.957345664 3.794880029
0.956101013 0.049428165 -0.288839415 -1.241266183 -0.047029751 0.998776887 0.015243066 -0.371980779 0.289239974 -0.000989844 0.957257076 4.154095617
0.956885126 0.047070668 -0.286626807 -1.332676660 -0.044732410 0.998890415 0.014704545 -0.409100641 0.287000421 -0.001249040 0.957930248 4.528696779
0.958126913 0.045945830 -0.282635480 -1.427377662 -0.043350878 0.998940910 0.015430115 -0.443379138 0.283043903 -0.002531139 0.959104001 4.918937298
0.959725691 0.045117043 -0.277292786 -1.521797668 -0.042381410 0.998975906 0.015851415 -0.475815093 0.277724118 -0.003461516 0.960655043 5.325055046
0.961828950 0.044425526 -0.270020707 -1.616817918 -0.041525422 0.999002124 0.016446577 -0.511604624 0.270481862 -0.004605167 0.962714416 5.745903830
0.964299297 0.046193023 -0.260755074 -1.713148162 -0.043150058 0.998916978 0.017384462 -0.547287715 0.261275652 -0.005511522 0.965248818 6.181192933
0.967054707 0.044819373 -0.250593507 -1.801271687 -0.041711515 0.998972868 0.017702055 -0.582904583 0.251130189 -0.006666131 0.967930735 6.633489549
0.969949387 0.045080554 -0.239095326 -1.888302508 -0.041691386 0.998945698 0.019216285 -0.622568551 0.239708604 -0.008670761 0.970806388 7.103127364
0.972907150 0.044228146 -0.226926191 -1.971030168 -0.040503032 0.998957923 0.021049671 -0.662775454 0.227620086 -0.011288085 0.973684358 7.586549159
0.975746582 0.039788667 -0.215260489 -2.041042815 -0.035992496 0.999119912 0.021527983 -0.704897341 0.215927157 -0.013257634 0.976319932 8.082731095
0.978488375 0.035740615 -0.203185384 -2.106291800 -0.032077913 0.999258687 0.021293199 -0.748451338 0.203795630 -0.014318184 0.978909054 8.590415058
0.981229682 0.031476489 -0.190257692 -2.168301094 -0.028336369 0.999414216 0.019201458 -0.791790688 0.190750603 -0.013450646 0.981546894 9.108498463
0.983646398 0.027595345 -0.177985541 -2.225371836 -0.024913350 0.999539756 0.017287281 -0.835310426 0.178380021 -0.012569993 0.983882203 9.639620974
0.985598755 0.022236327 -0.167635562 -2.278635398 -0.019619682 0.999658698 0.017243485 -0.880274849 0.167961379 -0.013706077 0.985698196 10.186632425
0.986858862 0.014909953 -0.160895464 -2.325884229 -0.012159821 0.999762339 0.018062785 -0.926941247 0.161126292 -0.015869292 0.986806464 10.743557819
0.987471447 0.007855154 -0.157603618 -2.374151530 -0.005041988 0.999820397 0.018241917 -0.975343613 0.157719121 -0.017218908 0.987334133 11.311134000
0.987663281 0.000566149 -0.156595126 -2.425624257 0.002463373 0.999813182 0.019145536 -1.025590677 0.156576971 -0.019295057 0.987477097 11.888865595
0.987533820 -0.004189914 -0.157357372 -2.485207245 0.007468379 0.999766790 0.020244123 -1.072989171 0.157235733 -0.021167278 0.987334479 12.477027893
0.987024850 -0.009255412 -0.160302875 -2.549515690 0.012626433 0.999719794 0.020017215 -1.120386615 0.160072916 -0.021781477 0.986864861 13.074262688
0.985869309 -0.013222358 -0.166997831 -2.625147915 0.016601064 0.999684696 0.018847232 -1.169999623 0.166695335 -0.021353190 0.985777192 13.678897038
0.984266163 -0.015097679 -0.176045018 -2.712280781 0.018492731 0.999673155 0.017659340 -1.223179413 0.175720739 -0.020636752 0.984223571 14.289384032
0.982736595 -0.018654011 -0.184068831 -2.803447092 0.021613674 0.999666664 0.014089226 -1.280713632 0.183744125 -0.017824211 0.982812755 14.909145740
0.981494485 -0.020153699 -0.190428586 -2.901339102 0.022532827 0.999692696 0.010331308 -1.336506836 0.190160924 -0.014430954 0.981646593 15.539080651
0.980311794 -0.018649392 -0.196577487 -3.012052149 0.020920619 0.999735607 0.009481574 -1.390114927 0.196348175 -0.013407322 0.980443015 16.182018894
0.978912615 -0.018256114 -0.203464191 -3.125980479 0.020858824 0.999725130 0.010652645 -1.446065196 0.203213452 -0.014671714 0.979025100 16.835063388
0.977491719 -0.017522757 -0.210246889 -3.245309077 0.020746634 0.999698685 0.013139899 -1.504366879 0.209952305 -0.017205455 0.977560418 17.497728592
0.976275767 -0.016259070 -0.215922440 -3.366459629 0.019547351 0.999722976 0.013103228 -1.567081288 0.215649503 -0.017013020 0.976323326 18.163713181
0.975692799 -0.010315157 -0.218903043 -3.503145361 0.013125381 0.999848858 0.011390572 -1.625431045 0.218752195 -0.013986557 0.975680315 18.830344198
0.975278214 -0.005468750 -0.220917111 -3.639424695 0.007416503 0.999940355 0.007985368 -1.685995385 0.220860115 -0.009426023 0.975260692 19.500996465
0.974865618 -0.004055026 -0.222758769 -3.771772327 0.005505407 0.999967520 0.005885801 -1.750700558 0.222727243 -0.006963848 0.974856782 20.182250392
0.974765028 -0.002726180 -0.223215567 -3.905547680 0.004607891 0.999957894 0.007910800 -1.813665633 0.223184627 -0.008739656 0.974736915 20.876692720
0.974640300 0.001114796 -0.223775444 -4.047426499 0.001118607 0.999950815 0.009853973 -1.874844629 0.223776025 -0.009854945 0.974591056 21.575026551
0.974365508 0.006960215 -0.224862797 -4.194040630 -0.003836187 0.999890053 0.014327039 -1.936520053 0.224937764 -0.013096714 0.974285108 22.282383714
0.974065434 0.007712086 -0.226136484 -4.334064864 -0.004270352 0.999867532 0.015704138 -2.003980253 0.226228223 -0.014331464 0.973969319 22.992036420
0.973556055 0.005811362 -0.228374588 -4.469573261 -0.002292484 0.999874525 0.015671379 -2.064059292 0.228436537 -0.014733094 0.973447696 23.703387851
0.972939337 0.004070856 -0.231027594 -4.606608143 -0.001013995 0.999910139 0.013346102 -2.130194475 0.231061484 -0.012751268 0.972856302 24.414288799
0.972438738 0.004720774 -0.233111374 -4.752068673 -0.002062703 0.999930321 0.011640301 -2.195654081 0.233149241 -0.010838238 0.972381126 25.126144756
0.971783685 0.003869162 -0.235842509 -4.897069584 -0.001268403 0.999936922 0.011176036 -2.260641883 0.235870849 -0.010561429 0.971727793 25.842287457
0.971150714 0.002874230 -0.238450398 -5.042735452 -0.000196907 0.999936554 0.011247532 -2.327484670 0.238468044 -0.010876922 0.971089828 26.559027538
0.970684140 0.006125720 -0.240280135 -5.197145208 -0.003649237 0.999935473 0.010746863 -2.394563389 0.240330382 -0.009554995 0.970644502 27.273805800
0.970282660 0.005025945 -0.241923182 -5.348250975 -0.003590140 0.999973575 0.006373572 -2.468568957 0.241948546 -0.005316528 0.970274640 27.986822700
0.969488676 0.002339679 -0.245126172 -5.496255036 -0.001318264 0.999989883 0.004330383 -2.535578247 0.245134012 -0.003875229 0.969481623 28.701648328
0.968908149 0.003207115 -0.247403215 -5.650694359 -0.002362165 0.999989958 0.003712774 -2.604149404 0.247412885 -0.003012552 0.968905793 29.416279094
0.968171160 0.008160682 -0.250158003 -5.819137548 -0.007163786 0.999962400 0.004892052 -2.677208088 0.250188665 -0.002943610 0.968193568 30.133360137
0.967308034 0.009186485 -0.253437287 -5.983097320 -0.006556141 0.999915184 0.011218715 -2.743116566 0.253518591 -0.009190341 0.967287100 30.858551274
0.966549030 0.008599307 -0.256339491 -6.144879991 -0.005083422 0.999883637 0.014371165 -2.809413792 0.256433937 -0.012587454 0.966480098 31.584188616
0.965942051 0.012671204 -0.258447048 -6.318331734 -0.007649724 0.999761637 0.020425107 -2.872627628 0.258644140 -0.017752469 0.965810084 32.313509089
0.965263535 0.012482330 -0.260981769 -6.487214963 -0.006064597 0.999659692 0.025381659 -2.933377321 0.261209352 -0.022917186 0.965010692 33.045455714
0.964431782 0.011852874 -0.264067112 -6.655372129 -0.003972829 0.999531270 0.030353253 -2.989187660 0.264302728 -0.028223994 0.964027098 33.777109784
0.963786601 0.013052832 -0.266355409 -6.827785484 -0.004502355 0.999455738 0.032686572 -3.046849118 0.266637456 -0.030303731 0.963320779 34.509025032
0.963433346 0.017569578 -0.267370923 -7.011736258 -0.010607297 0.999565984 0.027458808 -3.114150208 0.267737121 -0.023619305 0.963203093 35.226890165
0.963090998 0.018209888 -0.268559921 -7.189685764 -0.014072350 0.999750755 0.017322515 -3.179067788 0.268808346 -0.012904977 0.963107821 35.940791248
0.962851679 0.018280004 -0.269410947 -7.365223056 -0.016176689 0.999818235 0.010022739 -3.238677046 0.269545136 -0.005293076 0.962973100 36.663549138
0.963077229 0.019724620 -0.268504029 -7.544398679 -0.017501592 0.999789359 0.010668832 -3.297848887 0.268658103 -0.005575237 0.963220102 37.398882062
0.963420436 0.026293035 -0.266701827 -7.732186119 -0.022325856 0.999590276 0.017894092 -3.364336779 0.267063264 -0.011284486 0.963613056 38.140814382
0.963945082 0.030534854 -0.264343531 -7.913854566 -0.025505194 0.999422918 0.022436969 -3.430074819 0.264876444 -0.014885586 0.964167707 38.880034570
0.964480216 0.032347526 -0.262167875 -8.091077255 -0.027511713 0.999377486 0.022095110 -3.493374525 0.262718981 -0.014097693 0.964770289 39.614030794
0.965021720 0.032649259 -0.260129143 -8.262198690 -0.028141587 0.999382440 0.021033027 -3.556819841 0.260654751 -0.012977755 0.965345328 40.345226387
0.965543146 0.031327773 -0.258352336 -8.425986426 -0.026677381 0.999412721 0.021485390 -3.620215115 0.258873987 -0.013853177 0.965812074 41.078513468
0.966026843 0.032707560 -0.256366828 -8.593494947 -0.027938129 0.999362055 0.022225669 -3.682569842 0.256930109 -0.014308645 0.966323780 41.810153428
0.966524175 0.033556393 -0.254373823 -8.761445008 -0.029775041 0.999381140 0.018701473 -3.753465294 0.254843761 -0.010502290 0.966925284 42.531688377
0.966884508 0.034807013 -0.252831719 -8.925248721 -0.031686245 0.999362700 0.016405614 -3.820477987 0.253241678 -0.007851046 0.967371637 43.251749563
0.967158264 0.033459256 -0.251963088 -9.084463325 -0.031222786 0.999429720 0.012867086 -3.885392557 0.252249926 -0.004577547 0.967651999 43.967966534
0.967365367 0.035602196 -0.250871581 -9.247439019 -0.033049790 0.999350446 0.014378427 -3.949895518 0.251219840 -0.005618581 0.967914009 44.688908420
0.967619622 0.037954355 -0.249544316 -9.409149847 -0.034380583 0.999234270 0.018664327 -4.013971872 0.250061222 -0.009480815 0.968183951 45.408331056
0.967784119 0.040558639 -0.248492759 -9.568768879 -0.036112650 0.999095536 0.022423789 -4.076572363 0.249177400 -0.012728023 0.968374764 46.120536609
0.967993676 0.041208383 -0.247569250 -9.724145727 -0.036678467 0.999065092 0.022881715 -4.140839656 0.248280759 -0.013068882 0.968600317 46.819264923
0.968154096 0.042318419 -0.246752757 -9.876791448 -0.038045542 0.999031780 0.022058095 -4.203069547 0.247447061 -0.011967854 0.968827857 47.510050946
0.968385872 0.042586918 -0.245794725 -10.025941098 -0.038879157 0.999045023 0.019920975 -4.263936170 0.246408152 -0.009735261 0.969117322 48.193460719
0.968627043 0.042687770 -0.244825462 -10.173193552 -0.039529593 0.999059349 0.017797962 -4.325573608 0.245354584 -0.007561374 0.969404170 48.868017999
0.968850257 0.042831539 -0.243916026 -10.319027934 -0.039621284 0.999051634 0.018054248 -4.386627172 0.244457904 -0.007827389 0.969628720 49.542484943
0.969142654 0.041668397 -0.242953607 -10.461234721 -0.038001972 0.999082195 0.019759423 -4.447254655 0.243553677 -0.009917093 0.969836699 50.210896388
0.969377607 0.041169587 -0.242101735 -10.600553232 -0.036755274 0.999065496 0.022719968 -4.505488475 0.242810832 -0.013126212 0.969985058 50.872814121
0.969676369 0.039025038 -0.241260617 -10.734379373 -0.033962749 0.999107145 0.025103528 -4.564297985 0.242024330 -0.016148362 0.970136348 51.526235231
0.969872962 0.039179870 -0.240442019 -10.868061828 -0.033480167 0.999054221 0.027743823 -4.618665751 0.241302023 -0.018857553 0.970267324 52.167226927
0.969976823 0.040974140 -0.239719696 -11.003551223 -0.035452955 0.998998370 0.027299525 -4.673328798 0.240598230 -0.017980881 0.970458734 52.791228977
0.970084572 0.044561833 -0.238643359 -11.138920585 -0.039111045 0.998854972 0.027528044 -4.724744051 0.239596761 -0.017371123 0.970717224 53.402683615
0.970289990 0.046503142 -0.237435898 -11.267732682 -0.040631955 0.998736733 0.029561215 -4.771250148 0.238510563 -0.019035134 0.970953948 54.001795538
0.970666187 0.045250735 -0.236134880 -11.385760553 -0.039785097 0.998819721 0.027862926 -4.821452792 0.237117253 -0.017650847 0.971320911 54.582249306
0.971364090 0.047960339 -0.232709051 -11.503969774 -0.042020259 0.998653849 0.030418483 -4.867062712 0.233854138 -0.019769972 0.972071435 55.153896031
0.972371964 0.052986222 -0.227345287 -11.624234844 -0.048143683 0.998480694 0.026795354 -4.919361453 0.228420285 -0.015109975 0.973445788 55.700073676
0.973661556 0.057380311 -0.220660152 -11.734133162 -0.053291597 0.998279970 0.024440476 -4.963314273 0.221683220 -0.012037667 0.975044858 56.235998214
0.975295714 0.057332362 -0.213337506 -11.828595405 -0.054195168 0.998319462 0.020530424 -5.010463605 0.214155566 -0.008461427 0.976763604 56.763544206
0.977420063 0.054819943 -0.204072973 -11.906984210 -0.052267603 0.998473182 0.017878966 -5.060347405 0.204741132 -0.006808041 0.978792273 57.281976607
0.980039040 0.051605236 -0.191995497 -11.972696209 -0.049666007 0.998654288 0.014899990 -5.110715129 0.192505753 -0.005067253 0.981282863 57.792594625
0.982926416 0.047913497 -0.177650432 -12.025546658 -0.046051311 0.998831819 0.014594886 -5.159817576 0.178142011 -0.006164253 0.983986116 58.296984503
0.985895598 0.043801510 -0.161528068 -12.065735190 -0.042498439 0.999029632 0.011510725 -5.211560892 0.161875486 -0.004483831 0.986801384 58.786912635
0.988899268 0.041656390 -0.142631366 -12.096617041 -0.041150082 0.999131507 0.006500584 -5.261605118 0.142778917 -0.000559081 0.989754828 59.263884722
0.991950285 0.037365646 -0.120994762 -12.110816572 -0.037159197 0.999301708 0.003956005 -5.313953733 0.121057111 0.000572133 0.992645831 59.737439211
0.994745274 0.033805066 -0.096647541 -12.108880470 -0.033563207 0.999428247 0.004123889 -5.364491973 0.096731318 -0.000858950 0.995310882 60.208763467
0.997148798 0.026970483 -0.070478456 -12.085603068 -0.026926289 0.999636033 0.001561695 -5.413115104 0.070494798 0.000340864 0.997512243 60.666601370
0.998909249 0.020887518 -0.041769184 -12.043026882 -0.020872560 0.999782047 0.000801111 -5.458811595 0.041776070 0.000072612 0.999127838 61.118415829
0.999850538 0.014425276 -0.009579542 -11.984395000 -0.014407284 0.999893623 0.001974424 -5.508138017 0.009606452 -0.001835611 0.999952723 61.561028201
0.999620399 0.012035707 0.024815304 -11.918817194 -0.012149019 0.999915716 0.004412308 -5.555665329 -0.024760924 -0.004712465 0.999682699 61.995230608
0.998164314 0.009430270 0.059825484 -11.838447133 -0.009722753 0.999942107 0.004616261 -5.601006751 -0.059779073 -0.005189456 0.998197801 62.414519547
0.995432837 0.005277868 0.095322351 -11.738309022 -0.005627297 0.999977876 0.003395502 -5.645273702 -0.095302017 -0.003915584 0.995441024 62.818973722
0.991281303 0.000791203 0.131765860 -11.622472334 -0.001129492 0.999996054 0.002492935 -5.688468604 -0.131763936 -0.002620452 0.991278302 63.210450385
0.985444545 -0.004359234 0.169942909 -11.489082148 0.004348484 0.999990610 0.000437761 -5.732090709 -0.169944685 0.000307817 0.985454090 63.586459249
0.977838640 -0.007837143 0.209215188 -11.344507591 0.008163000 0.999966579 -0.000694217 -5.772958047 -0.209203979 0.002387174 0.977869180 63.953708476
0.968668951 -0.010766408 0.248124450 -11.188607282 0.011135214 0.999937317 -0.000082263 -5.811510325 -0.248108564 0.002843315 0.968728439 64.313567980
0.958163411 -0.014092143 0.285876564 -11.017451157 0.014339048 0.999895932 0.001229001 -5.847205918 -0.285865188 0.002921931 0.958265858 64.662820426
0.946426974 -0.018250219 0.322402570 -10.834544259 0.018290907 0.999828423 0.002905797 -5.883266550 -0.322401344 0.003146973 0.946597930 65.002224200
0.933360767 -0.021881659 0.358272050 -10.641308605 0.021634043 0.999754379 0.004701370 -5.920475089 -0.358288012 0.003363086 0.933605501 65.331849972
0.919134546 -0.025041964 0.393146570 -10.439093276 0.024486006 0.999679519 0.006430320 -5.955933054 -0.393182479 0.003716750 0.919452689 65.652132238
0.904220344 -0.029822400 0.426024832 -10.223897790 0.028910948 0.999544537 0.008606832 -5.993120377 -0.426088633 0.004535713 0.904669786 65.960869584
0.888712361 -0.034014352 0.457202700 -10.000013273 0.033296518 0.999399048 0.009629710 -6.028075695 -0.457256988 0.006665106 0.889310599 66.257484259
0.872377644 -0.034956711 0.487581190 -9.770153113 0.035301042 0.999340125 0.008485451 -6.061940950 -0.487557466 0.009809624 0.873035814 66.550007053
0.855375091 -0.034502575 0.516858778 -9.531849565 0.036496065 0.999313538 0.006310917 -6.095586320 -0.516723148 0.013465693 0.856046915 66.841663335
0.837778083 -0.033673566 0.544971980 -9.278651598 0.037088872 0.999300236 0.004729017 -6.126653971 -0.544750844 0.016251154 0.838440757 67.132726633
0.818885047 -0.034512484 0.572920349 -9.008493374 0.037632639 0.999271269 0.006405584 -6.159743439 -0.572724251 0.016315808 0.819585822 67.429661197
0.798637676 -0.036080037 0.600729959 -8.721318821 0.037609382 0.999242233 0.010015627 -6.193429820 -0.600638055 0.014594938 0.799388529 67.726173657
0.777276431 -0.037310603 0.628052681 -8.416179341 0.037981102 0.999201834 0.012352818 -6.228098521 -0.628013172 0.014253759 0.778072883 68.017837765
0.754947702 -0.038698255 0.654642834 -8.095726335 0.039278952 0.999133811 0.013764658 -6.263168090 -0.654609182 0.015321911 0.755812717 68.306420440
0.732072597 -0.040105606 0.680045600 -7.757453723 0.040827727 0.999053996 0.014966527 -6.298979264 -0.680004037 0.016808264 0.733016785 68.588765182
0.708674287 -0.041492233 0.704314516 -7.404020791 0.042540988 0.998965588 0.016045739 -6.335348575 -0.704253201 0.018590979 0.709706129 68.866599575
0.684622230 -0.042347740 0.727667394 -7.033989754 0.043676514 0.998900121 0.017040125 -6.370697188 -0.727590053 0.020116450 0.685718724 69.139931614
0.659910044 -0.042321628 0.750151268 -6.649519976 0.044151232 0.998871169 0.017513632 -6.403740895 -0.750047312 0.021563531 0.661033484 69.408403591
0.635026334 -0.041839499 0.771356744 -6.248934276 0.043251028 0.998891288 0.018573646 -6.435969184 -0.771280418 0.021568409 0.636131101 69.674547004
0.609208110 -0.041449963 0.791926803 -5.831939159 0.041789017 0.998923624 0.020135641 -6.469124969 -0.791909480 0.020827521 0.610283668 69.934582153
0.582670788 -0.042240011 0.811609826 -5.397277644 0.040658604 0.998912348 0.022797699 -6.503179627 -0.811691938 0.019716896 0.583754526 70.186950454
0.556369390 -0.044470088 0.829744108 -4.944294628 0.039967251 0.998843295 0.026733443 -6.536775652 -0.829974302 0.018289674 0.557502637 70.431005363
0.530095489 -0.048955263 0.846523004 -4.471850856 0.041857461 0.998625734 0.031539092 -6.568250764 -0.846905013 0.018715506 0.531415452 70.663936375
0.503736752 -0.051322405 0.862330949 -3.988440966 0.042218383 0.998503113 0.034764491 -6.600411738 -0.862826354 0.018895116 0.505149514 70.886354344
0.478105430 -0.053540975 0.876669032 -3.490133804 0.042841793 0.998373125 0.037609516 -6.631256477 -0.877257838 0.019577134 0.479620159 71.101620462
0.454585868 -0.054145734 0.889055233 -2.983880324 0.041341607 0.998356736 0.039663774 -6.664243554 -0.889744184 0.018725180 0.456076512 71.311546497
0.434555196 -0.055541727 0.898931439 -2.463188102 0.041051924 0.998280946 0.041834583 -6.694925724 -0.899710150 0.018724406 0.436087330 71.516612470
0.419272693 -0.058047514 0.906002581 -1.933708834 0.045777987 0.998035710 0.042758047 -6.726004505 -0.906707049 0.023548894 0.421105255 71.710709359
0.407810606 -0.058891335 0.911164875 -1.394158618 0.044944333 0.998002781 0.044387717 -6.751875902 -0.911960986 0.022851201 0.409641721 71.912132173
0.397703864 -0.059269566 0.915597295 -0.850978290 0.045301406 0.997962200 0.044923678 -6.783364655 -0.916395636 0.023612220 0.399577379 72.114749785
0.390593364 -0.058170393 0.918723470 -0.296263264 0.045049745 0.998013137 0.044037652 -6.815738129 -0.919461352 0.024188384 0.392437539 72.318922382
0.386731357 -0.056765541 0.920443274 0.263564994 0.046104416 0.998045217 0.042179464 -6.849861721 -0.921040019 0.026124626 0.388592550 72.524523933
0.385422240 -0.056216082 0.921026099 0.835594877 0.048181245 0.998006863 0.040751738 -6.882915555 -0.921482978 0.028670443 0.387362412 72.731092922
0.384611835 -0.052938172 0.921558818 1.408981936 0.044979251 0.998242281 0.038570147 -6.915648433 -0.921983059 0.026617747 0.386315865 72.950413979
0.383602025 -0.052230637 0.922020089 1.994748907 0.043339990 0.998317636 0.038520588 -6.953464246 -0.922482382 0.025184595 0.385219734 73.172921151
0.382992037 -0.052989394 0.922230949 2.588323878 0.041843195 0.998323329 0.039985123 -6.991422721 -0.922805039 0.023275627 0.384565721 73.395306689
0.382011707 -0.053915758 0.922583630 3.190348150 0.041188016 0.998297412 0.041285574 -7.028862823 -0.923240313 0.022228609 0.383580811 73.616855214
0.380923105 -0.054039705 0.923025909 3.795797740 0.039416318 0.998332188 0.042181806 -7.065700055 -0.923766860 0.020315071 0.382417054 73.843820728
0.379766219 -0.054519605 0.923474579 4.410764926 0.040605898 0.998281929 0.042236418 -7.103938484 -0.924191755 0.021458827 0.381327044 74.066784736
0.378555214 -0.055198104 0.923931929 5.031671392 0.040922855 0.998241995 0.042870594 -7.141516796 -0.924674718 0.021581949 0.380147404 74.292048565
0.376844531 -0.056878233 0.924528160 5.662934420 0.040551003 0.998168317 0.044878806 -7.176028621 -0.925389688 0.020579436 0.378460827 74.520819286
0.374781221 -0.059159879 0.925223915 6.304510643 0.039608292 0.998072422 0.047773168 -7.209662866 -0.926268068 0.018742617 0.376401582 74.752880570
0.373121225 -0.062187294 0.925695680 6.952776202 0.041272108 0.997875381 0.050400266 -7.245468074 -0.926865123 0.019400817 0.374894889 74.981160354
0.371389637 -0.064302584 0.926247582 7.610554534 0.042071129 0.997739753 0.052396804 -7.281512492 -0.927524763 0.019509016 0.373253960 75.211987664
0.368660461 -0.064553667 0.927319746 8.272317240 0.040936156 0.997745085 0.053181248 -7.312868424 -0.928663304 0.018356202 0.370471265 75.446441663
0.365921062 -0.062084402 0.928572361 8.939184206 0.041770205 0.997862268 0.050256249 -7.347832931 -0.929709255 0.020397657 0.367731136 75.675706751
0.363734292 -0.059315732 0.929611976 9.610667333 0.043672661 0.997959064 0.046588632 -7.386909780 -0.930479745 0.023653207 0.365581613 75.901927221
0.361937366 -0.057270039 0.930440908 10.289495987 0.044991410 0.998020927 0.043927324 -7.425339612 -0.931117218 0.025963043 0.363797345 76.130298177
0.360091006 -0.054594977 0.931318141 10.975176157 0.045110195 0.998136811 0.041069921 -7.463924682 -0.931826992 0.027223817 0.361882446 76.362934411
0.358556910 -0.054746606 0.931900595 11.672988962 0.046043836 0.998101034 0.040919834 -7.504922348 -0.932373068 0.028236585 0.360396118 76.596193925
0.356904942 -0.057322185 0.932380274 12.379845065 0.048485794 0.997906807 0.042790325 -7.547128506 -0.932882438 0.029935109 0.358936578 76.827665056
0.354891161 -0.058711734 0.933062255 13.090632322 0.048626067 0.997834553 0.044292145 -7.587332565 -0.933643880 0.029653183 0.356976927 77.062497382
0.352848390 -0.059562591 0.933783044 13.805582243 0.047028367 0.997839711 0.045877475 -7.629000830 -0.934499053 0.027727416 0.354886562 77.303175074
0.350688510 -0.059435941 0.934603781 14.525231114 0.046493762 0.997858571 0.046013045 -7.670602613 -0.935338233 0.027317965 0.352699400 77.541221137
0.348575761 -0.058688499 0.935441748 15.252530834 0.046149032 0.997901737 0.045410672 -7.712703317 -0.936145348 0.027341548 0.350551719 77.777696985
0.346089302 -0.057966321 0.936408880 15.985659994 0.046053642 0.997935625 0.044753803 -7.752112264 -0.937071614 0.027636967 0.348044801 78.015260067
0.343613294 -0.058867304 0.937263997 16.724439762 0.045764919 0.997896554 0.045896671 -7.790280168 -0.937996339 0.027124746 0.345584088 78.252353638
0.341063457 -0.059173052 0.938175804 17.472291852 0.046410773 0.997859913 0.046064794 -7.835767533 -0.938894727 0.027831371 0.343079782 78.488468257
0.338494834 -0.060321719 0.939032804 18.224782330 0.047951999 0.997751932 0.046808028 -7.876669379 -0.939747229 0.029184754 0.340624989 78.720984487
0.335865897 -0.061212315 0.939918723 18.980879808 0.048998433 0.997669758 0.047463936 -7.916779125 -0.940635454 0.030113410 0.338081880 78.953915585
0.333003781 -0.063820438 0.940762837 19.745869349 0.052357993 0.997419236 0.049130044 -7.958155135 -0.941471509 0.032896562 0.335485048 79.183639219
0.330142558 -0.066242361 0.941604176 20.513818675 0.054344378 0.997213747 0.051100248 -7.999698566 -0.942366198 0.034301947 0.332822012 79.414463598
0.327042884 -0.069500064 0.942450007 21.290919711 0.056874793 0.996931255 0.053781408 -8.036978219 -0.943297365 0.036013339 0.329991577 79.644040413
0.324049657 -0.073500726 0.943180333 22.072135556 0.060492445 0.996546288 0.056875753 -8.071967047 -0.944105009 0.038625796 0.327376492 79.871986136
0.321706998 -0.075245861 0.943844682 22.857703634 0.061562027 0.996390427 0.058450833 -8.107832865 -0.944837382 0.039301819 0.325177415 80.100814438
0.318989216 -0.074139184 0.944853581 23.642594929 0.061585035 0.996449971 0.057396539 -8.146150644 -0.945755936 0.039880920 0.322422338 80.330181120
0.316829633 -0.067642134 0.946067178 24.426772869 0.062131216 0.996791212 0.050461391 -8.190171779 -0.946446064 0.042793721 0.320014798 80.553330657
0.314388267 -0.062791262 0.947215167 25.217397017 0.060655333 0.997099420 0.045965582 -8.230673095 -0.947355606 0.043004539 0.317284374 80.783302753
0.312077967 -0.060454023 0.948130489 26.015683841 0.059957840 0.997237292 0.043850292 -8.271076358 -0.948163950 0.043164755 0.314839390 81.011763631
0.310339740 -0.062449591 0.948571973 26.822492357 0.060564389 0.997110801 0.045830329 -8.314883309 -0.948695110 0.043227690 0.313224853 81.240413255
0.309159652 -0.063703366 0.948874370 27.637379803 0.059818506 0.997081122 0.047449422 -8.360309311 -0.949128516 0.042091130 0.312066589 81.471622078
0.308254722 -0.064773310 0.949096258 28.451553557 0.059346818 0.997045479 0.048770144 -8.402474288 -0.949452452 0.041293341 0.311187529 81.702520519
0.307556519 -0.067079912 0.949162087 29.273553050 0.058713428 0.996948345 0.051432363 -8.443886464 -0.949717282 0.039911356 0.310556025 81.933385822
0.306713481 -0.068601306 0.949326411 30.095564369 0.057692922 0.996904503 0.053399140 -8.484701665 -0.950053096 0.038392078 0.309721066 82.164310124
0.305546321 -0.066562557 0.949847379 30.917156920 0.057503047 0.997022608 0.051371323 -8.531502663 -0.950440329 0.038924003 0.308463321 82.391816111
0.304566428 -0.062955570 0.950408520 31.740067559 0.057364370 0.997214601 0.047673194 -8.575190668 -0.950762786 0.040000758 0.307328627 82.618068340
0.303613097 -0.059578971 0.950929941 32.567074385 0.056500907 0.997412167 0.044451312 -8.616122330 -0.951119735 0.040233390 0.306193295 82.849169677
0.302945118 -0.061250249 0.951037405 33.404182948 0.057789892 0.997276092 0.045818626 -8.660679534 -0.951255205 0.041080853 0.305658975 83.075268971
0.302215535 -0.065738918 0.950969566 34.247053932 0.060722930 0.996920500 0.049616746 -8.705927837 -0.951304748 0.042751508 0.305276219 83.302121176
0.301517064 -0.069033937 0.950958300 35.094049580 0.063865109 0.996597187 0.052097574 -8.748387836 -0.951320738 0.045025801 0.304898922 83.527391453
0.301327278 -0.071821968 0.950811771 35.941720042 0.067839789 0.996246776 0.053754193 -8.788495371 -0.951106175 0.048306585 0.305067944 83.752113516
0.302032693 -0.073724216 0.950442485 36.790000268 0.072051565 0.995918036 0.054354897 -8.829533804 -0.950571746 0.052065133 0.306111399 83.975962872
0.303372191 -0.074739676 0.949935720 37.636714247 0.074727356 0.995714509 0.054475533 -8.869653915 -0.949938211 0.054460299 0.307656817 84.205071849
0.305591945 -0.076552853 0.949080290 38.485654607 0.078080988 0.995420134 0.055149726 -8.907675378 -0.948956624 0.057253252 0.310169448 84.434872858
0.308611034 -0.078290120 0.947960029 39.332186902 0.080372085 0.995189232 0.056024753 -8.947984719 -0.947787665 0.058900571 0.313418365 84.668983955
0.311895825 -0.079032242 0.946823747 40.172771150 0.082897900 0.994997321 0.055745819 -8.987991183 -0.946494361 0.061103070 0.316885513 84.907324597
0.315585599 -0.078779752 0.945620643 41.009874008 0.084604547 0.994914186 0.054651306 -9.030025422 -0.945119119 0.062758098 0.320645402 85.146541622
0.319118655 -0.078236333 0.944479693 41.843695988 0.087152176 0.994786520 0.052956536 -9.071542269 -0.943699681 0.065415588 0.324273148 85.388299940
0.322690214 -0.078803791 0.943218919 42.677037756 0.090759041 0.994512083 0.052038367 -9.113164900 -0.942144533 0.068814744 0.328070480 85.632241882
0.326413914 -0.080093386 0.941827741 43.505531310 0.093382377 0.994261620 0.052188253 -9.154812288 -0.940603894 0.070916037 0.332019332 85.877406204
0.329943870 -0.081529096 0.940473101 44.329284520 0.096325220 0.993970826 0.052372440 -9.198615572 -0.939074219 0.073312330 0.335807019 86.124995660
0.333357611 -0.082573590 0.939177373 45.147304877 0.099201357 0.993699244 0.052155869 -9.240235317 -0.937568340 0.075781574 0.339448020 86.371979703
0.336455039 -0.083578003 0.937983366 45.961092698 0.102911766 0.993351035 0.051597219 -9.282512232 -0.936060741 0.079170685 0.342817986 86.619342919
0.339411813 -0.084089633 0.936871523 46.768147819 0.105316277 0.993130420 0.050984532 -9.324807092 -0.934725145 0.081363177 0.345935179 86.870271308
0.342266674 -0.084988825 0.935750820 47.569274604 0.106581799 0.992984157 0.051202951 -9.365804117 -0.933539495 0.082209810 0.348922800 87.125527573
0.345205249 -0.085813437 0.934595730 48.366772705 0.109169984 0.992722333 0.050827285 -9.408687697 -0.932157008 0.084485395 0.352060603 87.380260806
0.348154053 -0.085979145 0.933486261 49.158771434 0.111148923 0.992546158 0.049963456 -9.452754549 -0.930825646 0.086362272 0.355115044 87.636882631
0.350985335 -0.086934773 0.932336745 49.947420838 0.112556024 0.992378443 0.050161159 -9.492182956 -0.929593215 0.087335589 0.358094317 87.895039657
0.353480637 -0.087725152 0.931319448 50.726022065 0.113566734 0.992252369 0.050360537 -9.534263819 -0.928523346 0.087966292 0.360704694 88.152557453
0.355789257 -0.089289025 0.930290626 51.498231395 0.115085806 0.992035414 0.051199656 -9.575717642 -0.927454699 0.088847883 0.363230780 88.410096715
0.358217077 -0.089934445 0.929296282 52.259167105 0.115507902 0.991971401 0.051474973 -9.618260610 -0.926466424 0.088902925 0.365729213 88.668712660
0.360642771 -0.090336193 0.928318927 53.008310983 0.116624380 0.991854781 0.051210948 -9.657745997 -0.925384986 0.089797375 0.368240744 88.923161619
0.363343836 -0.091562569 0.927145022 53.744838954 0.119312984 0.991537717 0.051162572 -9.696484542 -0.923984516 0.092031068 0.371192750 89.172582558
0.366275896 -0.091838609 0.925963214 54.465085971 0.118705006 0.991598634 0.051393216 -9.736792747 -0.922905303 0.091093720 0.374099427 89.422844147
0.368610847 -0.093170493 0.924902561 55.167255158 0.119368356 0.991471140 0.052303065 -9.775646961 -0.921888624 0.091125286 0.376587410 89.670153135
0.371356149 -0.095295596 0.923587174 55.849834372 0.118410198 0.991457581 0.054687879 -9.810803451 -0.920910128 0.089054490 0.379466854 89.913465938
0.374071749 -0.097779630 0.922230448 56.511812819 0.119569639 0.991211656 0.056593485 -9.846421655 -0.919660501 0.089101763 0.382474505 90.150325443
0.377079230 -0.100119050 0.920753407 57.153265403 0.120357338 0.991007081 0.058467132 -9.878720731 -0.918328332 0.088772834 0.385738127 90.381105309
0.380718526 -0.103333321 0.918899072 57.773829637 0.121099965 0.990749603 0.061238156 -9.909440119 -0.916727785 0.087964697 0.389709402 90.609241078
0.385413586 -0.104862578 0.916765849 58.368261855 0.118440156 0.990924748 0.063551974 -9.934432041 -0.915112234 0.084088778 0.394335604 90.838561577
0.390598409 -0.099966270 0.915117264 58.928364653 0.116225375 0.991486563 0.058700096 -9.974614985 -0.913196051 0.083432891 0.398890824 91.060672792
0.396272546 -0.093550098 0.913355236 59.462891771 0.115624337 0.991960338 0.051435464 -10.015509201 -0.910824805 0.085224243 0.403901934 91.269683306
0.403375693 -0.085421940 0.911038368 59.972205902 0.116006297 0.992373495 0.041684940 -10.052553796 -0.907652270 0.088872283 0.410207632 91.475304809
0.411734861 -0.078409983 0.907923793 60.460083232 0.110578171 0.993227838 0.035630251 -10.081181983 -0.904570852 0.085727275 0.417616954 91.692606977
0.422767737 -0.072409469 0.903340998 60.933776101 0.101782568 0.994289390 0.032064884 -10.113026455 -0.900505008 0.078389971 0.427722980 91.923940073
0.437077749 -0.072808096 0.896472452 61.410488228 0.099553635 0.994510037 0.032232569 -10.151017856 -0.893898350 0.075159244 0.441925622 92.150762143
0.454117133 -0.074998387 0.887779856 61.880083485 0.098212534 0.994592007 0.033783187 -10.191861098 -0.885513548 0.071850139 0.459026599 92.384476765
0.473912363 -0.075493196 0.877329675 62.333098586 0.095060657 0.994881893 0.034257798 -10.230008122 -0.875427062 0.067165192 0.478662157 92.635929468
0.496520139 -0.073298258 0.864925099 62.768425814 0.087488492 0.995579803 0.034146088 -10.265529276 -0.863605927 0.058717555 0.500737357 92.908088084
0.521436083 -0.070531429 0.850370329 63.185591750 0.078541922 0.996314687 0.034474705 -10.299592833 -0.849669674 0.048815013 0.525052704 93.196597039
0.548525905 -0.066428420 0.833490620 63.590298593 0.071370873 0.996920503 0.032484203 -10.337335244 -0.833083354 0.041669312 0.551577506 93.495335718
0.577555446 -0.065575580 0.813712961 63.984538152 0.069735869 0.997087426 0.030856177 -10.374751523 -0.813368512 0.038924559 0.580446175 93.795923617
0.607942224 -0.066294985 0.791208930 64.363522984 0.068326015 0.997179053 0.031052419 -10.413564014 -0.791037658 0.035182210 0.610755592 94.113697106
0.640087617 -0.063672751 0.765659101 64.715873569 0.063341597 0.997540119 0.030002778 -10.452631231 -0.765687568 0.029294567 0.642546116 94.448539948
0.673308476 -0.060679051 0.736867532 65.049152599 0.059368451 0.997845062 0.027921322 -10.489326001 -0.736975067 0.024947826 0.675460522 94.797777505
0.706944970 -0.058666496 0.704830960 65.366083864 0.056710246 0.998046791 0.026191825 -10.528151838 -0.704993000 0.021455687 0.708891339 95.160668617
0.740262355 -0.057347054 0.669868584 65.668368197 0.055164105 0.998176367 0.024492376 -10.569404280 -0.670053232 0.018822408 0.742075765 95.539862780
0.772629281 -0.054466473 0.632516677 65.951049512 0.052708557 0.998376153 0.021586681 -10.610976950 -0.632667032 0.016660733 0.774245921 95.935379621
0.803614843 -0.052554648 0.592825504 66.216448262 0.050593419 0.998519484 0.019936478 -10.653598807 -0.592997349 0.013972923 0.805083277 96.349045095
0.833339181 -0.048103959 0.550664860 66.456461863 0.046202921 0.998781210 0.017329205 -10.696844751 -0.550828446 0.011001966 0.834546902 96.778182006
0.861044576 -0.042055606 0.506788404 66.673696379 0.041360639 0.999063775 0.012634070 -10.743584636 -0.506846229 0.010083023 0.861978160 97.220797276
0.886437851 -0.036313855 0.461422430 66.868987714 0.037042258 0.999285575 0.007482318 -10.790910748 -0.461365852 0.010460751 0.887148410 97.677810939
0.909455068 -0.029187624 0.414777372 67.041071002 0.030307767 0.999532954 0.003882006 -10.839249693 -0.414697996 0.009041074 0.909914437 98.150742244
0.929893762 -0.022511568 0.367139855 67.189310852 0.023451274 0.999722494 0.001900903 -10.888964019 -0.367082193 0.006842599 0.930163590 98.640336069
0.947505728 -0.016014958 0.319338235 67.317818133 0.016480153 0.999863444 0.001244395 -10.937961892 -0.319316203 0.004083583 0.947639604 99.144941654
0.962255729 -0.009042622 0.271998637 67.422936564 0.009348785 0.999955985 0.000168739 -10.989522807 -0.271989026 0.002380073 0.962297835 99.663898304
0.974331907 -0.002220632 0.225108573 67.508440151 0.002476174 0.999996258 -0.000851667 -11.042000926 -0.225106763 0.001388122 0.974333960 100.199118634
0.983747232 0.004790733 0.179499560 67.572897023 -0.004594071 0.999988256 -0.001512557 -11.096676592 -0.179505024 0.000663632 0.983756906 100.750624148
0.990632049 0.010943460 0.136120935 67.620256956 -0.010719825 0.999939766 -0.002378607 -11.152013223 -0.136139142 0.000897224 0.990689884 101.315295840
0.995324660 0.015920389 0.095270034 67.650792855 -0.015659624 0.999870853 -0.003487563 -11.209387712 -0.095313337 0.001979960 0.995445078 101.895824377
0.998162131 0.020580670 0.057001403 67.663100444 -0.020396032 0.999784639 -0.003830315 -11.268687463 -0.057068631 0.002660526 0.998367255 102.492368928
0.999465265 0.024571802 0.021596531 67.661589119 -0.024509329 0.999694003 -0.003156148 -11.327904088 -0.021668690 0.002625033 0.999761505 103.106097230
0.999534184 0.028391444 -0.011248304 67.642363206 -0.028406337 0.999595065 -0.001178001 -11.387248763 0.011210436 0.001497716 0.999936723 103.733825084
0.998624363 0.031936605 -0.041585003 67.609133634 -0.031905043 0.999490223 0.001412913 -11.448259513 0.041608102 -0.000084365 0.999134462 104.377150446
0.997059328 0.035968173 -0.067677346 67.557534373 -0.035788395 0.999351623 0.003855611 -11.510755817 0.067771275 -0.001422353 0.997699723 105.035121904
0.995286798 0.041010263 -0.087881889 67.496831799 -0.040638323 0.999155366 0.006020781 -11.573667525 0.088054172 -0.002420189 0.996113184 105.701155452
0.993663593 0.046208716 -0.102457439 67.426771837 -0.045676359 0.998927754 0.007533739 -11.633261808 0.102695024 -0.002806668 0.994709420 106.379227450
0.992395087 0.049500062 -0.112710619 67.353830602 -0.048825882 0.998769295 0.008735009 -11.693490791 0.113003670 -0.003164799 0.993589577 107.070401191
0.991497630 0.051291163 -0.119593668 67.281412609 -0.050453398 0.998676329 0.010014477 -11.756207038 0.119949685 -0.003895067 0.992772464 107.773416800
0.990919537 0.052136096 -0.123942588 67.208721378 -0.051180341 0.998629913 0.010880903 -11.822328345 0.124339730 -0.004438872 0.992230042 108.487550905
0.990537696 0.052093977 -0.126970670 67.135178682 -0.051115230 0.998632689 0.010960704 -11.889331881 0.127367739 -0.004366987 0.991846515 109.213833543
0.990265989 0.051759773 -0.129206619 67.063355648 -0.050781151 0.998650381 0.010860575 -11.954275022 0.129594528 -0.004194255 0.991558682 109.949432706
0.990056002 0.051646611 -0.130851520 66.986924883 -0.050647286 0.998656416 0.010958842 -12.020850769 0.131241527 -0.004222466 0.991341563 110.695356285
