1.000000000 0.000000000 0.000000000 0.000000000 0.000000000 1.000000000 0.000000000 0.000000000 0.000000000 0.000000000 1.000000000 0.000000000
0.999991179 -0.002508024 -0.003362367 -0.002850417 0.002500592 0.999994397 -0.002212750 -0.005077856 0.003367898 0.002204323 0.999991894 0.666906297
0.999970734 -0.001938345 -0.007400871 -0.014571732 0.001913850 0.999992609 -0.003315479 -0.012598034 0.007407244 0.003301219 0.999967039 1.377668858
0.999935627 -0.001603260 -0.011226294 -0.029557426 0.001549150 0.999987125 -0.004827023 -0.014528520 0.011233888 0.004809322 0.999925375 2.078561544
0.999870777 -0.000326073 -0.016073177 -0.049798310 0.000235472 0.999984086 -0.005638357 -0.016402151 0.016074758 0.005633843 0.999854863 2.805305481
0.999790430 -0.001494513 -0.020414814 -0.066653632 0.001383756 0.999984324 -0.005438391 -0.032493263 0.020422619 0.005409002 0.999776781 3.544262409
0.999688029 0.000292764 -0.024973441 -0.091403142 -0.000464084 0.999976456 -0.006854573 -0.035097830 0.024970846 0.006864025 0.999664605 4.299957275
0.999560535 0.003133974 -0.029478909 -0.127000883 -0.003354834 0.999966681 -0.007445653 -0.045227326 0.029454589 0.007541277 0.999537706 5.059783459
0.999419689 0.003344233 -0.033898763 -0.155979007 -0.003537229 0.999977887 -0.005634906 -0.053742394 0.033879172 0.005751544 0.999409378 5.857318401
0.999256790 0.002689589 -0.038453329 -0.190600991 -0.002813276 0.999991000 -0.003162813 -0.058059745 0.038444478 0.003268642 0.999255419 6.660079479
0.999130011 0.002430035 -0.041634001 -0.232018337 -0.002443998 0.999996960 -0.000284475 -0.068236805 0.041633185 0.000385982 0.999132872 7.462241173
0.999026954 0.003790647 -0.043941025 -0.279113591 -0.003841211 0.999992013 -0.001066364 -0.075325765 0.043936636 0.001234114 0.999033570 8.271728516
0.998907149 0.003251964 -0.046624064 -0.317266494 -0.003333570 0.999993026 -0.001672659 -0.079213470 0.046618301 0.001826256 0.998911202 9.118859291
0.998838127 0.000449160 -0.048188996 -0.360273093 -0.000554498 0.999997556 -0.002172587 -0.085363165 0.048187904 0.002196784 0.998835742 9.952737808
0.998722911 0.000026924 -0.050522242 -0.400728464 -0.000091288 0.999999225 -0.001271661 -0.093462244 0.050522171 0.001274649 0.998722017 10.802602768
0.998610437 -0.001686050 -0.052672543 -0.441760033 0.001585411 0.999996901 -0.001952378 -0.098561734 0.052675672 0.001866158 0.998609841 11.653217316
0.998559177 0.000787600 -0.053655859 -0.500589192 -0.000989988 0.999992430 -0.003745486 -0.112836979 0.053652510 0.003793209 0.998552442 12.499944687
0.998493195 0.001283526 -0.054859500 -0.558950365 -0.001647708 0.999976873 -0.006593724 -0.119163640 0.054849777 0.006674181 0.998472214 13.367636681
0.998415053 0.005300083 -0.056028325 -0.625026047 -0.005783884 0.999947369 -0.008476312 -0.130492419 0.055980466 0.008786939 0.998393118 14.238770485
0.998307765 0.005781008 -0.057863988 -0.667146981 -0.006233001 0.999951422 -0.007633841 -0.147093996 0.057817046 0.007981589 0.998295248 15.136347771
0.998243451 0.005084800 -0.059028298 -0.724449396 -0.005443031 0.999967694 -0.005909610 -0.163553268 0.058996353 0.006220521 0.998238862 16.012748718
0.998166442 0.005812170 -0.060248967 -0.785455823 -0.006104328 0.999970496 -0.004666275 -0.172729611 0.060220070 0.005025499 0.998172522 16.909816742
0.998111248 0.005496376 -0.061185900 -0.845212281 -0.005774469 0.999973714 -0.004369162 -0.191506982 0.061160292 0.004714226 0.998116851 17.814981461
0.998001993 0.004916560 -0.062990256 -0.898650169 -0.005254720 0.999972641 -0.005203898 -0.201941758 0.062962942 0.005524497 0.998000622 18.710172653
0.997936308 0.003359954 -0.064122953 -0.959217548 -0.003732055 0.999976873 -0.005684018 -0.215225473 0.064102381 0.005911598 0.997925878 19.624313354
0.997906744 0.003382055 -0.064579695 -1.018022060 -0.003641037 0.999985814 -0.003892997 -0.228635579 0.064565621 0.004119986 0.997904956 20.543563843
0.997898698 0.005114256 -0.064589329 -1.084020257 -0.005171608 0.999986529 -0.000720778 -0.237923503 0.064584747 0.001053294 0.997911692 21.453601837
0.997956216 0.006035444 -0.063613795 -1.146924973 -0.005853460 0.999978244 0.003046742 -0.246622920 0.063630790 -0.002668155 0.997969985 22.383087158
0.998072326 0.005356537 -0.061829899 -1.212983251 -0.005018240 0.999971688 0.005625412 -0.249818087 0.061858281 -0.005304290 0.998070896 23.318946838
0.998153269 0.005044396 -0.060535431 -1.263958693 -0.004637672 0.999965727 0.006857399 -0.260168076 0.060567953 -0.006563993 0.998142421 24.250776291
0.998234272 0.005571833 -0.059138685 -1.321210742 -0.005339018 0.999977350 0.004094057 -0.267245829 0.059160158 -0.003771084 0.998241365 25.194759369
0.998277128 0.005944896 -0.058373384 -1.379880190 -0.005994681 0.999981761 -0.000677804 -0.271206081 0.058368295 0.001026567 0.998294592 26.132541656
0.998349607 0.005724005 -0.057142098 -1.432279587 -0.005937158 0.999976039 -0.003561129 -0.284446418 0.057120346 0.003894514 0.998359740 27.080337524
0.998386681 0.003022884 -0.056698807 -1.482345462 -0.003181359 0.999991298 -0.002704955 -0.292753428 0.056690138 0.002880971 0.998387694 28.037881851
0.998403013 0.001357230 -0.056474376 -1.546944022 -0.001229268 0.999996543 0.002300522 -0.303860664 0.056477301 -0.002227427 0.998401403 29.012933731
0.998364031 -0.001954492 -0.057143573 -1.601069570 0.002293758 0.999980092 0.005872087 -0.314996421 0.057130959 -0.005993553 0.998348713 29.971014023
0.998249769 -0.009350528 -0.058394261 -1.648137569 0.009675343 0.999939203 0.005282178 -0.320934474 0.058341324 -0.005837918 0.998279572 30.948205948
0.998146296 -0.011720723 -0.059720501 -1.704681516 0.011820404 0.999929309 0.001316112 -0.325039119 0.059700850 -0.002019593 0.998214304 31.915016174
0.998065650 -0.011502895 -0.061095729 -1.768384814 0.011361479 0.999931872 -0.002661600 -0.331444502 0.061122183 0.001962314 0.998128414 32.889060974
0.997969687 -0.010161335 -0.062874943 -1.845987320 0.009966952 0.999944508 -0.003404485 -0.339093745 0.062906042 0.002770901 0.998015583 33.876476288
0.997912347 -0.010090323 -0.063789554 -1.899923921 0.009992650 0.999948323 -0.001850086 -0.355825961 0.063804932 0.001208798 0.997961640 34.854564667
0.997851133 -0.007147672 -0.065129980 -1.970448732 0.007226333 0.999973416 0.000972247 -0.368439019 0.065121301 -0.001440808 0.997876287 35.852073669
0.997756958 -0.007150747 -0.066556804 -2.036097527 0.007334461 0.999969900 0.002516311 -0.383007526 0.066536814 -0.002998825 0.997779429 36.848907471
0.997693896 -0.006232555 -0.067586459 -2.107192755 0.006590522 0.999965310 0.005074732 -0.388416708 0.067552514 -0.005508459 0.997700393 37.828842163
0.997719049 -0.005915644 -0.067242749 -2.175456285 0.006468695 0.999947011 0.008009946 -0.396427065 0.067191824 -0.008426649 0.997704446 38.817062378
0.997700751 -0.000252015 -0.067771919 -2.252285957 0.000943220 0.999947846 0.010167202 -0.396749526 0.067765847 -0.010207750 0.997648954 39.799560547
0.997684360 -0.000211551 -0.068013802 -2.331716061 0.000854645 0.999955237 0.009426404 -0.399575204 0.068008780 -0.009462704 0.997639835 40.800041199
0.997694373 0.000040001 -0.067865893 -2.394391298 0.000507882 0.999967396 0.008055753 -0.410907328 0.067863986 -0.008071649 0.997661948 41.788089752
0.997702003 0.002528868 -0.067707911 -2.477401972 -0.002143114 0.999981105 0.005769351 -0.414986193 0.067721225 -0.005610988 0.997688532 42.781349182
0.997648120 0.001859201 -0.068518542 -2.549937010 -0.001454670 0.999981225 0.005953400 -0.421052635 0.068528324 -0.005839727 0.997632146 43.754314423
0.997545958 -0.000213889 -0.070013292 -2.610330343 0.000715478 0.999974251 0.007139187 -0.428762376 0.070009969 -0.007171760 0.997520506 44.751483917
0.997481525 0.000041921 -0.070926048 -2.680777550 0.000538299 0.999966502 0.008161504 -0.433184832 0.070924021 -0.008179128 0.997448146 45.737255096
0.997495472 0.003082125 -0.070662208 -2.767499447 -0.002765583 0.999985695 0.004577047 -0.447185218 0.070675291 -0.004370161 0.997489750 46.706081390
0.997410774 0.003477825 -0.071829528 -2.839539289 -0.003457454 0.999993920 0.000407928 -0.454028279 0.071830511 -0.000158525 0.997416854 47.662204742
0.997355998 0.004171190 -0.072550870 -2.906317711 -0.004242628 0.999990642 -0.000830591 -0.459641099 0.072546728 0.001136202 0.997364342 48.644680023
0.997372210 0.003340045 -0.072371647 -2.983393669 -0.003153102 0.999991357 0.002697177 -0.472058415 0.072380044 -0.002461894 0.997374058 49.623092651
0.997358441 0.001241332 -0.072627299 -3.054079294 -0.000819549 0.999982655 0.005837004 -0.482748181 0.072633281 -0.005762063 0.997342050 50.589344025
0.997311056 -0.000987729 -0.073277324 -3.113988876 0.001481837 0.999976516 0.006688927 -0.493877977 0.073269002 -0.006779527 0.997289121 51.547439575
0.997272074 -0.004246758 -0.073689781 -3.182011604 0.004660258 0.999974310 0.005440314 -0.501607299 0.073664792 -0.005768888 0.997266352 52.505802155
0.997237146 -0.007304176 -0.073923007 -3.250630379 0.007653213 0.999960899 0.004439447 -0.513755381 0.073887706 -0.004992930 0.997254074 53.453762054
0.997151375 -0.008619176 -0.074931681 -3.323998451 0.009055389 0.999944031 0.005483661 -0.520556808 0.074880235 -0.006146575 0.997173548 54.409328461
0.997025192 -0.012031647 -0.076130487 -3.394120693 0.012802906 0.999871552 0.009650800 -0.526458144 0.076004609 -0.010596782 0.997051120 55.357295990
0.996990979 -0.012049307 -0.076575227 -3.466456890 0.013207972 0.999805570 0.014642644 -0.531660855 0.076383926 -0.015609987 0.996956289 56.297542572
0.996995091 -0.010070172 -0.076807097 -3.549879789 0.011367965 0.999799609 0.016478311 -0.527926266 0.076625779 -0.017301938 0.996909857 57.240268707
0.996873379 -0.008936886 -0.078508429 -3.624176741 0.009941909 0.999873400 0.012419905 -0.528601944 0.078387514 -0.013161595 0.996836066 58.175098419
0.996785104 -0.007228903 -0.079795018 -3.700384617 0.007644154 0.999958754 0.004899717 -0.534867764 0.079756312 -0.005493928 0.996799290 59.081878662
0.996701419 -0.006140317 -0.080922306 -3.775009155 0.006184295 0.999980807 0.000292848 -0.546547651 0.080918938 -0.000792329 0.996720314 60.011215210
0.996667266 -0.000911760 -0.081568368 -3.862098217 0.000994552 0.999999046 0.000974387 -0.554670513 0.081567392 -0.001052264 0.996667325 60.910087585
0.996550918 0.001685373 -0.082965992 -3.946009636 -0.001385004 0.999992192 0.003677798 -0.570402503 0.082971536 -0.003550205 0.996545553 61.809566498
0.996470988 0.004156163 -0.083833799 -4.023765087 -0.003752391 0.999980569 0.004973332 -0.582355142 0.083852850 -0.004641203 0.996467292 62.688716888
0.996360183 0.004623890 -0.085117728 -4.101320744 -0.004250467 0.999980569 0.004567849 -0.588847280 0.085137211 -0.004189432 0.996360481 63.556747437
0.996224582 0.006568339 -0.086564459 -4.181375980 -0.006096718 0.999965012 0.005711457 -0.601187110 0.086598955 -0.005162135 0.996229827 64.405174255
0.996088147 0.007527901 -0.088043340 -4.260066032 -0.007004545 0.999955893 0.006251744 -0.611710429 0.088086531 -0.005610586 0.996097028 65.246849060
0.995966256 0.007250127 -0.089434862 -4.333190918 -0.006675725 0.999955118 0.006720036 -0.621305108 0.089479581 -0.006095888 0.995969951 66.059188843
0.995870531 0.007074348 -0.090509206 -4.409627914 -0.006399860 0.999949574 0.007740194 -0.626683414 0.090559408 -0.007128984 0.995865583 66.864341736
0.995710969 0.009860402 -0.091991305 -4.486949444 -0.008924972 0.999904156 0.010574539 -0.635643363 0.092086762 -0.009708165 0.995703638 67.664001465
0.995581210 0.011520186 -0.093195282 -4.567740440 -0.010186337 0.999838889 0.014775494 -0.641866803 0.093350492 -0.013760886 0.995538294 68.447006226
0.995388329 0.014504095 -0.094824962 -4.652282715 -0.012999875 0.999779999 0.016461698 -0.643531919 0.095042862 -0.015153070 0.995357811 69.230354309
0.995209873 0.017381448 -0.096204393 -4.731873512 -0.016282922 0.999793053 0.012192028 -0.647302568 0.096396402 -0.010567136 0.995286882 69.981185913
0.995079279 0.017340178 -0.097552374 -4.803732872 -0.016920088 0.999843657 0.005131959 -0.658699155 0.097626120 -0.003456111 0.995217085 70.698799133
0.994952321 0.016513012 -0.098980181 -4.878131390 -0.016662840 0.999860942 -0.000687152 -0.664721906 0.098955080 0.002332974 0.995089114 71.405380249
0.994900644 0.017210219 -0.099379972 -4.952184677 -0.017503280 0.999844611 -0.002077664 -0.667522430 0.099328771 0.003806545 0.995047390 72.097831726
0.994794250 0.019931670 -0.099936180 -5.035254478 -0.019871516 0.999801219 0.001597460 -0.679334700 0.099948175 0.000396739 0.994992495 72.775375366
0.994651496 0.020447547 -0.101243109 -5.106311321 -0.020161867 0.999789357 0.003844281 -0.695464253 0.101300396 -0.001782470 0.994854271 73.427116394
0.994615614 0.017179560 -0.102197535 -5.171712875 -0.017197093 0.999851823 0.000709564 -0.707150221 0.102194592 0.001051757 0.994763911 74.059364319
0.994691133 0.008937711 -0.102516577 -5.217851639 -0.009421702 0.999946535 -0.004237828 -0.725025952 0.102473214 0.005181211 0.994722247 74.671554565
0.994837523 0.005088998 -0.101352654 -5.275252342 -0.006043845 0.999940097 -0.009116188 -0.731250346 0.101300202 0.009681685 0.994808733 75.267684937
0.995098233 0.007132223 -0.098634064 -5.328512669 -0.008089162 0.999924004 -0.009305391 -0.745048225 0.098560199 0.010057648 0.995080233 75.850234985
0.995472014 0.012319773 -0.094253987 -5.394667625 -0.012967573 0.999896228 -0.006263507 -0.756291151 0.094167039 0.007457389 0.995528460 76.414985657
0.995913386 0.010756984 -0.089669935 -5.444835663 -0.011083402 0.999933600 -0.003143039 -0.767923832 0.089630194 0.004124044 0.995966554 76.972579956
0.996445060 0.007207520 -0.083935961 -5.480519295 -0.007157607 0.999973953 0.000895570 -0.777725816 0.083940238 -0.000291606 0.996470749 77.514572144
0.997121394 0.002516541 -0.075778730 -5.508904457 -0.002175264 0.999987066 0.004585785 -0.790722966 0.075789288 -0.004407747 0.997114062 78.051025391
0.997856379 0.006120453 -0.065154471 -5.541225433 -0.005821133 0.999971628 0.004782821 -0.806725442 0.065181881 -0.004393296 0.997863710 78.564323425
0.998685122 0.011309120 -0.050000586 -5.568132401 -0.011119839 0.999929845 0.004062189 -0.809464276 0.050043020 -0.003500850 0.998740852 79.060173035
0.999365509 0.016296124 -0.031667583 -5.586812019 -0.016168471 0.999860108 0.004282946 -0.808884740 0.031732950 -0.003768213 0.999489248 79.552536011
0.999843001 0.014983606 -0.009449244 -5.577670097 -0.014938257 0.999876678 0.004851536 -0.814049244 0.009520777 -0.004709620 0.999943554 80.035964966
0.999793649 0.011388123 0.016818300 -5.548655033 -0.011483952 0.999918342 0.005612398 -0.818764091 -0.016753003 -0.005804381 0.999842763 80.502601624
0.998877883 0.010468453 0.046187732 -5.504324913 -0.010818572 0.999914467 0.007336889 -0.828938186 -0.046106964 -0.007828343 0.998905838 80.948280334
0.996808410 0.009763096 0.079232179 -5.448986530 -0.010525779 0.999902070 0.009213976 -0.840810597 -0.079134464 -0.010018548 0.996813715 81.388565063
0.993116856 0.009708432 0.116725072 -5.370927811 -0.010889570 0.999895692 0.009485502 -0.843304455 -0.116620809 -0.010691294 0.993118942 81.829483032
0.987320483 0.009757815 0.158439249 -5.279228210 -0.011344374 0.999894083 0.009112343 -0.844016135 -0.158333570 -0.010794196 0.987326682 82.258216858
0.979043007 0.009345526 0.203438938 -5.161039352 -0.011366653 0.999896824 0.008768632 -0.847215712 -0.203335971 -0.010897287 0.979048371 82.674385071
0.967624485 0.011451855 0.252134532 -5.031427383 -0.013619473 0.999883711 0.006853523 -0.857256055 -0.252026767 -0.010065574 0.967667937 83.063117981
0.952237427 0.012125978 0.305117726 -4.881204605 -0.014214387 0.999888301 0.004623945 -0.872908592 -0.305027515 -0.008740155 0.952303410 83.425094604
0.932466745 0.012436406 0.361041635 -4.705120087 -0.014192969 0.999896824 0.002214005 -0.875887334 -0.360976875 -0.007188737 0.932547152 83.791183472
0.908234179 0.013110930 0.418256909 -4.501068115 -0.014487011 0.999895096 0.000114866 -0.877480567 -0.418211579 -0.006163618 0.908328772 84.146545410
0.879335880 0.013000249 0.476024568 -4.284954071 -0.014001344 0.999900997 -0.001443364 -0.887829602 -0.475996196 -0.005395782 0.879430771 84.465385437
0.846036613 0.012020486 0.532989383 -4.041999817 -0.012054450 0.999921560 -0.003416648 -0.897123396 -0.532988667 -0.003534284 0.846115053 84.768486023
0.809253216 0.011643006 0.587344646 -3.780719757 -0.010596893 0.999930263 -0.005221169 -0.901040196 -0.587364435 -0.001998779 0.809320092 85.055572510
0.769793272 0.009450501 0.638223171 -3.502075195 -0.008579240 0.999953270 -0.004458968 -0.909811854 -0.638235390 -0.002042988 0.769838572 85.316833496
0.726869404 0.009273794 0.686713099 -3.210556030 -0.010270007 0.999943793 -0.002633297 -0.913938046 -0.686698914 -0.005138485 0.726923883 85.571578979
0.681513250 0.008289285 0.731758833 -2.908130646 -0.009360769 0.999952793 -0.002609337 -0.917562366 -0.731745839 -0.005071529 0.681558728 85.798889160
0.635249913 0.007029597 0.772274733 -2.584468842 -0.006346382 0.999972343 -0.003881863 -0.926045060 -0.772280455 -0.002435198 0.635277092 86.000656128
0.588909090 0.004377689 0.808187366 -2.248153687 -0.000237525 0.999986291 -0.005243520 -0.928500295 -0.808199227 0.002895991 0.588902175 86.177490234
0.542011321 0.006452605 0.840346396 -1.912319183 -0.002832005 0.999978960 -0.005851741 -0.942466497 -0.840366304 0.000791844 0.542018175 86.352935791
0.494479597 0.009366281 0.869138896 -1.583591461 -0.005667424 0.999955475 -0.007551659 -0.945676446 -0.869170785 -0.001191637 0.494510591 86.511001587
0.448536396 0.011662238 0.893688381 -1.255344391 -0.007649801 0.999928355 -0.009209238 -0.960356593 -0.893731833 -0.002705860 0.448593438 86.643264771
0.405766338 0.009092816 0.913931549 -0.902605057 -0.000098261 0.999950945 -0.009905006 -0.964191556 -0.913976848 0.003929313 0.405747294 86.756149292
0.367021680 0.001194110 0.930211604 -0.527488708 0.015121431 0.999859393 -0.007249786 -0.968999505 -0.930089474 0.016726961 0.366952002 86.838836670
0.331093669 -0.002372159 0.943594754 -0.166391373 0.018902225 0.999812782 -0.004119027 -0.974815845 -0.943408489 0.019199828 0.331076562 86.933105469
0.298304915 0.002128338 0.954468250 0.201988220 0.016325768 0.999839783 -0.007331890 -0.978352845 -0.954330921 0.017769564 0.298222423 87.026008606
0.266936839 0.009693969 0.963665187 0.562383652 0.005383498 0.999918759 -0.011549899 -0.992507219 -0.963698983 0.008270985 0.266862988 87.131935120
0.238692015 0.014099188 0.970992982 0.941499710 0.000510866 0.999892652 -0.014644408 -1.008925319 -0.971095145 0.003991551 0.238659263 87.213104248
0.212958410 0.015631432 0.976936162 1.330919266 0.001687601 0.999864578 -0.016366171 -1.024575591 -0.977059841 0.005133994 0.212903187 87.276367188
0.189146310 0.017094508 0.981800079 1.743791580 0.008974737 0.999776602 -0.019136511 -1.034539938 -0.981907904 0.012430998 0.188950673 87.337348938
0.169522822 0.023249976 0.985251963 2.156949997 0.016703513 0.999510288 -0.026460456 -1.032621861 -0.985384703 0.020942820 0.169051468 87.376152039
0.149795905 0.030252175 0.988253891 2.566320419 0.018763920 0.999264717 -0.033433408 -1.026276112 -0.988538921 0.023551708 0.149118170 87.423461914
0.132114112 0.030820269 0.990755141 3.004617691 0.016512763 0.999309301 -0.033288300 -1.039814234 -0.991096973 0.020757958 0.131513983 87.477745056
0.116680071 0.026519924 0.992815375 3.463692665 0.014367282 0.999493659 -0.028386828 -1.062940836 -0.993065655 0.017576234 0.116240025 87.526985168
0.102263868 0.023361735 0.994482934 3.935743332 0.014772618 0.999578297 -0.025000522 -1.081973076 -0.994647622 0.017247763 0.101875693 87.570991516
0.089115575 0.021109015 0.995797515 4.432862282 0.017384028 0.999590039 -0.022745134 -1.094635129 -0.995869577 0.019337920 0.088712089 87.603485107
0.077467673 0.020370293 0.996786714 4.926521301 0.021126352 0.999533176 -0.022068309 -1.108099461 -0.996771038 0.022768047 0.077001169 87.628631592
0.067236699 0.020953067 0.997516930 5.441605568 0.024369761 0.999446630 -0.022636224 -1.122415066 -0.997439384 0.025831236 0.066688873 87.657981873
0.059312187 0.021691099 0.998003840 5.977490902 0.026341762 0.999381781 -0.023286561 -1.134093046 -0.997891903 0.027670354 0.058704145 87.682495117
0.053944308 0.021688849 0.998308539 6.518254757 0.028248634 0.999330819 -0.023237500 -1.153581977 -0.998144269 0.029454380 0.053295538 87.703353882
0.048389338 0.022596247 0.998573005 7.078319073 0.029587835 0.999272883 -0.024045875 -1.169817209 -0.998390377 0.030709172 0.047685582 87.725418091
0.042639151 0.023278963 0.998819351 7.663846970 0.029864976 0.999252081 -0.024563976 -1.187623620 -0.998644173 0.030877100 0.041912034 87.745597839
0.037938502 0.023189384 0.999010921 8.264183044 0.032280449 0.999180436 -0.024419202 -1.203479052 -0.998758554 0.033174947 0.037158839 87.766784668
0.035210386 0.023230270 0.999109864 8.887364388 0.033567019 0.999138176 -0.024413887 -1.219947457 -0.998816073 0.034396756 0.034400273 87.782157898
0.032306321 0.022630151 0.999221742 9.523930550 0.035077974 0.999101996 -0.023761565 -1.240214825 -0.998862267 0.035818323 0.031483501 87.795494080
0.029811202 0.022000184 0.999313414 10.182149887 0.036879431 0.999052763 -0.023094630 -1.258241296 -0.998874903 0.037542585 0.028971612 87.811920166
0.029440185 0.021596948 0.999333262 10.856904030 0.041559003 0.998875558 -0.022811387 -1.276668906 -0.998702109 0.042202856 0.028509542 87.821708679
0.030340435 0.021476027 0.999308825 11.548214912 0.044588212 0.998744845 -0.022817669 -1.292192817 -0.998544574 0.045249708 0.029344780 87.838081360
0.032761898 0.021496899 0.999231994 12.254772186 0.046216652 0.998666525 -0.023000048 -1.309098959 -0.998394072 0.046934694 0.031724706 87.860237122
0.036515366 0.021432249 0.999103248 12.980511665 0.048672084 0.998545408 -0.023199160 -1.330228329 -0.998147070 0.049475566 0.035419106 87.887077332
0.041074127 0.020681517 0.998942018 13.718826294 0.049487051 0.998516738 -0.022707496 -1.355456471 -0.997929811 0.050367396 0.039989736 87.912536621
0.045054112 0.019216087 0.998799741 14.473238945 0.051028851 0.998465538 -0.021511476 -1.373567224 -0.997680366 0.051936783 0.044004407 87.949020386
0.048509058 0.017584546 0.998667955 15.238027573 0.050628006 0.998516560 -0.020041069 -1.395529509 -0.997538745 0.051532749 0.047546826 87.997985840
0.053028800 0.015499670 0.998472631 16.026672363 0.047610849 0.998703182 -0.018031856 -1.412141323 -0.997457325 0.048494335 0.052222088 88.038536072
0.056735571 0.014458479 0.998284519 16.822196960 0.046733025 0.998760700 -0.017121354 -1.431720018 -0.997294962 0.047624242 0.055989575 88.097518921
0.061016135 0.015357971 0.998018563 17.627206802 0.044358414 0.998852015 -0.018082749 -1.453609228 -0.997150660 0.045373861 0.060264848 88.153602600
0.063869528 0.019405721 0.997769475 18.422412872 0.041515589 0.998893738 -0.022085095 -1.480813265 -0.997094274 0.042833559 0.062993251 88.206031799
0.065261208 0.024700236 0.997562408 19.223232269 0.035767097 0.998993278 -0.027075570 -1.504243851 -0.997227013 0.037446905 0.064312063 88.269363403
0.065174878 0.027912900 0.997483313 20.028226852 0.032663379 0.999013245 -0.030089917 -1.531551480 -0.997339129 0.034542289 0.064198852 88.325813293
0.065322720 0.027391952 0.997488081 20.853582382 0.030485719 0.999101818 -0.029432688 -1.563365221 -0.997398376 0.032331768 0.064428963 88.388572693
0.065101951 0.025522564 0.997552156 21.664598465 0.027635721 0.999243379 -0.027369387 -1.596628428 -0.997495830 0.029349884 0.064347357 88.453376770
0.065050945 0.024199191 0.997588396 22.482978821 0.028686808 0.999247432 -0.026110049 -1.630754232 -0.997469425 0.030316116 0.064307787 88.506736755
0.065369569 0.023550676 0.997583032 23.302595139 0.026026959 0.999341190 -0.025297668 -1.665870547 -0.997521579 0.027617758 0.064713545 88.567214966
0.065661564 0.023764806 0.997558773 24.114475250 0.024458563 0.999377668 -0.025418049 -1.697865248 -0.997542143 0.026067846 0.065039448 88.623886108
0.065545186 0.024705298 0.997543573 24.927021027 0.021555895 0.999424994 -0.026168257 -1.725280046 -0.997616768 0.023218147 0.064974964 88.688148499
0.064333253 0.025706012 0.997597277 25.724773407 0.018518046 0.999465227 -0.026948342 -1.764291286 -0.997756660 0.020207221 0.063822828 88.742698669
0.061335791 0.025476934 0.997791946 26.559539795 0.015972966 0.999521017 -0.026502967 -1.794355989 -0.997989297 0.017563278 0.060899477 88.805206299
0.057483859 0.024193116 0.998053193 27.367328644 0.013517050 0.999595821 -0.025009032 -1.825342894 -0.998254955 0.014928350 0.057133615 88.857002258
0.052385233 0.021428617 0.998397052 28.183109283 0.011828867 0.999686301 -0.022076942 -1.858176708 -0.998556972 0.012966411 0.052115332 88.907257080
0.046807721 0.019766157 0.998708308 28.998697281 0.009800472 0.999746859 -0.020246046 -1.882411957 -0.998855829 0.010735486 0.046602156 88.941719055
0.038991332 0.020244962 0.999034464 29.801740646 0.009505251 0.999741971 -0.020630280 -1.907920480 -0.999194384 0.010300474 0.038788833 88.977752686
0.030630618 0.020912919 0.999311984 30.609640121 0.009037915 0.999734461 -0.021198787 -1.939245939 -0.999489963 0.009681028 0.030433474 88.998336792
0.020547740 0.021442238 0.999558866 31.404029846 0.009953945 0.999715984 -0.021650234 -1.962827086 -0.999739230 0.010394419 0.020328471 89.015937805
0.010617294 0.020463118 0.999734163 32.202808380 0.011363761 0.999723494 -0.020583589 -1.988435626 -0.999879003 0.011579282 0.010381822 89.018753052
-0.000698786 0.019599382 0.999807596 32.995311737 0.010104287 0.999756992 -0.019591331 -2.017161846 -0.999948680 0.010088654 -0.000896653 89.024223328
-0.011607821 0.018693414 0.999757767 33.784477234 0.011458660 0.999762058 -0.018560447 -2.041877270 -0.999866903 0.011240442 -0.011819259 89.009719849
-0.022459049 0.019000029 0.999567032 34.565349579 0.011727462 0.999755621 -0.018740108 -2.067400455 -0.999678910 0.011301501 -0.022676382 88.988197327
-0.033642117 0.019922877 0.999235332 35.337734222 0.011662971 0.999741018 -0.019540293 -2.091683865 -0.999365926 0.010996675 -0.033865765 88.961189270
-0.043945182 0.020766247 0.998818040 36.113414764 0.011360469 0.999729693 -0.020285368 -2.120334148 -0.998969376 0.010455599 -0.044169217 88.923515320
-0.054527767 0.021892097 0.998272181 36.879005432 0.011903976 0.999702871 -0.021273252 -2.143220901 -0.998441339 0.010723426 -0.054772172 88.883285522
-0.063922569 0.022536015 0.997700274 37.635341644 0.013166251 0.999676943 -0.021737102 -2.173398495 -0.997868001 0.011746482 -0.064198628 88.828796387
-0.073568091 0.023009876 0.997024655 38.398952484 0.013483803 0.999665439 -0.022075878 -2.199534416 -0.997198939 0.011819607 -0.073853731 88.773002625
-0.082754210 0.023162372 0.996300697 39.138908386 0.014214600 0.999655604 -0.022059681 -2.229828358 -0.996468544 0.012336487 -0.083054960 88.709259033
-0.091397904 0.022609655 0.995557666 39.868621826 0.015350029 0.999655426 -0.021293491 -2.255425930 -0.995696127 0.013335661 -0.091713473 88.637321472
-0.098687321 0.021641148 0.994883120 40.608291626 0.017034264 0.999653697 -0.020055208 -2.281195641 -0.994972646 0.014967905 -0.099021792 88.561523438
-0.104143560 0.020262085 0.994355798 41.331779480 0.019892214 0.999634862 -0.018286251 -2.304892540 -0.994363308 0.017875545 -0.104508594 88.487419128
-0.108051680 0.018798491 0.993967414 42.042530060 0.023442028 0.999591351 -0.016356526 -2.324820757 -0.993868768 0.021533264 -0.108448200 88.406471252
-0.110450774 0.017660052 0.993724644 42.750331879 0.024557030 0.999585390 -0.015034734 -2.345207930 -0.993578136 0.022742325 -0.110838659 88.319107056
-0.112203829 0.016532093 0.993547618 43.433967590 0.024572080 0.999601960 -0.013857848 -2.369041204 -0.993381321 0.022858623 -0.112565391 88.242134094
-0.112832032 0.017233636 0.993464589 44.100013733 0.025837753 0.999562263 -0.014404910 -2.387716293 -0.993278027 0.024043554 -0.113227941 88.164360046
-0.111790821 0.018186659 0.993565321 44.754241943 0.026314927 0.999536037 -0.015335131 -2.407537222 -0.993383229 0.024431273 -0.112217553 88.091537476
-0.108873725 0.019757856 0.993859172 45.374023438 0.027420478 0.999481738 -0.016865818 -2.430533171 -0.993677258 0.025415845 -0.109359071 88.026023865
-0.103938259 0.020253548 0.994377494 45.995594025 0.027401488 0.999471366 -0.017493142 -2.451935053 -0.994206190 0.025429215 -0.104438290 87.962982178
-0.095838837 0.020935589 0.995176613 46.592838287 0.027087957 0.999463379 -0.018417111 -2.472343206 -0.995028198 0.025192229 -0.096354507 87.909957886
-0.084852912 0.021093652 0.996170163 47.174007416 0.025533581 0.999493659 -0.018989095 -2.493268490 -0.996066272 0.023824515 -0.085348539 87.873489380
-0.070923246 0.021188624 0.997256756 47.732475281 0.025305154 0.999490798 -0.019436430 -2.517264843 -0.997160673 0.023857241 -0.071423322 87.838691711
-0.054113358 0.022237420 0.998287141 48.276245117 0.023922592 0.999493897 -0.020967549 -2.545872450 -0.998248160 0.022746995 -0.054617971 87.829513550
-0.032528419 0.024921170 0.999160051 48.806076050 0.022057004 0.999463439 -0.024210650 -2.565159321 -0.999227405 0.021250939 -0.033060662 87.821022034
-0.007863110 0.027852634 0.999581039 49.329429626 0.020089062 0.999414682 -0.027689965 -2.589195251 -0.999767303 0.019862920 -0.008418040 87.836669922
0.020293575 0.029660990 0.999354005 49.840820312 0.018206770 0.999383092 -0.030031577 -2.610508442 -0.999628305 0.018804453 0.019741021 87.872070312
0.053661201 0.029069528 0.998135924 50.350463867 0.015475793 0.999431849 -0.029939272 -2.633510351 -0.998439193 0.017053524 0.053180855 87.915336609
0.092460707 0.026204173 0.995371401 50.823604584 0.014649891 0.999509633 -0.027673954 -2.659050465 -0.995608509 0.017140841 0.092031486 87.959686279
0.134298801 0.022761969 0.990679562 51.352027893 0.012459176 0.999618471 -0.024656344 -2.678980827 -0.990862608 0.015654370 0.133963987 88.064552307
0.180062473 0.018195322 0.983486950 51.841579437 0.009752798 0.999746680 -0.020281741 -2.701992512 -0.983606815 0.013243735 0.179839462 88.175102234
0.228137791 0.015227431 0.973509789 52.325134277 0.005287312 0.999843538 -0.016878396 -2.715518951 -0.973614514 0.008997851 0.228021652 88.322494507
0.280508876 0.013796794 0.959752262 52.791313171 0.001214900 0.999890864 -0.014728879 -2.733535290 -0.959850669 0.005297586 0.280461490 88.484947205
0.334590673 0.013431250 0.942267895 53.238105774 0.000065368 0.999898136 -0.014275931 -2.750208855 -0.942363620 0.004838191 0.334555715 88.683731079
0.390473813 0.015618100 0.920481443 53.663925171 0.002480124 0.999834657 -0.018016590 -2.744163513 -0.920610666 0.009317917 0.390370548 88.912254333
0.451031923 0.018039921 0.892325342 54.081665039 0.003609826 0.999750674 -0.022036318 -2.768912315 -0.892500460 0.013160226 0.450854421 89.149917603
0.511087716 0.021322817 0.859263897 54.478363037 0.004173302 0.999618888 -0.027288020 -2.788150549 -0.859518468 0.017532542 0.510803938 89.416450500
0.569927216 0.027078398 0.821248829 54.836654663 0.000430380 0.999446929 -0.033252656 -2.779485464 -0.821694970 0.019305047 0.569600344 89.703094482
0.624465227 0.028819477 0.780520618 55.170448303 -0.003423767 0.999410450 -0.034162410 -2.809050798 -0.781045079 0.018660918 0.624195874 90.034378052
0.677634835 0.028784402 0.734835029 55.495918274 -0.004792365 0.999385357 -0.034727845 -2.834538937 -0.735382974 0.020011202 0.677356184 90.379425049
0.726489305 0.026392087 0.686670661 55.787422180 -0.004809303 0.999433100 -0.033324879 -2.855685711 -0.687160790 0.020907763 0.726204336 90.739997864
0.770595670 0.024776321 0.636842430 56.026935577 -0.008125745 0.999544799 -0.029054880 -2.859735966 -0.637272418 0.017214749 0.770446360 91.121704102
0.812503874 0.020569509 0.582592726 56.286182404 -0.008934032 0.999699295 -0.022836510 -2.864653826 -0.582887292 0.013349851 0.812443376 91.529747009
0.849260807 0.018473260 0.527650177 56.507240295 -0.011460374 0.999797165 -0.016557684 -2.873332500 -0.527849019 0.008014726 0.849300504 91.953781128
0.880128086 0.015271693 0.474490464 56.688510895 -0.012345499 0.999880672 -0.009282056 -2.881127357 -0.474575639 0.002311576 0.880211771 92.386054993
0.905749261 0.016268391 0.423501670 56.842346191 -0.016404483 0.999859869 -0.003324099 -2.899354696 -0.423496425 -0.003936526 0.905889273 92.803359985
0.925506592 0.017796159 0.378313094 56.957038879 -0.019542189 0.999808669 0.000776256 -2.917271376 -0.378226995 -0.008111497 0.925677359 93.209846497
0.940522790 0.023199534 0.338937879 57.078475952 -0.025798339 0.999662220 0.003163480 -2.921389341 -0.338750005 -0.011719359 0.940803409 93.661437988
0.952399790 0.027401010 0.303618073 57.190113068 -0.029510962 0.999561787 0.002362284 -2.923367023 -0.303420275 -0.011209903 0.952790797 94.121360779
0.961508989 0.029779445 0.273154914 57.293319702 -0.031658746 0.999495745 0.002473864 -2.922858477 -0.272943437 -0.011026387 0.961966872 94.587493896
0.967589617 0.024462789 0.251340508 57.402542114 -0.025961202 0.999659538 0.002647125 -2.927097082 -0.251190096 -0.009086434 0.967895091 95.054824829
0.971564174 0.021728769 0.235777140 57.510589600 -0.023216117 0.999724269 0.003533733 -2.937943935 -0.235635296 -0.008907079 0.971800685 95.537429810
0.974364579 0.026129130 0.223452419 57.594512939 -0.027538093 0.999615729 0.003191060 -2.941717148 -0.223283201 -0.009262711 0.974709570 96.049140930
0.976441503 0.031248020 0.213507518 57.690349579 -0.032911390 0.999449253 0.004239817 -2.942294121 -0.213257432 -0.011166762 0.976932228 96.558212280
0.977326751 0.038747862 0.208161131 57.776432037 -0.040063627 0.999194980 0.002106953 -2.934467793 -0.207911849 -0.010398869 0.978092313 97.060859680
0.977855027 0.044437382 0.204511076 57.883255005 -0.045110248 0.998980999 -0.001373094 -2.938443422 -0.204363704 -0.007882861 0.978863299 97.535041809
0.978007913 0.045944922 0.203444332 57.991073608 -0.046121262 0.998928308 -0.003876864 -2.948291540 -0.203404441 -0.005591508 0.979078889 98.069992065
0.977478504 0.044679813 0.206251308 58.102668762 -0.044034213 0.999000132 -0.007721898 -2.952888727 -0.206390113 -0.001534125 0.978468597 98.608413696
0.976733983 0.043892939 0.209914729 58.225021362 -0.041969381 0.999026120 -0.013611609 -2.969375610 -0.210307747 0.004484930 0.977624953 99.163101196
0.975876987 0.043408178 0.213962510 58.346290588 -0.040410295 0.999014318 -0.018367354 -2.971717596 -0.214548931 0.009277990 0.976669312 99.718269348
0.974690199 0.047934148 0.218360066 58.475662231 -0.044995375 0.998817623 -0.018414089 -2.976729870 -0.218984500 0.008122842 0.975694478 100.297576904
0.973201752 0.051221281 0.224175870 58.599548340 -0.049197022 0.998682320 -0.014609778 -2.987493277 -0.224628791 0.003189477 0.974439204 100.888092041
0.972279608 0.047897160 0.228862911 58.745597839 -0.046791438 0.998852015 -0.010258632 -2.993958473 -0.229091540 -0.000734566 0.973404586 101.490280151
0.971533537 0.043886639 0.232801482 58.893531799 -0.044070702 0.999018729 -0.004413221 -3.009471893 -0.232766703 -0.005972132 0.972514212 102.114486694
0.970784664 0.041501638 0.236335889 59.053878784 -0.042821493 0.999082685 0.000452286 -3.023996592 -0.236100301 -0.010559326 0.971671343 102.730613708
0.970238626 0.036676817 0.239357084 59.211349487 -0.038044263 0.999275446 0.001093621 -3.031290531 -0.239143535 -0.010167236 0.970931053 103.365722656
0.970261931 0.033334065 0.239750847 59.371135712 -0.033794049 0.999426484 -0.002193379 -3.036672115 -0.239686415 -0.005973999 0.970832050 104.007255554
0.970450222 0.032530896 0.239098340 59.534713745 -0.031329997 0.999470234 -0.008822580 -3.049408674 -0.239258677 0.001070929 0.970955253 104.646606445
0.970597148 0.035015862 0.238148957 59.692001343 -0.032249220 0.999359667 -0.015504736 -3.059584141 -0.238539368 0.007368734 0.971104801 105.295738220
0.971178532 0.037780389 0.235339627 59.849102020 -0.034140360 0.999226391 -0.019524004 -3.065347195 -0.235895172 0.010926716 0.971717000 105.972839355
0.971759796 0.036723673 0.233096853 60.009834290 -0.034073222 0.999300897 -0.015388503 -3.072295189 -0.233498976 0.007011568 0.972331822 106.670524597
0.972160518 0.032264777 0.232083678 60.173835754 -0.031359710 0.999479413 -0.007589090 -3.090528727 -0.232207641 0.000099737 0.972666204 107.378440857
0.972735941 0.032927673 0.229566291 60.343589783 -0.033457864 0.999438882 -0.001583605 -3.107373238 -0.229489610 -0.006140366 0.973291695 108.098167419
0.973015606 0.036397934 0.227850243 60.503143311 -0.036827005 0.999318779 -0.002369468 -3.116514683 -0.227781296 -0.006085513 0.973693371 108.828964233
0.973289371 0.041853439 0.225734055 60.658126831 -0.041340839 0.999120593 -0.006999483 -3.125651121 -0.225828454 -0.002519511 0.974163890 109.556755066
0.974165678 0.042837180 0.221734345 60.824150085 -0.041140720 0.999078035 -0.012266095 -3.135996819 -0.222055405 0.002826897 0.975029945 110.296234131
0.975108206 0.041500434 0.217810631 60.990680695 -0.039115291 0.999118268 -0.015252741 -3.146543503 -0.218251586 0.006353348 0.975871801 111.051422119
0.976054311 0.039407801 0.213927537 61.158084869 -0.037343323 0.999208748 -0.013684633 -3.159780502 -0.214297578 0.005368179 0.976753592 111.826873779
0.976923287 0.035608526 0.210601062 61.327480316 -0.033975817 0.999358058 -0.011366962 -3.179069519 -0.210870638 0.003949308 0.977505922 112.608390808
0.977346480 0.034217156 0.208861247 61.494022369 -0.033148691 0.999413311 -0.008614886 -3.193399906 -0.209033474 0.001496249 0.977907360 113.401321411
0.977672040 0.031530779 0.207757294 61.659957886 -0.030883368 0.999502778 -0.006359791 -3.204587460 -0.207854554 -0.000198456 0.978159666 114.201705933
0.977905035 0.026166033 0.207405314 61.833503723 -0.025668560 0.999657571 -0.005089840 -3.218835592 -0.207467452 -0.000346415 0.978241801 114.995208740
0.978019416 0.026988499 0.206759572 61.998977661 -0.026848992 0.999633431 -0.003481190 -3.230059147 -0.206777722 -0.002146615 0.978385568 115.799415588
0.977821887 0.032207746 0.206946909 62.165412903 -0.031770796 0.999480367 -0.005435378 -3.242278576 -0.207014412 -0.001260036 0.978337049 116.622123718
0.977510035 0.037914727 0.207452893 62.330535889 -0.036886811 0.999280572 -0.008822370 -3.253729820 -0.207638159 0.000971680 0.978205144 117.434852600
0.976938725 0.046512991 0.208392352 62.493476868 -0.045317817 0.998917341 -0.010508618 -3.261916876 -0.208655536 0.000822391 0.977988839 118.264442444
0.976029694 0.052395806 0.211235806 62.659210205 -0.051448036 0.998625815 -0.009984076 -3.276993036 -0.211468667 -0.001122912 0.977384031 119.093750000
0.975204706 0.054884821 0.214390859 62.825782776 -0.054437529 0.998485267 -0.007994520 -3.296927452 -0.214504853 -0.003874613 0.976715147 119.934143066
0.974653304 0.055621449 0.216695815 63.015014648 -0.055102527 0.998445034 -0.008440848 -3.321464777 -0.216828391 -0.003713588 0.976202667 120.769546509
0.974268258 0.054140244 0.218792379 63.194561005 -0.052891385 0.998533368 -0.011565496 -3.330901623 -0.219097659 -0.000304337 0.975702822 121.605789185
0.974300086 0.047937233 0.220093757 63.388359070 -0.046860754 0.998850286 -0.010112463 -3.348587275 -0.220325455 -0.000461185 0.975426257 122.448997498
0.974585176 0.041352525 0.220167518 63.589050293 -0.039765656 0.999141276 -0.011636631 -3.371238708 -0.220459640 0.002585782 0.975392699 123.267425537
0.974384427 0.040202234 0.221266091 63.778175354 -0.038592730 0.999187708 -0.011594318 -3.392683506 -0.221552491 0.002758063 0.975144506 124.106872559
0.973794341 0.042909253 0.223345533 63.962715149 -0.042012453 0.999078631 -0.008767705 -3.409410238 -0.223515987 -0.000845351 0.974699855 124.953552246
0.973367631 0.044955637 0.224798441 64.145950317 -0.045436781 0.998962581 -0.003035179 -3.423778057 -0.224701703 -0.007259771 0.974400580 125.797927856
0.972972691 0.048964154 0.225669280 64.330139160 -0.050532173 0.998721659 0.001173637 -3.443657875 -0.225323334 -0.012545475 0.974203289 126.636657715
0.972778916 0.047982521 0.226713613 64.517044067 -0.048038162 0.998831630 -0.005275217 -3.459934711 -0.226701856 -0.005759284 0.973947346 127.446640015
0.973065436 0.043806374 0.226328298 64.708053589 -0.040414423 0.998990834 -0.019601095 -3.479874849 -0.226958558 0.009926222 0.973853886 128.252365112
