1.000000000 0.000000000 0.000000000 0.000000000 0.000000000 1.000000000 0.000000000 0.000000000 0.000000000 0.000000000 1.000000000 0.000000000
0.999038935 -0.000505246 0.043829042 0.044962227 0.000608033 0.999997079 -0.002331876 -0.020595569 -0.043827735 0.002356284 0.999036252 1.025488138
0.996022701 -0.004616024 0.088980488 0.138364613 0.005293204 0.999958754 -0.007375977 -0.038602993 -0.088942774 0.007817633 0.996006072 2.045687199
0.990862131 -0.004186858 0.134813219 0.271053344 0.005782583 0.999917865 -0.011447176 -0.061031982 -0.134754211 0.012122143 0.990804970 3.055008888
0.983531594 -0.001063540 0.180733100 0.449687868 0.003577326 0.999901354 -0.013583449 -0.092478842 -0.180700794 0.014006292 0.983438373 4.076757908
0.973987520 -0.003629102 0.226572514 0.684457064 0.006877378 0.999884546 -0.013548850 -0.124113880 -0.226497188 0.014754634 0.973900080 5.075845718
0.962322652 -0.004161944 0.271878362 0.958163261 0.008543202 0.999852002 -0.014933105 -0.152606472 -0.271775901 0.016693177 0.962215781 6.080325127
0.948734581 -0.006867726 0.315998882 1.282073259 0.013054108 0.999762177 -0.017464602 -0.186991751 -0.315803707 0.020694360 0.948598802 7.058482647
0.933581591 -0.008545485 0.358262986 1.655413032 0.016588109 0.999674678 -0.019381417 -0.217557773 -0.357980847 0.024037044 0.933419526 8.008386612
0.916277766 -0.008440158 0.400454313 2.065378189 0.018052869 0.999632180 -0.020237990 -0.249239117 -0.400136173 0.025772974 0.916093230 8.943943024
0.896673441 -0.009188490 0.442597270 2.516407013 0.019495301 0.999634266 -0.018743429 -0.288180530 -0.442263126 0.025435302 0.896524727 9.850665092
0.874831796 -0.008726934 0.484348267 3.005096674 0.019838404 0.999644279 -0.017820721 -0.323941886 -0.484020382 0.025198830 0.874693811 10.732265472
0.850772619 -0.008852709 0.525459647 3.538236141 0.020734755 0.999644995 -0.016730098 -0.354565114 -0.525124967 0.025128786 0.850654066 11.606674194
0.825265110 -0.009228442 0.564669967 4.112266541 0.022558531 0.999607265 -0.016632639 -0.394504786 -0.564294755 0.026464464 0.825149238 12.437465668
0.797804058 -0.010892875 0.602818370 4.717857361 0.025926365 0.999531746 -0.016250975 -0.427168489 -0.602359056 0.028593984 0.797712922 13.237438202
0.769070327 -0.009726283 0.639090121 5.367774963 0.026361076 0.999516129 -0.016510880 -0.465725958 -0.638620317 0.029545132 0.768954635 14.023377419
0.738450229 -0.012953791 0.674183488 6.045355797 0.031315256 0.999395490 -0.015097968 -0.497834444 -0.673580468 0.032261331 0.738409460 14.755661964
0.706422806 -0.012205380 0.707684875 6.775215626 0.031796716 0.999389052 -0.014503638 -0.530916750 -0.707075477 0.032747757 0.706379414 15.476540565
0.672140777 -0.010834697 0.740343928 7.525272369 0.032792185 0.999347448 -0.015146120 -0.563292027 -0.739696741 0.034457825 0.672057450 16.160865784
0.636443496 -0.011873848 0.771231830 8.317825317 0.037511930 0.999174833 -0.015572716 -0.589733839 -0.770410597 0.038841553 0.636363685 16.819656372
0.599633038 -0.010286652 0.800208986 9.107744217 0.037745550 0.999168098 -0.015440203 -0.620480895 -0.799384356 0.039462782 0.599522591 17.408611298
0.561865151 -0.008695511 0.827183127 9.956352234 0.040329132 0.999043584 -0.016891476 -0.650489330 -0.826245189 0.042850304 0.561678529 17.988515854
0.522737324 -0.006988706 0.852465093 10.795289993 0.044884954 0.998804986 -0.019335318 -0.677455425 -0.851311326 0.048370153 0.522426426 18.507072449
0.484018624 -0.005692992 0.875039220 11.701446533 0.046355825 0.998741508 -0.019143434 -0.703832150 -0.873829007 0.049828947 0.483673334 19.006725311
0.445375890 -0.007502835 0.895312250 12.612944603 0.051686313 0.998512745 -0.017343855 -0.731873870 -0.893850565 0.053999908 0.445101351 19.456890106
0.408490062 -0.008159671 0.912726223 13.551740646 0.055829138 0.998311162 -0.016061503 -0.756610513 -0.911053717 0.057517685 0.408255726 19.863822937
0.373094678 -0.005757000 0.927775443 14.508116722 0.057367824 0.998210490 -0.016875772 -0.787492156 -0.926018000 0.059520710 0.372757226 20.246789932
0.339582205 -0.006507946 0.940553844 15.482788086 0.058043927 0.998215139 -0.014049545 -0.811151385 -0.938783705 0.059364423 0.339353859 20.597023010
0.306041569 -0.007991559 0.951984644 16.503503799 0.060408156 0.998112679 -0.011041069 -0.834281921 -0.950099826 0.060886662 0.305946708 20.924579620
0.273137718 -0.007784599 0.961943567 17.519432068 0.060906436 0.998100936 -0.009216783 -0.855416238 -0.960044920 0.061105985 0.273093164 21.214508057
0.240776494 -0.005008126 0.970567644 18.545267105 0.058458973 0.998246014 -0.009351444 -0.879515648 -0.968818486 0.058990005 0.240646958 21.474699020
0.209842205 -0.003291789 0.977729738 19.600444794 0.058233589 0.998261094 -0.009137288 -0.895506144 -0.975999534 0.058854096 0.209669009 21.700542450
0.179276228 -0.003182588 0.983793616 20.654096603 0.060222726 0.998154938 -0.007745307 -0.917884767 -0.981953800 0.060635276 0.179137111 21.892108917
0.148723707 -0.003268574 0.988873363 21.739875793 0.062037926 0.998055518 -0.006031403 -0.930585027 -0.986930788 0.062244669 0.148637280 22.049840927
0.118210271 -0.004040170 0.992980361 22.845647812 0.060553141 0.998160005 -0.003147359 -0.948826969 -0.991140604 0.060500130 0.118237399 22.182556152
0.088843189 -0.004354609 0.996036112 23.960956573 0.061310224 0.998118043 -0.001104962 -0.961710691 -0.994156897 0.061165366 0.088942967 22.282281876
0.061649188 -0.004001702 0.998089850 25.107984543 0.064109586 0.997942865 0.000041246 -0.967754602 -0.996036947 0.063984580 0.061778907 22.345989227
0.036662500 -0.003468673 0.999321640 26.259075165 0.068284228 0.997665465 0.000957754 -0.976244807 -0.996992052 0.068202794 0.036813762 22.373832703
0.013770225 -0.002964354 0.999900818 27.457710266 0.072618552 0.997357845 0.001956742 -0.980880439 -0.997264743 0.072584420 0.013949108 22.385829926
-0.006580867 -0.003048226 0.999973834 28.650360107 0.078218997 0.996929884 0.003553710 -0.979544997 -0.996914446 0.078240320 -0.006322235 22.375898361
-0.024165671 -0.003635218 0.999701381 29.869628906 0.082570411 0.996569395 0.005619794 -0.982544899 -0.996292293 0.082681537 -0.023782603 22.331005096
-0.039608389 -0.003591377 0.999208808 31.086959839 0.085685603 0.996297777 0.006977471 -0.986139476 -0.995534599 0.085894190 -0.039154027 22.270189285
-0.054367758 -0.004271772 0.998511851 32.326656342 0.087873369 0.996090591 0.009046014 -0.984790206 -0.994646907 0.088234410 -0.053779837 22.208545685
-0.067524850 -0.005248001 0.997703731 33.578926086 0.087898314 0.996066630 0.011188368 -0.981527746 -0.993838131 0.088451974 -0.066797949 22.115209579
-0.079723589 -0.005214307 0.996803343 34.822517395 0.087863810 0.996057272 0.012237687 -0.983283758 -0.992937088 0.088558570 -0.078951113 22.014886856
-0.090933047 -0.002546277 0.995853722 36.077289581 0.087728947 0.996088445 0.010557552 -0.982928157 -0.991985381 0.088325255 -0.090353958 21.904874802
-0.101117790 0.001168793 0.994873703 37.354991913 0.088208750 0.996071458 0.007795230 -0.969797909 -0.990956306 0.088544801 -0.100823641 21.774206161
-0.110536255 0.003756016 0.993865132 38.654178619 0.089430138 0.995973885 0.006182308 -0.965253472 -0.989840329 0.089564860 -0.110427134 21.627784729
-0.118073270 0.004754074 0.992993653 39.985042572 0.089182064 0.995998204 0.005835857 -0.961876988 -0.988992035 0.089246258 -0.118024744 21.469749451
-0.123926766 0.005386712 0.992276669 41.324890137 0.088921934 0.996022284 0.005698534 -0.959690928 -0.988299072 0.088941388 -0.123912811 21.309633255
-0.129326120 0.007231948 0.991575718 42.688064575 0.090096727 0.995922863 0.004487196 -0.952582598 -0.987500548 0.089918032 -0.129450396 21.145908356
-0.133788079 0.008682936 0.990971923 44.053466797 0.088871852 0.996037722 0.003270993 -0.951488733 -0.987016976 0.088507131 -0.134029627 20.960882187
-0.137984604 0.009372229 0.990390003 45.446956635 0.089618623 0.995971501 0.003060932 -0.949829876 -0.986371577 0.089179747 -0.138268635 20.776512146
-0.141202271 0.008728481 0.989942312 46.895599365 0.089143343 0.996011019 0.003933139 -0.944599152 -0.985959053 0.088802136 -0.141417116 20.573823929
-0.143582210 0.006531847 0.989616871 48.322345734 0.089984000 0.995922029 0.006482191 -0.944750547 -0.985539019 0.089980386 -0.143584445 20.364826202
-0.145684198 0.005259976 0.989317119 49.781894684 0.089786910 0.995929480 0.007926648 -0.944118619 -0.985248327 0.089982525 -0.145563453 20.145385742
-0.148079813 0.006162487 0.988956213 51.214187622 0.092516676 0.995681763 0.007648445 -0.938852906 -0.984638512 0.092627510 -0.148010492 19.945281982
-0.149030969 0.005977136 0.988814473 52.727275848 0.092184789 0.995710790 0.007874976 -0.927268863 -0.984526157 0.092327267 -0.148942709 19.698471069
-0.149721816 0.007433595 0.988700211 54.222042084 0.094396897 0.995511472 0.006809994 -0.916262150 -0.984211802 0.094349839 -0.149751455 19.471717834
-0.149667352 0.007402885 0.988708675 55.734256744 0.093974724 0.995551527 0.006771453 -0.912735462 -0.984260380 0.093927108 -0.149697214 19.240585327
-0.149155349 0.009005887 0.988772750 57.266700745 0.093817562 0.995576441 0.005084423 -0.904695749 -0.984353185 0.093522608 -0.149340466 19.008071899
-0.147981584 0.009149103 0.988947749 58.809799194 0.094283894 0.995533288 0.004898180 -0.894663513 -0.984485626 0.093966700 -0.148183197 18.776483536
-0.146668881 0.007711746 0.989155591 60.402427673 0.093867697 0.995565653 0.006156682 -0.899959087 -0.984721839 0.093752734 -0.146742359 18.543716431
-0.145518303 0.008341485 0.989320397 61.994491577 0.094695412 0.995490849 0.005535160 -0.897711754 -0.984813273 0.094489582 -0.145652056 18.309120178
-0.144647941 0.009128974 0.989441097 63.606811523 0.094414368 0.995522201 0.004617502 -0.888877034 -0.984968483 0.094085366 -0.144862160 18.078971863
-0.143433779 0.009588157 0.989613533 65.222442627 0.095170483 0.995452344 0.004149206 -0.887783527 -0.985073268 0.094777130 -0.143693998 17.837310791
-0.142883003 0.009384691 0.989695191 66.896682739 0.094915114 0.995476186 0.004263458 -0.889588535 -0.985177875 0.094546214 -0.143127412 17.604682922
-0.141831458 0.008010997 0.989858329 68.553848267 0.096599951 0.995306492 0.005786195 -0.881248534 -0.985166132 0.096440934 -0.141939610 17.363685608
-0.141560882 0.005859309 0.989912212 70.253860474 0.098589599 0.995094299 0.008208673 -0.884919524 -0.985007882 0.098757081 -0.141444087 17.118553162
-0.140180126 0.006873687 0.990102112 71.935600281 0.099982880 0.994962871 0.007248288 -0.879553139 -0.985064983 0.100009322 -0.140161246 16.872510910
-0.140083611 0.008911895 0.990099549 73.635635376 0.102332778 0.994734883 0.005524871 -0.878712177 -0.984837353 0.102093577 -0.140258044 16.635837555
-0.139145434 0.008652447 0.990234196 75.335952759 0.101212054 0.994849503 0.005529312 -0.875757098 -0.985086143 0.100993015 -0.139304534 16.395755768
-0.139220744 0.008405974 0.990225673 77.077041626 0.102215901 0.994744599 0.005926708 -0.882113516 -0.984971821 0.102041915 -0.139348343 16.144290924
-0.138935968 0.007126781 0.990275741 78.822036743 0.101763472 0.994783103 0.007118220 -0.880508065 -0.985058904 0.101762868 -0.138936371 15.894966125
-0.138757885 0.007364703 0.990298867 80.559585571 0.103289895 0.994626105 0.007075803 -0.877392530 -0.984925091 0.103269689 -0.138772935 15.652666092
-0.139061540 0.007090342 0.990258336 82.333992004 0.104153290 0.994532943 0.007505251 -0.872036040 -0.984791338 0.104182363 -0.139039740 15.410730362
-0.139012277 0.008180054 0.990256846 84.114562988 0.104570560 0.994496584 0.006464544 -0.865250289 -0.984754086 0.104450382 -0.139102638 15.157571793
-0.139797032 0.009265536 0.990136802 85.919807434 0.104223318 0.994539201 0.005408516 -0.856280446 -0.984679818 0.103951454 -0.139999285 14.907428741
-0.140734732 0.010039512 0.989996374 87.718551636 0.103591062 0.994609118 0.004639885 -0.858878255 -0.984612942 0.103207752 -0.141016066 14.652213097
-0.142378151 0.010429824 0.989757359 89.529335022 0.102704622 0.994702637 0.004292284 -0.862322450 -0.984469533 0.102263771 -0.142695114 14.405946732
-0.143355757 0.009480326 0.989625812 91.351959229 0.101852641 0.994785905 0.005224467 -0.868399858 -0.984416068 0.101544961 -0.143573880 14.148536682
-0.144269899 0.009238816 0.989495218 93.204589844 0.101937830 0.994775176 0.005574577 -0.865971088 -0.984273732 0.101671234 -0.144457906 13.880569458
-0.144720048 0.008309673 0.989437759 95.061141968 0.099601544 0.995007992 0.006211758 -0.863918066 -0.984446883 0.099448480 -0.144825265 13.609258652
-0.146462142 0.009061185 0.989174783 96.902847290 0.099314950 0.995040357 0.005590149 -0.865941763 -0.984218121 0.099058583 -0.146635637 13.345305443
-0.148652419 0.010021701 0.988838732 98.804595947 0.098464116 0.995129406 0.004716682 -0.858898878 -0.983975232 0.098066278 -0.148915172 13.047042847
-0.152877465 0.010966921 0.988184214 100.697868347 0.098615639 0.995116711 0.004212518 -0.855725884 -0.983312488 0.098094426 -0.153212443 12.755991936
-0.157343641 0.009950536 0.987493753 102.597946167 0.096681841 0.995300829 0.005375723 -0.858329773 -0.982799888 0.096318550 -0.157566279 12.458637238
-0.162233576 0.009144429 0.986710012 104.506889343 0.095150858 0.995442092 0.006419226 -0.860746741 -0.982154012 0.094927713 -0.162364259 12.155061722
-0.166742399 0.009856450 0.985951245 106.416175842 0.093837962 0.995570004 0.005917111 -0.862689137 -0.981525064 0.093506292 -0.166928619 11.839431763
-0.171168983 0.011794011 0.985171080 108.343666077 0.094153918 0.995547771 0.004440577 -0.859644175 -0.980732501 0.093517795 -0.171517327 11.499551773
-0.175714016 0.013333320 0.984350920 110.274963379 0.093992189 0.995567441 0.003293064 -0.870172620 -0.979943871 0.093099937 -0.176188439 11.158981323
-0.180469871 0.013552247 0.983487129 112.211570740 0.092917807 0.995668113 0.003330313 -0.877086580 -0.979181767 0.091984496 -0.180947348 10.808359146
-0.185247347 0.013133694 0.982604146 114.144157410 0.090927981 0.995850146 0.003831626 -0.884294033 -0.978476107 0.090056010 -0.185672805 10.453996658
-0.190784872 0.012754184 0.981549025 116.104988098 0.089380376 0.995987833 0.004431176 -0.888045132 -0.977554202 0.088576630 -0.191159368 10.086879730
-0.195852816 0.012352657 0.980555534 118.048942566 0.088414200 0.996070802 0.005111440 -0.889188230 -0.976639509 0.087696120 -0.196175396 9.704372406
-0.201704964 0.011785537 0.979375422 120.035667419 0.088142261 0.996088684 0.006166468 -0.886513948 -0.975472152 0.087568171 -0.201954871 9.298141479
-0.206889689 0.014024463 0.978263736 122.010383606 0.088808365 0.996038496 0.004502495 -0.877796233 -0.974325240 0.087809518 -0.207315594 8.885972977
-0.212955415 0.014342401 0.976956546 123.969116211 0.087801412 0.996127903 0.004514963 -0.891440272 -0.973108888 0.086739667 -0.213390052 8.474395752
-0.218714923 0.014414245 0.975682378 125.948066711 0.088463210 0.996066332 0.005115068 -0.892010510 -0.971770585 0.087430738 -0.219129711 8.041454315
-0.224654406 0.014494345 0.974330664 127.924797058 0.087736651 0.996129036 0.005411075 -0.891208053 -0.970480621 0.086700119 -0.225056410 7.603448868
-0.230026066 0.015255848 0.973064840 129.905258179 0.087069280 0.996189892 0.004964196 -0.894631505 -0.969281673 0.085865937 -0.230477974 7.145002365
-0.235388100 0.015961073 0.971770406 131.898971558 0.086393878 0.996250629 0.004563690 -0.897621989 -0.968053997 0.085029252 -0.235884473 6.677326202
-0.239581883 0.014982255 0.970760703 133.876785278 0.087331966 0.996160090 0.006179107 -0.902278304 -0.966940343 0.086258829 -0.239970341 6.189029694
-0.243198827 0.014898776 0.969862163 135.867797852 0.089709848 0.995941937 0.007195887 -0.902526259 -0.965819061 0.088756189 -0.243548542 5.686035156
-0.246772468 0.015763821 0.968945205 137.878601074 0.091076970 0.995819211 0.006994583 -0.901773632 -0.964784086 0.089974664 -0.247176468 5.176105499
-0.249957532 0.016392820 0.968118012 139.876724243 0.091667280 0.995766401 0.006806514 -0.904681504 -0.963907838 0.090446085 -0.250402004 4.666843414
-0.253250748 0.016193124 0.967265129 141.894897461 0.090747416 0.995848715 0.007087964 -0.906678617 -0.963134944 0.089571826 -0.253668875 4.144664764
-0.257184505 0.016653823 0.966218829 143.926147461 0.089475177 0.995966852 0.006649603 -0.911287129 -0.962211311 0.088162765 -0.257637292 3.606380463
-0.261578947 0.017290143 0.965027213 145.946609497 0.088174045 0.996086717 0.006053702 -0.911522985 -0.961146116 0.086673893 -0.262079775 3.068420410
-0.265882641 0.016833447 0.963858426 147.982635498 0.087255545 0.996163607 0.006672010 -0.914915919 -0.960048318 0.085875973 -0.266331464 2.517276764
-0.270391196 0.017292520 0.962595224 150.007949829 0.087599926 0.996133149 0.006711639 -0.920615017 -0.958756924 0.086138040 -0.270860404 1.954757690
-0.275120795 0.017467421 0.961250961 152.037002563 0.086797111 0.996203184 0.006739754 -0.927432120 -0.957483590 0.085288063 -0.275592327 1.389984131
-0.279780537 0.017300129 0.959908068 154.075515747 0.086176366 0.996254146 0.007162305 -0.931768417 -0.956188500 0.084725268 -0.280223399 0.809631348
-0.283910632 0.016741117 0.958704591 156.116668701 0.086124919 0.996251345 0.008108260 -0.933169365 -0.954974949 0.084870383 -0.284288228 0.211818695
-0.288258761 0.016805464 0.957405031 158.167312622 0.086703017 0.996196926 0.008618461 -0.934757710 -0.953619063 0.085494258 -0.288619608 -0.392307281
-0.292270333 0.017449463 0.956176519 160.220779419 0.087500148 0.996127784 0.008567262 -0.936018705 -0.952324390 0.086169563 -0.292665452 -1.012397766
-0.295773208 0.018637132 0.955076396 162.268218994 0.087855026 0.996102989 0.007769697 -0.931871295 -0.951209724 0.086206317 -0.296257913 -1.644855499
-0.299460441 0.020198984 0.953894854 164.333450317 0.087919444 0.996106267 0.006508117 -0.933447599 -0.950049281 0.085814834 -0.300070345 -2.286148071
-0.302923381 0.021490909 0.952772558 166.397186279 0.088676758 0.996043921 0.005726830 -0.933576643 -0.948880315 0.086223565 -0.303630769 -2.930477142
-0.306177586 0.021975508 0.951720715 168.464782715 0.088023596 0.996104300 0.005317697 -0.937349856 -0.947896183 0.085402049 -0.306919187 -3.589427948
-0.309728861 0.021893125 0.950572848 170.545318604 0.088278554 0.996078789 0.005822951 -0.946279109 -0.946717978 0.085718736 -0.310447037 -4.259040833
-0.313771456 0.021988573 0.949244022 172.623855591 0.087872900 0.996113777 0.005972005 -0.946940482 -0.945423603 0.085286662 -0.314484298 -4.936492920
-0.317398548 0.022963179 0.948014140 174.705108643 0.090123996 0.995912194 0.006050451 -0.949754238 -0.943999887 0.087359220 -0.318170607 -5.632091522
-0.320498884 0.023198405 0.946964800 176.791275024 0.092243686 0.995713055 0.006827123 -0.951890349 -0.942746758 0.089539617 -0.321264863 -6.334091187
-0.322924256 0.022615274 0.946154594 178.867401123 0.092987515 0.995635629 0.007938824 -0.954782963 -0.941845655 0.090544216 -0.323617786 -7.045997620
-0.325732082 0.022030393 0.945205450 180.953567505 0.092514731 0.995673656 0.008675286 -0.954016566 -0.940924883 0.090271242 -0.326360881 -7.759670258
-0.328772396 0.022791874 0.944134116 183.055679321 0.091718964 0.995753586 0.007900961 -0.949580073 -0.939944863 0.089192614 -0.329466701 -8.477848053
-0.331431895 0.024529034 0.943160176 185.145156860 0.090992428 0.995832980 0.006076343 -0.955524087 -0.939081073 0.087834321 -0.332282722 -9.206726074
-0.334811896 0.026067004 0.941924393 187.263504028 0.090151809 0.995917916 0.004483699 -0.959470332 -0.937962472 0.086417399 -0.335795134 -9.950042725
-0.338201791 0.026979536 0.940686703 189.374847412 0.089191906 0.996008337 0.003500660 -0.970726430 -0.936837435 0.085085578 -0.339258134 -10.693946838
-0.341549009 0.027810162 0.939452350 191.488220215 0.087523162 0.996159732 0.002331241 -0.979129553 -0.935779810 0.083020099 -0.342671424 -11.448257446
-0.345245183 0.028164068 0.938089848 193.601409912 0.088339530 0.996087015 0.002606292 -0.990585327 -0.934345722 0.083770223 -0.346382260 -12.214256287
-0.349132121 0.027008018 0.936684251 195.736770630 0.087630168 0.996145248 0.003940068 -1.000455379 -0.932967186 0.083457410 -0.350152969 -12.992389679
-0.352590173 0.026462417 0.935403645 197.865295410 0.087600432 0.996143878 0.004839272 -1.006475568 -0.931668699 0.083648041 -0.353548646 -13.793708801
-0.356501549 0.026322719 0.933923841 200.000152588 0.087274171 0.996170521 0.005237527 -1.009476662 -0.930209696 0.083374597 -0.357433617 -14.600681305
-0.360323220 0.026439682 0.932452738 202.127990723 0.086405285 0.996246755 0.005140618 -1.018446684 -0.928817153 0.082421117 -0.361255407 -15.405101776
-0.364072055 0.027065882 0.930977523 204.255493164 0.085832238 0.996298969 0.004600985 -1.030194044 -0.927407324 0.081582978 -0.365047842 -16.230373383
-0.367355615 0.027674662 0.929668665 206.394210815 0.085726321 0.996309817 0.004216027 -1.039274454 -0.926121414 0.081245877 -0.368372411 -17.062015533
-0.369977862 0.028228739 0.928611577 208.501846313 0.086676218 0.996227443 0.004249397 -1.053667426 -0.924988449 0.082060717 -0.371028930 -17.902805328
-0.372529209 0.028012285 0.927597523 210.640625000 0.087588117 0.996143758 0.005093663 -1.061644673 -0.923877835 0.083144069 -0.373546153 -18.758167267
-0.375037730 0.027570678 0.926599562 212.771881104 0.089044675 0.996007025 0.006404634 -1.071661949 -0.922722995 0.084910728 -0.375995308 -19.619132996
-0.377562582 0.028052494 0.925559163 214.908279419 0.090083830 0.995912552 0.006563003 -1.078702450 -0.921591759 0.085855857 -0.378546447 -20.490032196
-0.380365491 0.028966302 0.924382389 217.064544678 0.089969404 0.995927572 0.005812437 -1.083394527 -0.920449674 0.085376993 -0.381422549 -21.370681763
-0.382872581 0.029157797 0.923340857 219.205123901 0.089346111 0.995984793 0.005596471 -1.092600226 -0.919470370 0.084639646 -0.383940458 -22.254905701
-0.385771185 0.030178364 0.922100902 221.346038818 0.089017525 0.996019185 0.004643928 -1.108207464 -0.918289959 0.083874628 -0.386921972 -23.144329071
-0.388734221 0.031463783 0.920812547 223.491180420 0.088831469 0.996040583 0.003467185 -1.115435600 -0.917057633 0.083144955 -0.389990032 -24.040489197
-0.391178221 0.031425215 0.919778287 225.629745483 0.086740434 0.996226847 0.002853218 -1.132326603 -0.916218162 0.080898084 -0.392428070 -24.942161560
-0.394281060 0.032370660 0.918419600 227.769851685 0.087384537 0.996171772 0.002403408 -1.145358324 -0.914825797 0.081203319 -0.395600319 -25.850723267
-0.396696836 0.031962875 0.917392969 229.895751953 0.088963270 0.996027708 0.003766690 -1.163857937 -0.913628578 0.083108507 -0.397964627 -26.766296387
-0.399541199 0.030980181 0.916191638 232.031860352 0.089336939 0.995987475 0.005280470 -1.179329157 -0.912351906 0.083959527 -0.400705636 -27.690021515
-0.402626097 0.030474750 0.914857268 234.162689209 0.088058077 0.996099770 0.005573086 -1.188070893 -0.911119103 0.082804434 -0.403739244 -28.616436005
-0.405428201 0.030736024 0.913610160 236.280746460 0.086895138 0.996204615 0.005046318 -1.200808764 -0.909987450 0.081434175 -0.406560332 -29.552516937
-0.408859998 0.030076209 0.912101388 238.426452637 0.085288644 0.996341765 0.005377622 -1.207343340 -0.908602953 0.079990581 -0.409929514 -30.507858276
-0.412512839 0.029471740 0.910474896 240.556610107 0.084477000 0.996407211 0.006021027 -1.216819882 -0.907026350 0.079397939 -0.413520485 -31.453491211
-0.415863305 0.029753180 0.908940315 242.668975830 0.084179185 0.996433198 0.005896952 -1.231644750 -0.905522823 0.078966178 -0.416884601 -32.412315369
-0.419765443 0.029396102 0.907156587 244.794815063 0.083547495 0.996483445 0.006368953 -1.242347240 -0.903779089 0.078464136 -0.420745373 -33.383148193
-0.423458397 0.028933778 0.905453324 246.921112061 0.082687952 0.996552110 0.006826287 -1.252435684 -0.902133942 0.077760711 -0.424390852 -34.365890503
-0.427335918 0.028789872 0.903634429 249.025390625 0.081730820 0.996630549 0.006898419 -1.260276079 -0.900391042 0.076802723 -0.428249061 -35.348014832
-0.430912197 0.029731831 0.901903927 251.126037598 0.082215667 0.996593773 0.006427711 -1.272346854 -0.898640752 0.076920405 -0.431888938 -36.345352173
-0.434430391 0.030142592 0.900200844 253.228515625 0.082501352 0.996570110 0.006445101 -1.284522414 -0.896919012 0.077067740 -0.435427189 -37.349807739
-0.438030601 0.030247288 0.898451030 255.341949463 0.082677007 0.996553600 0.006758330 -1.291518569 -0.895150065 0.077241607 -0.439021736 -38.370300293
-0.441694081 0.030296125 0.896654069 257.444519043 0.081296533 0.996669590 0.006371434 -1.304555058 -0.893474758 0.075709082 -0.442685992 -39.394271851
-0.445286810 0.030670006 0.894862592 259.558593750 0.081764974 0.996630251 0.006528616 -1.311200380 -0.891646862 0.076075532 -0.446294039 -40.435394287
-0.448771298 0.031187784 0.893102348 261.651397705 0.082127005 0.996600866 0.006465637 -1.311013460 -0.889864862 0.076249398 -0.449807316 -41.478637695
-0.452175200 0.032651182 0.891331255 263.759765625 0.083580315 0.996483505 0.005897462 -1.312117100 -0.888004422 0.077164441 -0.453314215 -42.532623291
-0.455645114 0.034877539 0.889477968 265.858703613 0.085813835 0.996299148 0.004892979 -1.317967653 -0.886015534 0.078558974 -0.456951886 -43.603393555
-0.458344132 0.035458822 0.888067126 267.964050293 0.086980492 0.996196806 0.005115644 -1.327913046 -0.884508371 0.079589240 -0.459685206 -44.684226990
-0.461083204 0.037739623 0.886554003 270.068542480 0.089075729 0.996017039 0.003927585 -1.332505107 -0.882874727 0.080781378 -0.462608457 -45.776451111
-0.463795751 0.040108856 0.885033786 272.175689697 0.090527065 0.995891333 0.002307268 -1.341260552 -0.881304920 0.081189632 -0.465521127 -46.861907959
-0.466690809 0.040845659 0.883476853 274.296783447 0.091569543 0.995795906 0.002332516 -1.348273635 -0.879667401 0.081988141 -0.468469083 -47.974975586
-0.469890654 0.041880090 0.881730556 276.425170898 0.092054136 0.995752454 0.001761498 -1.360841513 -0.877911627 0.081994645 -0.471749961 -49.088546753
-0.473292381 0.041850429 0.879910707 278.559448242 0.091008738 0.995848835 0.001587706 -1.363395572 -0.876191616 0.080831014 -0.475136429 -50.223487854
-0.476644337 0.043227460 0.878032923 280.689086914 0.092188090 0.995741010 0.001022239 -1.374564290 -0.874249160 0.081431389 -0.478599459 -51.373031616
-0.479860067 0.043454874 0.876268148 282.831665039 0.091371261 0.995816708 0.000653148 -1.386144161 -0.872574091 0.080379151 -0.481823206 -52.537048340
-0.482858837 0.043370079 0.874623477 284.994628906 0.089720055 0.995967031 0.000145147 -1.393004417 -0.871089935 0.078541338 -0.484802663 -53.714622498
-0.485249639 0.044011287 0.873267293 287.140167236 0.091280416 0.995825052 0.000533915 -1.403127789 -0.869597971 0.079971291 -0.487241149 -54.905235291
-0.487592518 0.043893006 0.871967316 289.301330566 0.092921384 0.995671749 0.001840364 -1.421584964 -0.868112445 0.081921741 -0.489560634 -56.098892212
-0.489710778 0.044102117 0.870768845 291.438415527 0.093951017 0.995573878 0.002413863 -1.431084633 -0.866808236 0.082991712 -0.491686702 -57.288421631
-0.491461962 0.043453734 0.869814336 293.588226318 0.093421556 0.995621979 0.003046224 -1.441734791 -0.865873873 0.082756504 -0.493369788 -58.500175476
-0.493666470 0.042926915 0.868591189 295.750122070 0.093041271 0.995655417 0.003673688 -1.440692663 -0.864659786 0.082628384 -0.495515734 -59.728424072
-0.496120304 0.043456178 0.867165625 297.928741455 0.094765544 0.995490193 0.004330088 -1.439378262 -0.863066733 0.084325671 -0.498001039 -60.972129822
-0.498364806 0.043120779 0.865894437 300.104248047 0.094895177 0.995474517 0.005043079 -1.442564607 -0.861758351 0.084682487 -0.500201344 -62.210395813
-0.500104189 0.043936986 0.864849865 302.287933350 0.094577841 0.995508969 0.004115293 -1.450582981 -0.860785007 0.083853714 -0.502013683 -63.470382690
-0.502946556 0.046432618 0.863069355 304.489959717 0.093967833 0.995574534 0.001197677 -1.450452447 -0.859194279 0.081703141 -0.505083978 -64.728805542
-0.506125212 0.045657303 0.861250639 306.686767578 0.092608497 0.995701373 0.001637675 -1.460711956 -0.857473612 0.080588020 -0.508177757 -66.014816284
-0.510504425 0.043661498 0.858765841 308.899047852 0.090338178 0.995906413 0.003068686 -1.473465204 -0.855116546 0.079145931 -0.512358844 -67.314888000
-0.515546978 0.040934071 0.855882883 311.110778809 0.087876305 0.996117353 0.005291889 -1.482149839 -0.852343261 0.077940069 -0.517142355 -68.613365173
-0.520369947 0.039538775 0.853025019 313.328155518 0.086402290 0.996238947 0.006530993 -1.478226542 -0.849558532 0.077101864 -0.521829009 -69.939544678
-0.524864733 0.040133312 0.850238979 315.559783936 0.087087415 0.996177912 0.006738343 -1.473661661 -0.846718848 0.077581853 -0.526353717 -71.295188904
-0.529149175 0.041800864 0.847498536 317.796600342 0.089967981 0.995919704 0.007051572 -1.474184036 -0.843745649 0.079979084 -0.530750930 -72.675628662
-0.532754421 0.042753361 0.845189333 320.008056641 0.090953209 0.995830834 0.006957727 -1.468657732 -0.841368079 0.080579437 -0.534421742 -74.064086914
-0.536556780 0.042714700 0.842782438 322.234802246 0.091681391 0.995757163 0.007900980 -1.469803095 -0.838869095 0.081506796 -0.538196266 -75.467704773
-0.540524900 0.041404456 0.840308547 324.463806152 0.091984965 0.995709121 0.010107449 -1.467166662 -0.836284399 0.082759082 -0.542014062 -76.885269165
-0.544094205 0.039674502 0.838085592 326.680389404 0.090088785 0.995869100 0.011342723 -1.451453447 -0.834173560 0.081673630 -0.545420825 -78.329353333
-0.548020124 0.039415028 0.835535944 328.881072998 0.089266956 0.995940566 0.011567510 -1.447537661 -0.831688166 0.080924988 -0.549313962 -79.751579285
-0.552211106 0.039132059 0.832785368 331.090148926 0.089297980 0.995927572 0.012414534 -1.443409681 -0.828908205 0.081221499 -0.553456604 -81.198585510
-0.555772662 0.039388537 0.830400646 333.295440674 0.090549663 0.995802104 0.013369257 -1.433541775 -0.826388240 0.082622759 -0.557006299 -82.663612366
-0.560466588 0.038614921 0.827276289 335.497436523 0.090605073 0.995775342 0.014903517 -1.418588161 -0.823205888 0.083308347 -0.561597586 -84.122077942
-0.563980401 0.037641313 0.824929774 337.700744629 0.089074463 0.995905042 0.015454751 -1.405117035 -0.820969999 0.082196362 -0.565023780 -85.607788086
-0.567384124 0.036954921 0.822623610 339.900238037 0.088993922 0.995893121 0.016642597 -1.386268616 -0.818630159 0.082651243 -0.568342686 -87.109916687
-0.570038617 0.036477204 0.820807874 342.083221436 0.089902565 0.995784700 0.018182714 -1.372473240 -0.816684425 0.084157579 -0.570915163 -88.612213135
-0.572787166 0.035798792 0.818922043 344.291076660 0.087788284 0.995978951 0.017863922 -1.351675034 -0.814989626 0.082123987 -0.573626637 -90.151275635
-0.575816214 0.034964971 0.816831172 346.467895508 0.083823204 0.996344984 0.016441070 -1.326032639 -0.813270748 0.077936441 -0.576642513 -91.655998230
-0.579299688 0.034326907 0.814391375 348.634429932 0.080517560 0.996636271 0.015265835 -1.306316376 -0.811128020 0.074416310 -0.580115199 -93.159568787
-0.581878185 0.031620312 0.812660933 350.815063477 0.078225613 0.996786773 0.017226217 -1.289826393 -0.809504986 0.073594458 -0.582482100 -94.709182739
-0.585051358 0.031230038 0.810394585 352.986328125 0.079449795 0.996658742 0.018949421 -1.269792080 -0.807095170 0.075472072 -0.585577726 -96.256881714
-0.588067532 0.031503353 0.808198035 355.160156250 0.078734331 0.996725082 0.018437214 -1.245068550 -0.804970503 0.074475251 -0.588622093 -97.820381165
-0.590968192 0.030493550 0.806118190 357.333618164 0.076738283 0.996878743 0.018547555 -1.218021393 -0.803036630 0.072821148 -0.591463804 -99.398994446
-0.594295919 0.026343687 0.803814828 359.503387451 0.074035659 0.997011483 0.022062469 -1.197461605 -0.800831378 0.072622612 -0.594470382 -100.966423035
-0.597471476 0.024059558 0.801529109 361.649536133 0.071629487 0.997155309 0.023461983 -1.166052818 -0.798684537 0.071430989 -0.597495258 -102.546600342
-0.600428641 0.023267353 0.799339771 363.827423096 0.070291482 0.997243345 0.023771882 -1.125218391 -0.796583056 0.070460103 -0.600408912 -104.156547546
-0.603152812 0.023336576 0.797284186 365.972747803 0.069618247 0.997297466 0.023475863 -1.091531754 -0.794581652 0.069665067 -0.603147328 -105.752853394
-0.605855525 0.023111658 0.795238912 368.110015869 0.070122629 0.997238934 0.024440879 -1.060245514 -0.792478323 0.070571885 -0.605803370 -107.370872498
-0.608463645 0.022109210 0.793273807 370.242218018 0.069252893 0.997277617 0.025323976 -1.027485847 -0.790554225 0.070345215 -0.608338177 -108.986091614
-0.611119568 0.020775523 0.791265607 372.380310059 0.066446289 0.997473478 0.025128856 -0.996300697 -0.788744390 0.067933388 -0.610956073 -110.614097595
-0.614046395 0.016985863 0.789087176 374.520324707 0.056167506 0.998174071 0.022221379 -0.965281487 -0.787268877 0.057966024 -0.613879204 -112.243103027
-0.617555141 0.019587988 0.786283553 376.649475098 0.048639551 0.998727560 0.013321586 -0.948739529 -0.785022199 0.046471301 -0.617722034 -113.866355896
-0.620065033 0.029852608 0.783982217 378.751800537 0.058836296 0.998231232 0.008523820 -0.946501970 -0.782341123 0.051411934 -0.620724738 -115.515510559
-0.620742261 0.030771101 0.783410609 380.841949463 0.066300824 0.997710407 0.013345594 -0.949782848 -0.781206250 0.060224939 -0.621361196 -117.174850464
-0.622643292 0.021628767 0.782206833 382.957702637 0.065523073 0.997548401 0.024573760 -0.924043655 -0.779757738 0.066553280 -0.622534037 -118.849609375
-0.625469744 0.011014647 0.780170619 385.053894043 0.059361201 0.997674108 0.033504996 -0.875373840 -0.777986944 0.067268230 -0.624668896 -120.505531311
-0.629073024 0.004767052 0.777331591 387.163757324 0.053079549 0.997910678 0.036836050 -0.810515404 -0.775531888 0.064432979 -0.628011703 -122.163948059
-0.631535113 0.004270326 0.775335491 389.251800537 0.051679648 0.997992873 0.036598045 -0.741253853 -0.773623049 0.063182019 -0.630488276 -123.830772400
-0.634311259 0.009448061 0.773020029 391.336669922 0.057228345 0.997755647 0.034764592 -0.689999580 -0.770956635 0.066290230 -0.633428335 -125.518196106
-0.636094511 0.016230982 0.771440327 393.395446777 0.061999593 0.997621179 0.030132243 -0.631574631 -0.769116282 0.066995941 -0.635587633 -127.210746765
-0.638887703 0.019125707 0.769062221 395.490051270 0.062968187 0.997636676 0.027499853 -0.586450577 -0.766718686 0.065995768 -0.638582170 -128.922363281
-0.641551375 0.018906904 0.766847134 397.518280029 0.062990963 0.997618377 0.028102161 -0.548081398 -0.764489353 0.066333421 -0.641214311 -130.615264893
-0.644290805 0.018324001 0.764561117 399.569061279 0.063671939 0.997527361 0.029748509 -0.498660088 -0.762125373 0.067847773 -0.643864393 -132.324462891
-0.646499336 0.017636852 0.762710631 401.617279053 0.064097598 0.997453690 0.031266265 -0.443088531 -0.760217130 0.069101542 -0.645983636 -134.047393799
-0.648010910 0.017735386 0.761424482 403.665740967 0.064556979 0.997410059 0.031709209 -0.392567635 -0.758890152 0.069703177 -0.647477627 -135.774902344
-0.649577498 0.018138681 0.760078967 405.713684082 0.065088928 0.997371852 0.031824708 -0.337956429 -0.757504165 0.070145346 -0.649050951 -137.510192871
-0.650683761 0.018803917 0.759116113 407.755584717 0.065938838 0.997316301 0.031815790 -0.283225060 -0.756480455 0.070757240 -0.650177300 -139.255889893
-0.651862800 0.018327758 0.758115351 409.800628662 0.067095064 0.997181177 0.033584185 -0.223484993 -0.755362868 0.072758079 -0.651255071 -141.002227783
-0.652283669 0.017429020 0.757774532 411.832733154 0.068875521 0.996962547 0.036356855 -0.166180611 -0.754839182 0.075907104 -0.651502788 -142.767517090
-0.653151274 0.017153004 0.757033110 413.875701904 0.070518374 0.996776640 0.038256522 -0.099177361 -0.753936768 0.078372054 -0.652255476 -144.524719238
-0.654654145 0.017308297 0.755730271 415.900451660 0.068845905 0.996948183 0.036805168 -0.023947716 -0.752786994 0.076123595 -0.653847754 -146.265136719
-0.656162858 0.017368769 0.754419327 417.907470703 0.065039165 0.997316599 0.033607472 0.038028717 -0.751811147 0.071118787 -0.655531824 -147.990386963
-0.657335043 0.016867179 0.753409743 419.920379639 0.062214240 0.997551262 0.031947702 0.098107338 -0.751026034 0.067873150 -0.656774759 -149.725646973
-0.658640027 0.015863901 0.752291083 421.902191162 0.061296482 0.997586071 0.032629274 0.151401520 -0.749957383 0.067603730 -0.658022404 -151.444549561
-0.659573257 0.014652816 0.751497328 423.909301758 0.059325065 0.997705758 0.032614924 0.206366539 -0.749295294 0.066094570 -0.658929348 -153.190368652
-0.660424650 0.013569308 0.750769734 425.914886475 0.056382496 0.997910261 0.031561524 0.262997627 -0.748772562 0.063174278 -0.659809589 -154.937927246
-0.661179066 0.013140086 0.750113070 427.917968750 0.055762015 0.997941852 0.031669408 0.318422318 -0.748152971 0.062766977 -0.660550892 -156.688629150
-0.661632836 0.011553776 0.749738932 429.923400879 0.055964969 0.997853220 0.034010895 0.376074791 -0.747736454 0.064461850 -0.660859168 -158.434722900
-0.661747277 0.010649524 0.749651253 431.905426025 0.058641501 0.997571111 0.037593752 0.436508179 -0.747430086 0.068838239 -0.660764515 -160.166839600
-0.660854101 0.009511380 0.750454128 433.891510010 0.063382328 0.997054815 0.043178000 0.508813858 -0.747833252 0.076099887 -0.659510612 -161.915222168
-0.659403801 0.008772558 0.751737773 435.884948730 0.067046121 0.996633768 0.047180600 0.597061157 -0.748793304 0.081512168 -0.657772243 -163.660217285
-0.658149540 0.006199024 0.752861857 437.885711670 0.061116170 0.997105837 0.045217469 0.686450958 -0.750402570 0.075771876 -0.656623721 -165.379882812
-0.657367527 0.005516995 0.753549933 439.894714355 0.054021195 0.997745454 0.039821155 0.770133972 -0.751631320 0.066884801 -0.656183481 -167.109588623
-0.655734956 0.003350952 0.754983723 441.899963379 0.049138617 0.998059273 0.038249120 0.839565277 -0.753390372 0.062180135 -0.654627085 -168.825378418
-0.653362811 0.003323347 0.757037640 443.902374268 0.047610205 0.998191237 0.036708090 0.905420303 -0.755546391 0.060026411 -0.652339280 -170.528488159
-0.650686979 0.003922876 0.759335935 445.903076172 0.049372867 0.998089135 0.037152074 0.975521088 -0.757739246 0.061664965 -0.649637282 -172.236846924
-0.648085237 0.003866904 0.761558056 447.899475098 0.050012242 0.998044550 0.037492681 1.041639328 -0.759923875 0.062385678 -0.647011280 -173.916625977
-0.645693064 0.004600178 0.763583183 449.908264160 0.047557306 0.998282850 0.034200791 1.105624199 -0.762114644 0.058397181 -0.644803047 -175.607696533
-0.644369602 -0.000341980 0.764714062 451.923828125 0.040713686 0.998566389 0.034753051 1.162418365 -0.763629615 0.053528149 -0.643431783 -177.285858154
-0.643414915 -0.006590631 0.765489221 453.956115723 0.031858172 0.998866081 0.035377610 1.223844528 -0.764854431 0.047149573 -0.642475426 -178.965362549
-0.642956078 -0.009954057 0.765838385 455.979583740 0.024858605 0.999117494 0.033856053 1.280772209 -0.765499532 0.040805630 -0.642141223 -180.629943848
-0.642496347 -0.010633142 0.766214967 458.020812988 0.022768606 0.999197304 0.032958578 1.336408615 -0.765950382 0.038621411 -0.641738594 -182.304290771
-0.641365290 -0.010296084 0.767166615 459.994964600 0.025301836 0.999082267 0.034561403 1.396455765 -0.766818345 0.041577205 -0.640516162 -183.954833984
-0.640138924 -0.011478188 0.768173337 462.020416260 0.026784245 0.998947084 0.037246458 1.457319260 -0.767792165 0.044417851 -0.639157593 -185.620056152
-0.638506949 -0.013771935 0.769492805 464.012878418 0.025108837 0.998934805 0.038713075 1.527515411 -0.769206345 0.044039633 -0.637481093 -187.273284912
-0.637676597 -0.014064566 0.770175695 466.042114258 0.023053082 0.999036908 0.037331000 1.594448090 -0.769959033 0.041560024 -0.636738360 -188.932769775
-0.636862457 -0.013202750 0.770864367 468.061096191 0.021834793 0.999143422 0.035151705 1.659882545 -0.770668149 0.039218470 -0.636028707 -190.571624756
-0.635636628 -0.011627108 0.771900833 470.084564209 0.022702387 0.999172509 0.033745211 1.719495773 -0.771654487 0.038973678 -0.634846747 -192.235214233
-0.634543121 -0.011179270 0.772806585 472.109741211 0.024698323 0.999091446 0.034732182 1.774887085 -0.772492707 0.041126098 -0.633690476 -193.880920410
