1.000000000 0.000000000 0.000000000 0.000000000 0.000000000 1.000000000 0.000000000 0.000000000 0.000000000 0.000000000 1.000000000 0.000000000
0.999995768 -0.002514949 -0.001435282 -0.004271070 0.002519022 0.999992728 0.002842193 -0.014463559 0.001428125 -0.002845796 0.999994934 1.526365995
0.999990940 -0.003004946 -0.002984429 -0.007993359 0.003015802 0.999988854 0.003639783 -0.030679872 0.002973458 -0.003648750 0.999988914 3.048717499
0.999988854 -0.001931023 -0.004285296 -0.026925700 0.001945324 0.999992490 0.003335468 -0.044459250 0.004278821 -0.003343768 0.999985218 4.562629223
0.999982119 -0.001078361 -0.005878959 -0.041852411 0.001097545 0.999994040 0.003260897 -0.061819747 0.005875404 -0.003267292 0.999977410 6.073841095
0.999973118 -0.001312196 -0.007203968 -0.055417322 0.001337579 0.999992907 0.003519711 -0.076885402 0.007199294 -0.003529252 0.999967873 7.574972153
0.999956787 -0.001665744 -0.009139359 -0.078781635 0.001702948 0.999990404 0.004064423 -0.092345297 0.009132497 -0.004079812 0.999950051 9.069902420
0.999940276 -0.003301775 -0.010417276 -0.098980188 0.003334829 0.999989510 0.003157205 -0.109021649 0.010406742 -0.003191757 0.999940753 10.579777718
0.999919534 -0.004531912 -0.011852097 -0.124567576 0.004571652 0.999984086 0.003328038 -0.125164479 0.011836823 -0.003381953 0.999924183 12.071417809
0.999903619 -0.004440085 -0.013151007 -0.140632302 0.004484232 0.999984384 0.003329321 -0.139365062 0.013136015 -0.003387973 0.999907970 13.557079315
0.999889970 -0.004277728 -0.014195418 -0.171429247 0.004323537 0.999985456 0.003197767 -0.152089879 0.014181531 -0.003258790 0.999894142 15.043879509
0.999885201 -0.002498532 -0.014951356 -0.196114242 0.002557676 0.999988973 0.003937962 -0.169682831 0.014941353 -0.003975749 0.999880493 16.509466171
0.999879539 -0.001626128 -0.015433663 -0.229932949 0.001698332 0.999987662 0.004666375 -0.184526205 0.015425885 -0.004692024 0.999870002 17.982219696
0.999866366 -0.000457220 -0.016337346 -0.254508436 0.000548176 0.999984503 0.005563325 -0.201185897 0.016334549 -0.005571537 0.999851108 19.460189819
0.999860585 -0.000562168 -0.016685404 -0.287144244 0.000651783 0.999985397 0.005365883 -0.209729761 0.016682144 -0.005376010 0.999846399 20.924781799
0.999848247 0.000246635 -0.017416295 -0.308759898 -0.000153393 0.999985635 0.005354889 -0.217507139 0.017417362 -0.005351404 0.999834001 22.403299332
0.999847591 0.001022400 -0.017426429 -0.344221711 -0.000920898 0.999982536 0.005831626 -0.227752507 0.017432086 -0.005814688 0.999831200 23.855903625
0.999847531 0.001578606 -0.017384805 -0.367003798 -0.001453846 0.999973118 0.007186637 -0.243582010 0.017395681 -0.007160266 0.999823153 25.300376892
0.999846578 0.001947945 -0.017403334 -0.397703379 -0.001842695 0.999979854 0.006061671 -0.259193659 0.017414795 -0.006028672 0.999830186 26.735698700
0.999846220 0.002461007 -0.017355854 -0.434047878 -0.002394029 0.999989569 0.003878864 -0.267446011 0.017365219 -0.003836717 0.999841928 28.151990891
0.999856293 0.000562888 -0.016941831 -0.463204592 -0.000500422 0.999993026 0.003691115 -0.281027436 0.016943803 -0.003682109 0.999849617 29.597417831
0.999857366 -0.000414579 -0.016883019 -0.492248178 0.000523025 0.999979258 0.006419505 -0.296872079 0.016880011 -0.006427421 0.999836802 31.007593155
0.999862134 -0.001771716 -0.016502135 -0.521272480 0.001898816 0.999968588 0.007689558 -0.309340954 0.016487993 -0.007719833 0.999834299 32.440235138
0.999863803 -0.002449823 -0.016315557 -0.553382158 0.002563954 0.999972343 0.006977969 -0.319735795 0.016298013 -0.007018851 0.999842465 33.837352753
0.999873579 -0.002596368 -0.015684666 -0.582523227 0.002677599 0.999983072 0.005160255 -0.333722591 0.015671002 -0.005201600 0.999863625 35.214286804
0.999880493 -0.001367601 -0.015398916 -0.612117469 0.001435301 0.999989331 0.004386191 -0.346994221 0.015392754 -0.004407769 0.999871731 36.573162079
0.999893725 -0.001177550 -0.014531365 -0.637238503 0.001227735 0.999993324 0.003445082 -0.364330113 0.014527211 -0.003462556 0.999888539 37.926174164
0.999910116 -0.000742418 -0.013389424 -0.661592603 0.000804864 0.999988854 0.004659037 -0.382583201 0.013385815 -0.004669394 0.999899566 39.257106781
0.999930084 -0.000145073 -0.011815138 -0.687348306 0.000221996 0.999978781 0.006509526 -0.396483511 0.011813939 -0.006511694 0.999908924 40.591964722
0.999947250 -0.000841441 -0.010231673 -0.707168579 0.000920181 0.999969959 0.007693405 -0.413782328 0.010224888 -0.007702416 0.999918103 41.886268616
0.999969125 -0.000164614 -0.007852215 -0.716799498 0.000230327 0.999964893 0.008368606 -0.428518713 0.007850561 -0.008370155 0.999934196 43.180137634
0.999990225 -0.000447621 -0.004383264 -0.732859850 0.000482246 0.999968648 0.007901657 -0.441076875 0.004379589 -0.007903693 0.999959290 44.452667236
0.999998391 -0.001447552 -0.001026597 -0.738131464 0.001453985 0.999979138 0.006293764 -0.458219826 0.001017464 -0.006295245 0.999979734 45.697673798
0.999995649 -0.001198754 0.002681026 -0.746329606 0.001187387 0.999990284 0.004237434 -0.464864790 -0.002686081 -0.004234232 0.999987423 46.916175842
0.999978304 -0.000693652 0.006556123 -0.741234958 0.000660561 0.999987006 0.005048166 -0.481044680 -0.006559541 -0.005043725 0.999965727 48.129848480
0.999928832 -0.001113877 0.011876666 -0.735682249 0.001054727 0.999987066 0.004985497 -0.498593271 -0.011882066 -0.004972615 0.999916971 49.352161407
0.999823868 0.001003163 0.018730730 -0.723851442 -0.001072844 0.999992549 0.003710481 -0.505527616 -0.018726870 -0.003729922 0.999817789 50.546199799
0.999661803 0.002157263 0.025911342 -0.701330066 -0.002251752 0.999990940 0.003617967 -0.519028485 -0.025903307 -0.003675089 0.999657691 51.734088898
0.999407887 0.003280185 0.034250449 -0.660273075 -0.003441452 0.999983191 0.004650542 -0.530913591 -0.034234621 -0.004765659 0.999402404 52.936103821
0.998975277 0.005570343 0.044916030 -0.620535374 -0.005820954 0.999968231 0.005450699 -0.545225501 -0.044884235 -0.005706567 0.998975873 54.105640411
0.998316824 0.007730030 0.057478253 -0.563545704 -0.008046606 0.999953687 0.005278305 -0.557629943 -0.057434801 -0.005731925 0.998332798 55.242225647
0.997325659 0.009671037 0.072442874 -0.497087479 -0.010113628 0.999932289 0.005745158 -0.570553660 -0.072382405 -0.006462453 0.997355998 56.373485565
0.995988250 0.012188976 0.088648409 -0.409211159 -0.012871874 0.999891698 0.007135800 -0.584427834 -0.088551842 -0.008248243 0.996037364 57.492862701
0.994258463 0.012279399 0.106297687 -0.295902729 -0.013196856 0.999881446 0.007931889 -0.594622254 -0.106187686 -0.009289145 0.994302690 58.602127075
0.992029428 0.012095406 0.125424653 -0.169967651 -0.013110845 0.999887586 0.007273661 -0.607743382 -0.125322595 -0.008860107 0.992076635 59.690689087
0.989275873 0.011289170 0.145621508 -0.012649536 -0.012318322 0.999905169 0.006167506 -0.611012697 -0.145538062 -0.007895177 0.989321172 60.787208557
0.985996425 0.008315514 0.166558415 0.158840179 -0.009460928 0.999936759 0.006084690 -0.626926064 -0.166497305 -0.007575281 0.986012757 61.829986572
0.982160091 0.003189029 0.188019425 0.359900475 -0.004845220 0.999953449 0.008349673 -0.636203766 -0.187984049 -0.009111710 0.982129812 62.864646912
0.977397144 -0.002100928 0.211401060 0.579272270 0.000056891 0.999953210 0.009674621 -0.643987358 -0.211411536 -0.009443920 0.977351487 63.905117035
0.971957386 -0.007105618 0.235049546 0.830812454 0.005088504 0.999944866 0.009187068 -0.652746737 -0.235101864 -0.007733388 0.971940041 64.916503906
0.965489984 -0.013134341 0.260108739 1.104150772 0.011606161 0.999905109 0.007410220 -0.662841976 -0.260181487 -0.004135629 0.965550900 65.904838562
0.957945168 -0.016957154 0.286449671 1.400796890 0.015239983 0.999850035 0.008223235 -0.668569148 -0.286546141 -0.003511919 0.958060086 66.883026123
0.949358702 -0.019134371 0.313611120 1.716672897 0.016655030 0.999805331 0.010583322 -0.676661611 -0.313752532 -0.004824166 0.949492514 67.844886780
0.939683497 -0.023600597 0.341230065 2.061216354 0.020293389 0.999706209 0.013258788 -0.677864671 -0.341442674 -0.005534348 0.939886272 68.785873413
0.928752363 -0.026474176 0.369754106 2.429607391 0.023283888 0.999643266 0.013089141 -0.685765624 -0.369968683 -0.003547258 0.929037392 69.700920105
0.916662872 -0.025698580 0.398834109 2.817770004 0.023997182 0.999669194 0.009258868 -0.688478887 -0.398940116 0.001083631 0.916976333 70.596214294
0.903599083 -0.027231883 0.427512735 3.235294342 0.028200936 0.999593914 0.004066520 -0.697527766 -0.427450001 0.008381758 0.904000163 71.460685730
0.889409781 -0.029093174 0.456184238 3.678779602 0.031826835 0.999491930 0.001690766 -0.705025315 -0.456001669 0.013015120 0.889883757 72.311614990
0.873758793 -0.029828757 0.485443830 4.147827148 0.031283207 0.999497592 0.005108303 -0.714703321 -0.485352248 0.010722814 0.874252915 73.152580261
0.856032550 -0.028769925 0.516120613 4.640323639 0.027141025 0.999574423 0.010703076 -0.722103715 -0.516208768 0.004845863 0.856449008 73.974899292
0.836367249 -0.028981972 0.547402740 5.160989761 0.025178727 0.999578595 0.014452046 -0.727870226 -0.547590911 0.001695685 0.836744487 74.780807495
0.815215826 -0.022787284 0.578708768 5.697563171 0.021068206 0.999731123 0.009687121 -0.731007576 -0.578773975 0.004295260 0.815476775 75.548492432
0.793269694 -0.015942529 0.608661532 6.264034271 0.018140366 0.999832213 0.002545993 -0.735719144 -0.608600199 0.009021683 0.793425798 76.292213440
0.770788670 -0.013579260 0.636946023 6.855926514 0.017360967 0.999849200 0.000307053 -0.737191081 -0.636854291 0.010821327 0.770908356 77.023681641
0.747343838 -0.016069395 0.664243042 7.479129791 0.018447103 0.999823928 0.003432838 -0.744909644 -0.664181232 0.009687851 0.747508764 77.721427917
0.723085046 -0.016668741 0.690557957 8.120933533 0.018941924 0.999811292 0.004299391 -0.760218740 -0.690499365 0.009971671 0.723264277 78.384887695
0.697492123 -0.014502424 0.716445684 8.775966644 0.019424293 0.999810398 0.001327920 -0.768404961 -0.716329098 0.012990234 0.697641671 79.038085938
0.671403050 -0.012233352 0.740991473 9.450531006 0.019287044 0.999813497 -0.000969386 -0.777172327 -0.740841329 0.014942383 0.671513796 79.637863159
0.644236445 -0.009735866 0.764764309 10.149211884 0.017528474 0.999844253 -0.002037399 -0.784922242 -0.764625371 0.014717720 0.644306898 80.232849121
0.616223395 -0.008244412 0.787528157 10.867214203 0.017346282 0.999844730 -0.003105987 -0.799366832 -0.787380278 0.015574669 0.616270840 80.790847778
0.586993694 -0.001907023 0.809589207 11.605968475 0.016035356 0.999828398 -0.009271315 -0.816986680 -0.809432685 0.018424254 0.586923540 81.353881836
0.557005525 0.007486345 0.830474973 12.365299225 0.014745111 0.999712586 -0.018901594 -0.832185447 -0.830377877 0.022773735 0.556735218 81.863723755
0.526237667 0.015825562 0.850190401 13.142028809 0.013632459 0.999541163 -0.027043611 -0.855435848 -0.850228310 0.025821544 0.525780439 82.344734192
0.494141042 0.020791480 0.869132996 13.946144104 0.010916272 0.999486744 -0.030116202 -0.884969532 -0.869313180 0.024369352 0.493660569 82.817924500
0.461698502 0.020052027 0.886810124 14.775398254 0.009253823 0.999581218 -0.027419737 -0.917592704 -0.886988640 0.020866042 0.461319685 83.249855042
0.428366631 0.019135036 0.903402328 15.626487732 0.004659543 0.999715626 -0.023384480 -0.944291651 -0.903593004 0.014226569 0.428155690 83.666229248
0.393970639 0.020238224 0.918900132 16.485481262 0.000291239 0.999754786 -0.022143867 -0.976953447 -0.919122934 0.008991651 0.393868089 84.041023254
0.358652204 0.023319099 0.933179915 17.363750458 -0.006759885 0.999726653 -0.022383969 -1.004441619 -0.933446765 0.001719872 0.358711779 84.401054382
0.323192030 0.025141219 0.945999444 18.264942169 -0.011729909 0.999676704 -0.022560351 -1.034817100 -0.946260631 -0.003805161 0.323382497 84.707771301
0.286474586 0.024640435 0.957770944 19.180444717 -0.014347505 0.999667466 -0.021426884 -1.060560226 -0.957980573 -0.007603364 0.286732763 85.011787415
0.250229299 0.024084788 0.967886984 20.111400604 -0.015039966 0.999666631 -0.020987282 -1.090387821 -0.968069851 -0.009305355 0.250508010 85.254425049
0.214511752 0.023819219 0.976430893 21.054609299 -0.014398202 0.999671161 -0.021223005 -1.115166903 -0.976615250 -0.009506267 0.214784086 85.456069946
0.178783357 0.022587262 0.983629107 22.020931244 -0.012679053 0.999706328 -0.020651909 -1.142017961 -0.983806729 -0.008779266 0.179017246 85.640678406
0.144620806 0.021619380 0.989250898 22.988180161 -0.004239450 0.999765575 -0.021229394 -1.169773698 -0.989478052 -0.001123668 0.144678578 85.764015198
0.110581689 0.024821540 0.993556976 23.942420959 -0.002187278 0.999691725 -0.024731357 -1.205164433 -0.993864655 0.000561649 0.110601895 85.869064331
0.077849582 0.029889800 0.996517003 24.931999207 -0.001204735 0.999552548 -0.029886739 -1.237083673 -0.996964395 0.001126133 0.077850759 85.951019287
0.048763603 0.033871308 0.998235822 25.904966354 0.005687796 0.999399245 -0.034188632 -1.270299315 -0.998794198 0.007344924 0.048541643 85.988555908
0.023475692 0.032352589 0.999200761 26.890312195 0.007570453 0.999441743 -0.032538261 -1.304667473 -0.999695718 0.008328262 0.023217667 86.005455017
0.000848007 0.029111797 0.999575794 27.907775879 0.008939959 0.999535978 -0.029118223 -1.344768524 -0.999959588 0.008960859 0.000587353 86.013595581
-0.018205309 0.026666658 0.999478579 28.897649765 0.008934246 0.999608696 -0.026507393 -1.379939556 -0.999794304 0.008447014 -0.018436428 85.997230530
-0.034524169 0.029821884 0.998958826 29.899063110 0.011144802 0.999504089 -0.029452996 -1.418199539 -0.999341607 0.010116358 -0.034839403 85.960151672
-0.048860468 0.034210604 0.998219550 30.898015976 0.013955075 0.999339163 -0.033565905 -1.451258779 -0.998708069 0.012290183 -0.049305595 85.902366638
-0.060909789 0.039403241 0.997365177 31.895624161 0.018150592 0.999098957 -0.038363278 -1.492703915 -0.997978210 0.015766073 -0.061570097 85.839920044
-0.069566511 0.043012939 0.996649504 32.893310547 0.023400981 0.998865485 -0.041475181 -1.536485076 -0.997302890 0.020437298 -0.070494115 85.761230469
-0.075575076 0.048080370 0.995980263 33.889011383 0.027385304 0.998560131 -0.046126917 -1.589738846 -0.996764064 0.023789169 -0.076782942 85.679183960
-0.079234228 0.052701458 0.995461881 34.887878418 0.029370043 0.998291314 -0.050513539 -1.645217061 -0.996423364 0.025234355 -0.080646709 85.600097656
-0.082178585 0.056974649 0.994987726 35.892852783 0.030847237 0.998031676 -0.054601200 -1.700707436 -0.996140122 0.026205570 -0.083774358 85.512786865
-0.084645413 0.059749670 0.994618118 36.893608093 0.031389028 0.997864962 -0.057273410 -1.764047980 -0.995916545 0.026372161 -0.086340189 85.425407410
-0.086983651 0.063579395 0.994178891 37.918395996 0.032557212 0.997609675 -0.060950294 -1.825297356 -0.995677590 0.027066013 -0.088845707 85.327926636
-0.088854298 0.067367665 0.993763804 38.923515320 0.034030210 0.997332931 -0.064566925 -1.892910957 -0.995463133 0.028080940 -0.090909868 85.231117249
-0.090859786 0.068678506 0.993492663 39.938426971 0.036734607 0.997171342 -0.065573253 -1.966726542 -0.995185971 0.030537592 -0.093125656 85.131340027
-0.093005843 0.067210823 0.993394434 40.954940796 0.036977496 0.997264028 -0.064010642 -2.039535522 -0.994978726 0.030779878 -0.095236644 85.035835266
-0.095338635 0.067031428 0.993185401 41.979087830 0.036260940 0.997301996 -0.063828461 -2.112745047 -0.994784236 0.029928520 -0.097512007 84.941047668
-0.097798981 0.068300091 0.992859721 42.998821259 0.036077064 0.997229993 -0.065047055 -2.182399035 -0.994551957 0.029457929 -0.099992141 84.847244263
-0.100023888 0.070582889 0.992478311 44.035034180 0.035575416 0.997096658 -0.067325987 -2.258412600 -0.994348764 0.028573621 -0.102244504 84.737922668
-0.102588221 0.072608076 0.992070377 45.063846588 0.033942934 0.997007191 -0.069459409 -2.339209318 -0.994144619 0.026548056 -0.104745723 84.630424500
-0.105087481 0.076247126 0.991535544 46.100654602 0.031289045 0.996816397 -0.073337048 -2.414792538 -0.993970633 0.023317400 -0.107138611 84.524009705
-0.107358232 0.080509335 0.990955234 47.142456055 0.027586024 0.996573448 -0.077977180 -2.493121147 -0.993837595 0.018965026 -0.109211311 84.418411255
-0.110174440 0.083000228 0.990440547 48.188743591 0.025291547 0.996418536 -0.080687806 -2.577028990 -0.993590415 0.016160037 -0.111879073 84.304771423
-0.113131285 0.081489965 0.990232587 49.236709595 0.023342239 0.996573865 -0.079345033 -2.664216518 -0.993305802 0.014137837 -0.114645854 84.189308167
-0.116125859 0.077379718 0.990215659 50.293136597 0.019958641 0.996941209 -0.075564675 -2.747776031 -0.993033946 0.010988344 -0.117315032 84.073051453
-0.118099362 0.075700685 0.990112066 51.352413177 0.021079870 0.997056425 -0.073717237 -2.836631536 -0.992778063 0.012165476 -0.119347483 83.942543030
-0.120379351 0.076216087 0.989797890 52.401336670 0.020299986 0.997029006 -0.074304000 -2.921664238 -0.992520392 0.011148218 -0.121568866 83.824386597
-0.121525370 0.079147778 0.989427686 53.464782715 0.021108804 0.996796429 -0.077144571 -3.002678394 -0.992363870 0.011510612 -0.122806787 83.695106506
-0.122076221 0.082122877 0.989117444 54.531955719 0.021680981 0.996553898 -0.080064453 -3.086373329 -0.992283940 0.011671067 -0.123436011 83.561233521
-0.122253910 0.082274534 0.989082873 55.601497650 0.020766221 0.996552169 -0.080329075 -3.183852673 -0.992281556 0.010718969 -0.123540930 83.425041199
-0.122206509 0.081207506 0.989176810 56.669952393 0.017952973 0.996664882 -0.079604268 -3.274682522 -0.992342293 0.008030501 -0.123256862 83.299545288
-0.122592196 0.080448098 0.989191175 57.730072021 0.014000681 0.996750236 -0.079327732 -3.368382692 -0.992358327 0.004124389 -0.123320140 83.185668945
-0.122502722 0.081816427 0.989089906 58.806118011 0.010154944 0.996647358 -0.081183843 -3.455528259 -0.992416203 0.000098913 -0.122922845 83.054130554
-0.122782826 0.082021058 0.989038408 59.877941132 0.005796354 0.996621311 -0.081930332 -3.547278404 -0.992416680 -0.004326819 -0.122843377 82.931556702
-0.123071402 0.080985248 0.989087820 60.962909698 0.002676559 0.996688247 -0.081274517 -3.647328854 -0.992394209 -0.007355216 -0.122880578 82.800231934
-0.123055540 0.076232523 0.989467502 62.071056366 0.003162874 0.997070312 -0.076424919 -3.734440565 -0.992394745 -0.006274949 -0.122936152 82.664405823
-0.123423614 0.067602888 0.990048707 63.164562225 0.006267004 0.997710049 -0.067344755 -3.820464373 -0.992334306 -0.002107295 -0.123564675 82.533378601
-0.123315282 0.062235873 0.990414023 64.262046814 0.012240404 0.998050928 -0.061191738 -3.905010223 -0.992292047 0.004577191 -0.123836741 82.396430969
-0.122243531 0.064761549 0.990384936 65.371269226 0.020694841 0.997818232 -0.062693231 -3.977612495 -0.992284358 0.012832020 -0.123317078 82.240333557
-0.121067949 0.070329428 0.990149558 66.458923340 0.026140556 0.997366846 -0.067645803 -4.052211761 -0.992299974 0.017693324 -0.122587629 82.102920532
-0.120534100 0.076201774 0.989780128 67.560203552 0.029995373 0.996873796 -0.073095113 -4.132939339 -0.992255986 0.020878371 -0.122442998 81.968269348
-0.119901210 0.080263831 0.989535868 68.661865234 0.030342940 0.996557117 -0.077156708 -4.222640991 -0.992322087 0.020774245 -0.121923842 81.838211060
-0.119377911 0.077927828 0.989785850 69.778907776 0.026952010 0.996801853 -0.075229540 -4.304402351 -0.992483020 0.017695971 -0.121096440 81.708419800
-0.119482771 0.073395044 0.990119696 70.879684448 0.026742946 0.997139871 -0.070688233 -4.394615173 -0.992476106 0.018032692 -0.121103846 81.588592529
-0.118972830 0.071190678 0.990342021 72.043395996 0.024578864 0.997331738 -0.068740420 -4.481212616 -0.992593408 0.016163234 -0.120405152 81.436088562
-0.118981086 0.071956478 0.990285754 73.169738770 0.022647250 0.997307658 -0.069745690 -4.562997341 -0.992638290 0.014128821 -0.120290376 81.308517456
-0.119060874 0.077051029 0.989892781 74.289657593 0.024302000 0.996911883 -0.074674428 -4.656662941 -0.992589593 0.015165567 -0.120565675 81.187118530
-0.117371000 0.079539038 0.989897668 75.443534851 0.024009731 0.996723354 -0.077240683 -4.741901398 -0.992797971 0.014701361 -0.118896127 81.021354675
-0.116458744 0.078357652 0.990099609 76.592475891 0.024085207 0.996812701 -0.076055966 -4.830743790 -0.992903471 0.014989377 -0.117974810 80.881523132
-0.116448924 0.071526863 0.990617752 77.739433289 0.025341121 0.997292697 -0.069029942 -4.924959660 -0.992873371 0.017064903 -0.117946230 80.751640320
-0.116932191 0.069922335 0.990675390 78.902450562 0.024524223 0.997417510 -0.067503542 -5.011469841 -0.992837071 0.016402209 -0.118345007 80.616020203
-0.117188804 0.072767265 0.990440130 80.046386719 0.021576518 0.997263134 -0.070715629 -5.097957611 -0.992875218 0.013083175 -0.118438147 80.504608154
-0.116578057 0.076256797 0.990249693 81.211662292 0.021634564 0.997006357 -0.074230172 -5.178052902 -0.992945910 0.012770009 -0.117878832 80.360527039
-0.116785109 0.075771451 0.990262508 82.381126404 0.020594841 0.997055829 -0.073862426 -5.268040657 -0.992943645 0.011768269 -0.118001752 80.230979919
-0.116056681 0.072312035 0.990606725 83.562103271 0.020709414 0.997305632 -0.070374779 -5.359155655 -0.993026674 0.012347423 -0.117241509 80.088287354
-0.115218453 0.071169674 0.990787327 84.757438660 0.019887887 0.997395396 -0.069331594 -5.450118065 -0.993140996 0.011716391 -0.116333768 79.948448181
-0.114322722 0.071539328 0.990864515 85.943618774 0.021242576 0.997351825 -0.069556788 -5.539935112 -0.993216515 0.013096593 -0.115539648 79.818466187
-0.113146737 0.071759246 0.990983546 87.132797241 0.023951761 0.997295678 -0.069481589 -5.631131172 -0.993289590 0.015874185 -0.114559516 79.677787781
-0.112305559 0.071371049 0.991107166 88.330261230 0.023377486 0.997330904 -0.069170244 -5.713943005 -0.993398726 0.015401387 -0.113674290 79.543296814
-0.111072920 0.072163217 0.991188824 89.530281067 0.024512246 0.997255743 -0.069858082 -5.802159786 -0.993509948 0.016536919 -0.112536997 79.409934998
-0.109850302 0.070356295 0.991454899 90.718177795 0.023742395 0.997392714 -0.068147071 -5.893583775 -0.993664503 0.016053533 -0.111234337 79.282341003
-0.108555079 0.069156699 0.991681993 91.943603516 0.022880014 0.997486770 -0.067056939 -5.985571384 -0.993827105 0.015410326 -0.109864563 79.140563965
-0.107020237 0.068687893 0.991881311 93.156761169 0.024006996 0.997498572 -0.066486612 -6.070320129 -0.993966937 0.016696680 -0.108401515 79.011611938
-0.105036363 0.069372706 0.992045760 94.383499146 0.021990888 0.997482061 -0.067424484 -6.162512779 -0.994225204 0.014733943 -0.106297433 78.880676270
-0.104336694 0.072080612 0.991926491 95.615745544 0.021851050 0.997295439 -0.070172362 -6.249217510 -0.994301915 0.014353084 -0.105629563 78.761230469
-0.103334039 0.070588998 0.992138743 96.836624146 0.019401260 0.997431755 -0.068944901 -6.339178085 -0.994457424 0.012124387 -0.104438178 78.641464233
-0.102857873 0.069427602 0.992270231 98.080200195 0.016093627 0.997546732 -0.068128549 -6.434807777 -0.994565904 0.008961672 -0.103722885 78.520858765
-0.102902427 0.070655532 0.992178857 99.318626404 0.013302205 0.997482479 -0.069653630 -6.521515846 -0.994602561 0.006030642 -0.103583224 78.399269104
-0.102795124 0.070015348 0.992235363 100.540611267 0.010433028 0.997540653 -0.069308847 -6.612398624 -0.994647861 0.003227408 -0.103272796 78.269851685
-0.103780195 0.067069560 0.992336333 101.785873413 0.007597572 0.997748137 -0.066640757 -6.707946777 -0.994571269 0.000623357 -0.104056068 78.143417358
-0.105120398 0.065975428 0.992268562 103.044654846 0.005532298 0.997820318 -0.065758482 -6.796267033 -0.994444132 -0.001423029 -0.105256245 78.019790649
-0.106979296 0.065454796 0.992104292 104.304512024 0.003292282 0.997848511 -0.065478764 -6.882888317 -0.994255900 -0.003738585 -0.106964633 77.899688721
-0.108246632 0.065118045 0.991989195 105.555755615 0.003487241 0.997871161 -0.065123647 -6.982243538 -0.994117975 -0.003590109 -0.108243287 77.761619568
-0.110565297 0.063839585 0.991816461 106.813461304 0.003058055 0.997952044 -0.063893594 -7.069595814 -0.993864119 -0.004031386 -0.110534102 77.626922607
-0.113939159 0.058960505 0.991736591 108.083084106 -0.000235001 0.998235881 -0.059373893 -7.157666683 -0.993487716 -0.006998070 -0.113724291 77.496383667
-0.118474208 0.058889113 0.991209328 109.339782715 -0.001206212 0.998230517 -0.059450425 -7.240574360 -0.992956340 -0.008238951 -0.118193552 77.354934692
-0.123779774 0.064987093 0.990179360 110.577758789 -0.005461680 0.997793436 -0.066169575 -7.324602127 -0.992294669 -0.013598498 -0.123151705 77.206588745
-0.131211817 0.068110764 0.989011824 111.799194336 -0.004777719 0.997582078 -0.069334842 -7.412252903 -0.991342843 -0.013822771 -0.130569130 77.057929993
-0.139596447 0.064121604 0.988130093 113.062126160 -0.002839203 0.997871161 -0.065154806 -7.506231785 -0.990204394 -0.011900885 -0.139117256 76.875656128
-0.150496453 0.062212162 0.986651123 114.288261414 -0.000655789 0.998011529 -0.063028522 -7.595424175 -0.988610387 -0.010132602 -0.150156409 76.693649292
-0.163504198 0.062912464 0.984534621 115.519081116 -0.000332727 0.997960985 -0.063825674 -7.687041283 -0.986542583 -0.010763346 -0.163149878 76.497383118
-0.177582234 0.063154563 0.982077539 116.734725952 0.001820457 0.997958183 -0.063846625 -7.775588989 -0.984104216 -0.009550196 -0.177334607 76.281646729
-0.192074239 0.060951538 0.979485810 117.953720093 0.001753473 0.998089194 -0.061765343 -7.866228104 -0.981378853 -0.010146027 -0.191814080 76.053504944
-0.207159713 0.063430056 0.976248682 119.154632568 0.006108680 0.997960389 -0.063544467 -7.956817627 -0.978288114 -0.007200263 -0.207124650 75.796173096
-0.222719207 0.066892356 0.972584963 120.330451965 0.005892189 0.997717321 -0.067271627 -8.044731140 -0.974864721 -0.009252030 -0.222604990 75.538749695
-0.237971693 0.070826687 0.968686223 121.498672485 0.005496097 0.997419894 -0.071577393 -8.133871078 -0.971256495 -0.011709399 -0.237747028 75.258689880
-0.253543496 0.068538718 0.964892805 122.673385620 0.002319852 0.997526944 -0.070247218 -8.234600067 -0.967321217 -0.015572317 -0.253075480 74.954772949
-0.270024836 0.062987596 0.960790873 123.834075928 -0.003225143 0.997793198 -0.066319808 -8.325157166 -0.962848008 -0.021006685 -0.269225806 74.653182983
-0.285685569 0.058820475 0.956516504 125.021224976 -0.007336585 0.997951150 -0.063559704 -8.414577484 -0.958295286 -0.025175659 -0.284668624 74.320220947
-0.301065266 0.060071476 0.951709449 126.168731689 -0.009246806 0.997783184 -0.065904759 -8.503210068 -0.953558624 -0.028641913 -0.299842417 73.974914551
-0.315007955 0.062366210 0.947037637 127.323120117 -0.009143068 0.997592986 -0.068736672 -8.590036392 -0.949045002 -0.030311428 -0.313679427 73.595932007
-0.329117507 0.064541429 0.942080677 128.459747314 -0.007758251 0.997443080 -0.071044616 -8.682518959 -0.944257140 -0.030690929 -0.327775240 73.212020874
-0.343201190 0.064189039 0.937065899 129.598083496 -0.005621645 0.997503817 -0.070387952 -8.783765793 -0.939245105 -0.029425090 -0.341983706 72.802124023
-0.357229680 0.062008470 0.931955934 130.719482422 -0.005954435 0.997622311 -0.068660043 -8.879963875 -0.933997631 -0.030076677 -0.356011093 72.385269165
-0.371637464 0.060637299 0.926395476 131.850631714 -0.006166635 0.997681618 -0.067777157 -8.977388382 -0.928357482 -0.030901270 -0.370401859 71.936203003
-0.386422485 0.062022418 0.920234084 132.948562622 -0.007583287 0.997489095 -0.070413642 -9.070613861 -0.922290742 -0.034187805 -0.384981871 71.488578796
-0.401565969 0.064361118 0.913565695 134.030578613 -0.006491598 0.997302473 -0.073113859 -9.161426544 -0.915807128 -0.035290532 -0.400064975 71.030998230
-0.415969312 0.065660909 0.907004952 135.133193970 -0.005521479 0.997189105 -0.074721895 -9.262690544 -0.909361899 -0.036090013 -0.414437562 70.528182983
-0.430216402 0.068600953 0.900115371 136.214187622 -0.002199465 0.997025728 -0.077038094 -9.360066414 -0.902723074 -0.035122823 -0.428785920 70.011077881
-0.445444465 0.071261175 0.892469049 137.296844482 -0.003205206 0.996694088 -0.081183016 -9.465557098 -0.895303845 -0.039023079 -0.443743467 69.494766235
-0.460258365 0.073620185 0.884727180 138.361114502 -0.002080242 0.996463656 -0.084000207 -9.565750122 -0.887782633 -0.040502254 -0.458477587 68.944595337
-0.475815356 0.070684686 0.876700222 139.435455322 -0.003626100 0.996599376 -0.082319655 -9.673875809 -0.879537642 -0.042347949 -0.473941058 68.384803772
-0.492036074 0.066274859 0.868048370 140.507339478 -0.006355471 0.996798098 -0.079707272 -9.778358459 -0.870551527 -0.044735704 -0.490039408 67.797599792
-0.508133948 0.066150911 0.858733952 141.578094482 -0.007093448 0.996690810 -0.080975547 -9.886437416 -0.861248791 -0.047237817 -0.505983233 67.185745239
-0.523975968 0.065373242 0.849220514 142.626922607 -0.008275130 0.996612251 -0.081825316 -9.987152100 -0.851692796 -0.049901914 -0.521659970 66.555572510
-0.539870143 0.064527392 0.839271367 143.674804688 -0.008857606 0.996566594 -0.082318805 -10.086331367 -0.841701686 -0.051875394 -0.537445068 65.894813538
-0.555478752 0.063817836 0.829078138 144.702056885 -0.010154877 0.996455550 -0.083505355 -10.196740150 -0.831468642 -0.054804638 -0.552861869 65.221549988
-0.570773780 0.063412875 0.818655014 145.737411499 -0.010089931 0.996396542 -0.084215499 -10.306194305 -0.821045339 -0.056328166 -0.568077207 64.515762329
-0.586219847 0.060868911 0.807862163 146.751922607 -0.010346230 0.996529877 -0.082591876 -10.411996841 -0.810085952 -0.056775324 -0.583555818 63.798488617
-0.600907445 0.057312734 0.797261238 147.770523071 -0.010421313 0.996779621 -0.079510212 -10.518383980 -0.799250662 -0.056086794 -0.598375022 63.040508270
-0.615876496 0.055562999 0.785880864 148.765151978 -0.009556512 0.996909738 -0.077972285 -10.626415253 -0.787784636 -0.055531584 -0.613442361 62.275238037
-0.630456805 0.054245070 0.774326622 149.743774414 -0.010105053 0.996897042 -0.078064673 -10.728927612 -0.776158512 -0.057041015 -0.627952456 61.493045807
-0.645181537 0.055359133 0.762021065 150.708587646 -0.011005492 0.996594608 -0.081718415 -10.838224411 -0.763950050 -0.061109640 -0.642375231 60.693458557
-0.660467684 0.054705475 0.748858809 151.663101196 -0.013193808 0.996342838 -0.084421098 -10.944574356 -0.750738442 -0.065637723 -0.657330513 59.877067566
-0.676471412 0.051389292 0.734673679 152.612976074 -0.015020262 0.996392369 -0.083526440 -11.057569504 -0.736315668 -0.067538239 -0.673259139 59.039756775
-0.692657232 0.043811359 0.719935000 153.540863037 -0.018480480 0.996747732 -0.078436956 -11.169295311 -0.721030116 -0.067634664 -0.689594805 58.174133301
-0.709600449 0.041295733 0.703393161 154.457244873 -0.019489333 0.996748745 -0.078179769 -11.276055336 -0.704334736 -0.069185056 -0.706488490 57.278862000
-0.726916552 0.038603079 0.685639918 155.350067139 -0.021110404 0.996690869 -0.078497216 -11.382057190 -0.686401188 -0.071535073 -0.723696113 56.364116669
-0.744394839 0.034720190 0.666836441 156.227142334 -0.024361290 0.996570408 -0.079083160 -11.488012314 -0.667295158 -0.075114094 -0.740995944 55.423152924
-0.760976017 0.032673594 0.647956610 157.082565308 -0.024008851 0.996628761 -0.078452162 -11.600786209 -0.648335576 -0.075256914 -0.757626116 54.454158783
-0.776880682 0.034888551 0.628680348 157.903869629 -0.021711441 0.996385694 -0.082123831 -11.707883835 -0.629273355 -0.077449992 -0.773315310 53.458179474
-0.791865349 0.035111867 0.609685481 158.700134277 -0.017463442 0.996635616 -0.080078058 -11.820293427 -0.610445976 -0.074058257 -0.788588107 52.436466217
-0.806726933 0.035437509 0.589860737 159.493072510 -0.014274666 0.996740222 -0.079404734 -11.944280624 -0.590751886 -0.072478011 -0.803591371 51.410015106
-0.821162164 0.036720082 0.569512308 160.240142822 -0.012427270 0.996540666 -0.082171813 -12.056155205 -0.570559621 -0.074553870 -0.817865193 50.362087250
-0.834841430 0.037893724 0.549184620 160.965103149 -0.011728446 0.996177197 -0.086565144 -12.175275803 -0.550365388 -0.078709275 -0.831205606 49.292926788
-0.847939014 0.038189847 0.528716326 161.664840698 -0.008948918 0.996228099 -0.086310819 -12.295772552 -0.530018270 -0.077917755 -0.844398916 48.205562592
-0.859353065 0.036254562 0.510096014 162.333023071 -0.007810393 0.996436954 -0.083978832 -12.416315079 -0.511323094 -0.076151527 -0.856007934 47.089138031
-0.869814932 0.038010884 0.491911769 162.975616455 -0.004892658 0.996314228 -0.085638344 -12.534036636 -0.493353933 -0.076896250 -0.866423130 45.971508026
-0.879167020 0.040900614 0.474755019 163.587127686 -0.002048761 0.995975912 -0.089598291 -12.647425652 -0.476509154 -0.079744533 -0.875545442 44.849567413
-0.888175666 0.038412634 0.457895398 164.187316895 -0.003865436 0.995839953 -0.091038316 -12.771260262 -0.459487587 -0.082627982 -0.884332418 43.719772339
-0.896420300 0.035757396 0.441760004 164.772888184 -0.004804518 0.995897532 -0.090360299 -12.897000313 -0.443178743 -0.083123274 -0.892571092 42.573383331
-0.903578401 0.033587396 0.427104026 165.334716797 -0.005813644 0.995869100 -0.090614326 -13.022948265 -0.428383172 -0.084360182 -0.899650574 41.419311523
-0.910085142 0.031617120 0.413213760 165.874465942 -0.006265254 0.995921850 -0.090002090 -13.151093483 -0.414374262 -0.084498450 -0.906175494 40.246307373
-0.916417062 0.029038716 0.399169654 166.398239136 -0.007263018 0.995993435 -0.089130819 -13.276556015 -0.400158644 -0.084580176 -0.912534535 39.086494446
-0.921863019 0.024229979 0.386757404 166.916885376 -0.009713420 0.996284962 -0.085568905 -13.403596878 -0.387393981 -0.082639545 -0.918202937 37.856815338
-0.926988363 0.021027189 0.374500096 167.415603638 -0.010708114 0.996537030 -0.082458362 -13.519325256 -0.374937087 -0.080448136 -0.923552990 36.673030853
-0.931455910 0.021366166 0.363226235 167.912765503 -0.008056350 0.996818602 -0.079295829 -13.632260323 -0.363764942 -0.076786853 -0.928320467 35.457618713
-0.934621811 0.025265317 0.354744554 168.371368408 -0.003852130 0.996695697 -0.081134774 -13.743522644 -0.355622321 -0.077196866 -0.931436181 34.260398865
-0.936835408 0.030334484 0.348452479 168.825912476 0.001526445 0.996577144 -0.082652956 -13.858570099 -0.349766999 -0.076900326 -0.933675170 33.037590027
-0.938719451 0.033507094 0.343049437 169.267639160 0.004439845 0.996356606 -0.085169204 -13.972865105 -0.344653338 -0.078426912 -0.935448170 31.837678909
-0.940698445 0.030780222 0.337844431 169.723052979 0.002561110 0.996491313 -0.083656825 -14.094990730 -0.339234024 -0.077830598 -0.937476695 30.621850967
-0.942475796 0.023389991 0.333454967 170.164886475 -0.003488510 0.996806443 -0.079780273 -14.212969780 -0.334256083 -0.076354265 -0.939384341 29.413047791
-0.944339097 0.017206289 0.328523338 170.614089966 -0.009150738 0.996870935 -0.078514509 -14.316373825 -0.328846306 -0.077150553 -0.941226840 28.186342239
-0.945998251 0.010579485 0.323999077 171.048248291 -0.016238887 0.996665955 -0.079957552 -14.425596237 -0.323764712 -0.080901094 -0.942672491 26.977994919
-0.947256446 0.008273149 0.320369750 171.480041504 -0.019168824 0.996414185 -0.082408734 -14.540515900 -0.319902807 -0.084203333 -0.943701148 25.750167847
-0.948050439 0.008208513 0.318014234 171.897491455 -0.019705409 0.996232092 -0.084459431 -14.657409668 -0.317509264 -0.086338408 -0.944316387 24.542421341
-0.948315918 0.008751569 0.317206889 172.314559937 -0.019821234 0.996034026 -0.086737238 -14.774292946 -0.316707969 -0.088541746 -0.944381535 23.326950073
-0.948255181 0.011403411 0.317304105 172.724899292 -0.017483318 0.995963395 -0.088041790 -14.897999763 -0.317027301 -0.089033619 -0.944228172 22.122676849
-0.947812676 0.012360657 0.318587899 173.138381958 -0.017389325 0.995756686 -0.090367600 -15.013836861 -0.318352997 -0.091191582 -0.943575859 20.904251099
-0.947444141 0.013590478 0.319632441 173.555175781 -0.016723206 0.995627463 -0.091903560 -15.142681122 -0.319483787 -0.092418760 -0.943074226 19.691631317
-0.946585476 0.015350523 0.322087348 173.973770142 -0.015104394 0.995658934 -0.091843061 -15.263727188 -0.322099000 -0.091802239 -0.942244411 18.460540771
-0.945800185 0.014683991 0.324416757 174.394485474 -0.016112540 0.995625079 -0.092038989 -15.392830849 -0.324348956 -0.092277668 -0.941425741 17.254219055
-0.944537878 0.013694157 0.328116596 174.820114136 -0.017551159 0.995597243 -0.092075817 -15.516949654 -0.327932894 -0.092727922 -0.940139115 16.063243866
-0.943078876 0.012352857 0.332339674 175.254898071 -0.018381981 0.995846033 -0.089177437 -15.647390366 -0.332060784 -0.090210423 -0.938934386 14.875370026
-0.940959573 0.010197002 0.338365436 175.692535400 -0.020391034 0.996023953 -0.086721614 -15.768623352 -0.337904394 -0.088501126 -0.937010288 13.672298431
-0.938699245 0.008059851 0.344643205 176.142364502 -0.022114163 0.996259809 -0.083530590 -15.887681961 -0.344027460 -0.086031578 -0.935010016 12.494480133
-0.935829997 0.010015745 0.352309167 176.579452515 -0.020828541 0.996277571 -0.083649367 -16.002216339 -0.351835459 -0.085619666 -0.932137847 11.314228058
-0.932869136 0.010249587 0.360069364 177.041778564 -0.021398427 0.996252954 -0.083798066 -16.116632462 -0.359579086 -0.085877553 -0.929154336 10.158031464
-0.928851664 0.013176758 0.370217353 177.504165649 -0.020074135 0.996108532 -0.085818194 -16.238025665 -0.369907498 -0.087144144 -0.924972594 8.979938507
-0.924650550 0.014161699 0.380553335 177.976013184 -0.019513180 0.996233582 -0.084485486 -16.353734970 -0.380316496 -0.085545339 -0.920891643 7.842212677
-0.919997633 0.016237903 0.391587585 178.470230103 -0.018916180 0.996137261 -0.085748434 -16.470424652 -0.391467452 -0.086295679 -0.916136622 6.714756012
-0.914111495 0.018266540 0.405051172 178.983520508 -0.018697344 0.996022940 -0.087113313 -16.583686829 -0.405031413 -0.087204687 -0.910134554 5.532505035
-0.908033848 0.020678040 0.418386102 179.517822266 -0.017436279 0.996049523 -0.087070480 -16.698890686 -0.418533772 -0.086358048 -0.904086173 4.369941711
-0.901738942 0.020259295 0.431805849 180.065933228 -0.017855179 0.996303201 -0.084031075 -16.825094223 -0.431911916 -0.083484076 -0.898043633 3.221733093
-0.895136297 0.022672394 0.445215642 180.629364014 -0.016908562 0.996260464 -0.084729917 -16.935384750 -0.445471734 -0.083372772 -0.891405582 2.091812134
-0.888107300 0.024831565 0.458964914 181.197998047 -0.015361427 0.996378243 -0.083632164 -17.050384521 -0.459379405 -0.081324674 -0.884509444 0.969169617
-0.880945504 0.026438497 0.472478569 181.802429199 -0.013366219 0.996649504 -0.080691114 -17.169347763 -0.473028928 -0.077399716 -0.877640545 -0.143348694
-0.872744739 0.028414441 0.487349391 182.397720337 -0.011405666 0.996845305 -0.078545369 -17.271282196 -0.488043815 -0.074108601 -0.869667292 -1.246658325
-0.864628792 0.031172320 0.501443028 183.010711670 -0.008550609 0.997015774 -0.076723374 -17.381156921 -0.502338171 -0.070624873 -0.861782134 -2.309700012
-0.855938494 0.034069046 0.515954018 183.647125244 -0.005630341 0.997153759 -0.075183660 -17.489803314 -0.517046869 -0.067257583 -0.853310585 -3.345611572
-0.845014870 0.037113316 0.533453226 184.277282715 -0.002681573 0.997282028 -0.073630489 -17.596008301 -0.534735918 -0.063649364 -0.842618644 -4.390861511
-0.834553242 0.039886203 0.549481452 184.935760498 -0.000017488 0.997373819 -0.072424747 -17.697128296 -0.550927162 -0.060451925 -0.832360923 -5.385765076
-0.823022187 0.041679084 0.566478014 185.638961792 0.001514387 0.997461736 -0.071188860 -17.804431915 -0.568007231 -0.057732124 -0.820996225 -6.418838501
-0.811827183 0.043367926 0.582285106 186.354125977 0.001715434 0.997410715 -0.071894325 -17.895702362 -0.583895445 -0.057366893 -0.809799612 -7.391113281
-0.798477948 0.046448875 0.600229502 187.074737549 0.004764680 0.997475505 -0.070851445 -17.999271393 -0.602005184 -0.053713411 -0.796683550 -8.380165100
-0.784863949 0.047260642 0.617863178 187.829010010 0.005846630 0.997607768 -0.068880588 -18.089233398 -0.619640410 -0.050449476 -0.783262789 -9.337890625
-0.769513965 0.049352128 0.636720061 188.579467773 0.008309771 0.997699022 -0.067288697 -18.184368134 -0.638575912 -0.046488598 -0.768153310 -10.264251709
