1.000000000 0.000000000 0.000000000 0.000000000 0.000000000 1.000000000 0.000000000 0.000000000 0.000000000 0.000000000 1.000000000 0.000000000
0.999998629 0.000773549 0.001449485 -0.006031722 -0.000766908 0.999989212 -0.004576626 -0.002275851 -0.001453009 0.004575508 0.999988496 0.964387655
0.999996662 -0.001445892 0.002152060 -0.002668381 0.001457367 0.999984682 -0.005340427 -0.000951536 -0.002144305 0.005343545 0.999983430 1.918608904
0.999993384 -0.002484267 0.002652027 -0.009784471 0.002487727 0.999996066 -0.001302296 -0.004271644 -0.002648781 0.001308885 0.999995649 2.855267048
0.999985397 -0.005027354 0.001992652 -0.006512475 0.005017545 0.999975443 0.004897397 -0.007905539 -0.002017224 -0.004887327 0.999985993 3.803989172
0.999962687 -0.008623786 0.000398473 -0.003185116 0.008621683 0.999950290 0.005005903 -0.004900044 -0.000441623 -0.005002280 0.999987364 4.742031574
0.999936819 -0.011239677 -0.000123718 -0.007426673 0.011239914 0.999934554 0.002118275 -0.003406576 0.000099901 -0.002119532 0.999997675 5.670605183
0.999928296 -0.011933235 -0.000987054 -0.014154842 0.011931733 0.999927700 -0.001513350 0.002095400 0.001005042 0.001501464 0.999998391 6.591898441
0.999933898 -0.011400877 -0.001474382 -0.019570652 0.011398228 0.999933422 -0.001794582 -0.002803582 0.001494744 0.001777658 0.999997258 7.523415565
0.999934018 -0.011204497 -0.002529702 -0.029281139 0.011205072 0.999937177 0.000213009 -0.003531953 0.002527157 -0.000241341 0.999996781 8.435940742
0.999937952 -0.010817313 -0.002670706 -0.042562477 0.010824733 0.999937475 0.002779532 0.001806969 0.002640473 -0.002808270 0.999992549 9.375704765
0.999933302 -0.010988464 -0.003561781 -0.051266134 0.011003993 0.999929905 0.004369816 0.004703090 0.003513514 -0.004408718 0.999984086 10.298319817
0.999916911 -0.012199590 -0.004157944 -0.058745399 0.012220534 0.999912560 0.005049042 0.007996533 0.004095985 -0.005099435 0.999978602 11.213389397
0.999905944 -0.012670891 -0.005250483 -0.057051200 0.012699787 0.999904215 0.005507396 0.004081607 0.005180197 -0.005573559 0.999970973 12.119192123
0.999896288 -0.013178682 -0.005815466 -0.068851098 0.013202910 0.999904275 0.004147477 0.006857235 0.005760252 -0.004223827 0.999974489 13.024516106
0.999889553 -0.013128372 -0.006961209 -0.086712137 0.013142307 0.999911726 0.001959993 0.013321877 0.006934863 -0.002051264 0.999973834 13.928596497
0.999855518 -0.014714267 -0.008513805 -0.096437342 0.014719406 0.999891520 0.000541174 0.019379001 0.008504919 -0.000666415 0.999963582 14.816401482
0.999844432 -0.014219467 -0.010436811 -0.101465948 0.014214683 0.999898851 -0.000532369 0.024351414 0.010443327 0.000383930 0.999945402 15.725841522
0.999847770 -0.012887371 -0.011758242 -0.125451803 0.012870245 0.999915957 -0.001530913 0.025963420 0.011776984 0.001379349 0.999929726 16.627479553
0.999844491 -0.011258933 -0.013572589 -0.140803546 0.011243922 0.999936163 -0.001181571 0.020392593 0.013585024 0.001028778 0.999907196 17.520809174
0.999816537 -0.012300445 -0.014683154 -0.162530407 0.012294333 0.999924421 -0.000506283 0.022580590 0.014688270 0.000325671 0.999892056 18.415391922
0.999806583 -0.011511911 -0.015948873 -0.190329492 0.011527736 0.999933183 0.000900658 0.023493782 0.015937436 -0.001084338 0.999872446 19.308649063
0.999776483 -0.011051492 -0.018031010 -0.194236413 0.011079697 0.999937534 0.001465162 0.022284195 0.018013693 -0.001664612 0.999836266 20.195365906
0.999733090 -0.012148785 -0.019650679 -0.214452103 0.012182350 0.999924481 0.001589301 0.020845138 0.019629888 -0.001828269 0.999805629 21.073961258
0.999699354 -0.012006008 -0.021380223 -0.239226431 0.012036462 0.999926686 0.001296206 0.018571237 0.021363091 -0.001553158 0.999770582 21.945230484
0.999679089 -0.012018277 -0.022300735 -0.259897888 0.012050415 0.999926627 0.001307261 0.023392288 0.022283383 -0.001575574 0.999750495 22.807115555
0.999655962 -0.012155307 -0.023242578 -0.281242311 0.012232019 0.999920189 0.003161152 0.028904341 0.023202300 -0.003444369 0.999724805 23.663877487
0.999610901 -0.013435461 -0.024443541 -0.298777014 0.013586962 0.999889374 0.006042468 0.030696630 0.024359655 -0.006372232 0.999682903 24.510936737
0.999596715 -0.013650779 -0.024899669 -0.325126946 0.013846264 0.999874532 0.007695416 0.033558980 0.024791498 -0.008037081 0.999660254 25.346996307
0.999592900 -0.012646624 -0.025572127 -0.348554045 0.012817804 0.999896467 0.006541153 0.032723442 0.025486751 -0.006866270 0.999651551 26.180803299
0.999600112 -0.011064921 -0.026018525 -0.380732119 0.011160752 0.999931514 0.003540879 0.041097343 0.025977558 -0.003829850 0.999655187 26.987388611
0.999577701 -0.010572868 -0.027068458 -0.403030634 0.010632502 0.999941409 0.002060086 0.042213820 0.027045090 -0.002347023 0.999631405 27.791854858
0.999569178 -0.009304003 -0.027836943 -0.429426610 0.009351760 0.999954939 0.001585865 0.045873545 0.027820935 -0.001845506 0.999611199 28.584545135
0.999529362 -0.009252947 -0.029246178 -0.453602493 0.009289773 0.999956191 0.001123599 0.045106024 0.029234499 -0.001394761 0.999571621 29.371374130
0.999472678 -0.009096610 -0.031170286 -0.482981294 0.009109834 0.999958456 0.000282323 0.044223048 0.031166419 -0.000566131 0.999514043 30.147722244
0.999411762 -0.009137215 -0.033059459 -0.512385130 0.009153145 0.999958038 0.000330518 0.043796238 0.033055056 -0.000632921 0.999453306 30.916400909
0.999342859 -0.009272138 -0.035040218 -0.541851044 0.009329827 0.999955356 0.001483208 0.046385441 0.035024907 -0.001809152 0.999384701 31.668914795
0.999254465 -0.009506834 -0.037419125 -0.567745805 0.009655914 0.999946058 0.003805368 0.049178153 0.037380937 -0.004163846 0.999292374 32.427421570
0.999196589 -0.008558746 -0.039153222 -0.603790104 0.008762186 0.999948919 0.005027390 0.051329777 0.039108191 -0.005366417 0.999220669 33.176742554
0.999128997 -0.007274491 -0.041089773 -0.639364421 0.007492457 0.999958634 0.005153119 0.054342516 0.041050587 -0.005456493 0.999142110 33.902683258
0.999061942 -0.004786077 -0.043039978 -0.676834643 0.004977478 0.999978185 0.004341003 0.055840164 0.043018263 -0.004551161 0.999063909 34.620635986
0.998989105 -0.003624150 -0.044805229 -0.710896969 0.003800655 0.999985337 0.003854840 0.057470344 0.044790607 -0.004021232 0.998988330 35.331787109
0.998910666 -0.003394105 -0.046540067 -0.744127452 0.003623927 0.999981582 0.004854674 0.062561795 0.046522737 -0.005018044 0.998904645 36.039127350
0.998863816 -0.001973029 -0.047616258 -0.782357872 0.002287932 0.999975860 0.006559730 0.069559366 0.047602177 -0.006661220 0.998844147 36.736000061
0.998862386 0.001014344 -0.047674902 -0.822521448 -0.000658988 0.999971867 0.007468861 0.066034928 0.047681138 -0.007428947 0.998834968 37.415405273
0.998904049 0.004226543 -0.046613496 -0.858345807 -0.003977040 0.999977231 0.005444045 0.067297414 0.046635449 -0.005252696 0.998898149 38.081550598
0.998980045 0.005750299 -0.044784900 -0.897724450 -0.005638187 0.999980628 0.002629258 0.066766739 0.044799145 -0.002374071 0.998993278 38.735656738
0.999066889 0.006284713 -0.042730514 -0.924269974 -0.006286525 0.999980211 0.000091958 0.080369137 0.042730246 0.000176754 0.999086618 39.389862061
0.999184549 0.007308546 -0.039710168 -0.952018261 -0.007271003 0.999972939 0.001089781 0.078781731 0.039717063 -0.000800159 0.999210596 40.033267975
0.999258518 0.012085489 -0.036557864 -0.986681521 -0.011959132 0.999921739 0.003673095 0.082898788 0.036599398 -0.003233171 0.999324679 40.668888092
0.999323666 0.016358372 -0.032933660 -1.007263303 -0.016135404 0.999845088 0.007024790 0.085559562 0.033043478 -0.006488641 0.999432802 41.307323456
0.999361157 0.021416347 -0.028611338 -1.031500101 -0.021199534 0.999744415 0.007859880 0.090167418 0.028772360 -0.007248311 0.999559700 41.913326263
0.999403358 0.025200030 -0.023623563 -1.047699571 -0.025015490 0.999654472 0.008075080 0.097163931 0.023818899 -0.007479306 0.999688268 42.498874664
0.999417663 0.029335774 -0.017428385 -1.073501110 -0.029161010 0.999522686 0.010198349 0.102904230 0.017719243 -0.009684182 0.999796033 43.069194794
0.999371469 0.033685103 -0.011056227 -1.075506687 -0.033559371 0.999372065 0.011368160 0.101296157 0.011432221 -0.010989977 0.999874175 43.620651245
0.999298215 0.037264347 -0.003802858 -1.085290551 -0.037220020 0.999245107 0.011127290 0.102231532 0.004214639 -0.010977942 0.999930799 44.152359009
0.999176383 0.040434238 0.003422272 -1.087118864 -0.040469885 0.999119222 0.011079960 0.105739832 -0.002971249 -0.011209332 0.999932766 44.659439087
0.998948395 0.044572178 0.010743033 -1.083059311 -0.044684883 0.998946071 0.010489066 0.110140085 -0.010264192 -0.010958088 0.999887288 45.156414032
0.998667538 0.048289694 0.018198777 -1.077051759 -0.048434120 0.998797536 0.007580163 0.115609810 -0.017810851 -0.008451506 0.999805570 45.630699158
0.998373210 0.050669383 0.026143936 -1.062667608 -0.050813504 0.998696268 0.004877500 0.112395450 -0.025862712 -0.006198030 0.999646246 46.079513550
0.998121977 0.050937418 0.034026749 -1.047475815 -0.051117439 0.998682797 0.004441146 0.116759464 -0.033755708 -0.006172167 0.999411106 46.507549286
0.997863233 0.050187115 0.041834440 -1.022207737 -0.050481748 0.998706996 0.006015957 0.115432695 -0.041478418 -0.008114979 0.999106526 46.906013489
0.997413218 0.052058935 0.049563564 -0.998560667 -0.052445944 0.998602390 0.006539112 0.120286375 -0.049153868 -0.009121604 0.998749673 47.296302795
0.996751487 0.055154357 0.058688942 -0.986092091 -0.055653252 0.998426199 0.006899063 0.117035195 -0.058216073 -0.010142882 0.998252451 47.654453278
0.995940506 0.060077272 0.067032091 -0.955728531 -0.060629040 0.998140931 0.006225816 0.119953215 -0.066533439 -0.010264633 0.997731388 47.976696014
0.995042384 0.063828304 0.076266974 -0.939942122 -0.064500630 0.997897267 0.006382661 0.116266876 -0.075699210 -0.011270287 0.997066975 48.279811859
0.994321704 0.063082382 0.085702263 -0.911474705 -0.063923694 0.997929454 0.007105326 0.113469243 -0.085076578 -0.012543384 0.996295452 48.562393188
0.993426561 0.061899621 0.096290983 -0.872624397 -0.062679209 0.998020768 0.005089759 0.115327403 -0.095785342 -0.011091747 0.995340228 48.842021942
0.992294908 0.060409304 0.108173750 -0.840520382 -0.060843278 0.998147070 0.000712788 0.111516848 -0.107930250 -0.007288941 0.994131744 49.101375580
0.990692139 0.061526101 0.121423177 -0.798641682 -0.061571497 0.998096943 -0.003381695 0.112602219 -0.121400163 -0.004125989 0.992595077 49.367488861
0.988572836 0.063087791 0.136906967 -0.759003639 -0.062905550 0.998003423 -0.005661555 0.112385154 -0.136990800 -0.003015350 0.990567744 49.632713318
0.986107826 0.064882845 0.152910292 -0.706816196 -0.064599425 0.997887909 -0.006826283 0.105407447 -0.153030217 -0.003146466 0.988216519 49.877239227
0.983308792 0.065352641 0.169802532 -0.651549339 -0.064932138 0.997857332 -0.008034494 0.105694950 -0.169963807 -0.003125254 0.985445380 50.135890961
0.980048537 0.064381734 0.188042134 -0.593219757 -0.063747168 0.997921526 -0.009426637 0.106748462 -0.188258231 -0.002748593 0.982115686 50.394081116
0.976159096 0.063729227 0.207489818 -0.527158737 -0.063108288 0.997960329 -0.009617403 0.102030158 -0.207679510 -0.003706210 0.978189945 50.633502960
0.971679568 0.063807212 0.227524891 -0.453884125 -0.063033961 0.997954309 -0.010670846 0.096762300 -0.227740377 -0.003973152 0.973713815 50.870532990
0.966441214 0.065981954 0.248269632 -0.371911049 -0.064741597 0.997815311 -0.013166513 0.098788798 -0.248595998 -0.003348714 0.968601465 51.113491058
0.960158527 0.067399144 0.271206379 -0.291487694 -0.065731242 0.997721016 -0.015239766 0.094227374 -0.271615386 -0.003194140 0.962400615 51.357273102
0.952906728 0.068621837 0.295397550 -0.196525574 -0.066800080 0.997633755 -0.016266957 0.083084345 -0.295814842 -0.004231686 0.955235839 51.586791992
0.944350898 0.071479149 0.321079552 -0.098756790 -0.069657639 0.997423172 -0.017172351 0.076544285 -0.321479648 -0.006148923 0.946896493 51.825534821
0.934517205 0.073500007 0.348246157 0.011840820 -0.071618631 0.997264385 -0.018291950 0.068355441 -0.348637938 -0.007846775 0.937224507 52.062915802
0.923341691 0.074221164 0.376737654 0.130119324 -0.072126649 0.997201204 -0.019684520 0.061652780 -0.377144247 -0.008997289 0.926110685 52.299793243
0.910781622 0.072096191 0.406545162 0.272588730 -0.069217868 0.997363269 -0.021802612 0.051657438 -0.407045126 -0.008282775 0.913370430 52.534088135
0.895837307 0.069584638 0.438900292 0.416194916 -0.065453656 0.997553408 -0.024558105 0.044748306 -0.439535260 -0.006727565 0.898200035 52.762512207
0.878472149 0.069161922 0.472761422 0.571180344 -0.063065022 0.997595072 -0.028756015 0.034418464 -0.473613262 -0.004553353 0.880721092 52.987068176
0.859095514 0.070725314 0.506905198 0.737386703 -0.062074929 0.997493148 -0.033970300 0.029132128 -0.508036971 -0.002282373 0.861332357 53.204124451
0.837374806 0.072665088 0.541777909 0.925539017 -0.061613776 0.997355700 -0.038538162 0.020436406 -0.543145716 -0.001110090 0.839637756 53.429435730
0.812781692 0.075430289 0.577664495 1.120044708 -0.062542543 0.997149408 -0.042207599 0.010506988 -0.579201460 -0.001823041 0.815182388 53.656417847
0.785236597 0.079430118 0.614080071 1.328788757 -0.065534472 0.996828854 -0.045137696 -0.002107024 -0.615717947 -0.004799632 0.787951946 53.888835907
0.755349457 0.083919965 0.649926603 1.555551529 -0.069296584 0.996434629 -0.048124835 -0.015544653 -0.651648045 -0.008686629 0.758471787 54.116367340
0.722324371 0.084940925 0.686318159 1.817268372 -0.068839051 0.996330500 -0.050858490 -0.033262491 -0.688119709 -0.010509169 0.725521028 54.354347229
0.685534894 0.082638815 0.723334432 2.095989227 -0.065396085 0.996510327 -0.051869679 -0.051349163 -0.725096703 -0.011744759 0.688546896 54.580612183
0.646607399 0.080724955 0.758539617 2.387367249 -0.062093344 0.996654868 -0.053134888 -0.078214169 -0.760291576 -0.012742843 0.649456978 54.781921387
0.603991985 0.080025740 0.792962551 2.722742081 -0.059945498 0.996689320 -0.054925933 -0.100109816 -0.794732869 -0.014359710 0.606789470 55.002880096
0.557719469 0.080051266 0.826160312 3.081008911 -0.056571763 0.996689916 -0.058384720 -0.118455410 -0.828099370 -0.014175053 0.560402036 55.213790894
0.509009004 0.078784004 0.857148230 3.448102951 -0.053263593 0.996776998 -0.059987813 -0.143585801 -0.859111667 -0.015120451 0.511564851 55.405117035
0.461002946 0.077235825 0.884031057 3.875869751 -0.051530283 0.996854067 -0.060221005 -0.161249876 -0.885901213 -0.017792311 0.463532656 55.584373474
0.411345780 0.074710608 0.908412278 4.309686661 -0.050727438 0.996966898 -0.059023283 -0.186481357 -0.910066783 -0.021802448 0.413887978 55.752178192
0.361109197 0.074447438 0.929547012 4.766633987 -0.053752027 0.996812463 -0.058953214 -0.208418727 -0.930973113 -0.028676489 0.363959938 55.911090851
0.312042952 0.075338028 0.947076201 5.237022400 -0.052025151 0.996710181 -0.062145054 -0.226017475 -0.948642612 -0.029879849 0.314935923 56.039005280
0.264618933 0.071713179 0.961682916 5.709348679 -0.041053940 0.997164965 -0.063062571 -0.262528896 -0.963478804 -0.022793323 0.266812861 56.129558563
0.220451951 0.065887518 0.973169863 6.222836494 -0.027623422 0.997737467 -0.061293315 -0.289015234 -0.975006640 -0.013370058 0.221773207 56.205745697
0.178354800 0.064835370 0.981827796 6.744606018 -0.018487448 0.997871459 -0.062536463 -0.318963170 -0.983792543 -0.006997811 0.179173797 56.265743256
0.139529318 0.066338912 0.987993240 7.285807610 -0.015304144 0.997778654 -0.064834632 -0.343169451 -0.990099669 -0.006074061 0.140234649 56.327316284
0.107042037 0.067287385 0.991975009 7.802132130 -0.006699077 0.997733474 -0.066955112 -0.375249624 -0.994231939 0.000521694 0.107250184 56.347423553
0.078062713 0.065480441 0.994795799 8.365380287 0.000553773 0.997837722 -0.065724120 -0.412694514 -0.996948421 0.005681496 0.077857643 56.370582581
0.053161032 0.063800447 0.996545672 8.935655594 0.007261127 0.997905731 -0.064274870 -0.446442842 -0.998559594 0.010652964 0.052586429 56.381130219
0.033126973 0.062800772 0.997476101 9.514576912 0.012141366 0.997924924 -0.063232258 -0.473156571 -0.999377429 0.014205417 0.032295734 56.384204865
0.017488392 0.064944200 0.997735560 10.089630127 0.015233569 0.997755110 -0.065212481 -0.497724354 -0.999730945 0.016339537 0.016459800 56.376594543
0.004045551 0.065039165 0.997874439 10.686004639 0.016021937 0.997750342 -0.065096043 -0.526847839 -0.999863505 0.016251231 0.002994392 56.372764587
-0.007604135 0.065610610 0.997816324 11.298252106 0.016776249 0.997713089 -0.065475993 -0.566644549 -0.999830365 0.016241726 -0.008687448 56.367755890
-0.016410321 0.068291374 0.997530460 11.918817520 0.021741696 0.997453272 -0.067928419 -0.609123647 -0.999629021 0.020573275 -0.017853294 56.343536377
-0.023178805 0.070159696 0.997266471 12.547834396 0.025611196 0.997248650 -0.069563195 -0.642951071 -0.999403238 0.023928789 -0.024911905 56.320335388
-0.027826581 0.069460146 0.997196674 13.189330101 0.025997521 0.997295678 -0.068741590 -0.676994622 -0.999274611 0.024011796 -0.029557120 56.301689148
-0.031611398 0.066829167 0.997263610 13.841215134 0.023797790 0.997529685 -0.066092655 -0.711886346 -0.999216974 0.021643385 -0.033123691 56.286678314
-0.034320585 0.059757631 0.997622728 14.529628754 0.021773510 0.998018503 -0.059032287 -0.751020014 -0.999173701 0.019695723 -0.035553720 56.281852722
-0.035271741 0.054597460 0.997885287 15.232861519 0.022926250 0.998288155 -0.053809125 -0.782694817 -0.999114752 0.020979827 -0.036463071 56.242599487
-0.035555918 0.051937528 0.998017192 15.923868179 0.025554748 0.998369336 -0.051045429 -0.817020953 -0.999040902 0.023689110 -0.036825184 56.212432861
-0.035369135 0.053971115 0.997915924 16.612903595 0.028966969 0.998176455 -0.052958529 -0.858361483 -0.998954356 0.027033502 -0.036868021 56.183883667
-0.034344014 0.061414566 0.997521281 17.324817657 0.029941136 0.997725308 -0.060396269 -0.886350453 -0.998961449 0.027792668 -0.036104716 56.158714294
-0.032290831 0.069376327 0.997067869 18.037220001 0.030893946 0.997180641 -0.068383664 -0.923698425 -0.999000967 0.028595194 -0.034343097 56.144985199
-0.030285494 0.070312023 0.997065187 18.774621964 0.031041592 0.997107923 -0.069372125 -0.958662510 -0.999059081 0.028849529 -0.032380491 56.110794067
-0.028250843 0.066176347 0.997407973 19.506917953 0.030310951 0.997404099 -0.065317549 -0.997410655 -0.999141216 0.028387107 -0.030183371 56.096035004
-0.025539957 0.059495620 0.997901857 20.250196457 0.029835902 0.997828066 -0.058727615 -1.044226527 -0.999228477 0.028273400 -0.027259592 56.077857971
-0.022398502 0.057809390 0.998076320 20.989072800 0.028232863 0.997965157 -0.057169355 -1.087067127 -0.999350429 0.026898043 -0.023985047 56.062316895
-0.019075267 0.063174061 0.997820199 21.709558487 0.035964552 0.997399330 -0.062459879 -1.129997015 -0.999171019 0.034694716 -0.021297682 56.040039062
-0.016403487 0.068820827 0.997494161 22.469491959 0.038061347 0.996948242 -0.068157256 -1.172181010 -0.999140739 0.036847949 -0.018972838 56.036998749
-0.014151786 0.069468297 0.997483730 23.205692291 0.031632047 0.997115493 -0.068993866 -1.212531447 -0.999399424 0.030576071 -0.016308386 56.043190002
-0.010921345 0.065704025 0.997779369 23.940467834 0.027266553 0.997487426 -0.065386347 -1.258642912 -0.999568462 0.026491897 -0.012685428 56.042415619
-0.005831406 0.061749745 0.998074651 24.677494049 0.031309314 0.997613549 -0.061538283 -1.312727332 -0.999492705 0.030890180 -0.007750830 56.033710480
-0.002590448 0.063239135 0.997995019 25.441051483 0.035691693 0.997368276 -0.063106775 -1.354725599 -0.999359488 0.035456661 -0.004840744 56.030323029
0.000092709 0.067707092 0.997705221 26.183725357 0.035539225 0.997074723 -0.067667596 -1.398376226 -0.999368310 0.035463948 -0.002313820 56.033794403
0.004105537 0.068493292 0.997643113 26.930454254 0.031690888 0.997141540 -0.068589263 -1.441215634 -0.999489248 0.031897787 0.001923189 56.046459198
0.007693575 0.068107545 0.997648239 27.674688339 0.031149311 0.997177303 -0.068315610 -1.485435128 -0.999485135 0.031601649 0.005550357 56.058620453
0.011374164 0.065285832 0.997801900 28.422517776 0.034785807 0.997236490 -0.065645397 -1.533381104 -0.999329984 0.035456005 0.009071713 56.057594299
0.015162721 0.065894350 0.997711360 29.168674469 0.039225467 0.997018814 -0.066444732 -1.578236580 -0.999115348 0.040143173 0.012532782 56.059352875
0.018774077 0.066673942 0.997598171 29.914833069 0.042325668 0.996826649 -0.067418903 -1.627426386 -0.998927474 0.043489739 0.015892480 56.071083069
0.021293133 0.066615686 0.997551501 30.660835266 0.042268381 0.996825635 -0.067469448 -1.674344778 -0.998879373 0.043601520 0.018409807 56.093894958
0.024506271 0.064741097 0.997601271 31.419136047 0.043769173 0.996874392 -0.065769121 -1.728621721 -0.998741031 0.045275938 0.021596013 56.114273071
0.028014068 0.064249083 0.997540534 32.170169830 0.045768891 0.996803164 -0.065486923 -1.769063711 -0.998559117 0.047490876 0.024983902 56.139186859
0.030723996 0.064263567 0.997459888 32.922092438 0.044044729 0.996874690 -0.065582536 -1.818177700 -0.998556972 0.045947801 0.027797498 56.167469025
0.033829223 0.066052139 0.997242570 33.683715820 0.041385725 0.996865153 -0.067431070 -1.862200975 -0.998570323 0.043552745 0.030989558 56.199707031
0.036238413 0.066520438 0.997126818 34.433261871 0.042696208 0.996767998 -0.068048194 -1.904227972 -0.998430550 0.045039494 0.033281121 56.240310669
0.039762635 0.065627605 0.997051597 35.185165405 0.041291963 0.996880412 -0.067263052 -1.957114697 -0.998355746 0.043844767 0.036928695 56.247844696
0.042408250 0.066238701 0.996902227 35.947822571 0.039547585 0.996906519 -0.067921348 -1.999389887 -0.998317361 0.042305499 0.039657485 56.282089233
0.045053430 0.066174366 0.996790469 36.706394196 0.036733575 0.997019112 -0.067849837 -2.050695419 -0.998309016 0.039672542 0.042488314 56.325130463
0.048141696 0.068072975 0.996518195 37.471591949 0.035190560 0.996940017 -0.069801830 -2.099340916 -0.998220444 0.038428411 0.045598861 56.370410919
0.051479403 0.071555577 0.996107280 38.226615906 0.033744182 0.996735573 -0.073344633 -2.153107643 -0.998103857 0.037388563 0.048896771 56.411766052
0.054487765 0.073404044 0.995812714 39.005107880 0.034038775 0.996578038 -0.075322971 -2.207977772 -0.997934043 0.038000423 0.051802725 56.459018707
0.057293877 0.075743958 0.995479941 39.776939392 0.028194061 0.996597409 -0.077451661 -2.256039381 -0.997959197 0.032504134 0.054963406 56.515235901
0.060058899 0.074904293 0.995380402 40.557636261 0.024389410 0.996772707 -0.076480657 -2.309057474 -0.997896850 0.028870085 0.058038205 56.573402405
0.063553557 0.075537324 0.995115578 41.333522797 0.026423931 0.996654451 -0.077341706 -2.364425182 -0.997628570 0.031210214 0.061344933 56.631076813
0.067696184 0.076906979 0.994737446 42.112243652 0.025707981 0.996559143 -0.078797378 -2.418321133 -0.997374713 0.030906979 0.065486126 56.672863007
0.071370117 0.078023829 0.994393706 42.896770477 0.022002580 0.996570110 -0.079773799 -2.470417500 -0.997207284 0.027572686 0.069408596 56.741668701
0.075613044 0.075926945 0.994242251 43.690151215 0.021160815 0.996749997 -0.077727750 -2.525334835 -0.996912718 0.026916210 0.073760621 56.804866791
0.079929948 0.075741589 0.993918777 44.491779327 0.020748332 0.996766567 -0.077627160 -2.593840599 -0.996584535 0.026826894 0.078099996 56.883888245
0.085266247 0.079401121 0.993189394 45.281784058 0.017246788 0.996552646 -0.081150666 -2.646069050 -0.996209025 0.024048736 0.083602868 56.949790955
0.091176078 0.088048801 0.991934597 46.071937561 0.015258811 0.995843112 -0.089798287 -2.706086159 -0.995717824 0.023323204 0.089453541 57.030651093
0.098667681 0.092649348 0.990798116 46.871139526 0.014159882 0.995424926 -0.094492123 -2.770432472 -0.995019615 0.023352902 0.096904382 57.118633270
0.105877489 0.095661558 0.989767015 47.675621033 0.009391764 0.995221198 -0.097193368 -2.838668108 -0.994334817 0.019586248 0.104473092 57.219196320
0.112704404 0.093986101 0.989173532 48.475204468 0.005846454 0.995436609 -0.095247306 -2.908145905 -0.993611336 0.016517948 0.111640610 57.320411682
0.120026276 0.092656665 0.988437355 49.283706665 0.005707176 0.995554268 -0.094016835 -2.975156784 -0.992754340 0.016925674 0.118963867 57.429683685
0.127541751 0.089074455 0.987825334 50.109066010 0.005373525 0.995882452 -0.090494797 -3.044830084 -0.991818666 0.016849970 0.126537949 57.543136597
0.135008246 0.083327696 0.987334371 50.913478851 0.003318639 0.996414006 -0.084547758 -3.117410183 -0.990838885 0.014691254 0.134247571 57.658618927
0.142345741 0.076145455 0.986883759 51.724262238 0.000764429 0.997027814 -0.077038392 -3.175212860 -0.989816725 0.011720493 0.141864449 57.778476715
0.149717510 0.073359750 0.986003578 52.530345917 0.000409868 0.997238934 -0.074257925 -3.244772911 -0.988728702 0.011521842 0.149274066 57.906471252
0.156904429 0.075048059 0.984758317 53.332008362 0.000034588 0.997108221 -0.075994752 -3.307501316 -0.987613678 0.011957978 0.156448081 58.042251587
0.162580550 0.081501104 0.983323514 54.110160828 0.000929139 0.996569693 -0.082752623 -3.365412474 -0.986694813 0.014367608 0.161947101 58.174644470
0.168311313 0.085725524 0.981999218 54.888931274 -0.000488413 0.996218383 -0.086883113 -3.415248156 -0.985733807 0.014143789 0.167716667 58.303623199
0.172936738 0.088697515 0.980931044 55.658065796 -0.001474115 0.995958984 -0.089796498 -3.480239153 -0.984931767 0.014083106 0.172368646 58.457260132
0.178044349 0.087899946 0.980088711 56.427772522 -0.004009607 0.996058822 -0.088603854 -3.552715540 -0.984014332 0.011845645 0.177695110 58.606014252
0.183226153 0.084855542 0.979401648 57.205810547 -0.001371557 0.996288836 -0.086062051 -3.628603935 -0.983069837 0.014425515 0.182662547 58.748256683
0.187813729 0.078427188 0.979068518 57.967021942 0.000005783 0.996806920 -0.079849221 -3.680965900 -0.982204676 0.015002443 0.187213600 58.896389008
0.191210151 0.072366208 0.978877842 58.717079163 -0.002080083 0.997306108 -0.073322259 -3.740007401 -0.981546879 0.011983814 0.190845594 59.046024323
0.194408849 0.068521895 0.978524327 59.451416016 -0.005464772 0.997617364 -0.068773180 -3.803026676 -0.980905414 0.008022701 0.194320098 59.203960419
0.197744757 0.068666652 0.977845550 60.183574677 -0.007246998 0.997618616 -0.068589643 -3.853527069 -0.980226755 0.006476799 0.197771475 59.354316711
0.199999794 0.071354687 0.977194309 60.920722961 -0.008804628 0.997435272 -0.071030676 -3.895642281 -0.979756355 0.005602289 0.200115114 59.511146545
0.201256245 0.075065210 0.976658165 61.598731995 -0.012919807 0.997176170 -0.073979862 -3.956997156 -0.979453564 0.002270672 0.201657742 59.663719177
0.203424126 0.079112485 0.975889206 62.292304993 -0.013833672 0.996862948 -0.077929132 -4.010479927 -0.978992999 0.002352537 0.203880414 59.814216614
0.204936624 0.084580876 0.975113869 62.968585968 -0.014706277 0.996412873 -0.083337568 -4.063606262 -0.978664756 0.002738628 0.205445379 59.970581055
0.206406057 0.086536594 0.974632204 63.645481110 -0.013716150 0.996239483 -0.085550293 -4.116362095 -0.978370249 0.004289899 0.206816792 60.122016907
0.207487360 0.086590402 0.974397779 64.308937073 -0.016464360 0.996242702 -0.085025750 -4.172654629 -0.978099108 0.001598936 0.208133429 60.274040222
0.208205774 0.083434433 0.974519849 64.983840942 -0.015835794 0.996511936 -0.081933990 -4.229856968 -0.977956831 0.001626835 0.208800808 60.425399780
0.209787518 0.080622680 0.974417329 65.649986267 -0.015147970 0.996742964 -0.079208605 -4.281898499 -0.977629662 0.001856534 0.210325480 60.559661865
0.209859073 0.079582840 0.974487364 66.295593262 -0.014111523 0.996824622 -0.078368068 -4.331192017 -0.977629840 0.002694750 0.210315719 60.696426392
0.207720965 0.078865685 0.975003719 66.935089111 -0.014658755 0.996883571 -0.077512510 -4.383453846 -0.978078306 0.001808630 0.208229706 60.846454620
0.206185728 0.079648338 0.975265861 67.552070618 -0.016164355 0.996822953 -0.077991486 -4.436093330 -0.978379428 0.000316187 0.206818134 60.978534698
0.203815594 0.082725927 0.975507796 68.171852112 -0.017086063 0.996572316 -0.080942415 -4.487174511 -0.978860140 -0.000170262 0.204530448 61.114219666
0.202107519 0.085942842 0.975585163 68.757774353 -0.013670160 0.996292710 -0.084935062 -4.536743164 -0.979267895 0.003829611 0.202533126 61.231185913
0.200534731 0.086588845 0.975852609 69.357383728 -0.011721974 0.996227264 -0.085987881 -4.584593296 -0.979616404 0.005804642 0.200793147 61.350082397
0.197938219 0.085520327 0.976476669 69.949707031 -0.012051384 0.996323705 -0.084815659 -4.628075600 -0.980140448 0.005020366 0.198241189 61.479949951
0.195361167 0.082863875 0.977224529 70.531913757 -0.012774241 0.996554673 -0.081949234 -4.675328255 -0.980648220 0.003526399 0.195746616 61.599357605
0.193578735 0.078447931 0.977943361 71.100944519 -0.012011047 0.996912837 -0.077592075 -4.729798794 -0.981011212 0.003274056 0.193923369 61.707389832
0.192129388 0.077521876 0.978302956 71.664825439 -0.008319886 0.996967852 -0.077366963 -4.777291775 -0.981334388 0.006725100 0.192191795 61.808803558
0.190170094 0.079024166 0.978565514 72.221481323 -0.004791685 0.996818006 -0.079566941 -4.819436073 -0.981739461 0.010442277 0.189943627 61.916061401
0.187349617 0.080933273 0.978953600 72.767257690 -0.000662915 0.996610224 -0.082266152 -4.862531185 -0.982293129 0.014763567 0.186768189 62.022060394
0.185794368 0.082982816 0.979078293 73.314010620 -0.001117860 0.996444702 -0.084242575 -4.902875423 -0.982588053 0.014557322 0.185226560 62.126605988
0.184281930 0.085591182 0.979139686 73.862823486 -0.001801655 0.996228814 -0.086745955 -4.943553925 -0.982871771 0.014221638 0.183741137 62.229309082
0.183008075 0.084039241 0.979512811 74.415710449 -0.000122797 0.996341586 -0.085460141 -4.990883350 -0.983111501 0.015519616 0.182348847 62.333435059
0.183986828 0.082616717 0.979450524 74.968986511 0.005936210 0.996349752 -0.085157275 -5.030815125 -0.982910812 0.021482043 0.182824835 62.425811768
0.186014831 0.080791697 0.979219615 75.515022278 0.011176161 0.996375144 -0.084330179 -5.069124699 -0.982483387 0.026630584 0.184437618 62.522758484
0.188343212 0.080142178 0.978827894 76.078903198 0.013847698 0.996349156 -0.084241278 -5.116215706 -0.982005656 0.029420789 0.186545819 62.627052307
0.190424398 0.080349840 0.978408039 76.633392334 0.010409005 0.996423542 -0.083855197 -5.160649300 -0.981646657 0.026152331 0.188907012 62.765556335
0.196738526 0.080622792 0.977135539 77.183441162 0.009052146 0.996421576 -0.084036641 -5.210446358 -0.980414212 0.025378415 0.195304707 62.866981506
0.203314140 0.079412438 0.975887716 77.746002197 0.010437663 0.996473014 -0.083262093 -5.252817631 -0.979057968 0.027114350 0.201768190 62.986434937
0.210822523 0.079744339 0.974266171 78.315307617 0.008519676 0.996479332 -0.083406053 -5.293945312 -0.977487266 0.025884312 0.209400848 63.117843628
0.219187379 0.077633001 0.972589314 78.889816284 0.008992542 0.996626377 -0.081578255 -5.337853432 -0.975641370 0.026626978 0.217749849 63.259693146
0.227826029 0.077111363 0.970643640 79.466133118 0.005664323 0.996737421 -0.080513828 -5.385560036 -0.973685443 0.023841187 0.226645947 63.412090302
0.237650692 0.077027336 0.968291700 80.058090210 0.004198485 0.996760190 -0.080322415 -5.430654526 -0.971341610 0.023154041 0.236557305 63.564552307
0.247333318 0.081223063 0.965520084 80.640121460 -0.001401386 0.996509194 -0.083470993 -5.472961903 -0.968929470 0.019292088 0.246583760 63.727577209
0.256515622 0.083513267 0.962925315 81.238891602 -0.004621509 0.996354759 -0.085181423 -5.514995575 -0.966529012 0.017400192 0.255966514 63.909362793
0.267478734 0.086493962 0.959673882 81.838424683 -0.008834692 0.996141255 -0.087318331 -5.559860706 -0.963523269 0.014877369 0.267210752 64.083747864
0.277797043 0.088049531 0.956596076 82.449645996 -0.010044378 0.996002495 -0.088759765 -5.612468243 -0.960587323 0.015048789 0.277570933 64.273315430
0.287425369 0.089017659 0.953657448 83.057518005 -0.013759386 0.995952785 -0.088818669 -5.660593987 -0.957704186 0.012407001 0.287486851 64.465240479
0.297733694 0.089231931 0.950469553 83.688644409 -0.014282127 0.995927036 -0.089025684 -5.709798336 -0.954542041 0.012931217 0.297795415 64.675636292
0.307788461 0.090295799 0.947160423 84.332336426 -0.018711410 0.995868325 -0.088858843 -5.759182930 -0.951270819 0.009627013 0.308206320 64.900169373
0.317763418 0.085579477 0.944299996 84.979858398 -0.017941443 0.996282876 -0.084253117 -5.805689812 -0.948000193 0.009830454 0.318117648 65.133903503
0.328907520 0.078743614 0.941073477 85.640151978 -0.014874386 0.996825933 -0.078210026 -5.856301308 -0.944244981 0.011725974 0.329034805 65.366729736
0.340030283 0.074323773 0.937472880 86.308143616 -0.013065187 0.997149229 -0.074316099 -5.905478477 -0.940323770 0.013021464 0.340031952 65.611557007
0.350422174 0.071041808 0.933893621 86.988098145 -0.013812609 0.997402728 -0.070690118 -5.953831673 -0.936489999 0.011871872 0.350493252 65.875061035
0.359780461 0.068815432 0.930495799 87.657867432 -0.007614762 0.997459710 -0.070823528 -5.992242813 -0.933005929 0.018395416 0.359390557 66.134765625
0.367716730 0.063256584 0.927783847 88.351737976 -0.001449901 0.997721553 -0.067450300 -6.038726807 -0.929936767 0.023457410 0.366970599 66.420410156
0.375689805 0.053824689 0.925181091 89.078071594 0.009083776 0.998050153 -0.061752703 -6.074545860 -0.926700950 0.031603996 0.374468327 66.689529419
0.382462472 0.049794972 0.922628403 89.785537720 0.013367184 0.998144031 -0.059411805 -6.119500637 -0.923874259 0.035055727 0.381087035 66.979095459
0.389816582 0.049660359 0.919552565 90.491020203 0.015491347 0.998049915 -0.060466699 -6.168925285 -0.920762181 0.037816033 0.388287127 67.281951904
0.397285432 0.056060065 0.915981233 91.205383301 0.017666405 0.997480214 -0.068710387 -6.209496021 -0.917525053 0.043479726 0.395294011 67.594352722
0.404349566 0.060215175 0.912620187 91.906166077 0.021492688 0.996929228 -0.075300582 -6.254051685 -0.914351940 0.050062418 0.401813716 67.897666931
0.409597069 0.062459812 0.910125852 92.611465454 0.019542996 0.996823668 -0.077204905 -6.305260658 -0.912057281 0.049409483 0.407075405 68.220436096
0.413993806 0.063639320 0.908052444 93.305671692 0.012748878 0.997050047 -0.075688958 -6.362963200 -0.910190403 0.042911410 0.411961168 68.553604126
0.417864144 0.067463450 0.906001210 93.992713928 0.005851926 0.997018516 -0.076939888 -6.419838905 -0.908490777 0.037452266 0.416223526 68.889114380
0.422300696 0.070921548 0.903677046 94.674568176 0.004758624 0.996747315 -0.080449574 -6.474458694 -0.906443238 0.038274173 0.420589626 69.200950623
0.426075071 0.075024650 0.901571572 95.345565796 0.001577250 0.996492386 -0.083668925 -6.533890724 -0.904686511 0.037071243 0.424462169 69.531822205
0.429890454 0.078058265 0.899500489 96.006217957 -0.001327414 0.996309340 -0.085824892 -6.590000153 -0.902880073 0.035701293 0.428407550 69.851226807
0.433634818 0.076295920 0.897852898 96.654357910 -0.002366212 0.996501923 -0.083535932 -6.651809692 -0.901085496 0.034099579 0.432298511 70.172195435
0.437969327 0.073175803 0.896006823 97.314338684 -0.001267557 0.996731043 -0.080782242 -6.710991859 -0.898989081 0.034244407 0.436630338 70.496055603
0.440964758 0.070357010 0.894762516 97.947959900 -0.001645184 0.996984422 -0.077584133 -6.767436981 -0.897522867 0.032739822 0.439750820 70.819747925
0.444520563 0.069703236 0.893052638 98.578994751 -0.002791306 0.997070849 -0.076432548 -6.822365761 -0.895764291 0.031483054 0.443413079 71.143096924
0.447718173 0.071364589 0.891322434 99.189270020 -0.005120231 0.996998250 -0.077253714 -6.876284599 -0.894160092 0.030024109 0.446739644 71.459487915
0.450407356 0.071816877 0.889930069 99.797042847 -0.004371735 0.996924996 -0.078238733 -6.931557178 -0.892812431 0.031348757 0.449336380 71.772674561
0.452515930 0.069905192 0.889012098 100.395050049 -0.002117581 0.997004151 -0.077319011 -6.981985569 -0.891753793 0.033105522 0.451308280 72.080230713
0.454432607 0.069131434 0.888094604 100.994438171 -0.000580613 0.997006655 -0.077312335 -7.034239769 -0.890780926 0.034617599 0.453112483 72.382606506
0.456494361 0.068654425 0.887073576 101.589553833 -0.000997666 0.997057319 -0.076653138 -7.080980778 -0.889725745 0.034106731 0.455219537 72.690963745
0.458489776 0.067769960 0.886111915 102.166244507 0.000532563 0.997066975 -0.076531373 -7.133129597 -0.888699532 0.035560768 0.457108945 72.992065430
0.461276799 0.069772892 0.884508491 102.728767395 -0.000177544 0.996910334 -0.078546919 -7.176470757 -0.887256205 0.036074840 0.459863991 73.282295227
0.463997602 0.069576323 0.883099794 103.286178589 0.003134536 0.996775508 -0.080179378 -7.227390289 -0.885830820 0.039971150 0.462283403 73.579986572
0.467174053 0.069094487 0.881461442 103.837081909 0.004465011 0.996744692 -0.080497563 -7.275733948 -0.884154081 0.041542113 0.465344787 73.869155884
0.469825625 0.067485839 0.880175829 104.377227783 0.007177576 0.996748447 -0.080255121 -7.330299377 -0.882730067 0.044023439 0.467813551 74.178413391
0.473547727 0.066458046 0.878257275 104.881675720 0.008203791 0.996773183 -0.079849601 -7.374498367 -0.880729973 0.045017637 0.471474439 74.420104980
0.476734221 0.065938450 0.876570880 105.400100708 0.009567853 0.996734381 -0.080181122 -7.418713093 -0.878995359 0.046611995 0.474546522 74.704612732
0.480234087 0.065144487 0.874717832 105.915946960 0.009975086 0.996768057 -0.079710640 -7.468309879 -0.877083659 0.047005150 0.478032172 74.991233826
0.483467013 0.064636655 0.872972906 106.423995972 0.011845574 0.996695697 -0.080357611 -7.509468079 -0.875282407 0.049191114 0.481103837 75.278549194
0.487667084 0.065690659 0.870554745 106.929237366 0.011370486 0.996602654 -0.081571549 -7.556715012 -0.872955620 0.049678385 0.485263348 75.555427551
0.491230309 0.065892637 0.868533731 107.425346375 0.013245331 0.996454120 -0.083088867 -7.608078480 -0.870929062 0.052319787 0.488615662 75.855125427
0.496420503 0.069550186 0.865291536 107.915573120 0.010698714 0.996219397 -0.086211763 -7.650253296 -0.868016243 0.052054800 0.493799627 76.134902954
0.501846910 0.075237364 0.861677945 108.398620605 0.007384663 0.995800674 -0.091249160 -7.697269440 -0.864924788 0.052156318 0.499183953 76.426742554
0.507565856 0.082470201 0.857656956 108.881317139 0.002019074 0.995292127 -0.096899733 -7.746168613 -0.861610651 0.050914679 0.505009770 76.729377747
0.513285160 0.088673383 0.853624940 109.362426758 -0.003298165 0.994844317 -0.101359881 -7.800487041 -0.858211815 0.049211115 0.510931253 77.040466309
0.519912601 0.092985399 0.849143445 109.832550049 -0.006994623 0.994487822 -0.104618661 -7.855024338 -0.854190826 0.048453119 0.517697155 77.332458496
0.525552809 0.093326710 0.845626593 110.322135925 -0.011124955 0.994633913 -0.102857627 -7.905039310 -0.850688338 0.044649567 0.523770809 77.647888184
0.530876637 0.092450954 0.842391133 110.814117432 -0.017523509 0.995016634 -0.098157972 -7.957594395 -0.847267926 0.037348125 0.529851079 77.981163025
0.536619902 0.090071335 0.839003086 111.312461853 -0.023664333 0.995502055 -0.091736779 -8.009874344 -0.843492210 0.029373335 0.536337674 78.320686340
0.542399585 0.088466875 0.835449636 111.812210083 -0.030810561 0.995865881 -0.085450388 -8.067213058 -0.839555502 0.020607581 0.542882919 78.657844543
0.548385441 0.086387932 0.831751466 112.320968628 -0.033163965 0.996113777 -0.081593573 -8.115105629 -0.835567892 0.017160550 0.549119234 79.010009766
0.554808497 0.090081476 0.827086985 112.834831238 -0.037938111 0.995826185 -0.083010770 -8.156571388 -0.831112683 0.014676967 0.555910408 79.372665405
0.560575128 0.094128035 0.822736502 113.351921082 -0.042241100 0.995475769 -0.085109703 -8.204645157 -0.827025354 0.012957076 0.562015057 79.749374390
0.567005754 0.097479939 0.817925513 113.878379822 -0.044781171 0.995152354 -0.087558366 -8.247368813 -0.822495639 0.013018430 0.568622351 80.124366760
0.573197365 0.099772282 0.813320458 114.406150818 -0.047290415 0.994933069 -0.088722728 -8.296056747 -0.818051517 0.012393366 0.575011253 80.513153076
