1.000000000 0.000000000 0.000000000 0.000000000 0.000000000 1.000000000 0.000000000 0.000000000 0.000000000 0.000000000 1.000000000 0.000000000
1.000000000 -0.000043191 0.000140612 -0.015005590 0.000042989 0.999998987 0.001432810 -0.012637930 -0.000140674 -0.001432804 0.999998987 1.315660357
0.999998450 -0.001584480 -0.000687393 -0.009567693 0.001585677 0.999997199 0.001745639 -0.038779479 0.000684625 -0.001746726 0.999998152 2.617750645
0.999995768 -0.002810979 -0.000716590 -0.013664346 0.002811473 0.999995768 0.000688934 -0.054068316 0.000714650 -0.000690946 0.999999523 3.930284262
0.999995232 -0.003045347 -0.000507371 -0.025656488 0.003045705 0.999995112 0.000707111 -0.070877850 0.000505215 -0.000708653 0.999999642 5.254192829
0.999993145 -0.003644722 -0.000690690 -0.023654504 0.003645893 0.999991834 0.001701455 -0.097558968 0.000684483 -0.001703962 0.999998331 6.572810650
0.999986768 -0.005132742 -0.000364314 -0.031569045 0.005133673 0.999983370 0.002602667 -0.109938964 0.000350949 -0.002604503 0.999996603 7.898619175
0.999989092 -0.004647006 -0.000406548 -0.039781909 0.004648358 0.999983370 0.003388843 -0.133172363 0.000390794 -0.003390696 0.999994159 9.236277580
0.999993503 -0.003560655 -0.000577429 -0.050324179 0.003561480 0.999992609 0.001435784 -0.149357840 0.000572312 -0.001437831 0.999998808 10.581688881
0.999998510 -0.001389727 -0.000955678 -0.051980797 0.001389334 0.999998868 -0.000411595 -0.172594503 0.000956249 0.000410267 0.999999404 11.935538292
0.999997199 0.002307605 -0.000577729 -0.072927214 -0.002308334 0.999996543 -0.001264319 -0.201456964 0.000574809 0.001265649 0.999999046 13.249262810
0.999988437 0.004737990 -0.000736598 -0.083587237 -0.004739034 0.999987841 -0.001422273 -0.223127142 0.000729850 0.001425748 0.999998689 14.589067459
0.999983013 0.005825418 -0.000298898 -0.096330099 -0.005825555 0.999982953 -0.000461199 -0.245879069 0.000296207 0.000462933 0.999999821 15.936820984
0.999994457 0.003324813 -0.000170934 -0.097905114 -0.003324411 0.999991775 0.002299496 -0.265255064 0.000178578 -0.002298915 0.999997318 17.290929794
0.999999464 -0.001056456 -0.000067785 -0.094279699 0.001056741 0.999990046 0.004352562 -0.290775567 0.000063186 -0.004352630 0.999990463 18.660737991
0.999993443 -0.003611965 -0.000020960 -0.102701485 0.003611999 0.999991715 0.001885848 -0.303905517 0.000014148 -0.001885911 0.999998212 19.986097336
0.999989927 -0.004486755 -0.000031389 -0.113425761 0.004486759 0.999989867 0.000105356 -0.322420597 0.000030916 -0.000105495 1.000000000 21.333185196
0.999997020 -0.002105477 0.001245531 -0.132583499 0.002107179 0.999996841 -0.001367203 -0.345716625 -0.001242649 0.001369823 0.999998212 22.681999207
0.999998748 0.000744039 0.001392821 -0.125793114 -0.000744321 0.999999702 0.000201523 -0.365569860 -0.001392671 -0.000202560 0.999998987 24.051582336
0.999996960 0.001379905 0.002031567 -0.132058248 -0.001387496 0.999992013 0.003739427 -0.383283675 -0.002026391 -0.003742235 0.999990880 25.430215836
0.999995172 -0.001190263 0.002864782 -0.138977736 0.001173352 0.999981880 0.005897604 -0.400488913 -0.002871750 -0.005894215 0.999978423 26.799407959
0.999978602 -0.006336134 0.001603415 -0.117851630 0.006329429 0.999971330 0.004152248 -0.422701418 -0.001629678 -0.004142011 0.999990106 28.183713913
0.999979079 -0.006176236 0.001933851 -0.127421081 0.006172648 0.999979198 0.001855738 -0.435882002 -0.001945272 -0.001843763 0.999996424 29.551221848
0.999974012 -0.006714083 0.002616476 -0.132991180 0.006716223 0.999977052 -0.000809827 -0.456537455 -0.002610979 0.000827379 0.999996245 30.923240662
0.999989033 -0.003179247 0.003419967 -0.146789834 0.003183883 0.999993980 -0.001351095 -0.480847627 -0.003415652 0.001361969 0.999993265 32.300838470
0.999989748 -0.002958811 0.003402057 -0.138048202 0.002970571 0.999989629 -0.003456858 -0.508225679 -0.003391794 0.003466928 0.999988198 33.689537048
0.999990761 -0.002147983 0.003698187 -0.143196627 0.002158199 0.999993861 -0.002760628 -0.531070471 -0.003692235 0.002768584 0.999989331 35.074600220
0.999992371 -0.001693293 0.003523698 -0.150972486 0.001699780 0.999996841 -0.001838824 -0.554430842 -0.003520574 0.001844799 0.999992013 36.461875916
0.999994814 -0.000312448 0.003177885 -0.156678230 0.000312760 0.999999940 -0.000097656 -0.579431832 -0.003177854 0.000098650 0.999994934 37.868156433
0.999992609 0.002296430 0.003079666 -0.157409951 -0.002297682 0.999997199 0.000403072 -0.609313786 -0.003078732 -0.000410145 0.999995112 39.267082214
0.999980807 0.005028304 0.003602113 -0.170284644 -0.005027874 0.999987364 -0.000128276 -0.628728628 -0.003602712 0.000110162 0.999993503 40.659084320
0.999970794 0.006799325 0.003491434 -0.172360137 -0.006800317 0.999976754 0.000271921 -0.650328279 -0.003489504 -0.000295656 0.999993861 42.068851471
0.999965191 0.007791303 0.002992159 -0.174812093 -0.007791905 0.999969542 0.000189357 -0.668377042 -0.002990592 -0.000212665 0.999995530 43.469875336
0.999972582 0.006906967 0.002662448 -0.178288877 -0.006907231 0.999976158 0.000090347 -0.696890295 -0.002661761 -0.000108734 0.999996364 44.881565094
0.999978185 0.006310089 0.001974589 -0.183292329 -0.006309321 0.999980032 -0.000394773 -0.717275321 -0.001977040 0.000382306 0.999997914 46.278228760
0.999985695 0.005256176 0.000974404 -0.183060229 -0.005256272 0.999986172 0.000096957 -0.744600475 -0.000973881 -0.000102077 0.999999464 47.691497803
0.999983609 0.005716529 -0.000239327 -0.186217979 -0.005716274 0.999983013 0.001057337 -0.763071120 0.000245367 -0.001055952 0.999999404 49.114364624
0.999981523 0.005956632 -0.001205940 -0.195046425 -0.005955360 0.999981701 0.001055692 -0.790726066 0.001212206 -0.001048491 0.999998629 50.531295776
0.999977529 0.006268955 -0.002326625 -0.211281121 -0.006265500 0.999979258 0.001489090 -0.809834301 0.002335911 -0.001474479 0.999996126 51.945816040
0.999975085 0.006237466 -0.003291327 -0.224165365 -0.006229730 0.999977767 0.002355346 -0.833486795 0.003305946 -0.002334784 0.999991834 53.363651276
0.999980450 0.004844882 -0.003963544 -0.234993830 -0.004831497 0.999982655 0.003379686 -0.853645325 0.003979850 -0.003360469 0.999986470 54.802955627
0.999985099 0.002674701 -0.004755885 -0.241974682 -0.002657366 0.999989808 0.003647577 -0.876381278 0.004765593 -0.003634885 0.999982059 56.231449127
0.999988139 0.000495221 -0.004850907 -0.260407448 -0.000480761 0.999995410 0.002981608 -0.897052109 0.004852362 -0.002979240 0.999983728 57.642127991
0.999987483 -0.000580288 -0.004977619 -0.274576932 0.000597709 0.999993682 0.003499172 -0.917921960 0.004975557 -0.003502103 0.999981463 59.063606262
0.999987721 -0.002033812 -0.004514650 -0.282577544 0.002051904 0.999989808 0.004006316 -0.938179016 0.004506456 -0.004015530 0.999981761 60.480857849
0.999985397 -0.003517462 -0.004099387 -0.291063577 0.003538351 0.999980748 0.005099644 -0.958057702 0.004081368 -0.005114074 0.999978602 61.912960052
0.999983847 -0.004516659 -0.003444114 -0.306814432 0.004532382 0.999979258 0.004570996 -0.983968973 0.003423397 -0.004586532 0.999983609 63.315330505
0.999979198 -0.005718279 -0.002989518 -0.318559170 0.005729783 0.999976158 0.003854100 -1.002279401 0.002967407 -0.003871150 0.999988079 64.728080750
0.999976337 -0.006301448 -0.002764233 -0.314807445 0.006310986 0.999974251 0.003456197 -1.024765491 0.002742383 -0.003473560 0.999990225 66.139587402
0.999984860 -0.005185866 -0.001827000 -0.326059401 0.005192245 0.999980330 0.003504607 -1.044062853 0.001808789 -0.003514040 0.999992192 67.568252563
0.999998391 -0.001272539 -0.001268495 -0.343978018 0.001277923 0.999990165 0.004252242 -1.058236837 0.001263071 -0.004253858 0.999990165 68.959060669
0.999997914 0.002021652 -0.000232620 -0.363251686 -0.002020325 0.999982536 0.005569149 -1.077796817 0.000243875 -0.005568668 0.999984503 70.357582092
0.999984384 0.005575465 0.000371361 -0.370028228 -0.005577643 0.999965549 0.006147061 -1.097780585 -0.000337075 -0.006149036 0.999981046 71.755569458
0.999954462 0.009484871 0.001049728 -0.386844039 -0.009490892 0.999937594 0.005886109 -1.114937067 -0.000993833 -0.005895804 0.999982178 73.156440735
0.999913335 0.013054842 0.001673879 -0.396825671 -0.013063516 0.999900699 0.005280726 -1.138896465 -0.001604773 -0.005302136 0.999984682 74.559837341
0.999887586 0.014791688 0.002441258 -0.405106366 -0.014804397 0.999876499 0.005272943 -1.156499863 -0.002362960 -0.005308492 0.999983072 75.952209473
0.999884129 0.014979305 0.002720651 -0.411296010 -0.014993939 0.999872744 0.005439910 -1.168633938 -0.002638819 -0.005480072 0.999981523 77.352729797
0.999897361 0.014017326 0.002973173 -0.419885069 -0.014032634 0.999888062 0.005192123 -1.197185040 -0.002900060 -0.005233312 0.999982119 78.735427856
0.999914169 0.012792387 0.002831394 -0.423673630 -0.012804288 0.999909103 0.004226826 -1.215010166 -0.002777065 -0.004262717 0.999987006 80.120903015
0.999925613 0.011960218 0.002394492 -0.423890084 -0.011970479 0.999919057 0.004317966 -1.234467030 -0.002342654 -0.004346308 0.999987781 81.500617981
0.999926984 0.011888537 0.002156358 -0.427109540 -0.011898004 0.999919355 0.004432729 -1.252765179 -0.002103485 -0.004458061 0.999987841 82.877593994
0.999937952 0.011059330 0.001343965 -0.422054321 -0.011064629 0.999930799 0.004002041 -1.270504713 -0.001299613 -0.004016663 0.999991000 84.250175476
0.999934733 0.011388524 0.000818395 -0.439423174 -0.011391998 0.999925494 0.004373280 -1.287281513 -0.000768529 -0.004382319 0.999990046 85.628326416
0.999939978 0.010955626 -0.000172783 -0.445363104 -0.010954614 0.999927223 0.005048633 -1.306756496 0.000228081 -0.005046437 0.999987245 86.995918274
0.999961793 0.008669063 -0.001122912 -0.456076682 -0.008662339 0.999945283 0.005859868 -1.320214391 0.001173650 -0.005849917 0.999982238 88.388633728
0.999971211 0.007153557 -0.002540625 -0.456323624 -0.007136712 0.999952853 0.006578323 -1.349939227 0.002587564 -0.006560002 0.999975145 89.752655029
0.999982655 0.004686368 -0.003578903 -0.458399862 -0.004662498 0.999966979 0.006649351 -1.366274357 0.003609946 -0.006632549 0.999971509 91.129150391
0.999986410 0.003326021 -0.004007909 -0.468444645 -0.003300863 0.999974847 0.006267555 -1.391371727 0.004028655 -0.006254239 0.999972284 92.493690491
0.999988198 0.002640139 -0.004048082 -0.483935535 -0.002616669 0.999979734 0.005792183 -1.404677153 0.004063292 -0.005781522 0.999974966 93.833091736
0.999987841 0.002818006 -0.004026540 -0.497721195 -0.002796632 0.999981999 0.005304004 -1.425854206 0.004041413 -0.005292680 0.999977827 95.203338623
0.999988258 0.002917364 -0.003846329 -0.515471518 -0.002899616 0.999985099 0.004611814 -1.441748023 0.003859726 -0.004600607 0.999981940 96.557182312
0.999986172 0.003629394 -0.003796624 -0.526067793 -0.003613973 0.999985218 0.004060769 -1.464047074 0.003811305 -0.004046992 0.999984562 97.920425415
0.999980450 0.005223844 -0.003439550 -0.549128890 -0.005209670 0.999977946 0.004117050 -1.479028821 0.003460981 -0.004099051 0.999985635 99.260894775
0.999981403 0.005263671 -0.003077722 -0.554895401 -0.005245954 0.999969721 0.005736198 -1.501487851 0.003107823 -0.005719947 0.999978840 100.599769592
0.999973774 0.006601174 -0.002996042 -0.575890601 -0.006579576 0.999952793 0.007162251 -1.518357515 0.003043180 -0.007142351 0.999969840 101.929718018
0.999978185 0.005988561 -0.002796783 -0.578970134 -0.005972848 0.999966502 0.005593447 -1.540462732 0.002830186 -0.005576620 0.999980390 103.285911560
0.999979198 0.005869401 -0.002676087 -0.595888317 -0.005860452 0.999977171 0.003340077 -1.555380583 0.002695630 -0.003324324 0.999990821 104.612419128
0.999982297 0.005181006 -0.002924150 -0.598752797 -0.005174753 0.999984324 0.002141776 -1.580115557 0.002935201 -0.002126607 0.999993443 105.943199158
0.999992073 0.002777314 -0.002828642 -0.609710813 -0.002766561 0.999988973 0.003797980 -1.602239132 0.002839159 -0.003790125 0.999988794 107.266342163
0.999997556 0.000956035 -0.001984689 -0.622909307 -0.000945947 0.999986649 0.005077769 -1.612389684 0.001989516 -0.005075880 0.999985158 108.608551025
0.999998808 -0.000619933 -0.001376341 -0.629168212 0.000627856 0.999983191 0.005763425 -1.634109378 0.001372745 -0.005764283 0.999982476 109.943351746
0.999999046 -0.001453577 -0.000300250 -0.638600886 0.001454869 0.999989629 0.004349488 -1.650429010 0.000293925 -0.004349920 0.999990523 111.283317566
0.999999583 0.000792228 0.000587028 -0.653977036 -0.000793516 0.999997318 0.002197195 -1.670109868 -0.000585285 -0.002197660 0.999997437 112.602409363
0.999994755 0.002774488 0.001654726 -0.656597853 -0.002774238 0.999996126 -0.000152999 -1.688083649 -0.001655145 0.000148408 0.999998629 113.942558289
0.999979615 0.005705893 0.002889798 -0.663050413 -0.005705934 0.999983788 0.000005973 -1.709113359 -0.002889717 -0.000022461 0.999995828 115.260963440
0.999966145 0.006911431 0.004463552 -0.667142868 -0.006920920 0.999973953 0.002113892 -1.736590147 -0.004448826 -0.002144713 0.999987721 116.600929260
0.999958158 0.007109683 0.005742710 -0.671668112 -0.007135598 0.999964476 0.004504920 -1.755941629 -0.005710476 -0.004545710 0.999973297 117.916961670
0.999960542 0.006319557 0.006247791 -0.665472329 -0.006350340 0.999967754 0.004919582 -1.774382353 -0.006216500 -0.004959063 0.999968350 119.269721985
0.999948680 0.007157548 0.007173891 -0.658924997 -0.007187599 0.999965489 0.004171888 -1.786760807 -0.007143784 -0.004223239 0.999965608 120.622711182
0.999923944 0.008792429 0.008649354 -0.661772847 -0.008826216 0.999953508 0.003875879 -1.808907986 -0.008614874 -0.003951925 0.999955058 121.935279846
0.999893486 0.010764388 0.009854197 -0.656285167 -0.010798763 0.999935806 0.003441741 -1.821741939 -0.009816516 -0.003547788 0.999945462 123.286865234
0.999872923 0.011580219 0.010957683 -0.654977202 -0.011607023 0.999929726 0.002385718 -1.842030525 -0.010929286 -0.002512601 0.999937117 124.626243591
0.999842048 0.012913765 0.012213835 -0.655874848 -0.012932364 0.999915242 0.001445017 -1.858378053 -0.012194138 -0.001602742 0.999924421 125.966720581
0.999847829 0.011676171 0.012971196 -0.641757846 -0.011694555 0.999930680 0.001342403 -1.877645493 -0.012954625 -0.001493891 0.999914944 127.324554443
0.999837518 0.011292983 0.014046496 -0.634096980 -0.011328606 0.999932885 0.002459163 -1.896421313 -0.014017780 -0.002617890 0.999898314 128.668518066
0.999845207 0.009728558 0.014655526 -0.620443702 -0.009780016 0.999946356 0.003443587 -1.918048143 -0.014621237 -0.003586386 0.999886692 130.014068604
0.999844551 0.009064660 0.015121475 -0.606950283 -0.009120486 0.999951839 0.003626941 -1.932061315 -0.015087867 -0.003764293 0.999879122 131.365585327
0.999858201 0.007077493 0.015277635 -0.596088648 -0.007135333 0.999967515 0.003734824 -1.951091766 -0.015250707 -0.003843306 0.999876320 132.709274292
0.999869943 0.005421788 0.015188510 -0.586048603 -0.005487286 0.999975801 0.004273952 -1.968719602 -0.015164969 -0.004356741 0.999875426 134.040924072
0.999885023 0.003796448 0.014680489 -0.575085878 -0.003853000 0.999985158 0.003825938 -1.983925581 -0.014665748 -0.003882062 0.999884844 135.389633179
0.999905884 0.002549468 0.013480254 -0.566565514 -0.002599397 0.999989748 0.003687582 -2.000006676 -0.013470717 -0.003722275 0.999902308 136.720138550
0.999924242 0.001232956 0.012243984 -0.541133761 -0.001290754 0.999988079 0.004713756 -2.022057533 -0.012238025 -0.004729204 0.999913931 138.061828613
0.999934912 -0.000129766 0.011409332 -0.534507394 0.000074468 0.999988258 0.004847058 -2.038530350 -0.011409828 -0.004845893 0.999923170 139.401489258
0.999951065 -0.000317856 0.009887130 -0.521504760 0.000271947 0.999989152 0.004644315 -2.055409670 -0.009888499 -0.004641399 0.999940336 140.749053955
0.999960005 -0.000688675 0.008910612 -0.519296050 0.000651211 0.999990940 0.004206640 -2.075361729 -0.008913429 -0.004200669 0.999951422 142.089523315
0.999970496 -0.000640621 0.007654600 -0.516406298 0.000611203 0.999992371 0.003844847 -2.092532873 -0.007657005 -0.003840055 0.999963343 143.431503296
0.999970555 -0.003764635 0.006678415 -0.497723699 0.003753941 0.999991655 0.001613065 -2.115647078 -0.006684431 -0.001587948 0.999976397 144.763397217
0.999939978 -0.009232133 0.005906933 -0.494807482 0.009225195 0.999956727 0.001200694 -2.135078192 -0.005917763 -0.001146129 0.999981821 146.111267090
0.999848664 -0.016736513 0.004731293 -0.481134236 0.016718835 0.999853134 0.003752147 -2.159855127 -0.004793397 -0.003672478 0.999981761 147.464355469
0.999729335 -0.023049701 0.003180211 -0.472660154 0.023033740 0.999722362 0.004966160 -2.173774719 -0.003293797 -0.004891563 0.999982655 148.800033569
0.999641657 -0.026705628 0.001800759 -0.460986137 0.026702654 0.999642074 0.001654756 -2.193011045 -0.001844306 -0.001606079 0.999997020 150.154464722
0.999647319 -0.026437141 0.002516297 -0.465433717 0.026440367 0.999649584 -0.001255640 -2.221894264 -0.002482221 0.001321729 0.999996066 151.487258911
0.999733925 -0.022825617 0.003344097 -0.473376036 0.022835758 0.999734640 -0.003025128 -2.250486612 -0.003274159 0.003100687 0.999989867 152.811630249
0.999729037 -0.022897759 0.004187748 -0.471660435 0.022912098 0.999731600 -0.003409002 -2.271487236 -0.004108566 0.003504028 0.999985397 154.166580200
0.999643385 -0.026244439 0.004944695 -0.472859740 0.026244458 0.999655545 0.000061381 -2.297359228 -0.004944602 0.000068411 0.999987781 155.512954712
0.999481142 -0.031789564 0.005167062 -0.459102392 0.031774275 0.999490499 0.003013893 -2.322576523 -0.005260238 -0.002848150 0.999982119 156.864639282
0.999363899 -0.035261713 0.005315455 -0.455118001 0.035238087 0.999368966 0.004472720 -2.339962006 -0.005469815 -0.004282569 0.999975860 158.199325562
0.999299765 -0.037030537 0.005346087 -0.443028510 0.037007194 0.999305248 0.004402393 -2.361791372 -0.005505396 -0.004201467 0.999976039 159.553878784
0.999352217 -0.035404809 0.006454556 -0.448456883 0.035371546 0.999360740 0.005197517 -2.379208326 -0.006634447 -0.004965841 0.999965727 160.887283325
0.999492526 -0.031015156 0.007267536 -0.438975930 0.030985896 0.999511421 0.004103960 -2.394221544 -0.007391270 -0.003876687 0.999965191 162.256835938
0.999588192 -0.027415408 0.008468383 -0.446579099 0.027400149 0.999622643 0.001913208 -2.410714626 -0.008517639 -0.001680385 0.999962330 163.581497192
0.999659061 -0.024347460 0.009426288 -0.443501353 0.024338396 0.999703288 0.001074763 -2.426280260 -0.009449657 -0.000844976 0.999955058 164.932113647
0.999699891 -0.022541616 0.009594820 -0.440778375 0.022516243 0.999742687 0.002743992 -2.454838037 -0.009654206 -0.002527130 0.999950230 166.280914307
0.999739766 -0.020912224 0.009112905 -0.429319620 0.020890489 0.999778748 0.002473745 -2.479090452 -0.009162621 -0.002282728 0.999955416 167.649887085
0.999793172 -0.018291300 0.008891279 -0.427098155 0.018295912 0.999832451 -0.000437474 -2.491466522 -0.008881789 0.000600057 0.999960303 169.003692627
0.999859333 -0.014385218 0.008622614 -0.431584954 0.014412700 0.999891222 -0.003133619 -2.515416145 -0.008576597 0.003257453 0.999957919 170.351348877
0.999922812 -0.009086390 0.008475666 -0.431140542 0.009123575 0.999948859 -0.004359202 -2.542798996 -0.008435624 0.004436194 0.999954522 171.722183228
0.999949217 -0.004888357 0.008810481 -0.434099913 0.004915605 0.999983191 -0.003073724 -2.569043636 -0.008795307 0.003116877 0.999956489 173.092620850
0.999953747 -0.001819632 0.009443010 -0.436229944 0.001832127 0.999997556 -0.001314735 -2.592521667 -0.009440595 0.001331975 0.999954522 174.457885742
0.999955654 -0.000857800 0.009378798 -0.431898475 0.000848145 0.999999106 0.001033394 -2.615663767 -0.009379678 -0.001025394 0.999955475 175.838088989
0.999953091 -0.004489197 0.008576667 -0.426665902 0.004470772 0.999987543 0.002166351 -2.639006853 -0.008586287 -0.002127905 0.999960899 177.212707520
0.999957561 -0.006206498 0.006807926 -0.411541700 0.006192560 0.999978662 0.002066477 -2.654551983 -0.006820607 -0.002024231 0.999974668 178.603393555
0.999968469 -0.006131440 0.005036413 -0.412343621 0.006143745 0.999978185 -0.002431554 -2.675537825 -0.005021393 0.002462419 0.999984324 179.999832153
0.999980628 -0.005354586 0.003174205 -0.407240450 0.005374404 0.999966025 -0.006267981 -2.705190659 -0.003140535 0.006284920 0.999975324 181.386093140
0.999996662 -0.000355237 0.002567352 -0.418190777 0.000372984 0.999976039 -0.006915585 -2.732693672 -0.002564834 0.006916519 0.999972820 182.785842896
0.999992013 0.003205032 0.002395834 -0.425449908 -0.003190271 0.999975979 -0.006140343 -2.761870384 -0.002415456 0.006132651 0.999978304 184.183425903
0.999981642 0.005300986 0.002925544 -0.438348472 -0.005293383 0.999982536 -0.002600957 -2.792097092 -0.002939281 0.002585423 0.999992251 185.571640015
0.999977648 0.005816438 0.003287736 -0.444696963 -0.005814764 0.999982893 -0.000518519 -2.815795422 -0.003290697 0.000499390 0.999994397 186.965164185
0.999981642 0.005109257 0.003249951 -0.442618847 -0.005110498 0.999986887 0.000373908 -2.833109140 -0.003247998 -0.000390510 0.999994636 188.385559082
0.999988377 0.003523809 0.003295434 -0.445941746 -0.003526414 0.999993443 0.000784988 -2.854874849 -0.003292645 -0.000796600 0.999994278 189.801086426
0.999992967 0.001047100 0.003590198 -0.450100541 -0.001052154 0.999998450 0.001406077 -2.878947496 -0.003588720 -0.001409845 0.999992609 191.227951050
0.999991953 -0.001825241 0.003551499 -0.437161684 0.001820237 0.999997258 0.001411555 -2.900751114 -0.003554066 -0.001405079 0.999992669 192.640029907
0.999979436 -0.005022566 0.003961090 -0.434064627 0.005012848 0.999984324 0.002459466 -2.920712948 -0.003973380 -0.002439559 0.999989092 194.077087402
0.999943614 -0.009648696 0.004429619 -0.432793498 0.009630291 0.999944985 0.004157903 -2.941913128 -0.004469493 -0.004115010 0.999981523 195.508880615
0.999915302 -0.012219653 0.004482394 -0.422157764 0.012201320 0.999917209 0.004094647 -2.959947109 -0.004532058 -0.004039609 0.999981523 196.950485229
0.999932945 -0.010411427 0.005063938 -0.426481485 0.010412404 0.999945700 -0.000166099 -2.985266209 -0.005061933 0.000218816 0.999987185 198.369018555
0.999982178 -0.002898711 0.005229293 -0.431096792 0.002927201 0.999980807 -0.005448154 -3.003571033 -0.005213401 0.005463364 0.999971509 199.791152954
0.999954402 0.006551050 0.006944887 -0.451612234 -0.006514162 0.999964595 -0.005320793 -3.038384676 -0.006979499 0.005275309 0.999961734 201.247665405
0.999866366 0.014208728 0.008079113 -0.466328859 -0.014193585 0.999897361 -0.001928549 -3.059828043 -0.008105687 0.001813621 0.999965489 202.677230835
0.999846160 0.015080268 0.008960247 -0.467427731 -0.015086718 0.999885976 0.000652989 -3.092718124 -0.008949379 -0.000788069 0.999959648 204.110015869
0.999881685 0.012943227 0.008313728 -0.457234740 -0.012953449 0.999915421 0.001177098 -3.113138437 -0.008297790 -0.001284650 0.999964714 205.555404663
0.999928296 0.009516331 0.007271633 -0.451099515 -0.009524334 0.999954045 0.001066728 -3.133735180 -0.007261147 -0.001135909 0.999972999 207.003005981
0.999947608 0.007818096 0.006619420 -0.453706741 -0.007822527 0.999969184 0.000643719 -3.153534174 -0.006614184 -0.000695466 0.999977887 208.453903198
0.999949098 0.008152230 0.005946999 -0.443082333 -0.008151529 0.999966681 -0.000142248 -3.175302744 -0.005947961 0.000093764 0.999982297 209.927124023
0.999939024 0.009431934 0.005750406 -0.443288803 -0.009432941 0.999955535 0.000148088 -3.198624849 -0.005748755 -0.000202323 0.999983430 211.395141602
0.999926984 0.010517010 0.005949819 -0.455254793 -0.010524565 0.999943733 0.001240155 -3.224713326 -0.005936442 -0.001302684 0.999981523 212.850677490
0.999933064 0.010176511 0.005494722 -0.446594834 -0.010178610 0.999948084 0.000353957 -3.244011164 -0.005490835 -0.000409862 0.999984860 214.335159302
0.999941230 0.009661772 0.004919112 -0.438584328 -0.009658890 0.999953210 -0.000609630 -3.272938251 -0.004924772 0.000562081 0.999987721 215.814453125
0.999950707 0.008670219 0.004830386 -0.441172123 -0.008665686 0.999961972 -0.000958744 -3.291374922 -0.004838514 0.000916838 0.999987900 217.279067993
0.999948502 0.009120763 0.004454725 -0.443109512 -0.009115951 0.999957800 -0.001099625 -3.315935373 -0.004464567 0.001058959 0.999989450 218.755584717
0.999946773 0.009347023 0.004391537 -0.448591530 -0.009342047 0.999955714 -0.001152753 -3.342121124 -0.004402118 0.001111666 0.999989688 220.238861084
0.999950469 0.009060594 0.004115925 -0.451907754 -0.009055385 0.999958158 -0.001282417 -3.369174957 -0.004127373 0.001245082 0.999990702 221.722808838
0.999941409 0.010111997 0.003872514 -0.461375415 -0.010105829 0.999947548 -0.001609425 -3.393732548 -0.003888586 0.001570196 0.999991238 223.200653076
0.999949694 0.009442132 0.003376035 -0.457454741 -0.009436742 0.999954104 -0.001608375 -3.422457695 -0.003391067 0.001576436 0.999993026 224.711318970
0.999943733 0.010069015 0.003366290 -0.471745431 -0.010063752 0.999948084 -0.001576922 -3.447123528 -0.003381993 0.001542956 0.999993086 226.186462402
0.999951959 0.009284472 0.003125877 -0.469097257 -0.009278941 0.999955356 -0.001778910 -3.473154783 -0.003142254 0.001749819 0.999993503 227.707550049
0.999965012 0.007828264 0.002961272 -0.471926630 -0.007822364 0.999967396 -0.001998442 -3.497109890 -0.002976820 0.001975208 0.999993622 229.203506470
0.999974728 0.006274600 0.003340962 -0.476750851 -0.006269864 0.999979317 -0.001426167 -3.532109976 -0.003349841 0.001405184 0.999993384 230.710342407
0.999979258 0.005205029 0.003797132 -0.487173021 -0.005201512 0.999985993 -0.000935866 -3.552050352 -0.003801950 0.000916095 0.999992311 232.215362549
0.999978662 0.005477073 0.003552326 -0.481900513 -0.005475506 0.999984860 -0.000450887 -3.588240385 -0.003554742 0.000431426 0.999993503 233.734024048
0.999973476 0.006211509 0.003798566 -0.486808300 -0.006208625 0.999980569 -0.000770618 -3.614373446 -0.003803279 0.000747014 0.999992430 235.250305176
0.999973536 0.006170989 0.003849961 -0.484841049 -0.006167386 0.999980450 -0.000946963 -3.648941278 -0.003855729 0.000923194 0.999992132 236.751419067
0.999960601 0.007684221 0.004431779 -0.487783909 -0.007683010 0.999970436 -0.000290658 -3.675460577 -0.004433881 0.000256597 0.999990165 238.263015747
0.999949574 0.008466690 0.005406041 -0.493507624 -0.008475015 0.999962866 0.001518649 -3.693769693 -0.005392983 -0.001564388 0.999984264 239.779632568
0.999949574 0.008090337 0.005952611 -0.497393370 -0.008101686 0.999965429 0.001884993 -3.713665009 -0.005937155 -0.001933125 0.999980509 241.303192139
0.999941230 0.008435011 0.006816481 -0.502514005 -0.008438298 0.999964297 0.000453728 -3.737648964 -0.006812410 -0.000511220 0.999976695 242.817016602
0.999937654 0.008645553 0.007063702 -0.495548964 -0.008641236 0.999962449 -0.000641443 -3.769381523 -0.007068983 0.000580364 0.999974787 244.330062866
0.999931574 0.008922081 0.007567155 -0.492460966 -0.008923104 0.999960184 0.000101282 -3.793051720 -0.007565950 -0.000168797 0.999971330 245.842071533
0.999936104 0.008725943 0.007181428 -0.492366552 -0.008733218 0.999961376 0.000982337 -3.823529959 -0.007172579 -0.001044991 0.999973714 247.381973267
0.999929130 0.009324947 0.007396960 -0.496667981 -0.009333647 0.999955714 0.001142483 -3.844707489 -0.007385978 -0.001211443 0.999971926 248.905532837
0.999932408 0.009315155 0.006954471 -0.493906260 -0.009325256 0.999955535 0.001421421 -3.873315811 -0.006940921 -0.001486177 0.999974787 250.440032959
0.999913871 0.010770376 0.007496116 -0.493005395 -0.010782477 0.999940693 0.001575948 -3.894380569 -0.007478697 -0.001656638 0.999970615 251.976898193
0.999898851 0.012095194 0.007481263 -0.498263001 -0.012107235 0.999925613 0.001566553 -3.918163300 -0.007461757 -0.001656973 0.999970794 253.490295410
0.999890625 0.012528825 0.007857525 -0.498863459 -0.012541862 0.999920070 0.001612153 -3.934887886 -0.007836698 -0.001710524 0.999967873 255.038909912
0.999912202 0.010887844 0.007547383 -0.494426250 -0.010903020 0.999938607 0.001972380 -3.963645458 -0.007525444 -0.002054496 0.999969602 256.574676514
0.999927461 0.009534155 0.007365499 -0.485143065 -0.009552082 0.999951482 0.002402443 -3.981401205 -0.007342235 -0.002472625 0.999970078 258.105712891
0.999953151 0.006507028 0.007166450 -0.479547739 -0.006531253 0.999972939 0.003362122 -4.001427650 -0.007144380 -0.003408770 0.999968648 259.651672363
0.999960184 0.005480612 0.007047185 -0.475207329 -0.005497086 0.999982119 0.002320584 -4.017516613 -0.007034341 -0.002359231 0.999972403 261.186370850
0.999968886 0.003619999 0.007005553 -0.475496888 -0.003633987 0.999991417 0.001985005 -4.049573421 -0.006998308 -0.002010402 0.999973476 262.724609375
0.999969602 0.001683684 0.007617122 -0.472165346 -0.001711837 0.999991655 0.003690986 -4.069323540 -0.007610844 -0.003703912 0.999964178 264.266662598
0.999967396 -0.000421027 0.008061332 -0.470116854 0.000377173 0.999985099 0.005440817 -4.084145546 -0.008063502 -0.005437600 0.999952734 265.797973633
0.999968112 -0.001314197 0.007879618 -0.461117744 0.001278714 0.999988914 0.004506507 -4.099380493 -0.007885454 -0.004496288 0.999958813 267.340362549
0.999963343 -0.002261450 0.008259255 -0.448074341 0.002232641 0.999991357 0.003495592 -4.116641521 -0.008267088 -0.003477023 0.999959767 268.878479004
0.999959171 -0.001469230 0.008915404 -0.445003271 0.001439673 0.999993443 0.003320799 -4.138746262 -0.008920224 -0.003307828 0.999954700 270.420867920
0.999949455 0.000317180 0.010049802 -0.437598705 -0.000350826 0.999994338 0.003346377 -4.161280155 -0.010048685 -0.003349734 0.999943912 271.955474854
0.999937057 0.001638626 0.011099474 -0.433378220 -0.001671765 0.999994218 0.002977071 -4.180510521 -0.011094532 -0.002995440 0.999934018 273.491607666
0.999922693 0.002740636 0.012129754 -0.426094770 -0.002776644 0.999991775 0.002952740 -4.206189156 -0.012121562 -0.002986192 0.999922097 275.022613525
0.999903917 0.003630392 0.013374501 -0.415731668 -0.003666047 0.999989748 0.002642298 -4.230370522 -0.013364771 -0.002691076 0.999907076 276.558410645
0.999900877 0.004091602 0.013473384 -0.397036076 -0.004117707 0.999989688 0.001910359 -4.251287937 -0.013465427 -0.001965649 0.999907434 278.108154297
0.999888659 0.003044443 0.014606956 -0.384370327 -0.003063975 0.999994457 0.001315046 -4.272154331 -0.014602871 -0.001359655 0.999892533 279.666351318
0.999880493 0.002713655 0.015219234 -0.360242844 -0.002738689 0.999994934 0.001624322 -4.292989254 -0.015214748 -0.001665809 0.999882877 281.207275391
0.999871552 0.001528654 0.015949627 -0.342200279 -0.001570991 0.999995291 0.002642225 -4.314080715 -0.015945513 -0.002666943 0.999869227 282.770446777
0.999869108 0.000751915 0.016162235 -0.323742390 -0.000797377 0.999995708 0.002806639 -4.335712433 -0.016160058 -0.002819160 0.999865413 284.334167480
0.999877334 0.000305002 0.015659254 -0.292218685 -0.000310047 0.999999940 0.000319716 -4.362053394 -0.015659155 -0.000324532 0.999877334 285.899383545
0.999874115 -0.000720143 0.015850682 -0.277128220 0.000751466 0.999997795 -0.001970248 -4.384283066 -0.015849227 0.001981911 0.999872446 287.452423096
0.999883175 -0.000873594 0.015255257 -0.261446953 0.000905023 0.999997497 -0.002053432 -4.410161972 -0.015253425 0.002066999 0.999881566 289.015533447
0.999896646 -0.002154995 0.014215061 -0.246131420 0.002183593 0.999995768 -0.001996600 -4.437304497 -0.014210698 0.002027434 0.999896944 290.585113525
0.999912381 -0.002298782 0.013043666 -0.230707645 0.002332503 0.999993980 -0.002570585 -4.463760376 -0.013037681 0.002600784 0.999911606 292.149078369
0.999919593 -0.001873506 0.012540369 -0.219963312 0.001911014 0.999993742 -0.002979667 -4.490615845 -0.012534709 0.003003392 0.999916911 293.724884033
0.999929547 -0.001728698 0.011743948 -0.200187206 0.001757460 0.999995470 -0.002439238 -4.521192551 -0.011739677 0.002459706 0.999927998 295.295440674
0.999939740 -0.002206011 0.010755632 -0.188857317 0.002231686 0.999994695 -0.002375671 -4.549809933 -0.010750332 0.002399530 0.999939322 296.872650146
0.999950051 -0.002709002 0.009620568 -0.175987959 0.002717238 0.999995887 -0.000843041 -4.578785419 -0.009618245 0.000869140 0.999953389 298.442779541
0.999959052 -0.001191386 0.008973758 -0.171549320 0.001188485 0.999999225 0.000328586 -4.602140903 -0.008974143 -0.000317907 0.999959648 300.021423340
0.999951065 -0.000834344 0.009856670 -0.167192698 0.000830411 0.999999583 0.000403119 -4.622002125 -0.009857003 -0.000394914 0.999951363 301.602905273
0.999942899 -0.000486872 0.010677979 -0.156711102 0.000483613 0.999999821 0.000307795 -4.648870468 -0.010678127 -0.000302613 0.999942958 303.192687988
0.999936342 -0.001730495 0.011149246 -0.149038315 0.001732536 0.999998510 -0.000173464 -4.665989876 -0.011148930 0.000192769 0.999937832 304.786437988
0.999929905 -0.003504366 0.011320532 -0.135235548 0.003515822 0.999993324 -0.000992186 -4.694417477 -0.011316979 0.001031917 0.999935448 306.382537842
0.999919772 -0.005003310 0.011630476 -0.117188215 0.005040377 0.999982297 -0.003159995 -4.718027592 -0.011614459 0.003218364 0.999927342 307.995117188
0.999920130 -0.005552514 0.011355282 -0.105453491 0.005598236 0.999976337 -0.003998602 -4.749202251 -0.011332810 0.004061853 0.999927521 309.591796875
0.999944627 -0.004495133 0.009525960 -0.103590727 0.004543782 0.999976695 -0.005091448 -4.778785229 -0.009502853 0.005134449 0.999941647 311.212707520
0.999968290 -0.003458644 0.007178799 -0.096967220 0.003491214 0.999983549 -0.004529507 -4.804357052 -0.007163016 0.004554425 0.999963939 312.833679199
0.999972939 -0.002726788 0.006833873 -0.088821888 0.002734412 0.999995649 -0.001106611 -4.840636730 -0.006830826 0.001125268 0.999976039 314.456298828
0.999963522 -0.004166216 0.007456216 -0.086452961 0.004153685 0.999989927 0.001695232 -4.860566139 -0.007463204 -0.001664200 0.999970794 316.088897705
0.999960721 -0.004866634 0.007396603 -0.073730230 0.004847900 0.999984920 0.002548644 -4.885607719 -0.007408896 -0.002512686 0.999969363 317.714324951
0.999954820 -0.006074078 0.007313658 -0.062823296 0.006064360 0.999980748 0.001350056 -4.906220913 -0.007321718 -0.001305642 0.999972343 319.336364746
0.999940753 -0.007155303 0.008202155 -0.066062212 0.007143347 0.999973357 0.001485874 -4.933000565 -0.008212571 -0.001427195 0.999965250 320.938018799
0.999940574 -0.007214743 0.008168465 -0.058529377 0.007201547 0.999972701 0.001643747 -4.955702782 -0.008180103 -0.001584824 0.999965250 322.565734863
0.999936223 -0.006451671 0.009270253 -0.057030439 0.006436502 0.999977827 0.001665356 -4.988143444 -0.009280792 -0.001605582 0.999955654 324.172698975
0.999940991 -0.005016186 0.009631052 -0.050773144 0.005010689 0.999987304 0.000594679 -5.011240005 -0.009633913 -0.000546385 0.999953449 325.798156738
0.999936461 -0.004417063 0.010373832 -0.046123981 0.004413952 0.999990225 0.000322745 -5.045705795 -0.010375158 -0.000276935 0.999946117 327.401794434
0.999925613 -0.005748375 0.010764229 -0.030519485 0.005725106 0.999981284 0.002191231 -5.069937706 -0.010776624 -0.002129441 0.999939680 329.042541504
0.999915242 -0.006745042 0.011136563 -0.019515038 0.006710222 0.999972463 0.003161015 -5.099216938 -0.011157580 -0.003086018 0.999933004 330.633819580
0.999909103 -0.007883585 0.010930412 -0.001844168 0.007864298 0.999967456 0.001806263 -5.121073246 -0.010944295 -0.001720138 0.999938607 332.267486572
0.999918044 -0.006806199 0.010839237 0.012840509 0.006788185 0.999975443 0.001697941 -5.143342972 -0.010850527 -0.001624223 0.999939799 333.903442383
0.999928057 -0.004960899 0.010922334 0.007036924 0.004961627 0.999987662 -0.000039465 -5.173501015 -0.010922005 0.000093655 0.999940336 335.464355469
0.999941230 -0.002879133 0.010450211 0.012562037 0.002912573 0.999990702 -0.003186059 -5.199139118 -0.010440943 0.003216309 0.999940336 337.072875977
0.999951303 -0.001351915 0.009772888 0.015469313 0.001379864 0.999994993 -0.002853721 -5.229475975 -0.009768981 0.002867067 0.999948204 338.691406250
0.999961972 -0.000721563 0.008685443 0.025223970 0.000714874 0.999999404 0.000773137 -5.262022495 -0.008685996 -0.000766898 0.999961913 340.280456543
0.999972999 -0.000057611 0.007344119 0.031279087 0.000029880 0.999992907 0.003775933 -5.288819313 -0.007344286 -0.003775612 0.999965906 341.888854980
0.999981463 0.000644889 0.006049791 0.038114309 -0.000660523 0.999996424 0.002582507 -5.315974236 -0.006048105 -0.002586454 0.999978364 343.490905762
0.999990344 0.000376949 0.004381456 0.034801006 -0.000380654 0.999999523 0.000844780 -5.338567734 -0.004381136 -0.000846440 0.999989986 345.076141357
0.999996185 -0.001037014 0.002562648 0.037928700 0.001031354 0.999997020 0.002209045 -5.362698078 -0.002564931 -0.002206394 0.999994278 346.673339844
0.999994993 -0.002681737 0.001658641 0.035192549 0.002677140 0.999992549 0.002767035 -5.389031887 -0.001666049 -0.002762581 0.999994814 348.268829346
0.999995947 -0.002684778 0.000995519 0.032965541 0.002683078 0.999994934 0.001705866 -5.410539627 -0.001000094 -0.001703188 0.999998033 349.874145508
0.999994338 -0.003265924 0.000801924 0.026169032 0.003265167 0.999994159 0.000943929 -5.441625595 -0.000805002 -0.000941306 0.999999225 351.448577881
0.999993622 -0.003472968 0.000818035 0.020263255 0.003472494 0.999993801 0.000579980 -5.462799549 -0.000820044 -0.000577136 0.999999464 353.042358398
0.999990284 -0.004307394 0.000877873 0.014159888 0.004306955 0.999990582 0.000500998 -5.489297390 -0.000880023 -0.000497212 0.999999523 354.636474609
0.999988794 -0.004654262 0.000809673 0.011810869 0.004654339 0.999989152 -0.000093002 -5.518586636 -0.000809232 0.000096770 0.999999583 356.229949951
0.999986649 -0.005129183 0.000592002 0.007111877 0.005129613 0.999986589 -0.000727331 -5.543363571 -0.000588263 0.000730358 0.999999583 357.831573486
0.999983013 -0.005781726 0.000795790 0.002699494 0.005782239 0.999983072 -0.000643288 -5.567105293 -0.000792057 0.000647879 0.999999523 359.432983398
0.999984086 -0.005586664 0.000674075 0.000432074 0.005587453 0.999983728 -0.001174464 -5.603532314 -0.000667502 0.001178211 0.999999046 361.015594482
0.999974668 -0.007080149 0.000745311 -0.003632188 0.007082029 0.999971688 -0.002550494 -5.632458687 -0.000727232 0.002555708 0.999996483 362.597900391
0.999959826 -0.008938473 0.000642324 -0.006990910 0.008938802 0.999959946 -0.000511615 -5.662789822 -0.000637725 0.000517336 0.999999642 364.193389893
0.999943376 -0.010642068 0.000262808 -0.000247739 0.010641982 0.999943376 0.000325545 -5.690972805 -0.000266257 -0.000322729 0.999999881 365.788696289
0.999939859 -0.010937285 0.000823379 -0.008776814 0.010937995 0.999939799 -0.000863129 -5.714672089 -0.000813889 0.000872083 0.999999285 367.362884521
0.999954104 -0.009461532 0.001498478 -0.024251044 0.009464064 0.999953747 -0.001692912 -5.736993790 -0.001482391 0.001707016 0.999997497 368.979522705
0.999962389 -0.008541848 0.001483670 -0.026225090 0.008542641 0.999963284 -0.000528444 -5.774278641 -0.001479101 0.000541099 0.999998748 370.547515869
0.999975264 -0.006825305 0.001670403 -0.032303333 0.006824930 0.999976635 0.000229942 -5.798017979 -0.001671933 -0.000218536 0.999998569 372.149230957
0.999970436 -0.007441955 0.001929443 -0.029309452 0.007441453 0.999972224 0.000266553 -5.831552982 -0.001931373 -0.000252187 0.999998093 373.743988037
0.999972820 -0.007045568 0.002144701 -0.043673515 0.007047616 0.999974728 -0.000949147 -5.849787235 -0.002137960 0.000964236 0.999997199 375.336120605
0.999973536 -0.006875472 0.002371468 -0.041227102 0.006877540 0.999976099 -0.000865186 -5.884312630 -0.002365462 0.000881473 0.999996841 376.939178467
0.999974072 -0.006713169 0.002619003 -0.038606107 0.006715485 0.999977112 -0.000876490 -5.912603378 -0.002613059 0.000894055 0.999996245 378.563293457
0.999983728 -0.004824400 0.003037285 -0.049116373 0.004827783 0.999987662 -0.001107564 -5.933634281 -0.003031903 0.001122209 0.999994755 380.157348633
0.999989510 -0.002935971 0.003503713 -0.054321766 0.002938489 0.999995410 -0.000713876 -5.960093021 -0.003501601 0.000724164 0.999993622 381.762817383
0.999990702 -0.001695864 0.003962121 -0.068354845 0.001703494 0.999996722 -0.001922982 -5.978786945 -0.003958847 0.001929714 0.999990284 383.392669678
