1.000000000 0.000000000 0.000000000 0.000000000 0.000000000 1.000000000 0.000000000 0.000000000 0.000000000 0.000000000 1.000000000 0.000000000
0.999997675 -0.001604337 -0.001445527 -0.002361870 0.001602957 0.999998212 -0.000955527 -0.007317122 0.001447058 0.000953208 0.999998510 0.564356804
0.999995410 -0.001830232 -0.002407483 -0.007770467 0.001823983 0.999994934 -0.002595250 -0.017412787 0.002412221 0.002590848 0.999993742 1.119558454
0.999986470 -0.002548421 -0.004541409 -0.008975304 0.002532362 0.999990463 -0.003538261 -0.035331316 0.004550384 0.003526713 0.999983430 1.684712291
0.999969959 -0.004412742 -0.006370985 -0.020266388 0.004377786 0.999975264 -0.005490234 -0.041940328 0.006395056 0.005462178 0.999964654 2.251629114
0.999948263 -0.006998211 -0.007385645 -0.031274773 0.006944155 0.999949098 -0.007319574 -0.059943866 0.007436493 0.007267909 0.999945879 2.796488762
0.999927998 -0.008160069 -0.008797309 -0.038876131 0.008090852 0.999936223 -0.007875274 -0.073516451 0.008861011 0.007803532 0.999930322 3.366548300
0.999916852 -0.008128763 -0.010016670 -0.052037235 0.008056408 0.999941230 -0.007242706 -0.086186275 0.010074959 0.007161405 0.999923646 3.946560621
0.999902546 -0.008581814 -0.011013415 -0.062109880 0.008497991 0.999934673 -0.007635314 -0.100531369 0.011078222 0.007540980 0.999910295 4.539229870
0.999892712 -0.007950375 -0.012301689 -0.071116619 0.007822260 0.999915004 -0.010427636 -0.116542123 0.012383549 0.010330291 0.999869883 5.133038044
0.999891162 -0.006233848 -0.013367923 -0.088538840 0.006043070 0.999879956 -0.014264504 -0.130894452 0.013455242 0.014182170 0.999808848 5.735965729
0.999875963 -0.005182161 -0.014872806 -0.101548783 0.004916079 0.999828160 -0.017871665 -0.144223332 0.014962863 0.017796332 0.999729693 6.353593349
0.999867439 -0.003174789 -0.015970331 -0.120662361 0.002887302 0.999833882 -0.017992143 -0.156728595 0.016024796 0.017943649 0.999710560 6.985943794
0.999848723 -0.001019547 -0.017362421 -0.128985181 0.000830070 0.999940038 -0.010916756 -0.170569584 0.017372515 0.010900693 0.999789655 7.620720863
0.999843359 -0.000048383 -0.017696252 -0.148431733 0.000042334 0.999999881 -0.000342165 -0.182995334 0.017696267 0.000341362 0.999843359 8.276889801
0.999822319 0.000744494 -0.018841889 -0.164561719 -0.000626520 0.999980092 0.006266405 -0.193992972 0.018846184 -0.006253489 0.999802947 8.968623161
0.999795616 0.003105671 -0.019981200 -0.185759991 -0.002998987 0.999981046 0.005367001 -0.209452182 0.019997492 -0.005305979 0.999785900 9.659336090
0.999772906 0.005254675 -0.020653335 -0.211934045 -0.005296705 0.999984026 -0.001980887 -0.216734022 0.020642597 0.002089832 0.999784887 10.344671249
0.999751806 0.004798926 -0.021757169 -0.231926873 -0.004970282 0.999956965 -0.007828618 -0.219121769 0.021718668 0.007934816 0.999732673 11.054414749
0.999744117 0.002516908 -0.022483360 -0.256653517 -0.002666862 0.999974370 -0.006642066 -0.217444450 0.022466071 0.006700327 0.999725163 11.793732643
0.999733627 0.002182987 -0.022978371 -0.273978293 -0.002116868 0.999993622 0.002901343 -0.230199158 0.022984557 -0.002851927 0.999731719 12.556748390
0.999718010 0.001849678 -0.023674550 -0.294652730 -0.001601193 0.999943376 0.010510536 -0.239002794 0.023692653 -0.010469663 0.999664485 13.345896721
0.999707699 0.001028234 -0.024158467 -0.315902203 -0.000716755 0.999916553 0.012898304 -0.240434304 0.024169713 -0.012877218 0.999624908 14.132555962
0.999705970 -0.000770944 -0.024237003 -0.335435450 0.001056045 0.999930322 0.011752473 -0.239455432 0.024226254 -0.011774612 0.999637127 14.932642937
0.999712110 -0.001267363 -0.023966186 -0.355721116 0.001492378 0.999954939 0.009373300 -0.240079001 0.023953225 -0.009406365 0.999668896 15.763131142
0.999721706 0.001248774 -0.023555152 -0.385194331 -0.001109874 0.999981880 0.005908957 -0.239277408 0.023562104 -0.005881168 0.999705076 16.603986740
0.999747753 -0.002088938 -0.022361314 -0.405223161 0.002097177 0.999997675 0.000345005 -0.245450929 0.022360537 -0.000391813 0.999749899 17.464769363
0.999753058 -0.004973325 -0.021662669 -0.421353698 0.004848289 0.999971330 -0.005820675 -0.255155385 0.021690998 0.005714211 0.999748409 18.334842682
0.999777198 -0.003769236 -0.020768825 -0.440271318 0.003539606 0.999932349 -0.011082153 -0.269610137 0.020809190 0.011006171 0.999722838 19.225276947
0.999782443 -0.002161780 -0.020749420 -0.464319617 0.001910998 0.999925017 -0.012098429 -0.282419115 0.020774020 0.012056145 0.999711454 20.136491776
0.999781489 -0.002327803 -0.020775035 -0.496817589 0.002091188 0.999932826 -0.011403802 -0.306010425 0.020800184 0.011357866 0.999719083 21.083694458
0.999778807 -0.001069481 -0.021004178 -0.500475168 0.000792128 0.999912381 -0.013208517 -0.325369716 0.021016464 0.013188957 0.999692082 22.022743225
0.999777436 0.001623482 -0.021031877 -0.525010347 -0.001944996 0.999881446 -0.015275573 -0.346571594 0.021004584 0.015313081 0.999662042 22.977119446
0.999761641 0.005110573 -0.021225300 -0.554472208 -0.005453218 0.999855280 -0.016116863 -0.368029982 0.021139860 0.016228769 0.999644756 23.940017700
0.999756694 0.007328403 -0.020805120 -0.598101139 -0.007665210 0.999840021 -0.016155330 -0.395112127 0.020683400 0.016310878 0.999652982 24.917091370
0.999740541 0.007606064 -0.021468967 -0.604812086 -0.007947354 0.999842703 -0.015856562 -0.430271804 0.021344986 0.016023071 0.999643683 25.894435883
0.999746144 0.007591840 -0.021215012 -0.636329532 -0.007926539 0.999844730 -0.015737243 -0.457007229 0.021092247 0.015901409 0.999651015 26.889034271
0.999723196 0.008467321 -0.021949505 -0.658902645 -0.008790203 0.999853969 -0.014655774 -0.483137965 0.021822209 0.014844658 0.999651611 27.894342422
0.999712467 0.009222685 -0.022136297 -0.687833190 -0.009501499 0.999876440 -0.012523287 -0.515325427 0.022018062 0.012730010 0.999676526 28.904859543
0.999697506 0.009912052 -0.022511967 -0.717507243 -0.010169390 0.999883950 -0.011345488 -0.543196380 0.022396898 0.011570986 0.999682188 29.924137115
0.999694824 0.009535278 -0.022793151 -0.742356062 -0.009815135 0.999877393 -0.012197900 -0.573841631 0.022674048 0.012417893 0.999665737 30.952541351
0.999678850 0.011244796 -0.022711877 -0.773170888 -0.011554906 0.999841154 -0.013569247 -0.594522357 0.022555687 0.013827321 0.999649882 31.989332199
0.999680221 0.010852699 -0.022842852 -0.805247545 -0.011142271 0.999858677 -0.012587810 -0.622530699 0.022703014 0.012838303 0.999659777 33.026351929
0.999666572 0.010569426 -0.023560915 -0.832725406 -0.010808277 0.999891222 -0.010033415 -0.645689785 0.023452306 0.010284718 0.999672055 34.081535339
0.999654949 0.010282346 -0.024168970 -0.862731814 -0.010439631 0.999925017 -0.006390546 -0.670164704 0.024101451 0.006640655 0.999687433 35.144153595
0.999642909 0.010617056 -0.024522860 -0.897629917 -0.010722620 0.999933779 -0.004177239 -0.690444887 0.024476884 0.004438696 0.999690533 36.205932617
0.999630928 0.010145787 -0.025200821 -0.924761593 -0.010231514 0.999942303 -0.003275231 -0.716048658 0.025166135 0.003531864 0.999677002 37.271503448
0.999621630 0.009891756 -0.025663875 -0.961269796 -0.010027187 0.999936402 -0.005153736 -0.731644094 0.025611259 0.005409122 0.999657273 38.358467102
0.999598920 0.010581352 -0.026268495 -0.998354375 -0.010736066 0.999925733 -0.005755655 -0.749950469 0.026205642 0.006035366 0.999638379 39.436889648
0.999589086 0.010193644 -0.026786685 -1.041444659 -0.010313568 0.999937356 -0.004342641 -0.772949040 0.026740737 0.004617122 0.999631763 40.516960144
0.999565303 0.010208410 -0.027656838 -1.076370120 -0.010282000 0.999943972 -0.002519863 -0.793265343 0.027629564 0.002803135 0.999614239 41.616214752
0.999546349 0.010268477 -0.028310485 -1.107825756 -0.010265348 0.999947250 0.000255852 -0.819611609 0.028311616 0.000034882 0.999599099 42.693801880
0.999511063 0.011469236 -0.029089088 -1.140792847 -0.011466054 0.999934256 0.000276200 -0.842204034 0.029090345 0.000057472 0.999576688 43.767524719
0.999498725 0.012909064 -0.028905431 -1.191101074 -0.013013545 0.999909401 -0.003429355 -0.864566028 0.028858541 0.003803798 0.999576211 44.842712402
0.999487460 0.014229080 -0.028673761 -1.235241532 -0.014450341 0.999867260 -0.007524045 -0.883147597 0.028562896 0.007934534 0.999560416 45.924285889
0.999473333 0.014713916 -0.028922092 -1.264861584 -0.014952549 0.999855697 -0.008051923 -0.909517288 0.028799448 0.008480141 0.999549210 47.019664764
0.999475121 0.015535608 -0.028424842 -1.305112123 -0.015694482 0.999862313 -0.005374750 -0.932298303 0.028337432 0.005818043 0.999581516 48.102203369
0.999460101 0.016211728 -0.028576614 -1.340848804 -0.016308011 0.999862015 -0.003139491 -0.957201540 0.028521778 0.003603825 0.999586642 49.190540314
0.999481380 0.014532009 -0.028733663 -1.370359063 -0.014593150 0.999891639 -0.001919268 -0.982780397 0.028702660 0.002337588 0.999585211 50.284568787
0.999504328 0.014471348 -0.027954865 -1.411906123 -0.014550023 0.999890625 -0.002612935 -1.006218314 0.027913999 0.003018384 0.999605715 51.368423462
0.999515355 0.013453997 -0.028071409 -1.441650271 -0.013590360 0.999896705 -0.004672572 -1.023723364 0.028005647 0.005051808 0.999595046 52.455455780
0.999525845 0.013641553 -0.027605554 -1.481283784 -0.013834091 0.999881208 -0.006795759 -1.051700115 0.027509570 0.007174434 0.999595702 53.548416138
0.999546409 0.012689042 -0.027315959 -1.514459968 -0.012950525 0.999871731 -0.009417009 -1.076680899 0.027192963 0.009766490 0.999582469 54.640876770
0.999575377 0.011168865 -0.026916327 -1.551641345 -0.011507304 0.999856234 -0.012451828 -1.113579035 0.026773382 0.012756272 0.999560118 55.723793030
0.999584913 0.009812498 -0.027087366 -1.576560974 -0.010197964 0.999848127 -0.014129206 -1.146416426 0.026944613 0.014399574 0.999533117 56.802597046
0.999609590 0.008238432 -0.026697040 -1.610171318 -0.008550579 0.999896228 -0.011599263 -1.180171490 0.026598711 0.011823012 0.999576211 57.884220123
0.999620438 0.006984265 -0.026650632 -1.640151978 -0.007143851 0.999957025 -0.005897628 -1.204311967 0.026608298 0.006085776 0.999627352 58.982006073
0.999637425 0.005291825 -0.026400208 -1.670220852 -0.005295108 0.999985993 -0.000054472 -1.228415012 0.026399549 0.000194245 0.999651432 60.073673248
0.999643564 0.003561977 -0.026460735 -1.699228764 -0.003553382 0.999993563 0.000371841 -1.244760752 0.026461888 -0.000277682 0.999649704 61.167217255
0.999661386 0.000554100 -0.026014751 -1.730668783 -0.000622664 0.999996364 -0.002627535 -1.262262821 0.026013197 0.002642844 0.999657989 62.258762360
0.999662638 -0.000938664 -0.025955765 -1.763659358 0.000787564 0.999982715 -0.005831040 -1.283170700 0.025960790 0.005808630 0.999646187 63.349250793
0.999660850 0.001201722 -0.026011234 -1.800943732 -0.001455483 0.999951541 -0.009739091 -1.310013294 0.025998268 0.009773648 0.999614179 64.437294006
0.999669790 0.001512770 -0.025649451 -1.835647464 -0.001872033 0.999900401 -0.013988441 -1.338405848 0.025625734 0.014031840 0.999573112 65.517234802
0.999677539 0.004253967 -0.025035266 -1.871630907 -0.004619122 0.999883533 -0.014545931 -1.370180607 0.024970474 0.014656881 0.999580741 66.620597839
0.999670625 0.008306333 -0.024284476 -1.910860896 -0.008575580 0.999902666 -0.011004189 -1.402630329 0.024190709 0.011208817 0.999644518 67.721473694
0.999659300 0.009748407 -0.024216484 -1.943864346 -0.009967678 0.999910235 -0.008950508 -1.428462744 0.024127061 0.009188841 0.999666631 68.819244385
0.999667943 0.008740100 -0.024244526 -1.973115563 -0.008937111 0.999927819 -0.008029616 -1.457834482 0.024172600 0.008243624 0.999673843 69.902397156
0.999671578 0.007635004 -0.024459822 -1.996113300 -0.007819838 0.999941468 -0.007469980 -1.485062599 0.024401357 0.007658798 0.999672890 71.016822815
0.999672771 0.006617549 -0.024705993 -2.026067019 -0.006764139 0.999959946 -0.005854555 -1.514054179 0.024666261 0.006019756 0.999677539 72.109931946
0.999679267 0.004898873 -0.024842598 -2.059399128 -0.004997745 0.999979794 -0.003919484 -1.540267706 0.024822894 0.004042385 0.999683678 73.208335876
0.999667168 0.004097143 -0.025473204 -2.095635891 -0.004152394 0.999989152 -0.002116476 -1.568660259 0.025464252 0.002221547 0.999673188 74.305564880
0.999664366 0.003601145 -0.025658322 -2.132012606 -0.003688836 0.999987483 -0.003371094 -1.592716217 0.025645856 0.003464611 0.999665022 75.393920898
0.999639750 0.003565040 -0.026600005 -2.160216808 -0.003756109 0.999967515 -0.007136527 -1.620154500 0.026573703 0.007233869 0.999620676 76.477416992
0.999613106 0.004118943 -0.027514370 -2.189765692 -0.004371977 0.999948680 -0.009142576 -1.646070123 0.027475301 0.009259331 0.999579549 77.561058044
0.999587238 0.006064480 -0.028080298 -2.227495432 -0.006276396 0.999952435 -0.007464841 -1.673708677 0.028033698 0.007638003 0.999577761 78.638259888
0.999567747 0.007157131 -0.028511031 -2.267505407 -0.007248776 0.999968946 -0.003112299 -1.697290301 0.028487870 0.003317625 0.999588609 79.712448120
0.999541640 0.008247080 -0.029129470 -2.304045677 -0.008217845 0.999965549 0.001123245 -1.728127480 0.029137736 -0.000883349 0.999574959 80.789016724
0.999516726 0.009443426 -0.029616967 -2.345934868 -0.009395417 0.999954343 0.001759760 -1.747136712 0.029632235 -0.001480646 0.999559760 81.856521606
0.999504864 0.009273131 -0.030067261 -2.384479046 -0.009293823 0.999956667 -0.000548461 -1.762286544 0.030060876 0.000827629 0.999547720 82.928100586
0.999496996 0.009207821 -0.030351277 -2.432976484 -0.009246290 0.999956608 -0.001127341 -1.789680243 0.030339578 0.001407410 0.999538660 83.991455078
0.999491572 0.008598791 -0.030703111 -2.470578909 -0.008638809 0.999962032 -0.001170944 -1.812617421 0.030691870 0.001435587 0.999527872 85.042678833
0.999467015 0.006992504 -0.031885609 -2.501731873 -0.007023832 0.999974966 -0.000870585 -1.830552459 0.031878721 0.001094080 0.999491155 86.090476990
0.999459088 0.006360994 -0.032264378 -2.539426565 -0.006352045 0.999979734 0.000379852 -1.855356812 0.032266140 -0.000174702 0.999479294 87.116996765
0.999445796 0.006658444 -0.032617062 -2.578576565 -0.006560118 0.999973655 0.003120607 -1.876034975 0.032636978 -0.002904906 0.999463022 88.120162964
0.999410689 0.005809279 -0.033831339 -2.618318319 -0.005675860 0.999975741 0.004038342 -1.898600101 0.033853974 -0.003843941 0.999419391 89.101646423
0.999339104 0.004512460 -0.036069367 -2.655240059 -0.004360124 0.999981225 0.004300962 -1.916852832 0.036088113 -0.004140853 0.999339938 90.069625854
0.999211550 0.003781332 -0.039522827 -2.693322897 -0.003654718 0.999987960 0.003275351 -1.933876038 0.039534740 -0.003128323 0.999213338 91.001663208
0.999085844 0.003410623 -0.042614199 -2.742259264 -0.003313948 0.999991715 0.002339045 -1.952431798 0.042621829 -0.002195685 0.999088824 91.924720764
0.998950958 0.003285264 -0.045674812 -2.791208506 -0.003155637 0.999990821 0.002909857 -1.970955133 0.045683954 -0.002762671 0.998952091 92.819854736
0.998801231 0.004388429 -0.048751418 -2.841191292 -0.004198094 0.999983191 0.004005907 -1.988181591 0.048768174 -0.003796441 0.998802900 93.684715271
0.998648226 0.005174179 -0.051719084 -2.895565510 -0.004914358 0.999974668 0.005149632 -2.005675316 0.051744413 -0.004888504 0.998648345 94.531562805
0.998474002 0.006619093 -0.054825112 -2.946920395 -0.006265983 0.999958575 0.006610091 -2.019033909 0.054866593 -0.006256470 0.998474121 95.345680237
0.998330951 0.007717972 -0.057232454 -3.002127171 -0.007304304 0.999945760 0.007433543 -2.033347607 0.057286713 -0.007003094 0.998333156 96.138145447
0.998152494 0.010015791 -0.059926864 -3.049566507 -0.009543916 0.999921203 0.008155237 -2.054495096 0.060003828 -0.007568234 0.998169422 96.904205322
0.997956276 0.011741108 -0.062811777 -3.100749016 -0.011331585 0.999912202 0.006872135 -2.066507578 0.062886961 -0.006146336 0.998001695 97.634857178
0.997784615 0.013211393 -0.065202698 -3.159358025 -0.013022108 0.999909639 0.003327203 -2.085391045 0.065240771 -0.002470757 0.997866452 98.328445435
0.997587323 0.015698636 -0.067624353 -3.219406128 -0.015756631 0.999875844 -0.000324245 -2.097836018 0.067610867 0.001388994 0.997710764 99.003311157
0.997415066 0.017642476 -0.069656208 -3.267059565 -0.017895032 0.999835253 -0.003003335 -2.117247105 0.069591768 0.004242070 0.997566521 99.638877869
0.997331500 0.019712662 -0.070293888 -3.319804907 -0.020060213 0.999789774 -0.004241679 -2.126177311 0.070195496 0.005640468 0.997517228 100.252265930
0.997326672 0.021741841 -0.069762468 -3.365267992 -0.022032768 0.999751449 -0.003403355 -2.146437883 0.069671147 0.004931317 0.997557819 100.838935852
0.997438431 0.025730269 -0.066744342 -3.410739422 -0.025926387 0.999661624 -0.002073608 -2.158588409 0.066668391 0.003798734 0.997767985 101.405593872
0.997730196 0.028209211 -0.061145805 -3.450271368 -0.028307311 0.999598980 -0.000738514 -2.170987606 0.061100468 0.002467711 0.998128593 101.945991516
0.998123109 0.029204305 -0.053827483 -3.475331545 -0.029169681 0.999573410 0.001428898 -2.187230349 0.053846262 0.000143913 0.998549223 102.465904236
0.998600841 0.028996868 -0.044221491 -3.493790150 -0.028852420 0.999575973 0.003901360 -2.201364517 0.044315889 -0.002620005 0.999014199 102.968872070
0.999073386 0.028400734 -0.032338481 -3.506035328 -0.028256955 0.999588609 0.004894713 -2.209859610 0.032464195 -0.003976393 0.999465048 103.451316833
0.999450326 0.027350651 -0.018735316 -3.507904768 -0.027255323 0.999614298 0.005324657 -2.225748301 0.018873721 -0.004811094 0.999810338 103.907539368
0.999618232 0.027394461 -0.003604189 -3.502276182 -0.027379965 0.999616981 0.004011776 -2.230296373 0.003712706 -0.003911565 0.999985516 104.350151062
0.999570131 0.025784634 0.013947320 -3.471617460 -0.025806986 0.999665916 0.001425158 -2.247278214 -0.013905913 -0.001784484 0.999901712 104.749710083
0.999044955 0.025366554 0.035575964 -3.447398186 -0.025271425 0.999675751 -0.003121167 -2.258124352 -0.035643596 0.002219132 0.999362051 105.166213989
0.997922242 0.023540586 0.059974268 -3.403730392 -0.023090566 0.999699771 -0.008185631 -2.266394138 -0.060148966 0.006783785 0.998166382 105.570701599
0.995998502 0.021106713 0.086840495 -3.340328217 -0.020209080 0.999733031 -0.011202817 -2.276479959 -0.087053761 0.009403026 0.996159196 105.976074219
0.993040979 0.018330699 0.116333105 -3.259099960 -0.017002549 0.999778569 -0.012398952 -2.288141966 -0.116534628 0.010334709 0.993132889 106.382606506
0.988727927 0.015878594 0.148878843 -3.178195000 -0.013942786 0.999804318 -0.014037322 -2.305152893 -0.149072587 0.011803309 0.988755763 106.751892090
0.982721686 0.013384572 0.184604809 -3.089433670 -0.010695535 0.999821842 -0.015554576 -2.320401669 -0.184780136 0.013311371 0.982689679 107.108612061
0.974752665 0.009575003 0.223082080 -2.975870132 -0.006185864 0.999854624 -0.015886163 -2.336662054 -0.223201782 0.014105124 0.974670291 107.461578369
0.964782715 0.007597541 0.262938142 -2.851928711 -0.003420633 0.999860704 -0.016339637 -2.356368065 -0.263025671 0.014864788 0.964674354 107.813560486
0.952530146 0.009169634 0.304306030 -2.709726334 -0.003930280 0.999833405 -0.017825449 -2.366488457 -0.304418802 0.015783269 0.952407539 108.142280579
0.937134445 0.010176396 0.348819911 -2.582740784 -0.004123214 0.999827862 -0.018091384 -2.386161566 -0.348943949 0.015515806 0.937015176 108.435371399
0.919110775 0.010496146 0.393859118 -2.406490326 -0.004091550 0.999845326 -0.017097320 -2.395834684 -0.393977702 0.014102842 0.919011712 108.765579224
0.898679972 0.010042232 0.438489914 -2.223213196 -0.003298410 0.999864221 -0.016138690 -2.404706955 -0.438592613 0.013057198 0.898591101 109.073356628
0.875388563 0.009279997 0.483330727 -2.026012421 -0.001321898 0.999857843 -0.016803199 -2.416739464 -0.483418077 0.014070416 0.875276566 109.362129211
0.849934578 0.009673584 0.526799381 -1.814304352 0.000164529 0.999826431 -0.018625204 -2.435552835 -0.526888251 0.015916878 0.849785566 109.642517090
0.821922302 0.011666042 0.569480121 -1.593730927 0.001122512 0.999755085 -0.022100512 -2.450816393 -0.569598556 0.018804157 0.821707845 109.912231445
0.790784001 0.015820531 0.611890793 -1.354900360 -0.000074948 0.999668419 -0.025749721 -2.472554684 -0.612095296 0.020316610 0.790522993 110.185516357
0.756577134 0.022155104 0.653529048 -1.097000122 -0.003735152 0.999555945 -0.029561553 -2.488316774 -0.653893948 0.019924566 0.756323874 110.453369141
0.720227361 0.027093822 0.693208814 -0.813323975 -0.004974632 0.999412954 -0.033893183 -2.483174086 -0.693720341 0.020962337 0.719939351 110.682701111
0.681764126 0.027436413 0.731057405 -0.515609741 -0.003996330 0.999421179 -0.033781171 -2.508795977 -0.731561184 0.020109246 0.681479156 110.888008118
0.642297208 0.024348490 0.766068995 -0.212047577 0.002101379 0.999435544 -0.033527598 -2.507088184 -0.766452789 0.023144484 0.641883373 111.047485352
0.597885430 0.022502635 0.801265776 0.113491058 0.003192274 0.999531209 -0.030452687 -2.520518780 -0.801575184 0.020765077 0.597533226 111.249252319
0.551773310 0.020743743 0.833736062 0.455455780 0.004993731 0.999590576 -0.028175166 -2.527806759 -0.833979130 0.019709762 0.551443815 111.430351257
0.503940403 0.018608883 0.863538027 0.808914185 0.006756453 0.999652386 -0.025484992 -2.536303997 -0.863712072 0.018677372 0.503639400 111.588500977
0.452702641 0.014522301 0.891543329 1.175781250 0.009148530 0.999739170 -0.020930087 -2.555221796 -0.891614497 0.017631419 0.452451766 111.738739014
0.400434047 0.015152738 0.916200280 1.531791687 0.004851701 0.999814153 -0.018656088 -2.579208136 -0.916312754 0.011915663 0.400286198 111.863861084
0.348801792 0.020106766 0.936980724 1.914012909 0.001093024 0.999760449 -0.021860853 -2.593811035 -0.937195897 0.008649246 0.348696291 111.978302002
0.298880816 0.024969894 0.953963637 2.295158386 0.001003689 0.999648929 -0.026480161 -2.607559204 -0.954289913 0.008871896 0.298750848 112.060379028
0.252636015 0.027163390 0.967180014 2.701910019 0.002509430 0.999584198 -0.028728954 -2.617994547 -0.967558146 0.009685038 0.252462834 112.127532959
0.211308986 0.026809599 0.977051497 3.118774414 0.009464260 0.999520838 -0.029472994 -2.636431932 -0.977373481 0.015474977 0.210953966 112.181068420
0.176027209 0.027065564 0.984013081 3.564113617 0.016910611 0.999391258 -0.030513640 -2.643604755 -0.984240055 0.022011492 0.175462380 112.226036072
0.145522892 0.027976442 0.988959193 3.984624863 0.021737112 0.999268293 -0.031466637 -2.662616968 -0.989116073 0.026076235 0.144808277 112.261085510
0.117565393 0.026231503 0.992718577 4.456713676 0.020030899 0.999385059 -0.028779868 -2.681160450 -0.992863119 0.023268562 0.116967656 112.300392151
0.091891423 0.022807024 0.995507896 4.947336197 0.013900563 0.999610841 -0.024184134 -2.693453789 -0.995671928 0.016060431 0.091538623 112.342658997
0.068227552 0.018859752 0.997491479 5.451443195 0.009315198 0.999765694 -0.019539904 -2.708493233 -0.997626364 0.010624989 0.068035863 112.369644165
0.045579076 0.016413320 0.998825848 5.974097252 0.012791296 0.999773383 -0.017012598 -2.728282452 -0.998878777 0.013551695 0.045358822 112.377944946
0.025518335 0.017033812 0.999529123 6.505897522 0.021423839 0.999615848 -0.017582249 -2.747767448 -0.999444842 0.021862421 0.025143586 112.364257812
0.007921454 0.019604666 0.999776423 7.059608936 0.024741758 0.999497831 -0.019795237 -2.769249916 -0.999662519 0.024893031 0.007432423 112.358200073
-0.006466081 0.024973566 0.999667168 7.630049706 0.025405141 0.999369562 -0.024801804 -2.779222250 -0.999656379 0.025236316 -0.007096461 112.348075867
-0.017283715 0.029500384 0.999415278 8.225626945 0.023453912 0.999301553 -0.029091425 -2.790776491 -0.999575496 0.022937389 -0.017963544 112.337570190
-0.024055447 0.029345158 0.999279797 8.854642868 0.024163108 0.999294043 -0.028763909 -2.814379215 -0.999418616 0.023453778 -0.024747543 112.326370239
-0.026179591 0.026491012 0.999306083 9.507059097 0.031270280 0.999181330 -0.025668485 -2.827466488 -0.999167979 0.030576598 -0.026986538 112.294342041
-0.025553003 0.024808981 0.999365449 10.159320831 0.033124425 0.999164104 -0.023957007 -2.845767498 -0.999124467 0.032491241 -0.026353424 112.270347595
-0.023869425 0.024265554 0.999420524 10.833873749 0.031350233 0.999231875 -0.023512222 -2.873740196 -0.999223351 0.030770848 -0.024611821 112.262825012
-0.022109501 0.024657335 0.999451399 11.537742615 0.028373126 0.999308527 -0.024026155 -2.897234440 -0.999352813 0.027826359 -0.022793822 112.253250122
-0.020981085 0.025908103 0.999444067 12.253567696 0.027739700 0.999294400 -0.025321886 -2.912882090 -0.999394894 0.027193006 -0.021684967 112.245735168
-0.020363403 0.026799109 0.999433279 12.967805862 0.026700540 0.999298692 -0.026251474 -2.941738605 -0.999435902 0.026150843 -0.021064674 112.241950989
-0.019689268 0.026261764 0.999461114 13.714347839 0.026080335 0.999328375 -0.025744488 -2.964580297 -0.999465883 0.025559394 -0.020360962 112.235542297
-0.018685738 0.025111526 0.999509990 14.477127075 0.025512690 0.999370933 -0.024631072 -2.989761353 -0.999499857 0.025039937 -0.019314647 112.212997437
-0.018212875 0.023970537 0.999546766 15.245502472 0.026288480 0.999378383 -0.023487497 -3.013720751 -0.999488473 0.025848789 -0.018831704 112.202301025
-0.018697571 0.021507211 0.999593794 16.031343460 0.026953615 0.999416053 -0.020999214 -3.043456078 -0.999461770 0.026550028 -0.019266345 112.187286377
-0.019885506 0.019573892 0.999610662 16.820957184 0.024116226 0.999526799 -0.019092500 -3.072973490 -0.999511361 0.023727169 -0.020348147 112.178520203
-0.021238063 0.018779084 0.999598086 17.615184784 0.023637099 0.999553442 -0.018276041 -3.094430685 -0.999494910 0.023239454 -0.021672465 112.166473389
-0.022105748 0.016232472 0.999623835 18.414268494 0.026364323 0.999530017 -0.015647920 -3.116714239 -0.999407947 0.026008504 -0.022523314 112.142677307
-0.023543362 0.014932740 0.999611259 19.230997086 0.027338184 0.999524117 -0.014287550 -3.134927034 -0.999348998 0.026991179 -0.023940390 112.128013611
-0.025344558 0.013896199 0.999582171 20.058341980 0.024819048 0.999603927 -0.013267207 -3.164485931 -0.999370575 0.024472421 -0.025679411 112.114913940
-0.026150005 0.018639637 0.999484181 20.878391266 0.021732053 0.999600410 -0.018073216 -3.186556816 -0.999421835 0.021248229 -0.026544634 112.097282410
-0.026559589 0.023237702 0.999377072 21.707534790 0.023543328 0.999466896 -0.022614103 -3.213634729 -0.999369919 0.022928040 -0.027092529 112.070060730
-0.027709244 0.025011690 0.999302983 22.551027298 0.023676813 0.999422848 -0.024358166 -3.238923073 -0.999335587 0.022985365 -0.028285451 112.050064087
-0.029728642 0.022640817 0.999301553 23.393531799 0.020311363 0.999550700 -0.022042215 -3.269298077 -0.999351621 0.019641895 -0.030175155 112.039840698
-0.030981932 0.018456059 0.999349475 24.246992111 0.017242258 0.999690592 -0.017927811 -3.301485777 -0.999371231 0.016675603 -0.031290576 112.027854919
-0.030730626 0.013343143 0.999438643 25.088098526 0.015824499 0.999792039 -0.012861292 -3.326984406 -0.999402404 0.015420379 -0.030935377 111.994995117
-0.030986099 0.007621323 0.999490738 25.938560486 0.012025823 0.999901354 -0.007251632 -3.349279404 -0.999447465 0.011794998 -0.031074686 111.975440979
-0.030872665 0.006139457 0.999504447 26.786540985 0.009666509 0.999936104 -0.005843532 -3.376841307 -0.999476612 0.009481312 -0.030930042 111.960769653
-0.030262524 0.013097039 0.999456227 27.618560791 0.011789762 0.999849260 -0.012745209 -3.405170441 -0.999472380 0.011397647 -0.030412376 111.941719055
-0.028646613 0.024101699 0.999298990 28.448610306 0.014753327 0.999610484 -0.023686282 -3.432678699 -0.999480665 0.014064451 -0.028991032 111.907142639
-0.028222617 0.029884843 0.999154747 29.274589539 0.016981514 0.999423087 -0.029413195 -3.451278925 -0.999457419 0.016137047 -0.028713824 111.892967224
-0.026718536 0.024234185 0.999349117 30.115158081 0.018612791 0.999544859 -0.023741294 -3.485127449 -0.999469638 0.017966347 -0.027157445 111.869407654
-0.025753215 0.016481146 0.999532461 30.951679230 0.021555936 0.999640763 -0.015927538 -3.519296408 -0.999435842 0.021135675 -0.026099231 111.846061707
-0.025499687 0.013488758 0.999583781 31.778661728 0.022156261 0.999670982 -0.012924718 -3.548119783 -0.999429286 0.021817468 -0.025790159 111.825164795
-0.025599156 0.013943477 0.999575078 32.598075867 0.022135330 0.999665439 -0.013377851 -3.578664064 -0.999427080 0.021783464 -0.025899233 111.811538696
-0.026558971 0.014997708 0.999534845 33.416759491 0.018903593 0.999716163 -0.014498137 -3.603750229 -0.999468386 0.018509742 -0.026834944 111.798141479
-0.028819010 0.015114874 0.999470353 34.234394073 0.017210795 0.999744833 -0.014622767 -3.630562067 -0.999436378 0.016780265 -0.029071795 111.786476135
-0.031685594 0.015060673 0.999384522 35.061790466 0.016027685 0.999765456 -0.014558258 -3.657521009 -0.999369204 0.015556536 -0.031919554 111.780410767
-0.033345368 0.015224444 0.999327898 35.851161957 0.015212711 0.999775827 -0.014723655 -3.688524246 -0.999328077 0.014711521 -0.033569500 111.747726440
-0.035383366 0.015764318 0.999249399 36.655773163 0.013410098 0.999793053 -0.015298043 -3.712529421 -0.999283791 0.012858737 -0.035587441 111.723999023
-0.037809569 0.014887246 0.999173999 37.459300995 0.011296678 0.999831557 -0.014469567 -3.737969398 -0.999221087 0.010740261 -0.037971370 111.703147888
-0.039619476 0.013900183 0.999118149 38.250984192 0.012221278 0.999835193 -0.013425533 -3.763116837 -0.999140084 0.011678586 -0.039782815 111.671516418
-0.041334230 0.013434129 0.999055028 39.038208008 0.011115709 0.999853909 -0.012984980 -3.794784069 -0.999083519 0.010568481 -0.041477531 111.640571594
-0.043192733 0.014590264 0.998960197 39.824535370 0.011169105 0.999837875 -0.014120159 -3.817078829 -0.999004304 0.010547603 -0.043348704 111.611816406
-0.044293754 0.014770377 0.998909295 40.611534119 0.011570463 0.999831259 -0.014270949 -3.843218088 -0.998951554 0.010925731 -0.044457182 111.583068848
-0.045272153 0.013787637 0.998879552 41.388069153 0.013535942 0.999821365 -0.013187150 -3.864254713 -0.998882949 0.012923765 -0.045450695 111.547164917
-0.047096744 0.013006784 0.998805583 42.172653198 0.014061135 0.999824762 -0.012357031 -3.891185999 -0.998791337 0.013462364 -0.047271382 111.520637512
-0.048129890 0.012187682 0.998766720 42.904464722 0.012320631 0.999856710 -0.011607259 -3.923835993 -0.998765051 0.011746783 -0.048273172 111.480895996
-0.049623314 0.011390978 0.998702943 43.659523010 0.010619837 0.999884367 -0.010876775 -3.944245815 -0.998711586 0.010066322 -0.049738545 111.454345703
-0.050563987 0.009790639 0.998672843 44.398174286 0.009447793 0.999911845 -0.009324433 -3.970945120 -0.998676181 0.008963773 -0.050652038 111.427726746
-0.051131215 0.009519589 0.998646557 45.106227875 0.009717543 0.999912024 -0.009034107 -3.993813038 -0.998644650 0.009242468 -0.051219221 111.391105652
-0.051393043 0.012666019 0.998598158 45.810897827 0.010129523 0.999874711 -0.012160892 -4.011956215 -0.998627067 0.009490339 -0.051514916 111.361145020
-0.051198531 0.015466079 0.998568714 46.530048370 0.009692177 0.999840617 -0.014988843 -4.031426907 -0.998641491 0.008910899 -0.051340282 111.321495056
-0.051434964 0.017147180 0.998529077 47.227401733 0.007936762 0.999827921 -0.016760657 -4.054224014 -0.998644829 0.007063005 -0.051562212 111.293060303
-0.051785622 0.017783688 0.998499811 47.924110413 0.007818998 0.999817908 -0.017401643 -4.081563950 -0.998627663 0.006906114 -0.051915243 111.262268066
-0.051649906 0.017655412 0.998509169 48.622283936 0.009375280 0.999808192 -0.017193425 -4.104135513 -0.998621166 0.008473265 -0.051805530 111.225265503
-0.051828083 0.017129108 0.998509109 49.309322357 0.009193854 0.999818623 -0.016674366 -4.129273415 -0.998613656 0.008315948 -0.051976174 111.190994263
-0.052733883 0.017499708 0.998455226 50.003799438 0.005799244 0.999834836 -0.017217601 -4.149603367 -0.998591661 0.004882336 -0.052826669 111.171058655
-0.052332591 0.017473228 0.998476863 50.686927795 0.003319242 0.999844372 -0.017323192 -4.177963734 -0.998624027 0.002407619 -0.052382454 111.143135071
-0.052332498 0.015971791 0.998501956 51.369228363 0.005799674 0.999860048 -0.015689548 -4.202341557 -0.998612881 0.004969914 -0.052417807 111.111213684
-0.053132568 0.015479135 0.998467445 52.034141541 0.005722989 0.999868095 -0.015196308 -4.224262714 -0.998571038 0.004906801 -0.053214148 111.072158813
-0.056647778 0.014757156 0.998285115 52.703254700 0.002027689 0.999890387 -0.014665824 -4.249333858 -0.998392165 0.001193427 -0.056671485 111.039955139
-0.062142961 0.014239257 0.997965574 53.380348206 -0.001654371 0.999895394 -0.014369806 -4.274189949 -0.998065948 -0.002543988 -0.062112901 111.012046814
-0.067563988 0.018440142 0.997544467 54.027664185 0.002522648 0.999829173 -0.018311515 -4.291013718 -0.997711718 0.001279255 -0.067598954 110.956375122
-0.073962405 0.021432251 0.997030616 54.717235565 0.005252862 0.999763548 -0.021101326 -4.311439514 -0.997247100 0.003676561 -0.074057505 110.899124146
-0.081708074 0.023050945 0.996389627 55.407119751 0.003106904 0.999733508 -0.022873521 -4.337615967 -0.996651471 0.001226736 -0.081757911 110.852668762
-0.087515540 0.021490104 0.995931447 56.044639587 -0.000403477 0.999766409 -0.021608315 -4.370170116 -0.996163070 -0.002292899 -0.087486409 110.789680481
-0.092846587 0.020725161 0.995464683 56.733230591 -0.000311561 0.999782681 -0.020844117 -4.389048576 -0.995680451 -0.002245454 -0.092819922 110.728118896
-0.097610496 0.021426557 0.994994044 57.425827026 -0.002490609 0.999759853 -0.021773521 -4.412000656 -0.995221555 -0.004603465 -0.097533680 110.667137146
-0.101948097 0.020537669 0.994577706 58.116977692 -0.004976452 0.999763846 -0.021154864 -4.436281204 -0.994777262 -0.007106166 -0.101821795 110.605613708
-0.104338259 0.016775243 0.994400322 58.821731567 -0.005108432 0.999835491 -0.017402936 -4.465320110 -0.994528830 -0.006895619 -0.104235381 110.531219482
-0.105932005 0.013723955 0.994278729 59.537738800 -0.002759836 0.999896765 -0.014095539 -4.490072250 -0.994369507 -0.004237215 -0.105883196 110.452774048
-0.107252419 0.011449856 0.994165719 60.240959167 -0.002959079 0.999925554 -0.011835421 -4.508615017 -0.994227469 -0.004211193 -0.107210554 110.375968933
-0.108501732 0.011157970 0.994033515 60.967861176 -0.003791255 0.999925077 -0.011637926 -4.526473999 -0.994089067 -0.005031369 -0.108451292 110.302696228
-0.109042630 0.014935339 0.993924797 61.699314117 -0.002330006 0.999880552 -0.015280456 -4.545669079 -0.994034350 -0.003982072 -0.108994804 110.227523804
-0.109231427 0.018626925 0.993841708 62.439155579 0.003318696 0.999825597 -0.018374324 -4.573338509 -0.994010866 0.001291206 -0.109274201 110.143318176
-0.110217661 0.023719355 0.993624330 63.180664062 0.010725666 0.999685347 -0.022674298 -4.599354267 -0.993849635 0.008158178 -0.110437393 110.054412842
-0.110787585 0.024759654 0.993535697 63.940189362 0.011515480 0.999654412 -0.023628071 -4.623174667 -0.993777514 0.008823341 -0.111034431 109.968452454
-0.111029439 0.022184929 0.993569493 64.690238953 0.009264123 0.999730468 -0.021287251 -4.651349068 -0.993773937 0.006841038 -0.111205034 109.891967773
-0.110763207 0.017283723 0.993696570 65.436836243 0.010005506 0.999817491 -0.016274918 -4.677550316 -0.993796408 0.008139773 -0.110915929 109.808738708
-0.111108795 0.015484560 0.993687630 66.188972473 0.011611289 0.999830484 -0.014281976 -4.701688766 -0.993740439 0.009951140 -0.111269742 109.726516724
-0.111820534 0.015124549 0.993613362 66.927276611 0.012449717 0.999826968 -0.013818049 -4.727207661 -0.993650556 0.010825061 -0.111989461 109.639732361
-0.113466099 0.015685746 0.993418097 67.673721313 0.010826804 0.999835372 -0.014550461 -4.753121376 -0.993482947 0.009104556 -0.113617234 109.562126160
-0.115889207 0.016558865 0.993124187 68.408561707 0.009992548 0.999829769 -0.015504625 -4.775202751 -0.993211865 0.008127021 -0.116034940 109.483802795
-0.118248232 0.016933538 0.992839694 69.152542114 0.011293609 0.999812841 -0.015707389 -4.798286438 -0.992919803 0.009355373 -0.118417338 109.398040771
-0.120183498 0.017129421 0.992603898 69.896057129 0.011499058 0.999808073 -0.015861453 -4.820450306 -0.992685139 0.009507726 -0.120357387 109.311065674
-0.121946357 0.016713036 0.992395937 70.640747070 0.011365994 0.999816120 -0.015441340 -4.844937801 -0.992471576 0.009396550 -0.122113898 109.216354370
-0.123643987 0.016942296 0.992181897 71.389923096 0.009136504 0.999831259 -0.015934337 -4.868047714 -0.992284536 0.007094889 -0.123777896 109.129333496
-0.124706790 0.018498208 0.992021084 72.139533997 0.009191515 0.999804795 -0.017487887 -4.893057823 -0.992151082 0.006937320 -0.124852464 109.039016724
-0.125483915 0.018782223 0.991917729 72.898727417 0.008412558 0.999804914 -0.017867327 -4.915703297 -0.992060006 0.006102504 -0.125617445 108.947288513
-0.126877055 0.018981783 0.991736710 73.667732239 0.007889951 0.999804616 -0.018126804 -4.940603256 -0.991887093 0.005524882 -0.127002031 108.853691101
-0.128102452 0.017628593 0.991604269 74.449714661 0.008379895 0.999825597 -0.016692176 -4.957922935 -0.991725504 0.006171232 -0.128227845 108.761436462
-0.128963590 0.015320544 0.991530955 75.231185913 0.006380882 0.999872863 -0.014619507 -4.980844021 -0.991628766 0.004441459 -0.129044920 108.664482117
-0.131033897 0.013223598 0.991289735 76.021003723 0.002822781 0.999912024 -0.012965486 -5.001025677 -0.991373897 0.001099278 -0.131059647 108.573158264
-0.132939667 0.012485716 0.991045535 76.802734375 0.004144751 0.999918818 -0.012041529 -5.027010441 -0.991115451 0.002506839 -0.132980645 108.462928772
-0.134470433 0.013359644 0.990827620 77.598022461 0.005519372 0.999903738 -0.012732956 -5.046401501 -0.990902185 0.003756540 -0.134531230 108.357681274
-0.136827990 0.014883496 0.990483046 78.392547607 0.004969165 0.999884844 -0.014338317 -5.064168930 -0.990582287 0.002959990 -0.136886179 108.249031067
-0.138517916 0.017671924 0.990202308 79.186454773 0.005834091 0.999837995 -0.017027769 -5.098855972 -0.990342677 0.003418280 -0.138598606 108.143333435
-0.138558328 0.021694034 0.990116656 80.001045227 0.008106363 0.999751449 -0.020770717 -5.120836258 -0.990321040 0.005148288 -0.138699740 108.028472900
-0.140053302 0.025657123 0.989811540 80.821022034 0.009487339 0.999652982 -0.024569819 -5.159171581 -0.990098476 0.005949592 -0.140248165 107.913307190
-0.140027225 0.026910732 0.989781916 81.647689819 0.011730956 0.999605417 -0.025518209 -5.187531471 -0.990078151 0.008037843 -0.140287682 107.800628662
-0.139323056 0.026092311 0.989903152 82.476478577 0.015008134 0.999593556 -0.024235429 -5.220219612 -0.990133286 0.011480045 -0.139658034 107.682106018
-0.139049962 0.024071541 0.989992857 83.305587769 0.015730556 0.999631941 -0.022096476 -5.253174782 -0.990160465 0.012500622 -0.139377475 107.560493469
-0.137917385 0.022445379 0.990189433 84.146232605 0.014870086 0.999677360 -0.020589288 -5.284804821 -0.990332127 0.011884580 -0.138206691 107.442222595
-0.136555538 0.019752728 0.990435481 84.997978210 0.014273903 0.999736607 -0.017970219 -5.315892220 -0.990529537 0.011683449 -0.136801511 107.341560364
-0.135351524 0.016775699 0.990655661 85.853599548 0.014739618 0.999780059 -0.014916362 -5.340311050 -0.990688026 0.012582934 -0.135568991 107.235786438
-0.133459017 0.013265757 0.990965605 86.702766418 0.015130585 0.999821126 -0.011346582 -5.367857933 -0.990938902 0.013479587 -0.133635849 107.120605469
-0.131471187 0.013173379 0.991232574 87.547714233 0.013478756 0.999842942 -0.011500071 -5.393945217 -0.991228402 0.011848652 -0.131628126 107.013214111
-0.130265221 0.017295333 0.991328359 88.404838562 0.014275081 0.999776900 -0.015566921 -5.421705246 -0.991376460 0.012123465 -0.130483061 106.907653809
-0.128331602 0.023573883 0.991451085 89.253417969 0.014999726 0.999649227 -0.021827275 -5.447551727 -0.991617858 0.012070365 -0.128640205 106.800079346
-0.126816943 0.027102500 0.991555810 90.102828979 0.012966351 0.999586403 -0.025663648 -5.473999023 -0.991841316 0.009602273 -0.127115980 106.696205139
-0.125457436 0.024645584 0.991792917 90.965652466 0.011608855 0.999659300 -0.023372591 -5.504176617 -0.992031097 0.008581312 -0.125700831 106.594268799
