1.000000000 0.000000000 0.000000000 0.000000000 0.000000000 1.000000000 0.000000000 0.000000000 0.000000000 0.000000000 1.000000000 0.000000000
0.999997318 0.001032887 0.002064236 -0.009577417 -0.001030622 0.999998868 -0.001098049 -0.016313184 -0.002065368 0.001095919 0.999997258 1.205993891
0.999977708 0.002357685 0.006248307 -0.057411350 -0.002354747 0.999997139 -0.000477475 -0.039375804 -0.006249414 0.000462751 0.999980390 2.410818338
0.999968588 0.001946391 0.007676386 -0.059799910 -0.001944815 0.999998093 -0.000212731 -0.057783436 -0.007676785 0.000197795 0.999970496 3.606921673
0.999960184 0.001844531 0.008729360 -0.055203840 -0.001841626 0.999998212 -0.000340720 -0.077685736 -0.008729973 0.000324630 0.999961853 4.807411671
0.999951601 0.001787970 0.009673068 -0.055632975 -0.001787715 0.999998391 -0.000035015 -0.100265577 -0.009673115 0.000017720 0.999953210 5.996334076
0.999944568 0.002020547 0.010328976 -0.045696542 -0.002009722 0.999997437 -0.001058315 -0.121579610 -0.010331087 0.001037498 0.999946058 7.195687294
0.999929190 0.002091037 0.011716389 -0.053505570 -0.002078553 0.999997258 -0.001077621 -0.150377929 -0.011718610 0.001053191 0.999930799 8.372323990
0.999926567 0.001592985 0.012007406 -0.048441492 -0.001596953 0.999998689 0.000320874 -0.171600312 -0.012006878 -0.000340025 0.999927878 9.570629120
0.999941885 0.000980769 0.010731478 -0.042694047 -0.000996787 0.999998391 0.001487365 -0.195611477 -0.010730002 -0.001497976 0.999941349 10.765066147
0.999964356 -0.000507813 0.008424410 -0.040954553 0.000498605 0.999999404 0.001095098 -0.218340382 -0.008424960 -0.001090858 0.999963880 11.968193054
0.999979198 -0.000136001 0.006441879 -0.040721416 0.000132426 0.999999881 0.000555367 -0.234782949 -0.006441955 -0.000554502 0.999979138 13.164171219
0.999986470 -0.000102914 0.005196915 -0.040542401 0.000100797 0.999999940 0.000407544 -0.255827427 -0.005196958 -0.000407015 0.999986410 14.360347748
0.999989271 0.001265322 0.004462339 -0.047037296 -0.001266808 0.999999166 0.000330328 -0.279597640 -0.004461917 -0.000335977 0.999989986 15.554257393
0.999991715 0.001055877 0.003931946 -0.048376173 -0.001057197 0.999999404 0.000333740 -0.298823804 -0.003931590 -0.000337894 0.999992192 16.754386902
0.999995410 0.000204614 0.003046474 -0.045155842 -0.000206929 0.999999762 0.000759571 -0.317402184 -0.003046317 -0.000760197 0.999995112 17.937944412
0.999994576 -0.000071250 0.003280623 -0.054849774 0.000067682 0.999999404 0.001087689 -0.338651866 -0.003280699 -0.001087461 0.999993980 19.147144318
0.999997616 0.000117283 0.002189872 -0.055824470 -0.000117973 0.999999940 0.000314739 -0.361499906 -0.002189835 -0.000314997 0.999997616 20.344249725
0.999997675 0.000020746 0.002200555 -0.067145765 -0.000019428 0.999999821 -0.000599176 -0.381374210 -0.002200567 0.000599132 0.999997377 21.547822952
0.999998093 0.001324923 0.001420795 -0.070381202 -0.001324868 0.999999106 -0.000039349 -0.401186526 -0.001420846 0.000037467 0.999998927 22.745708466
0.999999285 0.000731221 0.000955963 -0.086813480 -0.000731062 0.999999702 -0.000166575 -0.428593397 -0.000956083 0.000165876 0.999999523 23.934745789
0.999999762 0.000676883 0.000007976 -0.093152203 -0.000676876 0.999999464 -0.000770932 -0.449418455 -0.000008498 0.000770926 0.999999702 25.130563736
0.999999404 0.000843710 -0.000687440 -0.106469616 -0.000843715 0.999999642 -0.000007485 -0.475657225 0.000687434 0.000008065 0.999999762 26.324819565
0.999998808 -0.000796137 -0.001302033 -0.115202114 0.000798307 0.999998271 0.001666729 -0.494424105 0.001300704 -0.001667767 0.999997735 27.526968002
0.999997556 -0.000605495 -0.002134584 -0.121197671 0.000608664 0.999998689 0.001484543 -0.512837946 0.002133682 -0.001485838 0.999996603 28.726491928
0.999994457 -0.001608871 -0.002884758 -0.138617188 0.001611706 0.999998212 0.000980792 -0.537257016 0.002883177 -0.000985436 0.999995351 29.918895721
0.999990463 -0.002016657 -0.003874464 -0.144781470 0.002016513 0.999997973 -0.000041072 -0.557443380 0.003874538 0.000033259 0.999992490 31.115589142
0.999990940 -0.001145839 -0.004105088 -0.169185907 0.001146301 0.999999344 0.000110145 -0.578577936 0.004104959 -0.000114850 0.999991596 32.313503265
0.999986887 -0.001677393 -0.004836902 -0.176204681 0.001680353 0.999998391 0.000608070 -0.599438250 0.004835874 -0.000616189 0.999988139 33.507808685
0.999983311 -0.001943068 -0.005423966 -0.186646000 0.001947666 0.999997795 0.000842349 -0.619910359 0.005422318 -0.000852899 0.999985039 34.697525024
0.999979258 -0.002867330 -0.005762833 -0.203859389 0.002872628 0.999995470 0.000911345 -0.644070566 0.005760194 -0.000927881 0.999982953 35.907001495
0.999976516 -0.002719560 -0.006288639 -0.217378139 0.002724850 0.999995947 0.000832760 -0.662385166 0.006286347 -0.000849877 0.999979794 37.111339569
0.999974549 -0.003663255 -0.006112342 -0.235114783 0.003672886 0.999992132 0.001565232 -0.685971260 0.006106562 -0.001587642 0.999980092 38.295104980
0.999974668 -0.003428944 -0.006243498 -0.239732414 0.003446010 0.999990344 0.002724598 -0.700429022 0.006234096 -0.002746044 0.999976814 39.495033264
0.999978840 -0.002552146 -0.005985064 -0.257350832 0.002572224 0.999991059 0.003349300 -0.717672348 0.005976463 -0.003364624 0.999976456 40.704582214
0.999981523 -0.001814112 -0.005801667 -0.276306778 0.001831949 0.999993563 0.003070547 -0.737026453 0.005796060 -0.003081119 0.999978483 41.882957458
0.999982953 -0.001046696 -0.005734458 -0.286711395 0.001061709 0.999996066 0.002615527 -0.746754229 0.005731699 -0.002621572 0.999980211 43.078899384
0.999986410 0.001428537 -0.005008394 -0.303574055 -0.001404434 0.999987364 0.004812763 -0.765665412 0.005015207 -0.004805663 0.999975860 44.298313141
0.999993503 0.001560632 -0.003255295 -0.318438977 -0.001535123 0.999968231 0.007824230 -0.783382297 0.003267403 -0.007819185 0.999964058 45.488559723
0.999997199 0.001974152 -0.001301934 -0.332748175 -0.001960420 0.999943435 0.010465181 -0.791619778 0.001322520 -0.010462600 0.999944389 46.685279846
0.999997020 0.002456915 -0.000328077 -0.326608479 -0.002452118 0.999900401 0.013899622 -0.798534453 0.000362193 -0.013898775 0.999903321 47.885520935
0.999994874 0.002317235 0.002175363 -0.352099746 -0.002349897 0.999882638 0.015134014 -0.801077724 -0.002140038 -0.015139050 0.999883056 49.108222961
0.999993026 0.000442136 0.003696648 -0.350654721 -0.000492096 0.999908388 0.013525179 -0.802241325 -0.003690329 -0.013526906 0.999901652 50.320297241
0.999986410 0.001656016 0.004933548 -0.351324856 -0.001714416 0.999928236 0.011856755 -0.808293760 -0.004913559 -0.011865053 0.999917567 51.523040771
0.999982357 0.001737272 0.005670807 -0.354796469 -0.001802618 0.999931753 0.011538521 -0.816493571 -0.005650375 -0.011548542 0.999917328 52.704082489
0.999983966 0.001416399 0.005470491 -0.349755704 -0.001476280 0.999938905 0.010957664 -0.820820868 -0.005454637 -0.010965565 0.999925017 53.909416199
0.999986053 0.000801290 0.005218768 -0.359453350 -0.000852756 0.999950886 0.009866892 -0.829534829 -0.005210605 -0.009871206 0.999937713 55.111190796
0.999993861 0.001116399 0.003338743 -0.357394576 -0.001150801 0.999945998 0.010319772 -0.834276974 -0.003327042 -0.010323551 0.999941170 56.323196411
0.999996722 0.001040455 0.002333491 -0.367281377 -0.001067219 0.999933362 0.011497689 -0.844148040 -0.002321373 -0.011500143 0.999931157 57.519302368
0.999998927 0.000378272 0.001461641 -0.371259272 -0.000395720 0.999928474 0.011955227 -0.853669107 -0.001457014 -0.011955790 0.999927402 58.728137970
0.999997914 0.001970513 0.000352566 -0.375381887 -0.001974632 0.999924958 0.012092050 -0.864862323 -0.000328712 -0.012092723 0.999926805 59.924312592
0.999997437 0.002218675 -0.000439700 -0.379021466 -0.002213439 0.999930620 0.011573613 -0.867000222 0.000465347 -0.011572611 0.999932885 61.126964569
0.999999106 0.001288048 -0.000372154 -0.384855032 -0.001283764 0.999935448 0.011290723 -0.876588881 0.000386671 -0.011290234 0.999936163 62.330207825
0.999999762 0.000296788 -0.000514951 -0.391843915 -0.000291338 0.999944270 0.010550635 -0.886560678 0.000518053 -0.010550482 0.999944150 63.538711548
0.999999583 -0.000238986 -0.000877519 -0.394623905 0.000249395 0.999929428 0.011880456 -0.901064157 0.000874616 -0.011880672 0.999929070 64.723030090
0.999999523 -0.000436075 -0.000865115 -0.403540790 0.000447503 0.999912083 0.013253992 -0.906388283 0.000859259 -0.013254374 0.999911785 65.924621582
0.999998808 0.000441447 -0.001425646 -0.411596119 -0.000424706 0.999931157 0.011722157 -0.917004347 0.001430722 -0.011721535 0.999930263 67.116950989
0.999997199 0.002180931 -0.000930549 -0.426196367 -0.002171008 0.999942124 0.010535543 -0.924030781 0.000953472 -0.010533492 0.999944031 68.314300537
0.999990046 0.004259825 -0.001306494 -0.433312446 -0.004245201 0.999930501 0.010999179 -0.934625030 0.001353260 -0.010993525 0.999938667 69.506774902
0.999978304 0.006492817 -0.000974816 -0.445480406 -0.006481630 0.999917746 0.011070468 -0.939021945 0.001046614 -0.011063910 0.999938250 70.699813843
0.999971092 0.007550636 -0.000903027 -0.455290735 -0.007539428 0.999901593 0.011830347 -0.954351604 0.000992266 -0.011823199 0.999929607 71.899085999
0.999965131 0.008341311 0.000373961 -0.463764101 -0.008345451 0.999881566 0.012932960 -0.962703288 -0.000266038 -0.012935633 0.999916255 73.093009949
0.999948859 0.009887072 0.002114509 -0.466096520 -0.009914865 0.999858856 0.013563801 -0.966971278 -0.001980104 -0.013584072 0.999905825 74.287437439
0.999949336 0.008894748 0.004695136 -0.464947909 -0.008947747 0.999895096 0.011390653 -0.978578568 -0.004593326 -0.011432091 0.999924123 75.460334778
0.999957800 0.006104903 0.006873482 -0.457644641 -0.006147648 0.999961793 0.006214925 -0.987235010 -0.006835278 -0.006256918 0.999957144 76.635490417
0.999923944 0.007457313 0.009823998 -0.454242766 -0.007513575 0.999955475 0.005702567 -0.998039484 -0.009781036 -0.005775947 0.999935448 77.815994263
0.999903560 0.006216760 0.012425313 -0.442825556 -0.006330658 0.999938130 0.009148338 -1.010064363 -0.012367671 -0.009226114 0.999881029 78.999191284
0.999851108 0.006520750 0.015976222 -0.430440426 -0.006693806 0.999919176 0.010802671 -1.024666190 -0.015904494 -0.010908003 0.999813974 80.173629761
0.999772429 0.006789026 0.020226475 -0.415364623 -0.006972651 0.999934912 0.009021765 -1.033214092 -0.020163914 -0.009160743 0.999754667 81.339241028
0.999702454 0.005612830 0.023739655 -0.393244147 -0.005754602 0.999965966 0.005907891 -1.047168612 -0.023705687 -0.006042748 0.999700725 82.507324219
0.999625742 0.004345700 0.027006546 -0.363739491 -0.004410223 0.999987543 0.002330093 -1.061007500 -0.026996082 -0.002448326 0.999632537 83.671539307
0.999523282 0.003821129 0.030636244 -0.334003925 -0.003868085 0.999991417 0.001473572 -1.078420162 -0.030630348 -0.001591373 0.999529541 84.825225830
0.999418378 0.003612224 0.033908442 -0.294077396 -0.003723881 0.999987960 0.003230347 -1.098879457 -0.033896361 -0.003354740 0.999419749 85.999443054
0.999266326 0.004929043 0.037981313 -0.264409065 -0.005078645 0.999979734 0.003843347 -1.119085670 -0.037961606 -0.004033421 0.999271035 87.165206909
0.999124587 0.004333836 0.041608624 -0.216805696 -0.004401602 0.999989271 0.001537207 -1.135913610 -0.041601520 -0.001719006 0.999132752 88.313545227
0.998985946 0.004320815 0.044816140 -0.167411327 -0.004300299 0.999990642 -0.000554176 -1.157586694 -0.044818114 0.000360892 0.998995125 89.460655212
0.998836458 0.004591164 0.048005581 -0.117104530 -0.004546299 0.999989092 -0.001043705 -1.174357057 -0.048009850 0.000824243 0.998846471 90.632049561
0.998694777 0.003561307 0.050950672 -0.062147141 -0.003570690 0.999993563 0.000093131 -1.193423033 -0.050950009 -0.000274939 0.998701155 91.786483765
0.998550296 0.002552915 0.053765550 -0.003989220 -0.002646257 0.999995112 0.001664986 -1.212425232 -0.053761031 -0.001804850 0.998552203 92.958198547
0.998403788 0.001858922 0.056451328 0.058654308 -0.002053160 0.999992192 0.003382976 -1.228351831 -0.056444600 -0.003493479 0.998399556 94.120201111
0.998273969 0.000268772 0.058729269 0.129226685 -0.000515258 0.999991179 0.004181882 -1.242232084 -0.058727626 -0.004204925 0.998265207 95.279312134
0.998121321 -0.000677132 0.061265536 0.190823078 0.000552575 0.999997735 0.002049984 -1.261924505 -0.061266784 -0.002012279 0.998119414 96.437950134
0.997987866 -0.002053256 0.063373961 0.265175343 0.002154506 0.999996483 -0.001529366 -1.279111266 -0.063370593 0.001662828 0.997988701 97.594337463
0.997846186 -0.001305653 0.065583549 0.332477570 0.001585830 0.999989808 -0.004220193 -1.300795794 -0.065577373 0.004315108 0.997838199 98.756637573
0.997736096 -0.001312013 0.067238480 0.407217503 0.001666635 0.999984920 -0.005218284 -1.320245028 -0.067230634 0.005318533 0.997723281 99.931671143
0.997705162 -0.000960555 0.067701720 0.478697300 0.001273784 0.999988675 -0.004583577 -1.340798616 -0.067696564 0.004659295 0.997695029 101.113014221
0.997757733 -0.000833624 0.066924140 0.552423954 0.001004250 0.999996305 -0.002515937 -1.365286231 -0.066921800 0.002577505 0.997754872 102.294685364
0.997840643 -0.001468719 0.065667607 0.623579025 0.001564843 0.999997795 -0.001412401 -1.382688522 -0.065665402 0.001512110 0.997840583 103.483474731
0.997981012 -0.001134190 0.063503765 0.697884083 0.001177061 0.999999106 -0.000637700 -1.399837255 -0.063502997 0.000711160 0.997981369 104.674331665
0.998138964 -0.000976971 0.060973395 0.762550354 0.000980966 0.999999523 -0.000035601 -1.420849204 -0.060973335 0.000095347 0.998139441 105.868850708
0.998301148 -0.000121125 0.058265645 0.822225094 0.000125350 1.000000000 -0.000068852 -1.440625072 -0.058265634 0.000076039 0.998301148 107.087944031
0.998509645 0.001448327 0.054557428 0.878655910 -0.001414841 0.999998808 -0.000652408 -1.454512358 -0.054558299 0.000574246 0.998510420 108.292236328
0.998721182 0.001624593 0.050531324 0.935642719 -0.001618148 0.999998689 -0.000168434 -1.473780155 -0.050531521 0.000086451 0.998722494 109.501548767
0.998924792 0.001964849 0.046318810 0.992398739 -0.002015427 0.999997377 0.001045276 -1.493704915 -0.046316639 -0.001137504 0.998926222 110.731269836
0.999107778 0.002500508 0.042159770 1.035025358 -0.002578156 0.999995053 0.001787469 -1.514860868 -0.042155087 -0.001894569 0.999109328 111.933197021
0.999278069 0.002787495 0.037888661 1.071298599 -0.002874258 0.999993443 0.002235669 -1.528932095 -0.037882183 -0.002342957 0.999279499 113.153976440
0.999456704 0.003183892 0.032806102 1.113408089 -0.003263396 0.999991894 0.002370196 -1.549144506 -0.032798290 -0.002475968 0.999458909 114.369323730
0.999605834 0.003787829 0.027818736 1.139280081 -0.003851919 0.999990106 0.002250615 -1.562101126 -0.027809937 -0.002356884 0.999610484 115.591972351
0.999724805 0.004336048 0.023055395 1.156476855 -0.004381738 0.999988496 0.001931564 -1.579841256 -0.023046754 -0.002032055 0.999732316 116.820671082
0.999814570 0.005551302 0.018443182 1.169442892 -0.005574351 0.999983788 0.001198544 -1.594636798 -0.018436227 -0.001301131 0.999829173 118.044845581
0.999860525 0.007366047 0.014984854 1.181380630 -0.007388755 0.999971628 0.001460578 -1.621325016 -0.014973668 -0.001571094 0.999886632 119.284713745
0.999876857 0.009193594 0.012716720 1.191408753 -0.009212908 0.999956489 0.001461120 -1.636710048 -0.012702733 -0.001578098 0.999918103 120.529350281
0.999876916 0.010377135 0.011768758 1.192856431 -0.010389706 0.999945521 0.001007472 -1.653611064 -0.011757663 -0.001129622 0.999930203 121.765319824
0.999863148 0.012667868 0.010636824 1.200770736 -0.012684167 0.999918401 0.001466086 -1.674989700 -0.010617384 -0.001600805 0.999942362 123.022994995
0.999853134 0.014012418 0.009867374 1.198029637 -0.014034808 0.999899030 0.002203343 -1.691545725 -0.009835504 -0.002341505 0.999948919 124.274902344
0.999860942 0.013809735 0.009354142 1.199565649 -0.013834859 0.999900877 0.002626477 -1.706891179 -0.009316945 -0.002755525 0.999952793 125.522407532
0.999808252 0.017670581 0.008439085 1.203199983 -0.017711392 0.999831676 0.004785932 -1.726030111 -0.008353094 -0.004934483 0.999952972 126.776962280
0.999796808 0.018642459 0.007660101 1.207923174 -0.018704107 0.999792635 0.008056946 -1.738041401 -0.007508310 -0.008198585 0.999938250 128.031982422
0.999826610 0.017204223 0.007121684 1.209423304 -0.017257145 0.999823391 0.007436997 -1.747259855 -0.006992478 -0.007558607 0.999947011 129.299087524
0.999830425 0.017167678 0.006667316 1.209860086 -0.017206671 0.999834955 0.005835479 -1.754150867 -0.006566034 -0.005949212 0.999960721 130.554763794
0.999876857 0.014599947 0.005744920 1.218662143 -0.014641215 0.999866843 0.007207338 -1.771928072 -0.005638928 -0.007290563 0.999957502 131.815093994
0.999909282 0.012541549 0.004913559 1.221254587 -0.012584782 0.999881506 0.008869170 -1.779911637 -0.004801743 -0.008930200 0.999948621 133.081710815
0.999948740 0.008944902 0.004729431 1.221907139 -0.008993853 0.999905109 0.010432671 -1.785549283 -0.004635663 -0.010474673 0.999934494 134.356201172
0.999962687 0.007184842 0.004790566 1.215410352 -0.007240588 0.999905050 0.011722890 -1.797986031 -0.004705884 -0.011757141 0.999919772 135.645080566
0.999983907 0.002892603 0.004874338 1.228889465 -0.002940821 0.999946535 0.009914292 -1.805073500 -0.004845398 -0.009928467 0.999938965 136.892669678
0.999988079 0.000391565 0.004875673 1.232699156 -0.000435298 0.999959707 0.008972052 -1.812441826 -0.004871963 -0.008974066 0.999947846 138.167312622
0.999985993 -0.000901790 0.005209967 1.237059474 0.000856671 0.999962091 0.008655879 -1.819756031 -0.005217574 -0.008651294 0.999948978 139.450210571
0.999984026 -0.001067285 0.005562320 1.238817215 0.001017914 0.999960124 0.008871280 -1.826905727 -0.005571565 -0.008865474 0.999945223 140.728271484
0.999981284 -0.000456169 0.006098794 1.243682623 0.000389553 0.999940455 0.010919488 -1.835611463 -0.006103412 -0.010916907 0.999921799 141.999954224
0.999973297 0.002189037 0.006973042 1.239540815 -0.002275482 0.999920368 0.012413369 -1.842092514 -0.006945312 -0.012428905 0.999898732 143.279083252
0.999970198 0.001796574 0.007504097 1.249302387 -0.001878368 0.999938726 0.010907182 -1.855013251 -0.007484042 -0.010920955 0.999912381 144.559173584
0.999964058 0.002482692 0.008114532 1.246812105 -0.002555779 0.999956191 0.009009070 -1.861702800 -0.008091809 -0.009029484 0.999926567 145.834014893
0.999962628 0.002345586 0.008323572 1.256386161 -0.002403108 0.999973297 0.006907539 -1.879165053 -0.008307147 -0.006927284 0.999941587 147.110610962
0.999958694 0.001475982 0.008971600 1.258421063 -0.001501154 0.999994874 0.002799714 -1.898927212 -0.008967422 -0.002813066 0.999955833 148.400054932
0.999951839 0.001494341 0.009705533 1.259490490 -0.001485393 0.999998450 -0.000929125 -1.915947795 -0.009706908 0.000914664 0.999952435 149.677841187
0.999951184 0.001327398 0.009790771 1.269377232 -0.001309044 0.999997377 -0.001880769 -1.937851906 -0.009793241 0.001867860 0.999950290 150.941833496
0.999952018 0.001465447 0.009688606 1.276103973 -0.001450750 0.999997735 -0.001523834 -1.962368965 -0.009690818 0.001509705 0.999951899 152.211349487
0.999952197 0.001934352 0.009586661 1.287295580 -0.001926234 0.999997795 -0.000855880 -1.991361976 -0.009588296 0.000837373 0.999953628 153.466644287
0.999956071 0.002181017 0.009126443 1.298309326 -0.002183614 0.999997675 0.000274514 -2.014722586 -0.009125822 -0.000294430 0.999958277 154.727996826
0.999950707 0.003157365 0.009416928 1.291277766 -0.003165077 0.999994695 0.000804148 -2.037750006 -0.009414338 -0.000833914 0.999955356 155.995620728
0.999954462 0.003508027 0.008879378 1.293837070 -0.003513986 0.999993563 0.000655612 -2.060809374 -0.008877020 -0.000686784 0.999960363 157.267776489
0.999960303 0.004017714 0.007950232 1.308141708 -0.004023815 0.999991596 0.000751444 -2.080600262 -0.007947146 -0.000783405 0.999968112 158.536010742
0.999968112 0.003411076 0.007209309 1.312147856 -0.003425901 0.999992073 0.002045075 -2.100912809 -0.007202275 -0.002069709 0.999971926 159.803924561
0.999965668 0.004514270 0.006947007 1.312764525 -0.004531244 0.999986708 0.002429578 -2.125128746 -0.006935947 -0.002460973 0.999972939 161.082122803
0.999969125 0.004688673 0.006297829 1.313603997 -0.004696203 0.999988198 0.001181432 -2.141531944 -0.006292216 -0.001210972 0.999979496 162.352996826
0.999970973 0.005064412 0.005679314 1.314852595 -0.005064295 0.999987185 -0.000035044 -2.159520864 -0.005679417 0.000006281 0.999983847 163.607269287
0.999969244 0.006011087 0.005028971 1.313955307 -0.006010778 0.999981940 -0.000076588 -2.180184841 -0.005029340 0.000046357 0.999987364 164.869232178
0.999975741 0.005499261 0.004264718 1.314566135 -0.005495563 0.999984503 -0.000878281 -2.205610275 -0.004269481 0.000854823 0.999990463 166.148345947
0.999977589 0.005837639 0.003288526 1.314282417 -0.005831360 0.999981165 -0.001915859 -2.227362156 -0.003299648 0.001896640 0.999992847 167.414825439
0.999978900 0.006018787 0.002455540 1.311546683 -0.006014794 0.999980569 -0.001630393 -2.252933979 -0.002465305 0.001615589 0.999995649 168.683929443
0.999978423 0.006168191 0.002251630 1.307158470 -0.006167893 0.999980986 -0.000139149 -2.278280258 -0.002252446 0.000125258 0.999997377 169.958435059
0.999981940 0.005851142 0.001373232 1.304238915 -0.005851939 0.999982715 0.000577112 -2.302161932 -0.001369832 -0.000585138 0.999998868 171.226119995
0.999973714 0.007167096 0.001073110 1.292202950 -0.007167666 0.999974191 0.000527805 -2.319828510 -0.001069297 -0.000535483 0.999999285 172.492858887
0.999971211 0.007578256 0.000224262 1.284463644 -0.007578401 0.999971151 0.000654080 -2.339467525 -0.000219298 -0.000655761 0.999999821 173.763763428
0.999968410 0.007945056 -0.000116310 1.275778532 -0.007945100 0.999968410 -0.000375563 -2.360709667 0.000113323 0.000376475 0.999999881 175.021499634
0.999960721 0.008840001 -0.000535260 1.263732195 -0.008840266 0.999960721 -0.000493906 -2.386285543 0.000530873 0.000498618 0.999999762 176.287216187
0.999963343 0.008512430 -0.000903071 1.255496740 -0.008512890 0.999963641 -0.000507575 -2.405366659 0.000898719 0.000515244 0.999999464 177.557891846
0.999961555 0.008677781 -0.001203343 1.251344085 -0.008679595 0.999961257 -0.001510429 -2.428023338 0.001190191 0.001520816 0.999998212 178.805862427
0.999972224 0.007353395 -0.001165304 1.238485217 -0.007356938 0.999968171 -0.003065572 -2.454143524 0.001142727 0.003074060 0.999994636 180.080718994
0.999988914 0.004495821 -0.001434180 1.230680823 -0.004500070 0.999985456 -0.002973295 -2.477013588 0.001420791 0.002979716 0.999994516 181.347610474
0.999989688 0.004145030 -0.001858565 1.228468418 -0.004143502 0.999991000 0.000825937 -2.502890825 0.001861972 -0.000818228 0.999997914 182.604431152
0.999992132 0.003439562 -0.001978838 1.218860149 -0.003428889 0.999979734 0.005371669 -2.524896145 0.001997275 -0.005364842 0.999983609 183.872940063
0.999989212 0.004278893 -0.001814037 1.213410258 -0.004270645 0.999980569 0.004526709 -2.537014961 0.001833371 -0.004518914 0.999988139 185.131988525
0.999981940 0.005934969 -0.000963455 1.193335295 -0.005933881 0.999981761 0.001127542 -2.551715374 0.000970127 -0.001121805 0.999998868 186.377822876
0.999979615 0.006094505 -0.001904946 1.190260172 -0.006095319 0.999981344 -0.000421482 -2.577149391 0.001902340 0.000433084 0.999998033 187.625366211
0.999981940 0.005646028 -0.002055792 1.180919290 -0.005646143 0.999984026 -0.000050630 -2.600937128 0.002055473 0.000062236 0.999997854 188.874404907
0.999982476 0.005594737 -0.001934832 1.174291372 -0.005592802 0.999983847 0.001004300 -2.622856140 0.001940418 -0.000993461 0.999997616 190.132217407
0.999981761 0.005731899 -0.001908858 1.165959120 -0.005725627 0.999978244 0.003275521 -2.645516634 0.001927592 -0.003264532 0.999992847 191.377380371
0.999986351 0.005156665 -0.000955993 1.158391476 -0.005152778 0.999978602 0.004025336 -2.663597584 0.000976730 -0.004020355 0.999991417 192.633743286
0.999987066 0.005080228 0.000444119 1.150755644 -0.005081643 0.999981821 0.003245618 -2.681577921 -0.000427622 -0.003247832 0.999994516 193.875213623
0.999989033 0.004260540 0.001916247 1.149434686 -0.004264150 0.999989092 0.001883097 -2.702461481 -0.001908203 -0.001891247 0.999996364 195.106918335
0.999988377 0.003774464 0.003002390 1.145523906 -0.003775347 0.999992847 0.000288491 -2.720944881 -0.003001278 -0.000299823 0.999995410 196.340042114
0.999983311 0.003475547 0.004616476 1.146373987 -0.003474551 0.999993920 -0.000223634 -2.745924473 -0.004617224 0.000207590 0.999989331 197.560058594
0.999974072 0.003579420 0.006242420 1.146501422 -0.003583352 0.999993324 0.000618793 -2.769725084 -0.006240163 -0.000641146 0.999980330 198.773254395
0.999968529 0.003140929 0.007275022 1.153442383 -0.003157706 0.999992371 0.002295807 -2.790304184 -0.007267754 -0.002318707 0.999970913 200.007354736
0.999957263 0.004203509 0.008235330 1.155681133 -0.004226987 0.999986947 0.002835595 -2.813963890 -0.008223305 -0.002870284 0.999962032 201.222473145
0.999946654 0.003776016 0.009615042 1.159953356 -0.003802384 0.999989033 0.002725578 -2.832972527 -0.009604645 -0.002761993 0.999950051 202.426925659
0.999940872 0.003740993 0.010209363 1.170622349 -0.003766535 0.999989808 0.002483724 -2.845551491 -0.010199967 -0.002522031 0.999944806 203.632369995
0.999919951 0.003982397 0.012011897 1.166846871 -0.004018959 0.999987364 0.003021231 -2.872969627 -0.011999713 -0.003069264 0.999923289 204.826004028
0.999907196 0.004376974 0.012903578 1.173842072 -0.004414007 0.999986231 0.002842790 -2.890493393 -0.012890957 -0.002899482 0.999912739 206.023925781
0.999899268 0.003905768 0.013650225 1.184079170 -0.003948142 0.999987423 0.003078662 -2.917418480 -0.013638031 -0.003132244 0.999902070 207.194351196
0.999893129 0.003210784 0.014263855 1.195341825 -0.003254996 0.999989986 0.003077473 -2.932568312 -0.014253831 -0.003123573 0.999893486 208.349273682
0.999883533 0.003122672 0.014942524 1.198904753 -0.003184188 0.999986529 0.004094798 -2.956132174 -0.014929537 -0.004141900 0.999879956 209.502517700
0.999892533 0.002755511 0.014399839 1.212899327 -0.002826334 0.999983966 0.004900301 -2.970121384 -0.014386104 -0.004940472 0.999884307 210.631027222
0.999896109 0.002755801 0.014150429 1.219047070 -0.002825652 0.999983907 0.004918649 -2.990591526 -0.014136647 -0.004958122 0.999887764 211.743148804
0.999902308 0.003584265 0.013507494 1.230513573 -0.003637963 0.999985576 0.003952994 -3.012030125 -0.013493129 -0.004001748 0.999900937 212.856277466
0.999909282 0.003805686 0.012920800 1.238419414 -0.003845730 0.999987841 0.003075829 -3.028099298 -0.012908936 -0.003125240 0.999911785 213.946014404
0.999914110 0.003820041 0.012532139 1.245757937 -0.003858364 0.999987960 0.003035238 -3.048678398 -0.012520393 -0.003083332 0.999916792 215.012313843
0.999927700 0.003304917 0.011556044 1.250623941 -0.003340051 0.999989867 0.003022329 -3.067501307 -0.011545938 -0.003060709 0.999928713 216.073959351
0.999949932 0.002695482 0.009628454 1.259083271 -0.002732431 0.999988973 0.003826500 -3.086863995 -0.009618032 -0.003852617 0.999946356 217.125076294
0.999969959 0.001582639 0.007596720 1.260549068 -0.001622913 0.999984682 0.005298327 -3.103611946 -0.007588218 -0.005310496 0.999957144 218.163055420
0.999982417 0.001921050 0.005612226 1.259163737 -0.001960335 0.999973595 0.007002837 -3.119895935 -0.005598625 -0.007013715 0.999959767 219.200637817
0.999992311 0.002168409 0.003273120 1.260049820 -0.002192548 0.999970317 0.007389136 -3.138669968 -0.003257000 -0.007396256 0.999967337 220.201385498
0.999997020 0.002289574 0.000856224 1.253588319 -0.002295307 0.999974608 0.006756657 -3.149323702 -0.000840731 -0.006758603 0.999976754 221.194686890
0.999994516 0.002455882 -0.002211358 1.246425509 -0.002440437 0.999972820 0.006959656 -3.166652203 0.002228391 -0.006954222 0.999973297 222.173477173
0.999981046 0.003110024 -0.005310125 1.242843270 -0.003071117 0.999968469 0.007319348 -3.180787563 0.005332721 -0.007302902 0.999959111 223.117584229
0.999961138 0.003451539 -0.008121149 1.227526665 -0.003392620 0.999967933 0.007257618 -3.198666573 0.008145938 -0.007229783 0.999940693 224.048110962
0.999931812 0.003757162 -0.011063254 1.210304499 -0.003684548 0.999971628 0.006576593 -3.209964752 0.011087644 -0.006535381 0.999917209 224.955612183
0.999892712 0.003465003 -0.014230426 1.190733433 -0.003381044 0.999976754 0.005919788 -3.223365307 0.014250608 -0.005871039 0.999881208 225.835800171
0.999841332 0.004091784 -0.017333090 1.173680067 -0.003988175 0.999973953 0.006007883 -3.246790409 0.017357225 -0.005937802 0.999831736 226.692291260
0.999786973 0.004580631 -0.020126183 1.148125648 -0.004475492 0.999976099 0.005265991 -3.259317875 0.020149821 -0.005174794 0.999783576 227.524353027
0.999723911 0.005909399 -0.022741852 1.123336792 -0.005793237 0.999969959 0.005170336 -3.274635792 0.022771725 -0.005037160 0.999728024 228.343490601
0.999705076 0.006791478 -0.023315871 1.097282410 -0.006665297 0.999962866 0.005485245 -3.284664631 0.023352256 -0.005328221 0.999713063 229.149520874
0.999700904 0.007272093 -0.023349937 1.081445694 -0.007113175 0.999950945 0.006881800 -3.301984310 0.023398837 -0.006713648 0.999703646 229.923538208
0.999714255 0.007022696 -0.022849556 1.059933662 -0.006853272 0.999948442 0.007484667 -3.314143658 0.022900939 -0.007325933 0.999710858 230.685379028
0.999729753 0.006909897 -0.022197269 1.036894321 -0.006745849 0.999949455 0.007456866 -3.329923630 0.022247672 -0.007305111 0.999725699 231.429229736
0.999732912 0.007644517 -0.021807794 1.016123772 -0.007528896 0.999957204 0.005378965 -3.340140104 0.021847976 -0.005213339 0.999747694 232.165786743
0.999749839 0.007535026 -0.021060124 1.000437737 -0.007466614 0.999966621 0.003325162 -3.351716042 0.021084473 -0.003167083 0.999772608 232.896804810
0.999779761 0.007746389 -0.019507181 0.977533340 -0.007710190 0.999968469 0.001930234 -3.365438461 0.019521516 -0.001779405 0.999807835 233.620346069
0.999795675 0.008341303 -0.018412042 0.965175629 -0.008316395 0.999964416 0.001428986 -3.374421597 0.018423298 -0.001275572 0.999829471 234.360900879
0.999834895 0.007733074 -0.016444497 0.949336052 -0.007712543 0.999969423 0.001311554 -3.386889458 0.016454136 -0.001184509 0.999863923 235.080459595
0.999863863 0.007692419 -0.014597305 0.935633183 -0.007674354 0.999969780 0.001293190 -3.402019739 0.014606812 -0.001180990 0.999892592 235.786331177
0.999886870 0.007827907 -0.012842827 0.926191568 -0.007815127 0.999968886 0.001044943 -3.413732529 0.012850608 -0.000944457 0.999916971 236.514205933
0.999911070 0.007504510 -0.011015463 0.919312000 -0.007496691 0.999971628 0.000750966 -3.426733255 0.011020789 -0.000668320 0.999939024 237.222091675
0.999940395 0.007710166 -0.007719934 0.904518604 -0.007700637 0.999969482 0.001263326 -3.440431595 0.007729440 -0.001203803 0.999969363 237.925628662
0.999966204 0.006610306 -0.004896441 0.907552123 -0.006600030 0.999975979 0.002111936 -3.453890800 0.004910287 -0.002079548 0.999985754 238.634017944
0.999981940 0.005732296 -0.001756910 0.901203513 -0.005729045 0.999981821 0.001849534 -3.460269213 0.001767478 -0.001839435 0.999996662 239.335998535
0.999986053 0.005194424 0.000932971 0.904762328 -0.005196315 0.999984503 0.002036705 -3.474457741 -0.000922375 -0.002041525 0.999997437 240.034240723
0.999977827 0.005169632 0.004202260 0.902631879 -0.005176941 0.999985099 0.001730297 -3.486354113 -0.004193251 -0.001752013 0.999989629 240.719909668
0.999961793 0.004829624 0.007286607 0.906359255 -0.004840625 0.999987125 0.001492833 -3.499682426 -0.007279304 -0.001528047 0.999972343 241.411819458
0.999930680 0.005821104 0.010234732 0.911074758 -0.005824993 0.999982953 0.000350184 -3.508443356 -0.010232518 -0.000409777 0.999947608 242.099044800
0.999894083 0.006094724 0.013213795 0.918702841 -0.006094303 0.999981403 -0.000072143 -3.520584822 -0.013213988 -0.000008394 0.999912739 242.791488647
0.999853492 0.006216897 0.015948419 0.929966450 -0.006234322 0.999980032 0.001043152 -3.535022736 -0.015941616 -0.001142427 0.999872267 243.504837036
0.999816418 0.006346158 0.018077895 0.942448854 -0.006376601 0.999978304 0.001626835 -3.545787334 -0.018067181 -0.001741812 0.999835253 244.208847046
0.999766886 0.006399974 0.020622022 0.952772617 -0.006426516 0.999978662 0.001221021 -3.556243896 -0.020613769 -0.001353264 0.999786556 244.913299561
0.999718428 0.006040749 0.022948639 0.966575146 -0.006039381 0.999981761 -0.000128903 -3.568256378 -0.022949003 -0.000009729 0.999736667 245.623535156
0.999668598 0.006397189 0.024938814 0.978857040 -0.006333134 0.999976516 -0.002646672 -3.578114748 -0.024955163 0.002487854 0.999685466 246.330627441
0.999664903 0.004777590 0.025439151 1.003845215 -0.004668699 0.999979615 -0.004338156 -3.590388775 -0.025459358 0.004217934 0.999666989 247.054962158
0.999660075 0.004531663 0.025673376 1.018381119 -0.004417012 0.999980032 -0.004520761 -3.604401827 -0.025693348 0.004405825 0.999660194 247.774093628
0.999664068 0.003801242 0.025638508 1.039101124 -0.003669366 0.999979794 -0.005188799 -3.619749069 -0.025657713 0.005092979 0.999657810 248.505340576
0.999650359 0.005549305 0.025851374 1.054760456 -0.005404705 0.999969363 -0.005659986 -3.631887436 -0.025881991 0.005518287 0.999649763 249.239242554
0.999642015 0.005905219 0.026096907 1.070335388 -0.005751714 0.999965727 -0.005953251 -3.646148920 -0.026131166 0.005801018 0.999641716 249.978668213
0.999635220 0.004967960 0.026546776 1.086053848 -0.004757365 0.999956787 -0.007990266 -3.662409067 -0.026585327 0.007861060 0.999615610 250.729553223
0.999636054 0.001214130 0.026949849 1.107935905 -0.000943766 0.999949098 -0.010042563 -3.680768490 -0.026960673 0.010013473 0.999586284 251.480361938
0.999622583 -0.002069328 0.027391242 1.132748604 0.002367005 0.999938369 -0.010839646 -3.695689201 -0.027367122 0.010900388 0.999566019 252.247711182
0.999606073 0.000300552 0.028061736 1.148829937 -0.000103543 0.999975264 -0.007021811 -3.707612514 -0.028063154 0.007016142 0.999581456 253.028411865
0.999580204 0.004121301 0.028677730 1.159595966 -0.004098411 0.999991238 -0.000856905 -3.721587658 -0.028681010 0.000739012 0.999588370 253.814361572
0.999563038 0.003277663 0.029375037 1.182290077 -0.003357800 0.999990821 0.002679141 -3.737874985 -0.029365983 -0.002776606 0.999564886 254.600296021
0.999488652 0.002248256 0.031894810 1.206300735 -0.002260973 0.999997318 0.000362625 -3.747359753 -0.031893909 -0.000434553 0.999491155 255.399749756
0.999355972 0.003130639 0.035746504 1.235879421 -0.002922265 0.999978423 -0.005879978 -3.755682468 -0.035764143 0.005771730 0.999343574 256.210693359
0.999193132 0.005223464 0.039820399 1.255212784 -0.004850104 0.999943376 -0.009466949 -3.767886162 -0.039867591 0.009266177 0.999162018 257.014282227
0.999062240 0.006932643 0.042736087 1.287980080 -0.006543227 0.999935806 -0.009245284 -3.782636166 -0.042797435 0.008956982 0.999043643 257.830261230
0.998937309 0.005776717 0.045729589 1.331610680 -0.005460570 0.999960363 -0.007035311 -3.797273159 -0.045768417 0.006778123 0.998929083 258.680694580
0.998804629 0.002703636 0.048807453 1.373316765 -0.002512085 0.999988854 -0.003985542 -3.812296391 -0.048817683 0.003858168 0.998800218 259.513641357
0.998667479 -0.000293175 0.051606342 1.417189598 0.000425914 0.999996662 -0.002561189 -3.828574419 -0.051605411 0.002579756 0.998664200 260.354400635
0.998491526 0.000949144 0.054898128 1.462224960 -0.000850878 0.999997914 -0.001813334 -3.843436956 -0.054899741 0.001763887 0.998490334 261.219238281
0.998357415 0.003007395 0.057214916 1.508754730 -0.002795276 0.999988973 -0.003787068 -3.858220100 -0.057225678 0.003620916 0.998354733 262.061737061
0.998203993 0.003736782 0.059789047 1.548141479 -0.003390680 0.999976933 -0.005889117 -3.879888058 -0.059809681 0.005675815 0.998193681 262.894836426
0.998053432 0.003799790 0.062249269 1.606944084 -0.003429431 0.999975801 -0.006055363 -3.897763252 -0.062270775 0.005830097 0.998042226 263.770111084
0.997866273 0.004681916 0.065122806 1.655201912 -0.004439522 0.999982655 -0.003866317 -3.917581320 -0.065139785 0.003568953 0.997869730 264.610565186
0.997653723 0.006486657 0.068155803 1.709085464 -0.006345447 0.999977231 -0.002288156 -3.934556484 -0.068169102 0.001850308 0.997672021 265.456634521
0.997449636 0.007080427 0.071021885 1.771276474 -0.006908310 0.999972522 -0.002668789 -3.949441195 -0.071038835 0.002171341 0.997471213 266.337677002
0.997261226 0.007256168 0.073603004 1.830699921 -0.007039542 0.999970138 -0.003202145 -3.964767694 -0.073624045 0.002675245 0.997282445 267.181762695
0.997082174 0.005375696 0.076147370 1.894968033 -0.005122270 0.999980688 -0.003523020 -3.980124235 -0.076164842 0.003122692 0.997090459 268.016235352
0.996959388 0.002191291 0.077891290 1.969390869 -0.001974853 0.999993980 -0.002855636 -3.996738434 -0.077897072 0.002693129 0.996957779 268.903564453
0.996908784 0.001662815 0.078549594 2.039636612 -0.001433066 0.999994516 -0.002981159 -4.012854576 -0.078554131 0.002859376 0.996905744 269.752899170
0.996863604 0.001346787 0.079127342 2.100490570 -0.001112552 0.999994814 -0.003004227 -4.029127121 -0.079130977 0.002906771 0.996860087 270.597900391
0.996860087 0.000847985 0.079178572 2.181245804 -0.000615746 0.999995410 -0.002957457 -4.044995785 -0.079180725 0.002899418 0.996856093 271.499664307
0.996851146 0.000920205 0.079289451 2.240337372 -0.000746262 0.999997199 -0.002223369 -4.062509537 -0.079291284 0.002157197 0.996849239 272.358795166
0.996903896 0.001463869 0.078615494 2.304708481 -0.001314430 0.999997258 -0.001952596 -4.075680256 -0.078618139 0.001843216 0.996903121 273.213012695
0.997023761 0.000718212 0.077090651 2.370561600 -0.000538064 0.999997079 -0.002357583 -4.096474171 -0.077092119 0.002309087 0.997021317 274.067413330
0.997119367 0.001294597 0.075837396 2.439739227 -0.001039167 0.999993682 -0.003407484 -4.113909721 -0.075841345 0.003318861 0.997114420 274.966796875
0.997257590 0.002113689 0.073977269 2.501949310 -0.001776086 0.999987662 -0.004629112 -4.126248360 -0.073986135 0.004485028 0.997249186 275.827331543
0.997356355 0.003276800 0.072590947 2.558443069 -0.002949552 0.999984980 -0.004614840 -4.147677898 -0.072604977 0.004388529 0.997351170 276.684051514
0.997485161 0.004345570 0.070741594 2.616069794 -0.004024875 0.999980986 -0.004675227 -4.167018414 -0.070760563 0.004378744 0.997483730 277.532440186
0.997628093 0.005494470 0.068615153 2.674802780 -0.005205961 0.999976754 -0.004382862 -4.181633949 -0.068637647 0.004015258 0.997633576 278.400939941
0.997828841 0.005313993 0.065646544 2.724831581 -0.005134379 0.999982595 -0.002904498 -4.198070526 -0.065660834 0.002561138 0.997838736 279.250366211
0.998100579 0.004126152 0.061467357 2.782381058 -0.004093350 0.999991417 -0.000659574 -4.211732388 -0.061469551 0.000406713 0.998108923 280.111236572
0.998398960 0.002670410 0.056502122 2.826463699 -0.002744460 0.999995470 0.001233016 -4.229526997 -0.056498580 -0.001386110 0.998401701 280.949218750
0.998659551 0.002439218 0.051702898 2.864448547 -0.002562997 0.999994099 0.002327851 -4.242220879 -0.051696911 -0.002457245 0.998659909 281.780273438
0.998880148 0.002226295 0.047259197 2.899328232 -0.002377171 0.999992371 0.003136577 -4.255821228 -0.047251843 -0.003245408 0.998877764 282.618927002
0.999102771 0.001649048 0.042319417 2.933163643 -0.001801396 0.999992073 0.003562075 -4.268052101 -0.042313207 -0.003635113 0.999097824 283.429656982
0.999281466 0.000313446 0.037901472 2.958921909 -0.000464106 0.999992013 0.003966323 -4.286075115 -0.037899926 -0.003981063 0.999273598 284.241088867
0.999424100 0.000550399 0.033929493 2.976700783 -0.000671229 0.999993443 0.003549892 -4.298299789 -0.033927318 -0.003570622 0.999417841 285.021606445
0.999551833 0.000484089 0.029930700 2.999631405 -0.000589688 0.999993622 0.003519387 -4.311820030 -0.029928805 -0.003535460 0.999545753 285.796600342
0.999662340 0.000624918 0.025978563 3.015644550 -0.000714694 0.999993801 0.003446655 -4.324144363 -0.025976248 -0.003464058 0.999656558 286.547607422
