1.000000000 0.000000000 0.000000000 0.000000000 0.000000000 1.000000000 0.000000000 0.000000000 0.000000000 0.000000000 1.000000000 0.000000000
0.999978960 0.000426075 -0.006470779 -0.008257413 -0.000423480 0.999999821 0.000402412 -0.002013860 0.006470949 -0.000399664 0.999978960 0.091750048
0.999907553 0.000933609 -0.013566047 -0.016545588 -0.000931512 0.999999583 0.000160912 -0.001863011 0.013566191 -0.000148261 0.999907970 0.188370183
0.999772489 0.001365371 -0.021285452 -0.026001964 -0.001377680 0.999998868 -0.000563628 -0.002050992 0.021284658 0.000592824 0.999773264 0.285208464
0.999541581 0.001708346 -0.030227929 -0.042908825 -0.001769153 0.999996483 -0.001985003 -0.001802266 0.030224431 0.002037571 0.999541044 0.390558034
0.999125302 0.001926753 -0.041771635 -0.058816653 -0.002071517 0.999992013 -0.003422610 -0.005015134 0.041764706 0.003506147 0.999121308 0.500881314
0.998478949 0.001736854 -0.055107042 -0.084070474 -0.001962183 0.999989927 -0.004035082 -0.008048562 0.055099480 0.004137074 0.998472273 0.625752091
0.997427046 0.001817636 -0.071665443 -0.108347416 -0.002141067 0.999987841 -0.004436502 -0.004014661 0.071656510 0.004578528 0.997418880 0.761199057
0.995903909 0.000244572 -0.090417497 -0.134390205 -0.000626262 0.999991000 -0.004193070 -0.008859339 0.090415657 0.004232520 0.995895147 0.916793466
0.993914127 -0.000733142 -0.110155024 -0.176247001 0.000253850 0.999990463 -0.004365026 -0.012529322 0.110157169 0.004310499 0.993904829 1.075070977
0.991271496 -0.000548480 -0.131834894 -0.224362656 -0.000078173 0.999988854 -0.004748101 -0.012796812 0.131835982 0.004716963 0.991260290 1.232144952
0.987765670 0.002929608 -0.155917972 -0.279634356 -0.003930582 0.999973536 -0.006111950 -0.017457247 0.155895934 0.006650024 0.987751067 1.400497675
0.983389437 0.007340013 -0.181359828 -0.346224993 -0.008842818 0.999933004 -0.007479131 -0.024288313 0.181292757 0.008958631 0.983388305 1.575362086
0.978008211 0.010285505 -0.208312526 -0.419249505 -0.012339186 0.999887228 -0.008561562 -0.027247187 0.208200961 0.010943686 0.978024781 1.756969094
0.971316874 0.010920304 -0.237537831 -0.497253180 -0.013416287 0.999870360 -0.008893641 -0.028193107 0.237409949 0.011825420 0.971337557 1.942893147
0.963271141 0.012802315 -0.268225342 -0.587255359 -0.015596031 0.999844015 -0.008287389 -0.032880377 0.268077433 0.012166254 0.963320613 2.140428066
0.953894436 0.014729504 -0.299780637 -0.686740577 -0.017696012 0.999817610 -0.007182941 -0.035845362 0.299620211 0.012156689 0.953981102 2.326820850
0.942630947 0.016558303 -0.333425939 -0.786501646 -0.019720694 0.999786973 -0.006101987 -0.036111280 0.333253860 0.012327312 0.942756534 2.516703129
0.930102587 0.018789846 -0.366818905 -0.889174223 -0.022322465 0.999736309 -0.005390367 -0.041400846 0.366620839 0.013201898 0.930276752 2.694575548
0.916248262 0.021689400 -0.400023311 -1.007895231 -0.025759522 0.999656737 -0.004800129 -0.041973546 0.399781853 0.014702518 0.916492403 2.873420954
0.900185049 0.022436563 -0.434929281 -1.124300718 -0.026916355 0.999629140 -0.004141953 -0.042836759 0.434675008 0.015435235 0.900455117 3.047581434
0.881815910 0.018243998 -0.471240759 -1.248470306 -0.023102764 0.999722898 -0.004527290 -0.045724146 0.471027583 0.014879201 0.881992996 3.224087477
0.860627770 0.013369835 -0.509059012 -1.380323648 -0.018388858 0.999819219 -0.004829579 -0.050171286 0.508902431 0.013517481 0.860718071 3.396158934
0.835579455 0.014935510 -0.549166501 -1.541493893 -0.018971842 0.999818563 -0.001674678 -0.052700751 0.549041867 0.011818024 0.835711300 3.576716423
0.806427121 0.020643992 -0.590973020 -1.718592882 -0.023665160 0.999716461 0.002629416 -0.061483156 0.590859711 0.011865037 0.806687117 3.740392685
0.773861825 0.023724489 -0.632909834 -1.917891264 -0.027065527 0.999624074 0.004377546 -0.062263370 0.632775784 0.013742419 0.774213135 3.913293600
0.737937868 0.022536725 -0.674492300 -2.133022785 -0.025939986 0.999650896 0.005021204 -0.063449904 0.674369991 0.013790983 0.738264859 4.085229397
0.697814345 0.018156786 -0.716048539 -2.348698854 -0.019968938 0.999783278 0.005890994 -0.060026653 0.716000319 0.010187910 0.698025584 4.253963470
0.654948115 0.014434475 -0.755535960 -2.589026928 -0.014526019 0.999873221 0.006510421 -0.059227765 0.755534232 0.006710941 0.655074894 4.418335915
0.611063361 0.014121546 -0.791455567 -2.849950314 -0.011976214 0.999891341 0.008594015 -0.060044926 0.791491091 0.004227154 0.611166239 4.552888393
0.562576234 0.014663650 -0.826615334 -3.128447533 -0.009547358 0.999891222 0.011239734 -0.057066556 0.826690257 0.001568786 0.562655091 4.695005894
0.511648178 0.015290331 -0.859058976 -3.423301697 -0.007831960 0.999883056 0.013132202 -0.052681550 0.859159350 0.000009048 0.511708081 4.817479610
0.459227562 0.016438032 -0.888166547 -3.727989674 -0.007157123 0.999864817 0.014804724 -0.043530099 0.888289750 -0.000442019 0.459283113 4.917439461
0.404594988 0.018614756 -0.914306521 -4.061892033 -0.005691079 0.999824762 0.017837467 -0.041926481 0.914478302 -0.002013559 0.404630035 5.014958858
0.349043131 0.020488434 -0.936882675 -4.414567947 -0.005474254 0.999788463 0.019824626 -0.034257233 0.937090576 -0.001790916 0.349081516 5.099380493
0.293825269 0.023756526 -0.955563903 -4.780962467 -0.002953920 0.999709010 0.023945730 -0.031343505 0.955854475 -0.004213203 0.293809891 5.169609070
0.239883199 0.025388017 -0.970469713 -5.139751911 0.002149947 0.999641597 0.026682600 -0.031225488 0.970799387 -0.008487166 0.239742666 5.232736111
0.189004704 0.025834789 -0.981636405 -5.528944016 0.004207945 0.999623358 0.027118377 -0.026019350 0.981967211 -0.009256171 0.188824832 5.266874313
0.141242787 0.026927885 -0.989608765 -5.946883202 0.001698413 0.999621928 0.027442761 -0.019587338 0.989973545 -0.005556855 0.141143650 5.288947105
0.098930165 0.027320502 -0.994719386 -6.371631622 0.000193715 0.999622524 0.027474439 -0.010360688 0.995094299 -0.002910743 0.098887548 5.289529324
0.061136872 0.025814269 -0.997795582 -6.812568665 -0.001158588 0.999666691 0.025791686 -0.002296507 0.998128712 -0.000420789 0.061146408 5.276940823
0.026551083 0.022979803 -0.999383330 -7.285680771 0.000565488 0.999735177 0.023002921 0.004948243 0.999647439 -0.001175892 0.026531059 5.279295921
-0.004496166 0.020390391 -0.999782026 -7.760156631 0.000877867 0.999791801 0.020386644 0.008725643 0.999989510 -0.000786014 -0.004513128 5.248228073
-0.031340756 0.018504981 -0.999337435 -8.251233101 0.000610286 0.999828756 0.018494939 0.015674412 0.999508619 -0.000030237 -0.031346671 5.210911274
-0.051845532 0.016089315 -0.998525500 -8.760227203 -0.000468341 0.999869704 0.016135287 0.025835708 0.998655081 0.001304193 -0.051831242 5.162930489
-0.068396650 0.015120711 -0.997543633 -9.275609016 0.000127198 0.999885201 0.015147488 0.036641233 0.997658134 0.000909151 -0.068390720 5.120825768
-0.081450060 0.015356094 -0.996559203 -9.813230515 0.000505150 0.999881804 0.015366009 0.046099953 0.996677279 0.000748151 -0.081448182 5.066233158
-0.091004796 0.016901098 -0.995707095 -10.369843483 0.000344171 0.999856412 0.016940078 0.046981618 0.995850325 0.001198935 -0.090997547 5.006318092
-0.097954325 0.018111857 -0.995026171 -10.940333366 -0.001135593 0.999831676 0.018311124 0.048190042 0.995190263 0.002923599 -0.097917281 4.943884850
-0.102360405 0.019052671 -0.994564891 -11.538381577 -0.001462070 0.999812543 0.019303676 0.050919890 0.994746327 0.003430055 -0.102313355 4.873596191
-0.103633739 0.019745817 -0.994419456 -12.150173187 0.000788707 0.999804318 0.019770542 0.063307866 0.994615257 0.001264589 -0.103629008 4.803699970
-0.102771737 0.021984827 -0.994461954 -12.763541222 0.002476539 0.999758303 0.021845978 0.068236604 0.994701922 -0.000217675 -0.102801323 4.743523598
-0.101131558 0.024290266 -0.994576514 -13.407867432 0.001672823 0.999704719 0.024245411 0.076408297 0.994871676 0.000788225 -0.101142317 4.672673225
-0.099481121 0.024359291 -0.994741201 -14.067712784 -0.000145073 0.999699950 0.024495231 0.078970581 0.995039463 0.002581123 -0.099447727 4.602987289
-0.097843595 0.021918919 -0.994960487 -14.734176636 -0.001715841 0.999752223 0.022193214 0.088481084 0.995200336 0.003878659 -0.097781748 4.534753799
-0.096592948 0.021653820 -0.995088398 -15.413634300 -0.001944218 0.999757349 0.021944143 0.102427840 0.995322108 0.004054318 -0.096527398 4.466171265
-0.094735362 0.024470467 -0.995201766 -16.121559143 -0.001942053 0.999691427 0.024765730 0.114043504 0.995500624 0.004278926 -0.094658606 4.393537998
-0.092921086 0.028007440 -0.995279431 -16.832195282 -0.003338970 0.999589920 0.028440468 0.119549602 0.995667934 0.005965928 -0.092789441 4.326307297
-0.091307692 0.029958874 -0.995372057 -17.562927246 -0.003374387 0.999532402 0.030393632 0.131640375 0.995817125 0.006133942 -0.091163889 4.256195545
-0.089510337 0.029347373 -0.995553493 -18.303728104 -0.005158380 0.999538720 0.029928643 0.142560363 0.995972693 0.007814366 -0.089317657 4.182846546
-0.087790743 0.026064375 -0.995797992 -19.058145523 -0.007990154 0.999607027 0.026868504 0.160972327 0.996106982 0.010315384 -0.087547980 4.106755733
-0.086177059 0.025457300 -0.995954573 -19.835071564 -0.008609499 0.999617219 0.026295874 0.175063401 0.996242762 0.010840772 -0.085924886 4.039940357
-0.084714077 0.028121062 -0.996008456 -20.603200912 -0.006418967 0.999565542 0.028767454 0.184553057 0.996384561 0.008830354 -0.084496759 3.974671841
-0.083680995 0.030233547 -0.996033907 -21.391866684 -0.004429676 0.999518514 0.030711478 0.197827756 0.996482670 0.006982074 -0.083506785 3.908505440
-0.082206108 0.031999666 -0.996101558 -22.191934586 -0.003431727 0.999469399 0.032391071 0.210434049 0.996609390 0.006081094 -0.082052678 3.838826180
-0.081433237 0.027556028 -0.996297777 -22.991130829 -0.003088351 0.999605954 0.027899954 0.218174100 0.996674001 0.005348901 -0.081316054 3.764962435
-0.081253655 0.020248415 -0.996487796 -23.793924332 -0.002162528 0.999787748 0.020491805 0.230997339 0.996691048 0.003819966 -0.081192613 3.702252150
-0.081430055 0.015983308 -0.996550858 -24.631870270 0.001579639 0.999872208 0.015907500 0.238498822 0.996677816 -0.000278842 -0.081444897 3.634767532
-0.081909142 0.016449323 -0.996504068 -25.461984634 0.002848013 0.999863565 0.016270682 0.251728833 0.996635675 -0.001505339 -0.081944793 3.565953016
-0.081782296 0.024476875 -0.996349633 -26.296709061 0.002288280 0.999700308 0.024371367 0.251280665 0.996647656 -0.000286781 -0.081813797 3.486256361
-0.082400322 0.031336986 -0.996106505 -27.155437469 0.000261862 0.999506176 0.031422276 0.263278484 0.996599257 0.002328363 -0.082367823 3.417767525
-0.082571000 0.036757771 -0.995907128 -27.987293243 -0.001290387 0.999314845 0.036990531 0.273309588 0.996584475 0.004339452 -0.082466990 3.336466789
-0.082927264 0.037129294 -0.995863795 -28.830360413 -0.003169965 0.999290884 0.037521042 0.284240842 0.996550560 0.006268370 -0.082750753 3.259364843
-0.083146624 0.033426452 -0.995976567 -29.670934677 -0.003173065 0.999423325 0.033807028 0.301607966 0.996532202 0.005971240 -0.082992628 3.179709673
-0.083353378 0.030726893 -0.996046305 -30.505306244 -0.003491090 0.999509394 0.031125877 0.317419350 0.996514022 0.006071735 -0.083205223 3.101985693
-0.083534017 0.032119062 -0.995987236 -31.353759766 -0.004212967 0.999460161 0.032584392 0.334064782 0.996496022 0.006917968 -0.083353624 3.020476103
-0.083613262 0.034458034 -0.995902419 -32.193447113 -0.004990150 0.999374986 0.034997135 0.345085025 0.996485829 0.007895928 -0.083389044 2.949270248
-0.083393067 0.032981262 -0.995970845 -33.022682190 -0.006496608 0.999412894 0.033639207 0.351323605 0.996495605 0.009275708 -0.083129838 2.871599674
-0.083072044 0.027747709 -0.996157229 -33.848773956 -0.007158644 0.999569893 0.028439745 0.363706887 0.996517897 0.009493683 -0.082837671 2.799989462
-0.082854196 0.023429826 -0.996286213 -34.679424286 -0.008670223 0.999668837 0.024230419 0.377222002 0.996523976 0.010645618 -0.082623623 2.721707821
-0.082358263 0.024295285 -0.996306658 -35.504150391 -0.008578469 0.999648511 0.025085904 0.382794052 0.996565878 0.010612818 -0.082120888 2.654253721
-0.081819668 0.026692024 -0.996289730 -36.336971283 -0.007276630 0.999598622 0.027378269 0.390436947 0.996620476 0.009489713 -0.081592612 2.583668470
-0.080898896 0.031792950 -0.996215224 -37.184043884 -0.006993634 0.999448419 0.032464065 0.400247335 0.996697783 0.009593470 -0.080631934 2.499003410
-0.080611669 0.037090562 -0.996055305 -38.018177032 -0.006432880 0.999267220 0.037730794 0.419179201 0.996724784 0.009449048 -0.080314018 2.436235905
-0.080654718 0.040504765 -0.995918691 -38.851482391 -0.007029694 0.999125957 0.041204501 0.431891441 0.996717274 0.010324340 -0.080299482 2.359482765
-0.080306150 0.040408410 -0.995950758 -39.682556152 -0.006423972 0.999136150 0.041055635 0.452497959 0.996749580 0.009694980 -0.079977177 2.287672043
-0.080119655 0.035920434 -0.996137798 -40.509159088 -0.006812516 0.999307394 0.036582660 0.472138762 0.996761978 0.009717195 -0.079819441 2.216079950
-0.079974264 0.031726521 -0.996291935 -41.339511871 -0.007521557 0.999445736 0.032430723 0.484282792 0.996768534 0.010087290 -0.079691291 2.140571117
-0.079487950 0.029166948 -0.996408999 -42.160831451 -0.012006996 0.999471188 0.030214436 0.494048595 0.996763587 0.014365563 -0.079095699 2.059240341
-0.080256164 0.027393050 -0.996397734 -42.973358154 -0.015067264 0.999474764 0.028691256 0.503933072 0.996660411 0.017315641 -0.079801284 1.996445417
-0.081073552 0.025358135 -0.996385455 -43.791347504 -0.012972453 0.999564767 0.026494585 0.513152480 0.996623755 0.015073572 -0.080709308 1.928788900
-0.082126014 0.021641765 -0.996386886 -44.620677948 -0.009619800 0.999700427 0.022506636 0.519537270 0.996575534 0.011433424 -0.081893206 1.858504057
-0.082813442 0.020338200 -0.996357441 -45.440132141 -0.004974598 0.999770939 0.020821337 0.528955579 0.996552706 0.006680765 -0.082693294 1.789926052
-0.084481090 0.023735275 -0.996142328 -46.257350922 -0.004734996 0.999695480 0.024221506 0.533750772 0.996413827 0.006762991 -0.084342971 1.709277868
-0.086065270 0.030192064 -0.995831907 -47.073158264 -0.002843852 0.999529243 0.030549945 0.535221696 0.996285439 0.005461287 -0.085938908 1.642597198
-0.087866671 0.033883207 -0.995555818 -47.896308899 -0.001127915 0.999417305 0.034114186 0.546189785 0.996131539 0.004120402 -0.087777257 1.566398144
-0.089471482 0.033040490 -0.995441198 -48.706901550 -0.000939007 0.999446392 0.033257838 0.554604769 0.995988905 0.003910354 -0.089390926 1.491063595
-0.090506688 0.028968297 -0.995474458 -49.506767273 -0.004045336 0.999557972 0.029454924 0.564789414 0.995887637 0.006692896 -0.090349495 1.408621788
-0.091288000 0.025435742 -0.995499671 -50.297657013 -0.009059406 0.999611199 0.026371548 0.571709454 0.995783329 0.011426040 -0.091022082 1.317098618
-0.093051739 0.024165807 -0.995367944 -51.089351654 -0.012911704 0.999592125 0.025475407 0.577706397 0.995577514 0.015222430 -0.092701741 1.237737179
-0.094074249 0.025055973 -0.995249867 -51.886745453 -0.014568878 0.999541581 0.026541119 0.585866332 0.995458603 0.016996508 -0.093666077 1.154131413
-0.094914392 0.026816336 -0.995124221 -52.673671722 -0.014412660 0.999495327 0.028308801 0.590498984 0.995381117 0.017029298 -0.094480015 1.072552681
-0.095792025 0.026283843 -0.995054305 -53.459403992 -0.016769962 0.999466896 0.028014811 0.595383525 0.995260239 0.019370615 -0.095300160 0.990043163
-0.096395716 0.026252776 -0.994996786 -54.239734650 -0.017493621 0.999453068 0.028065138 0.601955116 0.995189309 0.020111458 -0.095883742 0.907405853
-0.096934803 0.027878588 -0.994900346 -55.014129639 -0.015846211 0.999437749 0.029549662 0.613898277 0.995164573 0.018629791 -0.096438557 0.830178738
-0.097274967 0.030614790 -0.994786561 -55.789134979 -0.015151593 0.999365389 0.032237295 0.625938296 0.995142162 0.018208485 -0.096749380 0.753578186
-0.097472221 0.034874752 -0.994627059 -56.563343048 -0.015092705 0.999219179 0.036514830 0.634542942 0.995123804 0.018570796 -0.096869752 0.672927380
-0.098010033 0.037093822 -0.994493842 -57.323772430 -0.015416626 0.999128640 0.038786039 0.645717382 0.995065987 0.019133165 -0.097352758 0.594752789
-0.098700799 0.037068903 -0.994426429 -58.075462341 -0.015123023 0.999134660 0.038745433 0.656808496 0.995002270 0.018862937 -0.098054782 0.518459320
-0.098897628 0.035176955 -0.994475663 -58.816211700 -0.014431588 0.999219239 0.036779925 0.665230751 0.994992971 0.017989310 -0.098312743 0.442427158
-0.099148117 0.031591386 -0.994571030 -59.544898987 -0.014265357 0.999348104 0.033165224 0.677341819 0.994970441 0.017476181 -0.098632812 0.367461681
-0.098757505 0.028606882 -0.994700253 -60.278968811 -0.014384798 0.999441266 0.030171407 0.690254211 0.995007694 0.017288215 -0.098290816 0.284415722
-0.097706601 0.026314987 -0.994867325 -60.985702515 -0.014841111 0.999500692 0.027895097 0.699350536 0.995104611 0.017490469 -0.097267278 0.213945866
-0.095263273 0.025499297 -0.995125473 -61.679080963 -0.017752696 0.999469459 0.027310068 0.702338934 0.995293856 0.020267805 -0.094760031 0.138946056
-0.090745017 0.026493218 -0.995521665 -62.368904114 -0.017602090 0.999447286 0.028202169 0.708177447 0.995718539 0.020082470 -0.090228528 0.067777634
-0.085292332 0.028205523 -0.995956659 -63.024593353 -0.017300019 0.999406636 0.029784776 0.710195780 0.996205807 0.019770483 -0.084753759 0.016249657
-0.078175373 0.029714134 -0.996496677 -63.664539337 -0.016346844 0.999383152 0.031082617 0.715809345 0.996805727 0.018719466 -0.077641390 -0.027470112
-0.069235563 0.030859519 -0.997122943 -64.302879333 -0.017501682 0.999330044 0.032143060 0.722665548 0.997446775 0.019676769 -0.068649068 -0.074022293
-0.057443816 0.032631706 -0.997815371 -64.927520752 -0.019479310 0.999238789 0.033799674 0.729481936 0.998158634 0.021378333 -0.056764439 -0.113215446
-0.042487632 0.034080733 -0.998515666 -65.531112671 -0.022724830 0.999126494 0.035068545 0.736984015 0.998838425 0.024181074 -0.041676037 -0.141032934
-0.024232592 0.035284210 -0.999083579 -66.127197266 -0.024032412 0.999067545 0.035866547 0.745781064 0.999417424 0.024879523 -0.023362026 -0.149914503
-0.002230793 0.036131937 -0.999344587 -66.689765930 -0.024795143 0.999037743 0.036176190 0.756565452 0.999690056 0.024859592 -0.001332745 -0.134732127
0.023633895 0.036796663 -0.999043286 -67.195968628 -0.024518637 0.999043107 0.036216646 0.756883383 0.999419868 0.023639234 0.024513485 -0.114204645
0.053200372 0.036091205 -0.997931540 -67.720397949 -0.023091244 0.999123931 0.034903325 0.767040133 0.998316824 0.021186607 0.053987153 -0.070104599
0.087393552 0.035712779 -0.995533586 -68.227294922 -0.021845795 0.999185622 0.033926047 0.778064132 0.995934308 0.018783301 0.088102542 -0.003340244
0.124734722 0.035743386 -0.991546094 -68.698104858 -0.021438124 0.999214768 0.033322945 0.786789298 0.991958499 0.017100358 0.125403032 0.084766388
0.166044086 0.036339492 -0.985448599 -69.148010254 -0.021395270 0.999218285 0.033242255 0.779355884 0.985886157 0.015564254 0.166691765 0.174898148
0.211005524 0.037373323 -0.976770163 -69.573158264 -0.021250252 0.999207973 0.033641294 0.787986040 0.977253854 0.013658112 0.211632609 0.289347649
0.259254336 0.035851330 -0.965143502 -70.008071899 -0.017279174 0.999323010 0.032479491 0.785708189 0.965654492 0.008256433 0.259698302 0.445308685
0.309002310 0.030797979 -0.950562537 -70.407646179 -0.009556297 0.999525607 0.029277882 0.787316799 0.951013267 0.000036924 0.309150010 0.621852875
0.360808849 0.026212038 -0.932271361 -70.751770020 -0.005052291 0.999645352 0.026150994 0.778982401 0.932626069 -0.004725405 0.360813349 0.788366318
0.413100988 0.021669872 -0.910427332 -71.137084961 -0.000209969 0.999718964 0.023699913 0.784687281 0.910685182 -0.009599296 0.412989497 1.006010056
0.464084148 0.020749748 -0.885547996 -71.513717651 -0.000289061 0.999728978 0.023273699 0.797633886 0.885791063 -0.010544977 0.463964403 1.244466782
0.512567759 0.019772148 -0.858419061 -71.886207581 0.001258021 0.999716341 0.023777856 0.800104201 0.858645797 -0.013267673 0.512397587 1.499450684
0.556996584 0.014837862 -0.830382228 -72.234176636 0.009364004 0.999664605 0.024143822 0.812548757 0.830462039 -0.021223729 0.556670845 1.794403076
0.600768089 0.008245958 -0.799380898 -72.553710938 0.019731611 0.999489248 0.025139289 0.812734783 0.799179792 -0.030875951 0.600298524 2.098850250
0.644342601 0.004454834 -0.764724076 -72.849311829 0.019953372 0.999544561 0.022635115 0.803602278 0.764476538 -0.029843589 0.643960238 2.382972717
0.685787678 -0.000402796 -0.727801561 -73.155624390 0.017307388 0.999725997 0.015754998 0.807187498 0.727595806 -0.023400925 0.685606837 2.702011108
0.726519585 -0.007429262 -0.687105536 -73.443222046 0.013960549 0.999894679 0.003950095 0.814535260 0.687003851 -0.012462190 0.726546884 3.041648865
0.765469372 -0.010088836 -0.643393278 -73.710906982 0.009396863 0.999945700 -0.004500013 0.817704082 0.643403709 -0.002601258 0.765522718 3.408710480
0.802237391 -0.009566062 -0.596928477 -73.937004089 0.006767467 0.999953091 -0.006929640 0.806446433 0.596966803 0.001519524 0.802264512 3.776371002
0.836017311 -0.011146625 -0.548589706 -74.168685913 0.007542472 0.999932647 -0.008823049 0.802604198 0.548651099 0.003238501 0.836045146 4.202583313
0.866405725 -0.009767639 -0.499245107 -74.389564514 0.004882728 0.999926567 -0.011089740 0.796939969 0.499316812 0.007170537 0.866389811 4.648021698
0.892171443 -0.008311060 -0.451620400 -74.593765259 0.004345402 0.999942422 -0.009817400 0.783438444 0.451675981 0.006796332 0.892156243 5.124004364
0.913641751 -0.001684709 -0.406516731 -74.808944702 -0.002200135 0.999956310 -0.009088852 0.775041759 0.406514257 0.009198346 0.913598120 5.615234375
0.931061387 0.002406110 -0.364854634 -74.994392395 -0.006884519 0.999916136 -0.010974242 0.769603014 0.364797562 0.012729542 0.930999815 6.132331848
0.944509923 0.007619612 -0.328394413 -75.169822693 -0.011372061 0.999890208 -0.009507619 0.759850860 0.328285873 0.012714559 0.944492877 6.670682907
0.954428852 0.008132640 -0.298327565 -75.326377869 -0.010870520 0.999912679 -0.007519279 0.745412946 0.298240364 0.010419593 0.954433918 7.222471237
0.961782157 0.007908935 -0.273701370 -75.489524841 -0.009980471 0.999931157 -0.006176986 0.739085197 0.273633689 0.008672585 0.961794853 7.804073334
0.967570066 0.008188062 -0.252469689 -75.633636475 -0.009573475 0.999945223 -0.004259509 0.732925177 0.252420992 0.006538387 0.967595339 8.400197983
0.972154796 0.010287897 -0.234113172 -75.777420044 -0.010930152 0.999939322 -0.001446007 0.722468376 0.234084114 0.003964638 0.972208202 9.019897461
0.975754797 0.015580292 -0.218310952 -75.937240601 -0.016062237 0.999870956 -0.000432988 0.720184088 0.218276039 0.003929055 0.975879014 9.665898323
0.978456557 0.019186430 -0.205559373 -76.069152832 -0.019430354 0.999810874 0.000832106 0.712135255 0.205536470 0.003179911 0.978644431 10.303133965
0.981140971 0.017692780 -0.192482516 -76.194122314 -0.017885836 0.999839723 0.000734731 0.703355551 0.192464694 0.002721835 0.981300116 10.967279434
0.983756959 0.017882427 -0.178612545 -76.315414429 -0.018113123 0.999835849 0.000339181 0.695529819 0.178589299 0.002901560 0.983919442 11.645760536
0.986247897 0.018324383 -0.164253742 -76.422546387 -0.018411327 0.999830008 0.000993199 0.688352168 0.164244026 0.002044589 0.986417651 12.342308044
0.988477230 0.020173350 -0.150018990 -76.536300659 -0.020182038 0.999795198 0.001464696 0.680584669 0.150017828 0.001579870 0.988682091 13.060511589
0.990373909 0.019993957 -0.136966199 -76.641174316 -0.020395374 0.999790847 -0.001527921 0.671730876 0.136907011 0.004306691 0.990574539 13.776684761
0.991843343 0.020402778 -0.125819966 -76.730407715 -0.021386618 0.999750316 -0.006473436 0.655969262 0.125656486 0.009111498 0.992031932 14.501930237
0.993049204 0.019053131 -0.116148584 -76.817703247 -0.020663219 0.999706149 -0.012673932 0.644860089 0.115872979 0.014985841 0.993151009 15.240605354
0.993957043 0.018677995 -0.108168997 -76.901115417 -0.020191615 0.999712706 -0.012914691 0.634661496 0.107896678 0.015020755 0.994048655 16.002954483
0.994677246 0.020710712 -0.100936785 -76.985862732 -0.021507110 0.999745607 -0.006808128 0.617346346 0.100770094 0.008942749 0.994869530 16.760334015
0.995018959 0.024739193 -0.096567631 -77.075492859 -0.024738442 0.999693274 0.001205255 0.598152995 0.096567817 0.001189681 0.995325804 17.568969727
0.995440006 0.025793578 -0.091837011 -77.154800415 -0.025455471 0.999664187 0.004851240 0.585032284 0.091931306 -0.002491363 0.995762229 18.335891724
0.995773017 0.024145953 -0.088618383 -77.223228455 -0.023902705 0.999707162 0.003805204 0.574425578 0.088684320 -0.001670900 0.996058404 19.107915878
0.996015131 0.023865968 -0.085932098 -77.287818909 -0.023690622 0.999714673 0.003059852 0.562520742 0.085980617 -0.001011873 0.996296287 19.881576538
0.996325314 0.023239663 -0.082436576 -77.359321594 -0.022886375 0.999724388 0.005228024 0.550418675 0.082535356 -0.003322138 0.996582627 20.647548676
0.996567726 0.020820614 -0.080120273 -77.422988892 -0.020279789 0.999765813 0.007558065 0.544994414 0.080258854 -0.005907302 0.996756554 21.422615051
0.996832311 0.018562520 -0.077335343 -77.478950500 -0.017895959 0.999796629 0.009303291 0.534481049 0.077492304 -0.007889832 0.996961713 22.189323425
0.997067571 0.018033495 -0.074371196 -77.544296265 -0.017664865 0.999828279 0.005611527 0.524583340 0.074459612 -0.004281315 0.997214913 22.949314117
0.997134089 0.020810684 -0.072737068 -77.605697632 -0.020958638 0.999779582 -0.001271312 0.510601282 0.072694577 0.002792138 0.997350395 23.703540802
0.997231543 0.022240091 -0.070955500 -77.664047241 -0.022935716 0.999696434 -0.009003951 0.494387656 0.070733696 0.010606439 0.997438848 24.452140808
0.997304618 0.023094665 -0.069642819 -77.722030640 -0.024071509 0.999622881 -0.013219953 0.480221659 0.069311254 0.014860729 0.997484386 25.210506439
0.997433066 0.024938680 -0.067122422 -77.785835266 -0.025755201 0.999604106 -0.011326808 0.456032395 0.066813380 0.013026484 0.997680426 25.975378036
0.997493207 0.027973659 -0.064999625 -77.841690063 -0.028509209 0.999566734 -0.007326252 0.436463773 0.064766511 0.009160973 0.997858405 26.727569580
0.997565866 0.031109935 -0.062406573 -77.903854370 -0.031312495 0.999507010 -0.002270181 0.419369549 0.062305201 0.004218760 0.998048246 27.495210648
0.997802854 0.028898004 -0.059617631 -77.954627991 -0.028996663 0.999579191 -0.000790231 0.407819420 0.059569716 0.002517208 0.998220980 28.255083084
0.997953117 0.026263816 -0.058308039 -78.003479004 -0.026341798 0.999652803 -0.000569012 0.390171856 0.058272846 0.002103786 0.998298466 29.019699097
0.998080373 0.023947969 -0.057114970 -78.047645569 -0.024011867 0.999711633 -0.000432679 0.372584492 0.057088129 0.001803285 0.998367548 29.770002365
0.998126388 0.024037451 -0.056266963 -78.092811584 -0.024209680 0.999704063 -0.002381181 0.361708730 0.056193080 0.003738925 0.998412967 30.514091492
0.998217165 0.021975039 -0.055494208 -78.135299683 -0.022211537 0.999746680 -0.003648441 0.349264115 0.055399969 0.004874547 0.998452425 31.270593643
0.998270571 0.020736320 -0.055007990 -78.176292419 -0.020960936 0.999774098 -0.003509467 0.335287571 0.054922786 0.004656415 0.998479784 32.030487061
0.998240650 0.024758318 -0.053875547 -78.233078003 -0.024933971 0.999685764 -0.002590525 0.322059214 0.053794473 0.003929298 0.998544395 32.807029724
0.998248279 0.024317119 -0.053935558 -78.276130676 -0.024542250 0.999692619 -0.003515623 0.311180383 0.053833492 0.004833165 0.998538196 33.588047028
0.998162210 0.023919687 -0.055677522 -78.319595337 -0.024151850 0.999702096 -0.003500550 0.295611322 0.055577211 0.004838833 0.998442650 34.363765717
0.998128891 0.021525508 -0.057229489 -78.374031067 -0.021727590 0.999759614 -0.002911120 0.281595439 0.057153068 0.004149133 0.998356760 35.151710510
0.997910023 0.023110349 -0.060343843 -78.433029175 -0.023338502 0.999722898 -0.003078732 0.269361973 0.060255975 0.004480633 0.998172939 35.953868866
0.997622550 0.027240217 -0.063303024 -78.486808777 -0.027502004 0.999616385 -0.003267658 0.251385152 0.063189730 0.005000850 0.997988999 36.734062195
0.997445405 0.027510639 -0.065923505 -78.549674988 -0.028098917 0.999573052 -0.008012896 0.235453546 0.065674901 0.009844804 0.997792542 37.530467987
0.997279227 0.027853381 -0.068251967 -78.617561340 -0.028697105 0.999523103 -0.011412663 0.220930576 0.067901529 0.013340245 0.997602880 38.323581696
0.997184396 0.027972510 -0.069576152 -78.690376282 -0.028952997 0.999494672 -0.013123812 0.206052542 0.069173880 0.015101297 0.997490227 39.114746094
0.997013927 0.028452625 -0.071789503 -78.760688782 -0.029373614 0.999498844 -0.011805845 0.187461674 0.071417615 0.013879309 0.997349918 39.942367554
0.996851683 0.026978310 -0.074558519 -78.817001343 -0.027875580 0.999550700 -0.011019907 0.166730404 0.074227713 0.013063576 0.997155726 40.766960144
0.996752918 0.026418932 -0.076063663 -78.884948730 -0.027219841 0.999584258 -0.009511905 0.150509149 0.075780742 0.011551462 0.997057617 41.592464447
0.996701896 0.025823837 -0.076931916 -78.957649231 -0.026320003 0.999638796 -0.005442304 0.133341491 0.076763585 0.007449204 0.997021496 42.414779663
0.996614277 0.025629543 -0.078122668 -79.025382996 -0.025769621 0.999667764 -0.000785261 0.117670372 0.078076571 0.002795794 0.996943414 43.295051575
0.996686637 0.025433408 -0.077259041 -79.096244812 -0.025414594 0.999676287 0.001226964 0.103767693 0.077265233 0.000740608 0.997010231 44.146705627
0.996766806 0.028545719 -0.075107045 -79.169471741 -0.028544337 0.999591947 0.001092141 0.091689527 0.075107560 0.001055271 0.997174859 45.002391815
0.996895730 0.028143333 -0.073533297 -79.237075806 -0.028207911 0.999602079 0.000160415 0.080894992 0.073508561 0.001914304 0.997292757 45.869590759
0.997079194 0.025823405 -0.071876526 -79.299903870 -0.026051290 0.999658048 -0.002234717 0.067949250 0.071794242 0.004100666 0.997411072 46.729324341
0.997277915 0.021670897 -0.070478395 -79.356239319 -0.021980943 0.999751806 -0.003626496 0.050332427 0.070382327 0.005165807 0.997506738 47.600334167
0.997455120 0.020534519 -0.068276212 -79.425376892 -0.020863425 0.999773860 -0.004107621 0.039059088 0.068176426 0.005521644 0.997657955 48.478324890
0.997563660 0.018296802 -0.067318968 -79.486267090 -0.018441655 0.999828815 -0.001530924 0.021965228 0.067279436 0.002768669 0.997730315 49.354373932
0.997687221 0.015688395 -0.066137947 -79.549156189 -0.015675271 0.999876916 0.000717366 0.010459937 0.066141054 0.000321024 0.997810245 50.231456757
0.997727454 0.015072827 -0.065671332 -79.604476929 -0.015006770 0.999886274 0.001499053 -0.013340369 0.065686457 -0.000510131 0.997840226 51.107627869
0.997784555 0.017308287 -0.064238921 -79.667190552 -0.017466044 0.999845684 -0.001894953 -0.029201142 0.064196199 0.003012754 0.997932792 51.987293243
0.997800827 0.019689173 -0.063291766 -79.734268188 -0.020194199 0.999769092 -0.007349502 -0.051727712 0.063132435 0.008611465 0.997968078 52.844306946
0.997812629 0.021630669 -0.062465556 -79.791618347 -0.022477468 0.999664426 -0.012885381 -0.071196556 0.062165871 0.014261265 0.997964025 53.703411102
0.997752607 0.026402446 -0.061583500 -79.858032227 -0.027600195 0.999444485 -0.018680166 -0.095727801 0.061056074 0.020337906 0.997927189 54.551574707
0.997838497 0.026415136 -0.060170382 -79.920799255 -0.027654191 0.999420404 -0.019853462 -0.120715857 0.059611075 0.021474510 0.997990727 55.401473999
0.997869670 0.023447640 -0.060880333 -79.963233948 -0.024346473 0.999604762 -0.014064235 -0.143248975 0.060526483 0.015516493 0.998046041 56.267505646
0.997877181 0.022783460 -0.061007451 -80.033370972 -0.023116000 0.999721467 -0.004750487 -0.172195286 0.060882207 0.006150651 0.998126030 57.123683929
0.997832358 0.021333469 -0.062254149 -80.088104248 -0.021172792 0.999770582 0.003239638 -0.195104420 0.062308975 -0.001914523 0.998055160 57.977569580
0.997728646 0.019473292 -0.064484395 -80.146934509 -0.019433834 0.999810398 0.001239167 -0.211926371 0.064496294 0.000016827 0.997917950 58.816848755
0.997709274 0.014443926 -0.066087909 -80.211273193 -0.014621840 0.999890685 -0.002209149 -0.227694869 0.066048771 0.003170416 0.997811377 59.657611847
0.997553468 0.013266503 -0.068637617 -80.273330688 -0.013565612 0.999900401 -0.003893500 -0.248461634 0.068579130 0.004815087 0.997634053 60.493080139
0.997322381 0.014683091 -0.071640715 -80.338264465 -0.015155940 0.999866724 -0.006061116 -0.266021729 0.071542144 0.007130668 0.997412086 61.305713654
0.997053862 0.016249293 -0.074963182 -80.407821655 -0.017010996 0.999809802 -0.009533713 -0.285302281 0.074793994 0.010780825 0.997140765 62.126060486
0.996738911 0.016995694 -0.078884341 -80.478881836 -0.018053835 0.999756098 -0.012720004 -0.308709562 0.078648895 0.014102688 0.996802628 62.939014435
0.996464550 0.019120568 -0.081808493 -80.557411194 -0.020555239 0.999648750 -0.016730808 -0.332656980 0.081459835 0.018353252 0.996507645 63.752334595
0.996106803 0.023666080 -0.084918976 -80.647438049 -0.025156496 0.999547124 -0.016523927 -0.362988591 0.084489450 0.018595865 0.996250808 64.551101685
0.995711982 0.027380312 -0.088363066 -80.729919434 -0.028778158 0.999479413 -0.014584105 -0.386231303 0.087917738 0.017064491 0.995981574 65.356025696
0.995292604 0.030003959 -0.092154205 -80.816833496 -0.030937394 0.999483347 -0.008716922 -0.408409476 0.091845036 0.011526901 0.995706558 66.156089783
0.994879961 0.030530037 -0.096342996 -80.902023315 -0.030981408 0.999514937 -0.003192248 -0.429866999 0.096198797 0.006160744 0.995342970 66.971359253
0.994397938 0.030016571 -0.101349793 -80.984756470 -0.030110462 0.999546409 0.000603652 -0.448340923 0.101321936 0.002451419 0.994850636 67.763648987
0.993730724 0.029544359 -0.107825167 -81.076087952 -0.029551998 0.999562144 0.001527402 -0.459949374 0.107823059 0.001668622 0.994168699 68.553627014
0.993171215 0.026981909 -0.113503464 -81.170959473 -0.026528457 0.999632955 0.005503875 -0.473693818 0.113610312 -0.002455218 0.993522286 69.337013245
0.992374897 0.028647186 -0.119881250 -81.269821167 -0.028262941 0.999588609 0.004904573 -0.484616250 0.119972408 -0.001478978 0.992776155 70.111114502
0.991510808 0.033285193 -0.125691801 -81.382522583 -0.033007994 0.999445915 0.004288041 -0.497158378 0.125764877 -0.000102805 0.992060125 70.881858826
0.990698934 0.035617396 -0.131328627 -81.503005981 -0.035850253 0.999356925 0.000591582 -0.508684278 0.131265238 0.004122085 0.991338730 71.645988464
0.989880741 0.034376550 -0.137675315 -81.611206055 -0.035024825 0.999383867 -0.002288202 -0.517956138 0.137511805 0.007087101 0.990474820 72.402595520
0.989068151 0.035663087 -0.143082380 -81.729484558 -0.036507860 0.999328017 -0.003282260 -0.533710957 0.142869189 0.008470011 0.989705384 73.167495728
0.988343000 0.037696891 -0.147503570 -81.855957031 -0.037857436 0.999281704 0.001719845 -0.542962372 0.147462487 0.003884312 0.989060044 73.938835144
0.987428427 0.038211364 -0.153378010 -81.985267639 -0.037733216 0.999269664 0.006028273 -0.554647386 0.153496370 -0.000165043 0.988149226 74.703903198
0.986475110 0.037808534 -0.159491256 -82.114746094 -0.036935136 0.999282062 0.008438186 -0.573025286 0.159695834 -0.002433231 0.987163305 75.460952759
0.985371113 0.035257544 -0.166735649 -82.245819092 -0.034960534 0.999377489 0.004717091 -0.580829620 0.166798204 0.001181082 0.985990345 76.209083557
0.983961165 0.033104181 -0.175284952 -82.386627197 -0.034068726 0.999416411 -0.002495543 -0.587602615 0.175100058 0.008427250 0.984514475 76.954666138
0.982357502 0.030623363 -0.184488028 -82.532646179 -0.031951737 0.999480546 -0.004231011 -0.599439502 0.184262604 0.010051078 0.982825577 77.698348999
0.980276406 0.030175390 -0.195314050 -82.681907654 -0.031025797 0.999517798 -0.001295445 -0.613462687 0.195180759 0.007329668 0.980739832 78.432403564
0.977953315 0.030520430 -0.206581458 -82.846641541 -0.030166941 0.999533057 0.004861632 -0.621864676 0.206633359 0.001477483 0.978417277 79.173103333
0.975503623 0.031304371 -0.217744559 -83.019477844 -0.029177081 0.999489963 0.012978788 -0.634455442 0.218039826 -0.006307703 0.975919485 79.888252258
0.972922087 0.031942658 -0.228915662 -83.202171326 -0.028956067 0.999446213 0.016394584 -0.641596556 0.229312584 -0.009322152 0.973308206 80.614082336
0.970032394 0.035219926 -0.240410149 -83.397415161 -0.033204645 0.999371290 0.012429642 -0.653380752 0.240696803 -0.004074419 0.970591843 81.330390930
0.967025936 0.034953345 -0.252268434 -83.597915649 -0.035292678 0.999371946 0.003180974 -0.659238219 0.252221167 0.005827145 0.967652142 82.026145935
0.963764131 0.032214642 -0.264803797 -83.800971985 -0.033954639 0.999421358 -0.001994897 -0.658133507 0.264586300 0.010913926 0.964300275 82.739349365
0.960433364 0.031057874 -0.276772916 -84.007690430 -0.031334277 0.999503136 0.003425031 -0.664369941 0.276741773 0.005382967 0.960929155 83.464530945
0.957017899 0.032283917 -0.288226873 -84.232368469 -0.030460799 0.999477506 0.010809283 -0.671494722 0.288425177 -0.001565055 0.957501113 84.188072205
0.953438222 0.032263085 -0.299857974 -84.470649719 -0.028776420 0.999457240 0.016037719 -0.674711108 0.300212532 -0.006662135 0.953848958 84.898651123
0.949414134 0.029939914 -0.312596291 -84.713012695 -0.026821960 0.999538362 0.014270622 -0.678001761 0.312879175 -0.005164283 0.949778855 85.611015320
0.945681930 0.028417235 -0.323849082 -84.966278076 -0.026520308 0.999595523 0.010270112 -0.684241652 0.324009895 -0.001123682 0.946052969 86.307235718
0.942639709 0.023786113 -0.332963467 -85.221565247 -0.024019508 0.999705613 0.003415896 -0.692664504 0.332946748 0.004777660 0.942933559 87.008041382
0.939922869 0.019861719 -0.340808809 -85.480651855 -0.021982986 0.999755561 -0.002363340 -0.700058818 0.340678453 0.009713354 0.940129697 87.710906982
0.937303126 0.019311903 -0.347979724 -85.750335693 -0.022305531 0.999740541 -0.004598388 -0.706318974 0.347800672 0.012071956 0.937490761 88.413513184
0.934269428 0.024932545 -0.355695248 -86.041236877 -0.028325533 0.999589324 -0.004333409 -0.724119544 0.355441153 0.014123828 0.934591949 89.124809265
0.931181133 0.025003809 -0.363698483 -86.310707092 -0.027559657 0.999618530 -0.001838778 -0.739534676 0.363513678 0.011735640 0.931514919 89.817764282
0.928098500 0.025304673 -0.371474028 -86.597679138 -0.025381796 0.999666929 0.004682534 -0.742547989 0.371468782 0.005082826 0.928431571 90.524223328
0.925258696 0.027261928 -0.378355891 -86.886718750 -0.024084013 0.999623835 0.013129780 -0.750345707 0.378571481 -0.003036115 0.925567091 91.235122681
0.922673285 0.037615635 -0.383743614 -87.209732056 -0.032477070 0.999275148 0.019863887 -0.759416819 0.384212613 -0.005865005 0.923225999 91.937316895
0.920024514 0.044187643 -0.389361322 -87.520996094 -0.040843144 0.999023080 0.016868103 -0.758354664 0.389726341 0.000383672 0.920930624 92.623641968
0.917725980 0.040662579 -0.395127237 -87.825714111 -0.040218789 0.999146581 0.009409755 -0.758737445 0.395172685 0.007255963 0.918578148 93.311325073
0.915777802 0.033027016 -0.400325060 -88.124237061 -0.035132747 0.999380469 0.002080217 -0.764080524 0.400145680 0.012159504 0.916370869 94.001029968
0.913890123 0.033346675 -0.404589653 -88.433700562 -0.035908882 0.999354184 0.001256494 -0.765361309 0.404370219 0.013380067 0.914497495 94.699722290
0.911760330 0.040110409 -0.408759177 -88.769683838 -0.041027229 0.999136627 0.006528962 -0.776405811 0.408668101 0.010817409 0.912618935 95.392639160
0.909468949 0.042718604 -0.413571447 -89.106475830 -0.041934546 0.999059975 0.010978242 -0.785046101 0.413651645 0.007358562 0.910405517 96.104179382
0.907332242 0.038947619 -0.418606371 -89.432281494 -0.038725454 0.999209046 0.009029879 -0.794391394 0.418626934 0.008017619 0.908122957 96.801910400
0.905068517 0.037476640 -0.423611164 -89.766296387 -0.039934795 0.999197543 0.003075562 -0.806205034 0.423386455 0.014133228 0.905838966 97.488716125
0.902943909 0.034718931 -0.428353518 -90.105758667 -0.040022966 0.999193072 -0.003379426 -0.812172413 0.427890539 0.020195413 0.903604925 98.183357239
