1.000000000 0.000000000 0.000000000 0.000000000 0.000000000 1.000000000 0.000000000 0.000000000 0.000000000 0.000000000 1.000000000 0.000000000
0.999995470 0.003002022 0.000143822 -0.005856029 -0.003002214 0.999994576 0.001352340 -0.012406494 -0.000139761 -0.001352765 0.999999046 0.772552788
0.999984860 0.005473214 0.000607889 -0.012425080 -0.005474384 0.999983072 0.001940945 -0.030163206 -0.000597256 -0.001944243 0.999997914 1.539187431
0.999976873 0.006693691 0.001163657 -0.021972118 -0.006695724 0.999976039 0.001752360 -0.048345119 -0.001151899 -0.001760111 0.999997795 2.272307396
0.999961674 0.008698681 0.001061432 -0.025648914 -0.008700266 0.999960959 0.001498566 -0.061993126 -0.001048355 -0.001507744 0.999998271 2.999473333
0.999959588 0.008819586 0.001749277 -0.035070404 -0.008821609 0.999960423 0.001153470 -0.074488528 -0.001739035 -0.001168855 0.999997795 3.714480400
0.999956787 0.009068159 0.002023820 -0.036060423 -0.009072491 0.999956608 0.002141760 -0.089025177 -0.002004310 -0.002160029 0.999995708 4.403964520
0.999947190 0.009856661 0.002906815 -0.047471795 -0.009871288 0.999938428 0.005061483 -0.103461452 -0.002856747 -0.005089909 0.999982893 5.082117558
0.999943376 0.009736496 0.004296747 -0.042116314 -0.009774016 0.999913514 0.008799551 -0.107583135 -0.004210698 -0.008841049 0.999952078 5.752188683
0.999944210 0.009025448 0.005486345 -0.039311372 -0.009092456 0.999882817 0.012314113 -0.117952242 -0.005374561 -0.012363309 0.999909163 6.380657673
0.999943078 0.008283470 0.006730000 -0.042002775 -0.008381122 0.999858141 0.014613413 -0.127477795 -0.006607994 -0.014668987 0.999870598 6.984754562
0.999931693 0.008895060 0.007577368 -0.026765086 -0.009005197 0.999852479 0.014627201 -0.138199896 -0.007446140 -0.014694435 0.999864221 7.570470333
0.999916673 0.009637984 0.008588973 -0.024642311 -0.009741427 0.999879539 0.012084274 -0.147441328 -0.008471471 -0.012166934 0.999890029 8.122215271
0.999910057 0.009564189 0.009403864 -0.022162981 -0.009648052 0.999913752 0.008913402 -0.148249313 -0.009317803 -0.009003329 0.999916017 8.651425362
0.999909639 0.007834532 0.010927632 -0.009704009 -0.007917921 0.999939620 0.007608632 -0.158796906 -0.010867363 -0.007694467 0.999911368 9.148080826
0.999907553 0.003963505 0.013008360 -0.008712739 -0.004032188 0.999978065 0.005257884 -0.163746446 -0.012987233 -0.005309850 0.999901533 9.612210274
0.999889433 0.001901047 0.014748536 0.006487086 -0.001965149 0.999988675 0.004333031 -0.172147274 -0.014740132 -0.004361535 0.999881864 10.062828064
0.999842346 0.006245032 0.016621849 0.011745587 -0.006282916 0.999977767 0.002227912 -0.181004062 -0.016607568 -0.002331994 0.999859333 10.477753639
0.999747396 0.010684952 0.019774826 0.010429502 -0.010716968 0.999941468 0.001513760 -0.189089924 -0.019757492 -0.001725304 0.999803305 10.865853310
0.999680340 0.010960151 0.022782739 0.022728562 -0.011025017 0.999935567 0.002723443 -0.198814765 -0.022751421 -0.002973753 0.999736786 11.210735321
0.999634802 0.006745642 0.026166566 0.035528064 -0.006831675 0.999971569 0.003199866 -0.205040932 -0.026144236 -0.003377459 0.999652505 11.537420273
0.999587536 0.002291796 0.028626483 0.052537352 -0.002375961 0.999992967 0.002906407 -0.208384186 -0.028619623 -0.002973225 0.999585867 11.807728767
0.999518454 -0.001101546 0.031012431 0.067941189 0.000968886 0.999990344 0.004292322 -0.213429660 -0.031016858 -0.004260208 0.999509811 12.065587997
0.999438524 -0.001487483 0.033471894 0.077407300 0.001308175 0.999984682 0.005378233 -0.220157266 -0.033479378 -0.005331426 0.999425113 12.297542572
0.999362230 -0.000882986 0.035695922 0.081876248 0.000725722 0.999989986 0.004418373 -0.225271434 -0.035699472 -0.004389651 0.999352932 12.499291420
0.999306798 -0.000225053 0.037225660 0.103146434 0.000105181 0.999994755 0.003222071 -0.232767284 -0.037226193 -0.003215922 0.999301612 12.702464104
0.999183834 0.002205441 0.040333815 0.099399447 -0.002304197 0.999994457 0.002402135 -0.237898946 -0.040328298 -0.002493112 0.999183357 12.857904434
0.999101698 0.004832382 0.042100772 0.102248549 -0.004913826 0.999986231 0.001831224 -0.245145857 -0.042091347 -0.002036455 0.999111652 13.023957253
0.999038994 0.006598386 0.043330841 0.109521806 -0.006622544 0.999978006 0.000414003 -0.251864165 -0.043327153 -0.000700565 0.999060750 13.182147026
0.998959720 0.005367359 0.045285784 0.118060499 -0.005314506 0.999985039 -0.001287439 -0.258675635 -0.045292027 0.001045428 0.998973191 13.332052231
0.998883665 0.004623561 0.047011141 0.119754732 -0.004492381 0.999985754 -0.002895678 -0.260958970 -0.047023851 0.002681254 0.998890162 13.471460342
0.998827577 0.003759355 0.048263058 0.133125782 -0.003577497 0.999986172 -0.003853858 -0.263027042 -0.048276890 0.003676679 0.998827159 13.606385231
0.998763025 0.004484717 0.049520805 0.142529309 -0.004234424 0.999977767 -0.005158062 -0.266752839 -0.049542841 0.004941990 0.998759747 13.741635323
0.998691916 0.005238938 0.050861899 0.149460852 -0.004887580 0.999963343 -0.007029970 -0.272783250 -0.050896872 0.006772183 0.998680949 13.861397743
0.998631954 0.005675482 0.051980037 0.151933670 -0.005177444 0.999939501 -0.009710974 -0.269367993 -0.052032005 0.009428565 0.998600841 13.988232613
0.998614609 0.004550918 0.052421570 0.164679945 -0.003940153 0.999923289 -0.011748470 -0.276354790 -0.052471008 0.011525647 0.998555899 14.112864494
0.998644412 0.003791021 0.051913306 0.170635998 -0.003095041 0.999904335 -0.013480417 -0.281339109 -0.051959455 0.013301470 0.998560607 14.231879234
0.998746097 0.003365514 0.049949195 0.175417542 -0.002627864 0.999886632 -0.014826346 -0.283443511 -0.049993429 0.014676495 0.998641729 14.358029366
0.998892844 0.003415816 0.046918720 0.177313268 -0.002689350 0.999875665 -0.015537922 -0.288658053 -0.046965960 0.015394539 0.998777866 14.486289978
0.999078393 0.004076110 0.042727511 0.185453027 -0.003353169 0.999850214 -0.016977850 -0.287222415 -0.042790323 0.016818931 0.998942554 14.612094879
0.999312639 0.003790476 0.036875822 0.183116645 -0.003127904 0.999832988 -0.018008783 -0.291999370 -0.036937922 0.017881058 0.999157548 14.747404099
0.999528468 0.003925938 0.030453729 0.175695211 -0.003359930 0.999821186 -0.018614737 -0.296194315 -0.030521359 0.018503640 0.999362826 14.858635902
0.999729395 0.003609936 0.022979753 0.177004576 -0.003168111 0.999810040 -0.019234160 -0.301915884 -0.023044821 0.019156152 0.999550879 14.981298447
0.999880552 0.003404584 0.015077712 0.165447235 -0.003098690 0.999789834 -0.020264912 -0.301905870 -0.015143535 0.020215770 0.999680936 15.111403465
0.999982059 0.002814006 0.005277919 0.152507991 -0.002699909 0.999765158 -0.021501575 -0.304683208 -0.005337182 0.021486938 0.999754906 15.242294312
0.999966621 0.001123403 -0.008093033 0.148846775 -0.001310071 0.999732316 -0.023096919 -0.308155149 0.008064920 0.023106750 0.999700487 15.395949364
0.999711037 0.000326221 -0.024036855 0.125247389 -0.000930475 0.999683678 -0.025131732 -0.310813576 0.024021057 0.025146827 0.999395192 15.548536301
0.999063611 0.000824469 -0.043258112 0.095609486 -0.001959387 0.999654830 -0.026200119 -0.311468065 0.043221582 0.026260350 0.998720288 15.727377892
0.997887135 0.001602073 -0.064951546 0.060797215 -0.003290802 0.999659121 -0.025901195 -0.317475051 0.064887911 0.026060211 0.997552216 15.898635864
0.996059954 0.001803652 -0.088663548 0.025789022 -0.003974552 0.999696493 -0.024314247 -0.326933861 0.088592775 0.024570847 0.995764852 16.103218079
0.993343353 0.002983250 -0.115152217 -0.023794532 -0.005643020 0.999724627 -0.022778789 -0.333345711 0.115052558 0.023276968 0.993086576 16.302753448
0.989425123 0.004041387 -0.144988164 -0.096188545 -0.007055124 0.999769509 -0.020277943 -0.345231116 0.144872770 0.021086421 0.989225566 16.530355453
0.983983576 0.004073750 -0.178212270 -0.167390108 -0.007260979 0.999825120 -0.017235888 -0.344092786 0.178110868 0.018253829 0.983841062 16.777162552
0.976641178 0.005300667 -0.214811116 -0.257768393 -0.008308297 0.999879718 -0.013100796 -0.352531493 0.214715809 0.014579498 0.976567686 17.025653839
0.967005491 0.006708635 -0.254667252 -0.361048460 -0.008996384 0.999929011 -0.007819588 -0.356248915 0.254596680 0.009852674 0.966997087 17.286252975
0.955119669 0.010539483 -0.296032637 -0.483004093 -0.011930931 0.999924660 -0.002894202 -0.360065132 0.295979798 0.006296254 0.955173373 17.556549072
0.940904200 0.014021293 -0.338382602 -0.620011806 -0.014387219 0.999895453 0.001426891 -0.363487035 0.338367194 0.003525815 0.941007555 17.831579208
0.924145341 0.016404714 -0.381688774 -0.770672321 -0.014813735 0.999865055 0.007106462 -0.365553290 0.381753862 -0.000913166 0.924263477 18.108036041
0.904808640 0.020025831 -0.425347239 -0.932623386 -0.015119663 0.999774575 0.014907625 -0.373504132 0.425549924 -0.007057440 0.904907405 18.383956909
0.883115292 0.024169812 -0.468532979 -1.107999802 -0.016014105 0.999643028 0.021383518 -0.372784257 0.468882620 -0.011380977 0.883187175 18.639911652
0.858401179 0.029982962 -0.512101948 -1.320746899 -0.019300539 0.999471307 0.026165688 -0.376390904 0.512615740 -0.012576815 0.858526051 18.913513184
0.830266118 0.033199150 -0.556377530 -1.547388554 -0.020208877 0.999361157 0.029474949 -0.371758908 0.557000637 -0.013228289 0.830406845 19.190128326
0.799489379 0.037141372 -0.599530876 -1.793738365 -0.022660514 0.999240994 0.031685345 -0.372553885 0.600252748 -0.011746419 0.799724221 19.447875977
0.765276611 0.040364325 -0.642434776 -2.064803123 -0.023370570 0.999116302 0.034935378 -0.368070364 0.643277168 -0.011721157 0.765543759 19.725299835
0.728848994 0.044187155 -0.683247149 -2.381676674 -0.024765249 0.998963714 0.038187113 -0.347345948 0.684226394 -0.010911856 0.729188025 19.994289398
0.689885437 0.043967869 -0.722582102 -2.710152626 -0.021394759 0.998956203 0.040358104 -0.323900700 0.723602355 -0.012382996 0.690105975 20.261808395
0.648645043 0.043889571 -0.759824514 -3.059535980 -0.018812485 0.998955429 0.041642644 -0.311132491 0.760858595 -0.012717105 0.648793042 20.523288727
0.606473386 0.042659581 -0.793958545 -3.441421509 -0.013080804 0.998959780 0.043682445 -0.300172389 0.794996142 -0.016106624 0.606400549 20.765216827
0.561403215 0.042612176 -0.826444507 -3.849764824 -0.008661356 0.998921216 0.045621566 -0.281607509 0.827497125 -0.018453961 0.561166584 21.012790680
0.515752256 0.044387676 -0.855587125 -4.262230873 -0.006592511 0.998833120 0.047845237 -0.265195727 0.856712401 -0.019035820 0.515442967 21.207838058
0.465738386 0.043691952 -0.883843184 -4.717089653 -0.005442018 0.998902857 0.046512164 -0.239302456 0.884905696 -0.016852612 0.465465188 21.406639099
0.413896024 0.043284245 -0.909294486 -5.204644680 0.000263916 0.998863161 0.047668017 -0.227189541 0.910324097 -0.019969581 0.413414091 21.590017319
0.359043181 0.041904308 -0.932379723 -5.724730492 0.005362187 0.998882413 0.046958055 -0.198632061 0.933305502 -0.021859562 0.358417213 21.782531738
0.305492759 0.040795095 -0.951320112 -6.226871490 0.008017499 0.998936296 0.045411620 -0.176184297 0.952160656 -0.021500127 0.304840684 21.906288147
0.252104163 0.046462372 -0.966584206 -6.788808823 0.008800577 0.998695314 0.050301276 -0.145710886 0.967660129 -0.021187659 0.251366317 22.015888214
0.200206131 0.051647458 -0.978391588 -7.378149986 0.011404162 0.998419106 0.055038288 -0.118930936 0.979687393 -0.022176737 0.199300617 22.108343124
0.152672112 0.052883849 -0.986860931 -7.971876144 0.017321242 0.998270690 0.056174960 -0.094470441 0.988125086 -0.025670011 0.151492104 22.173910141
0.108114615 0.054361884 -0.992650926 -8.589014053 0.019570302 0.998193979 0.056796931 -0.072551727 0.993945718 -0.025567058 0.106855452 22.216779709
0.068250969 0.052513249 -0.996285200 -9.222999573 0.019481255 0.998353183 0.053956822 -0.042466223 0.997477889 -0.023091488 0.067115530 22.224924088
0.032423358 0.048171528 -0.998312712 -9.857542992 0.017289551 0.998661339 0.048749894 -0.010341048 0.999324679 -0.018841013 0.031547092 22.225442886
0.004193023 0.048041891 -0.998836517 -10.532918930 0.014729108 0.998733938 0.048098795 0.025689542 0.999882758 -0.014913651 0.003480099 22.200157166
-0.016825441 0.052324556 -0.998488486 -11.235175133 0.014028661 0.998543799 0.052091077 0.055002928 0.999760091 -0.013130999 -0.017534982 22.170907974
-0.030050408 0.058377754 -0.997842193 -11.957202911 0.015576846 0.998199165 0.057929542 0.086397231 0.999427021 -0.013802426 -0.030905636 22.150762558
-0.038041465 0.060990021 -0.997413278 -12.700966835 0.015179213 0.998055816 0.060450375 0.120909512 0.999160826 -0.012840326 -0.038893282 22.114261627
-0.041763827 0.058101576 -0.997436643 -13.462722778 0.016102979 0.998217225 0.057472792 0.155399859 0.998997748 -0.013661420 -0.042624976 22.073614120
-0.040704753 0.054196153 -0.997700274 -14.242089272 0.023450190 0.998304665 0.053272247 0.192607045 0.998895943 -0.021227833 -0.041906655 22.045967102
-0.036864836 0.052669112 -0.997931480 -15.051712036 0.035597619 0.998045683 0.051360112 0.237708747 0.998686135 -0.033630598 -0.038667679 22.037925720
-0.031110294 0.052746356 -0.998123288 -15.873878479 0.035872709 0.998022199 0.051622901 0.275672555 0.998871982 -0.034199372 -0.032940920 22.012842178
-0.026028659 0.051678933 -0.998324513 -16.730016708 0.034168173 0.998125315 0.050777778 0.303122342 0.999077022 -0.032789249 -0.027745640 21.984426498
-0.023053646 0.045146797 -0.998714268 -17.595909119 0.037903178 0.998301029 0.044253185 0.342952132 0.999015450 -0.036834251 -0.024725683 21.975364685
-0.020922923 0.034151752 -0.999197602 -18.484943390 0.035460297 0.998813033 0.033396069 0.381023109 0.999152064 -0.034733105 -0.022109117 21.955944061
-0.020287644 0.025961237 -0.999457002 -19.375154495 0.027843280 0.999289691 0.025391709 0.403286457 0.999406397 -0.027313028 -0.020996081 21.920589447
-0.021456392 0.022849401 -0.999508560 -20.297376633 0.022139510 0.999504507 0.022374034 0.431784123 0.999524534 -0.021648573 -0.021951636 21.884506226
-0.025090214 0.029452685 -0.999251366 -21.249174118 0.013083650 0.999489963 0.029131211 0.442327499 0.999599516 -0.012342944 -0.025462771 21.846960068
-0.030204300 0.037510291 -0.998839736 -22.217151642 0.008350938 0.999270141 0.037273925 0.468982220 0.999508917 -0.007215413 -0.030495504 21.800907135
-0.034387063 0.047076494 -0.998299241 -23.191911697 0.006925516 0.998877287 0.046865199 0.501829207 0.999384642 -0.005302179 -0.034674481 21.748298645
-0.036431026 0.057015438 -0.997708321 -24.230140686 0.005517690 0.998367369 0.056851618 0.543333352 0.999320924 -0.003433882 -0.036686137 21.720191956
-0.037260987 0.065027080 -0.997187614 -25.249069214 0.007450820 0.997870803 0.064793229 0.587605536 0.999277830 -0.005015605 -0.037666161 21.677930832
-0.039126009 0.065774664 -0.997067213 -26.278217316 0.008484758 0.997817039 0.065491185 0.642110109 0.999198198 -0.005897465 -0.039598681 21.640090942
-0.040576421 0.062939517 -0.997192144 -27.273582458 0.007170361 0.998006642 0.062699154 0.691890538 0.999150693 -0.004606118 -0.040946834 21.589813232
-0.043267448 0.058140509 -0.997370422 -28.294555664 0.006832266 0.998299062 0.057898261 0.739655733 0.999040186 -0.004309189 -0.043591086 21.538713455
-0.047698203 0.052819062 -0.997464240 -29.321573257 0.006845648 0.998594820 0.052551556 0.785146356 0.998838365 -0.004321675 -0.047992758 21.480401993
-0.053430662 0.048297416 -0.997402906 -30.346918106 0.007336964 0.998821795 0.047973074 0.824319720 0.998544574 -0.004754677 -0.053722061 21.424739838
-0.060202729 0.046336096 -0.997110128 -31.369703293 0.006400571 0.998919368 0.046033729 0.864898205 0.998165667 -0.003610718 -0.060434248 21.348447800
-0.066644378 0.048751093 -0.996585131 -32.392787933 0.006802060 0.998804569 0.048404798 0.904062629 0.997753620 -0.003552924 -0.066896327 21.270334244
-0.073162511 0.053566460 -0.995880485 -33.492393494 0.005256840 0.998563409 0.053324576 0.945942163 0.997306168 -0.001333823 -0.073338993 21.185396194
-0.079294764 0.056417737 -0.995253503 -34.549816132 0.002144166 0.998404562 0.056425534 0.989932597 0.996848822 0.002340261 -0.079289198 21.088819504
-0.083889864 0.058528282 -0.994754672 -35.615066528 -0.000992937 0.998268247 0.058818743 1.041936636 0.996474445 0.005922025 -0.083686464 20.985864639
-0.086778745 0.059961889 -0.994421422 -36.694068909 -0.005253808 0.998145521 0.060644925 1.086460829 0.996213734 0.010487191 -0.086302809 20.890941620
-0.088514090 0.061191194 -0.994193554 -37.766365051 -0.009475846 0.998014390 0.062270001 1.139418006 0.996029854 0.014932600 -0.087758489 20.784029007
-0.089764230 0.060949005 -0.994096398 -38.840019226 -0.010407733 0.998013794 0.062128983 1.183901548 0.995908678 0.015923245 -0.088951603 20.675210953
-0.091083169 0.060049411 -0.994031191 -39.917476654 -0.010983026 0.998059094 0.061299112 1.236723185 0.995782733 0.016500784 -0.090246849 20.567026138
-0.092329286 0.059185963 -0.993968070 -41.011997223 -0.011850601 0.998095870 0.060532562 1.292124033 0.995657980 0.017368043 -0.091452099 20.467136383
-0.093083210 0.058101855 -0.993961632 -42.097900391 -0.014326585 0.998114347 0.059686270 1.347111821 0.995555222 0.019795867 -0.092075273 20.352024078
-0.093878716 0.055689353 -0.994024873 -43.183025360 -0.018798402 0.998157084 0.057696246 1.392289639 0.995406151 0.024102526 -0.092658833 20.240013123
-0.094404697 0.050868917 -0.994233429 -44.270927429 -0.023655323 0.998297155 0.053322952 1.437766671 0.995252788 0.028552854 -0.093040623 20.130430222
-0.093376793 0.050329801 -0.994358063 -45.374462128 -0.025383934 0.998276532 0.052911859 1.480045795 0.995307207 0.030181456 -0.091938302 20.016164780
-0.091929391 0.054595299 -0.994267821 -46.484638214 -0.026397353 0.998011351 0.057241537 1.525147676 0.995415568 0.031508215 -0.090305403 19.911815643
-0.089672595 0.057965714 -0.994283199 -47.583019257 -0.026446920 0.997814357 0.060556784 1.567087173 0.995620191 0.031726003 -0.087943591 19.802696228
-0.088356145 0.057307757 -0.994439065 -48.702690125 -0.024525911 0.997915924 0.059687234 1.624854565 0.995786905 0.029663259 -0.086766489 19.702133179
-0.085700788 0.056445751 -0.994720638 -49.809547424 -0.024460115 0.997973800 0.058737721 1.675711989 0.996020675 0.029364843 -0.084146470 19.599094391
-0.081734218 0.056741223 -0.995037615 -50.943119049 -0.028825244 0.997825861 0.059267972 1.734235525 0.996237159 0.033526435 -0.079920948 19.499057770
-0.075988434 0.057581749 -0.995444715 -52.068660736 -0.034016885 0.997600317 0.060303167 1.786732197 0.996528327 0.038444269 -0.073847316 19.398099899
-0.070056506 0.057124019 -0.995906115 -53.195728302 -0.037759431 0.997491658 0.059871137 1.840113759 0.996828079 0.041799206 -0.067723818 19.306196213
-0.064327478 0.056027371 -0.996354818 -54.342002869 -0.039491523 0.997497797 0.058641311 1.900501966 0.997147143 0.043119807 -0.061953906 19.224054337
-0.058740143 0.055084154 -0.996752381 -55.477931976 -0.039267872 0.997576118 0.057443794 1.954914451 0.997500718 0.042514607 -0.056434724 19.156913757
-0.053168651 0.054726206 -0.997084796 -56.620861053 -0.037756082 0.997673035 0.056771792 2.009199619 0.997871518 0.040664494 -0.050978679 19.085632324
-0.047726799 0.055419173 -0.997321844 -57.762538910 -0.036571529 0.997693360 0.057189934 2.058234215 0.998190761 0.039203081 -0.045589939 19.029413223
-0.041567314 0.056817487 -0.997518837 -58.915164948 -0.035771303 0.997657061 0.058315981 2.113666058 0.998495102 0.038106591 -0.039437495 18.971916199
-0.036121950 0.058418773 -0.997638583 -60.071117401 -0.036192913 0.997558534 0.059724562 2.160280704 0.998691738 0.038264804 -0.033919424 18.924943924
-0.031181056 0.057500467 -0.997858405 -61.221740723 -0.035812996 0.997638583 0.058606870 2.211537600 0.998871982 0.037563723 -0.029048163 18.893428802
-0.026323058 0.052892320 -0.998253226 -62.369853973 -0.036017772 0.997900665 0.053823404 2.263689280 0.999004424 0.037371654 -0.024362735 18.855438232
-0.021697816 0.047705673 -0.998625755 -63.520801544 -0.036247969 0.998166561 0.048471328 2.302023411 0.999107242 0.037249882 -0.019928800 18.824979782
-0.017779645 0.047158353 -0.998729229 -64.677444458 -0.036104057 0.998205423 0.047776349 2.344789267 0.999189854 0.036907621 -0.016045127 18.797386169
-0.013955010 0.049684789 -0.998667479 -65.848670959 -0.035327431 0.998116612 0.050151035 2.381910801 0.999278307 0.035980221 -0.012173489 18.762645721
-0.012677806 0.049713548 -0.998683035 -67.019943237 -0.035276029 0.998119354 0.050133299 2.414393663 0.999297202 0.035865154 -0.010900266 18.759405136
-0.011607604 0.049169324 -0.998722970 -68.191429138 -0.037070721 0.998082578 0.049568638 2.464116096 0.999245226 0.037598751 -0.009762605 18.737400055
-0.010210278 0.050361916 -0.998678803 -69.350547791 -0.038408801 0.997974157 0.050719064 2.502609730 0.999209881 0.038875919 -0.008255253 18.715780258
-0.009866346 0.050384589 -0.998681128 -70.534568787 -0.038582779 0.997966886 0.050729733 2.539046526 0.999206722 0.039032415 -0.007902308 18.707586288
-0.008490149 0.048058171 -0.998808444 -71.707527161 -0.039038431 0.998067021 0.048354331 2.585124969 0.999201596 0.039402455 -0.006597621 18.688426971
-0.008067969 0.046511527 -0.998885214 -72.886482239 -0.037266102 0.998209774 0.046781078 2.629754066 0.999272823 0.037601989 -0.006320222 18.678422928
-0.007842136 0.046565235 -0.998884439 -74.082771301 -0.034043539 0.998323679 0.046806365 2.662247658 0.999389589 0.034372617 -0.006243745 18.670970917
-0.007422766 0.046928938 -0.998870671 -75.266387939 -0.032080818 0.998372734 0.047143955 2.706778288 0.999457717 0.032394532 -0.005905169 18.658399582
-0.007306054 0.050342400 -0.998705268 -76.456336975 -0.031384513 0.998228371 0.050547946 2.737257481 0.999480665 0.031713180 -0.005713140 18.647171021
-0.006175740 0.053990398 -0.998522341 -77.636596680 -0.033715855 0.997962475 0.054168649 2.778981924 0.999412298 0.034000572 -0.004342825 18.620838165
-0.005611789 0.054162819 -0.998516262 -78.824325562 -0.036234699 0.997865319 0.054331146 2.820937872 0.999327540 0.036485832 -0.003637237 18.602987289
-0.005863103 0.051832531 -0.998638511 -80.023262024 -0.037448507 0.997943699 0.052016340 2.863076925 0.999281287 0.037702508 -0.003909996 18.597621918
-0.005091124 0.049224779 -0.998774707 -81.202522278 -0.037256662 0.998084903 0.049380686 2.909617424 0.999292791 0.037462413 -0.003247424 18.580339432
-0.005028897 0.048876740 -0.998792171 -82.390708923 -0.034896307 0.998187840 0.049022872 2.945878983 0.999378383 0.035100695 -0.003314166 18.567100525
-0.004882839 0.049922988 -0.998741210 -83.565528870 -0.033886705 0.998171151 0.050060172 2.989751339 0.999413669 0.034088485 -0.003182184 18.559566498
-0.004023290 0.052335083 -0.998621523 -84.746223450 -0.032902382 0.998081923 0.052439369 3.035955906 0.999450445 0.033068012 -0.002293624 18.544252396
-0.004109038 0.055158205 -0.998469293 -85.895362854 -0.033586975 0.997906566 0.055265356 3.070028067 0.999427378 0.033762641 -0.002247839 18.543018341
-0.003913194 0.055306870 -0.998461723 -87.064735413 -0.034902770 0.997853398 0.055409979 3.114583254 0.999383152 0.035065915 -0.001974431 18.531156540
-0.003687176 0.053092293 -0.998582780 -88.233558655 -0.034499232 0.997988403 0.053188074 3.158769608 0.999397993 0.034646440 -0.001848115 18.520162582
-0.003259718 0.051944114 -0.998644650 -89.392814636 -0.033835381 0.998072445 0.052024793 3.196720123 0.999422073 0.033959121 -0.001495886 18.514722824
-0.003239145 0.053259201 -0.998575389 -90.556129456 -0.032195434 0.998057485 0.053336002 3.236243486 0.999476373 0.032322332 -0.001518150 18.507266998
-0.002616868 0.055857223 -0.998435378 -91.728797913 -0.030240739 0.997977674 0.055910882 3.286176443 0.999539196 0.030339736 -0.000922412 18.493330002
-0.002977992 0.058166068 -0.998302460 -92.888084412 -0.027964607 0.997911572 0.058226719 3.330814123 0.999604464 0.028090537 -0.001345181 18.501079559
-0.002606108 0.060024172 -0.998193443 -94.057876587 -0.028552070 0.997785568 0.060074180 3.377850056 0.999588966 0.028657049 -0.000886522 18.492189407
-0.002151285 0.061603729 -0.998098254 -95.222534180 -0.031438567 0.997603059 0.061640926 3.432923317 0.999503374 0.031511392 -0.000209396 18.477478027
-0.001487240 0.061295889 -0.998118520 -96.377365112 -0.033605233 0.997552812 0.061311219 3.474003792 0.999433994 0.033633195 0.000576263 18.465990067
-0.001486200 0.056959365 -0.998375356 -97.528945923 -0.036067147 0.997723877 0.056975883 3.527388573 0.999348283 0.036093224 0.000571544 18.452398300
-0.000733644 0.055202883 -0.998474896 -98.687782288 -0.037389208 0.997775435 0.055191685 3.576584578 0.999300480 0.037372679 0.001331980 18.437280655
-0.000887932 0.053789835 -0.998551846 -99.857322693 -0.037104465 0.997862816 0.053785715 3.613895178 0.999310970 0.037098490 0.001109809 18.441768646
-0.000662991 0.054137688 -0.998533309 -101.024208069 -0.035754461 0.997893691 0.054126751 3.660055399 0.999360323 0.035737906 0.001274069 18.443271637
-0.000906021 0.056251097 -0.998416185 -102.174186707 -0.035739623 0.997776926 0.056247514 3.704877615 0.999360740 0.035733975 0.001106386 18.435327530
-0.000786601 0.058257360 -0.998301268 -103.341552734 -0.034701120 0.997698784 0.058249537 3.752494335 0.999397457 0.034687985 0.001236805 18.432132721
-0.001429760 0.057112042 -0.998366773 -104.495590210 -0.038414169 0.997627735 0.057124779 3.804110289 0.999260902 0.038433105 0.000767543 18.422328949
-0.001471939 0.058300376 -0.998298049 -105.663543701 -0.041871328 0.997419953 0.058310840 3.856306076 0.999121964 0.041885894 0.000972972 18.410955429
-0.001661768 0.057687864 -0.998333275 -106.834846497 -0.045730777 0.997285843 0.057703458 3.906810045 0.998952448 0.045750447 0.000980853 18.391365051
-0.001864475 0.053333499 -0.998575091 -108.009475708 -0.046598610 0.997487366 0.053362422 3.961873293 0.998911977 0.046631701 0.000625476 18.385353088
-0.002422736 0.049886551 -0.998751938 -109.181488037 -0.046322938 0.997677147 0.049945232 3.999895811 0.998923540 0.046386126 -0.000106216 18.374002457
-0.003404494 0.048769895 -0.998804212 -110.377281189 -0.042839210 0.997886002 0.048871078 4.047313690 0.999076188 0.042954367 -0.001308033 18.367788315
-0.003882830 0.048439596 -0.998818576 -111.557273865 -0.038601927 0.998074293 0.048553560 4.083712101 0.999247074 0.038744844 -0.002005492 18.369268417
-0.004045597 0.050041270 -0.998739004 -112.776924133 -0.037640236 0.998031676 0.050158307 4.135493279 0.999283195 0.037795682 -0.002154069 18.354839325
-0.004853006 0.054053761 -0.998526216 -114.017875671 -0.036855098 0.997849822 0.054196272 4.170205116 0.999308884 0.037063789 -0.002850416 18.346952438
-0.005393917 0.054085303 -0.998521686 -115.220161438 -0.035340097 0.997902155 0.054242652 4.233057022 0.999360800 0.035580438 -0.003471221 18.339223862
-0.006325420 0.049717173 -0.998743355 -116.440948486 -0.035121970 0.998135984 0.049909383 4.281871796 0.999363005 0.035393529 -0.004567465 18.329526901
-0.006848210 0.045965068 -0.998919606 -117.673156738 -0.035617627 0.998297930 0.046180643 4.324428558 0.999342024 0.035895403 -0.005199386 18.310457230
-0.007410894 0.044755735 -0.998970389 -118.919952393 -0.034607060 0.998387992 0.044986375 4.365883827 0.999373496 0.034904826 -0.005850083 18.302867889
-0.008154604 0.045702022 -0.998921752 -120.160972595 -0.036618628 0.998271465 0.045971192 4.412348747 0.999296069 0.036954023 -0.006466961 18.284450531
-0.008456988 0.050886042 -0.998668671 -121.421867371 -0.041202459 0.997838497 0.051192656 4.451496601 0.999114990 0.041580539 -0.006342079 18.263448715
-0.008472512 0.054029174 -0.998503327 -122.687332153 -0.046563257 0.997434795 0.054366454 4.498862267 0.998879433 0.046954192 -0.005935004 18.227983475
-0.008456715 0.053868901 -0.998512208 -123.951988220 -0.053847510 0.997074485 0.054247398 4.552248955 0.998513401 0.054226156 -0.005531269 18.199686050
-0.007941995 0.051639184 -0.998634279 -125.206184387 -0.057312116 0.997000575 0.052010514 4.602940559 0.998324752 0.057646904 -0.004958624 18.168594360
-0.008872215 0.050379049 -0.998690724 -126.466583252 -0.059653029 0.996924639 0.050819907 4.652688026 0.998179734 0.060025819 -0.005839665 18.152971268
-0.009660616 0.049581610 -0.998723328 -127.728584290 -0.059506245 0.996971369 0.050070234 4.694878578 0.998181105 0.059913989 -0.006680941 18.135707855
-0.009806483 0.049295966 -0.998736084 -129.009674072 -0.057665784 0.997094035 0.049781125 4.733097076 0.998287797 0.058081076 -0.006935295 18.117300034
-0.010497657 0.050086759 -0.998689651 -130.260955811 -0.057684328 0.997051239 0.050610922 4.774650097 0.998279691 0.058140036 -0.007577481 18.103664398
-0.011023055 0.054894190 -0.998431325 -131.533294678 -0.057784665 0.996788383 0.055441834 4.823875904 0.998268187 0.058305152 -0.007815611 18.081707001
-0.011528597 0.059305988 -0.998173237 -132.805816650 -0.057078604 0.996572971 0.059870142 4.869838238 0.998303056 0.057664555 -0.008103986 18.061431885
-0.011290616 0.057929613 -0.998256743 -134.066909790 -0.056995243 0.996660173 0.058481589 4.923805237 0.998310566 0.057556193 -0.007951193 18.032142639
-0.010825898 0.056168593 -0.998362601 -135.327362061 -0.056627806 0.996784329 0.056693852 4.977878094 0.998336673 0.057148840 -0.007610379 18.020984650
-0.009651361 0.055443350 -0.998415172 -136.575073242 -0.055575043 0.996888697 0.055895805 5.031432629 0.998407841 0.056026433 -0.006540067 18.002641678
-0.008600709 0.054838199 -0.998458147 -137.833206177 -0.056256387 0.996887147 0.055236518 5.078359127 0.998379230 0.056644719 -0.005488940 17.987113953
-0.008024588 0.057152282 -0.998333216 -139.079650879 -0.056395374 0.996750414 0.057514988 5.126818657 0.998376250 0.056762908 -0.004775389 17.975738525
-0.006916952 0.060692381 -0.998132467 -140.352264404 -0.057096995 0.996503949 0.060989033 5.180747032 0.998344660 0.057412226 -0.003427418 17.959911346
-0.005475488 0.061513312 -0.998091280 -141.608215332 -0.058638833 0.996368885 0.061728861 5.239834309 0.998264194 0.058864910 -0.001848538 17.942831039
-0.004147481 0.059068371 -0.998245299 -142.867843628 -0.060887162 0.996386826 0.059211370 5.289331436 0.998135984 0.061025914 -0.000535991 17.924644470
-0.004575828 0.055956516 -0.998422682 -144.110336304 -0.059740853 0.996634543 0.056130093 5.340185642 0.998203456 0.059903465 -0.001217539 17.915582657
-0.004270485 0.054534867 -0.998502731 -145.363937378 -0.057092596 0.996869802 0.054689862 5.386837482 0.998359680 0.057240661 -0.001143582 17.905342102
-0.004590320 0.054169104 -0.998521149 -146.622695923 -0.054931227 0.997010410 0.054339666 5.424536705 0.998479605 0.055099435 -0.001601022 17.899856567
-0.004957267 0.054429427 -0.998505235 -147.857528687 -0.052980576 0.997100890 0.054615904 5.475943565 0.998583198 0.053172145 -0.002059192 17.894714355
-0.005126021 0.052708905 -0.998596787 -149.100723267 -0.050755650 0.997309029 0.052901465 5.524314404 0.998697937 0.050955601 -0.002436953 17.893346786
-0.004884064 0.052916836 -0.998587072 -150.339859009 -0.049911834 0.997341275 0.053094942 5.570897102 0.998741686 0.050100617 -0.002229904 17.880319595
-0.005607464 0.055424180 -0.998447120 -151.574935913 -0.047624398 0.997315049 0.055628791 5.620573521 0.998849630 0.047862381 -0.002952866 17.878925323
-0.005392095 0.056915529 -0.998364449 -152.816589355 -0.045529682 0.997329593 0.057102434 5.666467667 0.998948455 0.045763128 -0.002786350 17.866203308
-0.005218267 0.055332769 -0.998454392 -154.044464111 -0.043421760 0.997513711 0.055507567 5.717675209 0.999043167 0.043644309 -0.002802646 17.851810455
-0.006265449 0.055817731 -0.998421311 -155.283447266 -0.044090636 0.997454524 0.056040373 5.765251160 0.999008000 0.044372138 -0.003788461 17.846712112
-0.006238325 0.060333837 -0.998158693 -156.513610840 -0.044867046 0.997156024 0.060553633 5.820138454 0.998973489 0.045162179 -0.003513582 17.836248398
-0.005962419 0.067076251 -0.997730076 -157.743408203 -0.049857426 0.996486902 0.067290626 5.871077538 0.998738527 0.050145462 -0.002597224 17.824611664
-0.004668857 0.067271329 -0.997723937 -159.003570557 -0.054165907 0.996252894 0.067425631 5.932484150 0.998521030 0.054357413 -0.001007550 17.803201675
-0.003412264 0.063127197 -0.997999609 -160.229019165 -0.057931602 0.996316910 0.063218825 5.995469093 0.998314738 0.058031429 0.000257363 17.784420013
-0.001544864 0.058146231 -0.998306870 -161.456756592 -0.059758920 0.996518552 0.058134548 6.042093277 0.998211563 0.059747547 0.001935270 17.771066666
-0.000708994 0.056646634 -0.998394012 -162.679382324 -0.062211517 0.996457875 0.056580968 6.093660355 0.998062730 0.062151723 0.002817590 17.759130478
0.000474091 0.053492159 -0.998568118 -163.889556885 -0.057434466 0.996921360 0.053376678 6.136247635 0.998349130 0.057326920 0.003544925 17.769828796
0.000568191 0.048791058 -0.998808861 -165.100082397 -0.054513656 0.997325301 0.048687581 6.186206818 0.998512924 0.054421060 0.003226450 17.768411636
0.000221244 0.045362405 -0.998970509 -166.334686279 -0.047954872 0.997821748 0.045299623 6.226781368 0.998849452 0.047895476 0.002396110 17.771144867
-0.000850692 0.048306350 -0.998832226 -167.560836792 -0.045883335 0.997778654 0.048294481 6.270105362 0.998946428 0.045870826 0.001367654 17.769720078
-0.000143501 0.054756116 -0.998499751 -168.794448853 -0.046791129 0.997405767 0.054702848 6.313602448 0.998904705 0.046728779 0.002418972 17.761602402
0.001344253 0.058166631 -0.998305917 -170.019622803 -0.048020773 0.997158945 0.058035132 6.358952999 0.998845458 0.047861401 0.004133640 17.761583328
0.003129744 0.054617576 -0.998502374 -171.230789185 -0.049048614 0.997313917 0.054398824 6.410120010 0.998791516 0.048804905 0.005800253 17.756475449
0.003515433 0.055099249 -0.998474658 -172.453140259 -0.051236287 0.997179270 0.054847367 6.458598137 0.998680413 0.050965317 0.006328597 17.759626389
0.004776376 0.056122787 -0.998412371 -173.676696777 -0.049687568 0.997203887 0.055817142 6.505273819 0.998753488 0.049342077 0.007551624 17.758449554
0.005354912 0.053820081 -0.998536289 -174.880737305 -0.049430117 0.997344136 0.053490743 6.555438042 0.998763263 0.049071334 0.008001024 17.762878418
0.007383282 0.052329198 -0.998602509 -176.085540771 -0.050186481 0.997390687 0.051894628 6.598927498 0.998712599 0.049733188 0.009990237 17.760253906
0.008599776 0.053963155 -0.998505890 -177.244812012 -0.051502272 0.997241437 0.053451248 6.641048431 0.998635828 0.050965652 0.011355278 17.773769379
0.010220214 0.056111369 -0.998372138 -178.365890503 -0.051342051 0.997136891 0.055516355 6.671092033 0.998628855 0.050691087 0.013071824 17.770168304
0.010512389 0.057453752 -0.998292744 -179.454467773 -0.052220661 0.997017205 0.056830440 6.705703735 0.998580277 0.051534086 0.013481307 17.777305603
0.010956038 0.059003111 -0.998197794 -180.546539307 -0.052746881 0.996901870 0.058347575 6.734313965 0.998547792 0.052012566 0.014034326 17.778383255
0.010876529 0.059809007 -0.998150527 -181.598251343 -0.052080326 0.996888697 0.059165888 6.773817539 0.998583674 0.051340498 0.013957560 17.788103104
0.011401386 0.059079368 -0.998188198 -182.627243042 -0.052564055 0.996908247 0.058403239 6.807474136 0.998552382 0.051802937 0.014471588 17.792486191
0.012821482 0.059132233 -0.998167813 -183.602371216 -0.053448033 0.996863306 0.058368411 6.838880539 0.998488247 0.052601740 0.015941765 17.801931381
0.014105877 0.059928339 -0.998103023 -184.567306519 -0.054098677 0.996785998 0.059084702 6.871808052 0.998435974 0.053162612 0.017302588 17.813535690
0.013692972 0.058233388 -0.998209119 -185.503295898 -0.052723028 0.996955991 0.057437051 6.902927399 0.998515368 0.051842120 0.016721530 17.822202682
0.010335350 0.055241372 -0.998419642 -186.441513062 -0.050200634 0.997242451 0.054656584 6.933613777 0.998685658 0.049556397 0.013080004 17.831346512
0.005282449 0.051591426 -0.998654306 -187.366439819 -0.050032854 0.997431099 0.051263578 6.964774132 0.998733521 0.049694732 0.007850146 17.833621979
0.000456781 0.048731871 -0.998811722 -188.291000366 -0.051572125 0.997483909 0.048643500 6.994360447 0.998669147 0.051488627 0.002968838 17.822395325
-0.003342449 0.047868203 -0.998848021 -189.223968506 -0.053604804 0.997408926 0.047978606 7.027127266 0.998556733 0.053703424 -0.000767823 17.814849854
-0.005868897 0.048687134 -0.998796880 -190.141815186 -0.055320613 0.997268617 0.048937704 7.054191589 0.998451412 0.055541266 -0.003159465 17.793748856
-0.007822042 0.050229270 -0.998707056 -191.070220947 -0.054159496 0.997250319 0.050580196 7.087582588 0.998501658 0.054485116 -0.005080143 17.780796051
-0.010465203 0.051980786 -0.998593330 -191.975296021 -0.051133480 0.997313499 0.052450046 7.111530304 0.998637021 0.051610451 -0.007779131 17.787870407
-0.011102052 0.052580655 -0.998554826 -192.904174805 -0.049286895 0.997373879 0.053066432 7.137853146 0.998722970 0.049804807 -0.008481360 17.768772125
-0.012020241 0.050772529 -0.998637795 -193.814071655 -0.049961694 0.997432053 0.051312592 7.180604935 0.998678863 0.050510429 -0.009452694 17.752422333
-0.012416133 0.050077181 -0.998668075 -194.721572876 -0.052058935 0.997358322 0.050658725 7.205734253 0.998566806 0.052618586 -0.009776370 17.726734161
-0.012297451 0.049493983 -0.998698652 -195.613433838 -0.055399749 0.997206390 0.050102189 7.235487461 0.998388469 0.055943795 -0.009521144 17.704492569
-0.011179366 0.048109829 -0.998779476 -196.536590576 -0.057970554 0.997130752 0.048679277 7.260640621 0.998255730 0.058444001 -0.008358336 17.678544998
-0.010272285 0.045858677 -0.998895109 -197.446670532 -0.057090931 0.997291446 0.046372160 7.280687332 0.998316228 0.057504192 -0.007626347 17.665790558
-0.009587619 0.043089218 -0.999025166 -198.359527588 -0.056984052 0.997424006 0.043567035 7.310803413 0.998329103 0.057346210 -0.007107522 17.650047302
-0.008947022 0.042594314 -0.999052405 -199.281448364 -0.057420202 0.997421980 0.043039035 7.342749596 0.998309910 0.057750866 -0.006478183 17.635271072
-0.008884496 0.045426086 -0.998928130 -200.206741333 -0.054695267 0.997450113 0.045845337 7.365939617 0.998463571 0.055043947 -0.006377249 17.633640289
-0.008573580 0.046572085 -0.998878121 -201.159240723 -0.053601112 0.997457325 0.046965905 7.398992538 0.998525739 0.053943645 -0.006055464 17.624258041
-0.007701255 0.042945318 -0.999047756 -202.100311279 -0.048637591 0.997878790 0.043269999 7.425918579 0.998786688 0.048924509 -0.005596162 17.617734909
-0.007529463 0.039672364 -0.999184251 -203.041961670 -0.046999052 0.998094380 0.039983254 7.455552578 0.998866558 0.047261767 -0.005650550 17.610919952
-0.006867129 0.040421072 -0.999159098 -203.993331909 -0.051983088 0.997817218 0.040724069 7.484995842 0.998624325 0.052219026 -0.004750927 17.591041565
-0.005319969 0.043862302 -0.999023438 -204.961898804 -0.053081743 0.997616589 0.044083208 7.516210556 0.998575985 0.053264428 -0.002979003 17.578237534
-0.003523797 0.043324001 -0.999054849 -205.926635742 -0.050860040 0.997760236 0.043447252 7.546844482 0.998699546 0.050965067 -0.001312445 17.575542450
-0.001619076 0.044429857 -0.999011219 -206.902267456 -0.049432524 0.997787595 0.044455547 7.584515095 0.998776078 0.049455624 0.000580786 17.579530716
0.000013429 0.048894770 -0.998803973 -207.888336182 -0.050593238 0.997524798 0.048831474 7.623081207 0.998719335 0.050532069 0.002487140 17.573503494
0.001658952 0.053450152 -0.998569250 -208.897750854 -0.047866713 0.997430146 0.053309653 7.652301788 0.998852372 0.047709785 0.004213171 17.572435379
0.003337903 0.053862792 -0.998542786 -209.888488770 -0.046847906 0.997460365 0.053647805 7.691710949 0.998896480 0.046600565 0.005852785 17.577920914
0.005324432 0.054420296 -0.998503864 -210.888992310 -0.050289810 0.997269154 0.054084830 7.737084389 0.998720527 0.049926605 0.008046677 17.577663422
0.008065973 0.056482010 -0.998370945 -211.912902832 -0.053119864 0.997018039 0.055976301 7.778418541 0.998555660 0.052581824 0.011042237 17.577722549
0.011870844 0.056746528 -0.998317957 -212.950134277 -0.054306433 0.996951401 0.056023099 7.822998524 0.998453856 0.053550050 0.014916356 17.581693649
0.014643938 0.054160394 -0.998424888 -213.977584839 -0.057123367 0.996946335 0.053242370 7.867161751 0.998259664 0.056253716 0.017693048 17.590833664
