1.000000000 0.000000000 0.000000000 0.000000000 0.000000000 1.000000000 0.000000000 0.000000000 0.000000000 0.000000000 1.000000000 0.000000000
0.999933422 -0.002505511 0.011265673 0.015639123 0.002494474 0.999996424 0.000993656 -0.003753510 -0.011268122 -0.000965488 0.999936044 0.295557678
0.999828339 -0.004515768 0.017969551 0.025484420 0.004495555 0.999989212 0.001165086 -0.008397341 -0.017974619 -0.001084102 0.999837875 0.583132029
0.999778092 -0.007367884 0.019734491 0.038917571 0.007370658 0.999972820 -0.000067822 -0.011603480 -0.019733455 0.000213263 0.999805272 0.886490881
0.999814868 -0.008609803 0.017207392 0.049335599 0.008642814 0.999960959 -0.001844991 -0.009784620 -0.017190835 0.001993370 0.999850214 1.200486064
0.999883175 -0.011474964 0.010097922 0.056326155 0.011509750 0.999927998 -0.003393523 -0.011026988 -0.010058254 0.003509351 0.999943256 1.518564701
0.999914110 -0.012966117 -0.001888056 0.055615552 0.012955468 0.999900699 -0.005547503 -0.010655656 0.001959798 0.005522567 0.999982834 1.859186292
0.999753118 -0.012262085 -0.018528726 0.036924914 0.012154510 0.999908686 -0.005907299 -0.013622438 0.018599469 0.005680633 0.999810874 2.197632313
0.999233782 -0.007632408 -0.038386088 0.009953998 0.007425158 0.999957025 -0.005538738 -0.023224371 0.038426712 0.005249470 0.999247670 2.537939310
0.998317897 -0.004268962 -0.057820346 -0.036481082 0.003869132 0.999967754 -0.007025225 -0.024462057 0.057848468 0.006789693 0.998302281 2.891301870
0.996922016 -0.003972373 -0.078299001 -0.076433256 0.003391394 0.999965668 -0.007551589 -0.026886428 0.078326330 0.007262802 0.996901274 3.256746531
0.995008051 -0.005452171 -0.099646002 -0.121126235 0.004740395 0.999961555 -0.007378431 -0.025843132 0.099682391 0.006869236 0.994995594 3.631993055
0.992890477 -0.007312609 -0.118806630 -0.186377645 0.006633838 0.999959350 -0.006107717 -0.038370676 0.118846461 0.005276150 0.992898643 4.011768818
0.990633786 -0.005869702 -0.136419356 -0.262608767 0.005087542 0.999968529 -0.006081441 -0.037463132 0.136450768 0.005330442 0.990632534 4.407469749
0.988224864 -0.004922931 -0.152929336 -0.326718360 0.004220020 0.999979019 -0.004920559 -0.050577264 0.152950332 0.004217254 0.988224924 4.819710732
0.986123919 -0.003850808 -0.165966332 -0.415965259 0.003059321 0.999982834 -0.005024338 -0.057326339 0.165982813 0.004446876 0.986118615 5.237582207
0.983960986 -0.005601108 -0.178296059 -0.502328753 0.004605628 0.999971449 -0.005996712 -0.062983528 0.178324550 0.005079364 0.983958602 5.670790672
0.982090116 -0.009560285 -0.188169301 -0.589140773 0.008186441 0.999933898 -0.008076939 -0.071835220 0.188234076 0.006391845 0.982103407 6.121770382
0.980576754 -0.008495767 -0.195951641 -0.688809216 0.006666774 0.999927878 -0.009991602 -0.079402290 0.196022391 0.008491168 0.980562687 6.579569817
0.979035795 -0.007912589 -0.203534126 -0.799229026 0.005634331 0.999914825 -0.011770521 -0.084981576 0.203609943 0.010376983 0.978997171 7.050599098
0.977300823 -0.009704799 -0.211633965 -0.897381365 0.006804577 0.999872744 -0.014427956 -0.096115015 0.211747065 0.012660375 0.977242410 7.534564495
0.975504756 -0.013678581 -0.219552711 -1.008800745 0.010428917 0.999818265 -0.015953524 -0.107177593 0.219731033 0.013273040 0.975470185 8.032304764
0.973551035 -0.020362118 -0.227560282 -1.122833729 0.016813714 0.999705076 -0.017521093 -0.118091330 0.227849931 0.013231547 0.973606348 8.541530609
0.971555114 -0.020311311 -0.235940680 -1.249040008 0.016104048 0.999675333 -0.019745404 -0.135779023 0.236265108 0.015384147 0.971566796 9.056627274
0.969514608 -0.016291635 -0.244491607 -1.402416706 0.010603559 0.999642015 -0.024563208 -0.141405702 0.244804263 0.021221910 0.969340146 9.582581520
0.967355192 -0.013102653 -0.253085285 -1.560533166 0.006367175 0.999603868 -0.027414260 -0.162660807 0.253344238 0.024907891 0.967055500 10.120960236
0.964994490 -0.015609599 -0.261805207 -1.710816622 0.008315122 0.999546349 -0.028946972 -0.184743896 0.262138277 0.025756730 0.964686513 10.696533203
0.962598085 -0.018469265 -0.270303220 -1.871506810 0.010389000 0.999456227 -0.031293709 -0.203564346 0.270734191 0.027315082 0.962266505 11.263355255
0.960347414 -0.018104296 -0.278217703 -2.048779726 0.009170040 0.999400556 -0.033380404 -0.229184359 0.278655291 0.029505515 0.959937751 11.841546059
0.958062291 -0.016814148 -0.286066353 -2.235018015 0.006378329 0.999281049 -0.037373237 -0.252401471 0.286489010 0.033981260 0.957480729 12.422310829
0.955656707 -0.018089909 -0.293927014 -2.422767162 0.005826869 0.999077678 -0.042543672 -0.279306322 0.294425458 0.038944475 0.954880655 13.021825790
0.953834474 -0.019181164 -0.299719691 -2.622866631 0.004413117 0.998745918 -0.049872328 -0.315389246 0.300300449 0.046247255 0.952722907 13.625606537
0.952632368 -0.019913275 -0.303471684 -2.823889971 0.002403521 0.998315871 -0.057962794 -0.351013362 0.304114759 0.054487832 0.951075852 14.235785484
0.951366127 -0.019943025 -0.307416111 -3.037511587 -0.000578318 0.997784972 -0.066519111 -0.394135416 0.308061749 0.063461818 0.949247360 14.865865707
0.950062573 -0.018946379 -0.311483830 -3.261783361 -0.004845514 0.997139275 -0.075431585 -0.441914916 0.312021911 0.073174022 0.947252750 15.497810364
0.948834240 -0.018571347 -0.315228015 -3.491444349 -0.007936183 0.996551275 -0.082598694 -0.492333412 0.315674871 0.080874175 0.945414603 16.148477554
0.947249234 -0.016580101 -0.320068628 -3.728904247 -0.012731065 0.995926201 -0.089268535 -0.552207589 0.320244759 0.088634364 0.943179369 16.810396194
0.945618987 -0.015258080 -0.324918211 -3.972529411 -0.016646592 0.995320141 -0.095187061 -0.619714737 0.324850053 0.095419481 0.940939724 17.479192734
0.944016874 -0.013325982 -0.329627961 -4.222075462 -0.020956812 0.994743228 -0.100232735 -0.695233703 0.329230905 0.101529345 0.938775182 18.146400452
0.942348599 -0.010893649 -0.334455550 -4.484832764 -0.025164217 0.994333088 -0.103288420 -0.768069863 0.333685368 0.105750009 0.936734200 18.830524445
0.940491498 -0.009712329 -0.339678437 -4.748396873 -0.027616870 0.994100451 -0.104888760 -0.844324708 0.338693261 0.108027853 0.934674740 19.546859741
0.938228786 -0.009588044 -0.345882803 -5.021638870 -0.028160308 0.994184256 -0.103945889 -0.925834179 0.344867885 0.107265182 0.932502151 20.260133743
0.935874403 -0.009531020 -0.352204889 -5.291429996 -0.028298682 0.994371116 -0.102103598 -1.012368679 0.351195544 0.105523065 0.930336833 20.971343994
0.933327317 -0.009848658 -0.358891696 -5.581934929 -0.028031550 0.994573236 -0.100191303 -1.096551657 0.357930809 0.103571564 0.927986264 21.693090439
0.930115998 -0.008540405 -0.367166638 -5.871008873 -0.029293416 0.994819343 -0.097346641 -1.174270868 0.366095811 0.101299234 0.925047219 22.420141220
0.926838219 -0.006888249 -0.375397801 -6.184184074 -0.029715689 0.995349646 -0.091630384 -1.251846552 0.374283224 0.096081756 0.922323406 23.160860062
0.923356414 -0.002965076 -0.383932352 -6.509565353 -0.032728288 0.995722711 -0.086401366 -1.333873391 0.382546246 0.092344709 0.919309914 23.909214020
0.919680178 0.000749860 -0.392667681 -6.841243744 -0.036043223 0.995937765 -0.082516156 -1.409515381 0.391010642 0.090041474 0.915971160 24.664545059
0.915907323 0.002189092 -0.401383817 -7.185216904 -0.037731275 0.996026814 -0.080665842 -1.484872937 0.399612397 0.089027144 0.912350774 25.407251358
0.911963522 0.002076777 -0.410265833 -7.537318230 -0.038279939 0.996055603 -0.080048889 -1.553685546 0.408481359 0.088706620 0.908445895 26.160974503
0.908192813 0.002228669 -0.418546021 -7.903616905 -0.038852438 0.996117115 -0.079000875 -1.620483518 0.416744769 0.088009566 0.904753089 26.929855347
0.904054344 0.002589618 -0.427409559 -8.290230751 -0.039517738 0.996204853 -0.077551834 -1.687410593 0.425586671 0.087001346 0.900725663 27.730348587
0.900176764 0.001782197 -0.435521156 -8.644624710 -0.037993968 0.996500552 -0.074451797 -1.772036791 0.433864325 0.083566956 0.897094369 28.467433929
0.896387160 0.002007389 -0.443267345 -9.044094086 -0.037056159 0.996828675 -0.070421711 -1.839666724 0.441720277 0.079550907 0.893618882 29.261289597
0.892605186 0.004408748 -0.450817615 -9.459882736 -0.037532479 0.997207701 -0.064561009 -1.908420205 0.449274153 0.074547812 0.890278220 30.054401398
0.888761699 0.004551886 -0.458346933 -9.882972717 -0.036150772 0.997532010 -0.060191900 -1.973624706 0.456941724 0.070065849 0.886732757 30.863138199
0.885132015 0.003388385 -0.465327770 -10.315031052 -0.034622654 0.997681379 -0.058593288 -2.032486200 0.464050293 0.067973673 0.883196950 31.666875839
0.881755710 0.002800462 -0.471698046 -10.755599976 -0.033952530 0.997765422 -0.057544518 -2.094011068 0.470482856 0.066755548 0.879880428 32.494285583
0.878619969 0.003637490 -0.477507830 -11.214838028 -0.034372784 0.997858763 -0.055644963 -2.151551008 0.476283014 0.065304048 0.876863658 33.322040558
0.875578344 0.001519886 -0.483073711 -11.672041893 -0.031717751 0.998018146 -0.054348852 -2.203990936 0.482033759 0.062908694 0.873891234 34.151676178
0.873121500 0.000832906 -0.487501889 -12.179233551 -0.031258460 0.998036444 -0.054279108 -2.267174721 0.486499459 0.062630817 0.871433198 35.006267548
0.870634556 -0.001196398 -0.491928935 -12.629928589 -0.029600490 0.998057663 -0.054815400 -2.320611954 0.491039038 0.062285528 0.868908048 35.849372864
0.869253576 -0.000845488 -0.494365782 -13.131567001 -0.030424152 0.998011529 -0.055202249 -2.380079508 0.493429512 0.063025415 0.867499352 36.716060638
0.868787348 -0.000634384 -0.495185047 -13.627765656 -0.030301455 0.998057067 -0.054441608 -2.439739466 0.494257390 0.062303014 0.867080092 37.561904907
0.868565083 -0.000834695 -0.495574474 -14.137422562 -0.029118810 0.998184860 -0.052716117 -2.502225161 0.494718939 0.060217917 0.866964161 38.445549011
0.868405700 -0.001509153 -0.495852023 -14.658944130 -0.028052738 0.998244226 -0.052168101 -2.561340332 0.495060205 0.059213076 0.866838634 39.329479218
0.867639661 -0.003658387 -0.497180074 -15.180811882 -0.026167285 0.998250961 -0.053010486 -2.622157335 0.496504486 0.059003856 0.866026461 40.236717224
0.866602719 -0.006233341 -0.498959810 -15.715724945 -0.023466829 0.998306692 -0.053229146 -2.684599638 0.498446643 0.057837535 0.864988863 41.149139404
0.865015209 -0.006616517 -0.501702070 -16.258781433 -0.022220138 0.998426914 -0.051478483 -2.743188858 0.501253486 0.055677563 0.863507330 42.083412170
0.862914205 -0.006007971 -0.505314708 -16.797258377 -0.020806748 0.998659015 -0.047404822 -2.806857109 0.504921913 0.051420249 0.861632049 42.991657257
0.860093296 -0.006015014 -0.510101259 -17.346939087 -0.018848114 0.998872995 -0.043558743 -2.865590334 0.509788454 0.047079027 0.859010696 43.911640167
0.856006801 -0.006251586 -0.516926765 -17.911806107 -0.017653778 0.998990178 -0.041315380 -2.931887627 0.516663074 0.044491954 0.855032027 44.840248108
0.850780606 -0.009469289 -0.525435686 -18.475231171 -0.015885118 0.998917401 -0.043723315 -2.988490105 0.525280893 0.045545552 0.849709153 45.742771149
0.844535768 -0.013855304 -0.535319924 -19.039787292 -0.013474077 0.998798847 -0.047108289 -3.043724060 0.535329640 0.046997573 0.843334675 46.648792267
0.838570058 -0.013834096 -0.544618309 -19.631555557 -0.013537356 0.998839676 -0.046215978 -3.103955269 0.544625640 0.046128027 0.837409735 47.534751892
0.832644999 -0.010364109 -0.553709924 -20.220905304 -0.014944642 0.999040246 -0.041172717 -3.163840294 0.553605199 0.042557266 0.831691086 48.418926239
0.827508748 -0.005402141 -0.561426818 -20.829507828 -0.018423922 0.999153793 -0.036769755 -3.221397877 0.561150491 0.040770978 0.826709032 49.299015045
0.823459923 -0.005284775 -0.567349732 -21.448898315 -0.019790292 0.999080658 -0.038030215 -3.277659416 0.567029059 0.042544380 0.822598279 50.170753479
0.819875419 -0.008136839 -0.572484136 -22.066774368 -0.019710593 0.998905182 -0.042425919 -3.330272913 0.572202563 0.046067964 0.818817437 51.063732147
0.817127049 -0.010132572 -0.576368511 -22.696723938 -0.022487484 0.998524189 -0.049434941 -3.389077187 0.576018751 0.053355705 0.815693259 51.927791595
0.813674092 -0.011183313 -0.581213772 -23.329704285 -0.022730358 0.998438299 -0.051032774 -3.449109554 0.580876768 0.054735243 0.812149107 52.813652039
0.810418189 -0.009654794 -0.585772336 -23.968753815 -0.022001725 0.998657286 -0.046899490 -3.513504267 0.585438609 0.050896198 0.809117615 53.679801941
0.807210505 -0.007162655 -0.590220332 -24.602317810 -0.021718200 0.998888850 -0.041824806 -3.572326422 0.589864075 0.046579946 0.806158006 54.538009644
0.804337204 -0.004728668 -0.594154298 -25.247407913 -0.022898695 0.998978794 -0.038949668 -3.627166033 0.593731701 0.044934027 0.803407490 55.389862061
0.801226258 -0.004451698 -0.598344982 -25.898937225 -0.024048023 0.998924911 -0.039634023 -3.677815437 0.597878098 0.046144836 0.800257742 56.248744965
0.797658265 -0.005844955 -0.603081405 -26.559185028 -0.023708295 0.998876214 -0.041038420 -3.734376907 0.602643549 0.047032665 0.796623290 57.117042542
0.793353975 -0.008690665 -0.608698487 -27.206779480 -0.022725385 0.998778284 -0.043879401 -3.790923357 0.608336151 0.048644803 0.792187333 57.961631775
0.789418519 -0.009795987 -0.613777220 -27.880769730 -0.022078330 0.998772681 -0.044336949 -3.848025560 0.613458157 0.048551586 0.788233399 58.807678223
0.784592509 -0.009921272 -0.619932413 -28.554624557 -0.021462152 0.998838127 -0.043147907 -3.911021709 0.619640350 0.047158606 0.783468008 59.661231995
0.779900193 -0.009675338 -0.625829160 -29.243507385 -0.021413213 0.998882830 -0.042127628 -3.976668119 0.625537515 0.046256360 0.778821647 60.500846863
0.774482608 -0.010874233 -0.632501721 -29.918975830 -0.021477316 0.998823822 -0.043470636 -4.025589943 0.632230520 0.047251701 0.773338139 61.314590454
0.769152522 -0.012342032 -0.638946056 -30.622831345 -0.020959767 0.998788416 -0.044523846 -4.083046436 0.638721466 0.047637790 0.767961919 62.153907776
0.763379455 -0.013700595 -0.645804942 -31.321329117 -0.020127950 0.998785019 -0.044981416 -4.147154808 0.645636618 0.047336608 0.762176335 62.987377167
0.757865667 -0.015319361 -0.652230799 -32.052986145 -0.019434631 0.998750508 -0.046040550 -4.212549210 0.652121127 0.047568414 0.756621122 63.820533752
0.751563907 -0.017132867 -0.659437776 -32.781715393 -0.018577611 0.998716414 -0.047120653 -4.273766041 0.659398615 0.047664963 0.750280976 64.654083252
0.745667279 -0.018151697 -0.666071177 -33.542846680 -0.017716764 0.998735368 -0.047051348 -4.344338417 0.666082919 0.046885282 0.744402647 65.479339600
0.739197433 -0.018184155 -0.673243225 -34.296005249 -0.016648104 0.998836637 -0.045257397 -4.407870770 0.673282921 0.044662379 0.738034785 66.307617188
0.732848942 -0.018550972 -0.680138409 -35.068401337 -0.016285740 0.998863578 -0.044792172 -4.464089870 0.680196464 0.043902460 0.731713951 67.124534607
0.726186037 -0.020425688 -0.687194645 -35.825317383 -0.014896642 0.998856366 -0.045431186 -4.529150963 0.687336743 0.043228388 0.725051403 67.928115845
0.719426036 -0.022589521 -0.694201648 -36.613201141 -0.014045293 0.998793483 -0.047056660 -4.589886665 0.694427073 0.043604050 0.718240738 68.753250122
0.713586509 -0.021931609 -0.700223744 -37.416763306 -0.015575396 0.998766184 -0.047154859 -4.648610592 0.700393856 0.044555333 0.712364554 69.551834106
0.708190441 -0.021328365 -0.705699146 -38.232940674 -0.015722884 0.998819232 -0.045965742 -4.716091156 0.705846250 0.043648124 0.707018971 70.355430603
0.703223050 -0.020943936 -0.710660875 -39.051773071 -0.016553298 0.998812795 -0.045816131 -4.777555943 0.710776627 0.043982733 0.702041328 71.155258179
0.698271692 -0.021523835 -0.715509176 -39.872245789 -0.017540237 0.998733222 -0.047161415 -4.837230682 0.715617955 0.045481674 0.697009683 71.953483582
0.693042457 -0.023329625 -0.720519185 -40.705112457 -0.017982213 0.998605788 -0.049630232 -4.914618015 0.720672488 0.047352385 0.691656649 72.744689941
0.688173592 -0.026344968 -0.725067735 -41.548240662 -0.016594978 0.998507619 -0.052030828 -4.980484009 0.725356400 0.047838710 0.686709285 73.532882690
0.682930231 -0.026554469 -0.730000854 -42.408355713 -0.017427737 0.998462260 -0.052624006 -5.052133083 0.730275750 0.048660778 0.681417286 74.330078125
0.678101718 -0.025912428 -0.734511018 -43.282329559 -0.017643996 0.998516262 -0.051515091 -5.121146202 0.734756291 0.047892191 0.676638544 75.122688293
0.673086107 -0.025923632 -0.739109516 -44.159278870 -0.016830595 0.998589635 -0.050351832 -5.192453384 0.739372551 0.046330780 0.671700656 75.910186768
0.667686522 -0.027371384 -0.743939161 -45.044452667 -0.016179487 0.998554230 -0.051260419 -5.261023521 0.744266689 0.046262451 0.666278362 76.704803467
0.662964463 -0.028471429 -0.748109162 -45.925788879 -0.015094379 0.998565137 -0.051379673 -5.330622196 0.748498619 0.045355141 0.661583424 77.479866028
0.658689082 -0.029032746 -0.751854897 -46.831787109 -0.014473352 0.998581469 -0.051239938 -5.403555870 0.752276003 0.044633046 0.657334507 78.256515503
0.654513657 -0.029832819 -0.755461395 -47.729282379 -0.013248250 0.998615205 -0.050912820 -5.477632523 0.755934060 0.043331683 0.653212130 79.032470703
0.650679171 -0.032956984 -0.758637071 -48.640159607 -0.010054921 0.998596191 -0.052005414 -5.552759171 0.759286165 0.041466881 0.649434447 79.807388306
0.646548152 -0.037222803 -0.761964500 -49.549995422 -0.007920221 0.998427629 -0.055494800 -5.622452736 0.762832105 0.041914985 0.645236671 80.567169189
0.641894460 -0.041709695 -0.765657783 -50.472274780 -0.003373049 0.998356223 -0.057213910 -5.694474697 0.766785562 0.039307900 0.640698671 81.337577820
0.634908974 -0.045069471 -0.771271288 -51.402816772 0.001609369 0.998372018 -0.057015345 -5.773760796 0.772585332 0.034958292 0.633947849 82.112808228
0.626829684 -0.048924576 -0.777618766 -52.334018707 0.006319751 0.998313010 -0.057715483 -5.855672836 0.779130697 0.031263404 0.626081467 82.861831665
0.617759168 -0.049544629 -0.784805059 -53.284866333 0.008776851 0.998385489 -0.056119237 -5.937621593 0.786318362 0.027780054 0.617196679 83.603668213
0.609239519 -0.048159923 -0.791522503 -54.253932953 0.009568918 0.998527884 -0.053389844 -6.019691944 0.792928517 0.024953188 0.608803451 84.337951660
0.600502431 -0.048229463 -0.798167109 -55.235427856 0.009076865 0.998526156 -0.053507224 -6.093765259 0.799571455 0.024886362 0.600055218 85.063018799
0.590544581 -0.049764436 -0.805469096 -56.225875854 0.008585421 0.998427808 -0.055391464 -6.169501781 0.806959271 0.025795842 0.590043485 85.791717529
0.580850065 -0.051644385 -0.812370658 -57.239593506 0.008949350 0.998330176 -0.057067461 -6.258750916 0.813961387 0.025877455 0.580342352 86.499046326
0.571293890 -0.053426567 -0.819004893 -58.268444061 0.009484950 0.998242199 -0.058502667 -6.337047100 0.820690811 0.025653994 0.570796430 87.207748413
0.560534298 -0.053721841 -0.826386869 -59.301887512 0.012370287 0.998325527 -0.056508545 -6.428836823 0.828038752 0.021452339 0.560260296 87.927230835
0.550453603 -0.054159854 -0.833107173 -60.344062805 0.013535615 0.998341262 -0.055958334 -6.503200531 0.834756017 0.019525856 0.550273657 88.607040405
0.540488005 -0.054981060 -0.839553297 -61.400939941 0.013702834 0.998305380 -0.056555867 -6.582672596 0.841240108 0.019063508 0.540325463 89.273391724
0.530109406 -0.055927549 -0.846082866 -62.483818054 0.013288818 0.998247743 -0.057659872 -6.669818878 0.847825170 0.019322596 0.529923737 89.939743042
0.519524932 -0.056545973 -0.852582157 -63.555862427 0.012554066 0.998205304 -0.058554273 -6.756580830 0.854363084 0.019717040 0.519302368 90.609848022
0.509712696 -0.057473160 -0.858422875 -64.639366150 0.011913420 0.998142123 -0.059753712 -6.845891953 0.860262156 0.020230476 0.509450495 91.247200012
0.499794811 -0.057366669 -0.864242017 -65.733779907 0.010534436 0.998133063 -0.060161967 -6.932771683 0.866079867 0.020964336 0.499466002 91.878608704
0.491301209 -0.055503141 -0.869219363 -66.865684509 0.010554778 0.998273671 -0.057777978 -7.021105766 0.870925665 0.019211976 0.491038948 92.502822876
0.483266026 -0.054113403 -0.873799622 -67.982383728 0.011005796 0.998384595 -0.055741917 -7.103487015 0.875404418 0.017321318 0.483080864 93.118515015
0.475748539 -0.054024141 -0.877920628 -69.088424683 0.010769395 0.998394907 -0.055601720 -7.192270279 0.879515409 0.016997766 0.475566715 93.713790894
0.467485219 -0.057333976 -0.882139683 -70.193336487 0.012972509 0.998232007 -0.058004595 -7.275698662 0.883905709 0.015672723 0.467402488 94.312446594
0.460434854 -0.060556389 -0.885625660 -71.333885193 0.015812390 0.998071611 -0.060024280 -7.365967751 0.887552679 0.013633413 0.460504472 94.904678345
0.454702705 -0.063551903 -0.888373017 -72.457099915 0.016903160 0.997887075 -0.062734589 -7.460138321 0.890482843 0.013509276 0.454816192 95.471298218
0.449113429 -0.067377403 -0.890930653 -73.598434448 0.019112086 0.997648776 -0.065813757 -7.554564476 0.893270314 0.012530303 0.449345291 96.047378540
0.443944901 -0.068413116 -0.893438637 -74.733665466 0.022421496 0.997617066 -0.065249249 -7.657614708 0.895773530 0.008934835 0.444420874 96.622177124
0.439733744 -0.065776043 -0.895716310 -75.880775452 0.024141174 0.997819781 -0.061422300 -7.755316734 0.897803605 0.005385813 0.440362990 97.188430786
0.435899317 -0.064479500 -0.897682667 -77.017364502 0.027891064 0.997918963 -0.058135953 -7.849679470 0.899563134 0.000304094 0.436790586 97.741989136
0.432418734 -0.063676164 -0.899421692 -78.163177490 0.028709460 0.997969806 -0.056850296 -7.940424919 0.901215732 -0.001238780 0.433369040 98.294723511
0.429610759 -0.063482970 -0.900779963 -79.294532776 0.030515159 0.997976720 -0.055779301 -8.029983521 0.902498424 -0.003524055 0.430678725 98.831222534
0.427241594 -0.062423769 -0.901980042 -80.428153992 0.031938046 0.998033106 -0.053943243 -8.122122765 0.903573275 -0.005760678 0.428394884 99.358642578
0.424490124 -0.061925385 -0.903312445 -81.561088562 0.034642484 0.998038769 -0.052139822 -8.203316689 0.904769599 -0.009160144 0.425802946 99.902084351
0.422422618 -0.062993288 -0.904207408 -82.688507080 0.036978476 0.997949243 -0.052248590 -8.285399437 0.905644357 -0.011365226 0.423885733 100.428840637
0.419494569 -0.063277207 -0.905549705 -83.788902283 0.038794037 0.997905791 -0.051759500 -8.364101410 0.906928480 -0.013417100 0.421070844 100.954254150
0.417173564 -0.062656000 -0.906664431 -84.892654419 0.042187791 0.997880399 -0.049548157 -8.440698624 0.907847047 -0.017579988 0.418932647 101.472808838
0.415051579 -0.062121782 -0.907674551 -86.001922607 0.044239707 0.997864008 -0.048064958 -8.519051552 0.908721626 -0.020205824 0.416913271 101.980133057
0.413473547 -0.063740313 -0.908282280 -87.097740173 0.046444800 0.997724414 -0.048874211 -8.594132423 0.909330785 -0.021976795 0.415493041 102.479118347
0.411683768 -0.064698137 -0.909027278 -88.175628662 0.048042458 0.997630537 -0.049246632 -8.678649902 0.910059512 -0.023397865 0.413816541 102.972892761
0.411482006 -0.065097809 -0.909090102 -89.270027161 0.047237080 0.997628629 -0.050056916 -8.766214371 0.910192966 -0.022345245 0.413581252 103.457382202
0.411990821 -0.065720074 -0.908814788 -90.324943542 0.046132587 0.997620940 -0.051228814 -8.842467308 0.910019398 -0.020820184 0.414042473 103.934120178
0.414259255 -0.065315440 -0.907812238 -91.369796753 0.043915428 0.997694314 -0.051742505 -8.923847198 0.909098804 -0.018432153 0.416172445 104.409729004
0.418526202 -0.065316409 -0.905853093 -92.398406982 0.042193320 0.997731924 -0.052447002 -9.008275986 0.907224119 -0.016270503 0.420332879 104.879127502
0.423696548 -0.066222638 -0.903380215 -93.421981812 0.040785447 0.997707248 -0.054008450 -9.081088066 0.904885590 -0.013961568 0.425426006 105.352256775
0.429739445 -0.066216864 -0.900521755 -94.438034058 0.040358577 0.997719228 -0.054104403 -9.157559395 0.902050614 -0.013092974 0.431431741 105.828315735
0.435991168 -0.065365121 -0.897574008 -95.468353271 0.040473059 0.997773826 -0.053002551 -9.240583420 0.899040401 -0.013218927 0.437666059 106.334167480
0.444523752 -0.064172283 -0.893465519 -96.472900391 0.039208889 0.997868478 -0.052163433 -9.313083649 0.894908488 -0.011843906 0.446092486 106.820014954
0.453069329 -0.063800961 -0.889189243 -97.453804016 0.039332859 0.997895062 -0.051559485 -9.388603210 0.890607119 -0.011614336 0.454625130 107.323165894
0.463143378 -0.062954642 -0.884044647 -98.476646423 0.037432011 0.997973442 -0.051457446 -9.460552216 0.885492563 -0.009259392 0.464561313 107.833572388
0.472674876 -0.063033387 -0.878979623 -99.447402954 0.036126856 0.997986078 -0.052140217 -9.541028023 0.880496144 -0.007109403 0.474000186 108.356567383
0.483146727 -0.065187335 -0.873109281 -100.411140442 0.034840643 0.997866035 -0.055222280 -9.606613159 0.874845922 -0.003739230 0.484386861 108.879463196
0.495070457 -0.066185735 -0.866328239 -101.369041443 0.033288874 0.997807086 -0.057207271 -9.680548668 0.868214905 -0.000517466 0.496188074 109.412734985
0.507175326 -0.064449750 -0.859429717 -102.314712524 0.030837135 0.997918427 -0.056637298 -9.757060051 0.861291111 0.002222684 0.508107007 109.968070984
0.519976020 -0.061743256 -0.851946414 -103.231292725 0.028940333 0.998084903 -0.054670963 -9.830354691 0.853690445 0.003771980 0.520767093 110.518386841
0.532227933 -0.059169836 -0.844530821 -104.143997192 0.028203566 0.998240173 -0.052165035 -9.909505844 0.846131146 0.003944900 0.532960117 111.090637207
0.544259608 -0.058781687 -0.836854935 -105.048072815 0.028499059 0.998261929 -0.051584363 -9.980419159 0.838432610 0.004225705 0.544988811 111.672447205
0.555873811 -0.057672814 -0.829263568 -105.917007446 0.027704792 0.998321414 -0.050859157 -10.068396568 0.830804884 0.005296696 0.556538522 112.246826172
0.567379057 -0.059194993 -0.821326315 -106.797531128 0.027706757 0.998220444 -0.052804127 -10.130437851 0.822990537 0.007203671 0.568009496 112.838256836
0.577195644 -0.060987957 -0.814325213 -107.639884949 0.030168118 0.998118937 -0.053369757 -10.204149246 0.816048384 0.006238132 0.577949941 113.460716248
0.589448929 -0.060182985 -0.805560648 -108.502288818 0.030760435 0.998169839 -0.052064538 -10.291134834 0.807219684 0.005909996 0.590221465 114.062149048
0.600347638 -0.058084544 -0.797627091 -109.333396912 0.029865714 0.998291612 -0.050218344 -10.357877731 0.799181342 0.006326760 0.601056695 114.677154541
0.610367417 -0.054353490 -0.790251434 -110.135894775 0.029623857 0.998511434 -0.045797002 -10.433787346 0.791564286 0.004542699 0.611068964 115.294883728
0.620419085 -0.052833732 -0.782488823 -110.948287964 0.028478788 0.998587966 -0.044844527 -10.498754501 0.783753216 0.005538062 0.621047676 115.920761108
0.630367339 -0.052728333 -0.774504185 -111.728012085 0.026799664 0.998573959 -0.046170842 -10.558505058 0.775834203 0.008348139 0.630881548 116.554283142
0.639865875 -0.051651634 -0.766748786 -112.490791321 0.024459921 0.998602033 -0.046858050 -10.627151489 0.768097162 0.011228256 0.640234709 117.187370300
0.649255395 -0.051406480 -0.758831203 -113.267272949 0.024560029 0.998609960 -0.046636581 -10.689431190 0.760173857 0.011642131 0.649615407 117.832580566
0.658450902 -0.048978548 -0.751028299 -114.009277344 0.023833100 0.998736680 -0.044237681 -10.752899170 0.752246261 0.011229014 0.658786237 118.482963562
0.667068958 -0.047047794 -0.743508935 -114.733535767 0.023976153 0.998842716 -0.041693661 -10.816667557 0.744610131 0.009986060 0.667424917 119.127273560
0.675130308 -0.046644781 -0.736222267 -115.450134277 0.024297416 0.998863518 -0.041003715 -10.872859955 0.737298250 0.009794557 0.675496340 119.791473389
0.683028460 -0.045819074 -0.728953123 -116.152214050 0.023046251 0.998885453 -0.041191623 -10.924392700 0.730027974 0.011335417 0.683323205 120.443458557
0.690412462 -0.044756159 -0.722030044 -116.838508606 0.022623571 0.998931885 -0.040287476 -10.980683327 0.723061979 0.011480082 0.690687776 121.101501465
0.697808862 -0.042185981 -0.715040565 -117.520080566 0.021619124 0.999049902 -0.037843831 -11.031661987 0.715957522 0.010949207 0.698057890 121.751060486
0.705225825 -0.039469447 -0.707883239 -118.182998657 0.020561067 0.999167800 -0.035226721 -11.080658913 0.708684504 0.010287958 0.705450535 122.413414001
0.712793708 -0.037966307 -0.700345337 -118.835449219 0.019743456 0.999224246 -0.034074392 -11.132177353 0.701095819 0.010460775 0.712990463 123.067550659
0.720087111 -0.037075236 -0.692892432 -119.468452454 0.019047152 0.999251366 -0.033673156 -11.180768967 0.693622172 0.011049981 0.720254242 123.719917297
0.728112996 -0.034251258 -0.684600770 -120.092315674 0.016282359 0.999333203 -0.032680392 -11.220598221 0.685263753 0.012648104 0.728185177 124.375984192
0.737169743 -0.031309832 -0.674981833 -120.696128845 0.015651012 0.999449074 -0.029267656 -11.271623611 0.675526321 0.011011081 0.737253666 125.024604797
0.746708274 -0.027329871 -0.664589882 -121.282196045 0.013608309 0.999574125 -0.025815610 -11.311901093 0.665012419 0.010232786 0.746762216 125.676940918
0.756715477 -0.025029797 -0.653265059 -121.861106873 0.011578592 0.999623179 -0.024888309 -11.353769302 0.653641820 0.011269477 0.756720126 126.339080811
0.766635478 -0.024148552 -0.641628504 -122.411956787 0.010074711 0.999621868 -0.025584577 -11.389963150 0.642003715 0.013149821 0.766588748 126.995620728
0.776511192 -0.025366588 -0.629592478 -122.956008911 0.010132685 0.999562740 -0.027775669 -11.421745300 0.630021930 0.015188656 0.776428878 127.663452148
0.786484540 -0.024400102 -0.617127776 -123.483551025 0.009734433 0.999584913 -0.027115926 -11.459088326 0.617533207 0.015318866 0.786395609 128.338790894
0.796637595 -0.022866007 -0.604024470 -123.999176025 0.009357184 0.999630988 -0.025501093 -11.491632462 0.604384601 0.014663165 0.796557665 129.021820068
0.806860387 -0.020593768 -0.590383232 -124.502014160 0.009099700 0.999706864 -0.022435509 -11.528127670 0.590672076 0.012730013 0.806811213 129.704940796
0.816493213 -0.019028023 -0.577041328 -124.993591309 0.009150960 0.999757648 -0.020018872 -11.560379028 0.577282548 0.011064787 0.816469431 130.392303467
0.825728178 -0.017601710 -0.563793421 -125.471862793 0.009704653 0.999808371 -0.017000783 -11.590415955 0.563984692 0.008566605 0.825740814 131.094100952
0.834064603 -0.016902845 -0.551407754 -125.946800232 0.010466503 0.999835491 -0.014817204 -11.616171837 0.551567495 0.006587196 0.834104240 131.798706055
0.841181695 -0.017290816 -0.540476024 -126.404190063 0.011951815 0.999839008 -0.013385202 -11.643317223 0.540620446 0.004799718 0.841252923 132.514709473
0.847647130 -0.016979810 -0.530288577 -126.842407227 0.011914734 0.999844849 -0.012969704 -11.664527893 0.530426443 0.004675488 0.847718060 133.230422974
0.854464769 -0.016442355 -0.519249022 -127.283294678 0.011301993 0.999850810 -0.013062606 -11.687251091 0.519386351 0.005292988 0.854523182 133.950241089
0.861192942 -0.014188140 -0.508080125 -127.732681274 0.009394759 0.999883890 -0.011997699 -11.710876465 0.508191347 0.005559043 0.861226261 134.691253662
0.867414534 -0.013280952 -0.497408956 -128.156631470 0.008708295 0.999895811 -0.011511384 -11.730755806 0.497510076 0.005653556 0.867439806 135.432418823
0.873492479 -0.013534877 -0.486649513 -128.581848145 0.009139922 0.999893188 -0.011404062 -11.758111000 0.486751914 0.005513423 0.873522878 136.179794312
0.878478527 -0.015037377 -0.477545172 -128.989624023 0.010277359 0.999868035 -0.012578821 -11.777928352 0.477671295 0.006142321 0.878517151 136.934921265
0.882802129 -0.015796321 -0.469479412 -129.390686035 0.010937922 0.999854743 -0.013074066 -11.796070099 0.469617605 0.006406686 0.882846713 137.702087402
0.886351049 -0.014477765 -0.462787390 -129.795913696 0.009855922 0.999874473 -0.012403407 -11.817750931 0.462908924 0.006432576 0.886382520 138.470199585
0.889593899 -0.012729879 -0.456574857 -130.205657959 0.009714171 0.999912679 -0.008951655 -11.835741043 0.456648946 0.003528090 0.889640033 139.263107300
0.892700136 -0.008579237 -0.450569481 -130.617111206 0.007194765 0.999962628 -0.004785386 -11.854993820 0.450593740 0.001030173 0.892728508 140.064071655
0.896093190 -0.005771215 -0.443828523 -131.021865845 0.005512442 0.999983013 -0.001873371 -11.869503021 0.443831891 -0.000767864 0.896109760 140.874816895
0.899329424 -0.003154230 -0.437260389 -131.426910400 0.003691180 0.999993145 0.000378215 -11.881311417 0.437256128 -0.001954147 0.899334908 141.696075439
0.902555406 -0.001547228 -0.430570841 -131.832473755 0.002946488 0.999992311 0.002582974 -11.889163971 0.430563480 -0.003599949 0.902553022 142.540725708
0.905912220 -0.000103289 -0.423465490 -132.237976074 0.002639674 0.999981940 0.005403100 -11.892541885 0.423457265 -0.006012544 0.905896127 143.396881104
0.909350157 -0.000196470 -0.416031420 -132.638458252 0.003505229 0.999967992 0.007189403 -11.896304131 0.416016728 -0.007995971 0.909321785 144.271163940
0.912932217 -0.000345303 -0.408111125 -133.033706665 0.004150319 0.999955714 0.008438073 -11.900491714 0.408090174 -0.009397180 0.912893295 145.155426025
0.916645050 -0.000804416 -0.399701357 -133.423309326 0.004612328 0.999952614 0.008565118 -11.904260635 0.399675548 -0.009694727 0.916605413 146.049728394
0.920440257 -0.003619027 -0.390866339 -133.821166992 0.007209073 0.999944150 0.007717977 -11.904318810 0.390816569 -0.009921722 0.920415103 146.978607178
0.924558997 -0.004694192 -0.381009966 -134.207641602 0.007893588 0.999945402 0.006834865 -11.909491539 0.380957156 -0.009326772 0.924545705 147.906250000
0.928891659 -0.005906246 -0.370304346 -134.574584961 0.008237319 0.999954939 0.004713954 -11.913054466 0.370259792 -0.007429067 0.928898454 148.845382690
0.934125483 -0.003585586 -0.356926709 -134.946960449 0.005334067 0.999978125 0.003914473 -11.921100616 0.356904864 -0.005560481 0.934124172 149.793426514
0.940233052 -0.000183997 -0.340531647 -135.310226440 0.002027650 0.999985158 0.005058176 -11.922969818 0.340525657 -0.005446343 0.940219402 150.775299072
0.946692944 0.003972088 -0.322112799 -135.661636353 -0.001398012 0.999965191 0.008222157 -11.931702614 0.322134256 -0.007333541 0.946665585 151.774200439
0.953359246 0.006715535 -0.301763058 -135.997436523 -0.003974143 0.999944985 0.009697608 -11.927623749 0.301811635 -0.008046053 0.953333616 152.792602539
0.959675014 0.008241688 -0.280991077 -136.304107666 -0.005500086 0.999929309 0.010544146 -11.931642532 0.281058043 -0.008573477 0.959652483 153.828094482
0.965675950 0.009618441 -0.259571850 -136.594635010 -0.006749582 0.999905944 0.011941307 -11.928802490 0.259662330 -0.009779430 0.965649962 154.883850098
0.971284330 0.010543944 -0.237687945 -136.870529175 -0.007272369 0.999866426 0.014636831 -11.924789429 0.237810567 -0.012487969 0.971231282 155.966613770
0.976407349 0.013124978 -0.215537310 -137.121032715 -0.009427261 0.999790370 0.018174952 -11.919511795 0.215730697 -0.015714234 0.976326466 157.055374146
0.981042087 0.014990384 -0.193214178 -137.353775024 -0.010863097 0.999689996 0.022403026 -11.912549973 0.193490088 -0.019879406 0.980900824 158.175872803
0.985148966 0.016888030 -0.170869455 -137.555282593 -0.012666335 0.999587774 0.025767278 -11.900461197 0.171234176 -0.023220317 0.984956622 159.306900024
0.988731682 0.018732946 -0.148521781 -137.737823486 -0.015090207 0.999557972 0.025615793 -11.885938644 0.148935989 -0.023085922 0.988577306 160.449768066
0.991792917 0.018021069 -0.126578093 -137.891342163 -0.015161201 0.999608457 0.023520941 -11.869235992 0.126952410 -0.021408830 0.991677701 161.606231689
0.994261563 0.018404527 -0.105380923 -138.033172607 -0.016132658 0.999619663 0.022370674 -11.846241951 0.105752550 -0.020542230 0.994180202 162.791091919
0.996238410 0.017283127 -0.084914029 -138.136306763 -0.015272252 0.999588728 0.024274133 -11.830104828 0.085298628 -0.022885993 0.996092558 163.978546143
0.997737646 0.017663524 -0.064866014 -138.227355957 -0.016007453 0.999534726 0.025962176 -11.815059662 0.065294445 -0.024865098 0.997556150 165.189056396
0.998844504 0.018079391 -0.044528484 -138.287826538 -0.016895687 0.999497592 0.026817475 -11.794710159 0.044990964 -0.026034148 0.998648107 166.409667969
0.999514103 0.019890003 -0.023997640 -138.336471558 -0.019234896 0.999444187 0.027227579 -11.774292946 0.024525858 -0.026752755 0.999341190 167.660629272
0.999784291 0.020528683 -0.003145259 -138.350921631 -0.020432532 0.999397874 0.028042112 -11.755933762 0.003719032 -0.027971799 0.999601781 168.900054932
0.999587417 0.022895470 0.017343236 -138.345306396 -0.023367155 0.999348640 0.027501354 -11.738040924 -0.016702285 -0.027895272 0.999471247 170.167861938
0.999014497 0.024048023 0.037307292 -138.309875488 -0.025032314 0.999344766 0.026144331 -11.714166641 -0.036654130 -0.027052457 0.998961747 171.445037842
0.998066783 0.024524566 0.057107646 -138.254638672 -0.025916118 0.999381781 0.023755277 -11.699867249 -0.056489754 -0.025189359 0.998085380 172.740859985
0.996743560 0.026737789 0.076073781 -138.166900635 -0.028415233 0.999374449 0.021053797 -11.684173584 -0.075463243 -0.023146888 0.996879876 174.035415649
0.995088696 0.026979448 0.095238827 -138.054519653 -0.028939035 0.999395728 0.019254364 -11.673035622 -0.094661780 -0.021915920 0.995268226 175.340820312
0.993093729 0.027113179 0.114147171 -137.914505005 -0.029141525 0.999445021 0.016138287 -11.663463593 -0.113646246 -0.019353256 0.993332863 176.652175903
0.990739942 0.028001510 0.132854477 -137.752777100 -0.029689187 0.999501467 0.010738911 -11.656029701 -0.132487550 -0.014583810 0.991077363 178.004364014
0.988109648 0.029928440 0.150809884 -137.565490723 -0.030886972 0.999514818 0.004016941 -11.660118103 -0.150616482 -0.008627237 0.988554597 179.331878662
0.985216141 0.032285295 0.168246225 -137.353271484 -0.032529969 0.999469876 -0.001302445 -11.667848587 -0.168199107 -0.004189853 0.985744059 180.674575806
0.981981933 0.034410547 0.185815588 -137.111984253 -0.033996522 0.999407232 -0.005414975 -11.686489105 -0.185891762 -0.000999676 0.982569814 182.032745361
0.978414595 0.036461554 0.203409538 -136.846282959 -0.035514720 0.999334633 -0.008304308 -11.710456848 -0.203576982 0.000901024 0.979058504 183.384872437
0.974626541 0.035915829 0.220936731 -136.555175781 -0.034993362 0.999354780 -0.008089171 -11.739018440 -0.221084699 0.000152601 0.975254595 184.753479004
0.970634103 0.035346400 0.237950057 -136.234542847 -0.034230098 0.999374986 -0.008822909 -11.764305115 -0.238113195 0.000418760 0.971237361 186.125976562
0.966309845 0.035226218 0.254959553 -135.883605957 -0.032736529 0.999365926 -0.014003202 -11.798054695 -0.255291194 0.005184941 0.966850281 187.518661499
0.961778998 0.036616344 0.271367759 -135.513702393 -0.032773867 0.999288321 -0.018679675 -11.828535080 -0.271858543 0.009071949 0.962294459 188.893310547
0.956851363 0.038698766 0.287989408 -135.109939575 -0.034778655 0.999219716 -0.018717935 -11.870276451 -0.288489133 0.007894399 0.957450628 190.284072876
0.951342285 0.040870920 0.305413455 -134.680252075 -0.036695842 0.999138117 -0.019401196 -11.914953232 -0.305943191 0.007249776 0.952022314 191.673538208
0.945375621 0.044650033 0.322910666 -134.231857300 -0.039479334 0.998965859 -0.022548240 -11.959235191 -0.323583484 0.008568259 0.946160793 193.052719116
0.939229369 0.045270022 0.340292215 -133.752883911 -0.038416892 0.998900890 -0.026853358 -12.007015228 -0.341133893 0.012148494 0.939936161 194.435974121
0.932837248 0.046446878 0.357291490 -133.241699219 -0.038545031 0.998829782 -0.029209439 -12.062113762 -0.358230114 0.013475846 0.933536053 195.811508179
0.925994039 0.046899363 0.374613762 -132.700378418 -0.036689125 0.998736501 -0.034345206 -12.130207062 -0.375751138 0.018059213 0.926544607 197.197052002
0.918005466 0.050314866 0.393362761 -132.132965088 -0.037346948 0.998479128 -0.040557023 -12.199172974 -0.394805104 0.022540670 0.918488324 198.578857422
0.908397734 0.054075275 0.414595395 -131.528884888 -0.039216787 0.998249352 -0.044274900 -12.274602890 -0.416263729 0.023960123 0.908928156 199.956726074
0.897080779 0.056713589 0.438211918 -130.898345947 -0.040834814 0.998125553 -0.045583341 -12.360952377 -0.439975739 0.022997636 0.897715151 201.317047119
