1.000000000 0.000000000 0.000000000 0.000000000 0.000000000 1.000000000 0.000000000 0.000000000 0.000000000 0.000000000 1.000000000 0.000000000
0.999873996 0.001483026 0.015806653 0.010684581 -0.001468640 0.999998510 -0.000921670 -0.003333679 -0.015807996 0.000898340 0.999874651 0.126559049
0.999292612 0.004330437 0.037357442 0.027626194 -0.004318081 0.999990582 -0.000411423 -0.004513019 -0.037358873 0.000249820 0.999301910 0.272685379
0.997895479 0.005952250 0.064569019 0.056635793 -0.006028404 0.999981344 0.000984646 -0.005483550 -0.064561956 -0.001371822 0.997912765 0.436579704
0.995127380 0.005657070 0.098434947 0.102449566 -0.006005339 0.999976695 0.003242131 -0.004296966 -0.098414332 -0.003817469 0.995138228 0.609033644
0.990628302 0.002582754 0.136561096 0.163389087 -0.003329690 0.999980867 0.005241468 -0.005256018 -0.136544928 -0.005647053 0.990617752 0.794297576
0.984339416 -0.000168193 0.176283479 0.236328095 -0.000804932 0.999984860 0.005448706 -0.004353952 -0.176281676 -0.005505272 0.984324396 0.989616990
0.975563645 -0.000412943 0.219716549 0.320367306 -0.001085560 0.999976993 0.006699388 -0.001300924 -0.219714284 -0.006774195 0.975540757 1.192374825
0.963396609 -0.000227292 0.268079937 0.412769765 -0.002439164 0.999950886 0.009613410 0.001239916 -0.268068939 -0.009915417 0.963348746 1.409881473
0.948949158 -0.003837050 0.315405786 0.530552387 -0.001507054 0.999859393 0.016697945 -0.002042359 -0.315425515 -0.016320834 0.948809922 1.621923804
0.931934714 -0.013340328 0.362380862 0.670857251 0.004684682 0.999682665 0.024753725 -0.005713910 -0.362596124 -0.021371214 0.931701303 1.834527731
0.910562396 -0.018240949 0.412969053 0.825161815 0.006935182 0.999559343 0.028859308 -0.003228322 -0.413313478 -0.023414183 0.910287738 2.054718256
0.885024726 -0.019646414 0.465129077 0.993530154 0.004964772 0.999450564 0.032768697 0.001516335 -0.465517372 -0.026691847 0.884636164 2.287631035
0.856854260 -0.022076573 0.515085697 1.183758855 0.003282470 0.999296069 0.037369385 0.004429080 -0.515548110 -0.030329369 0.856323779 2.500992775
0.824371636 -0.026321214 0.565436423 1.366768718 0.003474444 0.999134779 0.041444458 0.009090073 -0.566038013 -0.032201063 0.823749959 2.699798584
0.788232028 -0.031946503 0.614548326 1.596859217 0.005516769 0.998978317 0.044854674 0.010589167 -0.615353405 -0.031965569 0.787602842 2.909747124
0.749740064 -0.035555098 0.660776556 1.838631153 0.005674532 0.998864174 0.047308434 0.018862128 -0.661707997 -0.031719424 0.749090433 3.128040791
0.709440112 -0.038335375 0.703722417 2.109351158 0.006391599 0.998828471 0.047967799 0.036133334 -0.704736769 -0.029532362 0.708853900 3.337743282
0.667048156 -0.040131453 0.743932903 2.407625675 0.005330039 0.998779655 0.049099963 0.050288647 -0.744995534 -0.028786851 0.666447937 3.560191393
0.624009430 -0.040113106 0.780386567 2.739436150 0.000273841 0.998692751 0.051115420 0.066825002 -0.781416833 -0.031682801 0.623204648 3.784131050
0.582321286 -0.040590078 0.811944842 3.079913378 -0.003045409 0.998636842 0.052107185 0.081275910 -0.812953174 -0.032815818 0.581403852 3.988498688
0.541463733 -0.042005084 0.839674175 3.455809593 -0.004751523 0.998582184 0.053018562 0.098928019 -0.840710640 -0.032697357 0.540496528 4.198606014
0.502688050 -0.043893334 0.863352835 3.864288568 -0.006685651 0.998482823 0.054656148 0.118139043 -0.864441991 -0.033247065 0.501631916 4.403728485
0.465502799 -0.043360662 0.883983612 4.289553165 -0.009726545 0.998488128 0.054099247 0.137393415 -0.884992957 -0.033781454 0.464377314 4.603685856
0.428782940 -0.042420920 0.902411103 4.751470089 -0.010887211 0.998581707 0.052114841 0.161467984 -0.903342009 -0.032170694 0.427712917 4.796764374
0.395472348 -0.041190047 0.917553902 5.241895676 -0.009560121 0.998755097 0.048955753 0.181092650 -0.918428123 -0.028132573 0.394586295 4.973271847
0.366024315 -0.039380405 0.929771662 5.759088516 -0.007221013 0.998953998 0.045153324 0.202355355 -0.930577278 -0.023241106 0.365357071 5.154162407
0.340689540 -0.037547331 0.939425766 6.308805943 -0.006095446 0.999093056 0.042142689 0.225151062 -0.940156102 -0.020083791 0.340151608 5.331444740
0.320490569 -0.037172079 0.946522057 6.881434917 -0.004684348 0.999155343 0.040825218 0.248214439 -0.947240174 -0.017517935 0.320045680 5.509387493
0.305636972 -0.037568372 0.951406717 7.487041950 -0.003742600 0.999166131 0.040656567 0.271514356 -0.952140808 -0.015986878 0.305241495 5.702507973
0.294053346 -0.038892828 0.954997301 8.114968300 -0.003192507 0.999126196 0.041673001 0.293021142 -0.955783665 -0.015302923 0.293672264 5.890954971
0.282959044 -0.040556177 0.958274186 8.773530960 -0.004455804 0.999039233 0.043597147 0.321971327 -0.959121644 -0.016606091 0.282506496 6.084119797
0.272380263 -0.042022847 0.961271584 9.449465752 -0.005920115 0.998953760 0.045347642 0.352231324 -0.962171435 -0.018042643 0.271846503 6.275872231
0.262366980 -0.043997373 0.963964760 10.147212029 -0.007067604 0.998845637 0.047513042 0.371582836 -0.964942276 -0.019278772 0.261753172 6.465589523
0.252137154 -0.046044055 0.966595531 10.865854263 -0.007996812 0.998734117 0.049660966 0.399509132 -0.967658401 -0.020251058 0.251449794 6.651611805
0.241238251 -0.047498081 0.969302833 11.611026764 -0.008220337 0.998665690 0.050982796 0.431803674 -0.970431089 -0.020266995 0.240525931 6.843542099
0.231672525 -0.048866071 0.971565783 12.370545387 -0.008102668 0.998605967 0.052158199 0.462525606 -0.972759962 -0.019955896 0.230953604 7.009992599
0.221279651 -0.051637713 0.973842323 13.154123306 -0.009700868 0.998431146 0.055145796 0.494371057 -0.975162148 -0.021649757 0.220431611 7.182534695
0.209820539 -0.055081520 0.976187229 13.938535690 -0.011273168 0.998209238 0.058747154 0.532288671 -0.977674901 -0.023331081 0.208823845 7.353407860
0.197936118 -0.058703274 0.978455484 14.728367805 -0.011228804 0.998003840 0.062147614 0.572287917 -0.980150580 -0.023288138 0.196881816 7.508304596
0.184819639 -0.060873032 0.980885386 15.513865471 -0.012448616 0.997854829 0.064271711 0.607078433 -0.982693672 -0.024089340 0.183665350 7.654850960
0.170254186 -0.061503872 0.983478844 16.358261108 -0.013934960 0.997800231 0.064811833 0.644235075 -0.985301673 -0.024739223 0.169022590 7.814177513
0.155980021 -0.060330719 0.985916018 17.172517776 -0.015161647 0.997869253 0.063460864 0.684680223 -0.987643838 -0.024846738 0.154732972 7.939110279
0.139863029 -0.059314273 0.988392711 17.994449615 -0.016075479 0.997936726 0.062161792 0.720299840 -0.990040362 -0.024583023 0.138620928 8.046930313
0.120155796 -0.058162797 0.991049826 18.828132629 -0.018464282 0.997978687 0.060808081 0.750431776 -0.992583334 -0.025605466 0.118839018 8.136280060
0.093500920 -0.056436442 0.994018495 19.651714325 -0.022869753 0.998006940 0.058814108 0.790338755 -0.995356500 -0.028232122 0.092023872 8.226142883
0.062964767 -0.055751927 0.996457279 20.489740372 -0.026745237 0.997985601 0.057527430 0.828122139 -0.997657299 -0.030272691 0.061346836 8.276295662
0.030267581 -0.055847939 0.997980416 21.334280014 -0.029228728 0.997961462 0.056733355 0.857094407 -0.999114454 -0.030886883 0.028573535 8.288330078
-0.004523858 -0.055355284 0.998456478 22.167198181 -0.030594250 0.998006880 0.055191748 0.882679522 -0.999521673 -0.030297346 -0.006208405 8.280759811
-0.039035298 -0.053993851 0.997777879 23.010810852 -0.032133386 0.998090386 0.052753627 0.916040778 -0.998721004 -0.030002732 -0.040695757 8.246438980
-0.071988255 -0.052283887 0.996034145 23.852886200 -0.034444090 0.998159826 0.049906019 0.936404824 -0.996810675 -0.030714840 -0.073656626 8.186812401
-0.104901195 -0.049456790 0.993252218 24.703882217 -0.036587406 0.998278439 0.045842931 0.961834073 -0.993809402 -0.031531535 -0.106530085 8.096073151
-0.137307644 -0.045118373 0.989500463 25.541620255 -0.033317819 0.998607218 0.040910281 0.977276921 -0.989967942 -0.027350703 -0.138619632 7.968005180
-0.168624178 -0.038751803 0.984918356 26.371421814 -0.028081585 0.999010265 0.034498505 0.996538401 -0.985280275 -0.021840787 -0.169545442 7.806277752
-0.198455676 -0.032256674 0.979578912 27.178403854 -0.021824814 0.999355912 0.028486360 1.007548809 -0.979866862 -0.015725847 -0.199031845 7.625575542
-0.227305248 -0.026592275 0.973460436 28.005260468 -0.015814561 0.999596059 0.023613490 1.014121294 -0.973695159 -0.010027377 -0.227634013 7.413437366
-0.254776180 -0.020482071 0.966783047 28.823026657 -0.006867393 0.999788761 0.019371558 1.015588641 -0.966975629 -0.001703868 -0.254863054 7.172434330
-0.280947596 -0.010247991 0.959668338 29.607177734 -0.000942958 0.999945462 0.010402041 1.002611399 -0.959722638 0.002017502 -0.280941904 6.925947189
-0.306445926 0.005694575 0.951870978 30.394376755 0.004202390 0.999980450 -0.004629469 0.990979612 -0.951878726 0.002581451 -0.306463838 6.658740997
-0.331072450 0.022238050 0.943343282 31.175104141 0.003944257 0.999746144 -0.022183409 0.967941225 -0.943597019 -0.003623527 -0.331076145 6.377761841
-0.356402129 0.037067994 0.933597147 31.943763733 0.004596148 0.999270320 -0.037920929 0.934642076 -0.934321344 -0.009224149 -0.356312364 6.078539848
-0.380575448 0.047479320 0.923530281 32.702037811 0.008126795 0.998814285 -0.048000775 0.892227888 -0.924714208 -0.010762572 -0.380510032 5.751476288
-0.403880417 0.051934004 0.913336456 33.454776764 0.010940794 0.998590231 -0.051943619 0.844002485 -0.914746344 -0.010986386 -0.403879166 5.414992332
-0.426697075 0.051503543 0.902926981 34.207569122 0.014917962 0.998642266 -0.049913406 0.784830093 -0.904271483 -0.007828077 -0.426886082 5.051589966
-0.446708292 0.047110945 0.893438458 34.943725586 0.018190060 0.998884499 -0.043576300 0.730431557 -0.894494712 -0.003214195 -0.447066903 4.665886879
-0.464348912 0.045866024 0.884463847 35.660453796 0.026142979 0.998932779 -0.038076866 0.679252028 -0.885266423 0.005441571 -0.465052336 4.271238327
-0.477840006 0.046108730 0.877236009 36.366516113 0.028564885 0.998908937 -0.036944423 0.630153537 -0.877982378 0.007404622 -0.478635699 3.875000000
-0.488888741 0.050427731 0.870887399 37.061027527 0.032342587 0.998689175 -0.039671838 0.585661054 -0.871746361 0.008771637 -0.489878863 3.475830078
-0.498971820 0.052718148 0.865013182 37.748542786 0.032824524 0.998581469 -0.041924044 0.539857626 -0.865996361 0.007474733 -0.499994367 3.077407837
-0.509527564 0.052263323 0.858865678 38.443099976 0.027256856 0.998633027 -0.044598091 0.488351464 -0.860022485 0.000686022 -0.510255635 2.670240402
-0.520573676 0.050938990 0.852295935 39.126018524 0.026876075 0.998701632 -0.043273561 0.439605355 -0.853393614 0.000379295 -0.521266818 2.257011414
-0.529362321 0.052090682 0.846795321 39.797851562 0.028875887 0.998641193 -0.043380141 0.392214060 -0.847904265 0.001488153 -0.530147195 1.834709167
-0.536484599 0.055149883 0.842106164 40.484695435 0.031796504 0.998474896 -0.045133773 0.348352551 -0.843310893 0.002562461 -0.537419915 1.390981674
-0.540089607 0.058085792 0.839600682 41.179092407 0.033462647 0.998308599 -0.047540121 0.299422860 -0.840942025 0.002419334 -0.541119814 0.945354462
-0.540208876 0.060177319 0.839376628 41.882560730 0.032540441 0.998187661 -0.050620459 0.257660747 -0.840901613 -0.000031937 -0.541188061 0.507530212
-0.536952317 0.060594350 0.841433644 42.594738007 0.034916043 0.998158693 -0.049599312 0.205951691 -0.842889607 0.002747066 -0.538079381 0.054611206
-0.530838549 0.059180643 0.845404088 43.331840515 0.032562245 0.998246431 -0.049433839 0.151163459 -0.846847177 0.001286856 -0.531834781 -0.411851883
-0.523981929 0.058056030 0.849748433 44.094245911 0.030480562 0.998313308 -0.049410909 0.102498412 -0.851183712 0.000010381 -0.524867833 -0.871202469
-0.516801417 0.057519834 0.854170799 44.871276855 0.028859133 0.998343766 -0.049767710 0.046405435 -0.855618775 -0.001069385 -0.517605424 -1.335083008
-0.510172486 0.056333188 0.858225286 45.654548645 0.026876016 0.998409569 -0.049558297 -0.010775089 -0.859652102 -0.002217607 -0.510875106 -1.801057816
-0.506338358 0.053791862 0.860655546 46.458000183 0.022248656 0.998535216 -0.049320217 -0.065553188 -0.862047791 -0.005824295 -0.506793439 -2.253976822
-0.504779637 0.050879780 0.861747563 47.283912659 0.017525591 0.998659790 -0.048697587 -0.119666457 -0.863070369 -0.009478917 -0.504994750 -2.728017807
-0.505235851 0.048325714 0.861627162 48.118797302 0.015272069 0.998775125 -0.047062732 -0.184347034 -0.862846196 -0.010618944 -0.505355060 -3.206554413
-0.506205082 0.047147069 0.861123383 48.962596893 0.014285638 0.998825967 -0.046288662 -0.242832661 -0.862294853 -0.011129858 -0.506284177 -3.695875168
-0.506527662 0.046554536 0.860965967 49.829086304 0.013831488 0.998851538 -0.045872934 -0.296103358 -0.862112761 -0.011327472 -0.506589890 -4.202154160
-0.506855428 0.045948591 0.860805631 50.694908142 0.013662279 0.998881161 -0.045274302 -0.352407932 -0.861922801 -0.011186959 -0.506916165 -4.704547882
-0.506903231 0.044950768 0.860830128 51.576732635 0.013832848 0.998935044 -0.044016790 -0.411622405 -0.861891985 -0.010404520 -0.506985188 -5.221286774
-0.506812155 0.044857319 0.860888660 52.464649200 0.014063048 0.998942554 -0.043771710 -0.471196413 -0.861941814 -0.010077312 -0.506907105 -5.742231369
-0.507080615 0.043353584 0.860807598 53.359493256 0.011924529 0.998991370 -0.043288607 -0.527015924 -0.861816168 -0.011686090 -0.507086217 -6.262062073
-0.507181168 0.042407017 0.860795498 54.238761902 0.011012614 0.999026060 -0.042728301 -0.589229822 -0.861769140 -0.012191377 -0.507154167 -6.770307541
-0.506651700 0.041535892 0.861149728 55.130661011 0.009813244 0.999051988 -0.042413779 -0.651729226 -0.862094939 -0.013038338 -0.506578982 -7.285797119
-0.505297422 0.040252611 0.862006068 56.015701294 0.009789574 0.999114633 -0.040916570 -0.709381700 -0.862889707 -0.012236361 -0.505244195 -7.807125092
-0.503222942 0.038098998 0.863316357 56.901683807 0.010031156 0.999217868 -0.038249359 -0.769645214 -0.864098370 -0.010587892 -0.503211617 -8.319889069
-0.500782490 0.036638141 0.864797413 57.781162262 0.010485282 0.999287248 -0.036264192 -0.830262303 -0.865509629 -0.009092828 -0.500809729 -8.823841095
-0.498221904 0.036458846 0.866282642 58.667240143 0.010917584 0.999300122 -0.035778098 -0.884915709 -0.866980731 -0.008367721 -0.498271257 -9.330503464
-0.496287316 0.036516920 0.867389977 59.554683685 0.010854074 0.999297857 -0.035859924 -0.943287849 -0.868090451 -0.008382115 -0.496335179 -9.833293915
-0.495130092 0.037284266 0.868018508 60.438018799 0.010804166 0.999265730 -0.036758918 -0.994713306 -0.868751705 -0.008822232 -0.495169312 -10.339616776
-0.496044129 0.038644426 0.867436945 61.315299988 0.010521475 0.999203324 -0.038497921 -1.053108215 -0.868233562 -0.009969951 -0.496055514 -10.834804535
-0.499006212 0.040257990 0.865662694 62.185653687 0.008998895 0.999107182 -0.041276507 -1.112662315 -0.866551697 -0.012807228 -0.498922974 -11.328905106
-0.503433347 0.040843446 0.863068163 63.059459686 0.007637397 0.999053359 -0.042823803 -1.170329928 -0.864000201 -0.014967339 -0.503268838 -11.836244583
-0.509034514 0.039590850 0.859835207 63.921875000 0.009311203 0.999136388 -0.040492572 -1.228655577 -0.860695720 -0.012606017 -0.508963585 -12.341464996
-0.514427900 0.037025042 0.856734037 64.777717590 0.010351384 0.999262691 -0.036969129 -1.289691210 -0.857471287 -0.010149566 -0.514431834 -12.855592728
-0.519723594 0.034414753 0.853641033 65.637069702 0.007230014 0.999329686 -0.035886373 -1.345720172 -0.854303837 -0.012479162 -0.519624054 -13.368106842
-0.525050163 0.037768140 0.850232780 66.484893799 0.009782555 0.999216735 -0.038345054 -1.401631832 -0.851014972 -0.011815630 -0.525008321 -13.884410858
-0.529949725 0.039718375 0.847098291 67.323440552 0.010027885 0.999126375 -0.040573083 -1.449631453 -0.847969770 -0.013007088 -0.529884934 -14.405071259
-0.534740806 0.040586170 0.844040930 68.148735046 0.008540681 0.999054492 -0.042629134 -1.507116795 -0.844972968 -0.015586854 -0.534581840 -14.918531418
-0.538158357 0.040874049 0.841852069 68.957923889 0.007912460 0.999024510 -0.043447085 -1.564863443 -0.842806578 -0.016720289 -0.537956774 -15.438602448
-0.541533649 0.040618893 0.839697182 69.771995544 0.009338997 0.999061048 -0.042304993 -1.621013761 -0.840627193 -0.015067650 -0.541404605 -15.959817886
-0.543494165 0.033503387 0.838744044 70.593589783 0.009630567 0.999386311 -0.033679727 -1.669423103 -0.839357615 -0.010227159 -0.543483317 -16.494749069
-0.545983493 0.024196088 0.837446451 71.410591125 0.008115374 0.999688685 -0.023592791 -1.725353122 -0.837756634 -0.006085081 -0.546009898 -17.022905350
-0.547919214 0.022774363 0.836221278 72.226127625 0.009180833 0.999732852 -0.021211999 -1.767281294 -0.836480975 -0.003945252 -0.547981918 -17.549564362
-0.548867702 0.027528724 0.835455775 73.020149231 0.009773450 0.999600649 -0.026516542 -1.812499166 -0.835852027 -0.006388789 -0.548917592 -18.066688538
-0.550580978 0.033468656 0.834110558 73.819519043 0.010651634 0.999396265 -0.033069797 -1.853634119 -0.834713876 -0.009322961 -0.550605059 -18.577520370
-0.550046980 0.037593704 0.834287107 74.596023560 0.016680527 0.999281585 -0.034030996 -1.897344232 -0.834967136 -0.004802300 -0.550278902 -19.116926193
-0.549866855 0.039167561 0.834333360 75.386032104 0.020419853 0.999231756 -0.033450976 -1.947311401 -0.835002661 -0.001356618 -0.550244272 -19.647972107
-0.549615026 0.035737641 0.834653258 76.189117432 0.018536255 0.999360383 -0.030583931 -1.987102747 -0.835212409 -0.001338040 -0.549925923 -20.167402267
-0.548669279 0.030781319 0.835472703 76.975692749 0.017000772 0.999526203 -0.025660843 -2.027815104 -0.835866630 0.000124366 -0.548932552 -20.688116074
-0.549057603 0.023741558 0.835447252 77.783889771 0.014095383 0.999717236 -0.019146238 -2.073307276 -0.835665643 0.001263562 -0.549237013 -21.185642242
-0.548899651 0.018104410 0.835692227 78.584419250 0.005388445 0.999821365 -0.018120859 -2.107611895 -0.835870922 -0.005443450 -0.548899055 -21.684057236
-0.547102273 0.013248709 0.836960971 79.382957458 -0.001877421 0.999852896 -0.017054440 -2.135397911 -0.837063670 -0.010901845 -0.546996832 -22.194610596
-0.544724643 0.013767106 0.838501930 80.176071167 0.001590735 0.999880433 -0.015383323 -2.176906824 -0.838613391 -0.007045839 -0.544681370 -22.716629028
-0.541753471 0.017165389 0.840362251 80.966857910 0.006168665 0.999845684 -0.016446296 -2.211745739 -0.840514779 -0.003725926 -0.541775882 -23.224744797
-0.536334336 0.020397414 0.843759060 81.757530212 0.007968088 0.999785841 -0.019104365 -2.238614559 -0.843967915 -0.003523184 -0.536382079 -23.727817535
-0.528757691 0.022347698 0.848478556 82.548034668 0.012794090 0.999749660 -0.018358896 -2.273261070 -0.848676324 0.001148101 -0.528911233 -24.220590591
-0.520187497 0.026439544 0.853642702 83.355209351 0.020487588 0.999619365 -0.018476224 -2.304448605 -0.853806257 0.007877978 -0.520531297 -24.729249954
-0.510845482 0.025201648 0.859303117 84.143402100 0.018353576 0.999662101 -0.018407121 -2.341053247 -0.859476626 0.006368090 -0.511135399 -25.181446075
-0.500239134 0.023011792 0.865581453 84.952453613 0.016294876 0.999719977 -0.017160732 -2.369386196 -0.865734041 0.005520075 -0.500474036 -25.636545181
-0.488519698 0.019591969 0.872332931 85.757675171 0.016443027 0.999777019 -0.013245929 -2.403013945 -0.872398019 0.007872896 -0.488732934 -26.080963135
-0.477065891 0.018964706 0.878662825 86.569534302 0.015513414 0.999793172 -0.013156194 -2.428063393 -0.878730536 0.007354688 -0.477261364 -26.523094177
-0.466127664 0.017638413 0.884541631 87.408538818 0.015902361 0.999806702 -0.011556806 -2.457331181 -0.884574533 0.008679353 -0.466318071 -26.946781158
-0.454257846 0.018769275 0.890672505 88.227867126 0.016983371 0.999778807 -0.012406685 -2.483008862 -0.890708387 0.009490789 -0.454476148 -27.360389709
-0.441783071 0.022396969 0.896842241 89.047317505 0.016754933 0.999719918 -0.016712695 -2.520275831 -0.896965444 0.007643146 -0.442034572 -27.765251160
-0.430769831 0.031592600 0.901908636 89.867118835 0.019365257 0.999480605 -0.025761168 -2.552257538 -0.902253985 0.006368560 -0.431157798 -28.147792816
-0.417364985 0.035715215 0.908036828 90.707801819 0.018038047 0.999356091 -0.031016110 -2.587727070 -0.908559918 0.003434178 -0.417740405 -28.547775269
-0.406034499 0.032161951 0.913291633 91.550079346 0.016189577 0.999476731 -0.027999381 -2.628000736 -0.913714349 0.003417091 -0.406342745 -28.912189484
-0.394766867 0.028615363 0.918335617 92.400840759 0.014938533 0.999582648 -0.024725366 -2.670711517 -0.918659866 0.003957835 -0.395029545 -29.265607834
-0.384546518 0.028817922 0.922655642 93.251739502 0.011000909 0.999584615 -0.026635706 -2.712714911 -0.923040032 -0.000092617 -0.384703785 -29.618658066
-0.377658576 0.033382960 0.925342917 94.101654053 0.006292190 0.999419451 -0.033487331 -2.754911661 -0.925923526 -0.006824345 -0.377649337 -29.953966141
-0.372678936 0.038540870 0.927159607 94.942932129 0.001086834 0.999154627 -0.041096743 -2.798458576 -0.927959621 -0.014308223 -0.372405767 -30.278377533
-0.369517773 0.040557269 0.928338110 95.786026001 -0.001623657 0.999017298 -0.044291388 -2.848430157 -0.929222226 -0.017873757 -0.369088769 -30.600996017
-0.365575314 0.040344175 0.929906964 96.625953674 -0.002712338 0.999009907 -0.044408511 -2.903314590 -0.930777788 -0.018756879 -0.365103871 -30.926647186
-0.360872209 0.040329870 0.931742787 97.465454102 -0.004064367 0.998987138 -0.044814646 -2.955458164 -0.932606399 -0.019959306 -0.360342741 -31.239526749
-0.355212033 0.035412282 0.934114754 98.322532654 -0.008926185 0.999108136 -0.041270506 -3.007165194 -0.934743166 -0.022997860 -0.354579121 -31.562524796
-0.349994868 0.031703010 0.936214924 99.161651611 -0.008850152 0.999270618 -0.037146803 -3.058024406 -0.936709821 -0.021286830 -0.349458963 -31.867155075
-0.344282001 0.029060179 0.938416421 100.016532898 -0.010434214 0.999340713 -0.034774896 -3.106801987 -0.938808322 -0.021764012 -0.343751788 -32.171665192
-0.338687539 0.027221657 0.940505028 100.864791870 -0.018954938 0.999181092 -0.035745874 -3.153052568 -0.940707862 -0.029933902 -0.337894231 -32.455211639
-0.332689792 0.027629765 0.942631483 101.717758179 -0.025870908 0.998927116 -0.038410671 -3.198731899 -0.942681432 -0.037165567 -0.331617981 -32.737358093
-0.325616091 0.031406373 0.944980204 102.565185547 -0.023286872 0.998878598 -0.041221749 -3.254083395 -0.945215225 -0.035428099 -0.324519694 -33.030414581
-0.318542302 0.034814633 0.947269082 103.407432556 -0.021863203 0.998789549 -0.044060186 -3.301359177 -0.947656512 -0.034745373 -0.317395598 -33.308834076
-0.312182069 0.032642744 0.949461281 104.257865906 -0.023250435 0.998847723 -0.041985385 -3.353323698 -0.949737728 -0.035182469 -0.311063379 -33.579620361
-0.305318654 0.028282244 0.951830089 105.117599487 -0.023199977 0.999041200 -0.037126910 -3.398311615 -0.951967597 -0.033417977 -0.304369658 -33.845760345
-0.298343390 0.025560021 0.954116344 105.977981567 -0.024145523 0.999119282 -0.034315705 -3.449769974 -0.954153121 -0.033275500 -0.297463506 -34.106884003
-0.291821182 0.028870501 0.956037045 106.836334229 -0.026556378 0.998914361 -0.038271397 -3.492007017 -0.956104159 -0.036557283 -0.290737748 -34.358116150
-0.285562128 0.031551905 0.957840681 107.690345764 -0.025981102 0.998835683 -0.040648077 -3.542708158 -0.958007932 -0.036493309 -0.284409910 -34.604778290
-0.278949410 0.031830169 0.959778130 108.546684265 -0.027979104 0.998756826 -0.041254703 -3.592056274 -0.959898114 -0.038361706 -0.277712077 -34.840999603
-0.271838456 0.031456359 0.961828649 109.410346985 -0.028455289 0.998765886 -0.040706605 -3.644248486 -0.961922109 -0.038434733 -0.270607889 -35.083595276
-0.263574451 0.031248765 0.964132786 110.269271851 -0.024376078 0.998940229 -0.039040849 -3.695364952 -0.964331031 -0.033791952 -0.262533396 -35.320140839
-0.256070286 0.032608505 0.966108024 111.129287720 -0.021640401 0.998987019 -0.039454117 -3.742892265 -0.966415882 -0.031009987 -0.255105227 -35.546337128
-0.249258190 0.033089399 0.967871606 111.983276367 -0.020181648 0.999021590 -0.039351776 -3.791998148 -0.968226731 -0.029341992 -0.248346522 -35.763244629
-0.242630005 0.031824328 0.969596744 112.851287842 -0.026196606 0.998882353 -0.039340943 -3.839899540 -0.969765067 -0.034945436 -0.241525188 -35.963470459
-0.236995831 0.030012144 0.971046984 113.722106934 -0.031001026 0.998780012 -0.038435470 -3.886850357 -0.971015871 -0.039212499 -0.235776320 -36.160232544
-0.232551649 0.030074550 0.972118974 114.599304199 -0.028512690 0.998881340 -0.037723344 -3.934970617 -0.972166002 -0.036490355 -0.231434017 -36.363719940
-0.228118673 0.030241467 0.973163545 115.465187073 -0.026978487 0.998937309 -0.037366409 -3.985736370 -0.973259449 -0.034778453 -0.227060422 -36.556945801
-0.222912252 0.031941518 0.974315166 116.337554932 -0.025464192 0.998931170 -0.038574446 -4.035054207 -0.974505901 -0.033408865 -0.221860647 -36.760803223
-0.217054486 0.030685326 0.975677013 117.196487427 -0.019836852 0.999160767 -0.035836913 -4.083128929 -0.975957930 -0.027132930 -0.216263637 -36.951484680
-0.211907879 0.029692329 0.976838589 118.072341919 -0.012850379 0.999367297 -0.033164784 -4.124820709 -0.977205217 -0.019580625 -0.211392254 -37.146366119
-0.206876472 0.029092487 0.977934480 118.942443848 -0.010741338 0.999429941 -0.032004230 -4.171976566 -0.978308141 -0.017125247 -0.206446066 -37.326980591
-0.202529445 0.030416142 0.978803754 119.815727234 -0.012951608 0.999346912 -0.033734404 -4.215333462 -0.979190588 -0.019509291 -0.202003226 -37.504440308
-0.199197039 0.032126334 0.979432702 120.703628540 -0.014833757 0.999249041 -0.035793234 -4.260002136 -0.979847193 -0.021658570 -0.198570922 -37.677337646
-0.197450057 0.031692915 0.979800403 121.572990417 -0.017516967 0.999203682 -0.035850566 -4.303278446 -0.980156481 -0.024241829 -0.196737632 -37.841743469
-0.196613923 0.030449213 0.980008125 122.445571899 -0.017726308 0.999243855 -0.034603219 -4.347770691 -0.980320752 -0.024175396 -0.195925504 -38.006187439
-0.195836470 0.025794433 0.980297327 123.324127197 -0.016684335 0.999421656 -0.029630732 -4.391617775 -0.980494559 -0.022158382 -0.195292860 -38.178028107
-0.195057213 0.020335294 0.980581045 124.191108704 -0.018252000 0.999536633 -0.024359083 -4.435548782 -0.980621994 -0.022648979 -0.194595650 -38.344039917
-0.194439992 0.018498339 0.980739951 125.057907104 -0.017657084 0.999594092 -0.022354625 -4.474002838 -0.980755448 -0.021663642 -0.194034442 -38.510787964
-0.192959502 0.022562454 0.980947316 125.913505554 -0.018260023 0.999479890 -0.026580594 -4.517777443 -0.981036842 -0.023041096 -0.192447156 -38.676551819
-0.192939073 0.026438238 0.980854571 126.793975830 -0.017731724 0.999379694 -0.030425493 -4.556673527 -0.981050491 -0.023262508 -0.192350626 -38.846725464
-0.192932159 0.025801241 0.980872810 127.626075745 -0.020969087 0.999317527 -0.030410923 -4.589725018 -0.980988026 -0.026435256 -0.192259446 -39.000549316
-0.192771867 0.024292208 0.980942905 128.478073120 -0.023141291 0.999302983 -0.029294534 -4.636285782 -0.980970681 -0.028347448 -0.192075342 -39.155818939
-0.191776112 0.026207963 0.981088698 129.317657471 -0.018238533 0.999375701 -0.030261597 -4.672824860 -0.981269121 -0.023697076 -0.191178396 -39.325359344
-0.190456003 0.028306438 0.981287539 130.172302246 -0.020551514 0.999250174 -0.032813393 -4.713181496 -0.981480598 -0.026416453 -0.189731449 -39.495971680
-0.191073731 0.029399181 0.981135309 131.009963989 -0.029082147 0.998943090 -0.035596456 -4.754673481 -0.981144786 -0.035335075 -0.190016776 -39.638843536
-0.190623552 0.030365566 0.981193483 131.844375610 -0.034875993 0.998680949 -0.037682377 -4.804489613 -0.981043518 -0.041403245 -0.189313069 -39.783081055
-0.190023556 0.034297321 0.981180251 132.671554565 -0.031239986 0.998672247 -0.040958967 -4.850398540 -0.981282353 -0.038435232 -0.188699827 -39.943290710
-0.189395472 0.035080209 0.981274009 133.497238159 -0.029732771 0.998698473 -0.041441843 -4.900912285 -0.981450558 -0.037024893 -0.188105941 -40.099281311
-0.187656403 0.036592655 0.981552899 134.312332153 -0.030714693 0.998598516 -0.043100256 -4.946076393 -0.981754303 -0.038236137 -0.186269447 -40.249504089
-0.185625032 0.035740994 0.981970429 135.131027222 -0.021496076 0.998951435 -0.040422525 -4.995455265 -0.982385516 -0.028611945 -0.184662074 -40.410308838
-0.182225406 0.032939721 0.982704878 135.939178467 -0.016735945 0.999190032 -0.036595680 -5.039498329 -0.983114362 -0.023115158 -0.181526557 -40.564929962
-0.180326104 0.027903058 0.983210921 136.752227783 -0.013498972 0.999433219 -0.030839209 -5.085432529 -0.983514249 -0.018833455 -0.179847240 -40.713378906
-0.176693901 0.027592776 0.983879030 137.556594849 -0.011050140 0.999488354 -0.030015023 -5.126309872 -0.984203815 -0.016175473 -0.176298633 -40.855281830
-0.171686023 0.032789897 0.984605968 138.360107422 -0.009599512 0.999342740 -0.034954548 -5.170303345 -0.985104978 -0.015452942 -0.171258435 -40.995727539
-0.164935216 0.035557434 0.985663354 139.151901245 -0.008804007 0.999257028 -0.037521034 -5.213490963 -0.986265123 -0.014866324 -0.164499670 -41.126392365
-0.156898066 0.036545713 0.986938357 139.950057983 -0.008737260 0.999224603 -0.038389672 -5.249157906 -0.987576187 -0.014646401 -0.156457081 -41.246307373
-0.147349954 0.032179955 0.988560796 140.749069214 -0.007381526 0.999406934 -0.033633273 -5.288553715 -0.989056826 -0.012252949 -0.147025093 -41.362052917
-0.135413751 0.030751130 0.990311861 141.541870117 -0.003871673 0.999494195 -0.031565666 -5.330984592 -0.990781486 -0.008108588 -0.135226205 -41.469806671
-0.121475078 0.033375680 0.992033303 142.332580566 0.000496157 0.999436438 -0.033563994 -5.369405746 -0.992594361 -0.003584985 -0.121423207 -41.568428040
-0.107266203 0.034446560 0.993633389 143.119720459 -0.000042396 0.999399483 -0.034651030 -5.408021927 -0.994230390 -0.003759010 -0.107200310 -41.648780823
-0.093305230 0.034566149 0.995037436 143.908264160 0.001067425 0.999400020 -0.034617610 -5.447339535 -0.995637000 -0.002167876 -0.093286142 -41.719337463
-0.079804420 0.036217514 0.996152401 144.689620972 0.001807443 0.999343455 -0.036188733 -5.490135670 -0.996808946 -0.001087532 -0.079817489 -41.776912689
-0.066264242 0.042338450 0.996903479 145.459304810 -0.001064924 0.999095798 -0.042502344 -5.540769100 -0.997801542 -0.003878011 -0.066159219 -41.817848206
-0.053599723 0.051703952 0.997223079 146.223556519 -0.008175176 0.998602390 -0.052214876 -5.584833622 -0.998529077 -0.010951176 -0.053102121 -41.842609406
-0.039992876 0.059385497 0.997433662 146.985794067 -0.012554816 0.998123646 -0.059929963 -5.634540558 -0.999121070 -0.014919368 -0.039172258 -41.858303070
-0.026777439 0.060105339 0.997832835 147.750625610 -0.013229258 0.998082042 -0.060475364 -5.685724258 -0.999553859 -0.014819963 -0.025930930 -41.871044159
-0.014643456 0.056456063 0.998297691 148.524169922 -0.016967949 0.998246968 -0.056702092 -5.739112854 -0.999748826 -0.017769378 -0.013659841 -41.873577118
-0.004229534 0.053843677 0.998540401 149.288482666 -0.020973405 0.998324871 -0.053920887 -5.798258781 -0.999771118 -0.021170853 -0.003093163 -41.861270905
0.004450832 0.060255654 0.998172939 150.044876099 -0.025405746 0.997867584 -0.060123928 -5.858752251 -0.999667287 -0.025091726 0.005972180 -41.843585968
0.011213253 0.068284169 0.997602999 150.790908813 -0.028499953 0.997282147 -0.067941859 -5.912598610 -0.999530852 -0.027669786 0.013128873 -41.824920654
0.014503393 0.071121328 0.997362137 151.545303345 -0.030985050 0.997020066 -0.070646346 -5.967828751 -0.999414623 -0.029878702 0.016663870 -41.808921814
0.014398313 0.066532016 0.997680366 152.299591064 -0.033329435 0.997261286 -0.066023067 -6.027541637 -0.999340653 -0.032301500 0.016576357 -41.790084839
0.012692925 0.062188666 0.997983634 153.055694580 -0.035380207 0.997467041 -0.061706498 -6.094902039 -0.999293327 -0.034525629 0.014861020 -41.774639130
0.009406594 0.059431817 0.998188019 153.817459106 -0.034435939 0.997659385 -0.059075829 -6.146729946 -0.999362648 -0.033817843 0.011431166 -41.764152527
0.006962609 0.059807863 0.998185575 154.562530518 -0.032480024 0.997696698 -0.059552010 -6.198583603 -0.999448121 -0.032006446 0.008889130 -41.762176514
0.002883512 0.059734281 0.998210132 155.302688599 -0.031373844 0.997728288 -0.059614830 -6.255451202 -0.999503493 -0.031145789 0.004751055 -41.754531860
-0.001234918 0.058838576 0.998266757 156.047363281 -0.030274114 0.997807741 -0.058848973 -6.309247971 -0.999540985 -0.030294310 0.000549075 -41.756454468
-0.006419319 0.059036627 0.998235166 156.785324097 -0.031064078 0.997762203 -0.059208419 -6.359569073 -0.999496818 -0.031389333 -0.004571035 -41.758491516
-0.012442891 0.057375029 0.998275101 157.524993896 -0.032398012 0.997805119 -0.057751838 -6.410874367 -0.999397695 -0.033060730 -0.010556746 -41.759803772
-0.017975625 0.054426275 0.998355985 158.278076172 -0.030172763 0.998032987 -0.054951936 -6.473019123 -0.999383032 -0.031110946 -0.016298076 -41.783935547
-0.023412826 0.054515664 0.998238325 159.009994507 -0.030995149 0.997992396 -0.055229202 -6.522194386 -0.999245286 -0.032233618 -0.021676105 -41.797527313
-0.028886348 0.056082219 0.998008192 159.732345581 -0.033118829 0.997822940 -0.057030395 -6.570684433 -0.999033928 -0.034700263 -0.026966088 -41.808696747
-0.032588188 0.058032498 0.997782648 160.462081909 -0.032561209 0.997721314 -0.059092402 -6.630789757 -0.998938262 -0.034414720 -0.030624319 -41.832275391
-0.035050761 0.060099851 0.997576714 161.181030273 -0.032431029 0.997596025 -0.061240505 -6.686166286 -0.998859167 -0.034498971 -0.033017397 -41.857101440
-0.035836145 0.061565332 0.997459471 161.900192261 -0.029405335 0.997603416 -0.062630691 -6.740843773 -0.998924971 -0.031575073 -0.033939913 -41.890865326
-0.035586677 0.059982821 0.997564793 162.621994019 -0.026407175 0.997792125 -0.060938530 -6.794467926 -0.999017596 -0.028511476 -0.033924129 -41.913646698
-0.031375382 0.056510583 0.997908890 163.351135254 -0.023172189 0.998090982 -0.057249453 -6.849680901 -0.999239028 -0.024919953 -0.030006010 -41.941616058
-0.023663606 0.056236185 0.998137057 164.052795410 -0.022397231 0.998136222 -0.056767128 -6.905236244 -0.999469042 -0.023698820 -0.022359969 -41.956188202
-0.012567721 0.057388186 0.998272896 164.748413086 -0.019847607 0.998140752 -0.057630457 -6.954640388 -0.999723971 -0.020537615 -0.011405338 -41.957473755
0.001600575 0.057451934 0.998346984 165.440567017 -0.017962124 0.998188913 -0.057414033 -7.005589962 -0.999837339 -0.017840536 0.002629632 -41.950332642
0.017163392 0.055205543 0.998327494 166.122940063 -0.018340135 0.998323977 -0.054890044 -7.054040909 -0.999684453 -0.017367365 0.018147103 -41.935970306
0.033001374 0.050315641 0.998187959 166.805496216 -0.023385305 0.998497486 -0.049558092 -7.100901604 -0.999181688 -0.021707445 0.034128435 -41.894191742
0.049351864 0.043534018 0.997832358 167.488906860 -0.024610313 0.998799324 -0.042359017 -7.145102978 -0.998478174 -0.022466466 0.050363991 -41.847129822
0.066815205 0.036545910 0.997095823 168.171554565 -0.024937559 0.999077916 -0.034947500 -7.180985451 -0.997453630 -0.022530112 0.067664959 -41.796539307
0.084618822 0.029168081 0.995986342 168.842819214 -0.025360320 0.999310672 -0.027110821 -7.214341164 -0.996090651 -0.022964450 0.085300207 -41.729709625
0.101570278 0.023291111 0.994555593 169.505035400 -0.026959307 0.999423206 -0.020651843 -7.246002197 -0.994462967 -0.024714919 0.102139600 -41.647750854
0.119332455 0.020951010 0.992633283 170.144836426 -0.028594637 0.999435067 -0.017656984 -7.277134895 -0.992442608 -0.026276931 0.119864121 -41.558753967
0.137018919 0.019613100 0.990374267 170.788131714 -0.027153561 0.999502718 -0.016037164 -7.299789429 -0.990196109 -0.024694799 0.137483343 -41.458663940
0.154506862 0.019233145 0.987804472 171.430892944 -0.028246677 0.999487817 -0.015042434 -7.318317413 -0.987587869 -0.025578035 0.154971004 -41.344192505
0.170500293 0.018180829 0.985189974 172.044601440 -0.034068894 0.999340713 -0.012545891 -7.341875076 -0.984768450 -0.031425249 0.171007335 -41.223567963
0.185258090 0.014515124 0.982582688 172.674224854 -0.036221966 0.999312222 -0.007932898 -7.361298084 -0.982022166 -0.034121450 0.185656443 -41.092201233
0.196880907 0.010774243 0.980368197 173.292739868 -0.032451540 0.999463320 -0.004467068 -7.376815796 -0.979890227 -0.030934976 0.197124884 -40.959571838
0.207999751 0.009475381 0.978082955 173.908859253 -0.030396353 0.999532759 -0.003219073 -7.392443657 -0.977656424 -0.029060587 0.208190545 -40.826412201
0.217748284 0.013601916 0.975910127 174.511474609 -0.035132386 0.999364078 -0.006089956 -7.408664703 -0.975372434 -0.032959972 0.218087673 -40.678173065
0.226805508 0.020734759 0.973719299 175.102981567 -0.039016433 0.999164224 -0.012188613 -7.426300049 -0.973158181 -0.035226606 0.227424949 -40.525131226
0.235959366 0.030404154 0.971287131 175.684692383 -0.038726475 0.999010623 -0.021863978 -7.444903374 -0.970990956 -0.032455515 0.236903355 -40.379947662
0.244155139 0.035717081 0.969078124 176.279296875 -0.033449352 0.999037027 -0.028393840 -7.468518734 -0.969159126 -0.025482528 0.245114714 -40.231765747
0.250252485 0.033864453 0.967588186 176.881393433 -0.033361387 0.999096274 -0.026338765 -7.486507416 -0.967605650 -0.025688745 0.251156092 -40.066570282
0.256214082 0.026746236 0.966249824 177.486343384 -0.036322191 0.999177516 -0.018026372 -7.500536442 -0.965937376 -0.030477697 0.256974846 -39.894535065
0.260548830 0.016121874 0.965326071 178.097763062 -0.039830368 0.999188781 -0.005936900 -7.522760868 -0.964638710 -0.036902439 0.260979563 -39.719032288
0.262773782 0.008095729 0.964823544 178.702835083 -0.039955724 0.999198318 0.002497950 -7.541684151 -0.964029908 -0.039206617 0.262886673 -39.551006317
0.263633579 0.007103718 0.964596689 179.306198120 -0.036741570 0.999321282 0.002682385 -7.558721542 -0.963922918 -0.036147967 0.263715625 -39.383701324
0.264585555 0.009258082 0.964317858 179.905868530 -0.033160616 0.999450028 -0.000496897 -7.565900326 -0.963791907 -0.031845905 0.264746994 -39.216987610
0.266348332 0.008532492 0.963839054 180.507843018 -0.029122863 0.999575496 -0.000801008 -7.573760986 -0.963436723 -0.027856408 0.266483784 -39.054401398
0.267762631 0.006287958 0.963464379 181.118469238 -0.031286202 0.999508083 0.002171757 -7.577311993 -0.962976813 -0.030724654 0.267827600 -38.872619629
0.270177603 0.002920073 0.962806165 181.726623535 -0.031906582 0.999473333 0.005922179 -7.583323002 -0.962281704 -0.032319896 0.270128489 -38.690929413
0.273584425 -0.002140028 0.961845636 182.343841553 -0.031370733 0.999445617 0.011146680 -7.593016148 -0.961336255 -0.033223357 0.273365587 -38.515087128
0.278472036 -0.005401867 0.960429132 182.964538574 -0.028846635 0.999486029 0.013985487 -7.596225739 -0.960011005 -0.031599715 0.278173089 -38.343883514
0.284599811 -0.007442491 0.958617508 183.577423096 -0.027572449 0.999492645 0.015945701 -7.594276905 -0.958249748 -0.030969575 0.284250230 -38.157649994
0.292423427 -0.010528766 0.956230938 184.198623657 -0.026199928 0.999475837 0.019017082 -7.593815804 -0.955929995 -0.030614223 0.291994303 -37.961902618
0.301664233 -0.011910306 0.953339815 184.811721802 -0.023836041 0.999515235 0.020029595 -7.590650558 -0.953116298 -0.028766057 0.301234037 -37.758594513
0.313261032 -0.010093903 0.949613392 185.428024292 -0.025098136 0.999506235 0.018903680 -7.595012665 -0.949335277 -0.029755315 0.312852979 -37.553081512
0.324573994 -0.006134085 0.945840418 186.036132812 -0.026538314 0.999526262 0.015589125 -7.591129303 -0.945487976 -0.030160831 0.324257463 -37.328075409
0.336695731 -0.003580872 0.941606700 186.659790039 -0.026585681 0.999557912 0.013307653 -7.590126038 -0.941238105 -0.029513884 0.336451739 -37.103557587
0.348137438 -0.003404907 0.937437236 187.270660400 -0.025727095 0.999582052 0.013184936 -7.592447281 -0.937090397 -0.028707709 0.347904325 -36.866729736
0.359827638 -0.006328992 0.932997286 187.892700195 -0.024660658 0.999563098 0.016291382 -7.587021828 -0.932692826 -0.028870419 0.359514356 -36.630435944
