0.999999881 -0.000000000 -0.000000001 0.000000000 -0.000000000 0.999999881 -0.000000004 0.000000000 -0.000000001 -0.000000004 1.000000000 0.000000000
0.999997795 -0.001392512 -0.001500517 -0.014321820 0.001391087 0.999998450 -0.000949767 -0.024794413 0.001501835 0.000947670 0.999998450 0.658785045
0.999976814 -0.001241939 -0.006676070 -0.011740410 0.001225409 0.999996066 -0.002479476 -0.027089242 0.006679123 0.002471230 0.999974668 1.364866853
0.999939203 -0.001562883 -0.010907203 -0.022355555 0.001520954 0.999991357 -0.003851337 -0.027908335 0.010913129 0.003834508 0.999933064 2.091107368
0.999877989 -0.000218910 -0.015613940 -0.043102741 0.000149568 0.999990046 -0.004442019 -0.036773682 0.015614757 0.004439139 0.999868214 2.817751408
0.999793828 -0.000938676 -0.020282131 -0.053299021 0.000840595 0.999987841 -0.004843802 -0.056763154 0.020286433 0.004825750 0.999782622 3.564674616
0.999694884 0.000221028 -0.024696358 -0.081124291 -0.000356491 0.999984920 -0.005480879 -0.065731533 0.024694780 0.005488008 0.999679923 4.324069023
0.999554098 0.003779942 -0.029620243 -0.107367679 -0.003960867 0.999973953 -0.006051837 -0.077418178 0.029596603 0.006166456 0.999542832 5.102086544
0.999401152 0.005018677 -0.034239322 -0.138588414 -0.005196646 0.999973297 -0.005110798 -0.088220596 0.034212776 0.005285662 0.999400556 5.901392460
0.999226570 0.005783637 -0.038897395 -0.159131527 -0.005865497 0.999980688 -0.001990731 -0.093909211 0.038885154 0.002217337 0.999241233 6.702078819
0.999117076 0.003679027 -0.041854620 -0.208063915 -0.003675511 0.999993086 0.000160955 -0.103968062 0.041854940 -0.000006982 0.999123752 7.506991863
0.998992860 0.003994268 -0.044691179 -0.248347536 -0.003995448 0.999991775 0.000062923 -0.124125935 0.044691082 0.000115696 0.999000967 8.319311142
0.998896956 0.003946821 -0.046789881 -0.294183761 -0.003970548 0.999991894 -0.000414154 -0.126201883 0.046787892 0.000599472 0.998904645 9.144760132
0.998813391 0.002568304 -0.048633743 -0.325375229 -0.002603722 0.999996185 -0.000664908 -0.154276863 0.048631877 0.000790741 0.998816431 9.981994629
0.998707950 0.002705992 -0.050748974 -0.370616704 -0.002729246 0.999995947 -0.000388928 -0.164663032 0.050747756 0.000526926 0.998711348 10.828762054
0.998628438 -0.000577472 -0.052361045 -0.416498035 0.000559073 0.999999523 -0.000365978 -0.172604799 0.052361280 0.000336197 0.998627961 11.687729836
0.998541892 0.001019066 -0.053978551 -0.476636916 -0.001153476 0.999996066 -0.002458920 -0.188300341 0.053975876 0.002517591 0.998538911 12.547500610
0.998445332 0.003077260 -0.055659104 -0.517108202 -0.003356392 0.999981999 -0.004922246 -0.200781897 0.055643000 0.005101400 0.998437583 13.419700623
0.998356402 0.006726297 -0.056920160 -0.584861279 -0.007101753 0.999953985 -0.006396511 -0.212152407 0.056874573 0.006790223 0.998358130 14.300275803
0.998291671 0.007766312 -0.057915512 -0.639414966 -0.008163549 0.999944270 -0.006625451 -0.231173456 0.057860918 0.007086921 0.998299360 15.185735703
0.998215318 0.007600093 -0.059236668 -0.699286222 -0.007917617 0.999955118 -0.005127402 -0.249444574 0.059195120 0.005587260 0.998230696 16.079980850
0.998121440 0.007273624 -0.060838837 -0.745410860 -0.007539893 0.999962628 -0.004148217 -0.272716850 0.060806464 0.004599137 0.998138905 16.993457794
0.998049438 0.007439149 -0.061989862 -0.800828934 -0.007668493 0.999964237 -0.003462640 -0.289897025 0.061961967 0.003931249 0.998070657 17.906072617
0.997969270 0.006789040 -0.063341938 -0.872921288 -0.007061642 0.999966502 -0.004080819 -0.298522711 0.063312173 0.004519822 0.997983515 18.812866211
0.997900784 0.006290826 -0.064461119 -0.925468087 -0.006599425 0.999967515 -0.004575595 -0.324120432 0.064430296 0.004991387 0.997909784 19.746501923
0.997840345 0.005818936 -0.065433480 -0.979160309 -0.006059709 0.999975324 -0.003481791 -0.345531642 0.065411657 0.003870769 0.997850955 20.658798218
0.997866392 0.006502493 -0.064968988 -1.051348805 -0.006489669 0.999978662 0.000408408 -0.349479288 0.064970292 0.000014081 0.997887313 21.574659348
0.997913182 0.007591635 -0.064126819 -1.121409416 -0.007321768 0.999963105 0.004442273 -0.363080382 0.064158231 -0.003963491 0.997932017 22.532835007
0.998013735 0.007117494 -0.062598869 -1.167211652 -0.006683079 0.999951899 0.007146295 -0.372780383 0.062646776 -0.006713758 0.998013377 23.467008591
0.998130620 0.006172099 -0.060809147 -1.233012795 -0.005709142 0.999953091 0.007784096 -0.381720185 0.060854405 -0.007422386 0.998119235 24.398229599
0.998192132 0.006564150 -0.059747264 -1.283098578 -0.006258667 0.999966145 0.005298661 -0.395514190 0.059780091 -0.004915149 0.998199880 25.358572006
0.998249292 0.009608974 -0.058364902 -1.355152249 -0.009594539 0.999953628 0.000527599 -0.417919874 0.058367334 0.000033306 0.998295546 26.301645279
0.998310328 0.009589881 -0.057313535 -1.417434216 -0.009747158 0.999949217 -0.002465180 -0.428259164 0.057287056 0.003019657 0.998353481 27.274810791
0.998377442 0.006731563 -0.056544550 -1.459435463 -0.006819359 0.999975622 -0.001359822 -0.447358459 0.056534089 0.001743212 0.998399377 28.242809296
0.998378217 0.002834018 -0.056859657 -1.519566059 -0.002660065 0.999991477 0.003134811 -0.445438147 0.056868125 -0.002978481 0.998377204 29.214437485
0.998327672 -0.000930712 -0.057800040 -1.567125678 0.001341644 0.999974012 0.007071164 -0.464659154 0.057792023 -0.007136891 0.998303056 30.178964615
0.998199642 -0.010713737 -0.059010375 -1.619783998 0.011118201 0.999916732 0.006530048 -0.478043824 0.058935568 -0.007174389 0.998235881 31.174240112
0.998113871 -0.011383706 -0.060316660 -1.674197555 0.011560760 0.999929488 0.002587181 -0.486342460 0.060283039 -0.003279619 0.998175681 32.176174164
0.998029113 -0.008940897 -0.062103655 -1.736510396 0.008867571 0.999959290 -0.001456265 -0.506010413 0.062114228 0.000902679 0.998068511 33.150920868
0.997925401 -0.009276805 -0.063701198 -1.808220148 0.009143625 0.999954939 -0.002381952 -0.509985685 0.063720509 0.001794544 0.997965991 34.144790649
0.997908890 -0.010556961 -0.063756995 -1.879668117 0.010490259 0.999943614 -0.001380928 -0.528834164 0.063768044 0.000709208 0.997964501 35.151275635
0.997845471 -0.008553656 -0.065038063 -1.948996663 0.008683084 0.999960482 0.001707581 -0.534964681 0.065020978 -0.002268641 0.997881293 36.135093689
0.997719467 -0.006823275 -0.067143805 -2.011112452 0.007051982 0.999969602 0.003169697 -0.557522595 0.067120247 -0.003635979 0.997738361 37.161083221
0.997677803 -0.006243980 -0.067816027 -2.086910248 0.006707711 0.999955237 0.006612387 -0.573251665 0.067771807 -0.007051937 0.997676075 38.148395538
0.997677147 -0.006435404 -0.067807429 -2.148946762 0.007118504 0.999925792 0.009837173 -0.594423771 0.067739181 -0.010297026 0.997650146 39.161773682
0.997627974 -0.001027817 -0.068821438 -2.229681492 0.001823046 0.999931872 0.011493013 -0.587852061 0.068805002 -0.011591238 0.997563004 40.186752319
0.997646630 -0.000904371 -0.068553157 -2.304636717 0.001671178 0.999936283 0.011128898 -0.597571015 0.068538792 -0.011217293 0.997585595 41.161903381
0.997637689 -0.001035757 -0.068681739 -2.376530409 0.001698929 0.999952018 0.009597870 -0.611447394 0.068668567 -0.009691901 0.997592628 42.160385132
0.997648120 0.001864897 -0.068513915 -2.447566509 -0.001396197 0.999974668 0.006888058 -0.616605818 0.068525068 -0.006776215 0.997626483 43.171997070
0.997583449 0.002343330 -0.069434762 -2.521614552 -0.001834531 0.999970555 0.007390440 -0.630003631 0.069450095 -0.007245217 0.997559249 44.146228790
0.997495711 -0.001188114 -0.070711404 -2.590948820 0.001812717 0.999959469 0.008769480 -0.639843643 0.070698172 -0.008875716 0.997458458 45.135189056
0.997428477 -0.000629581 -0.071657181 -2.660923719 0.001311147 0.999953926 0.009464699 -0.642825186 0.071647987 -0.009534333 0.997384667 46.149311066
0.997424543 0.001199026 -0.071703851 -2.731882095 -0.000687485 0.999973714 0.007158204 -0.668908536 0.071710624 -0.007090490 0.997400463 47.099670410
0.997338235 0.003688492 -0.072810017 -2.810678959 -0.003571226 0.999991596 0.001740574 -0.679663658 0.072815903 -0.001475928 0.997344494 48.114124298
0.997288883 0.004681361 -0.073426895 -2.887196779 -0.004637865 0.999988377 0.000762735 -0.695411742 0.073429711 -0.000420131 0.997300446 49.069019318
0.997267902 0.004002973 -0.073750287 -2.951867580 -0.003737917 0.999985456 0.003731501 -0.703278780 0.073764250 -0.003445646 0.997269869 50.041141510
0.997259498 -0.000836897 -0.073966049 -3.023728609 0.001408891 0.999968767 0.007681198 -0.726404071 0.073957413 -0.007764378 0.997231185 51.046504974
0.997246981 -0.000494446 -0.074138500 -3.095288992 0.001088655 0.999966979 0.007974505 -0.738687456 0.074132212 -0.008033283 0.997216105 51.985553741
0.997224212 -0.003657046 -0.074353360 -3.166944981 0.004191098 0.999965787 0.007027701 -0.751423538 0.074325234 -0.007319837 0.997207165 52.950004578
0.997178435 -0.006093245 -0.074804768 -3.233587980 0.006522062 0.999962866 0.005489354 -0.769811630 0.074768677 -0.005961766 0.997183025 53.940307617
0.997088492 -0.005666841 -0.076027460 -3.304986238 0.006199227 0.999957085 0.006768199 -0.786174238 0.075985983 -0.007219825 0.997082710 54.872833252
0.997008264 -0.007109286 -0.076951720 -3.373926401 0.007994019 0.999904573 0.011195144 -0.801118374 0.076864928 -0.011776835 0.996971846 55.826965332
0.996908903 -0.012046353 -0.077619523 -3.449697495 0.013351573 0.999777019 0.016318407 -0.800120175 0.077405810 -0.017304350 0.996849179 56.780315399
0.996882260 -0.010628136 -0.078167096 -3.520727634 0.012081487 0.999761820 0.018143302 -0.795118034 0.077955827 -0.019031152 0.996774852 57.729362488
0.996803701 -0.010115329 -0.079229869 -3.605918884 0.011340733 0.999822140 0.015031577 -0.807133198 0.079063907 -0.015882095 0.996742725 58.676078796
0.996697962 -0.006943224 -0.080884792 -3.686347723 0.007571701 0.999942958 0.007465760 -0.812370062 0.080828525 -0.008053571 0.996695161 59.605419159
0.996662676 -0.005438747 -0.081434809 -3.764069796 0.005628563 0.999981642 0.002101416 -0.833278716 0.081422083 -0.002552782 0.996676207 60.509712219
0.996577561 0.000278977 -0.082648121 -3.854730606 -0.000095574 0.999997258 0.002222995 -0.839290440 0.082648695 -0.002207506 0.996576071 61.432815552
0.996510446 0.002670178 -0.083411604 -3.932028294 -0.002261366 0.999984622 0.004995222 -0.859757662 0.083423838 -0.004789187 0.996502340 62.308292389
0.996396005 0.004401401 -0.084695138 -4.012792587 -0.003843724 0.999969602 0.006746488 -0.875962973 0.084722430 -0.006396651 0.996383727 63.191719055
0.996301055 0.005321926 -0.085750498 -4.086709976 -0.004770596 0.999966383 0.006633141 -0.887741983 0.085783049 -0.006199547 0.996293902 64.079421997
0.996170998 0.006392524 -0.087176651 -4.173491478 -0.005770619 0.999955833 0.007384044 -0.895186245 0.087220117 -0.006852729 0.996164858 64.915763855
0.996045887 0.007145164 -0.088537849 -4.247988224 -0.006462884 0.999947011 0.007990443 -0.912352383 0.088590361 -0.007386661 0.996040106 65.770423889
0.995916009 0.007073133 -0.089994855 -4.323045254 -0.006336326 0.999943972 0.008470381 -0.925719440 0.090049826 -0.007865573 0.995905578 66.594253540
0.995795369 0.006705766 -0.091347538 -4.401897430 -0.005879027 0.999939144 0.009316662 -0.936921120 0.091404542 -0.008740476 0.995774925 67.401184082
0.995670795 0.009181704 -0.092482522 -4.480009556 -0.008108942 0.999895394 0.011968871 -0.945620060 0.092582844 -0.011167144 0.995641768 68.223464966
0.995535910 0.011389097 -0.093681894 -4.557300091 -0.009932697 0.999822497 0.015998079 -0.947535396 0.093847573 -0.014996170 0.995473087 68.996315002
0.995309472 0.014707407 -0.095604703 -4.650148869 -0.013027342 0.999749839 0.018173823 -0.958801985 0.095848173 -0.016843135 0.995252907 69.767410278
0.995180547 0.017087240 -0.096545435 -4.724384308 -0.015723048 0.999765813 0.014873553 -0.976965070 0.096777044 -0.013283920 0.995216906 70.527961731
0.994994640 0.018579012 -0.098172434 -4.812240124 -0.017982952 0.999814153 0.006953334 -0.984298885 0.098283447 -0.005153135 0.995144486 71.256126404
0.994904041 0.016352843 -0.099478759 -4.875907898 -0.016316015 0.999866068 0.001184144 -0.991864920 0.099484868 0.000444958 0.995038390 71.971618652
0.994817197 0.017575452 -0.100135557 -4.954896450 -0.017670516 0.999843717 -0.000062076 -0.996380210 0.100118876 0.001831172 0.994973183 72.655838013
0.994721532 0.019542295 -0.100719884 -5.024283886 -0.019329455 0.999808371 0.003089110 -1.013382912 0.100760989 -0.001125975 0.994909406 73.335281372
0.994588196 0.020039300 -0.101932637 -5.099983692 -0.019510500 0.999790549 0.006182475 -1.035479784 0.102035187 -0.004160295 0.994771361 73.995643616
0.994519889 0.017810898 -0.103008300 -5.168939114 -0.017634843 0.999841034 0.002619916 -1.053384781 0.103038609 -0.000789055 0.994676411 74.620185852
0.994649291 0.009671812 -0.102844328 -5.213495731 -0.009949791 0.999948025 -0.002190050 -1.072388411 0.102817826 0.003201582 0.994694412 75.224975586
0.994789839 0.004872936 -0.101819411 -5.278425217 -0.005622212 0.999959230 -0.007073043 -1.088476181 0.101780802 0.007608613 0.994777143 75.818237305
0.995080590 0.006540982 -0.098842844 -5.335511208 -0.007332278 0.999944091 -0.007644267 -1.089840055 0.098787308 0.008331381 0.995073259 76.395767212
0.995400846 0.012578726 -0.094958603 -5.400322914 -0.013108321 0.999901950 -0.004955114 -1.100414991 0.094886974 0.006177048 0.995468438 76.972724915
0.995878100 0.010411933 -0.090091541 -5.446543694 -0.010613256 0.999942362 -0.001755643 -1.114860296 0.090068072 0.002704548 0.995931506 77.531578064
0.996371925 0.007701258 -0.084745951 -5.483451843 -0.007513161 0.999968588 0.002538451 -1.130847096 0.084762856 -0.001892557 0.996398985 78.065086365
0.997069776 0.001562322 -0.076469421 -5.507601261 -0.001093256 0.999980390 0.006175640 -1.149731874 0.076477595 -0.006073971 0.997052372 78.615829468
0.997808337 0.004849223 -0.065979749 -5.543919563 -0.004453374 0.999971092 0.006145439 -1.152013302 0.066007674 -0.005838168 0.997801661 79.112480164
0.998645186 0.010242710 -0.051001173 -5.572899818 -0.009965068 0.999934018 0.005695371 -1.157900333 0.051056173 -0.005179455 0.998682082 79.615516663
0.999336779 0.016069181 -0.032648925 -5.589198589 -0.015876260 0.999854922 0.006160091 -1.167734861 0.032743186 -0.005637693 0.999447644 80.109222412
0.999829590 0.014951689 -0.010742856 -5.568491459 -0.014886267 0.999870300 0.006145687 -1.180200577 0.010833348 -0.005984750 0.999923170 80.572822571
0.999836981 0.009559720 0.015255883 -5.546471119 -0.009672631 0.999926269 0.007344046 -1.193449020 -0.015184581 -0.007490447 0.999856412 81.054687500
0.998959303 0.008636697 0.044764481 -5.496916294 -0.009058561 0.999916375 0.009229601 -1.197719336 -0.044681080 -0.009625533 0.998954654 81.492919922
0.996932447 0.008483135 0.077794082 -5.428570747 -0.009355141 0.999897242 0.010851435 -1.205682755 -0.077694096 -0.011545958 0.996910095 81.935707092
0.993308425 0.007662160 0.115229622 -5.373788357 -0.008971739 0.999900639 0.010850512 -1.198677778 -0.115135185 -0.011811745 0.993279219 82.394577026
0.987632573 0.007353083 0.156607613 -5.295305252 -0.009196280 0.999896407 0.011048108 -1.207990885 -0.156510353 -0.012351711 0.987598658 82.798049927
0.979366302 0.006980996 0.201967895 -5.183971882 -0.009384216 0.999895811 0.010943878 -1.210577846 -0.201870680 -0.012613405 0.979330540 83.206321716
0.968056142 0.007365800 0.250621676 -5.033762932 -0.010072821 0.999903738 0.009520163 -1.208842397 -0.250527740 -0.011740549 0.968037844 83.650321960
0.952791154 0.007465996 0.303531766 -4.897776604 -0.010283493 0.999917328 0.007684981 -1.228572965 -0.303449690 -0.010443576 0.952789783 83.993583679
0.933455646 0.007544756 0.358611017 -4.674651623 -0.010200202 0.999932587 0.005513446 -1.234738111 -0.358545661 -0.008804490 0.933470190 84.426383972
0.909448802 0.007545152 0.415745348 -4.506545067 -0.010030009 0.999942362 0.003793322 -1.240290284 -0.415693223 -0.007619787 0.909472466 84.725242615
0.880977631 0.007322970 0.473099262 -4.286959648 -0.009275195 0.999955297 0.001793686 -1.232836723 -0.473065466 -0.005968309 0.881006598 85.050407410
0.848188162 0.006912645 0.529648185 -3.973895788 -0.007423609 0.999972045 -0.001162735 -1.255183697 -0.529641747 -0.002945706 0.848215580 85.411140442
0.811583042 0.006442659 0.584199905 -3.757093191 -0.006328396 0.999977767 -0.002236394 -1.257659674 -0.584201574 -0.001882051 0.811605632 85.651390076
0.772180736 0.006110959 0.635371923 -3.427088022 -0.006315545 0.999978423 -0.001942309 -1.286632299 -0.635370433 -0.002512929 0.772202671 85.977134705
0.729724407 0.005640586 0.683716595 -3.183137178 -0.007155794 0.999974430 -0.000612372 -1.281398892 -0.683702826 -0.004445695 0.729746222 86.168289185
0.684698701 0.004492642 0.728811085 -2.869112015 -0.006146568 0.999981284 -0.000389696 -1.283512354 -0.728799343 -0.004212885 0.684713483 86.384628296
0.638386309 0.001049768 0.769714236 -2.492972612 -0.001804961 0.999998510 0.000133157 -1.284210443 -0.769713044 -0.001474333 0.638387263 86.658927917
0.591767430 -0.000902372 0.806106985 -2.206614256 0.002649897 0.999996364 -0.000825893 -1.332814217 -0.806103349 0.002624815 0.591767609 86.779357910
0.545228362 0.000476975 0.838286221 -1.845966816 0.001607956 0.999997616 -0.001614818 -1.325327635 -0.838285089 0.002228350 0.545226395 87.004592896
0.498118728 0.002177374 0.867105007 -1.544576764 -0.000920909 0.999997854 -0.001982057 -1.307896256 -0.867107451 0.000188753 0.498119742 87.101539612
0.452507615 0.003758248 0.891751528 -1.183478355 -0.001910398 0.999993145 -0.003245025 -1.319082022 -0.891757607 -0.000235224 0.452511787 87.242546082
0.410354912 0.002152246 0.911922216 -0.796289146 0.005582072 0.999972761 -0.004871930 -1.319913030 -0.911907732 0.007089613 0.410332054 87.408752441
0.371087641 -0.006122813 0.928576410 -0.463310093 0.019259803 0.999814093 -0.001104274 -1.365048409 -0.928397059 0.018293958 0.371136934 87.463806152
0.335517645 -0.010023166 0.941979408 -0.100578502 0.024849895 0.999689817 0.001786108 -1.373742104 -0.941705167 0.022808792 0.335662961 87.550239563
0.302107930 -0.006347604 0.953251362 0.295630723 0.022284597 0.999751806 -0.000405273 -1.380828500 -0.953012347 0.021365231 0.302174777 87.660034180
0.271223933 0.001766873 0.962513387 0.627020776 0.011237774 0.999924600 -0.005002210 -1.376362681 -0.962449849 0.012173202 0.271183908 87.752922058
0.242689177 0.006800662 0.970079005 1.027783871 0.005912432 0.999946654 -0.008489189 -1.377014875 -0.970085323 0.007795734 0.242636323 87.832534790
0.216715962 0.008487119 0.976196289 1.421505570 0.007124434 0.999921978 -0.010275018 -1.393353581 -0.976208091 0.009181577 0.216638803 87.910583496
0.193394825 0.009265202 0.981075883 1.818617821 0.014370654 0.999821603 -0.012275052 -1.407330036 -0.981015265 0.016472604 0.193227366 87.966712952
0.172913224 0.014911121 0.984822869 2.206157923 0.021893619 0.999580324 -0.018978601 -1.426563621 -0.984693170 0.024842964 0.172514394 88.022384644
0.153136507 0.022051103 0.987957656 2.656670809 0.023111770 0.999397755 -0.025888843 -1.410935283 -0.987934232 0.026797958 0.152534798 88.066238403
0.135481447 0.023007667 0.990511417 3.082576752 0.020684926 0.999446929 -0.026044495 -1.423498869 -0.990563393 0.024017185 0.134930730 88.124702454
0.120002761 0.019224813 0.992586076 3.530272961 0.019632675 0.999571204 -0.021733677 -1.445217609 -0.992578804 0.022095211 0.119574010 88.174774170
0.105587602 0.016124863 0.994278193 4.034022808 0.021282241 0.999603152 -0.018471297 -1.461982369 -0.994181573 0.023110805 0.105202705 88.215972900
0.092541307 0.013370928 0.995617926 4.511297703 0.023335427 0.999606371 -0.015593485 -1.474516273 -0.995434761 0.024676213 0.092193045 88.264343262
0.080874257 0.012515419 0.996644676 5.009149075 0.027566848 0.999510825 -0.014788366 -1.493991256 -0.996342421 0.028670352 0.080489866 88.284751892
0.070622437 0.012979131 0.997417510 5.526455879 0.030762196 0.999411702 -0.015183206 -1.511143446 -0.997028112 0.031755038 0.070181809 88.314186096
0.062694892 0.013346709 0.997942269 6.071446896 0.032406550 0.999356508 -0.015401532 -1.523154736 -0.997506022 0.033305477 0.062222183 88.337455750
0.056708060 0.013928045 0.998292387 6.617434502 0.034620248 0.999274313 -0.015908342 -1.533395171 -0.997789919 0.035463274 0.056184866 88.370758057
0.051039662 0.014632463 0.998588145 7.171465874 0.034852922 0.999257863 -0.016423665 -1.548146605 -0.998087764 0.035642002 0.050491948 88.403923035
0.045096245 0.015328544 0.998863816 7.761843204 0.035632066 0.999221683 -0.016942732 -1.564802289 -0.998346388 0.036355656 0.044515099 88.417915344
0.040965449 0.015433741 0.999040127 8.364130974 0.038669251 0.999107599 -0.017020402 -1.580948591 -0.998411298 0.039329406 0.040332209 88.437591553
0.037908215 0.015522338 0.999159396 8.990612030 0.039475188 0.999076068 -0.017018734 -1.602828622 -0.998500586 0.040087182 0.037260577 88.463714600
0.034841355 0.015328796 0.999274015 9.635928154 0.040399678 0.999043941 -0.016733866 -1.619759798 -0.998575270 0.040953401 0.034188896 88.482231140
0.032570802 0.014571415 0.999362051 10.304249763 0.043593861 0.998922110 -0.015985800 -1.631566167 -0.998517752 0.044086728 0.031900596 88.496620178
0.031723067 0.014270023 0.999393702 10.976974487 0.047482885 0.998748183 -0.015768036 -1.655463219 -0.998367608 0.047954306 0.031005902 88.510208130
0.032489512 0.014141495 0.999370933 11.674592018 0.050526757 0.998598754 -0.015773207 -1.675795555 -0.998193443 0.051007446 0.031729590 88.529319763
0.034944929 0.013860692 0.999292016 12.387197495 0.053012531 0.998471022 -0.015703151 -1.692448378 -0.997981548 0.053523768 0.034156825 88.565330505
0.038619671 0.013845975 0.999156952 13.121964455 0.054275941 0.998399615 -0.015933374 -1.713447094 -0.997778177 0.054845545 0.037806477 88.597679138
0.042797051 0.013776045 0.998987675 13.862495422 0.055336863 0.998338044 -0.016137747 -1.734661102 -0.997549534 0.055971514 0.041963715 88.634712219
0.046952683 0.011409949 0.998830795 14.634786606 0.057049341 0.998272598 -0.014085332 -1.754539490 -0.997266054 0.057644017 0.046220776 88.669219971
0.051186673 0.010054061 0.998637497 15.395923615 0.057108741 0.998284459 -0.012977696 -1.767959356 -0.997054219 0.057695251 0.050524820 88.709609985
0.055232931 0.008457044 0.998436570 16.173196793 0.054231938 0.998463333 -0.011457345 -1.783898115 -0.996998966 0.054780018 0.054689553 88.758262634
0.059455611 0.007380927 0.998202562 16.983230591 0.052399110 0.998571575 -0.010504683 -1.803122997 -0.996854126 0.052929539 0.058984075 88.814392090
0.063404329 0.008173528 0.997953296 17.791194916 0.050243970 0.998672843 -0.011371638 -1.828580737 -0.996721685 0.050862208 0.062909655 88.871566772
0.066440873 0.011568276 0.997721970 18.593257904 0.048054963 0.998735607 -0.014780134 -1.858658791 -0.996631861 0.048927587 0.065801114 88.936691284
0.068546057 0.016059957 0.997517407 19.409046173 0.044236168 0.998838425 -0.019120986 -1.878410339 -0.996666133 0.045437098 0.067756176 89.012504578
0.068264596 0.019985333 0.997465849 20.230737686 0.040010843 0.998940468 -0.022753142 -1.913670540 -0.996863961 0.041462760 0.067392819 89.068878174
0.068544224 0.019951077 0.997447312 21.067768097 0.038459599 0.999004245 -0.022625148 -1.938390493 -0.996905863 0.039912317 0.067708835 89.136116028
0.068765596 0.018649701 0.997457325 21.880380630 0.035370767 0.999151349 -0.021119863 -1.965338349 -0.997004926 0.036733221 0.068047762 89.184257507
0.068525925 0.016881913 0.997505367 22.701667786 0.035940509 0.999166310 -0.019379033 -2.000663757 -0.997001052 0.037178874 0.067862220 89.236083984
0.068820007 0.016265262 0.997495294 23.526697159 0.033613782 0.999261856 -0.018613173 -2.032513142 -0.997061968 0.034810610 0.068222657 89.303123474
0.069018625 0.016030071 0.997485280 24.346078873 0.032344062 0.999309659 -0.018297348 -2.065688610 -0.997090220 0.033525653 0.068452664 89.362136841
0.069137394 0.016737444 0.997465372 25.162792206 0.029218912 0.999396622 -0.018795090 -2.097957611 -0.997178495 0.030444367 0.068606786 89.428375244
0.068060078 0.018499466 0.997508109 25.983375549 0.025746111 0.999462903 -0.020292362 -2.129752636 -0.997348249 0.027063141 0.067547388 89.499038696
0.065168232 0.018023485 0.997709930 26.797389984 0.023320656 0.999536633 -0.019579725 -2.160968542 -0.997600973 0.024543308 0.064717874 89.562866211
0.061500520 0.016945496 0.997961521 27.612642288 0.021289119 0.999606431 -0.018285381 -2.190155983 -0.997879207 0.022370363 0.061115719 89.616233826
0.056571200 0.014727079 0.998288274 28.436923981 0.018766213 0.999699056 -0.015811326 -2.224552155 -0.998221338 0.019628633 0.056277983 89.673744202
0.050305087 0.012589135 0.998652935 29.255495071 0.018584546 0.999735832 -0.013538927 -2.249301434 -0.998560071 0.019240661 0.050057996 89.722892761
0.042858180 0.012853961 0.998996973 30.066650391 0.017365597 0.999756873 -0.013608720 -2.275569677 -0.998929143 0.017931486 0.042624723 89.755096436
0.033947591 0.013760705 0.999327302 30.875129700 0.015990339 0.999769926 -0.014309974 -2.302359104 -0.999294639 0.016465437 0.033719927 89.790611267
0.024220100 0.014320326 0.999602497 31.675649643 0.016642541 0.999753356 -0.014725705 -2.331889391 -0.999567091 0.016992653 0.023975976 89.805236816
0.013965977 0.013512040 0.999809682 32.481372833 0.016684925 0.999766648 -0.013744497 -2.358748198 -0.999762237 0.016873775 0.013737449 89.819053650
0.003447939 0.012509106 0.999914169 33.286392212 0.016753187 0.999780953 -0.012565180 -2.379176617 -0.999852598 0.016795149 0.003237799 89.818969727
-0.007749683 0.011640966 0.999900579 34.073635101 0.017618062 0.999778926 -0.011502971 -2.407929897 -0.999813616 0.017527243 -0.007952880 89.800140381
-0.018634155 0.011798913 0.999755144 34.868072510 0.017639788 0.999778926 -0.011470381 -2.434586763 -0.999669552 0.017421804 -0.018837988 89.788681030
-0.029244555 0.012270225 0.999495506 35.664031982 0.017529681 0.999777675 -0.011760751 -2.460320234 -0.999417245 0.017176967 -0.029452959 89.768692017
-0.039747350 0.012935712 0.999124587 36.431133270 0.017537041 0.999771714 -0.012246396 -2.484234810 -0.999054611 0.017034991 -0.039964940 89.744689941
-0.050202265 0.014038826 0.998638988 37.202911377 0.018207822 0.999748349 -0.013139072 -2.512060404 -0.998571813 0.017523495 -0.050445054 89.703170776
-0.059869897 0.014770391 0.998095334 37.972652435 0.018817713 0.999730051 -0.013665779 -2.534973145 -0.998027444 0.017963789 -0.060131501 89.658073425
-0.069339074 0.015378911 0.997473121 38.716999054 0.020261969 0.999697030 -0.014004660 -2.563898087 -0.997385979 0.019239787 -0.069629505 89.593757629
-0.078827523 0.016034212 0.996757746 39.463203430 0.019819830 0.999698699 -0.014514058 -2.592908859 -0.996689856 0.018611548 -0.079121381 89.537124634
-0.087358616 0.015309825 0.996057689 40.211257935 0.020116964 0.999705732 -0.013601515 -2.618379354 -0.995972395 0.018849537 -0.087640703 89.470642090
-0.094642989 0.014289458 0.995407164 40.948463440 0.022130406 0.999680758 -0.012246625 -2.640813589 -0.995263994 0.020869786 -0.094928809 89.405952454
-0.100008145 0.012549176 0.994906008 41.666557312 0.026572639 0.999598265 -0.009937242 -2.664509773 -0.994630396 0.025443548 -0.100301214 89.327575684
-0.103659093 0.011017827 0.994550347 42.401786804 0.028187174 0.999570131 -0.008135541 -2.691063404 -0.994211972 0.027190315 -0.103924893 89.253967285
-0.106436983 0.009725724 0.994270504 43.080043793 0.030759813 0.999506354 -0.006484064 -2.710899591 -0.993842065 0.029893486 -0.106683411 89.169631958
-0.108219057 0.009377362 0.994081497 43.779766083 0.031055927 0.999499917 -0.006047592 -2.737801313 -0.993640423 0.030217707 -0.108455978 89.096542358
-0.109115005 0.009605035 0.993981361 44.446357727 0.031302322 0.999491215 -0.006222012 -2.754505634 -0.993534625 0.030435059 -0.109359972 89.025062561
-0.108035117 0.010357674 0.994091809 45.111122131 0.032242294 0.999456823 -0.006909537 -2.770451307 -0.993622541 0.031305373 -0.108310193 88.954658508
-0.105297714 0.011722014 0.994370282 45.753684998 0.033688888 0.999399126 -0.008213815 -2.793830395 -0.993868291 0.032634377 -0.105629183 88.874000549
-0.100034371 0.012465102 0.994904578 46.371875763 0.034245603 0.999372721 -0.009077766 -2.813065767 -0.994392931 0.033163067 -0.100398347 88.826721191
-0.092317961 0.013144480 0.995641470 46.985462189 0.033554964 0.999386609 -0.010082603 -2.834438324 -0.995162547 0.032477949 -0.092702232 88.773231506
-0.081209257 0.013227865 0.996607959 47.569850922 0.032718971 0.999408901 -0.010598881 -2.856262684 -0.996158421 0.031747300 -0.081593916 88.743743896
-0.066756785 0.013403571 0.997678041 48.119213104 0.031744886 0.999432325 -0.011302998 -2.872936249 -0.997262597 0.030916678 -0.067144252 88.717025757
-0.049589492 0.014549005 0.998662531 48.667572021 0.030899741 0.999437690 -0.013025924 -2.887750864 -0.998290062 0.030212516 -0.050011054 88.696319580
-0.028246567 0.017280743 0.999450386 49.212665558 0.029504493 0.999429464 -0.016446501 -2.917283773 -0.999163866 0.029023780 -0.028740188 88.709899902
-0.003759573 0.020733505 0.999776781 49.746761322 0.026916645 0.999424994 -0.020624971 -2.935568810 -0.999629080 0.026833158 -0.004315384 88.725151062
0.024495434 0.022160035 0.999453068 50.254550934 0.025106819 0.999425411 -0.022774737 -2.954186678 -0.999383092 0.025651027 0.023925086 88.751853943
0.057369046 0.021992797 0.998109579 50.797718048 0.023677625 0.999446273 -0.023383167 -2.979271173 -0.998070598 0.024974396 0.056816615 88.813003540
0.095782831 0.019780518 0.995204568 51.313465118 0.022758199 0.999497831 -0.022056179 -3.000900030 -0.995140433 0.024761733 0.095284633 88.895500183
0.137750104 0.016521949 0.990328074 51.810546875 0.021902310 0.999565601 -0.019722560 -3.019524336 -0.990223229 0.024407314 0.137328476 88.995750427
0.182109997 0.011673094 0.983207643 52.307823181 0.017500341 0.999732733 -0.015110684 -3.051370382 -0.983120799 0.019958341 0.181857094 89.118171692
0.229930088 0.008390308 0.973169804 52.803234100 0.013713791 0.999835789 -0.011860335 -3.071852446 -0.973108888 0.016072959 0.229777232 89.274063110
0.280770451 0.006710856 0.959750175 53.265407562 0.009714787 0.999904633 -0.009833616 -3.087915659 -0.959724188 0.012084829 0.280678391 89.438133240
0.334404469 0.006834990 0.942403555 53.724918365 0.009154079 0.999903142 -0.010500246 -3.096289396 -0.942383587 0.012138238 0.334309369 89.663024902
0.391752422 0.006909384 0.920043468 54.158695221 0.009975296 0.999881268 -0.011756386 -3.130723238 -0.920014858 0.013783368 0.391636848 89.894653320
0.452452391 0.010629773 0.891723931 54.562473297 0.011045147 0.999785483 -0.017522091 -3.145390749 -0.891718566 0.017777195 0.452237725 90.128715515
0.510913432 0.014513833 0.859508336 54.955429077 0.012541082 0.999624968 -0.024334580 -3.167526245 -0.859539032 0.023212085 0.510539770 90.444091797
0.568804145 0.019181952 0.822247863 55.315883636 0.008032886 0.999550581 -0.028875045 -3.186067820 -0.822432101 0.023029327 0.568394244 90.710075378
0.623620152 0.021632042 0.781426609 55.657745361 0.003563884 0.999527633 -0.030513819 -3.199693918 -0.781717479 0.021814005 0.623248458 91.066703796
0.676219404 0.023271156 0.736331046 55.974460602 0.001633355 0.999450803 -0.033086833 -3.222789288 -0.736696541 0.023576707 0.675809860 91.428810120
0.726063251 0.020884078 0.687308609 56.267990112 0.001996104 0.999469757 -0.032477822 -3.231407166 -0.687622726 0.024952950 0.725636959 91.773590088
0.770974755 0.017621238 0.636619687 56.558952332 -0.000336556 0.999627650 -0.027261453 -3.263624191 -0.636863291 0.020803696 0.770693839 92.179901123
0.812008977 0.012061447 0.583518028 56.785694122 0.000032095 0.999784827 -0.020710403 -3.273945808 -0.583642483 0.016835820 0.811834216 92.590019226
0.848520160 0.010034789 0.529065251 56.977855682 -0.002816959 0.999891043 -0.014447040 -3.299635410 -0.529152751 0.010768307 0.848456383 92.977073669
0.879562676 0.007965789 0.475713432 57.174552917 -0.004772270 0.999956429 -0.007920556 -3.300422192 -0.475755960 0.004696445 0.879562974 93.442077637
0.905132890 0.007807335 0.425053835 57.335659027 -0.007855634 0.999966979 -0.001638999 -3.321159840 -0.425052762 -0.001855508 0.905165136 93.907112122
0.925362468 0.010051508 0.378946364 57.469856262 -0.011467777 0.999932408 0.001480545 -3.342603207 -0.378905892 -0.005715670 0.925415993 94.304603577
0.940743625 0.015287979 0.338769615 57.602622986 -0.017680090 0.999835014 0.003976154 -3.338983297 -0.338652909 -0.009729979 0.940859616 94.800987244
0.952689946 0.020469401 0.303249270 57.714290619 -0.022438575 0.999742925 0.003010373 -3.353767157 -0.303109676 -0.009672391 0.952905238 95.255279541
0.962020040 0.022575267 0.272038490 57.820152283 -0.024058152 0.999707580 0.002116564 -3.336703300 -0.271911055 -0.008580877 0.962282777 95.731689453
0.968184471 0.017678792 0.249606892 57.944717407 -0.019058457 0.999812841 0.003111478 -3.371766090 -0.249505013 -0.007769565 0.968340993 96.203414917
0.972220719 0.014952715 0.233582318 58.060985565 -0.016236939 0.999861002 0.003575939 -3.377333641 -0.233496219 -0.007269223 0.972329140 96.696098328
0.975118518 0.018473681 0.220907241 58.153923035 -0.019645359 0.999801457 0.003107935 -3.380999327 -0.220805794 -0.007370364 0.975288510 97.202934265
0.977232695 0.023895569 0.210813612 58.245414734 -0.025095787 0.999679804 0.003019436 -3.378178835 -0.210673779 -0.008241183 0.977520287 97.721313477
0.978347123 0.030249387 0.204741478 58.341121674 -0.031333037 0.999506116 0.002052170 -3.388181686 -0.204578146 -0.008422863 0.978812516 98.238143921
0.978693485 0.037656423 0.201837510 58.431018829 -0.038110260 0.999271512 -0.001638445 -3.391345024 -0.201751992 -0.006088498 0.979416251 98.754371643
0.979011595 0.039312698 0.199970514 58.532222748 -0.039282076 0.999218941 -0.004122372 -3.397186041 -0.199976116 -0.003819359 0.979791880 99.278495789
0.978617609 0.037010599 0.202324405 58.649333954 -0.036296394 0.999314189 -0.007240328 -3.411544323 -0.202453345 -0.000258083 0.979290426 99.819358826
0.977811038 0.037282307 0.206138000 58.773807526 -0.035161860 0.999283671 -0.013941731 -3.425670147 -0.206509873 0.006384239 0.978422284 100.371528625
0.976882160 0.039465293 0.210097596 58.907108307 -0.036437739 0.999168336 -0.018263288 -3.436940670 -0.210643366 0.010185658 0.977508426 100.938003540
0.975749254 0.042637181 0.214692101 59.021537781 -0.039614577 0.999045670 -0.018363792 -3.452484131 -0.215269923 0.009413581 0.976507664 101.515235901
0.974434078 0.044279635 0.220261157 59.149356842 -0.042083133 0.999006093 -0.014656953 -3.467244625 -0.220690951 0.005013012 0.975329340 102.113197327
0.973432720 0.042127587 0.225058690 59.295349121 -0.040851329 0.999111295 -0.010326648 -3.484892845 -0.225293428 0.000858405 0.974289000 102.720794678
0.972881973 0.036849190 0.228341967 59.439800262 -0.036775220 0.999312639 -0.004580291 -3.492778540 -0.228353441 -0.003941191 0.973568797 103.319992065
0.972088993 0.034278557 0.232089072 59.597084045 -0.035236523 0.999378502 -0.000018017 -3.504414320 -0.231945127 -0.008160448 0.972693026 103.946945190
0.971565485 0.028822688 0.235004261 59.755779266 -0.029977338 0.999549091 0.001341643 -3.520768166 -0.234859318 -0.008348249 0.971992016 104.591148376
0.971489727 0.026051583 0.235640064 59.911529541 -0.026344273 0.999650538 -0.001906525 -3.532534361 -0.235607117 -0.004355549 0.971837103 105.228759766
0.971633852 0.025021216 0.235156640 60.078937531 -0.023632009 0.999682009 -0.008724242 -3.550179720 -0.235299870 0.002919598 0.971916854 105.883216858
0.971710503 0.029563494 0.234311640 60.231132507 -0.026595026 0.999520481 -0.015819190 -3.561033726 -0.234666660 0.009140207 0.972031295 106.545333862
0.972239614 0.031431649 0.231860816 60.378768921 -0.027751146 0.999431551 -0.019119112 -3.578324795 -0.232329667 0.012154019 0.972559512 107.235748291
0.972897530 0.030281385 0.229239166 60.540260315 -0.027611760 0.999508023 -0.014844820 -3.594576120 -0.229575619 0.008112854 0.973255277 107.943412781
0.973305941 0.025545510 0.228079095 60.713806152 -0.024511091 0.999671936 -0.007367080 -3.617143869 -0.228192165 0.001580014 0.973613024 108.645980835
0.973966241 0.024277015 0.225382790 60.879852295 -0.024548398 0.999696851 -0.001598546 -3.631279707 -0.225353017 -0.003975799 0.974267244 109.378845215
0.974211454 0.029198041 0.223733544 61.030323029 -0.029475737 0.999562800 -0.002099015 -3.647195339 -0.223696753 -0.004549769 0.974646330 110.096961975
0.974524677 0.034860756 0.221547559 61.182067871 -0.034205869 0.999391198 -0.006793117 -3.649344206 -0.221649230 -0.000958105 0.975123942 110.819274902
0.975323081 0.036505543 0.217736155 61.347126007 -0.034706607 0.999323905 -0.012081754 -3.673045397 -0.218029752 0.004226793 0.975930929 111.581764221
0.976193309 0.037212241 0.213678926 61.509231567 -0.034694400 0.999276876 -0.015522443 -3.683574915 -0.214101806 0.007739507 0.976778626 112.329612732
0.977161646 0.034337413 0.209697738 61.675724030 -0.032119337 0.999385834 -0.013974749 -3.699938774 -0.210048631 0.006920301 0.977664411 113.094978333
0.977874160 0.034165364 0.206377938 61.843406677 -0.032292441 0.999400556 -0.012437762 -3.717790127 -0.206678972 0.005498184 0.978391349 113.902282715
0.978337765 0.031733505 0.204560921 62.004436493 -0.030474801 0.999491692 -0.009301275 -3.738294840 -0.204751894 0.002865903 0.978807628 114.691665649
0.978766322 0.026307363 0.203276798 62.173770905 -0.025318392 0.999650836 -0.007464428 -3.757864952 -0.203401998 0.002159354 0.979090869 115.479385376
0.978978455 0.021356162 0.202835500 62.342857361 -0.020692078 0.999770582 -0.005394228 -3.780709505 -0.202903986 0.001083808 0.979195952 116.300292969
0.979093313 0.021015305 0.202315927 62.493614197 -0.020589247 0.999778330 -0.004210402 -3.793761492 -0.202359393 -0.000043092 0.979309261 117.111122131
0.978852093 0.026711447 0.202810541 62.653171539 -0.026104940 0.999642313 -0.005665358 -3.812753916 -0.202889174 0.000251255 0.979199588 117.948188782
0.978634000 0.031866681 0.203118384 62.815040588 -0.030697737 0.999488235 -0.008903662 -3.829952002 -0.203298017 0.002478218 0.979111671 118.764328003
0.978109777 0.039842855 0.204232439 62.974536896 -0.038480125 0.999201894 -0.010641030 -3.854180336 -0.204493269 0.002549275 0.978862584 119.594009399
0.977336168 0.046488911 0.206518352 63.144813538 -0.045406401 0.998917937 -0.009980852 -3.871224880 -0.206758797 0.000377460 0.978389800 120.433715820
0.976541817 0.048969645 0.209678233 63.315654755 -0.048342124 0.998796999 -0.008119917 -3.890886068 -0.209823549 -0.002206784 0.977734685 121.286094666
0.976255596 0.050327819 0.210686088 63.507331848 -0.049453553 0.998731196 -0.009419661 -3.906764507 -0.210892737 -0.001223107 0.977506399 122.110229492
0.975954235 0.049020644 0.212382883 63.688011169 -0.047654338 0.998796344 -0.011550427 -3.931710958 -0.212693319 0.001151799 0.977116227 122.954917908
0.975847781 0.043308634 0.214106664 63.877986908 -0.041848566 0.999058723 -0.011349346 -3.961288214 -0.214396521 0.002115250 0.976742268 123.797355652
0.976137757 0.037393633 0.213900074 64.073799133 -0.035691831 0.999292195 -0.011813753 -3.985625267 -0.214190304 0.003897437 0.976782084 124.624137878
0.975578725 0.034806661 0.216866031 64.249031067 -0.033106506 0.999385059 -0.011468808 -4.022196770 -0.217131779 0.004009127 0.976131797 125.470947266
0.975063860 0.036980122 0.218812987 64.424209595 -0.035771511 0.999314010 -0.009483835 -4.041741848 -0.219013512 0.001420152 0.975718558 126.301795959
0.974730551 0.039818689 0.219797343 64.610260010 -0.040240049 0.999185681 -0.002561442 -4.061811924 -0.219720259 -0.006347869 0.975540042 127.156730652
0.974242687 0.043555923 0.221246570 64.793151855 -0.044598501 0.999003828 -0.000283440 -4.061659813 -0.221038446 -0.009591054 0.975215673 128.002944946
0.974000156 0.042982735 0.222423688 64.974113464 -0.042734977 0.999067783 -0.005928923 -4.087784290 -0.222471103 -0.003730422 0.974929869 128.825958252
0.974338531 0.038937606 0.221685469 65.167869568 -0.035526808 0.999180198 -0.019354001 -4.121810436 -0.222257301 0.010981668 0.974923909 129.642639160
