1.000000000 -0.000000000 0.000000000 0.000000000 -0.000000000 0.999999881 0.000000000 0.000000000 0.000000000 0.000000000 1.000000000 -0.000000000
0.999042571 -0.001070190 0.043735296 0.026649592 0.001169381 0.999996662 -0.002242474 -0.018105026 -0.043732759 0.002291473 0.999040604 0.990215063
0.995962322 -0.004953386 0.089635216 0.095071465 0.005591209 0.999960721 -0.006866091 -0.037931435 -0.089597695 0.007339540 0.995950937 2.005700827
0.991003275 -0.005310759 0.133731827 0.232403964 0.006851138 0.999915361 -0.011060878 -0.084805466 -0.133661762 0.011877584 0.990955830 2.941312551
0.983491004 -0.003250118 0.180926234 0.387847304 0.005820122 0.999889672 -0.013675644 -0.072698139 -0.180861786 0.014502886 0.983401477 3.912627220
0.973944306 -0.005665570 0.226714879 0.598727286 0.008948604 0.999869645 -0.013455729 -0.102992557 -0.226609096 0.015133916 0.973868072 4.858528614
0.962264717 -0.006875620 0.272027105 0.857569635 0.011226591 0.999833047 -0.014441516 -0.131931335 -0.271882474 0.016950505 0.962181032 5.800176144
0.948618948 -0.009637622 0.316272974 1.162810683 0.015896484 0.999726057 -0.017215297 -0.156657249 -0.316020459 0.021358401 0.948511660 6.758230209
0.933392525 -0.010913656 0.358690441 1.510919809 0.018602349 0.999665797 -0.017991280 -0.210710093 -0.358374208 0.023465430 0.933282793 7.636410236
0.915930092 -0.011490406 0.401172668 1.889243484 0.021148011 0.999583840 -0.019653602 -0.191393346 -0.400779843 0.026485343 0.915791214 8.508865356
0.896201074 -0.012024402 0.443484396 2.318512201 0.022345513 0.999588192 -0.018053927 -0.248439014 -0.443084538 0.026089843 0.896099746 9.410046577
0.874466002 -0.012015327 0.484937310 2.761169672 0.022788908 0.999607861 -0.016326904 -0.279876292 -0.484550804 0.025328523 0.874396026 10.206072807
0.849955559 -0.012270922 0.526710868 3.283661842 0.024282044 0.999579489 -0.015896590 -0.297970414 -0.526294231 0.026301024 0.849895418 11.075929642
0.824495494 -0.012590708 0.565727890 3.801713467 0.025861852 0.999546826 -0.015445570 -0.310228765 -0.565276921 0.027365584 0.824446857 11.816607475
0.796983719 -0.013872261 0.603841007 4.363076210 0.028889636 0.999468207 -0.015169056 -0.350764841 -0.603309214 0.029534243 0.796959996 12.572356224
0.767789900 -0.013894768 0.640550494 4.961030483 0.031249482 0.999387860 -0.015778286 -0.342589140 -0.639938951 0.032131281 0.767753482 13.309011459
0.737299800 -0.016750976 0.675357580 5.589818001 0.035937347 0.999250412 -0.014448927 -0.403223395 -0.674609065 0.034923747 0.737348378 13.969064713
0.705204904 -0.016042611 0.708821893 6.245389938 0.036434185 0.999243915 -0.013632615 -0.415308326 -0.708066940 0.035439126 0.705255449 14.615609169
0.670275450 -0.015285157 0.741954923 6.955916882 0.038460232 0.999160886 -0.014160742 -0.400949240 -0.741115212 0.038027361 0.670300007 15.280046463
0.635653198 -0.016288834 0.771802783 7.647498131 0.042924497 0.998977542 -0.014269097 -0.456488758 -0.770780563 0.042199448 0.635701656 15.848168373
0.598038316 -0.014858659 0.801329672 8.421352386 0.043640282 0.998949647 -0.014046052 -0.457435250 -0.800278604 0.043370347 0.598057806 16.411182404
0.560702741 -0.014269509 0.827894032 9.173320770 0.047032557 0.998787165 -0.014638443 -0.485992461 -0.826680601 0.047145821 0.560692847 16.894062042
0.521395266 -0.012575841 0.853222489 9.950862885 0.051171843 0.998553574 -0.016552661 -0.495451361 -0.851779759 0.052291464 0.521283805 17.370145798
0.482451439 -0.011156739 0.875851572 10.801539421 0.053963605 0.998398781 -0.017007381 -0.507330298 -0.874258816 0.055469349 0.482280374 17.836793900
0.444462925 -0.013201382 0.895700037 11.611795425 0.059113629 0.998144746 -0.014621994 -0.526208997 -0.893844664 0.059447005 0.444418162 18.226921082
0.406756669 -0.013966722 0.913429976 12.497814178 0.063161924 0.997920871 -0.012867817 -0.560560107 -0.911350429 0.062928081 0.406792641 18.604557037
0.371177435 -0.011790507 0.928487360 13.394546509 0.064798631 0.997811079 -0.013233444 -0.573632240 -0.926298141 0.065076679 0.371128500 18.946111679
0.337779582 -0.012340589 0.941144645 14.272133827 0.065629758 0.997789443 -0.010471378 -0.584305525 -0.938934207 0.065304138 0.337842405 19.246137619
0.304095745 -0.013511677 0.952545941 15.213811874 0.067972645 0.997659028 -0.007548350 -0.592953086 -0.950213194 0.067042522 0.304301977 19.531757355
0.271214694 -0.013540224 0.962424040 16.137596130 0.069106974 0.997594833 -0.005439575 -0.613015771 -0.960034549 0.067985550 0.271497846 19.783857346
0.239154294 -0.010818176 0.970921695 17.094964981 0.066493891 0.997773230 -0.005261204 -0.628319085 -0.968701839 0.065818645 0.239340857 19.998521805
0.207537621 -0.009035423 0.978185833 18.069957733 0.066339165 0.997785389 -0.004858439 -0.621584654 -0.975974798 0.065900363 0.207677290 20.186410904
0.177049085 -0.008645955 0.984164536 19.029270172 0.068297550 0.997658908 -0.003522077 -0.630912721 -0.981829286 0.067839660 0.177224964 20.349418640
0.146254212 -0.008917345 0.989207327 20.027727127 0.069939770 0.997550368 -0.001348027 -0.640602350 -0.986771345 0.069382139 0.146519527 20.475904465
0.115299776 -0.009532854 0.993285537 21.066564560 0.069146477 0.997605383 0.001547849 -0.646461427 -0.990920842 0.068503812 0.115682773 20.588420868
0.085930742 -0.009448524 0.996256649 22.095222473 0.069575384 0.997570753 0.003459858 -0.642108679 -0.993868411 0.069017753 0.086379342 20.666927338
0.058548484 -0.009033908 0.998244107 23.159652710 0.072146393 0.997382462 0.004794623 -0.636104226 -0.995673835 0.071739100 0.059047006 20.705419540
0.033248767 -0.008591915 0.999410510 24.208459854 0.076431528 0.997056246 0.006028930 -0.642546237 -0.996519983 0.076186128 0.033807617 20.725021362
0.010438048 -0.007939356 0.999914348 25.295904160 0.080720469 0.996711254 0.007071294 -0.633246481 -0.996681869 0.080639862 0.011044628 20.711191177
-0.010076812 -0.008322282 0.999915123 26.386978149 0.086213127 0.996234357 0.009160480 -0.639533341 -0.996225476 0.086298235 -0.009321325 20.682676315
-0.027939210 -0.008552386 0.999573648 27.497081757 0.090945035 0.995794237 0.011062073 -0.628798783 -0.995463431 0.091215439 -0.027043849 20.638284683
-0.043260623 -0.008450207 0.999028802 28.597043991 0.093805447 0.995512068 0.012482498 -0.618467808 -0.994649827 0.094254449 -0.042273726 20.572990417
-0.058313087 -0.008899812 0.998259366 29.719934464 0.096459724 0.995230794 0.014507495 -0.611256599 -0.993626833 0.097137906 -0.057176434 20.496726990
-0.071273185 -0.009606286 0.997411311 30.846807480 0.096615173 0.995184720 0.016488792 -0.592681050 -0.992766201 0.097540349 -0.070001803 20.394605637
-0.083440840 -0.009154223 0.996471643 31.992023468 0.096313417 0.995201647 0.017207500 -0.575810194 -0.991846979 0.097409442 -0.082158737 20.284263611
-0.094911940 -0.006841240 0.995463073 33.145214081 0.096365251 0.995216370 0.016027462 -0.569418967 -0.990809977 0.097449325 -0.093798600 20.157800674
-0.105051257 -0.003366998 0.994462132 34.302268982 0.096930712 0.995197535 0.013608913 -0.558343887 -0.989731252 0.097823627 -0.104220308 20.023790359
-0.114530697 -0.000796934 0.993420601 35.507511139 0.097629316 0.995149195 0.012053958 -0.543229163 -0.988610446 0.098367549 -0.113897271 19.858240128
-0.121835172 0.000311650 0.992551386 36.716243744 0.097384401 0.995178044 0.011641438 -0.526722133 -0.987761199 0.098077364 -0.121277988 19.693223953
-0.127703011 0.001209013 0.991812825 37.944774628 0.097254425 0.995194554 0.011309099 -0.505500019 -0.987032473 0.097902432 -0.127206862 19.520385742
-0.133126408 0.002634907 0.991096616 39.205734253 0.097801633 0.995149791 0.010491293 -0.496001393 -0.986261487 0.098327577 -0.132738426 19.343812943
-0.137438476 0.004330666 0.990501881 40.425373077 0.097208858 0.995221019 0.009137080 -0.476044774 -0.985728443 0.097541362 -0.137202680 19.144725800
-0.141754135 0.005065667 0.989890039 41.739387512 0.097379766 0.995206773 0.008852123 -0.470778883 -0.985100031 0.097650103 -0.141568080 18.950336456
-0.144781739 0.004725149 0.989453435 43.069541931 0.097441681 0.995194674 0.009505612 -0.461058348 -0.984653473 0.097790278 -0.144546494 18.732210159
-0.147100762 0.002738742 0.989118695 44.404071808 0.097765133 0.995138466 0.011784146 -0.439335138 -0.984277844 0.098434776 -0.146653429 18.503284454
-0.148973599 0.002033267 0.988840103 45.753166199 0.098201767 0.995083630 0.012748491 -0.413128823 -0.983952701 0.099005021 -0.148440912 18.274909973
-0.150929436 0.002082098 0.988543212 47.138477325 0.099171236 0.994983494 0.013045687 -0.402509362 -0.983557284 0.100004010 -0.150378883 18.015745163
-0.151714668 0.002693484 0.988421619 48.507015228 0.100400552 0.994864702 0.012699648 -0.365559578 -0.983311772 0.101164781 -0.151206076 17.786769867
-0.152891770 0.003528697 0.988237381 49.954101562 0.101084821 0.994803071 0.012086866 -0.362879455 -0.983059347 0.101743765 -0.152453929 17.555784225
-0.152733460 0.004242671 0.988259196 51.365848541 0.101630084 0.994755268 0.011436181 -0.322971046 -0.983027756 0.102183543 -0.152363598 17.304979324
-0.152308762 0.005228331 0.988319993 52.828086853 0.100610405 0.994872212 0.010241969 -0.327124059 -0.983198583 0.100995213 -0.152053744 17.063560486
-0.150888652 0.005269980 0.988537610 54.320293427 0.100688972 0.994866073 0.010065290 -0.314773589 -0.983409524 0.101053558 -0.150644615 16.795795441
-0.149231702 0.004631264 0.988792360 55.806961060 0.100741133 0.994855821 0.010544533 -0.289916873 -0.983657002 0.101185597 -0.148930639 16.543136597
-0.147789672 0.004712057 0.989008546 57.324481964 0.100745946 0.994857669 0.010314780 -0.278436482 -0.983874083 0.101162978 -0.147504464 16.287994385
-0.147100076 0.005631692 0.989106536 58.880634308 0.100742012 0.994867921 0.009317887 -0.261058718 -0.983977795 0.101015210 -0.146912500 16.037643433
-0.145858213 0.006361634 0.989286005 60.434879303 0.101038590 0.994845271 0.008499547 -0.251712620 -0.984132171 0.101195753 -0.145749137 15.779389381
-0.145180613 0.006134791 0.989387214 62.036655426 0.100867487 0.994861603 0.008632373 -0.235955745 -0.984250009 0.101050183 -0.145053446 15.533738136
-0.144644663 0.004696660 0.989473641 63.604694366 0.102263406 0.994703889 0.010227758 -0.233074978 -0.984184802 0.102666251 -0.144358978 15.287416458
-0.143878058 0.003310968 0.989590883 65.239410400 0.104305930 0.994473994 0.011837912 -0.204351768 -0.984082878 0.104923353 -0.143428370 15.014934540
-0.142900154 0.003977992 0.989730179 66.878440857 0.106399633 0.994257689 0.011366132 -0.181536540 -0.984001279 0.106931090 -0.142502874 14.760344505
-0.142305329 0.005066351 0.989810824 68.502662659 0.106001951 0.994313300 0.010150555 -0.192386568 -0.984130383 0.106366299 -0.142033145 14.496285439
-0.141566157 0.005585714 0.989914119 70.162712097 0.107345730 0.994173110 0.009741638 -0.166419372 -0.984091282 0.107642040 -0.141340926 14.233318329
-0.140908033 0.004727412 0.990012646 71.848869324 0.106132008 0.994297206 0.010357880 -0.172539964 -0.984317362 0.106531419 -0.140606239 13.958141327
-0.140549704 0.004708957 0.990063608 73.551116943 0.106510110 0.994256437 0.010391342 -0.145694375 -0.984327674 0.106912211 -0.140244052 13.700555801
-0.140738383 0.004477421 0.990038037 75.265029907 0.107896842 0.994102359 0.010842263 -0.146048427 -0.984149635 0.108347841 -0.140391484 13.442022324
-0.140234455 0.004448574 0.990109682 76.990814209 0.109047458 0.993975163 0.010979066 -0.125832379 -0.984094679 0.109508529 -0.139874741 13.171616554
-0.140426561 0.005255459 0.990078628 78.731430054 0.109226979 0.993963659 0.010216029 -0.120101146 -0.984047294 0.109577842 -0.140152991 12.909009933
-0.141311914 0.005991584 0.989948452 80.485603333 0.108682923 0.994030297 0.009497882 -0.110860772 -0.983980775 0.108932607 -0.141119570 12.650336266
-0.141937435 0.006743158 0.989854157 82.245346069 0.108026385 0.994109035 0.008718041 -0.101417765 -0.983962893 0.108167738 -0.141829774 12.383367538
-0.143247902 0.006819327 0.989664674 84.024322510 0.106724538 0.994250715 0.008596830 -0.105668597 -0.983914912 0.106852971 -0.143152162 12.106466293
-0.144266754 0.006935782 0.989515901 85.816261292 0.107125364 0.994207025 0.008649747 -0.082616232 -0.983722508 0.107250102 -0.144174144 11.820773125
-0.145563394 0.006085503 0.989331663 87.625076294 0.105993241 0.994320869 0.009478956 -0.088517405 -0.983654261 0.106242239 -0.145381913 11.554667473
-0.146100998 0.005607988 0.989255250 89.454216003 0.103892908 0.994540453 0.009705810 -0.061219770 -0.983798623 0.104194611 -0.145886108 11.260914803
-0.147268742 0.006224403 0.989078581 91.296218872 0.103579633 0.994578004 0.009163504 -0.066562891 -0.983657658 0.103797868 -0.147115082 10.963783264
-0.149626344 0.006731113 0.988721430 93.163146973 0.101985246 0.994747400 0.008661657 -0.053521905 -0.983468473 0.102130957 -0.149527013 10.667014122
-0.154010877 0.007601562 0.988041878 95.031143188 0.102363937 0.994711459 0.008303126 -0.048891883 -0.982751906 0.102418527 -0.153974608 10.355123520
-0.158494219 0.007030115 0.987336814 96.905807495 0.100373946 0.994907737 0.009028741 -0.036648642 -0.982244074 0.100533798 -0.158392876 10.043098450
-0.163124681 0.006720527 0.986584485 98.790542603 0.099364668 0.995003104 0.009651391 -0.024426717 -0.981588542 0.099605955 -0.162977427 9.715562820
-0.167872742 0.007234194 0.985784113 100.691390991 0.098328449 0.995108068 0.009442116 -0.015966779 -0.980892062 0.098515645 -0.167762905 9.399302483
-0.172671154 0.008813793 0.984942257 102.590156555 0.098242931 0.995126426 0.008318164 -0.024118604 -0.980067253 0.098199844 -0.172695622 9.031085014
-0.177148789 0.010333171 0.984132051 104.507888794 0.097792357 0.995179892 0.007153971 -0.023583161 -0.979312837 0.097507775 -0.177305505 8.664085388
-0.182130858 0.010807055 0.983216882 106.429344177 0.096559167 0.995301664 0.006946737 -0.016946098 -0.978520989 0.096203744 -0.182318747 8.305029869
-0.187107623 0.010554560 0.982284784 108.363059998 0.094579004 0.995489001 0.007319191 -0.016584557 -0.977775156 0.094272897 -0.187261909 7.908748627
-0.192609176 0.009997505 0.981226683 110.303329468 0.092350774 0.995693028 0.007983044 -0.009786409 -0.976919234 0.092154562 -0.192703009 7.526066303
-0.198085487 0.009441014 0.980141222 112.242202759 0.091488920 0.995764852 0.008898319 -0.006542122 -0.975904763 0.091434613 -0.198110417 7.112276554
-0.204167470 0.009193387 0.978894711 114.189331055 0.091361217 0.995769203 0.009703293 0.000557580 -0.974662602 0.091414005 -0.204143658 6.709702492
-0.210211113 0.010996067 0.977596164 116.159820557 0.092995614 0.995626271 0.008797851 -0.002763596 -0.973222196 0.092761442 -0.210314378 6.280589581
-0.215049341 0.011808364 0.976533771 118.115768433 0.091685317 0.995753288 0.008149905 -0.001561453 -0.972289085 0.091286317 -0.215218827 5.824016094
-0.221011430 0.011871644 0.975200951 120.097587585 0.092683412 0.995654702 0.008884371 -0.003084922 -0.970856428 0.092348397 -0.221151426 5.364248753
-0.226444334 0.012061006 0.973951519 122.102050781 0.091634355 0.995751083 0.008974101 0.001699699 -0.969703257 0.091279469 -0.226587445 4.886552334
-0.231745988 0.012657565 0.972696006 124.068832397 0.090651654 0.995843828 0.008639094 0.002539649 -0.968542457 0.090178497 -0.231930301 4.412503242
-0.237013996 0.012937470 0.971422136 126.071105957 0.089395791 0.995958090 0.008547138 0.000083597 -0.967383683 0.088866733 -0.237212643 3.918201923
-0.241411909 0.012679900 0.970341921 128.055450439 0.091235049 0.995780885 0.009686101 0.007862338 -0.966123581 0.090867430 -0.241550267 3.413159132
-0.245192349 0.012779211 0.969392359 130.070831299 0.093425088 0.995569468 0.010506103 0.017993951 -0.964961469 0.093141466 -0.245299995 2.883413076
-0.248847857 0.013219947 0.968454659 132.106979370 0.094749369 0.995441616 0.010757852 0.015692454 -0.963896096 0.094437383 -0.248966157 2.343381405
-0.251673192 0.013694190 0.967717886 134.109512329 0.095010586 0.995418072 0.010623116 0.027125778 -0.963136673 0.094616793 -0.251821280 1.801089406
-0.254517585 0.013670060 0.966974020 136.144378662 0.094002016 0.995513439 0.010668795 0.039945647 -0.962487996 0.093612701 -0.254660845 1.244259477
-0.258602709 0.014118903 0.965883136 138.169723511 0.092724197 0.995637476 0.010271872 0.038780089 -0.961522639 0.092216857 -0.258783758 0.677768350
-0.263030112 0.014419170 0.964682460 140.218078613 0.090918802 0.995807588 0.009905511 0.039765086 -0.960493505 0.090312995 -0.263238400 0.101464599
-0.267912030 0.014395337 0.963338315 142.279388428 0.090035312 0.995885372 0.010157865 0.059738956 -0.959226727 0.089455701 -0.268105835 -0.479959041
-0.272965521 0.014776836 0.961912811 144.297546387 0.090387791 0.995851398 0.010351491 0.058338743 -0.957767725 0.089770570 -0.273168832 -1.066380978
-0.276920289 0.015372093 0.960772395 146.359344482 0.089592516 0.995928168 0.009888391 0.067666031 -0.956706524 0.088816151 -0.277169853 -1.680266261
-0.281599343 0.015344010 0.959411800 148.460205078 0.089210793 0.995958745 0.010255993 0.064214587 -0.955375493 0.088477835 -0.281830043 -2.295324564
-0.285501659 0.014860520 0.958265305 150.536590576 0.088731229 0.995993614 0.010990633 0.074776486 -0.954261422 0.088165753 -0.285676211 -2.930971861
-0.289877146 0.014897268 0.956950188 152.616592407 0.089288630 0.995937645 0.011542923 0.078065410 -0.952889264 0.088790655 -0.290029585 -3.566015482
-0.293674499 0.015769498 0.955777705 154.736007690 0.090355635 0.995843887 0.011332355 0.083121330 -0.951624990 0.089687787 -0.293878645 -4.234081745
-0.297303081 0.016569257 0.954641819 156.788818359 0.090177082 0.995866001 0.010799009 0.088550106 -0.950514555 0.089297242 -0.297567964 -4.884797096
-0.301055789 0.018136842 0.953436315 158.887786865 0.090240464 0.995872974 0.009550143 0.088614382 -0.949326575 0.088913552 -0.301449746 -5.562709332
-0.304505348 0.019327449 0.952316642 161.016571045 0.091142736 0.995796561 0.008933235 0.091752924 -0.948139489 0.089516871 -0.304986566 -6.263172150
-0.307575315 0.019555125 0.951324821 163.095733643 0.090066731 0.995896995 0.008648401 0.086475715 -0.947251022 0.088342652 -0.308074236 -6.950468540
-0.311137140 0.019695440 0.950163066 165.241210938 0.090051822 0.995896518 0.008844649 0.092876479 -0.946088374 0.088315703 -0.311633587 -7.667432785
-0.314943045 0.020239759 0.948896885 167.322418213 0.090442970 0.995861650 0.008776928 0.089779139 -0.944790661 0.088585161 -0.315469861 -8.362572670
-0.319600672 0.021373741 0.947313428 169.463363647 0.092032112 0.995717764 0.008583556 0.094749346 -0.943071485 0.089926444 -0.320198655 -9.074311256
-0.322249115 0.020834284 0.946427822 171.618759155 0.093840905 0.995535493 0.010036588 0.088464938 -0.941991270 0.092047833 -0.322765082 -9.845016479
-0.324406505 0.020339148 0.945701361 173.713378906 0.094440788 0.995468736 0.010986840 0.093890443 -0.941190600 0.092876896 -0.324856937 -10.586228371
-0.327292293 0.019847095 0.944716930 175.858291626 0.094341151 0.995469153 0.011770726 0.094814323 -0.940201223 0.092978068 -0.327681243 -11.351242065
-0.329927236 0.020093534 0.943794668 178.034851074 0.092816755 0.995618582 0.011249611 0.108827502 -0.939431787 0.091311425 -0.330346048 -12.140818596
-0.332017332 0.021639224 0.943027318 180.140060425 0.091889337 0.995722890 0.009503684 0.107939526 -0.938786566 0.089809485 -0.332584918 -12.904767990
-0.336357087 0.023088843 0.941453755 182.319610596 0.090992898 0.995817721 0.008087359 0.103833608 -0.937327802 0.088385820 -0.337050438 -13.681540489
-0.339401603 0.024358956 0.940328538 184.505661011 0.090551466 0.995866895 0.006885984 0.104895577 -0.936272442 0.087485224 -0.340203822 -14.488579750
-0.342810750 0.025309838 0.939065933 186.649887085 0.089084610 0.996006906 0.005676324 0.100251235 -0.935170472 0.085602216 -0.343695760 -15.269104004
-0.346584827 0.025761567 0.937667131 188.849868774 0.089535765 0.995966256 0.005731393 0.096373171 -0.933735311 0.085941158 -0.347492516 -16.085636139
-0.350257903 0.025076948 0.936320007 191.016586304 0.089035206 0.996005654 0.006630830 0.096941479 -0.932411432 0.085687935 -0.351090789 -16.919698715
-0.353667527 0.024413859 0.935055017 193.189331055 0.088732578 0.996026099 0.007555778 0.089734823 -0.931152284 0.085642099 -0.354427636 -17.753919601
-0.357543349 0.024362221 0.933581173 195.413711548 0.088823237 0.996014357 0.008026196 0.085898034 -0.929662287 0.085793443 -0.358281404 -18.633172989
-0.361151874 0.024475686 0.932188332 197.559982300 0.087774999 0.996108711 0.007852200 0.088893741 -0.928366184 0.084658720 -0.361893862 -19.471277237
-0.364721030 0.025155213 0.930779696 199.745544434 0.087069079 0.996175587 0.007195008 0.085124865 -0.927036345 0.083666325 -0.365515411 -20.350994110
-0.368119866 0.025609815 0.929428160 201.978927612 0.087005533 0.996182442 0.007011267 0.074804433 -0.925697803 0.083446421 -0.368941665 -21.244550705
-0.370852262 0.025949391 0.928331971 204.126724243 0.087587766 0.996130347 0.007145272 0.067542404 -0.924551606 0.083960377 -0.371688992 -22.145771027
-0.373367965 0.025892656 0.927324712 206.331176758 0.088500023 0.996044695 0.007821293 0.062282551 -0.923451483 0.084988497 -0.374181539 -23.059228897
-0.376166880 0.025826981 0.926194847 208.511596680 0.090197571 0.995883763 0.008862833 0.059133951 -0.922150493 0.086874418 -0.376946867 -23.948785782
-0.378371388 0.026292142 0.925283194 210.714843750 0.091163106 0.995794594 0.008983189 0.054472115 -0.921153069 0.087750696 -0.379176021 -24.880655289
-0.380971372 0.026850859 0.924199581 212.923721313 0.090847626 0.995827496 0.008517191 0.048865430 -0.920112014 0.087206200 -0.381820023 -25.816997528
-0.383916885 0.027145278 0.922971129 215.104705811 0.090355255 0.995873928 0.008294608 0.049798451 -0.918935359 0.086579792 -0.384784549 -26.731925964
-0.386578888 0.028286353 0.921824872 217.297424316 0.089964949 0.995917916 0.007168064 0.043478459 -0.917856932 0.085702978 -0.387544572 -27.667325974
-0.389786899 0.029188506 0.920444965 219.505477905 0.089474894 0.995967925 0.006307130 0.024201853 -0.916547179 0.084815174 -0.390825897 -28.630350113
-0.392073691 0.029722281 0.919456184 221.682495117 0.087958984 0.996108711 0.005307285 0.020307187 -0.915718198 0.082955286 -0.393161297 -29.573797226
-0.394908369 0.030302955 0.918223381 223.867355347 0.088135019 0.996094704 0.005032189 0.004011247 -0.914482296 0.082914881 -0.396035790 -30.539724350
-0.397631615 0.030103257 0.917054176 226.072677612 0.089763343 0.995942295 0.006228270 -0.011202938 -0.913142800 0.084794343 -0.398719430 -31.514160156
-0.400123239 0.029307073 0.915995657 228.243438721 0.090276450 0.995886803 0.007571232 -0.014823680 -0.912003160 0.085722201 -0.401122183 -32.489883423
-0.403313011 0.028986767 0.914605737 230.458343506 0.089321323 0.995970845 0.007822496 -0.024349686 -0.910691261 0.084848635 -0.404276073 -33.482719421
-0.406273663 0.028642770 0.913305283 232.628982544 0.087709956 0.996114373 0.007777011 -0.040856671 -0.909531236 0.083265528 -0.407206059 -34.470504761
-0.409730911 0.028301122 0.911770165 234.809814453 0.086283721 0.996238351 0.007851178 -0.040148750 -0.908115625 0.081887782 -0.410630405 -35.474872589
-0.413422376 0.028058615 0.910109818 237.016891479 0.085522756 0.996301651 0.008133305 -0.048190594 -0.906513095 0.081197605 -0.414291859 -36.472167969
-0.416457802 0.027879288 0.908730328 239.170379639 0.084879346 0.996355057 0.008331424 -0.059733093 -0.905183256 0.080602154 -0.417304993 -37.501934052
-0.420454919 0.027758919 0.906891823 241.345626831 0.084364653 0.996396422 0.008614767 -0.065692790 -0.903381824 0.080131739 -0.421280295 -38.523399353
-0.424820364 0.027008958 0.904877663 243.530288696 0.083295241 0.996479571 0.009362217 -0.082582675 -0.901436627 0.079349317 -0.425573260 -39.545196533
-0.428428948 0.027086839 0.903172314 245.670501709 0.082307979 0.996563375 0.009155939 -0.077553004 -0.899817944 0.078261025 -0.429184943 -40.590759277
-0.432390213 0.027540455 0.901268780 247.831634521 0.082349956 0.996560693 0.009055667 -0.088210434 -0.897917390 0.078135088 -0.433169901 -41.640888214
-0.436078429 0.027820101 0.899481356 249.985061646 0.082670823 0.996532261 0.009257939 -0.100767188 -0.896102428 0.078398131 -0.436865062 -42.718559265
-0.439370811 0.027651042 0.897882938 252.111785889 0.082097337 0.996577561 0.009483187 -0.101986937 -0.894545496 0.077880494 -0.440136194 -43.781757355
-0.443278879 0.027812818 0.895955026 254.308166504 0.081012890 0.996669412 0.009142366 -0.110302433 -0.892714262 0.076636575 -0.444054902 -44.864486694
-0.446377307 0.028327219 0.894399107 256.421600342 0.081255458 0.996650994 0.008987341 -0.103993967 -0.891146958 0.076686643 -0.447183341 -45.958629608
-0.449643940 0.029888751 0.892710388 258.574401855 0.081805147 0.996615767 0.007836383 -0.087772869 -0.889452696 0.076552004 -0.450566590 -47.042469025
-0.453940153 0.029836565 0.890535355 260.755828857 0.082617499 0.996541381 0.008725158 -0.108951010 -0.887192547 0.077534586 -0.454834521 -48.164993286
-0.457371503 0.031510346 0.888720214 262.853790283 0.084805042 0.996361136 0.008317336 -0.123330325 -0.885221660 0.079172157 -0.458378702 -49.271274567
-0.460574746 0.032342330 0.887034416 264.989074707 0.085653409 0.996290088 0.008147950 -0.117988169 -0.883477569 0.079730354 -0.461635530 -50.388317108
-0.463800550 0.034244470 0.885280550 267.152984619 0.087520495 0.996134102 0.007319732 -0.125898793 -0.881604970 0.080875181 -0.465004057 -51.535095215
-0.465813488 0.036504678 0.884132624 269.269622803 0.089444473 0.995972037 0.006002314 -0.132152900 -0.880349815 0.081876792 -0.467201829 -52.677749634
-0.469126552 0.037056506 0.882356226 271.464752197 0.090251721 0.995898366 0.006159660 -0.129218027 -0.878506184 0.082523905 -0.470546037 -53.854499817
-0.472248793 0.037110876 0.880686879 273.581604004 0.090384938 0.995884120 0.006501857 -0.142675534 -0.876818061 0.082671404 -0.473658442 -55.021190643
-0.475580961 0.038162872 0.878847003 275.754394531 0.089877829 0.995936513 0.005389360 -0.133395359 -0.875067353 0.081552006 -0.477077514 -56.197845459
-0.479136616 0.039079975 0.876873314 277.955932617 0.090079665 0.995921075 0.004835272 -0.139664114 -0.873104632 0.081305243 -0.480701685 -57.421066284
-0.482155353 0.039383642 0.875203490 280.113128662 0.089851722 0.995942473 0.004683123 -0.145177916 -0.871464789 0.080896601 -0.483736724 -58.614521027
-0.484846264 0.039355360 0.873717070 282.295196533 0.088510022 0.996064603 0.004250032 -0.143656731 -0.870108068 0.079393409 -0.486420631 -59.839260101
-0.487686634 0.039727055 0.872117937 284.523529053 0.089536034 0.995970786 0.004699589 -0.154085591 -0.868414164 0.080378003 -0.489277780 -61.103099823
-0.489616543 0.039662063 0.871038854 286.679870605 0.090641156 0.995866120 0.005604063 -0.154999256 -0.867212594 0.081695892 -0.491186768 -62.343944550
-0.491781712 0.039485369 0.869826198 288.868743896 0.091491193 0.995782852 0.006524176 -0.162324980 -0.865897238 0.082789972 -0.493319511 -63.600021362
-0.494251102 0.039211467 0.868437946 291.100952148 0.091517307 0.995776415 0.007123995 -0.162686706 -0.864487231 0.082998201 -0.495751321 -64.866645813
-0.496071398 0.039038450 0.867407203 293.287200928 0.091278255 0.995796382 0.007385501 -0.145332232 -0.863469422 0.082839169 -0.497548729 -66.150238037
-0.499800384 0.038420275 0.865291655 295.529510498 0.092418134 0.995676339 0.009172047 -0.148862734 -0.861194789 0.084552824 -0.501189291 -67.441749573
-0.500705302 0.038549546 0.864762485 297.740753174 0.092663117 0.995652556 0.009268427 -0.147797137 -0.860642672 0.084772311 -0.502099752 -68.764183044
-0.502683580 0.039405551 0.863575459 299.955535889 0.092233256 0.995701551 0.008254081 -0.137341604 -0.859534919 0.083799586 -0.504156351 -70.075653076
-0.505631030 0.040739831 0.861790895 302.228729248 0.090872839 0.995841146 0.006240217 -0.147273362 -0.857949615 0.081468649 -0.507229328 -71.413291931
-0.508570611 0.040334139 0.860078633 304.422637939 0.089153998 0.995997846 0.006009231 -0.150038034 -0.856391072 0.079735570 -0.510130167 -72.728225708
-0.512528598 0.038682640 0.857801795 306.680603027 0.087007970 0.996180654 0.007063601 -0.147194520 -0.854249418 0.078255937 -0.513935447 -74.087860107
-0.518096089 0.036648568 0.854540467 308.997680664 0.084944800 0.996345043 0.008770727 -0.144094408 -0.851092815 0.077132881 -0.519314349 -75.466567993
-0.522427440 0.035383239 0.851952910 311.212493896 0.083719373 0.996437728 0.009953739 -0.135004610 -0.848562837 0.076525107 -0.523527443 -76.839668274
-0.526660204 0.035181250 0.849351287 313.481170654 0.083314516 0.996467233 0.010386152 -0.134540036 -0.845982254 0.076233290 -0.527729452 -78.236343384
-0.531356692 0.036642373 0.846358955 315.770477295 0.085956581 0.996237993 0.010833554 -0.131445497 -0.842775106 0.078506641 -0.532505870 -79.658126831
-0.534592927 0.037429184 0.844284236 317.991851807 0.086618878 0.996182323 0.010683052 -0.126960605 -0.840657890 0.078842044 -0.535792589 -81.092552185
-0.538624108 0.037351701 0.841721594 320.312927246 0.087030262 0.996137381 0.011487354 -0.127020612 -0.838038087 0.079442650 -0.539792895 -82.578094482
-0.542108655 0.036048282 0.839538574 322.488006592 0.087096304 0.996106744 0.013468947 -0.111826167 -0.835781336 0.080422349 -0.543136299 -84.027221680
-0.546482623 0.034301665 0.836771548 324.731781006 0.085752018 0.996199012 0.015166266 -0.102611944 -0.833067596 0.080042973 -0.547345340 -85.494926453
-0.550484538 0.034210734 0.834147990 327.031951904 0.085258685 0.996237636 0.015406802 -0.097501889 -0.830479443 0.079599611 -0.551328421 -87.010124207
-0.554281712 0.033495788 0.831658721 329.222167969 0.084403872 0.996298969 0.016126435 -0.077653430 -0.828037500 0.079133868 -0.555055797 -88.475608826
-0.558189154 0.033633500 0.829035580 331.451507568 0.085649244 0.996173918 0.017253397 -0.065858088 -0.825279891 0.080637015 -0.558932841 -90.010742188
-0.562826991 0.032696903 0.825931549 333.736267090 0.085265175 0.996181250 0.018666832 -0.055401921 -0.822163820 0.080929480 -0.563464522 -91.567481995
-0.565938830 0.031678278 0.823842168 335.887451172 0.083966173 0.996278107 0.019371891 -0.034256209 -0.820158899 0.080138281 -0.566491246 -93.056274414
-0.569537401 0.030840205 0.821390390 338.128784180 0.083143510 0.996329665 0.020241704 -0.009447237 -0.817748249 0.079821773 -0.570010126 -94.635498047
-0.572613716 0.030191200 0.819272876 340.379516602 0.083503135 0.996270001 0.021648996 0.017084206 -0.815560400 0.080808438 -0.572997928 -96.207023621
-0.575168729 0.028654518 0.817536414 342.566467285 0.080515884 0.996514320 0.021718416 0.030320378 -0.814061582 0.078316517 -0.575470150 -97.766975403
-0.577273488 0.028669115 0.816051126 344.866027832 0.077215627 0.996819377 0.019602444 0.071585491 -0.812890530 0.074327953 -0.577650189 -99.403411865
-0.580178380 0.027720297 0.814021349 347.025665283 0.073074915 0.997159481 0.018125953 0.084258966 -0.811203599 0.070000939 -0.580554962 -100.924926758
-0.584587991 0.024790406 0.810955226 349.206756592 0.070506670 0.997301638 0.020338757 0.113408327 -0.808259964 0.069067679 -0.584757388 -102.520065308
-0.588142693 0.024256524 0.808396995 351.439147949 0.072602019 0.997095525 0.022902463 0.146230847 -0.805490851 0.072161339 -0.588194549 -104.136032104
-0.590526223 0.025000976 0.806634665 353.608245850 0.072298296 0.997137308 0.022023123 0.176874146 -0.803772509 0.071323715 -0.590642154 -105.741569519
-0.594176173 0.023347287 0.803999543 355.786010742 0.069152161 0.997357786 0.022142984 0.199462801 -0.801355898 0.068755329 -0.594219685 -107.342430115
-0.597226679 0.020358112 0.801817417 358.027191162 0.067474671 0.997406781 0.024933776 0.240654975 -0.799228251 0.068993703 -0.597050667 -109.031944275
-0.600065172 0.018659580 0.799736798 360.187164307 0.066366583 0.997439981 0.026524281 0.286304206 -0.797192395 0.068992317 -0.599766552 -110.649513245
-0.603196859 0.017505370 0.797403634 362.337554932 0.064286657 0.997570574 0.026730066 0.325742453 -0.794996500 0.067386113 -0.602856040 -112.280769348
-0.606512427 0.016797788 0.794900000 364.537506104 0.063202351 0.997628808 0.027141852 0.357037067 -0.792557120 0.066701636 -0.606135130 -113.960876465
-0.608916640 0.016478902 0.793066621 366.678558350 0.062788717 0.997645795 0.027479384 0.399289697 -0.790744662 0.066528529 -0.608516574 -115.614387512
-0.611587346 0.016250186 0.791013598 368.818969727 0.063107871 0.997602701 0.028298797 0.441258281 -0.788655400 0.067226596 -0.611145437 -117.264762878
-0.613669813 0.013607417 0.789449155 370.952148438 0.058890283 0.997852445 0.028578145 0.461696655 -0.787362933 0.064028643 -0.613151848 -118.923034668
-0.616284192 0.009865738 0.787465751 373.085906982 0.048842963 0.998472571 0.025716005 0.490879565 -0.786007345 0.054310791 -0.615823150 -120.585838318
-0.620576143 0.013723141 0.784029901 375.207641602 0.042711396 0.998951495 0.016321976 0.565734088 -0.782981992 0.043616358 -0.620509684 -122.239318848
-0.622497678 0.022344453 0.782306492 377.368621826 0.050334860 0.998663247 0.011528411 0.545062125 -0.781001270 0.046554003 -0.622788310 -123.978309631
-0.623461068 0.023978189 0.781490326 379.487915039 0.057817545 0.998204291 0.015498423 0.536615610 -0.779713452 0.054846812 -0.623725891 -125.674621582
-0.625130057 0.014623135 0.780387342 381.504516602 0.057367861 0.997978449 0.027254172 0.551445961 -0.778409362 0.061806828 -0.624703169 -127.346954346
-0.628056765 0.004772355 0.778156340 383.650238037 0.051974416 0.998002946 0.035828356 0.618882179 -0.776429653 0.062946692 -0.627048433 -129.070251465
-0.631428182 -0.001257264 0.775436819 385.748962402 0.046514653 0.998134017 0.039494622 0.697355032 -0.774037898 0.061007429 -0.630189300 -130.771514893
-0.633942127 -0.001483565 0.773382545 387.879608154 0.045499362 0.998191953 0.039210670 0.772464037 -0.772041082 0.060045980 -0.632726192 -132.508285522
-0.636278510 0.003360864 0.771455705 389.965148926 0.050281662 0.998042405 0.037123151 0.823754370 -0.769819200 0.062411003 -0.635199666 -134.227554321
-0.638816178 0.008873691 0.769311845 392.006866455 0.053637221 0.998011708 0.033027314 0.868305445 -0.767487705 0.062362388 -0.638019562 -135.943466187
-0.641277790 0.013216765 0.767198563 394.107452393 0.055850245 0.998000979 0.029490661 0.924438953 -0.765273869 0.061760187 -0.640731692 -137.705001831
-0.644190550 0.012946390 0.764758945 396.165527344 0.056321651 0.997942507 0.030548355 0.972470284 -0.762789071 0.062751681 -0.643592000 -139.442352295
-0.647017777 0.012436884 0.762377024 398.188751221 0.056874219 0.997865975 0.031989790 1.018745065 -0.760351300 0.064057790 -0.646341920 -141.168518066
-0.649228573 0.011614646 0.760508478 400.276794434 0.057181399 0.997796535 0.033575870 1.069859266 -0.758441508 0.065285571 -0.648459435 -142.950683594
-0.651185393 0.011348911 0.758837700 402.309814453 0.057430726 0.997755408 0.034361243 1.129802585 -0.756743252 0.065956362 -0.650372744 -144.720672607
-0.652586579 0.012045305 0.757622182 404.303222656 0.057787631 0.997750044 0.033912998 1.177567005 -0.755507886 0.065912597 -0.651811659 -146.452896118
-0.653805435 0.012607550 0.756561220 406.395782471 0.058406956 0.997716427 0.033847898 1.237355947 -0.754405677 0.066318639 -0.653045952 -148.258987427
-0.655216992 0.012192389 0.755345881 408.406219482 0.059884522 0.997559011 0.035844132 1.289667487 -0.753063977 0.068719462 -0.654345036 -150.015106201
-0.655421972 0.011410371 0.755179942 410.410797119 0.061722286 0.997348249 0.038499475 1.349060178 -0.752736866 0.071845099 -0.654385567 -151.763687134
-0.656841993 0.010807165 0.753954113 412.454925537 0.063061297 0.997179270 0.040645223 1.415312290 -0.751386940 0.074243098 -0.655668080 -153.567947388
-0.658583939 0.010835776 0.752432287 414.459289551 0.061801590 0.997294962 0.039731257 1.487580538 -0.749965429 0.072668217 -0.657469571 -155.319732666
-0.659145057 0.011001902 0.751938343 416.496704102 0.058247678 0.997633755 0.036462843 1.551857114 -0.749756873 0.067833327 -0.658223569 -157.114334106
-0.660604596 0.011059559 0.750655472 418.535827637 0.055978402 0.997831345 0.034561846 1.609096885 -0.748644233 0.064852588 -0.659788311 -158.903457642
-0.662099183 0.010367918 0.749347448 420.523193359 0.055273652 0.997854292 0.035031803 1.673092604 -0.747375250 0.064614080 -0.661248803 -160.696228027
-0.662719190 0.008804004 0.748818934 422.544891357 0.053371925 0.997941077 0.035502221 1.710686445 -0.746963799 0.063494295 -0.661821902 -162.468322754
-0.663391590 0.008216674 0.748230040 424.541320801 0.050836574 0.998121798 0.034111600 1.777901411 -0.746543646 0.060667191 -0.662560701 -164.250717163
-0.664955318 0.007546975 0.746848047 426.548980713 0.050015286 0.998152077 0.034444615 1.831855893 -0.745206952 0.060258292 -0.664101303 -166.059738159
-0.664734185 0.006250212 0.747056723 428.530548096 0.050410863 0.998058736 0.036505580 1.898873091 -0.745377362 0.061926614 -0.663756490 -167.845016479
-0.665297508 0.004218664 0.746569514 430.538726807 0.051332451 0.997873425 0.040105648 1.954399824 -0.744811594 0.065005735 -0.664097011 -169.640472412
-0.663533747 0.003832015 0.748139679 432.515289307 0.056719430 0.997364044 0.045196556 2.030313253 -0.745993197 0.072423764 -0.661999702 -171.425567627
-0.662080348 0.001636290 0.749434233 434.529174805 0.059305526 0.996973336 0.050216135 2.096990585 -0.747082651 0.077692978 -0.660171032 -173.249710083
-0.661499679 0.000091717 0.749948621 436.531616211 0.054149710 0.997393072 0.047641318 2.203838110 -0.747987926 0.072124511 -0.659777641 -175.046981812
-0.659519792 -0.000357738 0.751690030 438.561462402 0.047695532 0.997962475 0.042322163 2.293648720 -0.750172377 0.063764885 -0.658156514 -176.801712036
-0.657821894 -0.002048729 0.753173769 440.570220947 0.042769294 0.998278797 0.040070124 2.393652439 -0.751958072 0.058572058 -0.656599462 -178.557601929
-0.656182230 -0.002522425 0.754601538 442.562957764 0.041716866 0.998341680 0.039613076 2.451422215 -0.753448308 0.057473343 -0.654986203 -180.339599609
-0.652888358 -0.002243040 0.757454157 444.592712402 0.042980045 0.998272657 0.040002819 2.512677431 -0.756233752 0.058673128 -0.651661158 -182.083175659
-0.650182545 -0.002421917 0.759777546 446.604461670 0.043445140 0.998238146 0.040360328 2.595591545 -0.758534968 0.059250556 -0.648928583 -183.846450806
-0.648316741 -0.002037981 0.761371374 448.624633789 0.041347090 0.998424530 0.037879981 2.651332855 -0.760247052 0.056039065 -0.647207856 -185.606597900
-0.646123886 -0.006453072 0.763208628 450.695343018 0.034386698 0.998700559 0.037555538 2.724111795 -0.762457252 0.050510135 -0.645059168 -187.339218140
-0.645860732 -0.011846613 0.763366818 452.728210449 0.026837733 0.998907089 0.038208451 2.804468155 -0.762983263 0.045164749 -0.644833744 -189.108932495
-0.644144952 -0.015145476 0.764756799 454.800628662 0.019953579 0.999128819 0.036593646 2.860134602 -0.764642775 0.038831633 -0.643278539 -190.784103394
-0.643898666 -0.015792927 0.764951169 456.809448242 0.017626243 0.999213219 0.035466280 2.921156883 -0.764907420 0.036320288 -0.643110573 -192.495330811
-0.643305123 -0.015851423 0.765449047 458.852844238 0.019491432 0.999120235 0.037071530 2.982748032 -0.765361428 0.038768373 -0.642426968 -194.259994507
-0.641331971 -0.017269867 0.767072439 460.911376953 0.020720784 0.998989820 0.039815381 3.038707972 -0.766983271 0.041429568 -0.640323162 -195.977722168
-0.639835536 -0.018954022 0.768281162 462.932617188 0.019544093 0.998968840 0.040921792 3.120639801 -0.768262804 0.041198932 -0.638802230 -197.676605225
-0.639187634 -0.019349955 0.768810630 465.003051758 0.017520426 0.999055147 0.039711323 3.188078642 -0.768850923 0.038853243 -0.638241589 -199.402893066
-0.637934208 -0.018781744 0.769865453 467.046997070 0.016113328 0.999155819 0.037727527 3.260989189 -0.769922137 0.036473136 -0.637089789 -201.106994629
-0.637156248 -0.016503943 0.770561576 469.085662842 0.017178554 0.999215961 0.035605725 3.321488142 -0.770542979 0.035923917 -0.636369705 -202.813095093
-0.636255383 -0.016824815 0.771298647 471.151916504 0.018990947 0.999115050 0.037460197 3.376609325 -0.771244466 0.038482301 -0.635369480 -204.529357910
-0.635045111 -0.016995501 0.772291660 473.190155029 0.020590018 0.999027729 0.038916044 3.447394609 -0.772200406 0.040615302 -0.634074450 -206.236495972
