1.000000000 -0.000000000 0.000000000 0.000000000 -0.000000000 1.000000000 0.000000000 0.000000000 0.000000000 0.000000000 1.000000000 0.000000000
0.999997854 -0.001377540 -0.001524770 -0.005062342 0.001381089 0.999996305 0.002328957 -0.017026898 0.001521556 -0.002331058 0.999996185 1.520481586
0.999993384 -0.001634203 -0.003259452 -0.004770039 0.001645201 0.999992967 0.003374374 -0.041418795 0.003253915 -0.003379714 0.999988973 3.059242487
0.999989986 -0.000951693 -0.004361101 -0.010229003 0.000966761 0.999993742 0.003454372 -0.052187063 0.004357787 -0.003458555 0.999984562 4.540017128
0.999981523 -0.000652181 -0.005997534 -0.028789276 0.000671118 0.999994993 0.003155950 -0.084030412 0.005995444 -0.003159919 0.999977112 6.074309349
0.999970973 -0.000565541 -0.007557419 -0.045477461 0.000593527 0.999993205 0.003701515 -0.113587238 0.007555272 -0.003705895 0.999964714 7.574515343
0.999956727 -0.000988489 -0.009233149 -0.052327164 0.001025065 0.999992073 0.003957484 -0.129436776 0.009229159 -0.003966781 0.999949694 9.079205513
0.999937773 -0.002174735 -0.010923726 -0.064315520 0.002213357 0.999991834 0.003524652 -0.159868449 0.010915964 -0.003548614 0.999934316 10.576897621
0.999908984 -0.003573897 -0.013003504 -0.074156299 0.003609630 0.999990463 0.002725440 -0.166934818 0.012993628 -0.002772132 0.999911964 12.069288254
0.999890566 -0.003540627 -0.014358201 -0.102967940 0.003581706 0.999990284 0.002836277 -0.197155327 0.014348009 -0.002887395 0.999893069 13.549457550
0.999891996 -0.003102473 -0.014355844 -0.136193797 0.003154197 0.999989450 0.003581756 -0.219672456 0.014344567 -0.003626654 0.999890804 15.046457291
0.999873877 -0.002223853 -0.015710656 -0.174900308 0.002286960 0.999990225 0.004000047 -0.252787650 0.015701596 -0.004035477 0.999868870 16.537837982
0.999880850 -0.000626752 -0.015412364 -0.195092633 0.000702982 0.999988377 0.004941226 -0.266429186 0.015409081 -0.004951475 0.999869287 17.990699768
0.999874294 -0.000141466 -0.015847234 -0.217213511 0.000230190 0.999985278 0.005597167 -0.286906242 0.015846206 -0.005600115 0.999859035 19.450250626
0.999884903 0.000340811 -0.015152620 -0.261758953 -0.000247941 0.999981999 0.006130575 -0.312587976 0.015154435 -0.006126117 0.999866664 20.924163818
0.999882936 0.001160427 -0.015237449 -0.283047765 -0.001064132 0.999980271 0.006326431 -0.331819117 0.015244490 -0.006309481 0.999864161 22.384567261
0.999846399 0.001663169 -0.017421851 -0.294910371 -0.001537981 0.999973714 0.007196836 -0.355876744 0.017433373 -0.007168942 0.999822557 23.829751968
0.999806046 0.002301130 -0.019538278 -0.298689336 -0.002169198 0.999975622 0.006771244 -0.353578925 0.019553389 -0.006727554 0.999786437 25.268323898
0.999822259 0.002527509 -0.018661065 -0.333286524 -0.002381193 0.999967098 0.007858999 -0.398736030 0.018680323 -0.007813174 0.999795318 26.712287903
0.999819279 0.003146914 -0.018727198 -0.362907737 -0.003035897 0.999978542 0.005953880 -0.418683171 0.018745538 -0.005895957 0.999807298 28.144884109
0.999863267 0.001251572 -0.016465936 -0.418246657 -0.001177804 0.999990046 0.004489229 -0.424847722 0.016471399 -0.004469228 0.999854684 29.605808258
0.999902904 0.000268093 -0.013891286 -0.469162792 -0.000190982 0.999985397 0.005552328 -0.423434764 0.013892584 -0.005549141 0.999888480 31.049869537
0.999876201 -0.000899813 -0.015672905 -0.475090593 0.001052013 0.999953151 0.009705525 -0.474159926 0.015663447 -0.009720822 0.999830306 32.436363220
0.999884307 -0.001529770 -0.015097916 -0.482337594 0.001672719 0.999954760 0.009460061 -0.490241289 0.015082769 -0.009484232 0.999841452 33.843166351
0.999885261 -0.001782555 -0.015007666 -0.520025671 0.001878929 0.999978662 0.006409992 -0.501293480 0.014995924 -0.006437463 0.999866962 35.218746185
0.999888897 -0.001393146 -0.014812105 -0.547029257 0.001470253 0.999986410 0.005196052 -0.516935229 0.014804672 -0.005217259 0.999876916 36.578063965
0.999906600 -0.000464563 -0.013623245 -0.559635222 0.000526513 0.999990463 0.004544229 -0.547921062 0.013621012 -0.004550984 0.999896944 37.932552338
0.999918699 0.000280223 -0.012715363 -0.577348769 -0.000209023 0.999985278 0.005600633 -0.569703102 0.012716751 -0.005597526 0.999903381 39.273803711
0.999935329 0.000218361 -0.011333416 -0.610766947 -0.000136086 0.999974489 0.007259910 -0.594864428 0.011334722 -0.007257905 0.999909282 40.599868774
0.999952972 0.000534756 -0.009632119 -0.610132337 -0.000452461 0.999964058 0.008544121 -0.612269878 0.009636353 -0.008539368 0.999916911 41.896690369
0.999970734 0.000632481 -0.007552499 -0.628971159 -0.000562872 0.999957919 0.009215432 -0.626828253 0.007558022 -0.009210918 0.999928832 43.159305573
0.999990106 0.000324010 -0.004323090 -0.641436279 -0.000285468 0.999960780 0.008913269 -0.648185730 0.004325822 -0.008911953 0.999950707 44.420036316
0.999999523 -0.000239144 -0.000344904 -0.638430893 0.000241525 0.999976397 0.006921109 -0.667521894 0.000343254 -0.006921194 0.999975920 45.671150208
0.999992430 -0.000277583 0.003772960 -0.613884151 0.000256649 0.999984980 0.005547743 -0.692311108 -0.003774431 -0.005546737 0.999977410 46.911052704
0.999974310 -0.000138981 0.007098701 -0.636050522 0.000097118 0.999983072 0.005897199 -0.703639090 -0.007099386 -0.005896363 0.999957323 48.097175598
0.999921143 0.000119740 0.012523811 -0.612089455 -0.000193771 0.999982953 0.005910074 -0.732646048 -0.012522876 -0.005912041 0.999904037 49.309337616
0.999817193 0.001244465 0.019058440 -0.603324473 -0.001345700 0.999985397 0.005299767 -0.748743832 -0.019051557 -0.005324451 0.999804258 50.502429962
0.999639213 0.002506903 0.026725480 -0.572775185 -0.002646955 0.999983311 0.005206194 -0.770592213 -0.026711972 -0.005275062 0.999629259 51.718276978
0.999390006 0.004129892 0.034672398 -0.529560447 -0.004337726 0.999973536 0.005921031 -0.790059447 -0.034647018 -0.006067822 0.999381304 52.884212494
0.998960972 0.006066746 0.045160931 -0.485269338 -0.006364070 0.999959588 0.006442693 -0.811953306 -0.045120001 -0.006723409 0.998959184 54.062740326
0.998281360 0.008313219 0.058005359 -0.418764353 -0.008705188 0.999941528 0.006507934 -0.830353022 -0.057947848 -0.007001699 0.998295188 55.184207916
0.997277319 0.010755512 0.072946317 -0.341414392 -0.011299581 0.999911904 0.007049778 -0.847798049 -0.072864026 -0.007854850 0.997311115 56.297706604
0.995878756 0.012744367 0.089788914 -0.239033908 -0.013506483 0.999878287 0.007885243 -0.858971715 -0.089677438 -0.009065482 0.995929718 57.422374725
0.994213760 0.012929632 0.106632955 -0.132654443 -0.013982619 0.999861121 0.009133004 -0.874438822 -0.106499977 -0.010571175 0.994256496 58.526626587
0.991961122 0.012556791 0.125914395 0.007080117 -0.013746824 0.999869227 0.008586530 -0.900644481 -0.125790015 -0.010248435 0.992004037 59.624515533
0.989190400 0.011273448 0.146199793 0.157132491 -0.012504812 0.999894142 0.007506064 -0.908414483 -0.146099642 -0.009253136 0.989226878 60.715995789
0.985957325 0.007848803 0.166810125 0.338190436 -0.009232621 0.999929667 0.007521857 -0.919437349 -0.166739300 -0.008956335 0.985960603 61.782329559
0.981934190 0.003448186 0.189188406 0.537393034 -0.005237271 0.999946833 0.008957499 -0.934314132 -0.189147398 -0.009786521 0.981900215 62.834617615
0.977285266 -0.001823376 0.211917952 0.760590613 -0.000427718 0.999944746 0.010576175 -0.936670184 -0.211925417 -0.010426597 0.977230549 63.832569122
0.971699119 -0.007536892 0.236098930 1.017926216 0.005247525 0.999933720 0.010323558 -0.963938415 -0.236160949 -0.008792477 0.971674562 64.856643677
0.965338349 -0.013775144 0.260635048 1.304395556 0.011895482 0.999891400 0.008788094 -0.998658895 -0.260727614 -0.005383125 0.965397835 65.860984802
0.957824707 -0.017868370 0.286794573 1.569092512 0.015787963 0.999830306 0.009565175 -1.000237107 -0.286916673 -0.004633879 0.957944751 66.797523499
0.949120522 -0.020050436 0.314272016 1.920884848 0.017208910 0.999782920 0.011813833 -0.999945104 -0.314440399 -0.005804499 0.949259996 67.782745361
0.939246476 -0.024947111 0.342333645 2.250036001 0.021277562 0.999669731 0.014471258 -1.006360888 -0.342581302 -0.006308083 0.939467549 68.699951172
0.928321660 -0.028184220 0.370706409 2.629609585 0.024557317 0.999594331 0.014501190 -1.026725173 -0.370964259 -0.004358243 0.928637564 69.625701904
0.916470468 -0.027587924 0.399148226 3.052493811 0.025447058 0.999620318 0.010662605 -1.019296646 -0.399290383 0.000385157 0.916825116 70.520179749
0.903314292 -0.028766967 0.428011984 3.445093393 0.029040379 0.999561846 0.005891779 -1.046598554 -0.427993566 0.007107478 0.903754652 71.374969482
0.888939321 -0.030712362 0.456992626 3.911560059 0.032711864 0.999459505 0.003538095 -1.063784242 -0.456853926 0.011803908 0.889464200 72.205627441
0.873169601 -0.031718146 0.486381918 4.380561829 0.032570980 0.999448001 0.006703813 -1.074394584 -0.486325711 0.009988352 0.873721242 73.079010010
0.855749190 -0.031106077 0.516453743 4.828953266 0.029135616 0.999505341 0.011923410 -1.067915559 -0.516568780 0.004843727 0.856232822 73.881217957
0.836082697 -0.031362146 0.547705054 5.379347324 0.027601933 0.999505877 0.015097787 -1.061928749 -0.547907710 0.002494699 0.836535871 74.678283691
0.814966679 -0.025772903 0.578933537 5.935050964 0.023669910 0.999658227 0.011182468 -1.092340708 -0.579023719 0.004589949 0.815298676 75.445419312
0.793218613 -0.018552335 0.608653247 6.494864941 0.019745756 0.999794900 0.004741318 -1.106127501 -0.608616114 0.008257403 0.793422759 76.176872253
0.770594835 -0.015566127 0.637134016 7.134734631 0.018318063 0.999830663 0.002272166 -1.098244905 -0.637061357 0.009920131 0.770750165 76.898231506
0.747275829 -0.018962272 0.664242148 7.704678535 0.020683121 0.999773383 0.005272103 -1.121996164 -0.664191484 0.009798878 0.747499049 77.577850342
0.722822428 -0.019560384 0.690755665 8.353178978 0.021593170 0.999751687 0.005714719 -1.116146803 -0.690695882 0.010784870 0.723065674 78.233085632
0.696994126 -0.018321458 0.716841519 9.021009445 0.022417519 0.999742866 0.003755139 -1.159315705 -0.716725826 0.013452495 0.697225988 78.875091553
0.671513438 -0.015652465 0.740826011 9.676012039 0.021516616 0.999768317 0.001619959 -1.168565750 -0.740679741 0.014852242 0.671694696 79.462173462
0.644303203 -0.013739623 0.764645696 10.395347595 0.020560449 0.999789655 0.000640213 -1.170783043 -0.764493644 0.015308965 0.644450128 80.080390930
0.616142988 -0.012674764 0.787531316 11.080303192 0.021042580 0.999779761 -0.000372431 -1.188297272 -0.787353158 0.016801160 0.616273880 80.617401123
0.587684035 -0.006383948 0.809064209 11.818813324 0.019233678 0.999797821 -0.006081977 -1.216473103 -0.808861732 0.019135566 0.587688088 81.136161804
0.557646334 0.002950758 0.830072343 12.620158195 0.017638562 0.999726951 -0.015403561 -1.224624157 -0.829891205 0.023231026 0.557442069 81.650688171
0.526856840 0.011135176 0.849879920 13.373661041 0.016832061 0.999582648 -0.023531150 -1.264124990 -0.849787354 0.026702793 0.526449323 82.133148193
0.495392710 0.016176071 0.868517399 14.180377960 0.014570576 0.999532461 -0.026927155 -1.292397857 -0.868547022 0.025994327 0.494925171 82.578857422
0.463066965 0.015602082 0.886184990 15.010811806 0.012563709 0.999630570 -0.024164476 -1.323659539 -0.886234403 0.022323556 0.462699562 83.011192322
0.429482847 0.014336333 0.902960241 15.839750290 0.008596024 0.999765337 -0.019961959 -1.357135773 -0.903034389 0.016335204 0.429258555 83.412025452
0.395476669 0.015455914 0.918344975 16.717180252 0.004101488 0.999820590 -0.018593464 -1.389335752 -0.918467283 0.011119885 0.395341933 83.789916992
0.360160917 0.018025048 0.932715118 17.593645096 -0.002769756 0.999831378 -0.018252615 -1.431295991 -0.932886541 0.003990510 0.360149741 84.143630981
0.324616343 0.019968839 0.945634067 18.484943390 -0.007754487 0.999801517 -0.018450774 -1.443732023 -0.945814490 -0.001343459 0.324706376 84.450279236
0.288721263 0.019591570 0.957211673 19.380811691 -0.010652864 0.999796212 -0.017250013 -1.476156473 -0.957354307 -0.005216572 0.288870841 84.716987610
0.251383841 0.019159481 0.967696786 20.315271378 -0.011194032 0.999796450 -0.016887141 -1.507046938 -0.967823088 -0.006587246 0.251546830 84.967124939
0.215636596 0.018401647 0.976299286 21.256072998 -0.010620708 0.999809146 -0.016499011 -1.546451569 -0.976416290 -0.006811169 0.215790600 85.168006897
0.181188330 0.017343584 0.983294666 22.208492279 -0.008230797 0.999837577 -0.016118778 -1.558174849 -0.983414233 -0.005172730 0.181301430 85.332397461
0.145339936 0.015740246 0.989255667 23.175199509 -0.001027441 0.999876678 -0.015758352 -1.604679704 -0.989381552 0.001273949 0.145337954 85.474906921
0.112518959 0.018803231 0.993470728 24.133558273 0.001407657 0.999818265 -0.019082865 -1.648903131 -0.993648887 0.003545682 0.112471804 85.565406799
0.079770789 0.024850972 0.996502459 25.121742249 0.003102944 0.999679685 -0.025178654 -1.649046540 -0.996808648 0.005100642 0.079667874 85.643371582
0.051130962 0.027142264 0.998322070 26.104072571 0.008207752 0.999587059 -0.027597085 -1.727659941 -0.998658538 0.009605075 0.050886821 85.679069519
0.025853422 0.026126746 0.999323249 27.078931808 0.011259166 0.999589026 -0.026425032 -1.750191092 -0.999602556 0.011934751 0.025548393 85.707008362
0.003019911 0.023657659 0.999714613 28.063199997 0.013017445 0.999636412 -0.023695180 -1.771654725 -0.999910831 0.013085311 0.002710622 85.698883057
-0.016398242 0.021368854 0.999636292 29.033039093 0.014203425 0.999677598 -0.021136792 -1.813463330 -0.999764621 0.013851679 -0.016696678 85.681312561
-0.032331388 0.023655504 0.999196351 30.008916855 0.015292488 0.999616444 -0.023170672 -1.857353330 -0.999360204 0.014531080 -0.032680932 85.645286560
-0.047143530 0.028597383 0.998477697 31.025671005 0.018159553 0.999451339 -0.027767900 -1.879933834 -0.998722851 0.016822854 -0.047637153 85.592819214
-0.058853820 0.032910865 0.997722983 32.027622223 0.021873642 0.999260843 -0.031671349 -1.934122562 -0.998026848 0.019959874 -0.059530351 85.520584106
-0.068176061 0.036983300 0.996986628 33.015457153 0.027593289 0.999002159 -0.035171218 -1.973692894 -0.997291565 0.025112318 -0.069128670 85.452400208
-0.073717862 0.041971680 0.996394634 34.006912231 0.030884303 0.998732567 -0.039785240 -2.024639606 -0.996800721 0.027840087 -0.074920841 85.374488831
-0.077664636 0.047246814 0.995858490 35.013507843 0.033707548 0.998431563 -0.044740155 -2.072889328 -0.996409595 0.030093232 -0.079135545 85.290634155
-0.080680661 0.050776277 0.995445013 36.004123688 0.034898702 0.998234928 -0.048090089 -2.139142036 -0.996128917 0.030859813 -0.082310446 85.214164734
-0.082636125 0.053919364 0.995119452 37.020580292 0.035561409 0.998060703 -0.051125702 -2.197885513 -0.995945096 0.031163033 -0.084393509 85.126106262
-0.085506164 0.057290144 0.994688511 38.020805359 0.036363326 0.997861445 -0.054347053 -2.266649485 -0.995673776 0.031523179 -0.087406754 85.035820007
-0.086914755 0.061284699 0.994328141 39.042701721 0.037855007 0.997589886 -0.058176849 -2.331728697 -0.995496094 0.032583892 -0.089025378 84.942253113
-0.088550150 0.062072340 0.994134903 40.065410614 0.038886167 0.997512519 -0.058819585 -2.406542301 -0.995312154 0.033449624 -0.090743810 84.848320007
-0.091096371 0.061670989 0.993929744 41.074512482 0.040134020 0.997498572 -0.058214076 -2.471481562 -0.995032907 0.034587316 -0.093343779 84.754074097
-0.093279436 0.061023887 0.993767083 42.105350494 0.040415172 0.997530758 -0.057461500 -2.550175428 -0.994819283 0.034803301 -0.095515586 84.655990601
-0.095644288 0.062198717 0.993469357 43.149131775 0.039454598 0.997499883 -0.058652688 -2.627893925 -0.994633257 0.033587150 -0.097859375 84.546005249
-0.097903021 0.064333044 0.993113339 44.170021057 0.038410269 0.997410655 -0.060824886 -2.695801020 -0.994454443 0.032190826 -0.100120731 84.453437805
-0.100366749 0.066698007 0.992711365 45.215473175 0.036679845 0.997321963 -0.063299328 -2.772941351 -0.994274259 0.030059375 -0.102544598 84.345169067
-0.102590315 0.070212156 0.992241681 46.238338470 0.034811284 0.997149706 -0.066960253 -2.855034828 -0.994114459 0.027671752 -0.104742266 84.241271973
-0.104687192 0.074142881 0.991736591 47.285717010 0.031006746 0.996977329 -0.071261622 -2.929602861 -0.994021773 0.023290368 -0.106669843 84.134468079
-0.107038476 0.076642036 0.991295636 48.334827423 0.028184084 0.996859431 -0.074028924 -3.020891190 -0.993855357 0.020014836 -0.108862571 84.020576477
-0.110220216 0.074981779 0.991073906 49.390502930 0.026350282 0.997021854 -0.072501279 -3.116985798 -0.993557751 0.018123984 -0.111867942 83.906982422
-0.112921305 0.071412891 0.991033494 50.456161499 0.024441730 0.997313380 -0.069080435 -3.179207325 -0.993303180 0.016421940 -0.114363573 83.789955139
-0.115460925 0.069260277 0.990893602 51.515163422 0.024485838 0.997463286 -0.066866301 -3.282079935 -0.993010104 0.016542433 -0.116864108 83.672065735
-0.117390461 0.069812693 0.990628004 52.572761536 0.023914922 0.997437179 -0.067458555 -3.370521069 -0.992797911 0.015771804 -0.118759356 83.549270630
-0.118506737 0.072567008 0.990297139 53.631267548 0.024543781 0.997237146 -0.070138365 -3.456382275 -0.992649972 0.015993768 -0.119960546 83.410408020
-0.119495653 0.074699476 0.990019679 54.697967529 0.024351289 0.997087836 -0.072293490 -3.545326233 -0.992536187 0.015469499 -0.120966844 83.277160645
-0.119230188 0.075830139 0.989965618 55.776599884 0.024148339 0.997007430 -0.073461056 -3.641522884 -0.992573142 0.015147259 -0.120704673 83.151702881
-0.119554363 0.074838139 0.990001976 56.842147827 0.020986846 0.997124374 -0.072842054 -3.723171711 -0.992606044 0.012068447 -0.120781295 83.031990051
-0.119610734 0.074254058 0.990039170 57.935291290 0.017742863 0.997201562 -0.072647579 -3.813912868 -0.992662430 0.008876718 -0.120593615 82.911071777
-0.118930176 0.075007431 0.990064383 59.026782990 0.013422093 0.997174323 -0.073933676 -3.911154985 -0.992812037 0.004495822 -0.119601011 82.766914368
-0.119393066 0.075044505 0.990005851 60.112674713 0.009137958 0.997181594 -0.074486338 -4.000945091 -0.992805243 0.000153513 -0.119742468 82.651290894
-0.118633337 0.074829206 0.990113497 61.225841522 0.005392165 0.997191548 -0.074717991 -4.098246574 -0.992923677 -0.003525155 -0.118703790 82.501831055
-0.118257858 0.069678053 0.990534127 62.328998566 0.004987499 0.997565627 -0.069577120 -4.185952187 -0.992970645 -0.003287720 -0.118317574 82.357955933
-0.118826777 0.061626796 0.990999579 63.435066223 0.008467708 0.998100102 -0.061052915 -4.265592098 -0.992879093 0.001136805 -0.119122967 82.212501526
-0.119805753 0.056233741 0.991202295 64.549537659 0.015306288 0.998382151 -0.054790888 -4.329957962 -0.992679536 0.008607390 -0.120472737 82.113876343
-0.119202733 0.058095280 0.991167724 65.635543823 0.022285316 0.998193443 -0.055826806 -4.432084560 -0.992619932 0.015433800 -0.120282136 81.990783691
-0.117601253 0.063012116 0.991058528 66.778556824 0.027014963 0.997820199 -0.060236238 -4.528713226 -0.992693543 0.019689573 -0.119047262 81.811042786
-0.117609687 0.068822302 0.990670860 67.848136902 0.030817436 0.997369766 -0.065628998 -4.587204456 -0.992581725 0.022811357 -0.119421363 81.712493896
-0.116406731 0.071502201 0.990622938 68.971282959 0.031771280 0.997164249 -0.068240881 -4.714481831 -0.992693484 0.023529695 -0.118348464 81.558105469
-0.116174251 0.070596136 0.990715146 70.124183655 0.031107282 0.997241437 -0.067413375 -4.762430668 -0.992741823 0.022986792 -0.118049942 81.441726685
-0.115297399 0.066441484 0.991104841 71.267456055 0.031146521 0.997513115 -0.063247658 -4.825325966 -0.992842793 0.023577219 -0.117080189 81.303733826
-0.115043879 0.064128809 0.991286695 72.409408569 0.027453884 0.997739375 -0.061360020 -4.915452480 -0.992981315 0.020155612 -0.116544515 81.166984558
-0.115118772 0.065021805 0.991219819 73.574317932 0.025456678 0.997721732 -0.062491793 -5.010523796 -0.993025899 0.018039223 -0.116511941 81.029174805
-0.114863336 0.069385320 0.990953565 74.693923950 0.024878472 0.997446597 -0.066956222 -5.111268520 -0.993070066 0.016962636 -0.116296463 80.896224976
-0.114265122 0.072154902 0.990824938 75.851242065 0.026172599 0.997232318 -0.069603167 -5.202660561 -0.993106008 0.017979285 -0.115837567 80.769958496
-0.114677742 0.070495829 0.990896642 76.965011597 0.024099583 0.997383714 -0.068168238 -5.316695690 -0.993110836 0.016062848 -0.116076849 80.648223877
-0.112980597 0.065225333 0.991452575 78.160766602 0.028103191 0.997654498 -0.062430844 -5.363057613 -0.993200421 0.020809541 -0.114548855 80.497993469
-0.112903617 0.063352026 0.991582811 79.367462158 0.027585292 0.997781396 -0.060607128 -5.461811066 -0.993223667 0.020510366 -0.114400931 80.362052917
-0.113098972 0.065861106 0.991396964 80.509590149 0.024867661 0.997676611 -0.063441344 -5.545505524 -0.993273199 0.017478604 -0.114474215 80.228546143
-0.113363028 0.068571761 0.991183043 81.659286499 0.023435276 0.997523427 -0.066330075 -5.638794899 -0.993277967 0.015709305 -0.114689462 80.112190247
-0.113454603 0.068038806 0.991209269 82.851722717 0.023056798 0.997564971 -0.065835983 -5.722068310 -0.993276298 0.015384751 -0.114747293 79.969505310
-0.112742901 0.065065667 0.991490066 84.037208557 0.022823473 0.997760892 -0.062881909 -5.798190594 -0.993362784 0.015539792 -0.113975659 79.845016479
-0.111804940 0.063944921 0.991669178 85.238960266 0.023318296 0.997822523 -0.061712656 -5.900797367 -0.993457317 0.016224282 -0.113052741 79.707221985
-0.111145943 0.064257272 0.991723001 86.441909790 0.024885423 0.997775555 -0.061860386 -5.993865967 -0.993493140 0.017803947 -0.112497948 79.553062439
-0.109863631 0.064285532 0.991864145 87.636680603 0.027022045 0.997731507 -0.061672688 -6.083177090 -0.993580043 0.020026639 -0.111351714 79.415924072
-0.108393922 0.064278737 0.992026269 88.865119934 0.026980216 0.997731030 -0.061700314 -6.158064842 -0.993742645 0.020077169 -0.109882392 79.296463013
-0.107472666 0.063918717 0.992149711 90.042083740 0.026356110 0.997764766 -0.061425418 -6.264573574 -0.993859529 0.019547680 -0.108917229 79.158477783
-0.105682172 0.062919669 0.992405832 91.271461487 0.028701257 0.997774482 -0.060203549 -6.347901821 -0.993986547 0.022120880 -0.107252993 79.034896851
-0.105489753 0.061787926 0.992497444 92.497375488 0.026629368 0.997886598 -0.059292983 -6.430667400 -0.994064867 0.020174796 -0.106912307 78.908760071
-0.103422515 0.061352655 0.992742002 93.718833923 0.028192878 0.997876704 -0.058732826 -6.512240410 -0.994238913 0.021913972 -0.104932748 78.783378601
-0.101470530 0.062084932 0.992897868 94.947212219 0.026870096 0.997858822 -0.059649047 -6.596351147 -0.994476676 0.020626651 -0.102921598 78.658576965
-0.100852996 0.064122394 0.992831290 96.186622620 0.025799023 0.997754872 -0.061819654 -6.694755554 -0.994567811 0.019379383 -0.102280930 78.532676697
-0.099295512 0.063880101 0.993003905 97.409461975 0.024710836 0.997788668 -0.061716929 -6.764111519 -0.994752228 0.018409746 -0.100654542 78.421653748
-0.098646156 0.062530935 0.993154466 98.674705505 0.021973999 0.997918069 -0.060648263 -6.864002228 -0.994880974 0.015840858 -0.099814951 78.290992737
-0.098463669 0.062635362 0.993165910 99.912345886 0.017479040 0.997972906 -0.061205618 -6.967977047 -0.994988143 0.011333054 -0.099358998 78.187149048
-0.099431619 0.062343888 0.993087947 101.161041260 0.014877516 0.998017490 -0.061163779 -7.049279213 -0.994934082 0.008693058 -0.100162156 78.067176819
-0.100408360 0.060471442 0.993105471 102.446998596 0.014202540 0.998137295 -0.059341908 -7.133714676 -0.994845986 0.008146185 -0.101080313 77.943534851
-0.101115517 0.058635570 0.993143797 103.687263489 0.011297431 0.998265505 -0.057787746 -7.226840019 -0.994811594 0.005376718 -0.101602688 77.838684082
-0.102572232 0.057905816 0.993037224 104.950866699 0.009452574 0.998316228 -0.057237290 -7.314156532 -0.994681716 0.003515781 -0.102946974 77.707359314
-0.105100065 0.057804693 0.992778718 106.227226257 0.008609119 0.998324931 -0.057216261 -7.405576229 -0.994425476 0.002533496 -0.105421774 77.568351746
-0.107217208 0.056136344 0.992648005 107.471366882 0.008052372 0.998421252 -0.055593118 -7.503620148 -0.994204223 0.002032609 -0.107500054 77.452514648
-0.109592676 0.053075999 0.992556989 108.756286621 0.009058088 0.998585284 -0.052398264 -7.564393997 -0.993936479 0.003248182 -0.109918520 77.321685791
-0.113561668 0.052485641 0.992142320 110.004013062 0.007735280 0.998620212 -0.051943030 -7.651061058 -0.993502021 0.001775738 -0.113811098 77.179336548
-0.119673952 0.056927267 0.991178513 111.249038696 0.001623944 0.998364866 -0.057144009 -7.753168106 -0.992813230 -0.005229069 -0.119570851 77.039848328
-0.127608851 0.059455927 0.990039587 112.509902954 -0.002204546 0.998182416 -0.060229160 -7.843151569 -0.991823435 -0.009868410 -0.127245978 76.868301392
-0.135933116 0.056776442 0.989088535 113.731826782 0.003568401 0.998378336 -0.056819342 -7.928479195 -0.990712941 -0.004194206 -0.135915399 76.730133057
-0.146316051 0.054425959 0.987738252 114.989707947 0.005781684 0.998515487 -0.054163415 -8.014127731 -0.989222229 -0.002214223 -0.146413654 76.561683655
-0.160097495 0.054772105 0.985579133 116.215499878 0.006157102 0.998495579 -0.054489814 -8.125755310 -0.987083256 -0.002655410 -0.160194054 76.333915710
-0.174212009 0.054708648 0.983185828 117.434577942 0.006534413 0.998497784 -0.054402906 -8.205779076 -0.984687746 -0.003053137 -0.174307987 76.136886597
-0.188003466 0.054626606 0.980646729 118.677268982 0.008927075 0.998506010 -0.053910092 -8.265090942 -0.982128978 -0.001381011 -0.188210517 75.922752380
-0.203807607 0.055345654 0.977443993 119.876274109 0.011751163 0.998467267 -0.054085888 -8.369222641 -0.978941500 0.000462959 -0.204145893 75.666725159
-0.218899325 0.059435770 0.973934233 121.065635681 0.012889209 0.998232186 -0.058021720 -8.447820663 -0.975663483 -0.000147704 -0.219278753 75.409812927
-0.234831572 0.061984431 0.970056415 122.249198914 0.011687700 0.998072565 -0.060945321 -8.555034637 -0.971967041 -0.002974198 -0.235103816 75.115798950
-0.250725180 0.060502086 0.966164529 123.434051514 0.009505620 0.998150647 -0.060038421 -8.643144608 -0.968012869 -0.005869199 -0.250837088 74.834999084
-0.266384155 0.055543218 0.962264001 124.613510132 0.004310903 0.998396754 -0.056435566 -8.716896057 -0.963858485 -0.010885376 -0.266197026 74.522659302
-0.281576931 0.052541375 0.958097756 125.793830872 0.000904519 0.998513579 -0.054492034 -8.790418625 -0.959539235 -0.014477153 -0.281206518 74.204986572
-0.297356069 0.051921893 0.953352511 126.939559937 -0.001802574 0.998487592 -0.054942418 -8.890657425 -0.954765975 -0.018056029 -0.296813458 73.850296021
-0.311421782 0.054647874 0.948697925 128.102493286 -0.002129362 0.998302221 -0.058204357 -8.972712517 -0.950270295 -0.020146320 -0.310777485 73.499130249
-0.326236635 0.056224532 0.943613350 129.245071411 -0.000503984 0.998218834 -0.059652537 -9.066314697 -0.945288897 -0.019936504 -0.325628072 73.115455627
-0.339776963 0.056559660 0.938802540 130.388656616 0.001433182 0.998219788 -0.059620772 -9.156087875 -0.940505803 -0.018912390 -0.339254111 72.708740234
-0.354097098 0.054620374 0.933610976 131.513092041 0.000845545 0.998310983 -0.058085047 -9.244108200 -0.935209095 -0.019778436 -0.353546172 72.283538818
-0.368575513 0.053836480 0.928036273 132.638061523 0.001225046 0.998348534 -0.057428978 -9.330945969 -0.929597735 -0.020030126 -0.368033797 71.841362000
-0.383253634 0.054777663 0.922016382 133.748321533 -0.000736955 0.998220921 -0.059611522 -9.416312218 -0.923643649 -0.023525918 -0.382532418 71.405784607
-0.398198813 0.056512699 0.915555716 134.831344604 -0.000547125 0.998085260 -0.061844952 -9.512877464 -0.917299867 -0.025127616 -0.397406399 70.934341431
-0.412938833 0.057987843 0.908909917 135.921493530 0.000365609 0.997981131 -0.063504599 -9.594589233 -0.910759568 -0.025891313 -0.412127286 70.446380615
-0.427506477 0.061065175 0.901946664 137.022476196 0.003758285 0.997826993 -0.065775506 -9.686767578 -0.904005468 -0.024729768 -0.426808000 69.946128845
-0.441983670 0.064662278 0.894688547 138.109359741 0.003911873 0.997527421 -0.070162520 -9.789074898 -0.897015452 -0.027510874 -0.441144794 69.420898438
-0.457532912 0.065881804 0.886747777 139.192382812 0.004007511 0.997393608 -0.072034784 -9.895737648 -0.889184475 -0.029404733 -0.456605464 68.869621277
-0.472817510 0.065048844 0.878755271 140.274185181 0.003928453 0.997416735 -0.071719110 -9.987138748 -0.881152511 -0.030457998 -0.471852690 68.309806824
-0.488610834 0.060488295 0.870401919 141.360687256 0.000491299 0.997612536 -0.069053188 -10.067614555 -0.872502506 -0.033312608 -0.487475187 67.709625244
-0.504993916 0.060161427 0.861023068 142.428909302 0.000017727 0.997568071 -0.069691956 -10.181005478 -0.863123655 -0.035178851 -0.503768027 67.110145569
-0.520973027 0.059097704 0.851524234 143.474807739 -0.001744858 0.997524142 -0.070298158 -10.274331093 -0.853572130 -0.038109366 -0.519581258 66.479492188
-0.537100017 0.058675859 0.841474771 144.533218384 -0.001634257 0.997503102 -0.070599005 -10.369256973 -0.843517840 -0.039294034 -0.535664260 65.841957092
-0.552963018 0.057796922 0.831198037 145.572967529 -0.003611887 0.997415066 -0.071757756 -10.471382141 -0.833198845 -0.042681705 -0.551326096 65.172149658
-0.568350792 0.057626519 0.820765078 146.606002808 -0.003397911 0.997370839 -0.072379261 -10.582780838 -0.822780132 -0.043925826 -0.566662073 64.475730896
-0.583705425 0.054115318 0.810159385 147.624740601 -0.005018211 0.997516632 -0.070245698 -10.680625916 -0.811950624 -0.045068491 -0.581985891 63.764495850
-0.599198937 0.051290363 0.798954725 148.635101318 -0.004451024 0.997716427 -0.067388549 -10.768523216 -0.800588429 -0.043935463 -0.597603917 63.019145966
-0.614011943 0.049448304 0.787745535 149.631195068 -0.003935063 0.997830987 -0.065703124 -10.873642921 -0.789287269 -0.043442473 -0.612487316 62.266136169
-0.628912330 0.048491225 0.775961757 150.625518799 -0.003976930 0.997838914 -0.065580137 -10.963272095 -0.777466357 -0.044330250 -0.627362192 61.493595123
-0.643646479 0.048329040 0.763794243 151.596145630 -0.006619134 0.997614622 -0.068702079 -11.076453209 -0.765294492 -0.049275670 -0.641793430 60.689540863
-0.659075737 0.048264433 0.750525057 152.556243896 -0.008199738 0.997417629 -0.071342245 -11.183880806 -0.752032101 -0.053174227 -0.656980157 59.878582001
-0.674848795 0.044526685 0.736610055 153.505264282 -0.010847057 0.997470975 -0.070232950 -11.282710075 -0.737876475 -0.055386879 -0.672661602 59.040233612
-0.690760195 0.038327195 0.722065866 154.438385010 -0.013571124 0.997730434 -0.065942325 -11.366658211 -0.722956598 -0.055349793 -0.688675046 58.160552979
-0.707293749 0.034748018 0.706063628 155.361434937 -0.015858257 0.997759163 -0.064989485 -11.471491814 -0.706741810 -0.057163812 -0.705160558 57.268890381
-0.726280332 0.033122428 0.686598539 156.287384033 -0.016392017 0.997719169 -0.065470845 -11.567956924 -0.687202990 -0.058805134 -0.724083424 56.345714569
-0.743373215 0.027701031 0.668301284 157.168502808 -0.021518517 0.997633815 -0.065287732 -11.672837257 -0.668530405 -0.062914222 -0.741020739 55.378009796
-0.759686887 0.027965954 0.649685621 158.014755249 -0.019362627 0.997658432 -0.065585732 -11.750989914 -0.650000513 -0.062404435 -0.757369161 54.442058563
-0.776047766 0.027518662 0.630071700 158.850540161 -0.019516274 0.997520745 -0.067605153 -11.890778542 -0.630371809 -0.064761698 -0.773589194 53.455165863
-0.790952384 0.029595478 0.611159742 159.654296875 -0.014488999 0.997642934 -0.067062549 -11.955198288 -0.611705840 -0.061898567 -0.788661838 52.449569702
-0.805501223 0.029872086 0.591838717 160.420867920 -0.011403122 0.997761905 -0.065880343 -12.071160316 -0.592483640 -0.059815716 -0.803360462 51.410400391
-0.820166051 0.031416282 0.571260512 161.187255859 -0.009566892 0.997597933 -0.068598025 -12.170916557 -0.572044909 -0.061727166 -0.817898035 50.355770111
-0.833634675 0.031781867 0.551399112 161.891952515 -0.009877789 0.997324944 -0.072418347 -12.300761223 -0.552226901 -0.065817267 -0.831093371 49.295967102
-0.846659064 0.032688558 0.531129003 162.592834473 -0.006910481 0.997351646 -0.072398417 -12.401132584 -0.532089829 -0.064967357 -0.844193220 48.222141266
-0.858754516 0.033329420 0.511300564 163.283782959 -0.003400741 0.997489214 -0.070733793 -12.490494728 -0.512375116 -0.062481977 -0.856487215 47.127872467
-0.869114399 0.033239186 0.493491560 163.916259766 -0.002707098 0.997404456 -0.071948111 -12.597978592 -0.494602919 -0.063867278 -0.866770864 46.029132843
-0.878669918 0.036142644 0.476058185 164.537094116 0.000458504 0.997193396 -0.074861504 -12.735733032 -0.477428645 -0.065560490 -0.876222849 44.902229309
-0.887737453 0.034003269 0.459091038 165.146591187 -0.001453592 0.997055769 -0.076659426 -12.836771011 -0.460346878 -0.068720996 -0.885076821 43.784790039
-0.895937383 0.032180585 0.443011552 165.735275269 -0.002032974 0.997063994 -0.076538868 -12.935688972 -0.444174796 -0.069474898 -0.893243968 42.645469666
-0.903240681 0.029735701 0.428101331 166.306762695 -0.003350590 0.997076571 -0.076325998 -13.058927536 -0.429120332 -0.070375353 -0.900503159 41.485939026
-0.909801483 0.028934138 0.414032191 166.844161987 -0.002912792 0.997096539 -0.076081768 -13.169178009 -0.415032297 -0.070425503 -0.907078445 40.349700928
-0.916174889 0.025544044 0.399962127 167.380859375 -0.005000610 0.997159719 -0.075139679 -13.287295341 -0.400746346 -0.070841350 -0.913447618 39.179588318
-0.921852291 0.021263044 0.386955827 167.901153564 -0.007109081 0.997397125 -0.071742870 -13.386466026 -0.387474895 -0.068887427 -0.919304311 37.987869263
-0.926761925 0.017122671 0.375257015 168.388809204 -0.009047421 0.997652709 -0.067866497 -13.496312141 -0.375539005 -0.066291384 -0.924434185 36.805900574
-0.931255698 0.018070849 0.363916039 168.886291504 -0.006250136 0.997829676 -0.065543123 -13.590523720 -0.364311337 -0.063312121 -0.929123938 35.594032288
-0.934491038 0.021506324 0.355334640 169.343872070 -0.001913628 0.997854948 -0.065427199 -13.716600418 -0.355980277 -0.061821282 -0.932447791 34.393661499
-0.936669111 0.027491281 0.349133283 169.808212280 0.003859961 0.997663617 -0.068202138 -13.818723679 -0.350193143 -0.062535375 -0.934589088 33.189666748
-0.938494742 0.029800013 0.344003797 170.249954224 0.006233444 0.997568309 -0.069410823 -13.931914330 -0.345236242 -0.062997520 -0.936400533 31.994298935
-0.940365493 0.027784236 0.339028269 170.693450928 0.004558541 0.997598112 -0.069111936 -14.028079033 -0.340134591 -0.063445151 -0.938235581 30.793333054
-0.942147315 0.020820025 0.334550828 171.154342651 -0.001279280 0.997838080 -0.065701172 -14.121366501 -0.335195959 -0.062328309 -0.940086007 29.576572418
-0.944055855 0.015024207 0.329442561 171.598388672 -0.006345962 0.997948766 -0.063696764 -14.229691505 -0.329724222 -0.062224075 -0.942026019 28.355039597
-0.945586741 0.008628350 0.325254828 172.065277100 -0.013351707 0.997776985 -0.065285593 -14.318474770 -0.325095594 -0.066076055 -0.943371475 27.141952515
-0.946778297 0.005726863 0.321834356 172.487716675 -0.017048670 0.997545719 -0.067905150 -14.425953865 -0.321434110 -0.069778129 -0.944359004 25.930688858
-0.947706103 0.005501044 0.319095910 172.896072388 -0.017725538 0.997400343 -0.069839261 -14.528896332 -0.318651319 -0.071843438 -0.945146918 24.719364166
-0.947781384 0.006674125 0.318849623 173.339904785 -0.017149976 0.997267425 -0.071853288 -14.636594772 -0.318458676 -0.073569670 -0.945079029 23.503236771
-0.947740257 0.009108291 0.318911761 173.755874634 -0.015200323 0.997167826 -0.073652044 -14.753965378 -0.318680227 -0.074650809 -0.944919586 22.284458160
-0.947583497 0.009950357 0.319352090 174.170486450 -0.014882319 0.997055173 -0.075225279 -14.851985931 -0.319160998 -0.076035172 -0.944646835 21.068599701
-0.946858466 0.010939455 0.321463406 174.613723755 -0.014511064 0.996950686 -0.076668352 -14.973038673 -0.321322739 -0.077259101 -0.943814278 19.849937439
-0.946241379 0.012993522 0.323199302 175.036087036 -0.012482524 0.996981323 -0.076627076 -15.087900162 -0.323220253 -0.076542333 -0.943224490 18.628017426
-0.945277512 0.012751518 0.326016784 175.460571289 -0.012922529 0.996988177 -0.076463953 -15.209938049 -0.326010823 -0.076492898 -0.942267537 17.428695679
-0.944135249 0.010970043 0.329374284 175.888900757 -0.015175629 0.996937990 -0.076704055 -15.320661545 -0.329208165 -0.077417776 -0.941079617 16.225622177
-0.942452669 0.010055431 0.334186971 176.345214844 -0.015721910 0.997108579 -0.074340299 -15.437788963 -0.333969265 -0.075316578 -0.939571440 15.012184143
-0.940373480 0.008360039 0.340039372 176.775451660 -0.016869323 0.997320950 -0.071171641 -15.545185089 -0.339724422 -0.072664469 -0.937715054 13.824127197
-0.938049197 0.006024004 0.346447706 177.220245361 -0.018827347 0.997485399 -0.068321720 -15.643485069 -0.345989138 -0.070612125 -0.935578704 12.642447472
-0.935014367 0.007953304 0.354518473 177.705123901 -0.017001040 0.997593164 -0.067219205 -15.763690948 -0.354200900 -0.068878405 -0.932630539 11.439383507
-0.931701183 0.008824092 0.363116622 178.168029785 -0.017037611 0.997542441 -0.067957342 -15.861586571 -0.362825006 -0.069502853 -0.929262936 10.276495934
-0.928016007 0.010448336 0.372391760 178.654663086 -0.016498605 0.997472882 -0.069101878 -15.976657867 -0.372173786 -0.070271879 -0.925500274 9.089915276
-0.923656523 0.012661248 0.383010238 179.135437012 -0.015094109 0.997476280 -0.069374442 -16.073368073 -0.382923096 -0.069859684 -0.921136141 7.899292946
-0.918850362 0.014842630 0.394325107 179.631484985 -0.013943973 0.997446597 -0.070036650 -16.174823761 -0.394358993 -0.069851987 -0.916299105 6.758193016
-0.913002789 0.016100811 0.407633722 180.160034180 -0.014252386 0.997351646 -0.071315721 -16.283296585 -0.407703608 -0.070921533 -0.910357237 5.564160347
-0.906873882 0.019318540 0.420957118 180.709503174 -0.011792568 0.997393668 -0.071177356 -16.394205093 -0.421236277 -0.069513373 -0.904284477 4.428075790
-0.900567591 0.017951015 0.434343338 181.267211914 -0.013209661 0.997555375 -0.068617091 -16.494695663 -0.434514523 -0.067532174 -0.898131013 3.278228045
-0.893786609 0.021399127 0.447979987 181.866851807 -0.010327778 0.997613907 -0.068259627 -16.610755920 -0.448373049 -0.065636486 -0.891434968 2.122227669
-0.887043595 0.022667253 0.461127311 182.442855835 -0.009820908 0.997641444 -0.067932248 -16.710443497 -0.461580932 -0.064787850 -0.884730697 1.005054235
-0.879472256 0.024658419 0.475309610 183.030548096 -0.007302705 0.997840166 -0.065279014 -16.814107895 -0.475894094 -0.060882412 -0.877394319 -0.095381767
-0.871475220 0.026942855 0.489697516 183.656509399 -0.004069503 0.998058021 -0.062154818 -16.913528442 -0.490422636 -0.056159485 -0.869674861 -1.236571789
-0.863730371 0.029806131 0.503070712 184.285888672 -0.000665158 0.998180687 -0.060282722 -17.013095856 -0.503954232 -0.052402906 -0.862140954 -2.287119389
-0.854369402 0.032864138 0.518624604 184.926467896 0.002528676 0.998248816 -0.059091341 -17.110187531 -0.519660473 -0.049174648 -0.852958262 -3.347123861
-0.843513846 0.036387943 0.535872102 185.603713989 0.006398066 0.998311758 -0.057718460 -17.200752258 -0.537069798 -0.045258015 -0.842324615 -4.432612896
-0.832715213 0.038001493 0.552394450 186.281005859 0.008131511 0.998372912 -0.056424364 -17.303388596 -0.553642094 -0.042493869 -0.831671715 -5.465989590
-0.820900798 0.038816325 0.569748640 186.996215820 0.008834677 0.998430133 -0.055292927 -17.402603149 -0.571002841 -0.040356703 -0.819957435 -6.515149593
-0.809676766 0.042756569 0.585314929 187.713867188 0.012452367 0.998368740 -0.055704180 -17.477445602 -0.586744189 -0.037814084 -0.808890581 -7.465823174
-0.797171712 0.042972218 0.602219939 188.445327759 0.012045074 0.998396397 -0.055297706 -17.573125839 -0.603632867 -0.036828231 -0.796413124 -8.468280792
-0.782941401 0.044433933 0.620505154 189.229629517 0.014494072 0.998477101 -0.053212006 -17.662345886 -0.621927083 -0.032668475 -0.782395184 -9.460467339
-0.767605901 0.046189934 0.639254212 190.024749756 0.017578170 0.998540938 -0.051043093 -17.748998642 -0.640681684 -0.027944274 -0.767299712 -10.382384300
