1.000000000 -0.000000000 -0.000000000 0.000000000 -0.000000000 1.000000000 0.000000000 -0.000000000 -0.000000000 0.000000000 1.000000000 -0.000000000
0.999998391 0.000983089 0.001489430 -0.005549662 -0.000975581 0.999986827 -0.005033567 0.002029016 -0.001494359 0.005032106 0.999986231 0.958503902
0.999996901 -0.000995877 0.002293452 -0.003554415 0.001008290 0.999984860 -0.005417467 0.000743614 -0.002288022 0.005419763 0.999982715 1.905403733
0.999993801 -0.002432821 0.002551467 0.009045128 0.002439575 0.999993682 -0.002647519 -0.004676190 -0.002545010 0.002653726 0.999993384 2.870406151
0.999980271 -0.005954049 0.001941240 -0.003717654 0.005945710 0.999973297 0.004274391 0.000357515 -0.001966637 -0.004262768 0.999989271 3.793265343
0.999968529 -0.007917421 0.000376388 0.003602755 0.007915665 0.999958694 0.004464673 -0.001330135 -0.000411720 -0.004461558 0.999990225 4.715811253
0.999943793 -0.010585306 0.000004703 0.008602955 0.010585292 0.999942780 0.001473485 -0.007854840 -0.000020299 -0.001473355 0.999999225 5.642385006
0.999926329 -0.012072960 -0.001138020 -0.000707633 0.012071265 0.999925911 -0.001490598 -0.005860614 0.001155934 0.001476750 0.999998510 6.575349808
0.999922752 -0.012198294 -0.002297692 -0.005236503 0.012193942 0.999923766 -0.001901993 -0.005026252 0.002320721 0.001873828 0.999995828 7.489241123
0.999921262 -0.012169584 -0.002966567 -0.010504177 0.012168339 0.999925792 -0.000439745 -0.007413009 0.002971701 0.000403610 0.999995768 8.417695999
0.999919891 -0.012121008 -0.003564106 -0.005675018 0.012128163 0.999924421 0.001991073 -0.002724946 0.003539706 -0.002034142 0.999992013 9.309776306
0.999921143 -0.011663887 -0.004572561 -0.021413941 0.011681647 0.999924362 0.003875304 -0.004306384 0.004527015 -0.003928418 0.999982417 10.226051331
0.999904156 -0.012809000 -0.005190650 -0.026633115 0.012831822 0.999908209 0.004386221 -0.001886177 0.005133993 -0.004452410 0.999977350 11.149135590
0.999894083 -0.013119591 -0.006230687 -0.036295753 0.013147998 0.999903321 0.004538872 0.001009497 0.006170541 -0.004620318 0.999970734 12.037006378
0.999884725 -0.013472679 -0.006952451 -0.031226085 0.013496721 0.999903202 0.003421296 -0.001347155 0.006905690 -0.003514741 0.999970436 12.920072556
0.999889076 -0.012564520 -0.007959984 -0.024791034 0.012577702 0.999919593 0.001606586 -0.002989375 0.007939167 -0.001706529 0.999967396 13.827562332
0.999836266 -0.015157797 -0.009850345 -0.041701172 0.015159476 0.999885142 0.000094376 -0.008174094 0.009847794 -0.000243689 0.999951899 14.696542740
0.999798536 -0.014951603 -0.013375822 -0.032280222 0.014954284 0.999888182 0.000099259 -0.005703573 0.013372859 -0.000299266 0.999911070 15.596772194
0.999796689 -0.013477798 -0.014975916 -0.043899830 0.013472611 0.999909163 -0.000447891 -0.013414402 0.014980610 0.000246035 0.999888301 16.494716644
0.999779046 -0.012701246 -0.016727401 -0.066678405 0.012691742 0.999919236 -0.000674915 -0.010777498 0.016734639 0.000462465 0.999860346 17.371536255
0.999749899 -0.013065512 -0.018127350 -0.081393421 0.013065016 0.999914646 -0.000146436 -0.009880431 0.018127736 -0.000090435 0.999836147 18.249521255
0.999726057 -0.013039272 -0.019419344 -0.103015743 0.013057640 0.999914408 0.000818700 -0.013090022 0.019407025 -0.001072048 0.999811590 19.135509491
0.999754786 -0.011814133 -0.018702909 -0.153125167 0.011834481 0.999929607 0.000977003 -0.006080922 0.018690072 -0.001198105 0.999825120 19.987720490
0.999721050 -0.011881288 -0.020389073 -0.167008564 0.011906628 0.999928594 0.001121268 -0.013401571 0.020374317 -0.001363722 0.999791980 20.861454010
0.999689639 -0.011373137 -0.022142185 -0.188816175 0.011394971 0.999934793 0.000859637 -0.015736135 0.022130987 -0.001111682 0.999755025 21.733894348
0.999669313 -0.011255210 -0.023097515 -0.208051428 0.011282871 0.999935865 0.001067039 -0.012028662 0.023084043 -0.001327294 0.999733150 22.574939728
0.999641359 -0.011382614 -0.024220793 -0.231244743 0.011445322 0.999931574 0.002451404 0.000208542 0.024191253 -0.002727743 0.999704123 23.429626465
0.999616265 -0.012399063 -0.024749545 -0.257832438 0.012536517 0.999906778 0.005405772 -0.006907422 0.024680231 -0.005713976 0.999679565 24.234914780
0.999593616 -0.012636324 -0.025532244 -0.278690219 0.012806554 0.999896765 0.006514244 -0.000885472 0.025447307 -0.006838583 0.999653280 25.060054779
0.999590755 -0.012071153 -0.025916334 -0.299993604 0.012232473 0.999906659 0.006074664 -0.001186527 0.025840610 -0.006389205 0.999646246 25.886518478
0.999586523 -0.010264144 -0.026837792 -0.333979934 0.010357485 0.999940753 0.003340958 -0.006904468 0.026801938 -0.003617554 0.999634981 26.674852371
0.999569595 -0.009743418 -0.027651474 -0.356343746 0.009802382 0.999949992 0.001997402 -0.008174697 0.027630661 -0.002267595 0.999616504 27.478984833
0.999550402 -0.008778987 -0.028648855 -0.387250215 0.008832022 0.999959588 0.001724977 -0.008075833 0.028632579 -0.001977231 0.999588966 28.274572372
0.999509454 -0.009371125 -0.029864032 -0.412297040 0.009406276 0.999955237 0.001036531 -0.007950990 0.029853011 -0.001316933 0.999554336 29.037794113
0.999457300 -0.008980637 -0.031673118 -0.442059577 0.008991912 0.999959528 0.000213323 -0.011602725 0.031669956 -0.000498010 0.999499142 29.795402527
0.999398172 -0.008635508 -0.033580057 -0.471278220 0.008640616 0.999962687 0.000006839 -0.018560003 0.033578787 -0.000296987 0.999436915 30.565883636
0.999322712 -0.008626726 -0.035755586 -0.504290462 0.008667745 0.999962032 0.000992200 -0.012981125 0.035745706 -0.001301450 0.999360979 31.302265167
0.999247074 -0.009032724 -0.037715212 -0.525132775 0.009157886 0.999953210 0.003147034 -0.010005129 0.037685063 -0.003490060 0.999284327 32.048831940
0.999182403 -0.008223359 -0.039566457 -0.559382439 0.008423993 0.999952555 0.004906733 -0.009544732 0.039524268 -0.005236036 0.999205530 32.782791138
0.999102950 -0.007723310 -0.041621625 -0.597657919 0.007944476 0.999955356 0.005150854 -0.007365982 0.041580025 -0.005476904 0.999120772 33.491844177
0.999049962 -0.004491831 -0.043329980 -0.635604203 0.004685429 0.999979794 0.004367416 -0.013416828 0.043309502 -0.004566296 0.999051869 34.206592560
0.998965681 -0.001683776 -0.045423552 -0.684931695 0.001857492 0.999991477 0.003782420 -0.021349153 0.045416813 -0.003862889 0.998961210 34.894676208
0.998896897 -0.000853326 -0.046932921 -0.714949191 0.001077162 0.999988437 0.004744196 -0.017318269 0.046928354 -0.004789526 0.998887300 35.582782745
0.998844385 -0.000243623 -0.048043109 -0.751479149 0.000550623 0.999979794 0.006376998 -0.014059141 0.048040602 -0.006396093 0.998825431 36.272861481
0.998854935 0.001401968 -0.047804337 -0.780633748 -0.001058225 0.999973655 0.007215262 -0.007880380 0.047813229 -0.007156423 0.998831034 36.921260834
0.998888552 0.005631472 -0.046779245 -0.822991967 -0.005375953 0.999970257 0.005586417 -0.018296191 0.046809345 -0.005328734 0.998890162 37.581546783
0.998958826 0.006906028 -0.045077249 -0.854560077 -0.006801409 0.999974072 0.002474088 -0.012376178 0.045093201 -0.002164928 0.998980939 38.227874756
0.999048471 0.007344702 -0.042971637 -0.888464153 -0.007326984 0.999973297 0.000569995 -0.010761537 0.042974710 -0.000254602 0.999076605 38.856491089
0.999171913 0.008059083 -0.039860945 -0.910718262 -0.008018070 0.999967456 0.001188958 -0.010831804 0.039869260 -0.000868368 0.999204993 39.480049133
0.999252141 0.013131680 -0.036346734 -0.944410324 -0.013000390 0.999908447 0.003846513 -0.005473900 0.036393955 -0.003371119 0.999332190 40.112957001
0.999305308 0.017780371 -0.032728419 -0.964613855 -0.017551688 0.999820054 0.007261805 0.000127392 0.032851681 -0.006682327 0.999438345 40.708141327
0.999357164 0.022040369 -0.028247351 -0.983327389 -0.021818928 0.999729335 0.008124462 -0.001104179 0.028418804 -0.007502920 0.999568403 41.304725647
0.999381006 0.026890712 -0.022653062 -1.003527761 -0.026702503 0.999607086 0.008571377 -0.002513228 0.022874681 -0.007961185 0.999707043 41.886394501
0.999406695 0.029940566 -0.016992083 -1.019069076 -0.029769827 0.999505043 0.010215441 0.005565805 0.017289553 -0.009703537 0.999803841 42.431152344
0.999319434 0.035396826 -0.010332696 -1.032884002 -0.035275619 0.999309719 0.011689229 0.006725871 0.010739357 -0.011316789 0.999878645 42.967788696
0.999256551 0.038392290 -0.003395003 -1.061343074 -0.038350452 0.999196947 0.011644712 0.011284059 0.003839375 -0.011505862 0.999926805 43.502590179
0.999113798 0.041909087 0.003813315 -1.052255511 -0.041950352 0.999054372 0.011463124 0.009595071 -0.003329271 -0.011612942 0.999927342 43.994632721
0.998864055 0.046302024 0.011226337 -1.055471182 -0.046426181 0.998860955 0.011059217 0.011397826 -0.010701459 -0.011567856 0.999876082 44.476875305
0.998521745 0.050900608 0.019045411 -1.047723651 -0.051071141 0.998658597 0.008574473 0.017500764 -0.018583393 -0.009534474 0.999782085 44.940906525
0.998248756 0.052621588 0.027018050 -1.026627302 -0.052791379 0.998589933 0.005608264 0.006522147 -0.026684806 -0.007024766 0.999619365 45.359336853
0.997947335 0.053434309 0.035293587 -1.003204703 -0.053648397 0.998546839 0.005145470 0.022134963 -0.034967329 -0.007028357 0.999363899 45.772121429
0.997679710 0.052915305 0.042834055 -0.984532177 -0.053234391 0.998562038 0.006341914 0.011960283 -0.042436857 -0.008607448 0.999062181 46.162933350
0.997243643 0.054016098 0.050863449 -0.956876576 -0.054433003 0.998494089 0.006845872 0.018690160 -0.050417040 -0.009595657 0.998682320 46.524608612
0.996597469 0.056872956 0.059654959 -0.947748303 -0.057387203 0.998327971 0.006940949 0.018847335 -0.059160434 -0.010340769 0.998195171 46.879486084
0.995752215 0.061800312 0.068251081 -0.929676294 -0.062399268 0.998028934 0.006676810 0.015820814 -0.067703903 -0.010907270 0.997646093 47.188556671
0.994779289 0.066011988 0.077824771 -0.900708914 -0.066746816 0.997746229 0.006876113 0.020295875 -0.077195458 -0.012034774 0.996943474 47.471828461
0.994071960 0.065479137 0.086795539 -0.888610840 -0.066349670 0.997770607 0.007179705 0.017975178 -0.086131901 -0.012896003 0.996200442 47.755859375
0.993184090 0.064232491 0.097259901 -0.842896104 -0.065077037 0.997864783 0.005532318 0.012078038 -0.096696891 -0.011824000 0.995243669 48.023136139
0.992061317 0.062582158 0.109076552 -0.797158003 -0.063080214 0.998007596 0.001117723 0.010348154 -0.108789302 -0.007989427 0.994032741 48.280860901
0.990434170 0.063875541 0.122311525 -0.762864769 -0.064019948 0.997944474 -0.002753212 0.004535419 -0.122236043 -0.005103508 0.992487907 48.532505035
0.988323867 0.065648712 0.137500063 -0.718402982 -0.065587647 0.997834086 -0.004979865 0.008355767 -0.137529254 -0.004096592 0.990489185 48.779548645
0.985826790 0.067140743 0.153745383 -0.670634747 -0.066931255 0.997735798 -0.006544162 0.005562572 -0.153836638 -0.003838964 0.988088846 49.032394409
0.983052075 0.067742646 0.170351624 -0.615653276 -0.067370385 0.997695684 -0.007971859 0.008695766 -0.170499161 -0.003639903 0.985351145 49.261287689
0.979812503 0.067239225 0.188271910 -0.555051148 -0.066726029 0.997729719 -0.009069975 0.004146222 -0.188454419 -0.003675763 0.982075095 49.499202728
0.975961149 0.066168398 0.207656905 -0.481955260 -0.065596908 0.997799218 -0.009644667 -0.001925759 -0.207838133 -0.004208834 0.978154182 49.744335175
0.971436143 0.066619873 0.227757335 -0.416096985 -0.065840028 0.997768939 -0.011028780 -0.001747098 -0.227983981 -0.004281797 0.973655462 49.959915161
0.966145217 0.068516158 0.248734832 -0.335603654 -0.067317009 0.997642100 -0.013334077 -0.006972162 -0.249062076 -0.003861432 0.968479812 50.191520691
0.959897578 0.069761366 0.271532834 -0.240738332 -0.068057843 0.997557402 -0.015697788 -0.004114514 -0.271964878 -0.003411672 0.962301016 50.436820984
0.952589393 0.071182489 0.295814991 -0.156538129 -0.069330148 0.997452557 -0.016760647 -0.011393277 -0.296254605 -0.004542883 0.955098152 50.651836395
0.943985105 0.074071050 0.321566820 -0.073925495 -0.072307810 0.997229338 -0.017440788 -0.022939440 -0.321967959 -0.006787951 0.946726024 50.884475708
0.934069812 0.075823270 0.348946899 0.049920857 -0.074009672 0.997084558 -0.018547403 -0.035520256 -0.349336118 -0.008500881 0.936958790 51.128780365
0.922883153 0.076709591 0.377361655 0.163940400 -0.074576356 0.997008383 -0.020285314 -0.032479182 -0.377789140 -0.009421290 0.925843656 51.334564209
0.910157263 0.075319588 0.407357633 0.283756644 -0.072439969 0.997118175 -0.022512924 -0.044022474 -0.407879710 -0.009018674 0.912991047 51.563610077
0.895399749 0.072715864 0.439284980 0.453930467 -0.068692751 0.997322261 -0.025071964 -0.055156015 -0.439932227 -0.007726260 0.897997677 51.790534973
0.878122032 0.071829602 0.473013192 0.594477773 -0.065770894 0.997402072 -0.029361032 -0.065379985 -0.473893881 -0.005327933 0.880565822 51.999721527
0.858602643 0.073952794 0.507278740 0.788772047 -0.065298192 0.997256100 -0.034861892 -0.073588200 -0.508465409 -0.003191867 0.861076415 52.229408264
0.836671352 0.076029181 0.542401969 0.943662643 -0.065077439 0.997102261 -0.039381288 -0.081071243 -0.543824792 -0.002348923 0.839195311 52.423610687
0.812097073 0.078857616 0.578168869 1.132597208 -0.065921985 0.996881127 -0.043372560 -0.092386596 -0.579786301 -0.002891304 0.814763248 52.645774841
0.785229981 0.083491907 0.613548875 1.366662025 -0.069509655 0.996489584 -0.046642993 -0.108616896 -0.615289927 -0.006022104 0.788277388 52.875896454
0.755384505 0.087602280 0.649399221 1.561022162 -0.072616540 0.996109903 -0.049904782 -0.106391013 -0.651245415 -0.009459829 0.758807778 53.063022614
0.722406566 0.088990994 0.685717583 1.816033244 -0.072322987 0.995968044 -0.053062089 -0.121858701 -0.687675476 -0.011260757 0.725930333 53.275867462
0.686443686 0.086920306 0.721968949 2.143327475 -0.069186889 0.996132493 -0.054145351 -0.146393180 -0.723883748 -0.012783067 0.689802945 53.522056580
0.647523046 0.085529305 0.757230341 2.395971775 -0.066084966 0.996239841 -0.056014888 -0.162285671 -0.759174645 -0.013770632 0.650740683 53.702442169
0.605356991 0.085378028 0.791361213 2.782521009 -0.064289071 0.996226192 -0.058302049 -0.181410059 -0.793353200 -0.015582350 0.608561516 53.931591034
0.558856428 0.085174426 0.824877977 3.103277683 -0.060973532 0.996238828 -0.061558887 -0.217155576 -0.827019513 -0.015893191 0.561947882 54.140750885
0.510815799 0.084287748 0.855547547 3.505758524 -0.057984266 0.996293306 -0.063533574 -0.245485365 -0.857732236 -0.017154397 0.513809800 54.330303192
0.462393403 0.082499452 0.882827938 3.953915596 -0.056160249 0.996387422 -0.063696735 -0.275373250 -0.884894311 -0.020126954 0.465356112 54.498504639
0.412608832 0.080391951 0.907353342 4.325613022 -0.056099840 0.996449232 -0.062775105 -0.300557166 -0.909178853 -0.025000881 0.415653765 54.641113281
0.362142026 0.080089927 0.928675234 4.767084599 -0.058506500 0.996289968 -0.063106127 -0.315800726 -0.930284619 -0.031480230 0.365484357 54.804302216
0.313319623 0.080919482 0.946193397 5.243391991 -0.057133526 0.996163905 -0.066273987 -0.329564989 -0.947927177 -0.033294506 0.316740960 54.913146973
0.265790701 0.077205159 0.960933745 5.711149216 -0.046436083 0.996655762 -0.067231141 -0.382679313 -0.962911487 -0.026752677 0.268486857 55.004917145
0.221521661 0.071909972 0.972499907 6.211652279 -0.032649823 0.997264683 -0.066303976 -0.402236372 -0.974608421 -0.017064260 0.223263547 55.061355591
0.179381788 0.069916666 0.981291354 6.750844479 -0.022719016 0.997499168 -0.066918381 -0.448225051 -0.983516872 -0.010290112 0.180521533 55.133384705
0.140132502 0.072229810 0.987494111 7.273218155 -0.019293973 0.997344792 -0.070212357 -0.460991114 -0.989944518 -0.009213729 0.141153932 55.193477631
0.107140303 0.072360002 0.991606772 7.801134109 -0.011248375 0.997371852 -0.071565330 -0.514891386 -0.994180083 -0.003486505 0.107672535 55.223194122
0.077942260 0.071157590 0.994414628 8.369359016 -0.003186374 0.997461617 -0.071125850 -0.553972602 -0.996952593 0.002375065 0.077970967 55.231151581
0.054052126 0.069393478 0.996123433 8.924715042 0.003549986 0.997561932 -0.069686241 -0.571042597 -0.998531699 0.007302855 0.053673793 55.230087280
0.034205507 0.068732090 0.997048020 9.495776176 0.009622806 0.997562766 -0.069097601 -0.605085671 -0.999368429 0.011957865 0.033460509 55.219890594
0.017690243 0.070101552 0.997382462 10.081583977 0.010769410 0.997467160 -0.070298441 -0.650602281 -0.999785364 0.011984764 0.016890237 55.217746735
0.004712448 0.070248827 0.997517765 10.670504570 0.012450364 0.997447371 -0.070302576 -0.671582639 -0.999911189 0.012750708 0.003825529 55.216724396
-0.007199300 0.071053267 0.997445941 11.275078773 0.013022258 0.997393668 -0.070955470 -0.689738870 -0.999889076 0.012478119 -0.008106090 55.201805115
-0.016422588 0.073740520 0.997141600 11.891966820 0.017693164 0.997141302 -0.073449001 -0.743847430 -0.999708414 0.016436324 -0.017680636 55.181621552
-0.022985395 0.075387806 0.996888697 12.524375916 0.021852767 0.996951580 -0.074888617 -0.801707208 -0.999496758 0.020063391 -0.024563063 55.147010803
-0.027055085 0.075382948 0.996786773 13.164420128 0.022703504 0.996940792 -0.074778251 -0.824666560 -0.999375701 0.020607391 -0.028684083 55.116939545
-0.031048577 0.072377957 0.996893167 13.819515228 0.020421617 0.997211337 -0.071764939 -0.873870790 -0.999308825 0.018129935 -0.032440390 55.091327667
-0.033389144 0.066137455 0.997250974 14.500859261 0.018574223 0.997675717 -0.065543659 -0.898126900 -0.999269426 0.016334683 -0.034540311 55.058418274
-0.034626182 0.059950069 0.997599840 15.179467201 0.019812182 0.998043299 -0.059288949 -0.928437054 -0.999203444 0.017711660 -0.035746492 55.011749268
-0.034748983 0.057935569 0.997714579 15.880041122 0.022186989 0.998116076 -0.057186048 -0.975530744 -0.999149263 0.020149117 -0.035969254 54.999938965
-0.034553718 0.059744481 0.997614741 16.564157486 0.026451059 0.997915566 -0.058846250 -1.013476610 -0.999052227 0.024354598 -0.036062311 54.955932617
-0.033632204 0.066831514 0.997196496 17.270563126 0.027208844 0.997452199 -0.065930903 -1.053018332 -0.999063313 0.024915153 -0.035365239 54.924259186
-0.031450968 0.074733213 0.996706665 17.968473434 0.026618786 0.996908724 -0.073908329 -1.113440394 -0.999150217 0.024206620 -0.033343367 54.901744843
-0.029735744 0.076105714 0.996655405 18.692405701 0.026721936 0.996800363 -0.075319424 -1.157304764 -0.999199927 0.024392871 -0.031674601 54.865756989
-0.027097294 0.071778350 0.997051656 19.431932449 0.027524037 0.997093081 -0.071033217 -1.185858846 -0.999253154 0.025518067 -0.028994463 54.840553284
-0.023962045 0.065629445 0.997555614 20.176103592 0.027775973 0.997500181 -0.064958513 -1.224141359 -0.999326110 0.026151523 -0.025725374 54.815063477
-0.021490296 0.063751012 0.997733772 20.920652390 0.024999242 0.997686028 -0.063209414 -1.270687103 -0.999455690 0.023584178 -0.023034602 54.802425385
-0.018240763 0.068659917 0.997472703 21.643171310 0.032204747 0.997161090 -0.068049431 -1.335998893 -0.999314010 0.030882068 -0.020400455 54.766708374
-0.014761039 0.074485958 0.997112274 22.369903564 0.034454975 0.996666193 -0.073942482 -1.392776608 -0.999296427 0.033263996 -0.017278541 54.740676880
-0.012651122 0.075450301 0.997068644 23.105766296 0.028169626 0.996779263 -0.075070888 -1.434104204 -0.999522328 0.027137300 -0.014736081 54.747200012
-0.009260922 0.072160937 0.997349322 23.843435287 0.023174062 0.997139454 -0.071930461 -1.468571067 -0.999687850 0.022446468 -0.010906983 54.742065430
-0.004130133 0.068364799 0.997651100 24.604135513 0.027768254 0.997282624 -0.068224512 -1.518087626 -0.999605298 0.027421232 -0.006017563 54.724483490
-0.000302020 0.069642320 0.997571230 25.345706940 0.032792758 0.997035503 -0.069594897 -1.574378371 -0.999461651 0.032692079 -0.002585168 54.711967468
0.002629337 0.073805161 0.997268438 26.075662613 0.032158636 0.996749878 -0.073851466 -1.648327351 -0.999478877 0.032264955 0.000247043 54.700839996
0.006081172 0.075397260 0.997134268 26.813232422 0.028000953 0.996748865 -0.075538792 -1.682632327 -0.999588907 0.028380055 0.003949936 54.710422516
0.009693448 0.074216142 0.997194350 27.572433472 0.026466707 0.996872783 -0.074449368 -1.742686033 -0.999602199 0.027114101 0.007698611 54.712985992
0.013381736 0.071398683 0.997357488 28.287431717 0.031564478 0.996919692 -0.071790688 -1.773696542 -0.999411762 0.032441739 0.011086593 54.708496094
0.017049912 0.071001500 0.997329772 29.038852692 0.036298074 0.996773660 -0.071582280 -1.825927615 -0.999195099 0.037421621 0.014417422 54.710937500
0.020920150 0.072222702 0.997168362 29.790758133 0.039340980 0.996555150 -0.073003478 -1.882705331 -0.999006450 0.040756825 0.018006511 54.710407257
0.023639454 0.072376989 0.997096479 30.523714066 0.039801624 0.996516645 -0.073278360 -1.930106997 -0.998927534 0.041418314 0.020676132 54.716373444
0.026951673 0.071078613 0.997105896 31.263120651 0.040537305 0.996570349 -0.072136007 -1.975154877 -0.998814106 0.042364165 0.023977647 54.726577759
0.030788403 0.069652006 0.997095525 32.023384094 0.044101778 0.996502519 -0.070972227 -2.027116776 -0.998552084 0.046158802 0.027608687 54.734378815
0.033815697 0.070356749 0.996947885 32.766643524 0.042612385 0.996510029 -0.071771085 -2.069128513 -0.998518765 0.044909313 0.030699359 54.752933502
0.037148375 0.071955040 0.996715009 33.519836426 0.038220961 0.996571958 -0.073369026 -2.140438557 -0.998578072 0.040820926 0.034270592 54.783466339
0.039403189 0.070739299 0.996715546 34.265110016 0.039740387 0.996590614 -0.072301276 -2.205615759 -0.998432279 0.042458728 0.036457382 54.816349030
0.043461125 0.073425062 0.996352553 35.032314301 0.038858242 0.996416628 -0.075124547 -2.222182512 -0.998298407 0.041981492 0.040451959 54.833503723
0.045853496 0.073956087 0.996206045 35.840961456 0.036992252 0.996445835 -0.075676344 -2.279482365 -0.998262286 0.040321894 0.042954460 54.870502472
0.048387084 0.074092582 0.996076107 36.517177582 0.035177454 0.996499658 -0.075832710 -2.318480492 -0.998208344 0.038708713 0.045611069 54.897521973
0.051099174 0.074354321 0.995921373 37.297439575 0.031803604 0.996597648 -0.076036379 -2.395478249 -0.998186469 0.035559241 0.048560318 54.949672699
0.054216754 0.078277923 0.995455623 38.080181122 0.031060746 0.996307850 -0.080036387 -2.467145205 -0.998045444 0.035258856 0.051584940 54.994384766
0.057579994 0.080023684 0.995127916 38.822723389 0.031216810 0.996150434 -0.081911936 -2.507763624 -0.997852147 0.035781145 0.054859996 55.030418396
0.060692087 0.082522221 0.994738877 39.602336884 0.025119809 0.996134520 -0.084170416 -2.575685501 -0.997839749 0.030096069 0.058384288 55.087375641
0.063295454 0.081895895 0.994628191 40.388816833 0.020692818 0.996305108 -0.083350576 -2.618061304 -0.997779489 0.025857314 0.061366711 55.139122009
0.066934533 0.081703827 0.994405687 41.148998260 0.022729253 0.996257782 -0.083385691 -2.688410997 -0.997497618 0.028183423 0.064826764 55.192634583
0.070808947 0.082791552 0.994047284 41.936321259 0.024311986 0.996109962 -0.084694915 -2.740663052 -0.997192740 0.030164367 0.068520464 55.242824554
0.074439108 0.084092371 0.993672848 42.733047485 0.018554632 0.996148586 -0.085691623 -2.815096617 -0.997052073 0.024815988 0.072591908 55.303005219
0.078787126 0.082950905 0.993433654 43.532630920 0.017184932 0.996270478 -0.084550433 -2.860967159 -0.996742427 0.023733523 0.077067629 55.370277405
0.083614342 0.081437483 0.993164301 44.325847626 0.019214001 0.996337354 -0.083315037 -2.938784122 -0.996311963 0.026048943 0.081743196 55.422718048
0.088270657 0.085762493 0.992396951 45.132099152 0.014560231 0.996068418 -0.087374598 -2.987218142 -0.995989144 0.022162095 0.086674742 55.491832733
0.094442427 0.094021402 0.991079986 45.921436310 0.012201721 0.995345592 -0.095588543 -3.067566633 -0.995454609 0.021120448 0.092855468 55.569908142
0.102149770 0.099459000 0.989783883 46.719062805 0.011075154 0.994813383 -0.101107061 -3.134788513 -0.994706333 0.021290030 0.100518234 55.663360596
0.109300293 0.102339931 0.988725722 47.518268585 0.006211275 0.994595587 -0.103633821 -3.210682869 -0.993988335 0.017468410 0.108073741 55.758647919
0.116462238 0.100787021 0.988067448 48.330291748 0.002932144 0.994798064 -0.101818897 -3.284940004 -0.993189752 0.014755166 0.115560710 55.850158691
0.124191508 0.098902300 0.987316370 49.138374329 0.002367428 0.994987190 -0.099968225 -3.369700909 -0.992254376 0.014752557 0.123334661 55.951576233
0.131380588 0.095752336 0.986696303 49.948379517 0.002090045 0.995294631 -0.096864797 -3.440028667 -0.991328776 0.014788346 0.130562112 56.054206848
0.139565244 0.089552708 0.986154556 50.740871429 0.000287556 0.995897770 -0.090477981 -3.519505501 -0.990211844 0.012911111 0.138966858 56.163322449
0.146755636 0.082554206 0.985721290 51.548809052 -0.001590978 0.996529043 -0.083222292 -3.574348450 -0.989170551 0.010645033 0.146377489 56.289516449
0.154175699 0.078600742 0.984911561 52.358795166 -0.001392137 0.996846378 -0.079335086 -3.650219917 -0.988041580 0.010860363 0.153798774 56.412303925
0.161464974 0.080964804 0.983551025 53.149105072 -0.001671080 0.996649265 -0.081768505 -3.714028597 -0.986876130 0.011559108 0.161059111 56.549316406
0.167897180 0.087825976 0.981883824 53.938823700 -0.001732456 0.996047437 -0.088796429 -3.783359766 -0.985802352 0.013207546 0.167385578 56.676242828
0.173089966 0.092413932 0.980560243 54.705272675 -0.002967127 0.995631754 -0.093310431 -3.845997572 -0.984900892 0.013241595 0.172607958 56.805656433
0.178143948 0.094208702 0.979483664 55.478801727 -0.004848660 0.995477498 -0.094864994 -3.927391529 -0.983991861 0.012150384 0.177794978 56.947574615
0.183412030 0.094422311 0.978490293 56.253032684 -0.006391540 0.995469034 -0.094862491 -3.985001326 -0.983014762 0.011144806 0.183184445 57.091445923
0.188281476 0.091462135 0.977846324 57.011852264 -0.004141639 0.995718479 -0.092336155 -4.068693161 -0.982105732 0.013335245 0.187854096 57.232509613
0.191857934 0.085308738 0.977707505 57.768165588 -0.002518448 0.996253550 -0.086432658 -4.116434097 -0.981418729 0.014120425 0.191354066 57.404445648
0.195677191 0.077665560 0.977587640 58.528827667 -0.004063978 0.996913612 -0.078387417 -4.199488163 -0.980659068 0.011365667 0.195388973 57.543502808
0.198608845 0.074435793 0.977247596 59.242595673 -0.008195947 0.997201979 -0.074289940 -4.247550011 -0.980043769 0.006745102 0.198663294 57.689144135
0.201922983 0.074571222 0.976557791 59.988159180 -0.008976717 0.997195065 -0.074290916 -4.308902264 -0.979359329 0.006234696 0.202026114 57.843948364
0.203905046 0.076490603 0.975997329 60.693950653 -0.010988195 0.997057915 -0.075845420 -4.359562874 -0.978928089 0.004740749 0.204145744 57.984596252
0.205609620 0.080652848 0.975304544 61.411308289 -0.015574875 0.996740460 -0.079142004 -4.424799919 -0.978509247 0.001082040 0.206195742 58.138916016
0.207418501 0.085905433 0.974472642 62.073715210 -0.016403927 0.996300936 -0.084338069 -4.475702286 -0.978113651 0.001508030 0.208060607 58.292739868
0.209118202 0.091312855 0.973617315 62.746257782 -0.018128814 0.995820463 -0.089501373 -4.534800053 -0.977721155 0.001065777 0.209899783 58.435184479
0.210755154 0.092828222 0.973120928 63.426357269 -0.016776323 0.995676696 -0.091346458 -4.606786251 -0.977393746 0.002926281 0.211401537 58.581302643
0.212098345 0.092976496 0.972814977 64.088340759 -0.019550746 0.995667219 -0.090897985 -4.659746170 -0.977051616 0.000259988 0.212997332 58.732429504
0.212776780 0.089867122 0.972959042 64.754882812 -0.018598903 0.995952427 -0.087923460 -4.720707893 -0.976922691 0.000612033 0.213587180 58.856697083
0.213521779 0.087209791 0.973037660 65.398887634 -0.018620733 0.996188819 -0.085198596 -4.769719124 -0.976759732 0.000073016 0.214332104 59.006366730
0.213381335 0.086603738 0.973122537 66.049369812 -0.018488513 0.996241689 -0.084607132 -4.830241203 -0.976792932 0.000061928 0.214180753 59.137416840
0.211823076 0.085898325 0.973525465 66.683135986 -0.018540539 0.996302724 -0.083873883 -4.886306286 -0.977130830 -0.000283318 0.212632701 59.272720337
0.210092828 0.086084068 0.973883986 67.305847168 -0.020068662 0.996284723 -0.083734736 -4.944519997 -0.977474093 -0.001952538 0.211040080 59.422790527
0.207707554 0.089170568 0.974117875 67.921531677 -0.021129603 0.996011913 -0.086669289 -4.991647243 -0.977961361 -0.002580915 0.208763510 59.541355133
0.205654129 0.093523122 0.974145412 68.531463623 -0.020202368 0.995615602 -0.091319345 -5.057217121 -0.978414834 -0.000899901 0.206642017 59.668415070
0.203787193 0.093833290 0.974507868 69.119178772 -0.017152498 0.995584607 -0.092275754 -5.102629662 -0.978863597 0.002089314 0.204497024 59.787574768
0.201681077 0.092836857 0.975041330 69.712242126 -0.017986050 0.995679915 -0.091081552 -5.156202316 -0.979284823 0.000832223 0.202479720 59.903404236
0.198821396 0.089706019 0.975921392 70.287437439 -0.017474037 0.995967209 -0.087988585 -5.205741405 -0.979878545 0.000440666 0.199587300 60.028305054
0.196877003 0.085566916 0.976687014 70.851638794 -0.017247759 0.996331275 -0.083811134 -5.259349823 -0.980275154 -0.000345242 0.197630748 60.126605988
0.194932416 0.084265947 0.977190137 71.410163879 -0.014022018 0.996439040 -0.083128616 -5.313256741 -0.980715156 0.002502225 0.195420042 60.224132538
0.192978397 0.085909970 0.977434695 71.961578369 -0.009948389 0.996278644 -0.085602008 -5.357623577 -0.981151223 0.006795377 0.193115160 60.333721161
0.190854982 0.087931447 0.977671981 72.510963440 -0.005814643 0.996062577 -0.088450350 -5.409227371 -0.981599629 0.011196316 0.190615028 60.420459747
0.189026982 0.089980491 0.977840662 73.040016174 -0.006131313 0.995880485 -0.090455212 -5.445232868 -0.981951416 0.011102981 0.188800246 60.539222717
0.187544405 0.092266865 0.977913141 73.582046509 -0.007414351 0.995681882 -0.092521384 -5.504908562 -0.982226789 0.010101231 0.187418982 60.661384583
0.186624750 0.091397859 0.978170693 74.138473511 -0.005648247 0.995745242 -0.091962308 -5.539322853 -0.982413709 0.011637446 0.186347246 60.726982117
0.187400416 0.089272216 0.978218555 74.681945801 0.000362992 0.995854020 -0.090951122 -5.596206665 -0.982282221 0.017399315 0.186591342 60.815498352
0.189359829 0.087442458 0.978006423 75.233444214 0.005660824 0.995911777 -0.090139337 -5.635842323 -0.981890142 0.022605047 0.188090995 60.930961609
0.191551313 0.086619169 0.977652907 75.787185669 0.008590764 0.995910585 -0.089919947 -5.683011532 -0.981443644 0.025623018 0.190024167 61.008514404
0.194807485 0.086753115 0.976997375 76.337913513 0.006332039 0.995947421 -0.089698352 -5.734254837 -0.980819762 0.023660239 0.193469003 61.112113953
0.199579775 0.086992353 0.976012409 76.895767212 0.004630615 0.995954812 -0.089716777 -5.783162117 -0.979869246 0.022425126 0.198369980 61.266696930
0.205788866 0.086192802 0.974793136 77.460533142 0.006286883 0.995974720 -0.089393012 -5.830462456 -0.978574753 0.024524430 0.204419047 61.381278992
0.213592529 0.086088888 0.973122180 78.019256592 0.004549626 0.996009290 -0.089112312 -5.882130623 -0.976910770 0.023460997 0.212348893 61.501731873
0.222160846 0.084668167 0.971326828 78.598434448 0.004326194 0.996125102 -0.087819330 -5.917742729 -0.974998951 0.023712097 0.220934123 61.642120361
0.231053859 0.083732747 0.969331145 79.177558899 0.001912369 0.996246934 -0.086513691 -5.971678257 -0.972937644 0.021842975 0.230026975 61.770816803
0.240448073 0.084110491 0.967010915 79.752883911 -0.000349838 0.996244133 -0.086566292 -6.014843941 -0.970660508 0.020476330 0.239574805 61.924682617
0.249991238 0.086979963 0.964333415 80.343025208 -0.004914153 0.996056139 -0.088567398 -6.066679955 -0.968234241 0.017402124 0.249433130 62.093349457
0.259415925 0.089865938 0.961575508 80.932434082 -0.008944804 0.995840311 -0.090655103 -6.107338905 -0.965722859 0.014916207 0.259140998 62.240898132
0.270367146 0.092018194 0.958349884 81.526763916 -0.012615599 0.995673239 -0.092042811 -6.163409233 -0.962673366 0.012795120 0.270358384 62.439373016
0.280679703 0.094051845 0.955182314 82.139366150 -0.014605731 0.995488763 -0.093728729 -6.226737499 -0.959689140 0.012356544 0.280787379 62.626499176
0.290664941 0.095020264 0.952095151 82.758392334 -0.017907837 0.995420873 -0.093877159 -6.279377460 -0.956656098 0.010236757 0.291035801 62.807960510
0.300968915 0.095346034 0.948855639 83.379104614 -0.019143168 0.995391071 -0.093950108 -6.326750278 -0.953440547 0.010111890 0.301407158 63.011173248
0.311145246 0.096041650 0.945497155 84.016929626 -0.022601854 0.995345175 -0.093667284 -6.383769512 -0.950092316 0.007774069 0.311867893 63.227691650
0.321821094 0.092070989 0.942313194 84.714179993 -0.022508971 0.995721579 -0.089602083 -6.427524090 -0.946531355 0.007625271 0.322516888 63.479484558
0.331931263 0.084232919 0.939535260 85.322799683 -0.019259950 0.996400893 -0.082526751 -6.484600544 -0.943105400 0.009297744 0.332359225 63.664611816
0.343234241 0.079753578 0.935857773 86.010238647 -0.017644085 0.996758342 -0.078472406 -6.538993835 -0.939082444 0.010422004 0.343529075 63.915077209
0.354120582 0.076173395 0.932092547 86.698806763 -0.016795289 0.997032821 -0.075099640 -6.587029934 -0.935047269 0.010939519 0.354349375 64.199424744
0.363452435 0.073810250 0.928684413 87.371612549 -0.012979150 0.997159123 -0.074172951 -6.646178246 -0.931520700 0.014904760 0.363378078 64.447753906
0.372074097 0.069649503 0.925586522 88.059707642 -0.005886729 0.997335792 -0.072682224 -6.676222801 -0.928182662 0.021594439 0.371493042 64.715217590
0.379625827 0.060056757 0.923188984 88.834930420 0.003314620 0.997794092 -0.066273130 -6.725456715 -0.925132573 0.028218953 0.378589481 65.046661377
0.386764348 0.054346528 0.920575976 89.505630493 0.009352118 0.997977555 -0.062845111 -6.782382965 -0.922129452 0.032915525 0.385473937 65.304885864
0.393669754 0.054053351 0.917661428 90.226844788 0.012518843 0.997859955 -0.064147793 -6.821389198 -0.919164836 0.036741056 0.392150700 65.605239868
0.400916249 0.060415741 0.914120376 90.928199768 0.013682650 0.997314990 -0.071915135 -6.882443905 -0.916010678 0.041339494 0.399013251 65.889556885
0.408402592 0.065957040 0.910415649 91.646522522 0.016530171 0.996686161 -0.079622321 -6.934782028 -0.912650287 0.047567252 0.405959070 66.193092346
0.413936526 0.067363918 0.907809675 92.364768982 0.014930560 0.996619821 -0.080761939 -6.995331764 -0.910181522 0.046984389 0.411531657 66.525001526
0.418230504 0.069281280 0.905694842 93.062477112 0.008225071 0.996755540 -0.080045089 -7.040245533 -0.908301950 0.040926665 0.416303813 66.844070435
0.422195882 0.072228037 0.903622210 93.736526489 0.002718888 0.996713579 -0.080939248 -7.085657597 -0.906498909 0.036629021 0.420612156 67.193450928
0.426330000 0.075638853 0.901399374 94.424865723 0.000336706 0.996482670 -0.083776742 -7.172555923 -0.904565990 0.036020000 0.424805224 67.519645691
0.430355936 0.079670802 0.899136066 95.083564758 -0.002130452 0.996182382 -0.087250113 -7.220406532 -0.902655125 0.035632998 0.428882957 67.835311890
0.433692992 0.082853213 0.897242963 95.759254456 -0.005294133 0.995978773 -0.089411616 -7.289407730 -0.901043594 0.034027025 0.432387918 68.167282104
0.437702686 0.082002744 0.895372093 96.416488647 -0.006299153 0.996085703 -0.088147178 -7.343658924 -0.899096131 0.032942127 0.436506152 68.482414246
0.441769272 0.077738211 0.893753886 97.061592102 -0.004823676 0.996428251 -0.084284417 -7.407437801 -0.897114098 0.032923043 0.440566629 68.794807434
0.445249140 0.074731618 0.892282307 97.706108093 -0.004496682 0.996683419 -0.081231549 -7.463597775 -0.895393670 0.032155953 0.444108784 69.137138367
0.448680609 0.073457986 0.890667737 98.322090149 -0.005563498 0.996824801 -0.079410478 -7.525424957 -0.893673182 0.030674703 0.447664917 69.449806213
0.452211082 0.075359680 0.888721287 98.941741943 -0.008179437 0.996730864 -0.080356278 -7.580172539 -0.891871691 0.029068748 0.451349437 69.768524170
0.455038995 0.075698294 0.887247860 99.540679932 -0.007454802 0.996667325 -0.081210278 -7.637331486 -0.890438557 0.030339573 0.454087138 70.076995850
0.457089931 0.074093610 0.886328578 100.148834229 -0.005422003 0.996735811 -0.080526896 -7.687787056 -0.889402211 0.032002334 0.456000000 70.370697021
0.459059626 0.072560236 0.885436952 100.729728699 -0.002821661 0.996771395 -0.080220848 -7.740418911 -0.888399243 0.034327734 0.457782626 70.669349670
0.460817337 0.072909854 0.884494662 101.315368652 -0.004612343 0.996801257 -0.079764239 -7.792824745 -0.887481332 0.032677136 0.459680021 70.975990295
0.462905109 0.072376460 0.883447587 101.893264771 -0.002982777 0.996780872 -0.080098197 -7.848923206 -0.886400998 0.034442734 0.461631328 71.281188965
0.465349883 0.074334353 0.881999433 102.443931580 -0.003679291 0.996619642 -0.082053050 -7.897549152 -0.885117292 0.034938253 0.464050740 71.570190430
0.468313187 0.074187033 0.880442023 103.009735107 -0.001215997 0.996520460 -0.083320938 -7.951206684 -0.883559883 0.037949681 0.466774315 71.861152649
0.471561164 0.073119625 0.878796220 103.552787781 0.001525919 0.996485531 -0.083730534 -8.004502296 -0.881830335 0.040825035 0.469792724 72.148338318
0.474715889 0.071626790 0.877219200 104.086547852 0.003983748 0.996496379 -0.083521679 -8.048464775 -0.880128264 0.043143693 0.472767740 72.423591614
0.477944911 0.070747383 0.875535667 104.621452332 0.005083162 0.996510088 -0.083297372 -8.102137566 -0.878373384 0.044262044 0.475917786 72.705657959
0.481101990 0.070403948 0.873832643 105.127174377 0.005838847 0.996488690 -0.083500803 -8.153489113 -0.876643598 0.045274567 0.479002208 72.990554810
0.484380096 0.069621913 0.872082591 105.629402161 0.006587374 0.996508002 -0.083214000 -8.200592995 -0.874831259 0.046051931 0.482230544 73.269050598
0.487922132 0.068809301 0.870170534 106.151664734 0.008718988 0.996452212 -0.083683901 -8.243934631 -0.872842073 0.048418231 0.485591739 73.549049377
0.491658062 0.070214421 0.867952704 106.640724182 0.007438211 0.996366858 -0.084816016 -8.293511391 -0.870755136 0.048156485 0.489350110 73.826683044
0.496221662 0.070021577 0.865367234 107.143455505 0.010291458 0.996195793 -0.086508892 -8.342617035 -0.868133426 0.051833469 0.493613958 74.096153259
0.501044214 0.073290758 0.862312317 107.640876770 0.007895980 0.995976806 -0.089239158 -8.391717911 -0.865384221 0.051521569 0.498450369 74.379852295
0.506201684 0.079279594 0.858763158 108.115646362 0.004641122 0.995498657 -0.094638422 -8.446350098 -0.862401426 0.051891755 0.503555834 74.698577881
0.511836410 0.086647429 0.854701877 108.581886292 -0.000888088 0.994951129 -0.100333638 -8.493556976 -0.859081268 0.050595362 0.509329915 74.974426270
0.518145859 0.093006581 0.850219965 109.070411682 -0.005794358 0.994426668 -0.105250217 -8.539577484 -0.855271459 0.049608488 0.515797794 75.290336609
0.524288356 0.097671412 0.845920324 109.541687012 -0.009964654 0.994033694 -0.108596794 -8.592755318 -0.851481259 0.048506726 0.522134364 75.582458496
0.529917419 0.098003231 0.842366993 110.035064697 -0.013514766 0.994147718 -0.107159808 -8.647970200 -0.847940385 0.045401450 0.528141499 75.907440186
0.535393655 0.097179607 0.838992894 110.534072876 -0.020414772 0.994555175 -0.102170654 -8.704066277 -0.844354808 0.037573639 0.534463167 76.235740662
0.540842593 0.094623685 0.835783899 111.015007019 -0.026273934 0.995065451 -0.095654674 -8.756505013 -0.840712368 0.029774711 0.540660858 76.568931580
0.546700954 0.092798278 0.832169116 111.515914917 -0.032673527 0.995444775 -0.089540482 -8.814972878 -0.836689234 0.021761883 0.547243536 76.917030334
0.552476168 0.090644859 0.828584671 112.024871826 -0.035449617 0.995722830 -0.085292429 -8.861435890 -0.832773626 0.017748924 0.553327262 77.258567810
0.558868468 0.093969651 0.823914289 112.524108887 -0.040251777 0.995459437 -0.086231574 -8.907532692 -0.828277886 0.015027989 0.560114026 77.607086182
0.564986885 0.098261200 0.819227517 113.042373657 -0.044412140 0.995063722 -0.088722281 -8.960369110 -0.823902786 0.013743157 0.566562414 77.988327026
0.570712149 0.101965681 0.814794302 113.567642212 -0.047405925 0.994694889 -0.091273867 -9.015542030 -0.819779634 0.013464923 0.572518706 78.355674744
