0.999999881 -0.000000003 0.000000000 0.000000000 -0.000000003 1.000000000 -0.000000000 0.000000000 0.000000000 -0.000000000 1.000000000 -0.000000000
0.999999762 -0.000098357 -0.000419005 0.062929854 0.000098928 0.999999046 0.001376801 -0.030065071 0.000418869 -0.001376842 0.999998987 1.318019271
0.999999166 -0.001183992 -0.000327634 0.041059222 0.001184549 0.999997914 0.001705505 -0.046253305 0.000325614 -0.001705892 0.999998510 2.607950687
0.999996543 -0.002438015 -0.000919209 0.016007749 0.002439021 0.999996483 0.001095065 -0.075288385 0.000916536 -0.001097303 0.999998987 3.952038527
0.999994636 -0.003190505 -0.000677707 0.024475476 0.003191104 0.999994576 0.000884671 -0.094314471 0.000674881 -0.000886829 0.999999404 5.287801266
0.999994576 -0.003171674 -0.000806602 0.012953356 0.003172889 0.999993801 0.001511314 -0.114288971 0.000801804 -0.001513865 0.999998569 6.595181942
0.999990404 -0.004321735 -0.000738766 0.017170340 0.004323532 0.999987721 0.002450985 -0.152698860 0.000728165 -0.002454156 0.999996781 7.931149483
0.999988556 -0.004710786 -0.000706341 0.006176200 0.004712821 0.999984682 0.002912036 -0.170402884 0.000692612 -0.002915332 0.999995649 9.254474640
0.999992251 -0.003769043 -0.001199028 0.006634641 0.003771288 0.999991238 0.001879703 -0.193571702 0.001191933 -0.001884210 0.999997795 10.589017868
0.999998868 -0.001183027 -0.000975800 -0.004193425 0.001182490 0.999999225 -0.000546441 -0.214932919 0.000976446 0.000545288 0.999999762 11.912062645
0.999998033 0.001677720 -0.001107882 0.005320735 -0.001679516 0.999997199 -0.001619634 -0.250474215 0.001105162 0.001621493 0.999998450 13.257900238
0.999987423 0.004923356 -0.001017792 -0.021785744 -0.004924772 0.999986708 -0.001391528 -0.267784357 0.001010928 0.001396524 0.999998868 14.595962524
0.999985993 0.005281403 -0.000659154 -0.034019005 -0.005281853 0.999985635 -0.000679038 -0.300628483 0.000655559 0.000682510 0.999999881 15.951430321
0.999994099 0.003474810 -0.000486540 -0.020945434 -0.003473898 0.999992132 0.001866676 -0.331282496 0.000493023 -0.001864975 0.999998450 17.295780182
0.999999583 -0.001031291 -0.000410142 -0.024260484 0.001033030 0.999990165 0.004275543 -0.348307937 0.000405729 -0.004275965 0.999991059 18.663610458
0.999995589 -0.002891556 -0.000858045 -0.008424270 0.002893528 0.999992967 0.002312092 -0.386041641 0.000851354 -0.002314565 0.999997258 20.006807327
0.999991596 -0.003947290 -0.001132155 -0.019108152 0.003946049 0.999991238 -0.001094397 -0.379048109 0.001136465 0.001089921 0.999999285 21.377437592
0.999997795 -0.001829135 -0.001027223 -0.013222468 0.001826549 0.999994814 -0.002511441 -0.436147571 0.001031812 0.002509560 0.999996901 22.735099792
0.999999940 0.000337174 -0.000341883 -0.019241124 -0.000337569 0.999998987 -0.001154261 -0.437175900 0.000341493 0.001154376 0.999999762 24.101633072
0.999999106 0.000632489 0.001319226 -0.050420754 -0.000638363 0.999989688 0.004453055 -0.470114768 -0.001316397 -0.004453895 0.999989569 25.470031738
0.999998987 -0.000979440 0.001292399 -0.028683670 0.000972047 0.999983013 0.005704845 -0.496866614 -0.001297966 -0.005703584 0.999983311 26.838964462
0.999980032 -0.006160906 0.001652398 -0.046914116 0.006151896 0.999966323 0.005400465 -0.520252824 -0.001685616 -0.005390191 0.999984562 28.205591202
0.999980569 -0.006145108 0.001436647 -0.044104069 0.006140903 0.999976575 0.002911744 -0.535963476 -0.001454508 -0.002902862 0.999995232 29.579862595
0.999980032 -0.006026553 0.002151933 -0.041834313 0.006024608 0.999981046 0.000907347 -0.581387639 -0.002157362 -0.000894360 0.999997795 30.964262009
0.999991655 -0.003380422 0.002558989 -0.047708292 0.003382429 0.999993503 -0.000780593 -0.582169056 -0.002556336 0.000789246 0.999996901 32.351165771
0.999994814 -0.001643694 0.002991434 -0.044014625 0.001651810 0.999994397 -0.002712496 -0.631604970 -0.002986961 0.002717427 0.999992251 33.729095459
0.999994338 -0.001591819 0.003141432 -0.053080969 0.001599465 0.999995112 -0.002431109 -0.636603594 -0.003137548 0.002436126 0.999992609 35.121002197
0.999995589 -0.001782217 0.002568336 -0.040663082 0.001784522 0.999997377 -0.000893642 -0.679539025 -0.002566737 0.000898226 0.999996841 36.511440277
0.999996960 -0.000854242 0.002520800 -0.053551484 0.000852766 0.999998689 0.000591451 -0.696192265 -0.002521303 -0.000589296 0.999997258 37.918193817
0.999996662 0.001763571 0.002090986 -0.049374014 -0.001765311 0.999997318 0.000838220 -0.726114333 -0.002089502 -0.000841906 0.999997973 39.316776276
0.999987364 0.004308853 0.002750709 -0.065450422 -0.004310908 0.999989867 0.000747087 -0.748651326 -0.002747462 -0.000758932 0.999996424 40.714298248
0.999979436 0.005889989 0.002745771 -0.069574893 -0.005893072 0.999981523 0.001122089 -0.772004008 -0.002739110 -0.001138244 0.999996185 42.144138336
0.999972045 0.007097786 0.002561076 -0.074622974 -0.007101178 0.999973416 0.001324549 -0.801041007 -0.002551606 -0.001342696 0.999996424 43.533462524
0.999978244 0.006307235 0.002170077 -0.077978231 -0.006309828 0.999978662 0.001197183 -0.825763643 -0.002162479 -0.001210847 0.999997556 44.945632935
0.999982238 0.005899921 0.001289020 -0.062996797 -0.005900696 0.999981701 0.000609391 -0.862743199 -0.001285399 -0.000616984 0.999999583 46.348873138
0.999983549 0.005796351 0.000454973 -0.071933806 -0.005796778 0.999981999 0.000976446 -0.896775723 -0.000449303 -0.000979064 1.000000000 47.783527374
0.999987304 0.005146402 -0.000420818 -0.085670054 -0.005145487 0.999983966 0.002119359 -0.906816781 0.000431721 -0.002117164 0.999998152 49.196563721
0.999984145 0.005559807 -0.001468390 -0.091411546 -0.005556721 0.999981880 0.002088439 -0.935890436 0.001479978 -0.002080244 0.999997318 50.626037598
0.999981225 0.005724750 -0.002491447 -0.099232331 -0.005719298 0.999980807 0.002185089 -0.958624303 0.002503912 -0.002170796 0.999995112 52.078605652
0.999974608 0.006168447 -0.003747624 -0.101274431 -0.006156624 0.999975622 0.003154795 -0.991921961 0.003766997 -0.003131640 0.999988616 53.488746643
0.999979198 0.004863811 -0.004400655 -0.118221633 -0.004845923 0.999979794 0.004062752 -1.013140559 0.004420330 -0.004041341 0.999982834 54.929683685
0.999985874 0.002107159 -0.005024721 -0.114006072 -0.002084440 0.999987364 0.004519811 -1.028903127 0.005034185 -0.004509273 0.999978006 56.325298309
0.999985754 0.000589147 -0.005428049 -0.126020730 -0.000569133 0.999992728 0.003685797 -1.064800501 0.005430185 -0.003682654 0.999979258 57.750919342
0.999986172 -0.000832710 -0.005338831 -0.141541079 0.000854333 0.999990821 0.004047906 -1.085888982 0.005335417 -0.004052409 0.999978185 59.206054688
0.999985993 -0.001952194 -0.005058006 -0.144498408 0.001976182 0.999986231 0.004740998 -1.112864971 0.005048685 -0.004750926 0.999976635 60.616756439
0.999983728 -0.003575276 -0.004640004 -0.157594144 0.003600694 0.999977887 0.005481372 -1.131840110 0.004620309 -0.005497990 0.999974668 62.066341400
0.999976814 -0.005487790 -0.004248024 -0.164099455 0.005506406 0.999974668 0.004382281 -1.148463368 0.004223872 -0.004405571 0.999981880 63.468719482
0.999969363 -0.006865605 -0.003989461 -0.165468499 0.006878948 0.999970198 0.003340214 -1.173242807 0.003966413 -0.003367556 0.999986827 64.892013550
0.999979556 -0.005755421 -0.003053741 -0.179722130 0.005768548 0.999973476 0.004308891 -1.220662951 0.003028865 -0.004326418 0.999986291 66.339401245
0.999988019 -0.004601692 -0.002126716 -0.197591543 0.004610646 0.999979734 0.004225166 -1.242932677 0.002107235 -0.004234920 0.999989033 67.686737061
0.999999285 -0.001178763 -0.001451234 -0.207149014 0.001186643 0.999983609 0.005438562 -1.269796371 0.001444806 -0.005440278 0.999984384 69.154129028
0.999997795 0.002443654 -0.000752134 -0.212597489 -0.002438447 0.999972641 0.006834730 -1.293757319 0.000768822 -0.006832877 0.999976635 70.528099060
0.999982893 0.005972057 0.000641770 -0.239717335 -0.005976586 0.999954224 0.007324065 -1.317922115 -0.000597996 -0.007327769 0.999973357 71.963768005
0.999943554 0.010672142 0.001049761 -0.242928803 -0.010679119 0.999917924 0.006906464 -1.338853955 -0.000975964 -0.006917277 0.999975920 73.327606201
0.999895692 0.014465392 0.001343561 -0.248001620 -0.014476386 0.999856770 0.008597042 -1.386162639 -0.001219005 -0.008615579 0.999962330 74.745933533
0.999868155 0.016156059 0.002216436 -0.255009294 -0.016174654 0.999830246 0.008663438 -1.403926373 -0.002076089 -0.008698130 0.999960244 76.198028564
0.999876678 0.015591224 0.002417082 -0.264594287 -0.015607963 0.999851704 0.007089148 -1.414115191 -0.002306191 -0.007125987 0.999972165 77.560081482
0.999881387 0.015245383 0.002672919 -0.270403564 -0.015263814 0.999857426 0.007035154 -1.443820834 -0.002565281 -0.007075106 0.999971807 78.972991943
0.999897063 0.014192326 0.002514172 -0.267161310 -0.014206314 0.999881744 0.005654320 -1.456207156 -0.002433623 -0.005689442 0.999980986 80.334846497
0.999902546 0.013852606 0.002218225 -0.262610674 -0.013865313 0.999885380 0.005839393 -1.486385584 -0.002137077 -0.005869566 0.999980688 81.724311829
0.999913037 0.013174640 0.001535163 -0.261087239 -0.013183296 0.999894798 0.005799799 -1.504223704 -0.001458589 -0.005819518 0.999982119 83.131423950
0.999929607 0.011890976 0.001130094 -0.264002681 -0.011897017 0.999912500 0.005535739 -1.527037263 -0.001064167 -0.005548780 0.999984026 84.506591797
0.999915540 0.013069517 0.000202292 -0.265575320 -0.013070432 0.999896049 0.005800568 -1.552916408 -0.000126456 -0.005802706 0.999983013 85.890434265
0.999927700 0.012064489 -0.000991367 -0.270899624 -0.012057772 0.999904454 0.006488807 -1.580213904 0.001069561 -0.006476369 0.999978244 87.255920410
0.999940693 0.010759227 -0.002206178 -0.268197387 -0.010741997 0.999911189 0.007666637 -1.604942322 0.002288474 -0.007642467 0.999967933 88.654777527
0.999957144 0.008600424 -0.003738142 -0.269497573 -0.008566974 0.999922276 0.008867869 -1.633837342 0.003814127 -0.008835445 0.999953330 90.034149170
0.999962986 0.007309416 -0.004776910 -0.274757296 -0.007266107 0.999931335 0.009017984 -1.658739924 0.004842505 -0.008982921 0.999947667 91.374473572
0.999972939 0.006058572 -0.004434997 -0.295787871 -0.006025219 0.999952018 0.007493524 -1.667764068 0.004480191 -0.007466582 0.999961853 92.770469666
0.999975860 0.005189251 -0.004830647 -0.304000348 -0.005154816 0.999959648 0.007112381 -1.693070173 0.004867368 -0.007087292 0.999962807 94.098716736
0.999978006 0.004561106 -0.005028047 -0.314258903 -0.004527270 0.999965429 0.006719213 -1.709839582 0.005058527 -0.006696285 0.999964595 95.506324768
0.999979079 0.005073127 -0.004225563 -0.341245681 -0.005046377 0.999965608 0.006314829 -1.740007758 0.004257459 -0.006293355 0.999971032 96.829513550
0.999976277 0.005868953 -0.003815501 -0.349392712 -0.005847821 0.999965906 0.005522640 -1.769672394 0.003847789 -0.005500179 0.999977350 98.166236877
0.999973178 0.006480724 -0.003631952 -0.366686195 -0.006460130 0.999961495 0.005649373 -1.787028193 0.003668429 -0.005625742 0.999977410 99.539619446
0.999964774 0.007523505 -0.003894226 -0.369992137 -0.007497903 0.999948680 0.006542410 -1.798303485 0.003943254 -0.006512968 0.999970853 100.861183167
0.999960303 0.008142320 -0.003816644 -0.380510151 -0.008112212 0.999934673 0.007832194 -1.820538521 0.003880172 -0.007800910 0.999961793 102.238113403
0.999962151 0.007999113 -0.003669363 -0.393597722 -0.007974786 0.999944687 0.006591103 -1.838507056 0.003721887 -0.006561579 0.999971151 103.542945862
0.999960899 0.008182948 -0.003609325 -0.399825990 -0.008168349 0.999956787 0.004035163 -1.864566684 0.003642193 -0.004005508 0.999984920 104.878906250
0.999969065 0.007097920 -0.003623200 -0.410570055 -0.007088345 0.999969661 0.002643229 -1.883916259 0.003641855 -0.002617449 0.999989510 106.233795166
0.999980867 0.005368907 -0.003345463 -0.420787245 -0.005356510 0.999977112 0.003699550 -1.908369780 0.003365253 -0.003681544 0.999987125 107.548660278
0.999994636 0.002216663 -0.002746730 -0.423029959 -0.002201378 0.999980450 0.005553891 -1.925405741 0.002758991 -0.005547799 0.999980390 108.895225525
0.999998808 0.000744026 -0.001925414 -0.426658422 -0.000731620 0.999977231 0.006435728 -1.953511834 0.001930162 -0.006434296 0.999976993 110.241271973
1.000000119 0.000375684 -0.001245163 -0.429203153 -0.000369206 0.999984801 0.005198695 -1.985543609 0.001247099 -0.005198217 0.999985337 111.577499390
0.999999344 0.001789433 -0.000552560 -0.433073789 -0.001787880 0.999992907 0.002791696 -2.002840042 0.000557554 -0.002790687 0.999995589 112.903770447
0.999990642 0.004544468 0.000428493 -0.437117040 -0.004544874 0.999987602 0.000976006 -2.038835526 -0.000424050 -0.000977923 0.999999106 114.229751587
0.999970436 0.007562974 0.002036323 -0.452101201 -0.007563803 0.999969721 0.000405992 -2.054975271 -0.002033190 -0.000421362 0.999997616 115.564628601
0.999955773 0.008823126 0.003577410 -0.455043614 -0.008831124 0.999956906 0.002230999 -2.081037283 -0.003557572 -0.002262473 0.999990880 116.909202576
0.999954045 0.008601482 0.004486723 -0.452478111 -0.008622065 0.999950528 0.004592357 -2.103966475 -0.004447001 -0.004630812 0.999979019 118.238716125
0.999947846 0.008812031 0.005353879 -0.446824014 -0.008840160 0.999945343 0.005256625 -2.131997108 -0.005307265 -0.005303662 0.999971569 119.593948364
0.999940038 0.009034801 0.006338048 -0.445617884 -0.009062072 0.999947846 0.004290740 -2.147822857 -0.006298951 -0.004347901 0.999970376 120.912132263
0.999901474 0.011817772 0.007722833 -0.446023583 -0.011830706 0.999926567 0.001633611 -2.148247004 -0.007702963 -0.001724804 0.999968410 122.240715027
0.999878585 0.012968611 0.008770423 -0.440925419 -0.012979507 0.999912858 0.001189012 -2.169839144 -0.008754244 -0.001302691 0.999960303 123.592231750
0.999856293 0.013621034 0.010192207 -0.435793012 -0.013648071 0.999901295 0.002591357 -2.216042757 -0.010155910 -0.002730068 0.999944210 124.921020508
0.999834418 0.014377761 0.011246448 -0.424420148 -0.014398672 0.999892473 0.001783857 -2.239370823 -0.011219596 -0.001945473 0.999934673 126.274642944
0.999831915 0.013861941 0.012087871 -0.417453319 -0.013882736 0.999899924 0.001640785 -2.269765615 -0.012063924 -0.001808300 0.999925017 127.601707458
0.999817967 0.013875455 0.013170755 -0.414219618 -0.013913422 0.999896944 0.002797422 -2.292976141 -0.013130588 -0.002980140 0.999908626 128.940963745
0.999827445 0.012295677 0.013987550 -0.399180323 -0.012350732 0.999913990 0.003858180 -2.317599773 -0.013938912 -0.004030250 0.999894023 130.306869507
0.999832928 0.011509576 0.014264163 -0.377717376 -0.011568169 0.999922633 0.004033608 -2.342528820 -0.014216637 -0.004197923 0.999889374 131.644714355
0.999859869 0.008996088 0.014177741 -0.358925045 -0.009060415 0.999946535 0.004480431 -2.364126205 -0.014136679 -0.004608240 0.999888778 132.971969604
0.999871552 0.007858506 0.014014064 -0.342902005 -0.007931250 0.999952912 0.005143660 -2.386704445 -0.013972986 -0.005254129 0.999887884 134.314956665
0.999887586 0.006787042 0.013423788 -0.325930655 -0.006853243 0.999962091 0.004892421 -2.413974762 -0.013390074 -0.004983848 0.999897242 135.670059204
0.999911427 0.005117789 0.012333849 -0.318489254 -0.005178459 0.999972105 0.004893159 -2.427356958 -0.012308459 -0.004956576 0.999911249 136.981842041
0.999928772 0.003753390 0.011376856 -0.306841999 -0.003818318 0.999974072 0.005691674 -2.454097748 -0.011355190 -0.005734689 0.999918401 138.354949951
0.999946177 0.002190727 0.010198209 -0.288032562 -0.002253640 0.999975920 0.006162194 -2.471995831 -0.010184458 -0.006184827 0.999928355 139.671051025
0.999960005 0.001356716 0.008885772 -0.283654332 -0.001410970 0.999977648 0.006101944 -2.492493868 -0.008877290 -0.006114220 0.999941230 141.011810303
0.999969840 0.001611946 0.007666099 -0.275954038 -0.001654640 0.999980390 0.005565829 -2.517495394 -0.007656971 -0.005578327 0.999954522 142.332229614
0.999977469 0.001514772 0.006640332 -0.267024428 -0.001547708 0.999983847 0.004957414 -2.531180620 -0.006632708 -0.004967557 0.999964952 143.673080444
0.999982595 -0.001156829 0.005877455 -0.264082342 0.001138807 0.999992073 0.003068650 -2.555609465 -0.005880949 -0.003061879 0.999977231 145.045181274
0.999975383 -0.005467536 0.004529994 -0.271076053 0.005459827 0.999981105 0.001709603 -2.594769716 -0.004539244 -0.001684801 0.999987602 146.355300903
0.999880493 -0.015125101 0.003396090 -0.259308547 0.015107927 0.999870718 0.005014321 -2.603181839 -0.003471481 -0.004962392 0.999980927 147.721771240
0.999754965 -0.022075530 0.002087064 -0.236271113 0.022061350 0.999732494 0.006559668 -2.621119499 -0.002231302 -0.006511995 0.999975622 149.074188232
0.999642491 -0.026741002 0.001259066 -0.208064020 0.026735891 0.999632478 0.003858352 -2.636254549 -0.001361766 -0.003823285 0.999991059 150.390625000
0.999704599 -0.024298443 0.001384189 -0.218470767 0.024298355 0.999702156 0.000028870 -2.675139666 -0.001384465 0.000004801 0.999998271 151.788955688
0.999759972 -0.021811359 0.002445620 -0.231048062 0.021815628 0.999757767 -0.001753164 -2.696727991 -0.002406776 0.001806126 0.999994576 153.094421387
0.999758720 -0.021752771 0.003334181 -0.231845841 0.021758860 0.999758959 -0.001815315 -2.733242035 -0.003293878 0.001887456 0.999991834 154.474716187
0.999694228 -0.024482479 0.003682239 -0.226908579 0.024478467 0.999697089 0.001116006 -2.756977320 -0.003708435 -0.001025502 0.999991655 155.792816162
0.999501467 -0.031314466 0.004177267 -0.215280011 0.031294785 0.999496520 0.004677694 -2.774994135 -0.004321632 -0.004544612 0.999979258 157.145324707
0.999357522 -0.035613466 0.004193762 -0.197445527 0.035587560 0.999345362 0.006074880 -2.785870552 -0.004407353 -0.005921710 0.999971628 158.499404907
0.999338031 -0.036170788 0.004052409 -0.181305304 0.036145836 0.999325454 0.006046940 -2.811721802 -0.004268386 -0.005896437 0.999972343 159.842163086
0.999383152 -0.034786846 0.004955424 -0.192157894 0.034754388 0.999372125 0.006473913 -2.832837820 -0.005177510 -0.006297674 0.999965429 161.198455811
0.999447525 -0.032680769 0.006175292 -0.194018304 0.032642044 0.999444842 0.006256907 -2.847730637 -0.006376334 -0.006051853 0.999960124 162.520294189
0.999596119 -0.027522940 0.007175627 -0.190716475 0.027495692 0.999611795 0.003855946 -2.877364874 -0.007278960 -0.003657066 0.999965668 163.894363403
0.999652326 -0.025198316 0.007846783 -0.183589011 0.025176095 0.999676228 0.002906546 -2.893758774 -0.007917473 -0.002707960 0.999963880 165.231460571
0.999698937 -0.023184324 0.008118464 -0.183121249 0.023148686 0.999719501 0.004447887 -2.916061640 -0.008219300 -0.004258592 0.999956131 166.599395752
0.999718189 -0.022393497 0.007962947 -0.173235625 0.022360438 0.999738514 0.004207868 -2.939096451 -0.008055083 -0.004028603 0.999958396 167.962341309
0.999773800 -0.019954434 0.007433924 -0.170552298 0.019940251 0.999796748 0.001969460 -2.963312149 -0.007471700 -0.001820755 0.999969244 169.320709229
0.999870360 -0.014569657 0.006937741 -0.169305548 0.014578631 0.999890387 -0.001250484 -3.008149385 -0.006918749 0.001351492 0.999973953 170.730056763
0.999925733 -0.010247719 0.006661282 -0.167028874 0.010263092 0.999942124 -0.002283224 -3.021253586 -0.006637486 0.002351449 0.999974012 172.066986084
0.999962449 -0.005018260 0.007128066 -0.164382920 0.005025764 0.999984145 -0.001038427 -3.048682928 -0.007122730 0.001074239 0.999972880 173.429397583
0.999965429 -0.003438122 0.007651847 -0.169881880 0.003431787 0.999991000 0.000839164 -3.075247288 -0.007654653 -0.000812850 0.999969184 174.831726074
0.999967873 -0.002825371 0.007571790 -0.167283311 0.002802553 0.999988794 0.003020912 -3.097970724 -0.007580228 -0.002999572 0.999965608 176.160873413
0.999959707 -0.005932314 0.006833252 -0.164756283 0.005904586 0.999971449 0.004068334 -3.120671034 -0.006857178 -0.004027800 0.999966979 177.584518433
0.999951243 -0.008371567 0.005336080 -0.156275600 0.008349051 0.999953270 0.004223132 -3.139407396 -0.005371171 -0.004178353 0.999975502 178.961853027
0.999949694 -0.009586003 0.003146672 -0.151167542 0.009585208 0.999951124 0.000257603 -3.165850163 -0.003148972 -0.000227402 0.999993682 180.298797607
0.999974906 -0.006990626 0.001476121 -0.155594587 0.006996387 0.999964774 -0.003953605 -3.193731070 -0.001448413 0.003963864 0.999989808 181.737030029
0.999993920 -0.003448376 0.000986890 -0.171813697 0.003453309 0.999978423 -0.005059856 -3.215929270 -0.000969401 0.005063266 0.999985456 183.130096436
0.999998391 0.001870299 0.000733217 -0.179552659 -0.001867450 0.999987721 -0.003869422 -3.257468462 -0.000740426 0.003868079 0.999991000 184.512130737
0.999994695 0.003224987 0.000949278 -0.187764108 -0.003224528 0.999991715 -0.000487289 -3.282040358 -0.000950823 0.000484255 0.999998093 185.927291870
0.999992669 0.003672393 0.001402119 -0.192570254 -0.003675194 0.999988317 0.001998003 -3.312080860 -0.001394748 -0.002003114 0.999995589 187.310989380
0.999993324 0.003273967 0.001783964 -0.198989093 -0.003279912 0.999985993 0.003342930 -3.340575218 -0.001772978 -0.003348731 0.999991298 188.713119507
0.999998152 0.001479102 0.001519242 -0.196237221 -0.001484995 0.999988258 0.003884779 -3.366246700 -0.001513462 -0.003887001 0.999989748 190.120361328
0.999998808 -0.001036415 0.001564405 -0.193372458 0.001030193 0.999988556 0.003966264 -3.380878448 -0.001568481 -0.003964622 0.999989271 191.536880493
0.999996364 -0.002188966 0.001925509 -0.195386305 0.002180516 0.999985099 0.004372299 -3.408181429 -0.001935035 -0.004368059 0.999986887 192.976928711
0.999977708 -0.006383137 0.002296488 -0.191091090 0.006371199 0.999963522 0.005156188 -3.429929018 -0.002329301 -0.005141417 0.999982417 194.362274170
0.999932349 -0.011441958 0.002427481 -0.178674787 0.011425888 0.999910712 0.006515703 -3.443767786 -0.002501799 -0.006487501 0.999974251 195.796356201
0.999891162 -0.014549725 0.002729108 -0.167383268 0.014530887 0.999868631 0.006780285 -3.466043234 -0.002827383 -0.006739867 0.999971747 197.212585449
0.999921381 -0.012262286 0.002872359 -0.179223463 0.012254799 0.999918699 0.002594248 -3.492683172 -0.002903920 -0.002558821 0.999991000 198.641021729
0.999984443 -0.004683328 0.003215944 -0.189862922 0.004691508 0.999982893 -0.002547121 -3.522538900 -0.003203943 0.002562197 0.999990046 200.070114136
0.999982774 0.003748903 0.004608199 -0.199743360 -0.003734661 0.999985337 -0.003094994 -3.536836147 -0.004619719 0.003077758 0.999982953 201.507934570
0.999918699 0.011305655 0.005963264 -0.214757681 -0.011312624 0.999932468 0.001140501 -3.570091724 -0.005949952 -0.001207843 0.999979913 202.962753296
0.999890149 0.013041174 0.007086503 -0.207460016 -0.013063507 0.999906838 0.003119117 -3.596919060 -0.007045152 -0.003211326 0.999968410 204.409149170
0.999923944 0.010698229 0.006168588 -0.212751731 -0.010719089 0.999933779 0.003362407 -3.613775492 -0.006132191 -0.003428251 0.999973774 205.814285278
0.999955475 0.008087243 0.004878705 -0.207178354 -0.008103777 0.999958336 0.003382584 -3.638846159 -0.004851127 -0.003421948 0.999980807 207.283859253
0.999973238 0.006366263 0.003640427 -0.197640643 -0.006378215 0.999971092 0.003284169 -3.668793440 -0.003619392 -0.003307279 0.999986470 208.718322754
0.999978125 0.005691810 0.003313578 -0.199805811 -0.005699457 0.999978065 0.002310380 -3.685539484 -0.003300332 -0.002329192 0.999990344 210.179107666
0.999974310 0.006396395 0.003228094 -0.198462933 -0.006404096 0.999973655 0.002389564 -3.714965582 -0.003212701 -0.002410153 0.999990404 211.679290771
0.999971926 0.006886242 0.002945707 -0.206918478 -0.006894900 0.999968886 0.002948845 -3.729196072 -0.002925285 -0.002969051 0.999989748 213.115875244
0.999968231 0.007496356 0.002762745 -0.208068743 -0.007504775 0.999964356 0.003058958 -3.761731863 -0.002739692 -0.003079572 0.999989808 214.574096680
0.999968290 0.007599812 0.002453452 -0.204490319 -0.007604981 0.999966025 0.002114535 -3.787345409 -0.002437276 -0.002133103 0.999993086 216.048721313
0.999977231 0.006405703 0.002170533 -0.209129900 -0.006409384 0.999975026 0.001701860 -3.810828447 -0.002159553 -0.001715709 0.999994576 217.506866455
0.999978423 0.006356528 0.001625397 -0.204605475 -0.006359509 0.999975085 0.001846808 -3.840006590 -0.001613592 -0.001857082 0.999995291 218.980987549
0.999974012 0.007019233 0.001615172 -0.217764914 -0.007021376 0.999971330 0.001336532 -3.861545563 -0.001605720 -0.001347814 0.999995947 220.464355469
0.999979079 0.006291327 0.001437767 -0.219274044 -0.006293178 0.999976337 0.001298051 -3.886663437 -0.001429542 -0.001307048 0.999996305 221.957717896
0.999967873 0.007939987 0.000940630 -0.227284387 -0.007940744 0.999965012 0.000826340 -3.915780783 -0.000934011 -0.000833758 0.999997437 223.418380737
0.999972403 0.007385146 0.000540618 -0.229586184 -0.007385521 0.999969363 0.000732315 -3.937513351 -0.000535168 -0.000736263 0.999997854 224.901992798
0.999967337 0.008044143 0.000203376 -0.234151542 -0.008044294 0.999964297 0.000842286 -3.969685316 -0.000196568 -0.000843871 0.999997795 226.399551392
0.999962926 0.008569149 0.000168462 -0.238010854 -0.008569244 0.999960005 0.000686656 -4.010726452 -0.000162546 -0.000688049 0.999997854 227.889801025
0.999975443 0.006969607 0.000273197 -0.238354206 -0.006969698 0.999972582 0.000387212 -4.032170296 -0.000270465 -0.000389081 0.999997973 229.396911621
0.999986470 0.005160600 0.000299347 -0.254256874 -0.005160809 0.999983311 0.000766798 -4.054881573 -0.000295360 -0.000768306 0.999997675 230.881484985
0.999995947 0.002733513 0.000515003 -0.253162712 -0.002734280 0.999991953 0.001518241 -4.076838970 -0.000510823 -0.001519619 0.999996781 232.364791870
0.999993563 0.003498598 0.000304685 -0.261090040 -0.003499157 0.999988973 0.001884007 -4.111030102 -0.000298064 -0.001885037 0.999996185 233.903671265
0.999992073 0.003899237 0.000466848 -0.260176212 -0.003899920 0.999988079 0.001492653 -4.136226654 -0.000460997 -0.001494437 0.999996722 235.339645386
0.999989510 0.004484896 0.000653235 -0.273467451 -0.004485555 0.999986172 0.001034876 -4.164361954 -0.000648560 -0.001037769 0.999997079 236.899002075
0.999983549 0.005600895 0.001023890 -0.283649951 -0.005602468 0.999979854 0.001559127 -4.192632198 -0.001015113 -0.001564813 0.999996126 238.371429443
0.999980927 0.005876840 0.001750399 -0.285972685 -0.005883253 0.999972761 0.003693386 -4.213589668 -0.001728623 -0.003703593 0.999989510 239.907501221
0.999987364 0.004277709 0.002539964 -0.274778843 -0.004288982 0.999977827 0.004456030 -4.235158920 -0.002520825 -0.004466848 0.999984741 241.467956543
0.999977231 0.006064894 0.002816556 -0.291394740 -0.006072809 0.999974549 0.002816845 -4.265364647 -0.002799378 -0.002833864 0.999989867 242.918273926
0.999973059 0.006331222 0.003620235 -0.280129373 -0.006335512 0.999976099 0.001180324 -4.298022747 -0.003612655 -0.001203206 0.999990463 244.491302490
0.999972224 0.006447496 0.003666344 -0.295001537 -0.006453981 0.999974608 0.001766297 -4.311761379 -0.003654841 -0.001789888 0.999989510 245.962234497
0.999968827 0.006879450 0.003801037 -0.288824201 -0.006890335 0.999969125 0.002864655 -4.341984749 -0.003781191 -0.002890734 0.999986470 247.483078003
0.999970615 0.006819441 0.003417058 -0.299399287 -0.006831492 0.999967635 0.003536085 -4.372530937 -0.003392810 -0.003559305 0.999985576 249.028625488
0.999974906 0.006404209 0.002942141 -0.307409734 -0.006414209 0.999970913 0.003410443 -4.390262127 -0.002920191 -0.003429209 0.999987483 250.510726929
0.999958932 0.008422825 0.003267375 -0.303387672 -0.008434728 0.999954998 0.003655004 -4.419940948 -0.003236419 -0.003682394 0.999985635 252.100082397
0.999949098 0.009537356 0.003208810 -0.316126645 -0.009550439 0.999943316 0.004096496 -4.442156315 -0.003169536 -0.004126915 0.999984086 253.575622559
0.999942541 0.010125005 0.003453142 -0.309171945 -0.010137970 0.999939024 0.003766695 -4.464504242 -0.003414770 -0.003801468 0.999984503 255.159271240
0.999955833 0.008684233 0.003529691 -0.304660648 -0.008698521 0.999951422 0.004060525 -4.498708725 -0.003494234 -0.004091030 0.999983072 256.701385498
0.999972165 0.006599380 0.003393377 -0.297623575 -0.006615348 0.999964476 0.004722620 -4.510805130 -0.003362067 -0.004744919 0.999980688 258.244750977
0.999983072 0.004666850 0.003379504 -0.303755194 -0.004686311 0.999970019 0.005778853 -4.545650959 -0.003352410 -0.005794576 0.999975204 259.784484863
0.999986172 0.004259717 0.002996631 -0.296046138 -0.004273934 0.999977291 0.004759365 -4.565734863 -0.002976265 -0.004772090 0.999981821 261.324035645
0.999987304 0.003928549 0.003044806 -0.286469162 -0.003939255 0.999983788 0.003523453 -4.598320961 -0.003030891 -0.003535386 0.999986768 262.861724854
0.999990165 0.000154101 0.004347053 -0.306110114 -0.000173938 0.999987125 0.004565412 -4.604264259 -0.004346275 -0.004566106 0.999977708 264.377288818
0.999980211 -0.004212279 0.004595703 -0.298150182 0.004180877 0.999965668 0.006821010 -4.608833790 -0.004624258 -0.006801645 0.999963820 265.931304932
0.999984384 -0.002473860 0.004947406 -0.289035827 0.002443814 0.999976277 0.006070420 -4.654731274 -0.004962287 -0.006058219 0.999966919 267.505920410
0.999984503 -0.003763075 0.003998166 -0.281453252 0.003739969 0.999973834 0.005771830 -4.678413391 -0.004019759 -0.005756771 0.999972761 269.015045166
0.999983370 -0.003021688 0.004821477 -0.284800470 0.002994557 0.999977112 0.005625357 -4.696379185 -0.004838342 -0.005610809 0.999970019 270.601104736
0.999980569 -0.001417266 0.006000194 -0.283233166 0.001382382 0.999979615 0.005815242 -4.718873501 -0.006008292 -0.005806819 0.999962449 272.109069824
0.999977469 0.000021346 0.006619665 -0.288954407 -0.000056309 0.999983549 0.005282769 -4.743918419 -0.006619424 -0.005283008 0.999961674 273.641967773
0.999969423 0.000794781 0.007701628 -0.277895689 -0.000835344 0.999983251 0.005266263 -4.764558792 -0.007697295 -0.005272519 0.999954045 275.232086182
0.999961972 0.001813856 0.008452831 -0.278680474 -0.001855960 0.999983430 0.004977277 -4.791369438 -0.008443641 -0.004992760 0.999949574 276.731231689
0.999955893 0.001271048 0.009236388 -0.281605065 -0.001311329 0.999987185 0.004357508 -4.808310032 -0.009230709 -0.004369412 0.999945581 278.313201904
0.999946773 0.001223525 0.010176450 -0.262803435 -0.001263922 0.999988914 0.003965154 -4.833598137 -0.010171462 -0.003977790 0.999938071 279.805786133
0.999941230 0.000846095 0.010761113 -0.253425181 -0.000891942 0.999988198 0.004257104 -4.863643169 -0.010757358 -0.004266435 0.999930859 281.363006592
0.999931097 -0.000230118 0.011697895 -0.222439706 0.000166605 0.999982953 0.005430728 -4.895494461 -0.011698921 -0.005428389 0.999914587 282.966186523
0.999930978 -0.001638502 0.011603502 -0.223086223 0.001572650 0.999980569 0.005682188 -4.911862850 -0.011612561 -0.005663532 0.999914289 284.456176758
0.999926269 -0.003200237 0.011689854 -0.211191848 0.003161182 0.999987364 0.003357755 -4.937922478 -0.011700425 -0.003320539 0.999923766 286.034210205
0.999931514 -0.002773203 0.011352635 -0.195481762 0.002760569 0.999993563 0.001129221 -4.960108280 -0.011355669 -0.001097789 0.999932766 287.560485840
0.999940693 -0.002290985 0.010625325 -0.177909315 0.002279620 0.999994695 0.001082657 -4.994790077 -0.010627727 -0.001058356 0.999940813 289.107025146
0.999940097 -0.004858837 0.009791445 -0.177601993 0.004846479 0.999985218 0.001285624 -5.017496586 -0.009797526 -0.001238076 0.999949098 290.678833008
0.999952078 -0.004428918 0.008718570 -0.163429067 0.004424139 0.999987841 0.000567614 -5.043744087 -0.008720955 -0.000528997 0.999959707 292.206878662
0.999958217 -0.003872450 0.008279223 -0.160027817 0.003870766 0.999990165 0.000220736 -5.074503422 -0.008279976 -0.000188661 0.999963641 293.802307129
0.999964356 -0.003731393 0.007573025 -0.152892664 0.003726355 0.999990582 0.000680342 -5.101829529 -0.007575470 -0.000652080 0.999969006 295.360961914
0.999968767 -0.004448733 0.006503690 -0.151229098 0.004442290 0.999987364 0.001005475 -5.132647038 -0.006508060 -0.000976534 0.999976277 296.930786133
0.999971867 -0.004657007 0.005844656 -0.118221752 0.004646681 0.999985397 0.001779770 -5.154227734 -0.005852838 -0.001752543 0.999979317 298.555389404
0.999982476 -0.003411598 0.004757732 -0.140909359 0.003394800 0.999985635 0.003535792 -5.182806492 -0.004769702 -0.003519561 0.999980569 300.115081787
0.999977589 -0.003651897 0.005525438 -0.135585219 0.003631481 0.999984145 0.003701655 -5.201760292 -0.005538846 -0.003681490 0.999976039 301.699096680
0.999975085 -0.002731706 0.006446049 -0.143874869 0.002709510 0.999987960 0.003451256 -5.226265430 -0.006455380 -0.003433687 0.999971449 303.285766602
0.999969363 -0.003771818 0.006801980 -0.140615091 0.003749459 0.999985039 0.003298934 -5.250656128 -0.006814301 -0.003273312 0.999969602 304.885101318
0.999957919 -0.005891667 0.006962196 -0.131877154 0.005876542 0.999977708 0.002190931 -5.272518635 -0.006974929 -0.002149906 0.999971449 306.492950439
0.999941528 -0.007825482 0.007407441 -0.121281475 0.007822994 0.999966741 0.000365045 -5.300516605 -0.007410030 -0.000307054 0.999970615 308.086883545
0.999936581 -0.008547022 0.007273240 -0.129967675 0.008554309 0.999960303 -0.000971204 -5.330147266 -0.007264629 0.001033381 0.999971271 309.733245850
0.999956667 -0.007594611 0.005310619 -0.121720478 0.007603012 0.999967098 -0.001562559 -5.361475945 -0.005298554 0.001602888 0.999982774 311.310272217
0.999975026 -0.006384159 0.002920498 -0.118908323 0.006387827 0.999976039 -0.001246190 -5.390974522 -0.002912446 0.001264835 0.999993086 312.927001953
0.999982834 -0.005404025 0.002179421 -0.117329277 0.005398665 0.999979496 0.002464430 -5.420328617 -0.002192666 -0.002452605 0.999992728 314.559967041
0.999970436 -0.007142366 0.002796187 -0.107540153 0.007126888 0.999956548 0.005509954 -5.452752113 -0.002835392 -0.005489850 0.999979019 316.159332275
0.999966264 -0.007502127 0.003231548 -0.119991586 0.007482303 0.999950588 0.006105066 -5.466846943 -0.003277162 -0.006080671 0.999974251 317.799285889
0.999959588 -0.008308335 0.003364696 -0.122778907 0.008292219 0.999951422 0.004777293 -5.491271973 -0.003404197 -0.004749187 0.999981046 319.429321289
0.999951184 -0.009089883 0.003860156 -0.116130553 0.009071553 0.999944985 0.004740431 -5.509028435 -0.003903007 -0.004705170 0.999979436 321.045593262
0.999948025 -0.009400717 0.003931843 -0.109505333 0.009381888 0.999942005 0.004780395 -5.531616688 -0.003976526 -0.004743248 0.999978960 322.667327881
0.999945998 -0.009439898 0.004333493 -0.107578322 0.009417098 0.999939263 0.005252453 -5.567031860 -0.004382786 -0.005211351 0.999974906 324.306213379
0.999954998 -0.008177601 0.004809399 -0.104215212 0.008156908 0.999954879 0.004308130 -5.587315559 -0.004844385 -0.004268695 0.999977350 325.940277100
0.999957442 -0.007464459 0.005428421 -0.107854955 0.007445038 0.999963224 0.003590448 -5.614249229 -0.005454995 -0.003549867 0.999977112 327.560241699
0.999949276 -0.007916249 0.006237202 -0.106203787 0.007885477 0.999953926 0.004944279 -5.644065857 -0.006276029 -0.004894833 0.999966621 329.189727783
0.999943197 -0.009990603 0.003756529 -0.063103445 0.009962969 0.999920607 0.007305627 -5.677894115 -0.003829183 -0.007267771 0.999964535 330.841796875
0.999939799 -0.010336551 0.003698080 -0.065788954 0.010313782 0.999924958 0.006124964 -5.699743748 -0.003761078 -0.006086438 0.999972641 332.452056885
0.999939263 -0.009207165 0.006069321 -0.081936002 0.009174370 0.999940276 0.005409008 -5.725709438 -0.006118734 -0.005352983 0.999965072 334.054534912
0.999948740 -0.007620709 0.006627148 -0.094459035 0.007598540 0.999962568 0.003363553 -5.743794441 -0.006652507 -0.003313010 0.999970555 335.640960693
0.999964774 -0.005758075 0.006064800 -0.098466687 0.005758544 0.999980628 -0.000059638 -5.781456947 -0.006064312 0.000094580 0.999979794 337.264282227
0.999978602 -0.004452732 0.004729387 -0.085253417 0.004448392 0.999986887 0.000929554 -5.804153919 -0.004733434 -0.000908477 0.999986529 338.872924805
0.999985337 -0.003716136 0.003863001 -0.085871108 0.003701784 0.999983490 0.003718188 -5.833358288 -0.003876724 -0.003703818 0.999983728 340.496978760
0.999993086 -0.002644867 0.002548217 -0.090305060 0.002627173 0.999969780 0.006926741 -5.855669022 -0.002566427 -0.006919984 0.999970853 342.113189697
0.999996781 -0.002143535 0.001210789 -0.093452491 0.002135970 0.999975502 0.006225772 -5.877902508 -0.001224070 -0.006223150 0.999978065 343.702239990
0.999997199 -0.002331019 -0.000169148 -0.110326111 0.002331729 0.999985516 0.004253673 -5.904254913 0.000159265 -0.004254038 0.999989033 345.332397461
0.999992847 -0.003221262 -0.001976138 -0.120246179 0.003231872 0.999977589 0.005384224 -5.923664093 0.001958787 -0.005390557 0.999981523 346.904418945
0.999980688 -0.005337474 -0.003181305 -0.116487175 0.005357502 0.999963105 0.006318389 -5.961563110 0.003147500 -0.006335296 0.999972820 348.520843506
0.999977052 -0.005913448 -0.003308188 -0.141892821 0.005932042 0.999964058 0.005637841 -5.976765633 0.003274767 -0.005657322 0.999976456 350.119720459
0.999973118 -0.006179615 -0.003922397 -0.137325078 0.006198263 0.999966919 0.004757883 -6.009557724 0.003892901 -0.004782052 0.999978900 351.700378418
0.999974430 -0.006183216 -0.003584526 -0.154081404 0.006199445 0.999967992 0.004531852 -6.029611588 0.003556427 -0.004553943 0.999981225 353.314514160
0.999969304 -0.006905144 -0.003735905 -0.165196851 0.006921527 0.999964118 0.004389153 -6.058225155 0.003705498 -0.004414860 0.999981463 354.909881592
0.999964118 -0.007653562 -0.003652872 -0.179087624 0.007667874 0.999960721 0.003919798 -6.085907936 0.003622762 -0.003947651 0.999983728 356.491851807
0.999966383 -0.007376272 -0.003612706 -0.195032924 0.007388085 0.999965250 0.003265505 -6.117615223 0.003588527 -0.003292070 0.999986231 358.114227295
0.999962926 -0.007865819 -0.003529716 -0.209408775 0.007877431 0.999961376 0.003286148 -6.144082069 0.003503766 -0.003313816 0.999986470 359.693054199
0.999964118 -0.007667173 -0.003642330 -0.209942967 0.007676558 0.999964952 0.002568739 -6.166637897 0.003622541 -0.002596591 0.999988198 361.315795898
0.999958813 -0.008356111 -0.003583793 -0.227028400 0.008363183 0.999960899 0.001962642 -6.204487801 0.003567286 -0.001992517 0.999989748 362.882263184
0.999939680 -0.010346126 -0.003689577 -0.234240904 0.010356641 0.999939978 0.002844569 -6.220066071 0.003659959 -0.002882591 0.999987364 364.464141846
0.999894619 -0.014077882 -0.003509106 -0.243172362 0.014092496 0.999889553 0.004179548 -6.250227451 0.003449913 -0.004228544 0.999983251 366.087005615
0.999906361 -0.013281595 -0.003280828 -0.257482499 0.013292368 0.999903798 0.003287029 -6.280670166 0.003236888 -0.003330315 0.999987304 367.648803711
0.999922454 -0.012164721 -0.002631987 -0.263972998 0.012171202 0.999920487 0.002462936 -6.302520275 0.002601850 -0.002494763 0.999991596 369.278045654
0.999943435 -0.010285515 -0.002668097 -0.286676019 0.010293998 0.999939442 0.003185180 -6.330352306 0.002635208 -0.003212449 0.999989569 370.855407715
0.999954045 -0.009351490 -0.002028822 -0.297182351 0.009359658 0.999945581 0.004054002 -6.348753929 0.001990833 -0.004072790 0.999987900 372.468414307
0.999957442 -0.009006082 -0.001932531 -0.303190261 0.009013421 0.999949634 0.003822597 -6.375450134 0.001898039 -0.003839837 0.999988973 374.060241699
0.999960661 -0.008828743 -0.000696937 -0.328076631 0.008830327 0.999956071 0.002302889 -6.406229496 0.000676602 -0.002308937 0.999995172 375.667480469
0.999963343 -0.008542357 -0.000087119 -0.327900589 0.008542491 0.999959767 0.001681200 -6.429841518 0.000072782 -0.001681867 0.999996662 377.296691895
0.999968708 -0.007898068 -0.000141191 -0.342332035 0.007898310 0.999964952 0.001795787 -6.459745407 0.000127029 -0.001796830 0.999996483 378.885559082
0.999973536 -0.007272258 -0.000317872 -0.352642506 0.007273075 0.999967754 0.002647988 -6.488425255 0.000298637 -0.002650213 0.999994516 380.528289795
0.999981344 -0.006089987 -0.000542638 -0.358284414 0.006091634 0.999974370 0.003081338 -6.515643597 0.000523890 -0.003084569 0.999993145 382.120819092
0.999988019 -0.004889322 -0.000336893 -0.366254419 0.004890141 0.999982655 0.002457176 -6.541256428 0.000324904 -0.002458778 0.999994934 383.747161865
