0.999999881 -0.000000000 0.000000000 -0.000000000 -0.000000000 1.000000000 -0.000000000 0.000000000 0.000000000 -0.000000000 0.999999881 -0.000000000
0.999997377 -0.001515951 -0.001642725 -0.005811455 0.001515628 0.999998808 -0.000197225 -0.019775923 0.001643022 0.000194734 0.999998510 0.565373302
0.999993920 -0.001745356 -0.002979510 -0.006980031 0.001740022 0.999996901 -0.001791602 -0.035161544 0.002982628 0.001786406 0.999993861 1.139550567
0.999987185 -0.001831936 -0.004696042 -0.008639741 0.001818572 0.999994278 -0.002848368 -0.052331034 0.004701233 0.002839790 0.999984801 1.679276824
0.999973297 -0.002637051 -0.006800901 -0.009155623 0.002605364 0.999985754 -0.004663804 -0.085119762 0.006813102 0.004645959 0.999965906 2.234960556
0.999939024 -0.006698459 -0.008764600 -0.005823567 0.006641268 0.999956548 -0.006538164 -0.085413709 0.008808016 0.006479557 0.999940097 2.807744741
0.999924242 -0.007022590 -0.010094505 -0.018894568 0.006951724 0.999951065 -0.007038241 -0.108907767 0.010143437 0.006967533 0.999924183 3.353898287
0.999901950 -0.008171268 -0.011366972 -0.030959601 0.008093503 0.999943554 -0.006870619 -0.103426591 0.011422473 0.006777947 0.999911666 3.941474438
0.999884725 -0.008494817 -0.012580124 -0.036277320 0.008404658 0.999938667 -0.007202475 -0.118549719 0.012640537 0.007095912 0.999894798 4.524857044
0.999877214 -0.007867783 -0.013548426 -0.055200912 0.007741278 0.999926031 -0.009364648 -0.146652579 0.013621104 0.009258614 0.999864280 5.112331867
0.999862254 -0.006860252 -0.015108601 -0.064775936 0.006651797 0.999882460 -0.013804478 -0.158881813 0.015201529 0.013702077 0.999790430 5.711988449
0.999853373 -0.005452712 -0.016231036 -0.079578541 0.005172282 0.999837220 -0.017269524 -0.167472094 0.016322561 0.017183036 0.999719024 6.324786186
0.999840677 -0.004417153 -0.017286712 -0.092592232 0.004110965 0.999834418 -0.017708061 -0.174989685 0.017362069 0.017634174 0.999693751 6.955799103
0.999829292 -0.000480338 -0.018460482 -0.118115470 0.000274816 0.999937713 -0.011134099 -0.193204492 0.018464681 0.011127119 0.999767661 7.596820831
0.999817312 0.000675408 -0.019096468 -0.136423588 -0.000679770 0.999999523 -0.000222090 -0.218496814 0.019096307 0.000235025 0.999817610 8.262179375
0.999798238 0.000932745 -0.020059576 -0.150441036 -0.000795443 0.999975979 0.006851457 -0.224790767 0.020065485 -0.006834130 0.999775350 8.929110527
0.999764919 0.002664562 -0.021512844 -0.165739819 -0.002526994 0.999975860 0.006419233 -0.245707572 0.021529431 -0.006363373 0.999747992 9.617490768
0.999745667 0.005431978 -0.021887068 -0.184967697 -0.005460731 0.999983966 -0.001254260 -0.255293399 0.021879908 0.001373451 0.999759734 10.307155609
0.999713063 0.005503437 -0.023311585 -0.222857744 -0.005671965 0.999957800 -0.007169527 -0.257876128 0.023271147 0.007299686 0.999702573 11.010666847
0.999698102 0.003259763 -0.024354056 -0.236100212 -0.003416121 0.999973416 -0.006381489 -0.265500784 0.024332609 0.006462754 0.999683082 11.746164322
0.999691308 0.001929470 -0.024770949 -0.253113419 -0.001846314 0.999992192 0.003379380 -0.264560342 0.024777280 -0.003332613 0.999687552 12.492658615
0.999686360 0.001349157 -0.025002820 -0.275130808 -0.001065136 0.999934435 0.011369324 -0.261841804 0.025016520 -0.011339143 0.999622703 13.272087097
0.999673069 0.000910874 -0.025550196 -0.298799604 -0.000555969 0.999903023 0.013894177 -0.267934650 0.025560372 -0.013875447 0.999576926 14.052040100
0.999664545 -0.000812725 -0.025882540 -0.323254973 0.001154289 0.999912083 0.013184465 -0.286749691 0.025869550 -0.013209936 0.999577999 14.861661911
0.999679327 -0.001142628 -0.025291288 -0.332719922 0.001413769 0.999941468 0.010705449 -0.285945266 0.025277574 -0.010737793 0.999622762 15.685562134
0.999683976 0.000889905 -0.025118234 -0.366810828 -0.000714218 0.999975026 0.007002504 -0.280023605 0.025123838 -0.006982369 0.999659956 16.512371063
0.999709725 -0.002456112 -0.023956858 -0.393585026 0.002487532 0.999995887 0.001281723 -0.294019729 0.023953613 -0.001340966 0.999712229 17.374818802
0.999708772 -0.005456692 -0.023493752 -0.413017899 0.005338710 0.999972701 -0.005081697 -0.307615161 0.023520837 0.004954773 0.999711215 18.221403122
0.999742746 -0.005012133 -0.022105798 -0.438816339 0.004777587 0.999931693 -0.010650305 -0.323535591 0.022157665 0.010541940 0.999699056 19.130598068
0.999754488 -0.002533165 -0.022001274 -0.467186779 0.002273811 0.999927580 -0.011805182 -0.340619743 0.022029579 0.011752243 0.999688387 20.018472672
0.999747336 -0.003005971 -0.022265159 -0.485278726 0.002755524 0.999932528 -0.011270574 -0.369097888 0.022297533 0.011206361 0.999688745 20.936628342
0.999751806 -0.001966606 -0.022177001 -0.511274576 0.001699740 0.999925852 -0.012045981 -0.393579036 0.022199040 0.012005282 0.999681592 21.894804001
0.999751449 0.001558510 -0.022219289 -0.541082919 -0.001869168 0.999900460 -0.013967572 -0.414159805 0.022195300 0.014005627 0.999655545 22.833280563
0.999739051 0.005125328 -0.022239119 -0.574200869 -0.005459429 0.999872446 -0.014988453 -0.434845120 0.022159453 0.015105953 0.999640286 23.811647415
0.999728739 0.006670695 -0.022293219 -0.604827821 -0.007003777 0.999864221 -0.014896397 -0.464771152 0.022190811 0.015048488 0.999640524 24.753547668
0.999722600 0.007099204 -0.022432053 -0.632733166 -0.007435324 0.999860525 -0.014936127 -0.497378200 0.022322878 0.015098771 0.999636710 25.755367279
0.999712944 0.007269838 -0.022801783 -0.662397385 -0.007608941 0.999860764 -0.014820446 -0.529445589 0.022690857 0.014989687 0.999630034 26.728574753
0.999694526 0.008506453 -0.023172205 -0.685768247 -0.008826112 0.999866188 -0.013727833 -0.558419466 0.023052322 0.013928154 0.999637008 27.718463898
0.999683797 0.009408060 -0.023282619 -0.717940450 -0.009687089 0.999881625 -0.011900798 -0.592125833 0.023167891 0.012122567 0.999657869 28.748495102
0.999664307 0.010025024 -0.023856189 -0.750783861 -0.010279847 0.999890506 -0.010583067 -0.616847098 0.023747478 0.010824742 0.999659181 29.739250183
0.999672771 0.009409836 -0.023747791 -0.776861846 -0.009681296 0.999888003 -0.011342045 -0.654587388 0.023638405 0.011568233 0.999653459 30.779970169
0.999652684 0.010857550 -0.023969470 -0.809497952 -0.011151050 0.999862969 -0.012145133 -0.680589736 0.023834324 0.012408186 0.999638855 31.780202866
0.999650180 0.010330036 -0.024304522 -0.840584338 -0.010620931 0.999872029 -0.011870136 -0.706165552 0.024178799 0.012124108 0.999634147 32.809783936
0.999650300 0.008875151 -0.024866415 -0.863933504 -0.009111961 0.999912918 -0.009425926 -0.739205062 0.024780601 0.009649193 0.999646425 33.883071899
0.999624074 0.010699824 -0.025200408 -0.899049938 -0.010829993 0.999927521 -0.005034320 -0.775857568 0.025144728 0.005305320 0.999669790 34.915370941
0.999616027 0.009715559 -0.025919288 -0.934529781 -0.009790449 0.999947071 -0.002763585 -0.785629034 0.025891082 0.003016253 0.999660373 36.000312805
0.999598980 0.009847431 -0.026518181 -0.969336808 -0.009911759 0.999947071 -0.002294953 -0.812591195 0.026494194 0.002556840 0.999645829 37.047935486
0.999588251 0.010317463 -0.026742680 -0.994549513 -0.010409727 0.999939263 -0.003312550 -0.837363958 0.026706893 0.003589539 0.999636948 38.141563416
0.999561608 0.010746049 -0.027561730 -1.033333778 -0.010853051 0.999932945 -0.003735102 -0.859405696 0.027519764 0.004032562 0.999613225 39.189346313
0.999540746 0.010009696 -0.028575867 -1.069659233 -0.010079807 0.999945462 -0.002309817 -0.886428058 0.028551206 0.002596764 0.999589086 40.264984131
0.999534190 0.009116665 -0.029095151 -1.105073333 -0.009133308 0.999957144 -0.000438571 -0.914354146 0.029089926 0.000704065 0.999576569 41.359966278
0.999516070 0.008084465 -0.030010378 -1.145875335 -0.008023810 0.999964535 0.002141631 -0.934408128 0.030026652 -0.001899838 0.999547303 42.431385040
0.999498069 0.009487964 -0.030196449 -1.185680628 -0.009420305 0.999951839 0.002382710 -0.957872093 0.030217623 -0.002097096 0.999541283 43.512020111
0.999467671 0.010782275 -0.030761128 -1.228010178 -0.010828240 0.999939501 -0.001327391 -0.986030042 0.030744985 0.001659740 0.999526083 44.573593140
0.999440491 0.013881774 -0.030397845 -1.268780589 -0.014078304 0.999880493 -0.006260050 -1.000098228 0.030307349 0.006684471 0.999518514 45.665657043
0.999418914 0.015186702 -0.030484360 -1.307632327 -0.015383353 0.999861479 -0.006226105 -1.026142001 0.030385619 0.006691410 0.999516070 46.721641541
0.999446929 0.013436635 -0.030386614 -1.345505357 -0.013548668 0.999901295 -0.003483269 -1.047709703 0.030336846 0.003893007 0.999532402 47.798091888
0.999444187 0.013711692 -0.030355485 -1.382838011 -0.013805587 0.999899566 -0.002884960 -1.060302258 0.030312918 0.003302397 0.999535263 48.911113739
0.999465108 0.012789395 -0.030057805 -1.425258279 -0.012820018 0.999916434 -0.000825623 -1.098321915 0.030044770 0.001210482 0.999548197 49.977996826
0.999467909 0.013580490 -0.029618673 -1.460486174 -0.013621191 0.999905527 -0.001172048 -1.123875141 0.029599991 0.001574825 0.999561012 51.079345703
0.999488652 0.012940074 -0.029199542 -1.502672672 -0.013013446 0.999911487 -0.002323297 -1.160276175 0.029166931 0.002702057 0.999571204 52.135799408
0.999478817 0.014062609 -0.029013859 -1.535439372 -0.014225529 0.999882996 -0.005415628 -1.182325721 0.028934341 0.005825513 0.999564588 53.209270477
0.999514341 0.012234247 -0.028611502 -1.579067349 -0.012462237 0.999890685 -0.007802791 -1.214257240 0.028512944 0.008155536 0.999560416 54.283084869
0.999532402 0.010272987 -0.028752197 -1.612307668 -0.010608132 0.999875963 -0.011527120 -1.250279546 0.028630247 0.011826719 0.999520302 55.360492706
0.999551535 0.009588400 -0.028315946 -1.652764678 -0.009953607 0.999867320 -0.012783926 -1.291710734 0.028189642 0.013060025 0.999517441 56.437011719
0.999563873 0.008440764 -0.028244982 -1.678222537 -0.008749045 0.999901950 -0.010807802 -1.329964638 0.028151013 0.011050186 0.999542713 57.516220093
0.999589503 0.006559252 -0.027835689 -1.713803053 -0.006695792 0.999964476 -0.004813839 -1.345205665 0.027803155 0.004998207 0.999600947 58.608726501
0.999604404 0.005054043 -0.027610388 -1.741482258 -0.005030622 0.999985397 0.000918621 -1.368246555 0.027614653 -0.000779417 0.999618292 59.711139679
0.999617219 0.003030654 -0.027444493 -1.775036573 -0.002963088 0.999990880 0.002503210 -1.400859118 0.027451854 -0.002420993 0.999620259 60.787227631
0.999631941 0.000117048 -0.027070709 -1.808521152 -0.000141435 0.999998093 -0.000897985 -1.416363120 0.027070558 0.000901433 0.999633253 61.858985901
0.999631643 -0.001245443 -0.027051596 -1.840470433 0.001130422 0.999988735 -0.004265827 -1.443481922 0.027056612 0.004233636 0.999625087 62.956180573
0.999631524 0.000646879 -0.027075799 -1.880619287 -0.000860505 0.999967098 -0.007878036 -1.471835971 0.027069822 0.007898405 0.999602377 64.038269043
0.999631047 0.001209379 -0.027059883 -1.915114164 -0.001539839 0.999923050 -0.012193691 -1.504448533 0.027043056 0.012230847 0.999559462 65.097251892
0.999639988 0.004442719 -0.026381847 -1.948492765 -0.004784486 0.999903738 -0.012904639 -1.532966375 0.026321983 0.013026207 0.999568522 66.182228088
0.999635100 0.007785286 -0.025788600 -1.990487814 -0.008045699 0.999916077 -0.010008531 -1.558421731 0.025708517 0.010212344 0.999617219 67.283897400
0.999623239 0.009208496 -0.025779923 -2.029472828 -0.009405883 0.999925911 -0.007544586 -1.597756028 0.025708541 0.007784195 0.999638975 68.369445801
0.999633670 0.009017904 -0.025443537 -2.061435938 -0.009187147 0.999934852 -0.006541335 -1.627105713 0.025382895 0.006772653 0.999654412 69.459327698
0.999643564 0.007864259 -0.025439084 -2.094103336 -0.008018225 0.999948502 -0.005954690 -1.657078385 0.025390949 0.006156500 0.999658108 70.551872253
0.999647439 0.006803864 -0.025586143 -2.128709555 -0.006930997 0.999962389 -0.004882331 -1.678983569 0.025551965 0.005057902 0.999660134 71.644149780
0.999651432 0.004737338 -0.025898155 -2.157908916 -0.004811558 0.999982834 -0.002803194 -1.710597277 0.025884433 0.002926775 0.999660075 72.746032715
0.999639153 0.003398495 -0.026570549 -2.188112259 -0.003429602 0.999991834 -0.001124242 -1.738289475 0.026566520 0.001214905 0.999645650 73.824478149
0.999627948 0.002824410 -0.027056869 -2.222439051 -0.002877018 0.999992371 -0.001904631 -1.768944263 0.027051290 0.001981710 0.999631405 74.891632080
0.999611437 0.003584875 -0.027570290 -2.263789892 -0.003725660 0.999978662 -0.005055721 -1.799458385 0.027551586 0.005156428 0.999606311 75.978187561
0.999597073 0.004402508 -0.027970020 -2.304747820 -0.004617024 0.999958754 -0.007608598 -1.832098365 0.027935378 0.007734633 0.999578953 77.044525146
0.999563754 0.006471325 -0.028746646 -2.342963457 -0.006651060 0.999957442 -0.006160150 -1.859928131 0.028705565 0.006348616 0.999566913 78.130050659
0.999545097 0.006810123 -0.029312473 -2.374529123 -0.006863167 0.999973536 -0.001708365 -1.883014321 0.029300079 0.001908711 0.999567926 79.213233948
0.999526262 0.007313749 -0.029828105 -2.409917593 -0.007225137 0.999967635 0.003078487 -1.902849317 0.029849671 -0.002861581 0.999549389 80.268630981
0.999502957 0.007840672 -0.030466765 -2.449389219 -0.007736225 0.999962330 0.003545546 -1.929388762 0.030493440 -0.003308152 0.999528646 81.348854065
0.999482632 0.009054102 -0.030795921 -2.491958857 -0.008992421 0.999955714 0.002141814 -1.954858422 0.030813981 -0.001863838 0.999522567 82.393974304
0.999458849 0.008868134 -0.031606518 -2.535966158 -0.008858510 0.999959171 0.000445591 -1.976072550 0.031609222 -0.000165422 0.999499559 83.448074341
0.999450743 0.008440220 -0.031975023 -2.578338623 -0.008440682 0.999962747 0.000121581 -2.004073620 0.031974908 0.000148320 0.999487877 84.494018555
0.999437988 0.006965164 -0.032722276 -2.612455130 -0.006948902 0.999974132 0.000611641 -2.031858921 0.032725736 -0.000383972 0.999463499 85.514488220
0.999419510 0.006342934 -0.033408299 -2.652477026 -0.006278309 0.999976635 0.002039819 -2.061180353 0.033420507 -0.001828951 0.999438882 86.526763916
0.999411821 0.004786445 -0.033890426 -2.689650774 -0.004635309 0.999977291 0.004537580 -2.078243971 0.033911429 -0.004377889 0.999414504 87.512649536
0.999374270 0.005257905 -0.034908775 -2.733807325 -0.005048641 0.999966979 0.006080679 -2.102682829 0.034939636 -0.005900710 0.999371111 88.513237000
0.999305308 0.003928192 -0.036995713 -2.778686047 -0.003709659 0.999973476 0.005974364 -2.123582602 0.037018251 -0.005833050 0.999296725 89.453979492
0.999180496 0.003112168 -0.040297411 -2.823708534 -0.002895870 0.999979258 0.005425341 -2.149615765 0.040313523 -0.005304274 0.999172211 90.393859863
0.999043941 0.002996415 -0.043560207 -2.872599363 -0.002795005 0.999983311 0.004684386 -2.169689417 0.043573596 -0.004558228 0.999038994 91.297103882
0.998901904 0.002530455 -0.046734180 -2.913733482 -0.002305409 0.999983430 0.004869164 -2.183025837 0.046745837 -0.004756146 0.998894751 92.190788269
0.998736262 0.003614932 -0.050085556 -2.964931488 -0.003309847 0.999973476 0.006173269 -2.204017878 0.050106671 -0.005999767 0.998725116 93.067634583
0.998592615 0.004594752 -0.052796073 -3.018721819 -0.004234219 0.999965012 0.006938977 -2.226092339 0.052826244 -0.006705738 0.998580396 93.892890930
0.998423159 0.005291277 -0.055849880 -3.068247318 -0.004816022 0.999948978 0.008641026 -2.235718489 0.055892896 -0.008358506 0.998400927 94.702781677
0.998254180 0.006262465 -0.058696948 -3.123257637 -0.005715555 0.999936700 0.009481109 -2.247318745 0.058752768 -0.009129153 0.998229921 95.485923767
0.998087287 0.008599834 -0.061185766 -3.175831079 -0.007988668 0.999913752 0.010226591 -2.264800072 0.061268598 -0.009718322 0.998073220 96.244712830
0.997909188 0.009680409 -0.063869692 -3.235634089 -0.009113410 0.999914408 0.009163061 -2.281630278 0.063953094 -0.008561913 0.997915387 96.977951050
0.997728527 0.011930767 -0.066268958 -3.289778233 -0.011586761 0.999915302 0.005573279 -2.306083918 0.066329993 -0.004792842 0.997785389 97.672576904
0.997509360 0.014896707 -0.068916447 -3.347510815 -0.014805143 0.999886632 0.001839497 -2.327800035 0.068936199 -0.000814651 0.997619987 98.334609985
0.997334838 0.016975729 -0.070930928 -3.402224302 -0.017076353 0.999851704 -0.000812138 -2.344487667 0.070906796 0.002021170 0.997480154 98.972442627
0.997236133 0.018858744 -0.071837559 -3.451799393 -0.019029913 0.999815345 -0.001698738 -2.364108801 0.071792416 0.003061064 0.997414112 99.568565369
0.997250676 0.020761041 -0.071106181 -3.496306896 -0.020921053 0.999777853 -0.001505972 -2.381518602 0.071059287 0.002989407 0.997466803 100.150695801
0.997363806 0.024258429 -0.068360209 -3.551972151 -0.024359280 0.999701023 -0.000641727 -2.396895647 0.068324350 0.002305196 0.997659683 100.710807800
0.997704864 0.025549851 -0.062676534 -3.595205545 -0.025525065 0.999671459 0.001196525 -2.405683279 0.062686630 0.000405994 0.998032451 101.253128052
0.998105884 0.027478196 -0.055006366 -3.616554737 -0.027336406 0.999618769 0.003328953 -2.426328659 0.055076953 -0.001819030 0.998479784 101.768081665
0.998592317 0.027646076 -0.045222364 -3.632084846 -0.027394032 0.999603570 0.006184115 -2.426610708 0.045375433 -0.004936654 0.998957217 102.267967224
0.999073684 0.027050873 -0.033408638 -3.638977528 -0.026812516 0.999609768 0.007562657 -2.440684795 0.033600170 -0.006659954 0.999412596 102.738601685
0.999442041 0.026703479 -0.019967427 -3.645061731 -0.026558802 0.999617219 0.007476861 -2.453387022 0.020159401 -0.006942451 0.999772072 103.188774109
0.999650955 0.025908273 -0.004791349 -3.631319523 -0.025874319 0.999638438 0.007020414 -2.463527679 0.004971406 -0.006894062 0.999963284 103.615524292
0.999600828 0.024971094 0.013065478 -3.619002342 -0.025029870 0.999675095 0.004353283 -2.479856730 -0.012952687 -0.004678638 0.999904633 104.032768250
0.999130309 0.023848668 0.034148827 -3.593436003 -0.023854060 0.999713421 -0.000249857 -2.494289637 -0.034145225 -0.000565000 0.999416232 104.447067261
0.998032272 0.022769378 0.058388866 -3.546793699 -0.022494722 0.999730527 -0.005357138 -2.515065193 -0.058495440 0.004033121 0.998279035 104.865501404
0.996133864 0.019893508 0.085543528 -3.502295494 -0.019308958 0.999782205 -0.007655519 -2.525171757 -0.085677601 0.005974136 0.996304512 105.241302490
0.993207395 0.017230000 0.115056597 -3.426377773 -0.016298674 0.999824286 -0.009030495 -2.532031059 -0.115192495 0.007093862 0.993317425 105.642677307
0.988947392 0.014702024 0.147521988 -3.343823910 -0.013199300 0.999848485 -0.011160349 -2.544763327 -0.147664383 0.009089797 0.988995373 106.004310608
0.982969582 0.012547543 0.183327898 -3.234541655 -0.010422393 0.999864757 -0.012551099 -2.564315796 -0.183461398 0.010426626 0.982971191 106.390510559
0.975182652 0.008493743 0.221229479 -3.123028278 -0.005728886 0.999894977 -0.013136405 -2.570741892 -0.221318826 0.011542993 0.975132763 106.720748901
0.965151548 0.007270774 0.261582673 -2.981967688 -0.003727111 0.999892056 -0.014040606 -2.598249674 -0.261657685 0.012576362 0.965078413 107.101860046
0.953094542 0.004930714 0.302625179 -2.851845026 -0.000627561 0.999894679 -0.014315022 -2.603824854 -0.302665353 0.013453657 0.953001618 107.401290894
0.938002586 0.006326927 0.346563727 -2.696974039 -0.001267915 0.999886692 -0.014822429 -2.611194372 -0.346619964 0.013464070 0.937908649 107.733909607
0.920101941 0.005746373 0.391631007 -2.504032373 -0.000398205 0.999902904 -0.013735992 -2.632876635 -0.391673863 0.012482564 0.920018971 108.094535828
0.900301635 0.005290276 0.435229033 -2.329691410 0.000167904 0.999919176 -0.012501526 -2.629706621 -0.435262144 0.011328219 0.900232077 108.353462219
0.877082884 0.004303168 0.480314970 -2.114381790 0.002310887 0.999907792 -0.013178071 -2.655576944 -0.480329722 0.012668220 0.876996040 108.681732178
0.852336586 0.004393167 0.522970796 -1.912016273 0.003983045 0.999878466 -0.014890973 -2.672080517 -0.522975147 0.014775151 0.852219403 108.920387268
0.824686468 0.005568597 0.565558791 -1.682760596 0.005110078 0.999834657 -0.017296001 -2.680689096 -0.565564215 0.017153854 0.824525297 109.217582703
0.794734895 0.010235268 0.606866598 -1.457228422 0.003337179 0.999766290 -0.021232121 -2.702920198 -0.606945038 0.018899158 0.794518530 109.429405212
0.760979652 0.015603079 0.648584545 -1.184554458 0.000795048 0.999684811 -0.024982393 -2.726527929 -0.648773015 0.019526776 0.760730803 109.735885620
0.724331498 0.020818476 0.689134181 -0.926927447 -0.001894074 0.999597490 -0.028206665 -2.723553181 -0.689447284 0.019125732 0.724082649 109.913932800
0.685141802 0.020842398 0.728108346 -0.642264843 0.000144130 0.999583721 -0.028749147 -2.739581823 -0.728407919 0.019802211 0.684856772 110.144531250
0.643900156 0.017628567 0.764903367 -0.306161016 0.004316483 0.999631941 -0.026671974 -2.772112131 -0.765095770 0.020475812 0.643590152 110.367652893
0.600300014 0.015927777 0.799613178 -0.027425263 0.005894496 0.999683261 -0.024338288 -2.754708052 -0.799751520 0.019323612 0.600018799 110.525382996
0.553346038 0.013261355 0.832843006 0.345955253 0.007091465 0.999758899 -0.020630792 -2.771683216 -0.832919836 0.017322052 0.553121090 110.730323792
0.506256163 0.011075187 0.862309158 0.649921060 0.008231387 0.999806762 -0.017673772 -2.767015457 -0.862342477 0.016045462 0.506069481 110.841278076
0.455542207 0.006273132 0.890189290 1.062474966 0.010738869 0.999860406 -0.012541474 -2.814133167 -0.890148163 0.015272796 0.455413371 111.026374817
0.404485524 0.006486143 0.914518714 1.398099422 0.008750708 0.999898314 -0.010962093 -2.808756590 -0.914501488 0.012436678 0.404389530 111.112350464
0.353377551 0.010843992 0.935415328 1.762694120 0.005252243 0.999890745 -0.013575630 -2.822573185 -0.935465097 0.009710324 0.353283584 111.227073669
0.301845878 0.016677978 0.953208148 2.196242332 0.003374317 0.999818683 -0.018562051 -2.844051600 -0.953349888 0.008819275 0.301736146 111.349662781
0.255655318 0.018773615 0.966583073 2.568615913 0.005508274 0.999763608 -0.020874986 -2.850417376 -0.966751516 0.010660986 0.255492598 111.414161682
0.213053554 0.018706828 0.976858854 3.010946274 0.012345755 0.999681950 -0.021836517 -2.876309395 -0.976961732 0.016712416 0.212755740 111.505187988
0.178920254 0.018351616 0.983689845 3.445255756 0.020124139 0.999545157 -0.022307735 -2.896989584 -0.983656943 0.023787266 0.178470269 111.521896362
0.147355258 0.019411616 0.988890648 3.889883041 0.024193104 0.999434173 -0.023223622 -2.921576023 -0.988786876 0.027346527 0.146802783 111.576118469
0.120172411 0.018072963 0.992586076 4.343101025 0.022399472 0.999527037 -0.020911258 -2.939857721 -0.992499471 0.024746414 0.119711153 111.598243713
0.094442479 0.014545358 0.995421588 4.826234818 0.016878149 0.999722779 -0.016209561 -2.932706356 -0.995386481 0.018331764 0.094171092 111.638916016
0.069572739 0.011604929 0.997506857 5.341035366 0.012159406 0.999844670 -0.012480216 -2.940967560 -0.997502029 0.012997363 0.069420986 111.679672241
0.047631808 0.008297402 0.998827994 5.848434925 0.016147213 0.999824941 -0.009075720 -2.958761930 -0.998733699 0.016560590 0.047489561 111.676803589
0.028060116 0.008584889 0.999566972 6.368264198 0.022641523 0.999697566 -0.009221617 -2.967746258 -0.999348998 0.022890512 0.027857212 111.672622681
0.009692915 0.010585360 0.999894619 6.934083939 0.028592739 0.999528468 -0.010858671 -2.994240999 -0.999543369 0.028695039 0.009385551 111.673149109
-0.004112415 0.015957998 0.999861896 7.486909866 0.028542493 0.999463558 -0.015834255 -3.008822680 -0.999583304 0.028473498 -0.004565897 111.659362793
-0.015523409 0.020706803 0.999662757 8.099204063 0.025669495 0.999460638 -0.020304019 -3.008989811 -0.999549150 0.025345702 -0.016046833 111.659477234
-0.021626337 0.020845475 0.999546409 8.706362724 0.027850151 0.999403536 -0.020239938 -3.016362429 -0.999377370 0.027399868 -0.022194287 111.637756348
-0.024863478 0.017326046 0.999538362 9.337673187 0.033397809 0.999302387 -0.016491201 -3.049808025 -0.999131978 0.032972455 -0.025425099 111.616676331
-0.023529015 0.015686713 0.999597788 10.020684242 0.035259575 0.999264002 -0.014851540 -3.058919430 -0.999100327 0.034896057 -0.024065103 111.594100952
-0.021317299 0.015298556 0.999653399 10.692675591 0.034388058 0.999298692 -0.014559834 -3.090319633 -0.999180317 0.034065876 -0.021828722 111.582069397
-0.019911304 0.015562349 0.999678254 11.382358551 0.031083632 0.999401331 -0.014938940 -3.090379715 -0.999317586 0.030776279 -0.020383395 111.579940796
-0.018702218 0.016329560 0.999689400 12.085688591 0.029525813 0.999435663 -0.015773067 -3.119292259 -0.999388099 0.029221756 -0.019174080 111.569961548
-0.017516479 0.017163787 0.999696910 12.809574127 0.029436601 0.999424279 -0.016643345 -3.136037827 -0.999412239 0.029136250 -0.018011905 111.557014465
-0.017187655 0.017026369 0.999704957 13.556584358 0.029294115 0.999430776 -0.016518066 -3.159967661 -0.999422133 0.029001683 -0.017676905 111.559417725
-0.016742766 0.015853437 0.999731839 14.299771309 0.028073648 0.999484003 -0.015379364 -3.185476542 -0.999464691 0.027808741 -0.017179450 111.560241699
-0.016264476 0.014455089 0.999760926 15.076410294 0.028092716 0.999503791 -0.013994365 -3.212029934 -0.999472082 0.027858501 -0.016662743 111.547393799
-0.016499734 0.011928478 0.999790490 15.857371330 0.029237807 0.999503314 -0.011442556 -3.229212046 -0.999435425 0.029043006 -0.016840555 111.529479980
-0.017673956 0.010905646 0.999782085 16.641086578 0.027500311 0.999564052 -0.010417137 -3.248452663 -0.999464631 0.027310330 -0.017966418 111.522178650
-0.019779004 0.010014135 0.999751985 17.435613632 0.025500467 0.999625981 -0.009508392 -3.259240866 -0.999478102 0.025306186 -0.020027239 111.527336121
-0.021482151 0.007056345 0.999742210 18.228532791 0.027138310 0.999607086 -0.006472270 -3.286030769 -0.999399781 0.026992390 -0.021665484 111.515853882
-0.022693876 0.004848591 0.999728560 19.049032211 0.028767658 0.999573648 -0.004194832 -3.314742327 -0.999327302 0.028664771 -0.022823969 111.508697510
-0.024242889 0.005110220 0.999690890 19.857902527 0.026697891 0.999629915 -0.004462493 -3.321595430 -0.999348462 0.026581571 -0.024370639 111.494209290
-0.023837661 0.008442119 0.999678254 20.681678772 0.023988530 0.999677479 -0.007870117 -3.351943970 -0.999426842 0.023793291 -0.024032788 111.452064514
-0.024733322 0.013783055 0.999597013 21.520828247 0.024877569 0.999599755 -0.013167565 -3.370007038 -0.999383450 0.024541952 -0.025066622 111.443611145
-0.025878554 0.015526681 0.999542534 22.348482132 0.025749238 0.999554157 -0.014860224 -3.401598454 -0.999332309 0.025352992 -0.026267134 111.425865173
-0.027275935 0.013186925 0.999538958 23.214744568 0.022368757 0.999666810 -0.012578221 -3.427378416 -0.999376655 0.022015443 -0.027562143 111.410461426
-0.028481016 0.009220377 0.999549866 24.042995453 0.019613415 0.999766171 -0.008663531 -3.443721533 -0.999400914 0.019357903 -0.028655531 111.404548645
-0.028476750 0.003088878 0.999587595 24.887359619 0.017009869 0.999848068 -0.002605111 -3.474603176 -0.999448776 0.016928738 -0.028525297 111.370109558
-0.028382957 -0.002127107 0.999592781 25.739223480 0.013877011 0.999896705 0.002521770 -3.486294270 -0.999499977 0.013942989 -0.028350832 111.347640991
-0.028042415 -0.002927706 0.999600172 26.578853607 0.011562866 0.999923944 0.003253019 -3.490099430 -0.999538898 0.011649509 -0.028006753 111.334480286
-0.027761513 0.003481690 0.999606252 27.419673920 0.014023185 0.999893010 -0.003093246 -3.530069351 -0.999515176 0.013931845 -0.027807692 111.321365356
-0.026440205 0.013578246 0.999555886 28.248044968 0.016032385 0.999780893 -0.013157233 -3.560743093 -0.999520838 0.015677450 -0.026652424 111.300788879
-0.026081553 0.018206207 0.999491751 29.075471878 0.017627321 0.999683082 -0.017749723 -3.599332571 -0.999503434 0.017155495 -0.026394533 111.289802551
-0.025002260 0.013736634 0.999590576 29.918371201 0.019190548 0.999723792 -0.013258467 -3.606992722 -0.999502242 0.018851299 -0.025259286 111.276199341
-0.024098905 0.006773212 0.999684215 30.755228043 0.022625361 0.999720395 -0.006228050 -3.632563591 -0.999452651 0.022468241 -0.024245730 111.255393982
-0.023849245 0.004050372 0.999704897 31.586053848 0.023581991 0.999711573 -0.003487828 -3.663474321 -0.999436438 0.023491977 -0.023938200 111.242317200
-0.023939636 0.004127176 0.999702394 32.405368805 0.022451526 0.999737084 -0.003589689 -3.685840368 -0.999460340 0.022359019 -0.024026323 111.229393005
-0.025093568 0.004600554 0.999671996 33.220516205 0.019642629 0.999794185 -0.004108062 -3.706400394 -0.999491274 0.019533195 -0.025179097 111.227684021
-0.026592547 0.004652836 0.999632955 34.027214050 0.017450429 0.999834239 -0.004189563 -3.727696657 -0.999493241 0.017332703 -0.026669679 111.204544067
-0.029010320 0.004744942 0.999565423 34.841747284 0.016763495 0.999845684 -0.004259760 -3.749793291 -0.999437809 0.016632712 -0.029085750 111.184860229
-0.030852487 0.005401406 0.999506891 35.652980804 0.016019197 0.999855042 -0.004908824 -3.780878544 -0.999395013 0.015859926 -0.030934911 111.163337708
-0.033113964 0.005155563 0.999435782 36.454792023 0.014706193 0.999876320 -0.004670593 -3.794349194 -0.999342859 0.014543302 -0.033186078 111.143249512
-0.035464194 0.004190171 0.999359846 37.254440308 0.012905006 0.999905169 -0.003734511 -3.812135458 -0.999287248 0.012764363 -0.035515320 111.137084961
-0.037514895 0.003302096 0.999288201 38.061138153 0.012754050 0.999910057 -0.002825354 -3.844548464 -0.999214232 0.012639040 -0.037554059 111.113113403
-0.039544333 0.003484877 0.999209404 38.833786011 0.012612204 0.999911427 -0.002988201 -3.863457680 -0.999137759 0.012484124 -0.039585214 111.092964172
-0.041210786 0.003909216 0.999140501 39.625026703 0.011978616 0.999917924 -0.003418197 -3.888324022 -0.999078214 0.011827506 -0.041254669 111.064155579
-0.042524058 0.004052443 0.999084890 40.392208099 0.012493216 0.999911189 -0.003524059 -3.908656836 -0.999016941 0.012331979 -0.042571358 111.038993835
-0.043500055 0.002909777 0.999046743 41.174720764 0.013705018 0.999898791 -0.002315534 -3.935162067 -0.998959005 0.013591291 -0.043535978 111.001708984
-0.045044404 0.002017873 0.998980463 41.933284760 0.014820789 0.999884665 -0.001351435 -3.944655657 -0.998874784 0.014744876 -0.045069549 110.969833374
-0.046462949 0.001543543 0.998916328 42.688034058 0.014589719 0.999888599 -0.000866439 -3.963850021 -0.998813272 0.014533725 -0.046480730 110.944641113
-0.047445428 0.000736714 0.998871088 43.450897217 0.012430894 0.999917924 -0.000147041 -3.984067678 -0.998796225 0.012409941 -0.047451150 110.917480469
-0.048289660 -0.000249695 0.998830855 44.167617798 0.011635588 0.999927163 0.000812494 -4.002068043 -0.998765349 0.011661272 -0.048283707 110.890007019
-0.048864290 -0.000369494 0.998802900 44.897342682 0.011772725 0.999925554 0.000945854 -4.024694920 -0.998735785 0.011804907 -0.048856776 110.859901428
-0.049334489 0.001331404 0.998779058 45.597457886 0.011763860 0.999925733 -0.000751869 -4.038499355 -0.998712778 0.011712460 -0.049346969 110.830032349
-0.049522221 0.004271833 0.998761475 46.311519623 0.011406365 0.999923170 -0.003711248 -4.069256783 -0.998707771 0.011208502 -0.049567632 110.799636841
-0.049450085 0.006882132 0.998750448 47.010158539 0.009882555 0.999925852 -0.006400941 -4.089464188 -0.998727679 0.009553719 -0.049514916 110.779914856
-0.050042298 0.007118389 0.998719394 47.703491211 0.010226808 0.999920905 -0.006614539 -4.110889435 -0.998694658 0.009882746 -0.050111629 110.741859436
-0.049733769 0.007314961 0.998733342 48.395805359 0.011333176 0.999907970 -0.006759224 -4.131000519 -0.998698235 0.010982707 -0.049812585 110.715469360
-0.050013714 0.006278106 0.998726428 49.077629089 0.011374431 0.999914110 -0.005715980 -4.145915985 -0.998683870 0.011074113 -0.050081342 110.682250977
-0.050161958 0.006442045 0.998717904 49.766689301 0.008685481 0.999939322 -0.006013693 -4.158338070 -0.998703480 0.008372712 -0.050215378 110.662170410
-0.050143667 0.006272239 0.998719931 50.431861877 0.007037835 0.999952853 -0.005926638 -4.173490524 -0.998717368 0.006731657 -0.050185964 110.637748718
-0.050185367 0.005482411 0.998722494 51.122707367 0.008079238 0.999949634 -0.005083181 -4.206887722 -0.998707473 0.007813839 -0.050227650 110.611015320
-0.051392447 0.004969393 0.998663783 51.797550201 0.007718400 0.999954879 -0.004578632 -4.227706432 -0.998648822 0.007472802 -0.051429011 110.584190369
-0.054828286 0.004162886 0.998484969 52.473907471 0.004197135 0.999978483 -0.003938660 -4.243090630 -0.998487115 0.003974827 -0.054845147 110.547416687
-0.060001507 0.004437012 0.998186231 53.163753510 0.002934555 0.999981582 -0.004268614 -4.254023075 -0.998194098 0.002673100 -0.060014028 110.518020630
-0.065785259 0.006910570 0.997807741 53.813873291 0.004721994 0.999962032 -0.006614189 -4.276982307 -0.997822702 0.004276527 -0.065816037 110.475585938
-0.072551943 0.010490607 0.997307301 54.501449585 0.005516933 0.999928653 -0.010116856 -4.293567181 -0.997349501 0.004768084 -0.072605342 110.429870605
-0.079524882 0.011263189 0.996767104 55.156051636 0.004942994 0.999923408 -0.010904507 -4.315106392 -0.996820748 0.004059831 -0.079575203 110.372924805
-0.085903749 0.010734544 0.996243477 55.845104218 0.001636232 0.999937117 -0.010633276 -4.335120678 -0.996302247 0.000716620 -0.085916691 110.322929382
-0.091459520 0.010064372 0.995755851 56.535228729 0.001193183 0.999944150 -0.009997135 -4.356742382 -0.995808303 0.000273755 -0.091467261 110.261726379
-0.095993660 0.009975743 0.995329857 57.187973022 -0.001364124 0.999942362 -0.010153563 -4.382104397 -0.995380998 -0.002332480 -0.095975392 110.208503723
-0.099945396 0.009897957 0.994941652 57.902061462 -0.004738574 0.999929249 -0.010423610 -4.395318508 -0.994981706 -0.005756471 -0.099892333 110.142646790
-0.102327727 0.006588179 0.994726837 58.576358795 -0.005043037 0.999956727 -0.007141622 -4.410401821 -0.994738042 -0.005747304 -0.102290958 110.071266174
-0.104712375 0.004210963 0.994491577 59.318462372 -0.001713266 0.999983668 -0.004414640 -4.434941292 -0.994501173 -0.002166143 -0.104704350 110.002601624
-0.106074326 0.001523322 0.994355023 60.008605957 -0.002149119 0.999990940 -0.001761246 -4.450515747 -0.994355917 -0.002323859 -0.106071025 109.929382324
-0.107411146 0.000915313 0.994212210 60.755813599 -0.002723099 0.999990344 -0.001214856 -4.466756821 -0.994211018 -0.002837879 -0.107408553 109.859054565
-0.107886963 0.003892281 0.994153559 61.486095428 -0.001030798 0.999986172 -0.004027011 -4.488198757 -0.994162738 -0.001459276 -0.107882395 109.785423279
-0.108393334 0.007729491 0.994076192 62.203079224 0.004832305 0.999956787 -0.007248335 -4.492491245 -0.994096458 0.004017998 -0.108426899 109.716537476
-0.109129131 0.012040028 0.993952811 62.960910797 0.011548248 0.999869347 -0.010843809 -4.531234264 -0.993960679 0.010295074 -0.109254807 109.623252869
-0.109700568 0.013612755 0.993869603 63.689407349 0.013312489 0.999831378 -0.012225043 -4.547585487 -0.993875682 0.011889833 -0.109864183 109.547134399
-0.110025443 0.011639250 0.993858814 64.459793091 0.011091049 0.999878228 -0.010481932 -4.572225571 -0.993866980 0.009869692 -0.110142045 109.467918396
-0.109943219 0.007490980 0.993907869 65.206062317 0.012576356 0.999896765 -0.006144984 -4.576616764 -0.993858516 0.011824190 -0.110026956 109.390846252
-0.110143505 0.004798414 0.993902326 65.950454712 0.013946096 0.999892235 -0.003281855 -4.599895000 -0.993818104 0.013499645 -0.110199384 109.313095093
-0.110940039 0.005021601 0.993812442 66.700233459 0.015068343 0.999875605 -0.003370165 -4.615913391 -0.993713200 0.014601296 -0.111002728 109.234390259
-0.112600319 0.005500667 0.993623197 67.431838989 0.014516211 0.999881864 -0.003890314 -4.637719631 -0.993534684 0.013985664 -0.112667702 109.163917542
-0.114495717 0.005619910 0.993405819 68.176277161 0.013882410 0.999890208 -0.004056587 -4.663120747 -0.993327081 0.013326466 -0.114562012 109.085739136
-0.116927013 0.005931415 0.993120730 68.923591614 0.013402202 0.999895334 -0.004393965 -4.679159641 -0.993050277 0.012796292 -0.116995141 108.993843079
-0.118738517 0.006117674 0.992904723 69.673049927 0.013494445 0.999893427 -0.004546999 -4.699854851 -0.992834032 0.012858854 -0.118809298 108.910491943
-0.120867826 0.005831422 0.992649496 70.415489197 0.013297430 0.999897480 -0.004254892 -4.718202114 -0.992579758 0.012685475 -0.120933868 108.822135925
-0.122510344 0.006184838 0.992445946 71.153472900 0.013891213 0.999888301 -0.004516473 -4.747726440 -0.992370188 0.013233034 -0.122583494 108.736373901
-0.123563446 0.007073385 0.992309451 71.921295166 0.012334227 0.999903500 -0.005591666 -4.769165993 -0.992260098 0.011548516 -0.123639688 108.650299072
-0.124777429 0.007587262 0.992153704 72.656684875 0.012446083 0.999899209 -0.006081242 -4.780601025 -0.992106795 0.011589698 -0.124860227 108.570892334
-0.125902474 0.007732188 0.992010415 73.443763733 0.012126576 0.999902189 -0.006254656 -4.808593750 -0.991968572 0.011242286 -0.125984862 108.480911255
-0.126914755 0.006768535 0.991888404 74.205261230 0.011858652 0.999910891 -0.005305950 -4.818674564 -0.991842747 0.011089133 -0.126984626 108.377868652
-0.127883419 0.005281344 0.991772950 74.993827820 0.011711741 0.999919474 -0.003814580 -4.850020409 -0.991719961 0.011127642 -0.127935886 108.299339294
-0.130296499 0.002155516 0.991470337 75.783012390 0.006770566 0.999971747 -0.001284243 -4.851052284 -0.991452157 0.006545533 -0.130308315 108.200637817
-0.132312983 0.001232977 0.991204858 76.539916992 0.006227959 0.999976099 -0.000412550 -4.868705273 -0.991188586 0.006118647 -0.132318407 108.102134705
-0.134629354 0.001576410 0.990892470 77.360649109 0.006774192 0.999972343 -0.000670483 -4.899561405 -0.990873039 0.006622281 -0.134637237 107.998153687
-0.136599615 0.002601012 0.990620732 78.137794495 0.006808036 0.999970913 -0.001686796 -4.904148102 -0.990603149 0.006513816 -0.136614278 107.894592285
-0.137039959 0.006851780 0.990539610 78.942131042 0.008953660 0.999939322 -0.005678087 -4.922892094 -0.990525365 0.008090878 -0.137093887 107.779663086
-0.137899518 0.010272121 0.990390599 79.728256226 0.011694722 0.999888957 -0.008742305 -4.938906193 -0.990377426 0.010376851 -0.138005227 107.690513611
-0.138713181 0.014132921 0.990229368 80.555358887 0.012638084 0.999837637 -0.012499700 -4.971235275 -0.990252137 0.010780797 -0.138870195 107.567390442
-0.138492823 0.015469832 0.990240157 81.369659424 0.014199677 0.999801815 -0.013633285 -4.987307549 -0.990261853 0.012173061 -0.138685942 107.469596863
-0.138062313 0.014921257 0.990308702 82.192443848 0.017515477 0.999762475 -0.012621821 -5.029401779 -0.990268886 0.015603237 -0.138291761 107.356346130
-0.137698367 0.013052944 0.990385830 83.038810730 0.018608486 0.999766290 -0.010589355 -5.046953201 -0.990299702 0.016971564 -0.137909934 107.234359741
-0.137040704 0.011296011 0.990498602 83.882446289 0.017493574 0.999801993 -0.008981797 -5.071332455 -0.990411282 0.016096598 -0.137212038 107.114723206
-0.135388955 0.008689112 0.990752041 84.718246460 0.017268956 0.999825716 -0.006408853 -5.085433483 -0.990642309 0.016241679 -0.135516256 107.018707275
-0.133853808 0.006253820 0.990978897 85.565231323 0.018282598 0.999820828 -0.003840158 -5.110449791 -0.990832746 0.017603772 -0.133944973 106.913345337
-0.132015616 0.002476032 0.991242111 86.406974792 0.017918311 0.999834538 -0.000111112 -5.130779743 -0.991085827 0.017746838 -0.132039011 106.806022644
-0.130573794 0.002471080 0.991433024 87.249229431 0.017354257 0.999844432 -0.000206466 -5.146111965 -0.991286874 0.017178742 -0.130597234 106.713401794
-0.129075319 0.006259855 0.991612613 88.104431152 0.017767131 0.999829233 -0.003999043 -5.172456741 -0.991475761 0.017102050 -0.129165366 106.605979919
-0.127477229 0.012339653 0.991762400 88.950347900 0.017488003 0.999790251 -0.010191705 -5.198276997 -0.991687357 0.016044848 -0.127667189 106.505790710
-0.125788361 0.014893750 0.991942942 89.796379089 0.014324044 0.999805450 -0.013195376 -5.233530998 -0.991953790 0.012548892 -0.125978112 106.400550842
-0.124643303 0.013548792 0.992106795 90.671775818 0.013562905 0.999831676 -0.011950315 -5.239854336 -0.992109239 0.011966415 -0.124806955 106.303375244
