1.000000000 0.000000000 0.000000000 -0.000000000 0.000000000 1.000000000 0.000000000 -0.000000000 0.000000000 0.000000000 1.000000000 -0.000000000
0.999998093 0.000014613 0.001964400 -0.002770135 -0.000015355 0.999999940 0.000377714 -0.037176467 -0.001964394 -0.000377743 0.999997973 1.191052914
0.999993443 0.000167952 0.003624319 -0.007285813 -0.000170764 0.999999702 0.000775655 -0.053879518 -0.003624187 -0.000776268 0.999993145 2.387074471
0.999989629 0.000183194 0.004547384 -0.008673903 -0.000185105 0.999999881 0.000419802 -0.074747391 -0.004547306 -0.000420639 0.999989510 3.588031292
0.999985516 -0.000194466 0.005386757 -0.008068316 0.000191569 0.999999821 0.000538351 -0.099569008 -0.005386860 -0.000537311 0.999985397 4.787334919
0.999979496 -0.000149435 0.006418314 0.002881638 0.000145113 0.999999762 0.000673878 -0.118298121 -0.006418412 -0.000672932 0.999979317 5.978089333
0.999973774 -0.000420931 0.007226703 -0.002128343 0.000421786 1.000000000 -0.000116799 -0.151298240 -0.007226650 0.000119845 0.999974012 7.180877209
0.999967873 -0.000448341 0.007991148 -0.003857479 0.000453122 0.999999940 -0.000596495 -0.169468805 -0.007990875 0.000600098 0.999967992 8.379379272
0.999964118 -0.000589287 0.008420302 0.002518900 0.000585286 0.999999940 0.000477482 -0.194804624 -0.008420577 -0.000472536 0.999964535 9.576725006
0.999969721 -0.000701423 0.007731427 0.001564654 0.000690249 0.999998927 0.001447777 -0.223498270 -0.007732430 -0.001442396 0.999969184 10.772728920
0.999982119 -0.002270579 0.005492384 0.004844574 0.002263232 0.999996781 0.001343503 -0.247509390 -0.005495413 -0.001331047 0.999984026 11.977491379
0.999990463 -0.002923496 0.003164062 0.001515916 0.002920378 0.999995470 0.000989947 -0.265060663 -0.003166938 -0.000980695 0.999994576 13.175133705
0.999994993 -0.002558055 0.001744815 -0.002092632 0.002556751 0.999996662 0.000749202 -0.297159046 -0.001746722 -0.000744736 0.999998271 14.366976738
0.999999464 -0.000446413 0.000714006 -0.006358838 0.000446000 1.000000000 0.000578872 -0.317649752 -0.000714261 -0.000578551 0.999999821 15.536019325
0.999999404 -0.000761914 0.000648175 -0.002308371 0.000761463 0.999999821 0.000696451 -0.346278906 -0.000648701 -0.000695956 0.999999821 16.753509521
0.999998987 -0.001286949 0.000141978 -0.004232374 0.001286803 0.999998808 0.001032949 -0.370054603 -0.000143303 -0.001032763 0.999999702 17.976474762
0.999998987 -0.001084973 -0.000524744 -0.015464671 0.001085649 0.999998689 0.001287958 -0.397517174 0.000523349 -0.001288525 0.999999344 19.153057098
0.999998629 -0.001204883 -0.000798965 -0.022209235 0.001205282 0.999998987 0.000497774 -0.420799017 0.000798369 -0.000498735 0.999999821 20.363374710
0.999997199 -0.001468679 -0.001706710 -0.037861165 0.001467696 0.999998569 -0.000577638 -0.443865001 0.001707562 0.000575135 0.999998629 21.548738480
0.999996781 -0.000770803 -0.002407839 -0.039621297 0.000770869 0.999999583 0.000025966 -0.470145762 0.002407823 -0.000027819 0.999997199 22.742460251
0.999994755 -0.000520970 -0.003156150 -0.049427316 0.000520849 0.999999702 -0.000039322 -0.493760526 0.003156175 0.000037680 0.999995112 23.969532013
0.999991477 -0.000711195 -0.004025790 -0.066781551 0.000708025 0.999999166 -0.000789235 -0.521627247 0.004026356 0.000786382 0.999991715 25.139101028
0.999988079 0.000174992 -0.004854070 -0.077004910 -0.000176688 0.999999762 -0.000349232 -0.544489861 0.004854016 0.000350088 0.999988258 26.361366272
0.999982774 -0.000970805 -0.005761439 -0.091340944 0.000979347 0.999998152 0.001479867 -0.572703719 0.005760001 -0.001485481 0.999982476 27.537460327
0.999977410 -0.001992650 -0.006406942 -0.106279202 0.002005232 0.999995768 0.001957852 -0.597276151 0.006403021 -0.001970653 0.999977827 28.731420517
0.999972224 -0.002025460 -0.007149560 -0.116744779 0.002032035 0.999997079 0.000912367 -0.619902730 0.007147699 -0.000926865 0.999974370 29.939748764
0.999963701 -0.003224980 -0.007851031 -0.133237764 0.003225189 0.999994338 0.000013808 -0.642459571 0.007850952 -0.000039124 0.999969542 31.113719940
0.999960542 -0.002613099 -0.008452145 -0.151564106 0.002611429 0.999996126 -0.000208692 -0.668132305 0.008452668 0.000186617 0.999964714 32.333549500
0.999952793 -0.003157422 -0.009165677 -0.162491798 0.003160810 0.999994397 0.000354978 -0.691404343 0.009164519 -0.000383928 0.999958456 33.508686066
0.999954760 -0.003508972 -0.008798764 -0.182391018 0.003520256 0.999992430 0.001267112 -0.719916463 0.008794266 -0.001298024 0.999960959 34.685428619
0.999951184 -0.004430919 -0.008798517 -0.185519814 0.004439965 0.999989092 0.001008795 -0.751069129 0.008793962 -0.001047806 0.999961317 35.895751953
0.999932706 -0.003963477 -0.010894376 -0.215666980 0.003968482 0.999991417 0.000437619 -0.765264869 0.010892560 -0.000480819 0.999940932 37.110340118
0.999929667 -0.004882745 -0.010802477 -0.223893464 0.004893164 0.999986947 0.000938141 -0.794522285 0.010797767 -0.000990929 0.999941587 38.332160950
0.999927402 -0.004819546 -0.011039717 -0.248455495 0.004844779 0.999985218 0.002259802 -0.813722849 0.011028673 -0.002313120 0.999936879 39.520797729
0.999927163 -0.004847986 -0.011056819 -0.276027948 0.004882562 0.999982774 0.003102068 -0.838283062 0.011041599 -0.003155825 0.999934554 40.724552155
0.999933600 -0.003694033 -0.010920021 -0.292407155 0.003726480 0.999988198 0.002952074 -0.859718382 0.010908998 -0.002992569 0.999936521 41.932453156
0.999936044 -0.002800743 -0.010968178 -0.318312973 0.002829968 0.999992073 0.002649695 -0.882368803 0.010960682 -0.002680562 0.999936938 43.128009796
0.999948800 -0.000525100 -0.010123045 -0.335695267 0.000566888 0.999990821 0.004125156 -0.901845276 0.010120799 -0.004130682 0.999940813 44.333976746
0.999960482 -0.000325215 -0.008906801 -0.358395934 0.000389093 0.999973834 0.007170465 -0.922810137 0.008904247 -0.007173647 0.999935150 45.540767670
0.999976218 0.000539158 -0.006921284 -0.383071393 -0.000470859 0.999950886 0.009865061 -0.932351947 0.006926272 -0.009861570 0.999927759 46.735477448
0.999987841 0.000985920 -0.004873823 -0.381461710 -0.000920442 0.999909103 0.013417566 -0.944503129 0.004886617 -0.013412920 0.999898493 47.956066132
0.999992549 0.000776135 -0.003835645 -0.399727076 -0.000718919 0.999888301 0.014894566 -0.954285324 0.003846786 -0.014891700 0.999882102 49.144954681
0.999996543 -0.001050435 -0.002403287 -0.418981582 0.001081592 0.999914527 0.012998473 -0.961678088 0.002389434 -0.013001027 0.999913037 50.346660614
0.999999285 -0.000919944 -0.000784964 -0.415449500 0.000928859 0.999933779 0.011427986 -0.978228211 0.000774405 -0.011428708 0.999934793 51.558609009
0.999999940 -0.000525204 -0.000159152 -0.427123189 0.000526931 0.999938667 0.011018498 -0.973337412 0.000153360 -0.011018580 0.999939620 52.738811493
1.000000000 -0.000404635 0.000100954 -0.440656453 0.000403559 0.999944329 0.010487174 -0.996429801 -0.000105186 -0.010487131 0.999945283 53.980514526
0.999999225 -0.001000964 -0.000960970 -0.452635497 0.001010127 0.999953151 0.009576766 -1.015445113 0.000951345 -0.009577727 0.999953866 55.162551880
0.999996364 -0.000686978 -0.002694112 -0.461141586 0.000712755 0.999953449 0.009576802 -1.016977429 0.002687414 -0.009578686 0.999950647 56.373508453
0.999990702 -0.001048010 -0.004239771 -0.470014662 0.001094291 0.999939382 0.010927410 -1.037371397 0.004228067 -0.010931951 0.999931216 57.594635010
0.999985576 -0.000636810 -0.005389311 -0.494784594 0.000698116 0.999934673 0.011380607 -1.047214627 0.005381717 -0.011384207 0.999920607 58.800773621
0.999981225 -0.000225246 -0.006184394 -0.504078209 0.000294122 0.999937713 0.011137735 -1.060597420 0.006181504 -0.011139348 0.999918759 60.015663147
0.999969065 0.000801833 -0.007871933 -0.521655560 -0.000722157 0.999948442 0.010118509 -1.069155097 0.007879645 -0.010112514 0.999917805 61.225605011
0.999968529 0.000043554 -0.007982040 -0.548071384 0.000033316 0.999953508 0.009629542 -1.079996109 0.007982093 -0.009629508 0.999921858 62.419105530
0.999976397 -0.001116883 -0.006854903 -0.549587488 0.001182112 0.999953985 0.009518541 -1.103681207 0.006843961 -0.009526423 0.999931455 63.625389099
0.999973059 -0.001174981 -0.007317244 -0.563161910 0.001250785 0.999945521 0.010363189 -1.113450289 0.007304672 -0.010372065 0.999919772 64.810760498
0.999969482 -0.002178660 -0.007546852 -0.572539032 0.002272359 0.999920130 0.012428834 -1.126473427 0.007519175 -0.012445609 0.999894559 66.028450012
0.999969065 -0.000938316 -0.007853206 -0.591884553 0.001025423 0.999937832 0.011094694 -1.146778703 0.007842311 -0.011102407 0.999907970 67.218353271
0.999969423 0.000793473 -0.007790541 -0.606855214 -0.000720499 0.999955833 0.009364718 -1.158036351 0.007797629 -0.009358824 0.999926150 68.411827087
0.999965072 0.002360138 -0.008018902 -0.627663672 -0.002282636 0.999950707 0.009659655 -1.168659449 0.008041305 -0.009641022 0.999921620 69.624359131
0.999960363 0.003874823 -0.008017142 -0.653712928 -0.003794883 0.999943256 0.009961711 -1.188772202 0.008055288 -0.009930900 0.999918699 70.798652649
0.999955773 0.005833992 -0.007383044 -0.672395110 -0.005757753 0.999930441 0.010304857 -1.195540190 0.007442653 -0.010261902 0.999920011 72.008323669
0.999959171 0.006233389 -0.006562874 -0.686780095 -0.006159798 0.999918759 0.011173357 -1.217047811 0.006631993 -0.011132486 0.999916315 73.185386658
0.999965489 0.006914048 -0.004655792 -0.702683032 -0.006859580 0.999909222 0.011613544 -1.221608996 0.004735670 -0.011581215 0.999922097 74.369132996
0.999974132 0.007035881 -0.001682786 -0.712307453 -0.007017539 0.999918699 0.010663480 -1.238846302 0.001757681 -0.010651403 0.999942124 75.551261902
0.999993503 0.003720809 0.000575152 -0.714956999 -0.003723681 0.999980330 0.005086979 -1.261963129 -0.000556205 -0.005089094 0.999987364 76.733543396
0.999985337 0.004427783 0.003287048 -0.722894609 -0.004439990 0.999983370 0.003717684 -1.260274887 -0.003270523 -0.003732231 0.999988198 77.911499023
0.999974728 0.003954594 0.006002345 -0.724063814 -0.004001201 0.999961853 0.007774395 -1.285679817 -0.005971362 -0.007798221 0.999952257 79.074508667
0.999953389 0.003488511 0.009061748 -0.714441240 -0.003575366 0.999947727 0.009587436 -1.315433741 -0.009027820 -0.009619393 0.999913454 80.259826660
0.999902010 0.004323648 0.013347091 -0.707656205 -0.004424430 0.999961972 0.007531367 -1.316348195 -0.013314009 -0.007589690 0.999883056 81.438049316
0.999852538 0.003974734 0.016734522 -0.692304254 -0.004056878 0.999979973 0.004878168 -1.349570870 -0.016714783 -0.004945346 0.999848604 82.606750488
0.999795556 0.002529709 0.020085899 -0.678978026 -0.002548752 0.999996305 0.000923086 -1.362767935 -0.020083480 -0.000974100 0.999798298 83.779197693
0.999730170 0.001002545 0.023230879 -0.666488230 -0.001006467 0.999999464 0.000157510 -1.386791825 -0.023230696 -0.000180857 0.999730647 84.932212830
0.999637246 0.001170459 0.026924632 -0.635442972 -0.001218483 0.999997854 0.001767686 -1.413445234 -0.026922474 -0.001799860 0.999636412 86.085510254
0.999518096 0.002308309 0.030965973 -0.605012059 -0.002383088 0.999994516 0.002378512 -1.439941406 -0.030960279 -0.002451169 0.999518037 87.252899170
0.999408841 0.001841798 0.034342553 -0.574778557 -0.001860310 0.999998391 0.000507399 -1.461730361 -0.034341540 -0.000570996 0.999410212 88.398475647
0.999277115 0.002010007 0.037970781 -0.537883699 -0.001931588 0.999996126 -0.002101522 -1.489097714 -0.037974823 0.002026649 0.999276876 89.548202515
0.999161422 0.001899499 0.040908359 -0.495392442 -0.001806631 0.999995947 -0.002306735 -1.509479761 -0.040912531 0.002230883 0.999160528 90.699867249
0.999045849 0.000378911 0.043677997 -0.440403283 -0.000329323 0.999999523 -0.001142255 -1.543117523 -0.043678373 0.001126771 0.999045253 91.857963562
0.998907089 -0.000253393 0.046742171 -0.403007388 0.000238896 1.000000000 0.000315938 -1.561982870 -0.046742223 -0.000304436 0.998907089 93.021087646
0.998796105 -0.000681622 0.049053095 -0.350004256 0.000587764 0.999997973 0.001928010 -1.586722255 -0.049054291 -0.001896868 0.998794377 94.174491882
0.998656213 -0.002520758 0.051762573 -0.292496443 0.002364270 0.999992371 0.003084402 -1.606871367 -0.051769920 -0.002957887 0.998654604 95.337623596
0.998552382 -0.003196500 0.053694282 -0.232944727 0.003137509 0.999994278 0.001183109 -1.632623911 -0.053697731 -0.001012940 0.998556674 96.489334106
0.998415291 -0.005054753 0.056047466 -0.178367779 0.005206184 0.999982834 -0.002555982 -1.655246496 -0.056033585 0.002843713 0.998424709 97.640167236
0.998298943 -0.004176718 0.058152698 -0.123376094 0.004509402 0.999973834 -0.005590627 -1.672683954 -0.058127835 0.005843340 0.998291969 98.822196960
0.998196304 -0.004316668 0.059876274 -0.047190741 0.004703769 0.999968588 -0.006325375 -1.703616977 -0.059847094 0.006595597 0.998185635 99.978416443
0.998142898 -0.004217459 0.060768351 0.002632565 0.004575637 0.999972701 -0.005756002 -1.733201504 -0.060742427 0.006023353 0.998135149 101.153533936
0.998215854 -0.004284318 0.059550926 0.067140207 0.004525524 0.999981821 -0.003915935 -1.764109612 -0.059533078 0.004178432 0.998217404 102.327468872
0.998282611 -0.004937965 0.058369938 0.131619617 0.005095510 0.999983490 -0.002550348 -1.790892720 -0.058356397 0.002843377 0.998291671 103.510787964
0.998364031 -0.004574542 0.056990568 0.179075599 0.004729045 0.999985099 -0.002576264 -1.802304983 -0.056977954 0.002841544 0.998371184 104.693367004
0.998508096 -0.004696774 0.054395981 0.242561728 0.004815084 0.999985993 -0.002043928 -1.827414989 -0.054385629 0.002302784 0.998517156 105.880912781
0.998690546 -0.003962653 0.051004164 0.301198184 0.004023583 0.999990940 -0.001091756 -1.858546495 -0.050999410 0.001295530 0.998697758 107.111892700
0.998895586 -0.002362608 0.046926413 0.348470420 0.002434185 0.999995589 -0.001467940 -1.886620045 -0.046922781 0.001580530 0.998897195 108.314613342
0.999071717 -0.002186456 0.043022156 0.391443849 0.002241866 0.999996483 -0.001239421 -1.913264990 -0.043019325 0.001334704 0.999073207 109.522300720
0.999226809 -0.001679014 0.039280195 0.429170430 0.001690939 0.999998271 -0.000270070 -1.930977941 -0.039279711 0.000336266 0.999228001 110.736618042
0.999391317 -0.001374924 0.034853920 0.467981428 0.001353305 0.999998569 0.000644204 -1.958844543 -0.034854788 -0.000596659 0.999391973 111.942642212
0.999531090 -0.001401326 0.030581372 0.495337427 0.001361500 0.999997914 0.001323461 -1.980426431 -0.030583184 -0.001281220 0.999531269 113.174461365
0.999673963 -0.000566415 0.025519956 0.518717766 0.000523312 0.999998152 0.001696084 -2.012528419 -0.025520889 -0.001682193 0.999672830 114.386985779
0.999782741 0.000000104 0.020832485 0.532146454 -0.000029278 0.999998868 0.001400681 -2.025465012 -0.020832475 -0.001401003 0.999782026 115.594352722
0.999874592 0.000395665 0.015816631 0.547403812 -0.000416309 0.999998868 0.001302699 -2.050520420 -0.015816115 -0.001309136 0.999873996 116.839218140
0.999939084 0.001341449 0.010939327 0.545971513 -0.001348458 0.999998689 0.000634457 -2.072818518 -0.010938473 -0.000649185 0.999939859 118.052917480
0.999965608 0.002963292 0.007711102 0.548519433 -0.002967667 0.999995232 0.000557461 -2.098832846 -0.007709422 -0.000580341 0.999970078 119.284950256
0.999972105 0.005164957 0.005325828 0.535565674 -0.005168648 0.999986291 0.000681587 -2.112672091 -0.005322243 -0.000709111 0.999985576 120.504203796
0.999972165 0.005830748 0.004581739 0.541049302 -0.005832920 0.999982655 0.000463044 -2.138435841 -0.004578968 -0.000489771 0.999989450 121.739349365
0.999961078 0.008073428 0.003468141 0.532897949 -0.008075627 0.999966681 0.000622548 -2.165294886 -0.003463006 -0.000650547 0.999993801 123.006378174
0.999948978 0.009791772 0.002353557 0.516363025 -0.009795307 0.999950469 0.001498258 -2.189858913 -0.002338776 -0.001521252 0.999996066 124.238906860
0.999947727 0.010008081 0.001997922 0.525547683 -0.010011808 0.999947727 0.001865544 -2.215220451 -0.001979153 -0.001885466 0.999996245 125.489189148
0.999919474 0.012650542 0.000770726 0.509502530 -0.012653308 0.999912739 0.003699787 -2.231222630 -0.000723860 -0.003709259 0.999992847 126.732727051
0.999891341 0.014727570 0.000438076 0.493004411 -0.014730258 0.999866962 0.006949363 -2.237396717 -0.000335675 -0.006955079 0.999975801 127.968978882
0.999915600 0.012979095 -0.000110230 0.500328243 -0.012977930 0.999888301 0.007363753 -2.278310776 0.000205788 -0.007361719 0.999973059 129.243041992
0.999910235 0.013371628 -0.000709507 0.478815347 -0.013367649 0.999895990 0.005340770 -2.287773609 0.000780844 -0.005330823 0.999985695 130.482849121
0.999939203 0.010946524 -0.001114364 0.476152301 -0.010939586 0.999921560 0.006050560 -2.295801401 0.001180505 -0.006038018 0.999981463 131.752349854
0.999969184 0.007343833 -0.002677028 0.463184327 -0.007321648 0.999939144 0.008204615 -2.312754869 0.002737115 -0.008184780 0.999963164 133.001068115
0.999982655 0.004963155 -0.003108078 0.446015269 -0.004931708 0.999936998 0.010044573 -2.329291344 0.003157732 -0.010029091 0.999945045 134.263427734
0.999991238 0.003145577 -0.002711823 0.462397307 -0.003114316 0.999928832 0.011456744 -2.346260309 0.002747667 -0.011448217 0.999931037 135.534454346
0.999994457 -0.000971033 -0.003114190 0.435529828 0.001001386 0.999951124 0.009761754 -2.357637882 0.003104558 -0.009764836 0.999947965 136.790252686
0.999992192 -0.002829647 -0.002702713 0.441652775 0.002851689 0.999961734 0.008189285 -2.367813349 0.002679436 -0.008196943 0.999963284 138.074523926
0.999984384 -0.004735835 -0.002938185 0.425096393 0.004760205 0.999953032 0.008345735 -2.391018152 0.002898521 -0.008359608 0.999961495 139.337112427
0.999984801 -0.004757041 -0.002753156 0.409717143 0.004780462 0.999951005 0.008566542 -2.394801617 0.002712267 -0.008579588 0.999960184 140.613967896
0.999988019 -0.004564372 -0.001771608 0.403623253 0.004582635 0.999934077 0.010449705 -2.417863131 0.001723792 -0.010457713 0.999944568 141.904846191
0.999996662 -0.002243857 -0.001318408 0.386265665 0.002259925 0.999920785 0.012319054 -2.418154001 0.001290657 -0.012322008 0.999924004 143.179077148
0.999997079 -0.002359011 -0.000679562 0.371573210 0.002366294 0.999936700 0.010931152 -2.441873074 0.000653728 -0.010932739 0.999940753 144.452682495
0.999998927 -0.001410740 0.000337965 0.374623299 0.001407700 0.999959230 0.008819352 -2.454087257 -0.000350400 -0.008818878 0.999961674 145.739761353
0.999998868 -0.001474258 0.000107998 0.354409516 0.001473487 0.999974966 0.006784113 -2.473289967 -0.000118003 -0.006783955 0.999977589 147.019317627
0.999996006 -0.002684355 0.000897464 0.357322544 0.002682064 0.999992311 0.002538598 -2.505919933 -0.000904280 -0.002536180 0.999997020 148.281875610
0.999996424 -0.002367494 0.001077800 0.338582933 0.002368729 0.999995470 -0.001150808 -2.518074512 -0.001075081 0.001153365 0.999999583 149.541213989
0.999994993 -0.002849835 0.001284289 0.332862973 0.002852238 0.999993086 -0.001876884 -2.547286987 -0.001278942 0.001880547 0.999998152 150.810836792
0.999993682 -0.003203624 0.001536021 0.338887393 0.003206102 0.999992430 -0.001617443 -2.577131748 -0.001530838 0.001622367 0.999998212 152.084014893
0.999996662 -0.002405195 0.001090942 0.312821746 0.002406700 0.999995053 -0.001384412 -2.606864691 -0.001087617 0.001387042 0.999999166 153.347534180
0.999997795 -0.001901721 0.001045328 0.315722913 0.001901846 0.999997020 -0.000122220 -2.635674715 -0.001045102 0.000124214 1.000000119 154.624862671
0.999999166 -0.001318406 0.000751499 0.300815552 0.001318212 0.999997973 0.000255407 -2.658819914 -0.000751842 -0.000254410 1.000000477 155.877136230
0.999999702 -0.000964228 0.000328606 0.296949655 0.000964112 0.999998331 0.000344649 -2.693116903 -0.000328945 -0.000344326 1.000000596 157.129058838
0.999999762 -0.000684534 -0.000193693 0.286321610 0.000684662 0.999998152 0.000673233 -2.719809294 0.000193225 -0.000673361 1.000000477 158.417984009
0.999998927 -0.000854464 -0.001225944 0.276316404 0.000856582 0.999996722 0.001730805 -2.745585680 0.001224457 -0.001731850 0.999998391 159.676269531
0.999998868 -0.000552173 -0.001446916 0.273698390 0.000555138 0.999996305 0.002051391 -2.766395807 0.001445774 -0.002052190 0.999997377 160.941070557
0.999997258 -0.000177511 -0.002395563 0.255791664 0.000180047 0.999997973 0.001058864 -2.796323538 0.002395368 -0.001059288 0.999997079 162.205810547
0.999994814 0.000552809 -0.003210171 0.234939158 -0.000552919 0.999998450 -0.000033436 -2.826161385 0.003210147 0.000035217 0.999995351 163.473999023
0.999993145 0.001166726 -0.003506469 0.225269362 -0.001167142 0.999998033 -0.000116385 -2.844518900 0.003506326 0.000120483 0.999994218 164.737472534
0.999988973 0.001202381 -0.004506765 0.218572840 -0.001207106 0.999997616 -0.001046053 -2.877499342 0.004505497 0.001051489 0.999989569 166.007095337
0.999986112 0.001342410 -0.005082886 0.202326849 -0.001353023 0.999995828 -0.002085306 -2.903652430 0.005080066 0.002092163 0.999985278 167.270019531
0.999980986 0.001615944 -0.005984410 0.178238913 -0.001626875 0.999996126 -0.001822370 -2.927905798 0.005981445 0.001832082 0.999980807 168.525527954
0.999975920 0.001580158 -0.006788495 0.154501364 -0.001584433 0.999997675 -0.000624391 -2.955924034 0.006787496 0.000635140 0.999977171 169.791580200
0.999973416 0.001692767 -0.007125477 0.142662480 -0.001692582 0.999997675 0.000031918 -2.987289906 0.007125518 -0.000019849 0.999974966 171.055572510
0.999964714 0.002082792 -0.008169054 0.125744119 -0.002079528 0.999996841 0.000407896 -3.010910034 0.008169879 -0.000390887 0.999966800 172.338806152
0.999961019 0.002444522 -0.008514478 0.104034536 -0.002438170 0.999995768 0.000756160 -3.042094469 0.008516294 -0.000735364 0.999963701 173.599227905
0.999950588 0.002932907 -0.009521413 0.084264003 -0.002932360 0.999994695 0.000071083 -3.067524195 0.009521576 -0.000043151 0.999954998 174.872528076
0.999942303 0.003904033 -0.010023162 0.057932381 -0.003908432 0.999991417 -0.000419675 -3.094839096 0.010021443 0.000458834 0.999949932 176.137664795
0.999940157 0.003961861 -0.010231285 0.036234960 -0.003963763 0.999991298 -0.000166008 -3.115888119 0.010230543 0.000206560 0.999947727 177.397384644
0.999935210 0.003819585 -0.010748500 0.024036061 -0.003831061 0.999991357 -0.001047712 -3.143629313 0.010744408 0.001088831 0.999941885 178.666000366
0.999938548 0.002891107 -0.010727902 -0.007325054 -0.002917650 0.999991894 -0.002459654 -3.172356367 0.010720707 0.002490813 0.999939620 179.927139282
0.999942064 -0.000520724 -0.010772998 -0.020973681 0.000492807 0.999995530 -0.002593836 -3.213802338 0.010774307 0.002588388 0.999939144 181.178924561
0.999935329 0.000020208 -0.011390889 -0.057158761 -0.000013084 0.999998808 0.000625425 -3.225984097 0.011390896 -0.000625229 0.999935448 182.445663452
0.999934852 -0.001036690 -0.011386096 -0.074237123 0.001095967 0.999984920 0.005201199 -3.254652262 0.011380538 -0.005213338 0.999922156 183.723236084
0.999933958 -0.000131871 -0.011494690 -0.090919800 0.000191348 0.999985814 0.005173350 -3.281271935 0.011493845 -0.005175210 0.999920905 184.953445435
0.999938369 0.001512270 -0.011006706 -0.112252176 -0.001489453 0.999996006 0.002080753 -3.301675320 0.011009810 -0.002064230 0.999937534 186.220077515
0.999932587 0.002344112 -0.011384450 -0.139960811 -0.002344319 0.999996781 -0.000005042 -3.325045824 0.011384397 0.000031733 0.999935329 187.460632324
0.999931455 0.001897123 -0.011564608 -0.172572345 -0.001897997 0.999997735 -0.000064720 -3.354086876 0.011564454 0.000086667 0.999933183 188.713714600
0.999933362 0.001966690 -0.011377339 -0.192315504 -0.001956613 0.999997139 0.000896663 -3.381189585 0.011379064 -0.000874340 0.999934912 189.984436035
0.999933183 0.001578190 -0.011448013 -0.211237952 -0.001543841 0.999993742 0.003008540 -3.404670000 0.011452680 -0.002990664 0.999929905 191.197463989
0.999942780 0.000835076 -0.010672655 -0.236814111 -0.000791867 0.999990880 0.004052161 -3.436216831 0.010675932 -0.004043477 0.999934793 192.468093872
0.999955714 0.001024655 -0.009372875 -0.259665310 -0.000990151 0.999992192 0.003685090 -3.453253031 0.009376566 -0.003675644 0.999949276 193.683410645
0.999966979 0.000062255 -0.008184314 -0.265389919 -0.000046113 0.999997497 0.001972648 -3.482609987 0.008184407 -0.001972203 0.999964654 194.921539307
0.999973714 0.000171273 -0.007280952 -0.275651395 -0.000161367 0.999998391 0.001361030 -3.499247551 0.007281165 -0.001359815 0.999972701 196.171936035
0.999982119 -0.001509052 -0.005832001 -0.291996181 0.001512614 0.999997973 0.000606716 -3.526145458 0.005831063 -0.000615523 0.999982953 197.378799438
0.999992013 -0.000608420 -0.004019068 -0.314880013 0.000611746 0.999998689 0.000826603 -3.557470083 0.004018548 -0.000829052 0.999991834 198.596038818
0.999994934 -0.001313386 -0.002954517 -0.320366472 0.001321059 0.999994934 0.002597472 -3.582391262 0.002951077 -0.002601361 0.999992549 199.803497314
0.999998569 -0.000531415 -0.001692987 -0.341430396 0.000537138 0.999993443 0.003382347 -3.609980106 0.001691164 -0.003383252 0.999993086 201.016311646
1.000000119 -0.000343977 -0.000253466 -0.346183032 0.000344720 0.999994934 0.002941327 -3.631472349 0.000252438 -0.002941415 0.999995887 202.238616943
1.000000000 0.000047573 0.000679030 -0.359965354 -0.000049816 0.999993861 0.003301908 -3.656713724 -0.000678884 -0.003301942 0.999994516 203.421920776
0.999998689 -0.000446535 0.001706360 -0.362996876 0.000440342 0.999992609 0.003627680 -3.681880951 -0.001707984 -0.003626923 0.999992251 204.625320435
0.999997139 -0.000122551 0.002461485 -0.373038679 0.000113924 0.999993145 0.003504404 -3.702602625 -0.002461915 -0.003504114 0.999991119 205.773391724
0.999994576 -0.000124289 0.003336019 -0.384821802 0.000112440 0.999993026 0.003551482 -3.721720457 -0.003336455 -0.003551087 0.999988496 206.936874390
0.999989450 -0.001206995 0.004438051 -0.393798381 0.001190686 0.999991894 0.003675096 -3.755719662 -0.004442472 -0.003669774 0.999983728 208.104095459
0.999990404 -0.001367385 0.004175213 -0.396539718 0.001350243 0.999990046 0.004104900 -3.777432203 -0.004180803 -0.004099224 0.999983191 209.262481689
0.999989212 -0.002317445 0.004024184 -0.408803284 0.002295884 0.999982357 0.005353465 -3.802050591 -0.004036538 -0.005344171 0.999977827 210.391052246
0.999993801 -0.001433710 0.003193198 -0.405029058 0.001417123 0.999984801 0.005189795 -3.823269367 -0.003200606 -0.005185241 0.999981582 211.499710083
0.999995410 -0.001208493 0.002743520 -0.410837591 0.001196374 0.999988735 0.004413751 -3.851411104 -0.002748839 -0.004410451 0.999986589 212.604766846
0.999995887 -0.001015501 0.002686057 -0.415701270 0.001006716 0.999993443 0.003269062 -3.867923498 -0.002689376 -0.003266345 0.999991179 213.682220459
0.999997437 -0.001150882 0.001960726 -0.423544079 0.001144540 0.999993443 0.003231030 -3.892813206 -0.001964447 -0.003228779 0.999993026 214.747161865
0.999997914 -0.001960197 0.000599452 -0.424822479 0.001958012 0.999990582 0.003619969 -3.918040276 -0.000606556 -0.003618790 0.999993503 215.823089600
0.999997616 -0.001896319 -0.001059930 -0.428721786 0.001900644 0.999988854 0.004096929 -3.937583923 0.001052137 -0.004098936 0.999991357 216.865356445
0.999989152 -0.003314463 -0.003279665 -0.445739925 0.003332673 0.999978065 0.005563837 -3.962206125 0.003261142 -0.005574712 0.999979436 217.906860352
0.999981225 -0.003063907 -0.005310831 -0.456434876 0.003105038 0.999964297 0.007754514 -3.980701923 0.005286872 -0.007770867 0.999956191 218.941223145
0.999965370 -0.002850217 -0.007835887 -0.470204145 0.002911736 0.999963999 0.007851265 -3.999706030 0.007813221 -0.007873816 0.999938846 219.944000244
0.999943256 -0.002217186 -0.010434664 -0.488569409 0.002292446 0.999970496 0.007206323 -4.018002033 0.010418374 -0.007229840 0.999920011 220.932601929
0.999908090 -0.002256114 -0.013376683 -0.515821576 0.002353361 0.999969959 0.007258870 -4.033449173 0.013359902 -0.007289689 0.999884605 221.897567749
0.999870598 -0.001968360 -0.015992353 -0.539998174 0.002094508 0.999965847 0.007875226 -4.051874638 0.015976306 -0.007907706 0.999841690 222.825531006
0.999818921 -0.001628780 -0.018984182 -0.566046834 0.001776305 0.999967456 0.007756734 -4.073904514 0.018970931 -0.007789054 0.999790192 223.761352539
0.999754250 -0.001583256 -0.022137817 -0.591334164 0.001744603 0.999971151 0.007270910 -4.089555740 0.022125671 -0.007307746 0.999728918 224.652023315
0.999679148 -0.001760743 -0.025290720 -0.618968785 0.001933175 0.999974132 0.006795218 -4.109547138 0.025278110 -0.006841930 0.999657393 225.542861938
0.999594152 -0.000730777 -0.028498607 -0.652939618 0.000913527 0.999978185 0.006400088 -4.120884418 0.028493315 -0.006423526 0.999573648 226.389541626
0.999514461 -0.000410228 -0.031173250 -0.689309776 0.000585991 0.999983013 0.005629307 -4.146301746 0.031170424 -0.005644840 0.999498487 227.211502075
0.999431133 0.001694300 -0.033699684 -0.727604330 -0.001502413 0.999981523 0.005718444 -4.168351650 0.033708770 -0.005664560 0.999415934 228.030822754
0.999393642 0.002227687 -0.034763463 -0.773351610 -0.002025281 0.999979794 0.005856359 -4.176237106 0.034775827 -0.005782401 0.999378741 228.831146240
0.999414265 0.002048254 -0.034171287 -0.800544918 -0.001811442 0.999972880 0.006959496 -4.190975666 0.034184650 -0.006893518 0.999391854 229.614807129
0.999423563 0.002234094 -0.033884682 -0.832825482 -0.001970952 0.999966502 0.007797058 -4.208643913 0.033900995 -0.007725778 0.999395490 230.366027832
0.999443650 0.002126371 -0.033293016 -0.861519217 -0.001874648 0.999968171 0.007590121 -4.228034019 0.033308130 -0.007523485 0.999416947 231.100326538
0.999456286 0.002511737 -0.032889396 -0.896974504 -0.002322193 0.999979258 0.005799870 -4.236089230 0.032903314 -0.005720338 0.999442339 231.843276978
0.999481916 0.002644995 -0.032091249 -0.917754292 -0.002538161 0.999989748 0.003369180 -4.250417233 0.032099873 -0.003285977 0.999479353 232.559249878
0.999520242 0.002590779 -0.030878305 -0.953452945 -0.002528396 0.999993324 0.002058978 -4.265513420 0.030883465 -0.001979911 0.999521136 233.301208496
0.999559760 0.003159036 -0.029514881 -0.981095076 -0.003112127 0.999992549 0.001634931 -4.276438713 0.029519858 -0.001542350 0.999563158 234.008422852
0.999608397 0.002603715 -0.027876263 -1.007956028 -0.002566613 0.999994457 0.001366497 -4.293605804 0.027879700 -0.001294406 0.999610662 234.732299805
0.999662876 0.002311054 -0.025875950 -1.034844279 -0.002275004 0.999995172 0.001422412 -4.313147545 0.025879137 -0.001363057 0.999664426 235.460479736
0.999706864 0.002339225 -0.024118269 -1.055828929 -0.002306149 0.999995172 0.001399010 -4.327791214 0.024121447 -0.001342971 0.999708354 236.164764404
0.999756336 0.002152687 -0.021989889 -1.081668377 -0.002129024 0.999996006 0.001099312 -4.344758034 0.021992180 -0.001052219 0.999757826 236.880813599
0.999811351 0.002018013 -0.019342344 -1.102598906 -0.001993701 0.999995947 0.001276013 -4.352688313 0.019344853 -0.001237201 0.999812365 237.575744629
0.999867857 0.001231826 -0.016239777 -1.114412904 -0.001203205 0.999996483 0.001772007 -4.372823238 0.016241914 -0.001752225 0.999866784 238.276977539
0.999913454 -0.000138152 -0.013202962 -1.123883009 0.000169486 0.999996066 0.002372392 -4.388827801 0.013202582 -0.002374418 0.999910235 238.996749878
0.999946713 0.000002105 -0.010384699 -1.131085515 0.000022535 0.999996066 0.002372907 -4.404708862 0.010384664 -0.002373008 0.999943495 239.674453735
0.999974668 -0.000364648 -0.007206689 -1.148772120 0.000380153 0.999996483 0.002150641 -4.421027660 0.007205879 -0.002153318 0.999972045 240.374740601
0.999990582 -0.000599118 -0.004452248 -1.155546665 0.000607693 0.999996841 0.001925557 -4.426308155 0.004451080 -0.001928237 0.999988556 241.056518555
0.999999285 0.000136492 -0.001669545 -1.161676049 -0.000134784 0.999998569 0.001024588 -4.442837238 0.001669682 -0.001024354 0.999998450 241.750167847
1.000000238 0.000608972 0.000632769 -1.162297845 -0.000609509 0.999998629 0.000844222 -4.457465172 -0.000632257 -0.000844599 0.999999821 242.475601196
0.999995410 0.000367234 0.003209250 -1.166072488 -0.000371618 0.999998152 0.001364490 -4.470182896 -0.003208747 -0.001365668 0.999994159 243.170104980
0.999982953 0.000441164 0.005942734 -1.176838040 -0.000451977 0.999997497 0.001817512 -4.479841232 -0.005941923 -0.001820159 0.999980927 243.876693726
0.999961138 -0.000046743 0.008901413 -1.165299892 0.000031912 0.999997914 0.001665976 -4.496887684 -0.008901476 -0.001665620 0.999959111 244.551010132
0.999935865 -0.000074170 0.011385901 -1.162129283 0.000067398 0.999999166 0.000594849 -4.507491112 -0.011385938 -0.000594036 0.999935210 245.262222290
0.999916911 0.000453507 0.012930469 -1.162456155 -0.000424969 0.999996781 -0.002209869 -4.529076576 -0.012931431 0.002204198 0.999914169 245.974609375
0.999900579 -0.000503622 0.014135894 -1.155142903 0.000555353 0.999992549 -0.003656148 -4.539384842 -0.014133947 0.003663643 0.999893665 246.691070557
0.999892473 -0.000824423 0.014687896 -1.146389604 0.000885427 0.999990404 -0.004147651 -4.548417568 -0.014684335 0.004160219 0.999883711 247.411071777
0.999895871 -0.001325285 0.014426962 -1.141579628 0.001390237 0.999988496 -0.004493307 -4.572190762 -0.014420839 0.004512906 0.999885976 248.132858276
0.999893248 -0.000653569 0.014661239 -1.138774991 0.000724186 0.999987543 -0.004812040 -4.587784767 -0.014657913 0.004822151 0.999880910 248.868850708
0.999888361 0.000199404 0.014996829 -1.136309028 -0.000119869 0.999985337 -0.005304274 -4.601470470 -0.014997667 0.005301893 0.999873400 249.601364136
0.999884546 0.000061439 0.015251409 -1.124683380 0.000049098 0.999973357 -0.007247311 -4.623134613 -0.015251446 0.007247231 0.999857306 250.355957031
0.999870658 -0.004703754 0.015434259 -1.112493634 0.004854152 0.999940634 -0.009722089 -4.645060539 -0.015387608 0.009795758 0.999833524 251.116958618
0.999847889 -0.007095666 0.015976004 -1.103502512 0.007263530 0.999918342 -0.010474515 -4.661559582 -0.015900368 0.010588976 0.999817312 251.861679077
0.999841630 -0.006688023 0.016542746 -1.102267623 0.006804955 0.999951661 -0.007022801 -4.672947407 -0.016494974 0.007134274 0.999838293 252.649551392
0.999855399 -0.000985009 0.017029805 -1.098099709 0.000999124 0.999998748 -0.000820433 -4.686394691 -0.017028973 0.000837348 0.999854445 253.422698975
0.999839544 -0.001577044 0.017897462 -1.089988947 0.001509336 0.999991298 0.003795857 -4.722285748 -0.017903285 -0.003768213 0.999832451 254.212860107
0.999800444 -0.003558655 0.019707741 -1.054646611 0.003522699 0.999991715 0.001858630 -4.721797466 -0.019714182 -0.001788815 0.999803901 255.016525269
0.999719739 -0.001723483 0.023653494 -1.063277960 0.001847238 0.999984205 -0.005211253 -4.747246265 -0.023644134 0.005253500 0.999706566 255.799468994
0.999604464 0.000054924 0.028163012 -1.055735111 0.000210338 0.999955058 -0.009415705 -4.740066051 -0.028162252 0.009417918 0.999558926 256.636291504
0.999516547 0.001744494 0.031075602 -1.030134559 -0.001461431 0.999956667 -0.009129128 -4.773940086 -0.031090170 0.009079312 0.999475300 257.440826416
0.999415874 0.000509155 0.034205087 -1.013665318 -0.000286895 0.999978244 -0.006502395 -4.793186665 -0.034207638 0.006488797 0.999393642 258.266143799
0.999309957 -0.003425304 0.037013553 -0.984795928 0.003544396 0.999988019 -0.003152522 -4.806881905 -0.037002299 0.003281552 0.999309778 259.126342773
0.999188781 -0.006211348 0.039812170 -0.945017338 0.006275543 0.999978483 -0.001487942 -4.829578876 -0.039802067 0.001736594 0.999206185 259.940032959
0.999045551 -0.006668495 0.043187480 -0.913886487 0.006712468 0.999976337 -0.000873526 -4.842739105 -0.043180622 0.001162603 0.999066651 260.779571533
0.998956919 -0.003763288 0.045523629 -0.887645185 0.003901488 0.999987423 -0.002947501 -4.862967968 -0.045511942 0.003122053 0.998958945 261.612030029
0.998845637 -0.003091458 0.047948420 -0.852614880 0.003346796 0.999980152 -0.005246069 -4.884953976 -0.047931224 0.005400503 0.998836040 262.440338135
0.998722970 -0.002665555 0.050462402 -0.822052002 0.002965121 0.999978006 -0.005862670 -4.906045914 -0.050445627 0.006004828 0.998708785 263.301116943
0.998582602 -0.001943916 0.053199142 -0.784469366 0.002148249 0.999990165 -0.003784153 -4.928435326 -0.053191222 0.003893090 0.998576760 264.119934082
0.998402715 -0.001161336 0.056495029 -0.747834504 0.001255823 0.999997497 -0.001637151 -4.943641663 -0.056492932 0.001705499 0.998401523 264.998962402
0.998246551 0.000161005 0.059199665 -0.702086031 -0.000061411 0.999998212 -0.001684265 -4.969889641 -0.059199765 0.001677692 0.998244703 265.814636230
0.998091578 -0.000049531 0.061757464 -0.661478519 0.000196738 0.999996841 -0.002377665 -4.988252640 -0.061757088 0.002385293 0.998088241 266.661346436
0.997926652 -0.001567418 0.064349003 -0.610841990 0.001736278 0.999994934 -0.002568430 -5.006233692 -0.064344585 0.002674849 0.997924030 267.528503418
0.997806013 -0.003912227 0.066095039 -0.558138788 0.004057200 0.999989271 -0.002059466 -5.025020123 -0.066086210 0.002323124 0.997811079 268.356842041
0.997693717 -0.006153041 0.067599416 -0.510881364 0.006289991 0.999978185 -0.001813377 -5.043418884 -0.067586713 0.002234411 0.997710824 269.202758789
0.997667015 -0.006243324 0.067983478 -0.450428873 0.006403687 0.999976754 -0.002141312 -5.061329842 -0.067968458 0.002571678 0.997684062 270.036621094
0.997635841 -0.006799294 0.068386592 -0.404274434 0.006939896 0.999973953 -0.001818742 -5.073318481 -0.068372384 0.002289055 0.997657180 270.889251709
0.997663140 -0.006882996 0.067977920 -0.351310641 0.007015191 0.999973536 -0.001706280 -5.090256691 -0.067964330 0.002179188 0.997685254 271.769897461
0.997698903 -0.006379189 0.067500345 -0.303010911 0.006458453 0.999978304 -0.000956263 -5.111528873 -0.067492723 0.001390028 0.997718692 272.609985352
0.997773230 -0.006358409 0.066392034 -0.248480260 0.006476714 0.999977291 -0.001566958 -5.134871483 -0.066380545 0.001993492 0.997792184 273.480041504
0.997882485 -0.006101924 0.064753182 -0.201007918 0.006263441 0.999977291 -0.002291773 -5.151405334 -0.064737715 0.002692519 0.997898400 274.313659668
0.997994602 -0.005111018 0.063089453 -0.160801351 0.005319830 0.999980390 -0.003142385 -5.171890259 -0.063072130 0.003471728 0.998002648 275.177612305
0.998100579 -0.004101997 0.061464362 -0.111952871 0.004281550 0.999986351 -0.002789991 -5.202152252 -0.061452065 0.003047874 0.998104930 276.047637939
0.998194277 -0.003261476 0.059976891 -0.076824322 0.003452838 0.999988675 -0.003087378 -5.218091965 -0.059966136 0.003288915 0.998194635 276.883819580
0.998331070 -0.003252038 0.057655416 -0.032765910 0.003455628 0.999987543 -0.003431955 -5.229759693 -0.057643540 0.003625485 0.998330116 277.748901367
0.998487413 -0.002843497 0.054903340 0.001721766 0.002960926 0.999992788 -0.002057767 -5.262363434 -0.054897096 0.002217240 0.998489082 278.590972900
0.998695374 -0.004111852 0.050891373 0.043914117 0.004079631 0.999990702 0.000736819 -5.278341293 -0.050893929 -0.000528220 0.998703361 279.424652100
0.998921692 -0.005894497 0.046042219 0.070964776 0.005789135 0.999979615 0.002421140 -5.298760891 -0.046055555 -0.002151968 0.998935938 280.277557373
0.999124110 -0.005961676 0.041407578 0.097547457 0.005817842 0.999975979 0.003592974 -5.320353031 -0.041427996 -0.003348908 0.999135256 281.090515137
0.999315798 -0.006755326 0.036351077 0.123999961 0.006612550 0.999969244 0.004046162 -5.337388992 -0.036377292 -0.003803005 0.999330223 281.925445557
0.999466538 -0.007175360 0.031847939 0.141805500 0.007032286 0.999964237 0.004601859 -5.346595287 -0.031879835 -0.004375427 0.999481261 282.736053467
0.999596238 -0.008135518 0.027209304 0.150823668 0.008004813 0.999955356 0.004908841 -5.364316940 -0.027248038 -0.004689039 0.999616802 283.533264160
0.999700606 -0.008463743 0.022947682 0.164266258 0.008357639 0.999953389 0.004715382 -5.377611637 -0.022986529 -0.004522165 0.999724686 284.332000732
0.999787629 -0.008129968 0.018918285 0.165023133 0.008046424 0.999956906 0.004487599 -5.387361050 -0.018953962 -0.004334405 0.999810159 285.094329834
0.999857128 -0.007354178 0.015186639 0.168644086 0.007286369 0.999962747 0.004515010 -5.409289837 -0.015219282 -0.004403695 0.999873698 285.849639893
