0.999999881 0.000000000 -0.000000000 -0.000000000 0.000000000 1.000000000 0.000000000 -0.000000000 -0.000000000 0.000000000 1.000000000 0.000000000
0.999978840 0.000431491 -0.006470544 -0.005106033 -0.000430182 0.999999881 0.000203592 0.002037973 0.006470631 -0.000200803 0.999979019 0.096122019
0.999911666 0.000462086 -0.013273546 -0.012819233 -0.000458142 0.999999821 0.000300138 -0.001673627 0.013273684 -0.000294029 0.999911845 0.194922060
0.999780357 0.000456520 -0.020947518 -0.020264624 -0.000459848 0.999999881 -0.000154086 -0.003051702 0.020947447 0.000163686 0.999780536 0.291673273
0.999546647 0.000955920 -0.030088231 -0.036518686 -0.000971600 0.999999404 -0.000506533 -0.004150492 0.030087734 0.000535539 0.999547124 0.399824589
0.999135196 0.000763090 -0.041569401 -0.059425604 -0.000852477 0.999997377 -0.002132634 -0.007576846 0.041567668 0.002166228 0.999133348 0.510084093
0.998485804 0.000725147 -0.055003121 -0.076492518 -0.000956442 0.999990821 -0.004178920 -0.000337902 0.054999590 0.004225201 0.998477459 0.643989801
0.997457802 0.000697682 -0.071254700 -0.104080223 -0.000987167 0.999991417 -0.004027547 -0.003014925 0.071251288 0.004087650 0.997449994 0.779654980
0.995968521 0.000209120 -0.089701839 -0.128323346 -0.000587544 0.999991059 -0.004192303 -0.005085585 0.089700162 0.004228108 0.995959818 0.932034910
0.993954241 -0.000149824 -0.109793954 -0.161549181 -0.000303686 0.999991477 -0.004113816 -0.013421363 0.109793656 0.004122289 0.993945837 1.095345974
0.991246998 0.000023200 -0.132019296 -0.212978378 -0.000566203 0.999991536 -0.004075518 -0.017023820 0.132018104 0.004114597 0.991238773 1.251868606
0.987759888 0.003867465 -0.155933514 -0.265433639 -0.004733609 0.999975383 -0.005183617 -0.026828622 0.155909643 0.005858298 0.987753928 1.431625724
0.983384192 0.007808577 -0.181367785 -0.335894406 -0.009225477 0.999933124 -0.006969996 -0.030565692 0.181301251 0.008527391 0.983390629 1.619953752
0.977945685 0.010231536 -0.208608016 -0.400689721 -0.012149175 0.999894857 -0.007913277 -0.031286232 0.208505154 0.010273173 0.977967322 1.789150119
0.971351445 0.011463675 -0.237370655 -0.495699883 -0.013827299 0.999870002 -0.008294971 -0.042229261 0.237244710 0.011339528 0.971383750 1.971857429
0.963236570 0.013584798 -0.268310726 -0.558129966 -0.016283182 0.999836743 -0.007834114 -0.050426159 0.268160522 0.011915060 0.963300586 2.144200802
0.953908861 0.015729079 -0.299683571 -0.682856083 -0.018569497 0.999805570 -0.006632282 -0.048918873 0.299520969 0.011891568 0.954015613 2.353044510
0.942618310 0.017514624 -0.333412200 -0.791862726 -0.020519210 0.999774277 -0.005492032 -0.057285670 0.333240807 0.012018247 0.942765176 2.545548439
0.929922581 0.019884862 -0.367217183 -0.875153959 -0.023354877 0.999714613 -0.005008032 -0.058837183 0.367012888 0.013233395 0.930121660 2.713887930
0.916323543 0.022749618 -0.399791718 -1.037894607 -0.026642935 0.999636233 -0.004182697 -0.057651114 0.399551153 0.014484331 0.916596532 2.927901745
0.900436461 0.023466587 -0.434354067 -1.171348691 -0.027755134 0.999608457 -0.003532453 -0.054915607 0.434101164 0.015236310 0.900735259 3.121072531
0.881988645 0.019628974 -0.470861524 -1.279761195 -0.024482654 0.999691546 -0.004184898 -0.052797150 0.470634103 0.015218975 0.882197261 3.289926052
0.861105561 0.015652291 -0.508185208 -1.439505577 -0.020667849 0.999777734 -0.004227581 -0.060902566 0.508005857 0.014143492 0.861237526 3.488367796
0.836277723 0.018142268 -0.548005819 -1.581477284 -0.022152079 0.999754608 -0.000707080 -0.072621584 0.547858238 0.012730787 0.836474359 3.639475584
0.807837725 0.023720879 -0.588927388 -1.802475452 -0.027025679 0.999629915 0.003191776 -0.062722124 0.588784873 0.013337726 0.808179736 3.841915369
0.775728822 0.026047796 -0.630528510 -2.012585402 -0.029404346 0.999554694 0.005116963 -0.069279633 0.630380869 0.014570900 0.776149392 4.008537769
0.740034640 0.026214294 -0.672057509 -2.180075645 -0.029718600 0.999538839 0.006263450 -0.059677321 0.671911657 0.015337437 0.740472674 4.136249065
0.700829923 0.023072736 -0.712954998 -2.444711685 -0.025004767 0.999657214 0.007771484 -0.074820712 0.712889731 0.012380784 0.701167166 4.327534676
0.658657312 0.019454516 -0.752191305 -2.673948526 -0.019629879 0.999769628 0.008668880 -0.075299360 0.752186656 0.009055602 0.658888280 4.474246979
0.614336193 0.019464077 -0.788804233 -2.890656948 -0.017510809 0.999785781 0.011032354 -0.070429929 0.788849890 0.007035021 0.614546120 4.604726791
0.566781402 0.019726984 -0.823631942 -3.222786903 -0.015007190 0.999794722 0.013619087 -0.066239059 0.823731303 0.004641352 0.566961765 4.758028030
0.516190767 0.020778041 -0.856221497 -3.515535593 -0.013603628 0.999778807 0.016060496 -0.066075377 0.856365323 0.003357427 0.516359866 4.875150681
0.463591218 0.022240775 -0.885770023 -3.782299519 -0.012804853 0.999749005 0.018400870 -0.055804413 0.885956526 0.002811661 0.463760316 4.951060295
0.409297615 0.024298429 -0.912077308 -4.177604675 -0.011735657 0.999703288 0.021366393 -0.055624373 0.912325382 0.001958599 0.409461856 5.071686268
0.354418814 0.026896989 -0.934699833 -4.458088875 -0.011448383 0.999636590 0.024424579 -0.047606539 0.935016692 0.002044254 0.354598612 5.121644497
0.299404532 0.029637108 -0.953665853 -4.880522251 -0.009025902 0.999561191 0.028229661 -0.039090518 0.954083622 0.000155585 0.299541354 5.215944767
0.245589808 0.031477116 -0.968862832 -5.248150826 -0.004966865 0.999501348 0.031213459 -0.042331029 0.969361544 -0.002853519 0.245624304 5.286947250
0.194465965 0.032797888 -0.980360925 -5.598963261 -0.002669181 0.999455869 0.032907188 -0.048806489 0.980906129 -0.003782590 0.194448307 5.322876930
0.146840051 0.033403646 -0.988596261 -6.056041718 -0.004348430 0.999442697 0.033124190 -0.041026659 0.989151180 -0.000565141 0.146904081 5.344660759
0.104460731 0.033406679 -0.993967950 -6.454512596 -0.006790217 0.999437213 0.032876823 -0.017553430 0.994506359 0.003314894 0.104629412 5.354187012
0.066108450 0.032451298 -0.997284710 -6.936840534 -0.007556370 0.999459445 0.032021105 -0.004917055 0.997784376 0.005418959 0.066318624 5.350908279
0.031360306 0.030905461 -0.999030232 -7.401647568 -0.006657645 0.999506950 0.030711159 0.004704589 0.999486566 0.005688051 0.031551287 5.333249092
0.000309908 0.027676390 -0.999616861 -7.838201523 -0.006733332 0.999595106 0.027673637 -0.001966225 0.999978006 0.006722151 0.000496835 5.327824593
-0.026466660 0.025255347 -0.999330461 -8.367238998 -0.006342457 0.999657154 0.025431504 0.008599305 0.999630392 0.007011275 -0.026296766 5.281655312
-0.047786642 0.022522682 -0.998603463 -8.868266106 -0.006649514 0.999717176 0.022865929 0.013053818 0.998836100 0.007732893 -0.047622722 5.247358799
-0.064106636 0.021866055 -0.997703314 -9.405224800 -0.007011591 0.999726057 0.022360841 0.034422722 0.997919083 0.008428946 -0.063935123 5.197599411
-0.076597556 0.022136101 -0.996816099 -9.946507454 -0.005992143 0.999726117 0.022661097 0.040303115 0.997044683 0.007708832 -0.076443307 5.138844967
-0.086413398 0.022948828 -0.995994806 -10.516573906 -0.006697656 0.999699593 0.023615215 0.040907189 0.996237457 0.008711483 -0.086233102 5.083047390
-0.093302466 0.023960128 -0.995349288 -11.087035179 -0.007606466 0.999665022 0.024776969 0.046389036 0.995609343 0.009882824 -0.093088321 5.009750366
-0.097643889 0.024838671 -0.994911313 -11.667053223 -0.007520760 0.999642491 0.025694836 0.053953420 0.995193541 0.009991413 -0.097421542 4.945973396
-0.098830871 0.026500450 -0.994751275 -12.276735306 -0.006953640 0.999603510 0.027320527 0.064741932 0.995080590 0.009617240 -0.098606735 4.885745049
-0.098026715 0.028176716 -0.994784832 -12.891493797 -0.004856870 0.999574602 0.028790932 0.071310118 0.995172501 0.007653807 -0.097847499 4.828216076
-0.096583106 0.030304715 -0.994863510 -13.537214279 -0.005393997 0.999506652 0.030969763 0.089394443 0.995310843 0.008357431 -0.096371330 4.767176151
-0.095088899 0.030553328 -0.994999886 -14.184714317 -0.006594944 0.999488473 0.031321373 0.098434784 0.995447457 0.009540266 -0.094838120 4.697848797
-0.093321018 0.028957428 -0.995214939 -14.843476295 -0.008466312 0.999518573 0.029876491 0.099729843 0.995600641 0.011213888 -0.093030289 4.627849579
-0.091924474 0.028580772 -0.995355785 -15.525908470 -0.009267370 0.999520898 0.029556202 0.117290996 0.995723546 0.011941252 -0.091614939 4.562567711
-0.090329528 0.030852467 -0.995434105 -16.236419678 -0.008920628 0.999455333 0.031786568 0.137703791 0.995872736 0.011751133 -0.090004534 4.497422218
-0.089850575 0.033695631 -0.995385170 -16.951673508 -0.009665275 0.999351442 0.034702320 0.159086913 0.995909095 0.012738666 -0.089466035 4.448683262
-0.087910220 0.035458326 -0.995497227 -17.675806046 -0.009457150 0.999291897 0.036428604 0.174126983 0.996084273 0.012616984 -0.087512054 4.374290466
-0.084598102 0.036335204 -0.995752513 -18.429412842 -0.012057836 0.999224722 0.037486304 0.179147363 0.996343017 0.015177864 -0.084093839 4.283341408
-0.082821861 0.034230262 -0.995976448 -19.184587479 -0.014533364 0.999262393 0.035551734 0.189426228 0.996459186 0.017419325 -0.082262754 4.210582733
-0.081387810 0.033247765 -0.996128023 -19.945289612 -0.015810261 0.999274850 0.034644555 0.210589036 0.996557891 0.018568663 -0.080802605 4.144341946
-0.079933591 0.034404945 -0.996206522 -20.738573074 -0.012848728 0.999286056 0.035542231 0.239352450 0.996718109 0.015640980 -0.079433925 4.082149029
-0.079625867 0.035361808 -0.996197581 -21.529472351 -0.011065050 0.999277890 0.036355574 0.266610354 0.996764123 0.013917797 -0.079176590 4.029821396
-0.078534283 0.036503233 -0.996243119 -22.344112396 -0.010579305 0.999243021 0.037447110 0.287304938 0.996855974 0.013480421 -0.078088135 3.960968256
-0.078135528 0.034431282 -0.996348441 -23.127822876 -0.009110189 0.999337375 0.035249002 0.278344214 0.996901989 0.011831101 -0.077769533 3.907555580
-0.077834845 0.027967963 -0.996574342 -23.936117172 -0.009363066 0.999542117 0.028782526 0.295208186 0.996923208 0.011571255 -0.077536799 3.841251612
-0.078167640 0.023779107 -0.996657133 -24.747581482 -0.007581071 0.999672711 0.024445638 0.301406235 0.996912360 0.009466566 -0.077961266 3.784915686
-0.078391925 0.024452405 -0.996623218 -25.578056335 -0.007595695 0.999655843 0.025124263 0.310251236 0.996894658 0.009539565 -0.078178681 3.711431265
-0.076486334 0.030593030 -0.996601582 -26.418849945 -0.004953938 0.999505639 0.031062355 0.330742091 0.997059405 0.007312924 -0.076296434 3.607061386
-0.075220592 0.037764795 -0.996451855 -27.255764008 -0.006922891 0.999239326 0.038393009 0.346804380 0.997143984 0.009786243 -0.074901395 3.516718388
-0.075580016 0.042899273 -0.996216834 -28.110385895 -0.007304776 0.999024034 0.043574326 0.370503753 0.997113943 0.010570459 -0.075192362 3.443009615
-0.076411799 0.045232028 -0.996050239 -28.940603256 -0.009008752 0.998899043 0.046052460 0.367367804 0.997036636 0.012492088 -0.075919665 3.378526688
-0.076561972 0.042413969 -0.996162593 -29.774818420 -0.009234225 0.999022484 0.043245394 0.383623183 0.997022927 0.012509716 -0.076094955 3.311434984
-0.077165797 0.040081039 -0.996212661 -30.603038788 -0.010150444 0.999108970 0.040983748 0.389763176 0.996967554 0.013274519 -0.076689661 3.235952616
-0.077445619 0.038315497 -0.996260464 -31.454286575 -0.011298917 0.999164104 0.039305426 0.443198085 0.996933520 0.014300672 -0.076947421 3.165058136
-0.077419065 0.041137934 -0.996150017 -32.306240082 -0.011435324 0.999046862 0.042146210 0.460649699 0.996933997 0.014654193 -0.076874301 3.092073441
-0.077238612 0.039404646 -0.996234059 -33.126609802 -0.012235027 0.999106765 0.040466763 0.477004081 0.996938467 0.015314522 -0.076686956 3.022115707
-0.077428058 0.034544513 -0.996399760 -33.961723328 -0.014106018 0.999262333 0.035739813 0.480215251 0.996899128 0.016822474 -0.076883152 2.959846973
-0.077494740 0.031331677 -0.996500671 -34.786319733 -0.016853340 0.999322772 0.032730952 0.483851820 0.996851206 0.019330820 -0.076913707 2.883090973
-0.076841995 0.031165559 -0.996556461 -35.616535187 -0.015664188 0.999351025 0.032460690 0.503784060 0.996921122 0.018104570 -0.076303415 2.812972546
-0.076039962 0.033623882 -0.996538043 -36.467372894 -0.013565233 0.999304533 0.034752224 0.508301497 0.997013450 0.016160807 -0.075530447 2.742564440
-0.075508423 0.038873941 -0.996387184 -37.280773163 -0.014261952 0.999096334 0.040060341 0.523359120 0.997044086 0.017235300 -0.074885204 2.682511806
-0.074990988 0.044028886 -0.996211946 -38.133975983 -0.011640464 0.998918951 0.045024686 0.542594016 0.997117102 0.014972792 -0.074396856 2.614203215
-0.074942492 0.046725165 -0.996092677 -38.984512329 -0.013697345 0.998759985 0.047880724 0.568255186 0.997094810 0.017232100 -0.074208997 2.545377970
-0.074731924 0.046752796 -0.996107161 -39.807067871 -0.012292529 0.998782218 0.047800478 0.585992754 0.997128844 0.015816879 -0.074065655 2.482754469
-0.074589819 0.042719103 -0.996298909 -40.623931885 -0.013303234 0.998951495 0.043828700 0.606603980 0.997126520 0.016523156 -0.073942743 2.412804604
-0.074113458 0.039241772 -0.996477544 -41.450038910 -0.014370890 0.999080718 0.040413015 0.618714809 0.997147202 0.017315404 -0.073480830 2.345594645
-0.074024074 0.036045048 -0.996604919 -42.269824982 -0.018833719 0.999118805 0.037534762 0.636667967 0.997079670 0.021548249 -0.073279411 2.273136139
-0.074318603 0.034254018 -0.996646285 -43.100940704 -0.022207029 0.999106050 0.035994411 0.656480312 0.996988356 0.024807598 -0.073490925 2.199800491
-0.075238392 0.032581620 -0.996633291 -43.925483704 -0.019886976 0.999219060 0.034167372 0.670185566 0.996968448 0.022390708 -0.074531123 2.129260302
-0.076155134 0.029031243 -0.996673405 -44.739074707 -0.017270263 0.999388456 0.030429842 0.672539711 0.996947646 0.019530186 -0.075606629 2.066893101
-0.076907039 0.028250847 -0.996638179 -45.575405121 -0.014251054 0.999466121 0.029430609 0.681700289 0.996937633 0.016466551 -0.076462813 2.003355503
-0.078546241 0.031040218 -0.996427357 -46.387260437 -0.011913205 0.999415278 0.032072295 0.690515518 0.996840596 0.014389781 -0.078129962 1.934498429
-0.080669373 0.036103126 -0.996087015 -47.217987061 -0.009507709 0.999271274 0.036988430 0.714500725 0.996696770 0.012454323 -0.080266781 1.867072463
-0.082392097 0.040427137 -0.995779872 -48.024520874 -0.008235501 0.999115944 0.041243892 0.723753989 0.996567130 0.011598895 -0.081985757 1.791294932
-0.083727680 0.040282682 -0.995674253 -48.819187164 -0.007328714 0.999131143 0.041038722 0.723235726 0.996462941 0.010733050 -0.083359152 1.731200337
-0.084747672 0.036240600 -0.995743334 -49.630870819 -0.007010017 0.999292374 0.036966294 0.728539050 0.996378958 0.010112949 -0.084433094 1.650602341
-0.086132787 0.033081722 -0.995734453 -50.437431335 -0.012600555 0.999333024 0.034291144 0.742045105 0.996205151 0.015500368 -0.085657924 1.560238481
-0.087664962 0.031306487 -0.995658100 -51.208221436 -0.017925167 0.999295056 0.032999009 0.756878614 0.995989978 0.020740166 -0.087041423 1.479581714
-0.088578060 0.031856634 -0.995559752 -52.018360138 -0.022588402 0.999167562 0.033981740 0.777967870 0.995814383 0.025498118 -0.087784179 1.400422335
-0.089359112 0.033611279 -0.995432079 -52.795948029 -0.021762418 0.999126136 0.035689529 0.781996369 0.995763123 0.024852173 -0.088549010 1.327910423
-0.090199798 0.033473078 -0.995360851 -53.593360901 -0.021809837 0.999129295 0.035576146 0.788100421 0.995686293 0.024917606 -0.089390635 1.252019763
-0.090850599 0.033260405 -0.995308876 -54.364803314 -0.023738826 0.999085903 0.035553426 0.801349044 0.995583117 0.026857488 -0.089977436 1.168082237
-0.091332555 0.034800556 -0.995212018 -55.139377594 -0.022955094 0.999050140 0.037041344 0.816142261 0.995557427 0.026228236 -0.090446390 1.089130402
-0.091705590 0.036944266 -0.995100498 -55.911647797 -0.022635400 0.998975992 0.039174121 0.826234102 0.995530427 0.026116949 -0.090774879 1.021772504
-0.091860607 0.041854057 -0.994891703 -56.677867889 -0.021539044 0.998798966 0.044007141 0.844705880 0.995540559 0.025471499 -0.090848222 0.942363799
-0.092381425 0.043954723 -0.994752884 -57.457675934 -0.021775706 0.998697042 0.046151239 0.859404922 0.995487213 0.025924923 -0.091303341 0.857538223
-0.093240857 0.044336554 -0.994655788 -58.208496094 -0.021012098 0.998697877 0.046486393 0.872649133 0.995423496 0.025234194 -0.092187271 0.782323480
-0.093149506 0.042356692 -0.994750500 -58.944602966 -0.020401586 0.998803735 0.044439644 0.886579156 0.995444834 0.024433991 -0.092173338 0.714122415
-0.093204446 0.039265960 -0.994872153 -59.677806854 -0.018773764 0.998975039 0.041186653 0.898223281 0.995471597 0.022516245 -0.092371181 0.633589566
-0.092925228 0.035663627 -0.995033979 -60.395877838 -0.020177834 0.999085546 0.037693180 0.911615968 0.995470285 0.023580255 -0.092120089 0.564500391
-0.091744445 0.033964016 -0.995202899 -61.114486694 -0.019808682 0.999158204 0.035925027 0.917609692 0.995587170 0.023009561 -0.090993859 0.487807751
-0.089347966 0.033217825 -0.995446146 -61.811485291 -0.020137841 0.999179304 0.035149843 0.922498822 0.995798409 0.023186682 -0.088605128 0.419834316
-0.085332647 0.034127623 -0.995767713 -62.482631683 -0.022568231 0.999090791 0.036175467 0.938529253 0.996098220 0.025559647 -0.084484331 0.363267273
-0.079646848 0.034689780 -0.996219218 -63.151790619 -0.023284152 0.999057114 0.036650106 0.952496409 0.996552527 0.026115162 -0.078763492 0.311918020
-0.072787650 0.036225487 -0.996689200 -63.792980194 -0.024213176 0.998981774 0.038077038 0.961439133 0.997054875 0.026904527 -0.071835846 0.255081594
-0.063936099 0.037907325 -0.997233570 -64.430587769 -0.025570164 0.998888373 0.039609570 0.967000306 0.997627735 0.028031887 -0.062895156 0.216896251
-0.052141789 0.039683323 -0.997850716 -65.051734924 -0.027550176 0.998773038 0.041159563 0.975164115 0.998261034 0.029637082 -0.050983939 0.181720778
-0.037432600 0.041474737 -0.998437881 -65.636756897 -0.029805364 0.998647809 0.042600848 0.984095931 0.998856008 0.031353455 -0.036145214 0.157193795
-0.018878557 0.042700719 -0.998909354 -66.233734131 -0.031362757 0.998570979 0.043278940 0.993328869 0.999331176 0.032145586 -0.017511742 0.150496915
0.002833985 0.043189608 -0.999062717 -66.787307739 -0.032482494 0.998543978 0.043074999 1.003963947 0.999469697 0.032329962 0.004233427 0.158843562
0.029117430 0.044298146 -0.998593986 -67.328094482 -0.031738598 0.998555124 0.043370962 1.010014057 0.999073565 0.030431107 0.030482017 0.195790723
0.058167219 0.043987680 -0.997337282 -67.839149475 -0.031660430 0.998607874 0.042197190 1.014088869 0.997806251 0.029121624 0.059479646 0.239538983
0.092524178 0.043925494 -0.994741142 -68.340980530 -0.030950161 0.998670995 0.041220240 1.016935229 0.995230913 0.026973510 0.093761481 0.289819747
0.129931152 0.044402599 -0.990528286 -68.805595398 -0.027979087 0.998763621 0.041101631 1.025805116 0.991129756 0.022373671 0.131013662 0.372210354
0.169758737 0.044220433 -0.984492958 -69.254028320 -0.028922740 0.998786509 0.039875202 1.027178168 0.985062778 0.021705054 0.170832545 0.497990847
0.215294719 0.045188021 -0.975503027 -69.707206726 -0.026597353 0.998830080 0.040398508 1.034472704 0.976188481 0.017248185 0.216245607 0.600442588
0.261691183 0.043660082 -0.964163721 -70.120216370 -0.024383748 0.998957038 0.038617432 1.046630144 0.964845181 0.013404047 0.262483776 0.795560241
0.312277257 0.038838070 -0.949196815 -70.553649902 -0.017089777 0.999232411 0.035262965 1.039761543 0.949838758 0.005209693 0.312702358 0.944258690
0.362099856 0.033993445 -0.931519270 -70.934104919 -0.011161887 0.999421775 0.032132518 1.033333302 0.932073832 -0.001237712 0.362271011 1.180949569
0.414838314 0.029471943 -0.909417748 -71.327468872 -0.005495139 0.999538720 0.029885869 1.027885318 0.909879982 -0.007400478 0.414809972 1.382562757
0.464153588 0.028150849 -0.885307252 -71.688446045 -0.005752587 0.999570072 0.028768145 1.047330022 0.885737360 -0.008260082 0.464117080 1.673907161
0.513241351 0.026078325 -0.857848048 -72.041435242 -0.003798879 0.999597967 0.028114647 1.061653018 0.858237386 -0.011170797 0.513135374 1.905647159
0.558411241 0.021865919 -0.829276025 -72.382110596 0.003956277 0.999571383 0.029020229 1.068940639 0.829556108 -0.019486135 0.558086932 2.186686754
0.601281345 0.015227003 -0.798892260 -72.687751770 0.014652419 0.999440610 0.030077538 1.050023317 0.798904240 -0.029790847 0.600723386 2.522348642
0.643945277 0.010623070 -0.764997721 -72.995506287 0.016239824 0.999488950 0.027549354 1.047424793 0.764900327 -0.030163782 0.643445194 2.791851997
0.684495270 0.004617949 -0.729002595 -73.271377563 0.013906214 0.999715805 0.019390002 1.067012787 0.728885710 -0.023410093 0.684237957 3.144449949
0.725083888 -0.000448912 -0.688660264 -73.541847229 0.009718102 0.999907374 0.009580282 1.054357171 0.688592851 -0.013639024 0.725022733 3.428215742
0.763749957 -0.004267276 -0.645497978 -73.805053711 0.005696607 0.999984086 0.000129456 1.058419943 0.645487905 -0.003776049 0.763763905 3.847736359
0.801256895 -0.005862465 -0.598291278 -74.061546326 0.004842338 0.999983013 -0.003313470 1.064302325 0.598301351 -0.000242210 0.801273704 4.199811459
0.835145950 -0.007477270 -0.549977005 -74.289825439 0.005431136 0.999971330 -0.005347996 1.057128787 0.550001681 0.001479340 0.835164607 4.617070198
0.865386605 -0.007503568 -0.501048028 -74.526809692 0.003635339 0.999955833 -0.008696321 1.059224248 0.501091599 0.005704192 0.865377724 5.127422333
0.891549170 -0.005984549 -0.452883810 -74.718452454 0.002897706 0.999967873 -0.007509479 1.035876632 0.452914506 0.005382735 0.891539931 5.569972038
0.912825227 -0.000748389 -0.408349097 -74.926986694 -0.002302068 0.999973297 -0.006978753 1.037261724 0.408343613 0.007310420 0.912801206 6.100206852
0.930275202 0.004213360 -0.366837323 -75.108184814 -0.007764567 0.999936402 -0.008205562 1.028041720 0.366779447 0.010481757 0.930250943 6.578475475
0.944004357 0.009484030 -0.329795331 -75.299682617 -0.012428647 0.999899864 -0.006821305 1.021303654 0.329697430 0.010538247 0.944029808 7.121653557
0.954093635 0.010269816 -0.299331069 -75.466102600 -0.012364105 0.999910891 -0.005103493 1.011377335 0.299251646 0.008570162 0.954137802 7.702146053
0.961570263 0.009735984 -0.274384946 -75.610641479 -0.011086979 0.999933124 -0.003373347 0.992354751 0.274333358 0.006285798 0.961616158 8.247828484
0.967421174 0.009870696 -0.252978623 -75.762809753 -0.010504260 0.999944329 -0.001153907 0.979873717 0.252952784 0.003773648 0.967473388 8.856544495
0.971984684 0.012376891 -0.234716848 -75.904304504 -0.012363909 0.999922693 0.001526886 0.975530565 0.234717160 0.001417881 0.972064793 9.458396912
0.975557625 0.016973194 -0.219085515 -76.046218872 -0.016704353 0.999855936 0.003079478 0.966847420 0.219105721 0.000655442 0.975703001 10.084695816
0.978498459 0.018528296 -0.205418780 -76.194465637 -0.018183704 0.999828517 0.003565268 0.968449593 0.205449104 0.000246633 0.978669882 10.734316826
0.981090128 0.018946916 -0.192620471 -76.313514709 -0.018573662 0.999820530 0.003743423 0.952393889 0.192656234 -0.000095003 0.981268585 11.384085655
0.983675301 0.018999845 -0.178945303 -76.428703308 -0.018729787 0.999819517 0.003198563 0.944892466 0.178973138 0.000205226 0.983856320 12.062726974
0.986249685 0.018330602 -0.164240777 -76.542251587 -0.018011404 0.999831796 0.003432535 0.939040959 0.164275393 -0.000427164 0.986416757 12.766318321
0.988396525 0.021713933 -0.150333777 -76.647323608 -0.021322370 0.999763727 0.004216145 0.939468741 0.150389105 -0.000961792 0.988628745 13.469586372
0.990259051 0.021631783 -0.137544483 -76.743217468 -0.021595156 0.999765158 0.001758608 0.925754547 0.137549475 0.001228783 0.990496457 14.185073853
0.991625488 0.023866095 -0.126920104 -76.823944092 -0.024529625 0.999692321 -0.003667456 0.917643666 0.126792729 0.006750023 0.991908550 14.912795067
0.992932618 0.020478826 -0.116896532 -76.932250977 -0.021726532 0.999719739 -0.009409399 0.887959599 0.116670251 0.011882652 0.993101895 15.648803711
0.993902266 0.021143569 -0.108214952 -77.014945984 -0.022340586 0.999701619 -0.009861275 0.875910401 0.107973307 0.012218727 0.994080961 16.399717331
0.994584084 0.023051105 -0.101341583 -77.102966309 -0.023606388 0.999711990 -0.004283653 0.866292238 0.101212800 0.006652742 0.994844854 17.180803299
0.994976878 0.026691798 -0.096475691 -77.177024841 -0.026487302 0.999643326 0.003399605 0.865306437 0.096531145 -0.000827192 0.995331943 17.940746307
0.995444655 0.025441661 -0.091878578 -77.259986877 -0.024909884 0.999665499 0.006929782 0.856429935 0.092023276 -0.004609583 0.995748460 18.721673965
0.995792031 0.025207656 -0.088101596 -77.340454102 -0.024684170 0.999670446 0.007026060 0.831454217 0.088248789 -0.004821833 0.996089041 19.483926773
0.996152461 0.026311915 -0.083588131 -77.433021545 -0.025885226 0.999645591 0.006184037 0.813900232 0.083720371 -0.003996597 0.996483684 20.256061554
0.996365011 0.025200443 -0.081367463 -77.489082336 -0.024615372 0.999663293 0.008185200 0.808328271 0.081545442 -0.006152612 0.996653020 21.023096085
0.996590793 0.024614220 -0.078739136 -77.550590515 -0.023862103 0.999660134 0.010478189 0.800919712 0.078969389 -0.008563646 0.996842682 21.787649155
0.996848524 0.021117337 -0.076457463 -77.602806091 -0.020249441 0.999721527 0.012108166 0.793175876 0.076690964 -0.010521849 0.997001827 22.564231873
0.997065306 0.020143896 -0.073849656 -77.667228699 -0.019543126 0.999769688 0.008847935 0.778491974 0.074009985 -0.007378767 0.997232616 23.317707062
0.997106910 0.023316778 -0.072338022 -77.729255676 -0.023240812 0.999727845 0.001890938 0.761362493 0.072361536 -0.000204305 0.997380912 24.073881149
0.997191310 0.023929849 -0.070961453 -77.780700684 -0.024403650 0.999684870 -0.005818193 0.748930335 0.070798986 0.007533566 0.997464538 24.834333420
0.997300982 0.024364304 -0.069252849 -77.845779419 -0.025093900 0.999637783 -0.009685582 0.726125896 0.068990894 0.011397270 0.997554660 25.582393646
0.997420251 0.025358163 -0.067144945 -77.908691406 -0.025994567 0.999624491 -0.008622072 0.718445957 0.066900194 0.010345235 0.997708559 26.346374512
0.997465968 0.028778395 -0.065052889 -77.962608337 -0.029145647 0.999563575 -0.004704011 0.695129395 0.064888231 0.006588089 0.997873485 27.106826782
0.997491360 0.032506887 -0.062872551 -78.023849487 -0.032574512 0.999468744 -0.000051292 0.680020213 0.062836602 0.002099174 0.998024344 27.865837097
0.997725964 0.030222835 -0.060234495 -78.064239502 -0.030147711 0.999542534 0.002154963 0.662756741 0.060271181 -0.000334169 0.998184741 28.627172470
0.997897446 0.026936695 -0.058939900 -78.121246338 -0.026856869 0.999636233 0.002145394 0.644921362 0.058975369 -0.000557978 0.998261988 29.374576569
0.998009622 0.025161175 -0.057817556 -78.167129517 -0.025080375 0.999682426 0.002121946 0.631564558 0.057851706 -0.000667671 0.998327672 30.123256683
0.998063922 0.024992235 -0.056949101 -78.210556030 -0.024979163 0.999686718 0.000940577 0.620933831 0.056953888 0.000483755 0.998379350 30.881044388
0.998138070 0.023824086 -0.056143906 -78.263664246 -0.023865528 0.999714375 -0.000068637 0.596888423 0.056125358 0.001408388 0.998425364 31.640590668
0.998199403 0.023286849 -0.055270366 -78.300445557 -0.023338100 0.999726772 -0.000282984 0.579577506 0.055247795 0.001572356 0.998474061 32.399982452
0.998185694 0.024583636 -0.054953180 -78.358474731 -0.024620084 0.999696195 0.000012452 0.577205062 0.054935899 0.001340495 0.998491704 33.177139282
0.998196244 0.024435606 -0.054827154 -78.406349182 -0.024505818 0.999698818 -0.000609913 0.559901297 0.054794837 0.001952373 0.998498380 33.951354980
0.998121321 0.024419630 -0.056181937 -78.458457947 -0.024496092 0.999699056 -0.000673932 0.547063053 0.056147680 0.002048880 0.998422980 34.717861176
0.998013973 0.023899101 -0.058271810 -78.507575989 -0.023960032 0.999712169 -0.000348383 0.531621218 0.058245823 0.001743862 0.998303354 35.520706177
0.997843087 0.023604870 -0.061243139 -78.568428040 -0.023660224 0.999719381 -0.000179837 0.517381847 0.061220825 0.001628451 0.998125494 36.307537079
0.997583151 0.026373992 -0.064272702 -78.636634827 -0.026473312 0.999648750 -0.000695169 0.498816729 0.064230911 0.002394974 0.997934639 37.120304108
0.997430444 0.026207117 -0.066667080 -78.704757690 -0.026596412 0.999633372 -0.004959512 0.475583822 0.066511795 0.006719863 0.997765481 37.909233093
0.997240126 0.026955390 -0.069168769 -78.772972107 -0.027628543 0.999579072 -0.008794834 0.464687198 0.068901718 0.010681598 0.997568727 38.713687897
0.997098923 0.027164390 -0.071096018 -78.833374023 -0.027932856 0.999560833 -0.009837892 0.447673887 0.070796698 0.011795271 0.997423589 39.533157349
0.996966124 0.026453819 -0.073194899 -78.904220581 -0.027182652 0.999589503 -0.008980073 0.430383891 0.072926454 0.010942464 0.997279763 40.353206635
0.996810734 0.026017621 -0.075432740 -78.969490051 -0.026690042 0.999611735 -0.007920619 0.404156506 0.075196542 0.009908662 0.997121930 41.178195953
0.996700764 0.025766034 -0.076955393 -79.045982361 -0.026326252 0.999633014 -0.006275059 0.385562032 0.076764613 0.008280300 0.997017264 42.018238068
0.996655107 0.024244238 -0.078032702 -79.113243103 -0.024559749 0.999692917 -0.003087010 0.375375450 0.077933043 0.004993132 0.996948540 42.851860046
0.996600628 0.023073789 -0.079076938 -79.186599731 -0.022965314 0.999732912 0.002280036 0.355945200 0.079107590 -0.000456296 0.996868491 43.697555542
0.996637106 0.024179654 -0.078283824 -79.271308899 -0.023909509 0.999703705 0.004385443 0.344611853 0.078365840 -0.002499014 0.996924043 44.545135498
0.996692955 0.027053455 -0.076612756 -79.337959290 -0.026787454 0.999630034 0.004496629 0.329474419 0.076705284 -0.002429548 0.997053385 45.429641724
0.996814132 0.027532896 -0.074844196 -79.410110474 -0.027348628 0.999618948 0.003484777 0.309029400 0.074910820 -0.001426835 0.997191846 46.284542084
0.997036159 0.024627302 -0.072873585 -79.479225159 -0.024630899 0.999695241 0.000848222 0.307425410 0.072871462 0.000949202 0.997343481 47.158260345
0.997223079 0.021387698 -0.071318455 -79.540679932 -0.021469904 0.999768376 -0.000387509 0.281130999 0.071292825 0.001917608 0.997456133 48.022220612
0.997365892 0.020511888 -0.069556132 -79.604515076 -0.020612895 0.999786079 -0.000736000 0.273217380 0.069525331 0.002167792 0.997580409 48.900066376
0.997477412 0.018906670 -0.068402499 -79.666564941 -0.018889707 0.999819994 0.000893534 0.260836214 0.068406254 0.000400794 0.997660160 49.774391174
0.997597933 0.014410106 -0.067736879 -79.726470947 -0.014163142 0.999890029 0.004123404 0.248760149 0.067788005 -0.003154175 0.997697473 50.645999908
0.997668087 0.012758225 -0.067029446 -79.795005798 -0.012488807 0.999910891 0.004435663 0.221665978 0.067079216 -0.003588243 0.997744143 51.502880096
0.997691512 0.015518496 -0.066090710 -79.857131958 -0.015420666 0.999877751 0.001988833 0.201260120 0.066112645 -0.000965110 0.997814596 52.380023956
0.997672617 0.019059919 -0.065446563 -79.937149048 -0.019347902 0.999804258 -0.003770512 0.177814946 0.065361038 0.005027988 0.997851908 53.251651764
0.997721374 0.019829854 -0.064467050 -80.003707886 -0.020501921 0.999740541 -0.009781389 0.162619218 0.064255498 0.011080832 0.997874916 54.106647491
0.997636974 0.025950566 -0.063594662 -80.075645447 -0.026991060 0.999513149 -0.015558368 0.129101247 0.063159101 0.017238149 0.997857511 54.966220856
0.997699499 0.025549259 -0.062768549 -80.129501343 -0.026630819 0.999508321 -0.016456222 0.102164917 0.062316388 0.018090010 0.997895479 55.813800812
0.997783244 0.022730112 -0.062522255 -80.182937622 -0.023447122 0.999665737 -0.010759453 0.080196552 0.062255923 0.012201607 0.997988582 56.682178497
0.997804224 0.020528944 -0.062949210 -80.247695923 -0.020659093 0.999784112 -0.001418071 0.049847126 0.062905662 0.002715414 0.998018742 57.538482666
0.997806311 0.017054923 -0.063946307 -80.305709839 -0.016787101 0.999846399 0.004722423 0.053338218 0.064016193 -0.003638640 0.997945189 58.375469208
0.997653484 0.017109852 -0.066273965 -80.374641418 -0.016845923 0.999846220 0.004538462 0.016801795 0.066340603 -0.003411414 0.997794271 59.222843170
0.997581959 0.012154412 -0.068409815 -80.432434082 -0.012086155 0.999924421 0.001410875 -0.009860663 0.068420991 -0.000580677 0.997659385 60.058376312
0.997416675 0.009624492 -0.071165837 -80.498138428 -0.009676109 0.999951541 -0.000381290 -0.013839008 0.071157925 0.001068902 0.997467458 60.897392273
0.997194827 0.011530668 -0.073937528 -80.563858032 -0.011744888 0.999926567 -0.002463780 -0.039653290 0.073902898 0.003325255 0.997262895 61.725891113
0.996881247 0.013943541 -0.077655450 -80.640617371 -0.014463705 0.999875247 -0.006140548 -0.063002974 0.077559337 0.007244602 0.996964335 62.545314789
0.996569633 0.014458525 -0.081468768 -80.725914001 -0.015309640 0.999833167 -0.009832723 -0.081432700 0.081312232 0.011046289 0.996630371 63.355045319
0.996262312 0.017839855 -0.084499300 -80.807365417 -0.019010087 0.999732494 -0.013065219 -0.121502750 0.084242843 0.014622779 0.996340930 64.168052673
0.995892942 0.022030558 -0.087800853 -80.892707825 -0.023321623 0.999632657 -0.013706231 -0.138216555 0.087465897 0.015697651 0.996046782 64.981956482
0.995500624 0.024489202 -0.091520533 -80.975021362 -0.025632178 0.999605715 -0.011334612 -0.161868513 0.091206133 0.013629521 0.995741665 65.788177490
0.995102465 0.026796754 -0.095132798 -81.074691772 -0.027474329 0.999604166 -0.005820025 -0.176148519 0.094938472 0.008405236 0.995450497 66.585540771
0.994699776 0.027321486 -0.099110492 -81.144866943 -0.027420716 0.999622464 0.000360571 -0.193066448 0.099082224 0.002358989 0.995079279 67.383300781
0.994200349 0.025741898 -0.104402833 -81.243247986 -0.025579976 0.999667168 0.002889295 -0.216139242 0.104441799 -0.000201959 0.994533837 68.207702637
0.993495107 0.026234681 -0.110796988 -81.346878052 -0.025926912 0.999653399 0.004217360 -0.232581243 0.110868633 -0.001317347 0.993836939 68.983840942
0.992987037 0.020128371 -0.116483398 -81.444427490 -0.019469988 0.999785721 0.006786946 -0.236884683 0.116594531 -0.004471475 0.993172348 69.769226074
0.992216289 0.020683579 -0.122783795 -81.559089661 -0.019883487 0.999770761 0.007737726 -0.251578748 0.122915216 -0.005236187 0.992406189 70.560211182
0.991359234 0.025977109 -0.128563970 -81.672950745 -0.025241688 0.999652982 0.007346180 -0.260049254 0.128709719 -0.004037593 0.991676927 71.329559326
0.990356147 0.030326882 -0.135172352 -81.787750244 -0.030138737 0.999538660 0.003438153 -0.284251481 0.135213822 0.000668887 0.990819156 72.112854004
0.989610553 0.029235875 -0.140757978 -81.919067383 -0.029423565 0.999565721 0.000747636 -0.296792001 0.140718237 0.003401708 0.990046799 72.887702942
0.988781989 0.030382771 -0.146231860 -82.043197632 -0.030744553 0.999526262 -0.000214423 -0.311849743 0.146155640 0.004707831 0.989253342 73.647315979
0.988030493 0.031691864 -0.150956511 -82.160163879 -0.031429172 0.999496460 0.004126017 -0.323921174 0.151010856 0.000667766 0.988534868 74.413688660
0.986997187 0.032867707 -0.157330140 -82.291114807 -0.031868275 0.999451697 0.008871180 -0.341484159 0.157535106 -0.003742058 0.987509370 75.186004639
0.986134171 0.029204845 -0.163349241 -82.421447754 -0.027816055 0.999553919 0.010782870 -0.350362331 0.163590968 -0.006089702 0.986512601 75.936386108
0.984925091 0.029696338 -0.170403197 -82.556777954 -0.028805805 0.999554396 0.007696252 -0.362514436 0.170555562 -0.002671687 0.985347629 76.678985596
0.983353794 0.028609635 -0.179424718 -82.709182739 -0.029155454 0.999573767 -0.000405551 -0.369688123 0.179336429 0.005630004 0.983774960 77.449607849
0.981771052 0.024989484 -0.188407645 -82.861869812 -0.025793470 0.999664664 -0.001816621 -0.389530122 0.188298911 0.006643198 0.982092500 78.187271118
0.979736209 0.025181970 -0.198693842 -83.021255493 -0.025422128 0.999675035 0.001342410 -0.402138591 0.198662981 0.003736002 0.980064034 78.922241211
0.977350414 0.025990941 -0.210016027 -83.191749573 -0.025139291 0.999660492 0.006723918 -0.404291600 0.210119441 -0.001292011 0.977678180 79.657676697
0.974848449 0.025200404 -0.221431464 -83.373107910 -0.022522038 0.999638736 0.014612377 -0.405532092 0.221719757 -0.009257848 0.975069821 80.379089355
0.972205222 0.026321422 -0.232638180 -83.556121826 -0.022487637 0.999563575 0.019116586 -0.428519875 0.233039945 -0.013353873 0.972378850 81.108840942
0.969223738 0.028865531 -0.244475782 -83.748390198 -0.026071860 0.999551833 0.014656005 -0.429841757 0.244789466 -0.007831093 0.969547987 81.836441040
0.966190457 0.029832046 -0.256090164 -83.965446472 -0.029354943 0.999552131 0.005685973 -0.433136851 0.256145328 0.002023753 0.966639578 82.534683228
0.962865770 0.027071442 -0.268612057 -84.179573059 -0.028061859 0.999605358 0.000152055 -0.446641654 0.268510461 0.007391355 0.963252008 83.258399963
0.959444404 0.026132546 -0.280676723 -84.382469177 -0.025922749 0.999653161 0.004460431 -0.444301933 0.280696332 0.002996359 0.959795594 83.955917358
0.956014097 0.027051186 -0.292063445 -84.615013123 -0.024412151 0.999620855 0.012676883 -0.466950297 0.292296082 -0.004989455 0.956318557 84.683563232
0.952237546 0.028199965 -0.304046303 -84.848999023 -0.023641519 0.999545395 0.018663917 -0.472399831 0.304434955 -0.010584476 0.952478111 85.392906189
0.948088169 0.026024044 -0.316934377 -85.083724976 -0.021725915 0.999617040 0.017088352 -0.485646546 0.317258388 -0.009315671 0.948297143 86.095741272
0.944135189 0.024131235 -0.328667521 -85.341300964 -0.021183051 0.999695957 0.012548035 -0.483629584 0.328871161 -0.004884926 0.944365859 86.810897827
0.941099703 0.019778728 -0.337544143 -85.607055664 -0.018902050 0.999803007 0.005883725 -0.500015378 0.337594867 0.000843082 0.941294849 87.513694763
0.938489020 0.015913477 -0.344936371 -85.885131836 -0.017251885 0.999849677 -0.000810886 -0.501501560 0.344872504 0.006711828 0.938629091 88.211334229
0.935710669 0.015608831 -0.352417320 -86.154106140 -0.017781522 0.999836326 -0.002928813 -0.514936864 0.352314919 0.009007069 0.935841739 88.911933899
0.932729542 0.019452028 -0.360046268 -86.441429138 -0.021879002 0.999755800 -0.002666304 -0.524913847 0.359907478 0.010364428 0.932933986 89.599380493
0.929687858 0.020522198 -0.367771059 -86.739585876 -0.022523489 0.999744415 -0.001150020 -0.540359735 0.367654473 0.009352675 0.929919004 90.311935425
0.926533878 0.020120434 -0.375667870 -87.020988464 -0.019398876 0.999794245 0.005703178 -0.546859205 0.375706434 0.002003327 0.926740170 91.003929138
0.923673391 0.023425322 -0.382459402 -87.316337585 -0.019626442 0.999710381 0.013831603 -0.554138482 0.382673800 -0.005269635 0.923871994 91.726287842
0.920986414 0.030466598 -0.388396889 -87.628417969 -0.023924852 0.999477625 0.021668883 -0.563560963 0.388855308 -0.010664522 0.921240628 92.421630859
0.918401659 0.038055643 -0.393810064 -87.966354370 -0.033081308 0.999262750 0.019414349 -0.564753532 0.394259781 -0.004802509 0.918990076 93.118515015
0.915987074 0.036830969 -0.399508893 -88.274215698 -0.035396706 0.999311686 0.010969971 -0.558776915 0.399639249 0.004092915 0.916666985 93.804710388
0.913990855 0.029497083 -0.404656410 -88.596481323 -0.030786321 0.999518991 0.003322287 -0.578536749 0.404561162 0.009421358 0.914466083 94.512596130
0.912311733 0.029880773 -0.408400029 -88.915084839 -0.031628810 0.999495208 0.002473689 -0.578930557 0.408269137 0.010660452 0.912803054 95.205886841
0.910199523 0.036272384 -0.412573457 -89.250328064 -0.036389127 0.999307394 0.007576321 -0.590641022 0.412564188 0.008117212 0.910896182 95.906547546
0.907826185 0.037666533 -0.417646468 -89.584381104 -0.035825871 0.999281347 0.012248888 -0.608599007 0.417809427 0.003842640 0.908530354 96.622032166
0.905319214 0.034959499 -0.423285574 -89.908187866 -0.033461850 0.999378204 0.010971338 -0.625774324 0.423407614 0.004231315 0.905933142 97.312469482
0.903245270 0.033519279 -0.427808523 -90.250984192 -0.034911975 0.999378324 0.004591460 -0.625879347 0.427698135 0.010788429 0.903860986 97.997314453
0.901035547 0.030043604 -0.432698667 -90.596160889 -0.034476962 0.999401033 -0.002402258 -0.635268986 0.432368994 0.017082706 0.901538670 98.687103271
