0.999999881 0.000000000 0.000000001 -0.000000000 0.000000000 0.999999881 0.000000002 0.000000000 0.000000001 0.000000002 1.000000000 -0.000000000
0.999999106 0.001222195 0.000099195 -0.016804431 -0.001222267 0.999998868 0.000724121 -0.019747922 -0.000098308 -0.000724238 0.999999762 0.793905735
0.999984503 0.005503051 0.000712925 -0.014634399 -0.005503837 0.999984145 0.001105267 -0.040398475 -0.000706829 -0.001109170 0.999999106 1.548063159
0.999976993 0.006712863 0.000895210 -0.016322849 -0.006714051 0.999976456 0.001329442 -0.058145873 -0.000886263 -0.001335421 0.999998689 2.297610760
0.999969244 0.007777888 0.000913229 -0.020138973 -0.007779157 0.999968708 0.001393244 -0.074130639 -0.000902363 -0.001400303 0.999998510 3.030666351
0.999966919 0.008029693 0.001197792 -0.017796632 -0.008031376 0.999966860 0.001406087 -0.102373555 -0.001186461 -0.001415659 0.999998152 3.753794193
0.999965966 0.008033338 0.001851161 -0.029249780 -0.008036952 0.999965787 0.001952571 -0.121219613 -0.001835410 -0.001967380 0.999996305 4.448609829
0.999959886 0.008686899 0.002100419 -0.022921558 -0.008696216 0.999952078 0.004469188 -0.128220901 -0.002061495 -0.004487273 0.999987602 5.118104935
0.999954224 0.008791056 0.003736632 -0.028510569 -0.008823786 0.999921918 0.008835510 -0.145079210 -0.003658667 -0.008868076 0.999953866 5.760414124
0.999951959 0.008386612 0.005051372 -0.027270377 -0.008446650 0.999892414 0.011983996 -0.154695079 -0.004950322 -0.012026086 0.999915361 6.397284508
0.999947309 0.008127471 0.006260369 -0.021711482 -0.008216592 0.999863267 0.014344090 -0.167699486 -0.006142931 -0.014394769 0.999877453 7.012320042
0.999938846 0.008079073 0.007547979 -0.028084025 -0.008188141 0.999860644 0.014531504 -0.178791523 -0.007429524 -0.014592412 0.999866068 7.601796627
0.999923646 0.008991086 0.008475041 -0.022582691 -0.009095744 0.999881506 0.012391594 -0.187497810 -0.008362622 -0.012467722 0.999887407 8.149957657
0.999922097 0.008392526 0.009244303 -0.025395341 -0.008477338 0.999921560 0.009172908 -0.196466044 -0.009166595 -0.009250548 0.999915302 8.668079376
0.999922514 0.006793390 0.010427076 -0.011863863 -0.006871330 0.999948144 0.007456594 -0.203755528 -0.010375882 -0.007527649 0.999917805 9.167075157
0.999915421 0.004095369 0.012344992 -0.006217171 -0.004163874 0.999975622 0.005527942 -0.233351499 -0.012322055 -0.005578863 0.999908507 9.634217262
0.999893606 0.001436430 0.014523450 -0.009442140 -0.001503043 0.999988019 0.004576127 -0.260870606 -0.014516707 -0.004597456 0.999884069 10.077628136
0.999849200 0.005440663 0.016500428 -0.003404772 -0.005486649 0.999980748 0.002742591 -0.250163496 -0.016485196 -0.002832694 0.999860108 10.481342316
0.999766290 0.009563451 0.019400142 0.009567497 -0.009590521 0.999952674 0.001302760 -0.252889276 -0.019386772 -0.001488497 0.999810815 10.862866402
0.999687850 0.010765340 0.022561757 0.029563321 -0.010810433 0.999939382 0.001877602 -0.260673374 -0.022540184 -0.002120903 0.999743521 11.208176613
0.999640942 0.006760359 0.025940880 0.043695960 -0.006828210 0.999972939 0.002527771 -0.281363070 -0.025923098 -0.002703977 0.999660194 11.525559425
0.999591887 0.002025114 0.028505214 0.049360264 -0.002106756 0.999993205 0.002834107 -0.300873250 -0.028499287 -0.002892989 0.999589562 11.815306664
0.999519706 -0.001846064 0.030942170 0.064531811 0.001721947 0.999989867 0.004037081 -0.310828507 -0.030949313 -0.003981845 0.999512970 12.070384026
0.999440312 -0.003037338 0.033321366 0.072379000 0.002870069 0.999982595 0.005066255 -0.307914227 -0.033336174 -0.004967770 0.999431670 12.301966667
0.999379039 -0.001674353 0.035200801 0.086528718 0.001533144 0.999990225 0.004037881 -0.318644851 -0.035207208 -0.003981392 0.999372005 12.503609657
0.999298155 -0.000968549 0.037453610 0.091254972 0.000864702 0.999995232 0.002788493 -0.324285507 -0.037456125 -0.002754136 0.999294400 12.688938141
0.999206185 0.000793414 0.039835483 0.103948988 -0.000871979 0.999997139 0.001954661 -0.327875108 -0.039833821 -0.001987832 0.999204338 12.867601395
0.999121904 0.004152027 0.041697551 0.100654595 -0.004212536 0.999989688 0.001363219 -0.338421255 -0.041691460 -0.001537661 0.999129355 13.033364296
0.999068439 0.005206680 0.042844664 0.113801621 -0.005213653 0.999985874 0.000050859 -0.343077838 -0.042843804 -0.000274174 0.999081790 13.186416626
0.998990834 0.004692852 0.044674464 0.127390742 -0.004613653 0.999987006 -0.001875876 -0.353201956 -0.044682700 0.001667885 0.998999953 13.334993362
0.998921454 0.003710828 0.046290673 0.138192445 -0.003569785 0.999988139 -0.003129371 -0.366749436 -0.046301760 0.002960763 0.998923242 13.478900909
0.998869002 0.002921281 0.047462314 0.144126102 -0.002734160 0.999987543 -0.004007140 -0.379088610 -0.047473457 0.003872854 0.998865128 13.618254662
0.998801589 0.003198799 0.048843782 0.159310028 -0.002940365 0.999980688 -0.005362140 -0.373855472 -0.048860017 0.005212111 0.998792291 13.741995811
0.998728514 0.004043746 0.050259247 0.152526319 -0.003667917 0.999963701 -0.007567975 -0.365524948 -0.050288096 0.007374027 0.998708129 13.877932549
0.998689294 0.004115146 0.051025689 0.145973712 -0.003627142 0.999945879 -0.009652984 -0.366168201 -0.051062707 0.009455279 0.998651326 13.992584229
0.998643994 0.003316258 0.051962581 0.160374567 -0.002697502 0.999923646 -0.011973507 -0.373809785 -0.051998384 0.011817127 0.998577952 14.116914749
0.998673797 0.002429110 0.051435158 0.168244943 -0.001722796 0.999902666 -0.013772226 -0.380682141 -0.051463667 0.013665378 0.998582006 14.252358437
0.998781443 0.002033582 0.049318787 0.175921962 -0.001290487 0.999884188 -0.015094595 -0.392347664 -0.049343836 0.015012585 0.998669744 14.371953964
0.998930514 0.001950840 0.046203926 0.189444363 -0.001222843 0.999873757 -0.015779473 -0.393219501 -0.046228934 0.015706129 0.998808026 14.491353989
0.999104738 0.002556269 0.042239673 0.190469310 -0.001839423 0.999852717 -0.017001338 -0.398872942 -0.042276967 0.016908454 0.998963535 14.626322746
0.999318540 0.002880074 0.036810115 0.176212534 -0.002216201 0.999833405 -0.018063467 -0.402518213 -0.036856048 0.017969610 0.999159753 14.747282028
0.999540329 0.002791882 0.030204946 0.174730554 -0.002222558 0.999818504 -0.018866256 -0.410277337 -0.030252166 0.018790482 0.999366403 14.864088058
0.999735415 0.002814895 0.022846565 0.177202433 -0.002364180 0.999801517 -0.019731445 -0.415030509 -0.022897597 0.019672243 0.999544978 14.996694565
0.999887228 0.002720294 0.014795558 0.179317400 -0.002412578 0.999780297 -0.020776786 -0.415293276 -0.014848838 0.020738782 0.999675333 15.124364853
0.999986291 0.001885765 0.004951707 0.157801911 -0.001776808 0.999757171 -0.021919191 -0.424662083 -0.004991840 0.021910131 0.999748111 15.273737907
0.999968827 0.000504716 -0.007919186 0.156177580 -0.000690592 0.999722898 -0.023484854 -0.432980388 0.007905157 0.023489630 0.999693394 15.415287018
0.999714494 -0.000528138 -0.023904456 0.138998032 -0.000078251 0.999677420 -0.025358550 -0.439255893 0.023910169 0.025353225 0.999393165 15.558813095
0.999064922 0.000054940 -0.043241479 0.107207730 -0.001202060 0.999646962 -0.026502376 -0.443380207 0.043224815 0.026529625 0.998713672 15.739974022
0.997885764 0.000718488 -0.064987801 0.073833913 -0.002417466 0.999656200 -0.026067985 -0.445372730 0.064946860 0.026170030 0.997546196 15.928686142
0.996057510 0.001413248 -0.088696569 0.035791848 -0.003626355 0.999684930 -0.024795141 -0.455886066 0.088633746 0.025019089 0.995750725 16.126974106
0.993343174 0.002373450 -0.115167685 -0.023777900 -0.005080324 0.999716580 -0.023215847 -0.467479318 0.115080126 0.023646446 0.993075371 16.367929459
0.989392519 0.003596182 -0.145221695 -0.077080525 -0.006746026 0.999751449 -0.021203209 -0.474549264 0.145109624 0.021958018 0.989172637 16.584589005
0.983977616 0.003936165 -0.178248525 -0.150217846 -0.007237621 0.999813020 -0.017875120 -0.484064698 0.178145170 0.018878859 0.983823776 16.855224609
0.976629376 0.005011903 -0.214872122 -0.247618556 -0.008230165 0.999865890 -0.014085473 -0.486914217 0.214773118 0.015524757 0.976541340 17.115852356
0.967057943 0.006411685 -0.254475653 -0.347783744 -0.008828285 0.999924958 -0.008355393 -0.509048641 0.254403532 0.010326756 0.967043757 17.342849731
0.955314457 0.010811620 -0.295394272 -0.503770590 -0.012431687 0.999915123 -0.003606868 -0.499672800 0.295330822 0.007117968 0.955369294 17.650602341
0.941172242 0.014499334 -0.337616652 -0.637097776 -0.015039332 0.999885321 0.001016214 -0.510390162 0.337593287 0.004121116 0.941283941 17.919448853
0.924760818 0.017459776 -0.380148649 -0.802791238 -0.016236881 0.999846458 0.006423507 -0.511134326 0.380203187 0.000232234 0.924903750 18.177200317
0.905603588 0.020589896 -0.423625588 -0.995823324 -0.016162843 0.999769747 0.014040817 -0.521501422 0.423817962 -0.005868415 0.905729294 18.504741669
0.884038031 0.024930906 -0.466749936 -1.210226417 -0.017375296 0.999638259 0.020485222 -0.519373655 0.467092633 -0.009999802 0.884152770 18.800256729
0.859491885 0.029965097 -0.510270476 -1.421942711 -0.019900415 0.999484122 0.025173707 -0.519065559 0.510762393 -0.011482011 0.859646142 19.047773361
0.831766546 0.033663467 -0.554104149 -1.659227848 -0.021384714 0.999360979 0.028613519 -0.518552065 0.554714143 -0.011950416 0.831956148 19.339303970
0.801526129 0.037610240 -0.596775889 -1.906819344 -0.024295712 0.999243557 0.030343268 -0.507821620 0.597466588 -0.009821836 0.801834643 19.575710297
0.768051088 0.040245116 -0.639122844 -2.204008579 -0.024907347 0.999144733 0.032983605 -0.507757843 0.639904559 -0.009414250 0.768397689 19.890155792
0.731644809 0.044545259 -0.680229247 -2.519846439 -0.026520781 0.998966396 0.036892604 -0.491173118 0.681170583 -0.008952081 0.732071042 20.137214661
0.693516731 0.045518991 -0.719001234 -2.851161003 -0.024415819 0.998912871 0.039689403 -0.470039248 0.720027208 -0.009970273 0.693875313 20.384963989
0.652840853 0.046388477 -0.756073534 -3.225758791 -0.022452867 0.998868704 0.041897848 -0.478448659 0.757162869 -0.010376626 0.653144956 20.654634476
0.610246003 0.044782586 -0.790945470 -3.599429131 -0.017317513 0.998915732 0.043196503 -0.449753970 0.792023420 -0.012663313 0.610360861 20.913391113
0.566294432 0.045331929 -0.822955668 -3.991617441 -0.012171202 0.998836577 0.046644915 -0.458842158 0.824113846 -0.016398424 0.566188335 21.127428055
0.519569576 0.046825528 -0.853144407 -4.440860271 -0.010563035 0.998772085 0.048385475 -0.434224695 0.854363680 -0.016127847 0.519427061 21.363906860
0.470827579 0.046452694 -0.881001651 -4.882724762 -0.009640936 0.998823285 0.047512740 -0.406522214 0.882173359 -0.013876647 0.470722169 21.543436050
0.418889344 0.046043634 -0.906869411 -5.398647308 -0.004899261 0.998812795 0.048448786 -0.390080303 0.908024967 -0.015851714 0.418618292 21.740207672
0.365413457 0.045266457 -0.929744363 -5.895192623 -0.000105333 0.998817980 0.048588071 -0.380115658 0.930846334 -0.017656822 0.364986688 21.889009476
0.311771870 0.043939538 -0.949140668 -6.383515358 0.002710634 0.998884022 0.047132753 -0.364656091 0.950154066 -0.017267466 0.311305106 22.010259628
0.258369923 0.049061410 -0.964799643 -6.983790398 0.003342250 0.998657167 0.051678173 -0.305845231 0.966041207 -0.016576707 0.257859200 22.134820938
0.207286581 0.054885201 -0.976739645 -7.578926086 0.006329436 0.998327732 0.057441566 -0.281789392 0.978260636 -0.018089097 0.206592679 22.233833313
0.158766463 0.056019809 -0.985725880 -8.108739853 0.011505848 0.998215258 0.058582805 -0.277167171 0.987249970 -0.020642623 0.157838613 22.278337479
0.114144482 0.057760440 -0.991783798 -8.770783424 0.014371030 0.998106718 0.059782673 -0.257123798 0.993360937 -0.021076838 0.113098316 22.322795868
0.074215889 0.056438208 -0.995643973 -9.365393639 0.014181438 0.998235226 0.057642225 -0.232134074 0.997142017 -0.018397648 0.073284484 22.323450089
0.038225498 0.052340373 -0.997897625 -10.065840721 0.011552201 0.998536050 0.052816421 -0.203448683 0.999202967 -0.013546858 0.037564784 22.322118759
0.010206894 0.051855937 -0.998602629 -10.726306915 0.009377645 0.998604178 0.051951919 -0.153612792 0.999904394 -0.009894816 0.009706211 22.299261093
-0.011602243 0.055944275 -0.998366714 -11.459956169 0.008072719 0.998404980 0.055852659 -0.128358305 0.999900401 -0.007411521 -0.012035545 22.304758072
-0.024700332 0.061917890 -0.997775733 -12.195790291 0.008943204 0.998052359 0.061713714 -0.085938439 0.999655187 -0.007398964 -0.025206180 22.265302658
-0.032513872 0.064333551 -0.997398913 -12.938226700 0.009388767 0.997900367 0.064059913 -0.058402963 0.999427497 -0.007281508 -0.033049840 22.233404160
-0.036581639 0.061917607 -0.997410953 -13.706380844 0.009988556 0.998050034 0.061590999 -0.019788723 0.999280810 -0.007709598 -0.037129000 22.189744949
-0.035780199 0.058270358 -0.997659743 -14.481399536 0.017698437 0.998177528 0.057665922 0.038305644 0.999202907 -0.015593734 -0.036746521 22.163776398
-0.025453473 0.055324171 -0.998144090 -15.288132668 0.027900454 0.998116016 0.054611214 0.035770819 0.999286413 -0.026458666 -0.026949314 22.105026245
-0.020175142 0.055273183 -0.998267651 -16.102830887 0.029385146 0.998070300 0.054668460 0.086838327 0.999364316 -0.028231334 -0.021760639 22.101436615
-0.015352256 0.053665724 -0.998441219 -16.971727371 0.027497051 0.998201787 0.053230137 0.168827787 0.999503732 -0.026637023 -0.016800510 22.087779999
-0.018434362 0.049830150 -0.998588085 -17.834348679 0.032085605 0.998270631 0.049222086 0.133514598 0.999314666 -0.031132963 -0.020001538 22.104415894
-0.016729878 0.039354973 -0.999085724 -18.716850281 0.029791683 0.998799324 0.038844917 0.145080164 0.999415636 -0.029114611 -0.017882466 22.078248978
-0.016249739 0.030108526 -0.999415040 -19.625205994 0.022812463 0.999295831 0.029734116 0.210419744 0.999607205 -0.022315979 -0.016925370 22.058378220
-0.017383195 0.027404523 -0.999473810 -20.540205002 0.016668750 0.999491751 0.027115209 0.200614527 0.999709427 -0.016188653 -0.017831380 22.013914108
-0.021503920 0.032993533 -0.999224842 -21.504409790 0.007617882 0.999430060 0.032836486 0.246803284 0.999738991 -0.006905877 -0.021743227 21.978385925
-0.026410993 0.040785942 -0.998819351 -22.440378189 0.002524287 0.999165058 0.040733431 0.307734221 0.999647379 -0.001445505 -0.026492124 21.922410965
-0.030846648 0.050785538 -0.998233616 -23.433826447 0.001211289 0.998707771 0.050772350 0.295270503 0.999522746 0.000357001 -0.030868534 21.863239288
-0.032501601 0.060481232 -0.997640550 -24.461637497 -0.000209017 0.998165190 0.060519975 0.373420745 0.999470949 0.002175517 -0.032429557 21.836378098
-0.033302519 0.068283610 -0.997110426 -25.479204178 0.001749037 0.997663736 0.068263255 0.400601983 0.999442935 0.000529356 -0.033344403 21.803359985
-0.034862138 0.070076704 -0.996932745 -26.515544891 0.003355247 0.997539103 0.070002168 0.424097985 0.999385715 -0.000904530 -0.035011727 21.754722595
-0.036980961 0.066998154 -0.997068107 -27.489274979 0.002174211 0.997750998 0.066963598 0.497178584 0.999312878 0.000308543 -0.037043713 21.702125549
-0.039843511 0.062395029 -0.997256458 -28.553533554 0.000069619 0.998046398 0.062441867 0.541535974 0.999205112 0.002418476 -0.039770279 21.677143097
-0.044733457 0.057152703 -0.997363389 -29.553726196 -0.000632864 0.998358130 0.057238288 0.567170501 0.998998106 0.003191658 -0.044624105 21.597021103
-0.050454345 0.053036992 -0.997317731 -30.566514969 0.000010114 0.998586655 0.053104173 0.600813091 0.998725712 0.002669244 -0.050383847 21.536495209
-0.056962684 0.049900252 -0.997129142 -31.644191742 -0.001818856 0.998740971 0.050085038 0.658790767 0.998373985 0.004666608 -0.056800492 21.469652176
-0.063758031 0.053082783 -0.996553302 -32.665359497 -0.000768156 0.998579085 0.053240057 0.685571909 0.997964501 0.004159988 -0.063626975 21.385894775
-0.070565246 0.057791483 -0.995832443 -33.752857208 -0.002086209 0.998307168 0.058083158 0.712390840 0.997504413 0.006176167 -0.070325539 21.288551331
-0.076336101 0.060780875 -0.995228589 -34.836734772 -0.004406622 0.998107493 0.061294924 0.775906801 0.997071981 0.009064613 -0.075924121 21.190889359
-0.080857985 0.062734857 -0.994750142 -35.857833862 -0.007740032 0.997945130 0.063565731 0.816098094 0.996695280 0.012839204 -0.080206595 21.102491379
-0.084174909 0.064815260 -0.994341552 -36.971679688 -0.011888086 0.997743487 0.066043615 0.864943922 0.996379733 0.017380051 -0.083214760 20.992593765
-0.085975498 0.065404296 -0.994148970 -38.004943848 -0.016142506 0.997617960 0.067028798 0.934039295 0.996166110 0.021810910 -0.084715225 20.893747330
-0.086751692 0.065075599 -0.994103014 -39.104816437 -0.016993470 0.997619808 0.066789031 0.973539591 0.996084392 0.022687346 -0.085439630 20.770631790
-0.088047646 0.064834476 -0.994004965 -40.194473267 -0.017226862 0.997628570 0.066597044 1.016722560 0.995966554 0.022987317 -0.086722232 20.676311493
-0.088881403 0.063987546 -0.993985653 -41.240432739 -0.018262973 0.997659266 0.065857381 1.066671371 0.995874107 0.024006648 -0.087505043 20.577903748
-0.090728827 0.063078724 -0.993876994 -42.347969055 -0.020771610 0.997652411 0.065214835 1.117721796 0.995658159 0.026561309 -0.089205906 20.445163727
-0.091372967 0.060914788 -0.993952930 -43.445137024 -0.024572108 0.997682810 0.063402556 1.165394545 0.995512724 0.030216822 -0.089664765 20.338817596
-0.091494977 0.055772249 -0.994243503 -44.502273560 -0.030578012 0.997799575 0.058785949 1.205597639 0.995335221 0.035780631 -0.089588560 20.214498520
-0.091282539 0.054578863 -0.994329393 -45.605354309 -0.032296453 0.997806787 0.057734944 1.265431643 0.995300353 0.037383527 -0.089319974 20.086677551
-0.089391977 0.058432613 -0.994282186 -46.695899963 -0.032384187 0.997576594 0.061538037 1.321539760 0.995469093 0.037700057 -0.087283395 19.995553970
-0.088104077 0.062853649 -0.994127393 -47.836021423 -0.033058681 0.997270405 0.065982461 1.359985590 0.995561719 0.038677897 -0.085786059 19.883655548
-0.085784510 0.062345721 -0.994362175 -48.921051025 -0.030145038 0.997418106 0.065138236 1.413926721 0.995856881 0.035562962 -0.083683975 19.787603378
-0.083766542 0.061130073 -0.994609773 -50.033763885 -0.030049084 0.997504950 0.063839056 1.461771131 0.996031523 0.035234712 -0.081721023 19.681674957
-0.079497479 0.061610863 -0.994930446 -51.164485931 -0.033970136 0.997338176 0.064474560 1.512619019 0.996255338 0.038923506 -0.077193312 19.574102402
-0.073686294 0.062604822 -0.995315850 -52.280624390 -0.039630286 0.997052789 0.065648332 1.564388037 0.996492684 0.044282038 -0.070988446 19.487287521
-0.068601616 0.062503293 -0.995685518 -53.423965454 -0.043065026 0.996916890 0.065548018 1.615356684 0.996713102 0.047375940 -0.065698750 19.386259079
-0.062572069 0.061436400 -0.996149004 -54.523963928 -0.044503421 0.996936321 0.064280696 1.672173977 0.997046590 0.048354223 -0.059646577 19.314865112
-0.057507511 0.060888015 -0.996487796 -55.677005768 -0.044406179 0.996991754 0.063481800 1.715778589 0.997355819 0.047900937 -0.054631036 19.241964340
-0.052308973 0.060552254 -0.996794522 -56.796573639 -0.042202350 0.997131348 0.062787674 1.761892915 0.997737706 0.045351461 -0.049603783 19.166614532
-0.045969605 0.061086349 -0.997074425 -57.914978027 -0.041433562 0.997150123 0.063001558 1.813067079 0.998082042 0.044208530 -0.043307878 19.109256744
-0.041550700 0.063165419 -0.997138679 -59.090953827 -0.039248817 0.997123241 0.064800188 1.862851143 0.998363972 0.041829009 -0.038952280 19.050043106
-0.035858165 0.063660719 -0.997328162 -60.239265442 -0.041186962 0.997024000 0.065122411 1.917556405 0.998506486 0.043412089 -0.033129733 19.004447937
-0.029889902 0.063697599 -0.997522473 -61.369846344 -0.040779635 0.997055948 0.064889975 1.964946389 0.998719752 0.042618167 -0.027204609 18.961082458
-0.025633190 0.060138758 -0.997861862 -62.531085968 -0.040993545 0.997283041 0.061157171 2.015386105 0.998829305 0.042473547 -0.023098517 18.922750473
-0.021353787 0.054682482 -0.998276532 -63.656929016 -0.040221203 0.997644842 0.055508506 2.054793358 0.998961568 0.041337200 -0.019104367 18.864406586
-0.017794851 0.053416990 -0.998414874 -64.838363647 -0.041044813 0.997688174 0.054109920 2.102782965 0.998997808 0.041942637 -0.015561487 18.836103439
-0.014484975 0.056137301 -0.998319089 -65.990112305 -0.039956845 0.997589767 0.056676313 2.151801109 0.999095500 0.040710639 -0.012207258 18.818483353
-0.012510461 0.055836152 -0.998362541 -67.177070618 -0.039205037 0.997641802 0.056287359 2.194731712 0.999152124 0.039845023 -0.010292161 18.794639587
-0.011829494 0.055167872 -0.998408020 -68.360115051 -0.041287661 0.997595727 0.055612408 2.239944696 0.999076545 0.041879799 -0.009523561 18.774408340
-0.010364178 0.056075767 -0.998373687 -69.513229370 -0.042530034 0.997495472 0.056468170 2.279056311 0.999040663 0.043046117 -0.007953575 18.756795883
-0.009794919 0.055939712 -0.998387039 -70.696647644 -0.042634159 0.997500122 0.056308508 2.323383570 0.999041915 0.043116931 -0.007385750 18.721204758
-0.008831885 0.054277435 -0.998487592 -71.895347595 -0.043478951 0.997558177 0.054611661 2.372034311 0.999014318 0.043895539 -0.006450656 18.682224274
-0.007500552 0.052919354 -0.998571336 -73.063690186 -0.042628590 0.997671604 0.053192031 2.406807661 0.999061882 0.042966679 -0.005227472 18.671775818
-0.007772809 0.052551508 -0.998588681 -74.256462097 -0.038651314 0.997853756 0.052813847 2.442836523 0.999221444 0.039007302 -0.005725204 18.647420883
-0.009223604 0.053326044 -0.998535216 -75.461883545 -0.036180064 0.997903168 0.053626660 2.493956566 0.999301314 0.036621720 -0.007275193 18.592506409
-0.008796239 0.056188911 -0.998382092 -76.621719360 -0.035700757 0.997763634 0.056468815 2.528439760 0.999322414 0.036139738 -0.006770851 18.567596436
-0.008980052 0.059630346 -0.998180807 -77.813751221 -0.037593499 0.997492313 0.059927598 2.581980705 0.999251425 0.038063288 -0.006716087 18.544515610
-0.008247751 0.060095761 -0.998159111 -78.988166809 -0.039572213 0.997388780 0.060376517 2.621700525 0.999181330 0.039997380 -0.005848362 18.540609360
-0.008095009 0.057844408 -0.998293340 -80.182861328 -0.040804349 0.997472763 0.058127888 2.659713507 0.999132991 0.041205294 -0.005714517 18.516670227
-0.007678542 0.055701725 -0.998418391 -81.353134155 -0.041354124 0.997573435 0.055972766 2.707006216 0.999113739 0.041718543 -0.005356682 18.497390747
-0.007291167 0.054838151 -0.998468935 -82.508316040 -0.039382316 0.997702658 0.055083789 2.739470005 0.999196112 0.039723679 -0.005115029 18.469106674
-0.007366913 0.056288231 -0.998387516 -83.703575134 -0.037552226 0.997692466 0.056526259 2.787279367 0.999266088 0.037908141 -0.005236430 18.458950043
-0.007436090 0.059093144 -0.998224974 -84.870132446 -0.036918685 0.997553408 0.059328530 2.828263283 0.999289095 0.037294365 -0.005236521 18.442756653
-0.006843902 0.061574277 -0.998079240 -86.048637390 -0.036958780 0.997402430 0.061786082 2.872078896 0.999291778 0.037310686 -0.004550684 18.420103073
-0.006703270 0.061695497 -0.998072743 -87.236473083 -0.038481466 0.997337162 0.061908618 2.917120934 0.999235153 0.038822323 -0.004311557 18.397047043
-0.006500164 0.059816662 -0.998188376 -88.390510559 -0.037972171 0.997472107 0.060021143 2.954355478 0.999256015 0.038293548 -0.004212633 18.376684189
-0.006289662 0.058167133 -0.998287320 -89.571426392 -0.036858398 0.997612655 0.058360182 3.004386902 0.999299109 0.037162345 -0.004130968 18.365962982
-0.006711949 0.057949912 -0.998297095 -90.732307434 -0.034015726 0.997726202 0.058145586 3.060185671 0.999397099 0.034348063 -0.004725750 18.366130829
-0.006206988 0.061179660 -0.998107612 -91.878128052 -0.031871278 0.997605324 0.061347175 3.103301525 0.999470949 0.032191738 -0.004242521 18.353118896
-0.006139678 0.064653762 -0.997888923 -93.060272217 -0.030745596 0.997421443 0.064812765 3.141471148 0.999506593 0.031078601 -0.004136299 18.336511612
-0.005912269 0.066312216 -0.997781336 -94.210929871 -0.031551182 0.997287452 0.066466451 3.188942909 0.999482810 0.031874139 -0.003804273 18.328510284
-0.005483998 0.068064637 -0.997665763 -95.360382080 -0.033762246 0.997097313 0.068211541 3.250672579 0.999413013 0.034057498 -0.003170334 18.321384430
-0.005401074 0.067264833 -0.997720480 -96.524101257 -0.036004327 0.997072995 0.067416176 3.303919554 0.999335170 0.036286362 -0.002963710 18.298807144
-0.004761511 0.063944742 -0.997941732 -97.687156677 -0.038456842 0.997200966 0.064080827 3.349270582 0.999246955 0.038682796 -0.002289343 18.268060684
-0.004700781 0.061648138 -0.998086512 -98.837371826 -0.040082868 0.997281432 0.061787277 3.398284674 0.999183357 0.040296614 -0.002217238 18.241445541
-0.004728265 0.060472105 -0.998158276 -99.987960815 -0.040273964 0.997345805 0.060613733 3.432398796 0.999175608 0.040486392 -0.002280534 18.238216400
-0.004430932 0.060556978 -0.998154461 -101.142227173 -0.038194533 0.997423530 0.060682260 3.491382360 0.999258697 0.038392939 -0.002106839 18.225542068
-0.004685336 0.063228391 -0.997987688 -102.319831848 -0.038109392 0.997260034 0.063361302 3.541335821 0.999260843 0.038329590 -0.002263173 18.222467422
-0.004328618 0.065401919 -0.997849226 -103.453659058 -0.036063980 0.997197032 0.065515690 3.585605383 0.999338388 0.036270030 -0.001958100 18.209609985
-0.005000942 0.064104214 -0.997930408 -104.640281677 -0.040328521 0.997115731 0.064254068 3.647126675 0.999172449 0.040566429 -0.002401557 18.193084717
-0.005208116 0.064874128 -0.997879565 -105.814437866 -0.044801097 0.996873677 0.065042645 3.702820301 0.998980880 0.045044903 -0.002285667 18.176086426
-0.005191766 0.064310707 -0.997916102 -106.965133667 -0.048069067 0.996757567 0.064486213 3.757933617 0.998829007 0.048303757 -0.002083842 18.158975601
-0.005818980 0.061080407 -0.998115480 -108.145622253 -0.048347823 0.996945322 0.061290760 3.808739662 0.998812258 0.048613437 -0.002848370 18.137351990
-0.006638069 0.056176893 -0.998398304 -109.333061218 -0.049731463 0.997163832 0.056438167 3.859240532 0.998739123 0.050026540 -0.003825756 18.117341995
-0.007785585 0.055603940 -0.998422205 -110.482330322 -0.046013597 0.997372329 0.055904392 3.904683828 0.998909116 0.046376303 -0.005206864 18.116067886
-0.008122861 0.054881677 -0.998459399 -111.702926636 -0.040567692 0.997649729 0.055167306 3.947194099 0.999142349 0.040953353 -0.005877623 18.101242065
-0.008889414 0.056548133 -0.998359919 -112.889961243 -0.040086575 0.997574508 0.056860670 3.996472836 0.999155283 0.040526334 -0.006601307 18.099889755
-0.009605757 0.061241336 -0.998076439 -114.128196716 -0.039362736 0.997323632 0.061574064 4.045521736 0.999177456 0.039878529 -0.007169697 18.091238022
-0.010321474 0.061590806 -0.998047829 -115.342781067 -0.037713427 0.997364700 0.061938766 4.098704338 0.999233961 0.038279142 -0.007971749 18.075487137
-0.010478211 0.056762774 -0.998332500 -116.545280457 -0.037475184 0.997661352 0.057118047 4.150533199 0.999241292 0.038011227 -0.008326788 18.045644760
-0.011133737 0.052943639 -0.998535335 -117.799507141 -0.038398616 0.997835517 0.053334784 4.204995632 0.999199271 0.038936231 -0.009076957 18.011474609
-0.011690265 0.051404800 -0.998609424 -119.019180298 -0.036940679 0.997971117 0.051804498 4.238806725 0.999247849 0.037494954 -0.009767903 17.975490570
-0.012600459 0.052555490 -0.998538494 -120.284111023 -0.038008694 0.997868240 0.052999955 4.291490078 0.999196708 0.038621005 -0.010576316 17.949510574
-0.012866057 0.057158504 -0.998282254 -121.541259766 -0.043104935 0.997402489 0.057663776 4.340104580 0.998986363 0.043772832 -0.010369107 17.928623199
-0.013445039 0.061311923 -0.998028159 -122.769660950 -0.048780087 0.996887088 0.061899070 4.383654118 0.998717666 0.049516171 -0.010412669 17.902717590
-0.013498317 0.060948465 -0.998049557 -124.050590515 -0.055895936 0.996531308 0.061611809 4.446873188 0.998343945 0.056618620 -0.010045007 17.852937698
-0.013253069 0.058616444 -0.998192549 -125.308830261 -0.059574846 0.996458054 0.059305657 4.498165607 0.998134434 0.060253195 -0.009714345 17.826696396
-0.014167623 0.057509124 -0.998244345 -126.551536560 -0.061297387 0.996414602 0.058273751 4.549634457 0.998017371 0.062015403 -0.010591951 17.795730591
-0.014706789 0.056999598 -0.998265803 -127.832496643 -0.061659861 0.996419549 0.057802659 4.600266933 0.997987211 0.062403034 -0.011139831 17.771543503
-0.014840418 0.056235116 -0.998307288 -129.078399658 -0.059510797 0.996594846 0.057023428 4.639714718 0.998115838 0.060256284 -0.011443577 17.733140945
-0.015658202 0.056417651 -0.998284459 -130.355346680 -0.059815779 0.996563137 0.057258692 4.683286667 0.998085141 0.060609698 -0.012230010 17.711040497
-0.016203856 0.061386630 -0.997982502 -131.605667114 -0.059431724 0.996286869 0.062247425 4.736909389 0.998099267 0.060320426 -0.012495665 17.685035706
-0.016588449 0.066439189 -0.997652590 -132.832168579 -0.058688808 0.996001959 0.067305252 4.772381306 0.998136997 0.059667479 -0.012623183 17.656135559
-0.016377101 0.064971000 -0.997752726 -134.115798950 -0.058557615 0.996108592 0.065825246 4.846782684 0.998148203 0.059504002 -0.012509113 17.624437332
-0.015761251 0.063013345 -0.997888148 -135.371490479 -0.058269154 0.996255159 0.063830711 4.906551361 0.998175144 0.059152100 -0.012030788 17.589105606
-0.014525977 0.063126333 -0.997899771 -136.595626831 -0.057617236 0.996291041 0.063863419 4.954511166 0.998231709 0.058423851 -0.010835228 17.567026138
-0.013653682 0.062301554 -0.997963905 -137.871887207 -0.058267809 0.996308386 0.062995546 5.007917881 0.998206198 0.059009232 -0.009973393 17.536340714
-0.012902279 0.064118169 -0.997858942 -139.095336914 -0.057886258 0.996217430 0.064761303 5.060809135 0.998238385 0.058597796 -0.009142204 17.503030777
-0.011868217 0.068057090 -0.997610867 -140.358596802 -0.059034809 0.995890141 0.068642147 5.109774113 0.998183906 0.059708357 -0.007801991 17.473134995
-0.010785184 0.069489174 -0.997524500 -141.617248535 -0.059904795 0.995742559 0.070012882 5.169593811 0.998144329 0.060511518 -0.006576822 17.449398041
-0.010188901 0.066430524 -0.997739077 -142.823013306 -0.062421199 0.995799422 0.066938967 5.223927021 0.997996390 0.062962040 -0.005999716 17.422769547
-0.010074705 0.063412748 -0.997936428 -144.095413208 -0.061633397 0.996047139 0.063915022 5.292515278 0.998046517 0.062150113 -0.006126828 17.403070450
-0.009888121 0.062359989 -0.998004556 -145.329238892 -0.059027813 0.996273518 0.062836759 5.341764927 0.998205900 0.059531327 -0.006170590 17.377897263
-0.009345618 0.061736036 -0.998048663 -146.553054810 -0.056905963 0.996438920 0.062169421 5.389021397 0.998334408 0.057375889 -0.005799478 17.360366821
-0.010400837 0.061847784 -0.998031318 -147.789672852 -0.054702409 0.996552587 0.062326331 5.446663857 0.998447239 0.055242892 -0.006982051 17.336986542
-0.010148070 0.060891289 -0.998092771 -149.011840820 -0.052147470 0.996750891 0.061339732 5.473895550 0.998586595 0.052670419 -0.006940063 17.308990479
-0.010662421 0.060673933 -0.998100519 -150.264923096 -0.052160539 0.996761799 0.061149873 5.528698921 0.998580635 0.052713402 -0.007463399 17.285106659
-0.010806698 0.063020729 -0.997953594 -151.506927490 -0.049482632 0.996752441 0.063480817 5.588237286 0.998715401 0.050067328 -0.007653464 17.268712997
-0.010898568 0.065310322 -0.997805417 -152.710739136 -0.046690661 0.996740043 0.065750681 5.633859634 0.998848855 0.047304712 -0.007813948 17.249002457
-0.011405432 0.063328750 -0.997927487 -153.960449219 -0.044541959 0.996966600 0.063776948 5.692100048 0.998941302 0.045176972 -0.008550341 17.215951920
-0.011811061 0.063484579 -0.997912765 -155.187713623 -0.045844033 0.996895671 0.063962564 5.746704102 0.998877704 0.046503734 -0.008864302 17.192716599
-0.011460431 0.068408780 -0.997591317 -156.392364502 -0.046280228 0.996548712 0.068869025 5.796030521 0.998861611 0.046957944 -0.008255200 17.172027588
-0.011378674 0.075030789 -0.997115970 -157.651870728 -0.050622627 0.995855927 0.075513721 5.865452766 0.998651862 0.051335812 -0.007533559 17.134366989
-0.010033667 0.075590827 -0.997088075 -158.837600708 -0.056213252 0.995516062 0.076037370 5.923464775 0.998367310 0.056812443 -0.005739762 17.116716385
-0.009379980 0.071425699 -0.997401237 -160.098480225 -0.059653644 0.995626211 0.071859658 5.994779587 0.998173892 0.060172632 -0.005078435 17.061765671
-0.007646751 0.065786861 -0.997803807 -161.322158813 -0.061941158 0.995883226 0.066134974 6.047014713 0.998049319 0.062310833 -0.003540637 17.052837372
-0.007119602 0.064079367 -0.997918844 -162.491943359 -0.064274229 0.995848775 0.064405046 6.116195679 0.997905791 0.064599030 -0.002971677 17.023443222
-0.006304001 0.061264351 -0.998101056 -163.741165161 -0.059987362 0.996297717 0.061532576 6.151400566 0.998178244 0.060261350 -0.002605855 17.002670288
-0.005858283 0.056483384 -0.998385727 -164.958923340 -0.055712976 0.996831357 0.056722391 6.208137989 0.998428583 0.055955324 -0.002693142 16.986057281
-0.005855280 0.053833127 -0.998532057 -166.155838013 -0.049928080 0.997285843 0.054058738 6.243747234 0.998734593 0.050171293 -0.003151881 16.974182129
-0.006948949 0.055533789 -0.998431981 -167.403182983 -0.046326395 0.997363865 0.055796847 6.298803806 0.998901069 0.046641450 -0.004358233 16.929721832
-0.006063213 0.063344501 -0.997972667 -168.594741821 -0.047292847 0.996853650 0.063560851 6.338041306 0.998861551 0.047582328 -0.003048676 16.942399979
-0.004821543 0.066360310 -0.997783601 -169.844039917 -0.047941983 0.996629715 0.066515304 6.401249409 0.998837411 0.048156399 -0.001624127 16.917530060
-0.003130836 0.063509054 -0.997975886 -171.061416626 -0.050001089 0.996719778 0.063586056 6.439966202 0.998743176 0.050098933 0.000054680 16.909807205
-0.002182933 0.062881581 -0.998018146 -172.236175537 -0.051566690 0.996682823 0.062910303 6.499388218 0.998666048 0.051601805 0.001066631 16.899068832
-0.001667334 0.064057015 -0.997944415 -173.485290527 -0.050584514 0.996659875 0.064059138 6.562162399 0.998717368 0.050587296 0.001578255 16.891012192
-0.000383026 0.062850028 -0.998022556 -174.692077637 -0.049812432 0.996779382 0.062790930 6.604067802 0.998757482 0.049737923 0.002748650 16.871364594
0.000667749 0.061192855 -0.998125374 -175.837356567 -0.050456822 0.996853471 0.061081190 6.641016006 0.998724878 0.050321389 0.003752977 16.851030350
0.002142647 0.062704191 -0.998029470 -177.011581421 -0.051938251 0.996688843 0.062508523 6.687346458 0.998646796 0.051701918 0.005392036 16.840984344
0.003584056 0.064934231 -0.997882724 -178.113571167 -0.051861182 0.996555507 0.064661674 6.725906849 0.998646677 0.051519573 0.006939018 16.846118927
0.004045384 0.066271216 -0.997793198 -179.243133545 -0.052171148 0.996453583 0.065970816 6.765265465 0.998628676 0.051789079 0.007488231 16.827819824
0.004505126 0.067546904 -0.997705638 -180.326354980 -0.053137913 0.996319473 0.067213193 6.813653946 0.998575687 0.052713115 0.008077595 16.824625015
0.004390098 0.068591595 -0.997634888 -181.328781128 -0.051973347 0.996308923 0.068271801 6.846955776 0.998637497 0.051550627 0.007938579 16.810258865
0.004938605 0.067853875 -0.997682691 -182.369125366 -0.052399755 0.996338964 0.067503177 6.888988972 0.998612642 0.051944897 0.008475801 16.801860809
0.006123474 0.067694582 -0.997687042 -183.323867798 -0.053092416 0.996317685 0.067275882 6.920639992 0.998569489 0.052557580 0.009694748 16.802045822
0.007127681 0.068218723 -0.997644722 -184.301544189 -0.053710714 0.996252894 0.067739911 6.969706059 0.998529732 0.053101312 0.010764806 16.809444427
0.006232316 0.066955894 -0.997736394 -185.247253418 -0.052949917 0.996374547 0.066533893 7.002752304 0.998576283 0.052415330 0.009754787 16.803789139
0.003521304 0.063832939 -0.997954369 -186.153869629 -0.049636811 0.996737957 0.063580133 7.030284405 0.998759747 0.049311306 0.006678032 16.810047150
-0.001291786 0.060684517 -0.998156130 -187.102096558 -0.049419031 0.996929944 0.060674071 7.058649063 0.998775840 0.049406197 0.001710892 16.779150009
-0.006090950 0.057557650 -0.998323381 -188.023635864 -0.051791463 0.996980429 0.057796367 7.098536015 0.998638034 0.052056592 -0.003091829 16.752466202
-0.010053594 0.056705434 -0.998340070 -188.915206909 -0.053259794 0.996939719 0.057162382 7.137930393 0.998528779 0.053746004 -0.007002982 16.720058441
-0.013201687 0.057273660 -0.998271048 -189.868637085 -0.055474777 0.996775091 0.057921622 7.171245575 0.998371542 0.056143463 -0.009982152 16.687467575
-0.015088341 0.058872912 -0.998151183 -190.759521484 -0.054313466 0.996739328 0.059610818 7.206152439 0.998408675 0.055112407 -0.011841840 16.679651260
-0.016663637 0.060822528 -0.998009145 -191.703552246 -0.051232032 0.996781170 0.061603270 7.231523037 0.998546481 0.052156474 -0.013494232 16.663003922
-0.018039161 0.061099164 -0.997968435 -192.606018066 -0.049541380 0.996846676 0.061926164 7.269288063 0.998607874 0.050557721 -0.014955641 16.644430161
-0.018938722 0.060501806 -0.997988164 -193.496444702 -0.049688123 0.996873260 0.061377320 7.290641308 0.998583913 0.050750453 -0.015873587 16.616098404
-0.019641913 0.059253406 -0.998049438 -194.420013428 -0.051418897 0.996857643 0.060194753 7.332891464 0.998482823 0.052500829 -0.016533747 16.573633194
-0.019490262 0.058337323 -0.998106420 -195.304428101 -0.055559918 0.996686757 0.059339438 7.373054028 0.998263776 0.056611151 -0.016184768 16.556951523
-0.018779220 0.056735460 -0.998212576 -196.251739502 -0.057788763 0.996654332 0.057734232 7.410872936 0.998150826 0.058769550 -0.015438016 16.534481049
-0.018279275 0.054489374 -0.998346984 -197.145950317 -0.058360662 0.996749520 0.055470917 7.444993496 0.998126924 0.059278060 -0.015040116 16.502334595
-0.017567299 0.051725794 -0.998506784 -198.036163330 -0.058374230 0.996900618 0.052669790 7.474160671 0.998138905 0.059212226 -0.014493691 16.465444565
-0.017093925 0.051601868 -0.998521388 -198.984817505 -0.058346748 0.996910274 0.052517649 7.501518726 0.998148680 0.059158113 -0.014030599 16.448616028
-0.016280558 0.054031078 -0.998406470 -199.911468506 -0.055838998 0.996927679 0.054861780 7.540703773 0.998305738 0.056643099 -0.013213784 16.428747177
-0.016428823 0.055430476 -0.998327255 -200.829772949 -0.054710701 0.996912479 0.056252476 7.576137543 0.998365939 0.055543248 -0.013345746 16.393720627
-0.016105872 0.051881801 -0.998523295 -201.795166016 -0.050491255 0.997332692 0.052634567 7.595815182 0.998593509 0.051264308 -0.013443621 16.376022339
-0.015284532 0.047920268 -0.998734117 -202.728347778 -0.048167661 0.997651935 0.048605729 7.619299889 0.998721182 0.048849486 -0.012940720 16.343898773
-0.015027666 0.048829511 -0.998693883 -203.694656372 -0.053400580 0.997338295 0.049566988 7.651211739 0.998458862 0.054075617 -0.012380424 16.312959671
-0.014253122 0.052384697 -0.998525023 -204.627136230 -0.054220024 0.997113109 0.053084813 7.716005325 0.998426080 0.054896593 -0.011371957 16.274772644
-0.012137341 0.052572936 -0.998543024 -205.561279297 -0.052044746 0.997226179 0.053136457 7.734892368 0.998569846 0.052613772 -0.009367804 16.251739502
-0.009889277 0.053063240 -0.998541951 -206.573242188 -0.050835468 0.997269273 0.053499307 7.768670559 0.998656988 0.051290337 -0.007165045 16.230375290
-0.008706614 0.057918902 -0.998283207 -207.521881104 -0.051351260 0.996974170 0.058291059 7.818367004 0.998641610 0.051770549 -0.005706329 16.220407486
-0.007124513 0.062077139 -0.998045862 -208.541748047 -0.048480559 0.996872365 0.062350459 7.859612465 0.998797655 0.048829950 -0.004092960 16.200489044
-0.005484895 0.063171960 -0.997987509 -209.548126221 -0.047680002 0.996847093 0.063362069 7.891999722 0.998846591 0.047931492 -0.002455822 16.189983368
-0.003233545 0.063717768 -0.997962654 -210.525070190 -0.051043589 0.996652484 0.063799769 7.935911655 0.998690069 0.051145814 0.000029412 16.173351288
-0.000376082 0.065168329 -0.997874081 -211.545944214 -0.053587299 0.996435046 0.065094806 8.006312370 0.998561978 0.053497799 0.003117217 16.160299301
0.003007611 0.065699987 -0.997834742 -212.545166016 -0.054609388 0.996357024 0.065438360 8.046283722 0.998502135 0.054294284 0.006584268 16.166379929
0.005969857 0.063240528 -0.997980356 -213.600479126 -0.057627290 0.996357262 0.062793225 8.095097542 0.998319209 0.057135995 0.009592279 16.147047043
