0.999999881 0.000000000 -0.000000000 -0.000000000 0.000000000 1.000000000 0.000000000 -0.000000000 -0.000000000 0.000000000 1.000000000 0.000000000
0.999951243 -0.001451247 0.009755807 0.019264039 0.001444943 0.999998748 0.000653231 -0.009568496 -0.009756744 -0.000639102 0.999952197 0.264767796
0.999841511 -0.003465705 0.017455617 0.017548710 0.003439497 0.999992907 0.001531231 -0.021320965 -0.017460803 -0.001470950 0.999846458 0.570796072
0.999798298 -0.006829855 0.018879300 0.036787625 0.006843168 0.999976397 -0.000640605 -0.003176186 -0.018874479 0.000769670 0.999821544 0.879427612
0.999823570 -0.007833868 0.017066466 0.044875186 0.007853334 0.999968588 -0.001073802 -0.017023254 -0.017057519 0.001207642 0.999853790 1.158803105
0.999878883 -0.011556740 0.010415354 0.040435027 0.011598341 0.999924958 -0.003942502 -0.011001457 -0.010369011 0.004062826 0.999938011 1.492375731
0.999926925 -0.011961957 -0.001682185 0.040877305 0.011954460 0.999918878 -0.004398829 -0.031083534 0.001734668 0.004378398 0.999988914 1.803722262
0.999784529 -0.012002266 -0.016927581 0.000781372 0.011918652 0.999916315 -0.005031925 -0.028853929 0.016986562 0.004829087 0.999844074 2.145447493
0.999327302 -0.007650045 -0.035865162 -0.030580075 0.007466570 0.999958396 -0.005246890 -0.033504069 0.035903815 0.004975570 0.999342859 2.497689009
0.998438358 -0.005542123 -0.055589143 -0.076034658 0.005237347 0.999970496 -0.005626836 -0.047461070 0.055618700 0.005326909 0.998437822 2.852918863
0.997172534 -0.003848907 -0.075046673 -0.123359427 0.003366604 0.999972761 -0.006552165 -0.048488464 0.075069867 0.006280986 0.997158527 3.196257830
0.995333552 -0.004294330 -0.096397869 -0.173130959 0.003720647 0.999974251 -0.006130166 -0.054536510 0.096421741 0.005742897 0.995324016 3.582920313
0.993258774 -0.004752133 -0.115820333 -0.233766660 0.004128849 0.999975622 -0.005620796 -0.056704104 0.115844250 0.005104700 0.993254304 3.975844860
0.991052449 -0.004630738 -0.133392751 -0.305450529 0.004030631 0.999980509 -0.004768497 -0.059760101 0.133412257 0.004188173 0.991051793 4.356741905
0.988721788 -0.004055019 -0.149707213 -0.370043516 0.003479697 0.999985576 -0.004104747 -0.071069874 0.149721742 0.003537514 0.988721848 4.755594730
0.986665249 -0.003594509 -0.162721008 -0.449804723 0.002949270 0.999986827 -0.004206719 -0.077038392 0.162733972 0.003670712 0.986663163 5.166043758
0.984508097 -0.004329991 -0.175284401 -0.544351220 0.003485887 0.999980807 -0.005123255 -0.077656947 0.175303236 0.004432862 0.984504521 5.610851765
0.982735574 -0.007669004 -0.184855476 -0.636554420 0.006550951 0.999956429 -0.006658284 -0.089722224 0.184898496 0.005332351 0.982743204 6.052739620
0.981184483 -0.006645642 -0.192956969 -0.718549848 0.005125121 0.999951839 -0.008378214 -0.093115397 0.193003342 0.007231644 0.981171429 6.493812084
0.979696035 -0.006972547 -0.200366661 -0.830325305 0.004941345 0.999931097 -0.010635763 -0.108604327 0.200426966 0.009429731 0.979663193 6.980844021
0.978178501 -0.007750832 -0.207621172 -0.943542182 0.005111464 0.999899149 -0.013245896 -0.115660019 0.207702830 0.011895597 0.978119552 7.463552952
0.976314485 -0.011380034 -0.216056660 -1.067633748 0.008342003 0.999853075 -0.014968053 -0.121774517 0.216195241 0.012811177 0.976266026 7.975608349
0.974497914 -0.016764920 -0.223769277 -1.174897432 0.013479461 0.999777794 -0.016201923 -0.137717217 0.223991156 0.012772447 0.974507451 8.489651680
0.972531736 -0.017874563 -0.232082948 -1.298465967 0.013914625 0.999728501 -0.018688569 -0.168126523 0.232353941 0.014945881 0.972516477 9.000667572
0.970457494 -0.013743020 -0.240880042 -1.456666827 0.008500095 0.999704003 -0.022791319 -0.171104923 0.241121933 0.020070504 0.970287561 9.524206161
0.968329728 -0.010715024 -0.249444559 -1.606823444 0.004448863 0.999660492 -0.025670717 -0.184052423 0.249634936 0.023747975 0.968048990 10.048276901
0.965858161 -0.013696008 -0.258709222 -1.762491465 0.006725429 0.999590635 -0.027809570 -0.202145100 0.258984178 0.025120171 0.965555131 10.610803604
0.963674128 -0.015401546 -0.266636699 -1.927151918 0.007795751 0.999532700 -0.029560024 -0.234075010 0.266967297 0.026407592 0.963343918 11.175808907
0.961528540 -0.016067060 -0.274234921 -2.097324371 0.007401587 0.999440789 -0.032604337 -0.257090390 0.274605334 0.029320214 0.961109996 11.752738953
0.959072888 -0.015055744 -0.282758713 -2.279088736 0.005159950 0.999348760 -0.035709519 -0.268667847 0.283112109 0.032789003 0.958526254 12.339001656
0.956965268 -0.016597051 -0.289727330 -2.468106031 0.004861628 0.999139965 -0.041177936 -0.305095911 0.290161461 0.037997302 0.956223130 12.914332390
0.955067933 -0.017132428 -0.295891613 -2.662320375 0.003030746 0.998840153 -0.048051354 -0.341177940 0.296371549 0.044995535 0.954012334 13.528298378
0.953875601 -0.017483054 -0.299692124 -2.874554157 0.000654948 0.998421550 -0.056160044 -0.383722812 0.300200671 0.053373408 0.952381849 14.166409492
0.952631414 -0.018135862 -0.303585500 -3.074858427 -0.001792893 0.997868121 -0.065237530 -0.438507259 0.304121166 0.062691614 0.950568438 14.774335861
0.951108277 -0.016858390 -0.308396637 -3.299832106 -0.006274900 0.997248411 -0.073866285 -0.470110089 0.308793038 0.072189994 0.948385835 15.405848503
0.949730575 -0.015886694 -0.312664688 -3.530516624 -0.009869744 0.996695697 -0.080622494 -0.522918522 0.312912136 0.079655558 0.946436048 16.045766830
0.948324203 -0.014621660 -0.316965759 -3.763201475 -0.013799461 0.996091843 -0.087236241 -0.589507461 0.317002386 0.087102160 0.944416642 16.716989517
0.946820378 -0.012935321 -0.321502447 -4.004107475 -0.017976504 0.995504141 -0.092993699 -0.658534348 0.321259797 0.093827769 0.942331493 17.390716553
0.945138395 -0.011407369 -0.326470733 -4.245430946 -0.022058086 0.994880199 -0.098621175 -0.736369193 0.325924218 0.100411929 0.940048397 18.045431137
0.943410337 -0.007642039 -0.331539333 -4.521109104 -0.027520109 0.994481742 -0.101232737 -0.796994030 0.330483407 0.104627967 0.937994659 18.758552551
0.941633701 -0.007736307 -0.336550266 -4.772768021 -0.028654424 0.994265020 -0.103027500 -0.882571816 0.335417330 0.106657743 0.936012864 19.444427490
0.939364970 -0.006630036 -0.342855006 -5.062832355 -0.030282592 0.994302392 -0.102196798 -0.966369987 0.341579229 0.106382579 0.933813095 20.177700043
0.937201321 -0.006733289 -0.348723918 -5.340555191 -0.030439612 0.994419098 -0.101007603 -1.052421093 0.347457975 0.105279438 0.931766987 20.897598267
0.934684753 -0.006698569 -0.355414957 -5.611215115 -0.030498015 0.994624257 -0.098950773 -1.136665463 0.354167193 0.103327230 0.929456532 21.606185913
0.931919694 -0.006029665 -0.362614691 -5.887194157 -0.030615153 0.994984269 -0.095225811 -1.222154856 0.361370146 0.099844299 0.927061558 22.286212921
0.928017020 -0.003608705 -0.372520298 -6.216240883 -0.032324899 0.995401144 -0.090170018 -1.295001268 0.371132582 0.095721006 0.923633277 23.118942261
0.924759269 -0.000711195 -0.380551577 -6.539165020 -0.034123644 0.995814264 -0.084783152 -1.382090330 0.379019231 0.091389857 0.920864999 23.831300735
0.921277404 0.002423920 -0.388898075 -6.866997242 -0.036775149 0.996042073 -0.080910064 -1.450778008 0.387162924 0.088842459 0.917721033 24.579977036
0.917349935 0.003458236 -0.398066312 -7.197698116 -0.037853219 0.996188164 -0.078578785 -1.522494674 0.396277517 0.087152369 0.913984954 25.311159134
0.913296998 0.004332180 -0.407270968 -7.563347340 -0.039442349 0.996183634 -0.077852115 -1.600009799 0.405379713 0.087165862 0.909983218 26.081663132
0.909575045 0.003966706 -0.415520221 -7.923271656 -0.039519180 0.996246934 -0.076997012 -1.674869895 0.413655639 0.086455628 0.906319201 26.844818115
0.905842960 0.004920981 -0.423584342 -8.311588287 -0.040598877 0.996337414 -0.075246461 -1.745951056 0.421662867 0.085358605 0.902726114 27.650999069
0.901965499 0.004809203 -0.431780636 -8.693107605 -0.040236220 0.996522665 -0.072951809 -1.823187590 0.429928690 0.083173312 0.899023771 28.435550690
0.898586929 0.005018021 -0.438766360 -9.085243225 -0.039282829 0.996838748 -0.069050081 -1.887811780 0.437033057 0.079283565 0.895944417 29.192331314
0.894395292 0.006251790 -0.447232991 -9.507763863 -0.038533092 0.997261107 -0.063119493 -1.953364372 0.445613742 0.073687151 0.892187417 30.011690140
0.890650630 0.006355847 -0.454643220 -9.921257973 -0.037108995 0.997581840 -0.058750767 -2.016468763 0.453170776 0.069197848 0.888733745 30.779371262
0.886866152 0.005395640 -0.461994320 -10.354275703 -0.035589848 0.997757733 -0.056667060 -2.083638191 0.460652947 0.066698477 0.885070562 31.613197327
0.883635640 0.005488595 -0.468142360 -10.795707703 -0.035676312 0.997812152 -0.055641711 -2.143427134 0.466813087 0.065868661 0.881899476 32.426631927
0.880740285 0.005703045 -0.473564267 -11.249819756 -0.035502043 0.997907996 -0.054009471 -2.194578409 0.472265720 0.064380877 0.879101813 33.234138489
0.877682924 0.004963043 -0.479215145 -11.716174126 -0.034323405 0.998028398 -0.052527133 -2.261203051 0.478009820 0.062550522 0.876124382 34.081195831
0.875296414 0.003679756 -0.483571529 -12.204741478 -0.033233702 0.998063564 -0.052560378 -2.316784859 0.482441843 0.062076859 0.873725414 34.915287018
0.873053432 0.002273527 -0.487617999 -12.679493904 -0.032234374 0.998069644 -0.053060312 -2.379458666 0.486556411 0.062042624 0.871443152 35.769737244
0.871575534 0.002089810 -0.490255535 -13.179510117 -0.032482486 0.998038530 -0.053492919 -2.432495832 0.489182532 0.062547915 0.869935572 36.629169464
0.871131420 0.002101653 -0.491044223 -13.668126106 -0.032029718 0.998103261 -0.052550051 -2.495127439 0.490002781 0.061506093 0.869548142 37.488937378
0.870964229 0.002472455 -0.491339415 -14.184862137 -0.031539567 0.998205066 -0.050884936 -2.557197809 0.490332246 0.059815660 0.869480193 38.377079010
0.870664060 0.001637063 -0.491874456 -14.690703392 -0.030311044 0.998271227 -0.050330855 -2.617758274 0.490942329 0.058730572 0.869209826 39.275337219
0.870356977 -0.000167379 -0.492420346 -15.201926231 -0.028684681 0.998283148 -0.051039651 -2.676208258 0.491584152 0.058547709 0.868859410 40.155895233
0.869083762 -0.005212822 -0.494636267 -15.748057365 -0.023842799 0.998339415 -0.052413303 -2.728839159 0.494088769 0.057345159 0.867517829 41.089401245
0.868142962 -0.001167372 -0.496311814 -16.290973663 -0.027084192 0.998394251 -0.049723584 -2.804733753 0.495573640 0.056609452 0.866718769 41.982646942
0.866106331 -0.000340758 -0.499858558 -16.843505859 -0.026067922 0.998606861 -0.045848615 -2.872783184 0.499178648 0.052740131 0.864892185 42.939533234
0.863232911 -0.000178298 -0.504804850 -17.398717880 -0.024162874 0.998837709 -0.041671999 -2.936355352 0.504226327 0.048170246 0.862226665 43.863353729
0.858767450 -0.002999695 -0.512355745 -17.895952225 -0.020135850 0.999011219 -0.039598841 -2.985367060 0.511968791 0.044322997 0.857859433 44.728664398
0.853618860 -0.006371699 -0.520858109 -18.467367172 -0.018033709 0.998962581 -0.041775208 -3.044348240 0.520584941 0.045053184 0.852620065 45.640621185
0.847176611 -0.009283789 -0.531229138 -19.034173965 -0.017161826 0.998845756 -0.044824585 -3.100910664 0.531033099 0.047091287 0.846041143 46.534481049
0.841472089 -0.009980606 -0.540207505 -19.622131348 -0.016846750 0.998856544 -0.044696204 -3.165205956 0.540037096 0.046711419 0.840343654 47.435222626
0.835240602 -0.006688254 -0.549843132 -20.212182999 -0.017785931 0.999072015 -0.039170351 -3.217978477 0.549596190 0.042496197 0.834348559 48.338035583
0.830310524 -0.002039840 -0.557296336 -20.802989960 -0.020782432 0.999182224 -0.034620725 -3.280100822 0.556912541 0.040327985 0.829591036 49.182182312
0.826452196 -0.002210378 -0.563001633 -21.438241959 -0.021798644 0.999114633 -0.035921615 -3.334578753 0.562583864 0.041960221 0.825674295 50.088550568
0.822899580 -0.003950590 -0.568172276 -22.040479660 -0.023033418 0.998919308 -0.040305551 -3.385833502 0.567718804 0.046254430 0.821921587 50.946666718
0.820156574 -0.007686907 -0.572086513 -22.675916672 -0.023657661 0.998596311 -0.047333911 -3.456425667 0.571648657 0.052355532 0.818825901 51.798427582
0.816734195 -0.008074197 -0.576956689 -23.293317795 -0.024720188 0.998491764 -0.048966981 -3.514907598 0.576483250 0.054255582 0.815305114 52.685142517
0.813583493 -0.006056906 -0.581415296 -23.910266876 -0.024768991 0.998674333 -0.045063317 -3.573058128 0.580919027 0.051063940 0.812357366 53.524642944
0.810680926 -0.003920231 -0.585473835 -24.569528580 -0.023934176 0.998917162 -0.039829187 -3.631933451 0.584997535 0.046301682 0.809711576 54.410705566
0.807100475 -0.002302663 -0.590408325 -25.180767059 -0.023743814 0.999054074 -0.036354695 -3.692621708 0.589935124 0.043360513 0.806284845 55.247570038
0.804129243 -0.001618473 -0.594451010 -25.833702087 -0.025252067 0.998997867 -0.036878996 -3.737256289 0.593916655 0.044666685 0.803285003 56.110034943
0.800364017 -0.003533757 -0.599502444 -26.504665375 -0.024329226 0.998964608 -0.038369007 -3.799030066 0.599019170 0.045294728 0.799451888 56.992683411
0.796753705 -0.005461440 -0.604278028 -27.159677505 -0.024601223 0.998834193 -0.041464638 -3.855547428 0.603801847 0.047903206 0.795693040 57.836029053
0.792638123 -0.006501031 -0.609656215 -27.795627594 -0.023795135 0.998848617 -0.041588128 -3.903782606 0.609226465 0.047471307 0.791573346 58.639019012
0.788049996 -0.007109024 -0.615568578 -28.488309860 -0.022578688 0.998924077 -0.040441483 -3.970720053 0.615195453 0.045768753 0.787044168 59.506149292
0.783536494 -0.006919683 -0.621305704 -29.151657104 -0.022902517 0.998934090 -0.040008098 -4.025154114 0.620922089 0.045577370 0.782545388 60.336994171
0.777783453 -0.008090230 -0.628478825 -29.854661942 -0.022340478 0.998926640 -0.040506694 -4.086829185 0.628133655 0.045546051 0.776770532 61.178382874
0.772231281 -0.009363869 -0.635270953 -30.548835754 -0.021871107 0.998904169 -0.041310180 -4.147047997 0.634963393 0.045795199 0.771182835 62.014923096
0.766803622 -0.010514881 -0.641794145 -31.248096466 -0.021684954 0.998867631 -0.042273786 -4.207712650 0.641513884 0.046333067 0.765710115 62.845726013
0.761316299 -0.011465619 -0.648277760 -31.973062515 -0.021816183 0.998821497 -0.043285638 -4.265791416 0.648012161 0.047097106 0.760171652 63.701076508
0.754720449 -0.013505586 -0.655906081 -32.695102692 -0.020207783 0.998832166 -0.043818809 -4.324858189 0.655734062 0.046325456 0.753568709 64.477157593
0.748903573 -0.014969197 -0.662508607 -33.430221558 -0.019257369 0.998828232 -0.044336855 -4.392930508 0.662398160 0.045962308 0.747739971 65.318008423
0.742751718 -0.015143933 -0.669394433 -34.176910400 -0.018441224 0.998899400 -0.043060571 -4.451885700 0.669312000 0.044327874 0.741657257 66.133125305
0.736440778 -0.015347380 -0.676326692 -34.941158295 -0.018278530 0.998923361 -0.042570993 -4.513265610 0.676254094 0.043713372 0.735369623 66.964599609
0.729648054 -0.016736874 -0.683616936 -35.703056335 -0.017130241 0.998936594 -0.042740479 -4.574268341 0.683607340 0.042896133 0.728587687 67.753059387
0.723265588 -0.018850017 -0.690311551 -36.480659485 -0.016312752 0.998879254 -0.044367414 -4.644936085 0.690376341 0.043350402 0.722149789 68.558868408
0.717433691 -0.018000767 -0.696393013 -37.252826691 -0.017961072 0.998853028 -0.044322651 -4.703694344 0.696394265 0.044306647 0.716289639 69.328689575
0.711961865 -0.017906770 -0.701988399 -38.079921722 -0.017643977 0.998900115 -0.043375202 -4.762594700 0.701995611 0.043267496 0.710865080 70.149444580
0.707028866 -0.017115016 -0.706976056 -38.892532349 -0.019127501 0.998875499 -0.043310441 -4.818924904 0.706925035 0.044144563 0.705908716 70.932586670
0.702142537 -0.017332822 -0.711823940 -39.708030701 -0.019753197 0.998841703 -0.043806173 -4.887437820 0.711761534 0.044819120 0.700989187 71.737823486
0.696811557 -0.019551171 -0.716986120 -40.547054291 -0.019706873 0.998726070 -0.046386149 -4.956909180 0.716982424 0.046452116 0.695541143 72.527717590
0.691796601 -0.022534737 -0.721739054 -41.385318756 -0.018653927 0.998618484 -0.049059726 -5.026291370 0.721850395 0.047402784 0.690423250 73.301231384
0.686753988 -0.023081994 -0.726521671 -42.232086182 -0.019495364 0.998547971 -0.050152663 -5.096705914 0.726627350 0.048606511 0.685309589 74.113807678
0.682107925 -0.022928400 -0.730890274 -43.105262756 -0.018907612 0.998617947 -0.048972782 -5.170554161 0.731005967 0.047224283 0.680734396 74.911125183
0.676893234 -0.022642039 -0.735731006 -43.955612183 -0.018220646 0.998701870 -0.047498405 -5.238736153 0.735854447 0.045557003 0.675604880 75.664863586
0.671593666 -0.023714850 -0.740538061 -44.839790344 -0.017244477 0.998713136 -0.047621571 -5.308496952 0.740717769 0.044752687 0.670323491 76.431816101
0.666540086 -0.024306701 -0.745070875 -45.713783264 -0.016926836 0.998713672 -0.047724083 -5.373169422 0.745275795 0.044421859 0.665274203 77.204238892
0.662680387 -0.025254434 -0.748474479 -46.594417572 -0.016087610 0.998716831 -0.047941461 -5.450377464 0.748728156 0.043811172 0.661427081 77.986946106
0.658722162 -0.026255816 -0.751926124 -47.474086761 -0.014642586 0.998750508 -0.047702026 -5.514253616 0.752242506 0.042432655 0.657518089 78.744506836
0.654692650 -0.029262992 -0.755326748 -48.376148224 -0.011348866 0.998753309 -0.048530702 -5.593109608 0.755808771 0.040344913 0.653547823 79.514114380
0.650026917 -0.033718381 -0.759160876 -49.300064087 -0.008467314 0.998627722 -0.051604472 -5.686019421 0.759862900 0.039972473 0.648852766 80.312835693
0.645442426 -0.037933607 -0.762864590 -50.205108643 -0.004508187 0.998555362 -0.053467661 -5.747514248 0.763794541 0.037949551 0.644342363 81.075767517
0.639090359 -0.041783597 -0.767994046 -51.129764557 0.000959672 0.998561680 -0.053529296 -5.817523003 0.769129932 0.033473141 0.638214827 81.824790955
0.630682468 -0.044763878 -0.774747074 -52.049488068 0.005051778 0.998546541 -0.053582322 -5.898426056 0.776023448 0.029879663 0.629995465 82.580879211
0.621939301 -0.045753561 -0.781725883 -52.995174408 0.007248064 0.998580992 -0.052679326 -5.979736805 0.783030868 0.027097413 0.621391892 83.327194214
0.612426400 -0.045094959 -0.789238691 -53.959056854 0.009372558 0.998711586 -0.049790852 -6.053363800 0.790470898 0.023096088 0.612063289 84.069442749
0.603657961 -0.044465035 -0.796000898 -54.947345734 0.008569867 0.998743594 -0.049291298 -6.137571335 0.797196329 0.022933494 0.603283823 84.803070068
0.594026506 -0.045886822 -0.803134143 -55.934913635 0.007317504 0.998634756 -0.051644392 -6.206984043 0.804411292 0.024801243 0.593554258 85.528007507
0.584112704 -0.048168253 -0.810240567 -56.933425903 0.008074721 0.998528957 -0.053540714 -6.294193268 0.811631501 0.024731383 0.583645463 86.231941223
0.574069381 -0.050200574 -0.817264915 -57.957294464 0.009005939 0.998441458 -0.055003375 -6.361231804 0.818756223 0.024215542 0.573629856 86.922737122
0.563875914 -0.051286727 -0.824264169 -58.982334137 0.012209164 0.998474360 -0.053774081 -6.445838451 0.825768530 0.020258335 0.563644826 87.636322021
0.553719640 -0.050561931 -0.831165373 -60.003166199 0.012225041 0.998536766 -0.052599311 -6.529912949 0.832612753 0.018964235 0.553530514 88.315002441
0.543551743 -0.051359069 -0.837801576 -61.055011749 0.013423610 0.998526633 -0.052502859 -6.610934734 0.839267612 0.017291691 0.543443203 88.975593567
0.533046424 -0.052881408 -0.844430387 -62.120197296 0.013252332 0.998440385 -0.054160599 -6.686658382 0.845981479 0.017679438 0.532918990 89.626014709
0.523174703 -0.052704718 -0.850592732 -63.153472900 0.011356975 0.998424470 -0.054879408 -6.771625519 0.852149010 0.019051360 0.522952020 90.251754761
0.513293803 -0.053102035 -0.856567085 -64.243064880 0.009142055 0.998361707 -0.056414150 -6.865052223 0.858163416 0.021126268 0.512941360 90.932418823
0.504068971 -0.053512592 -0.862002492 -65.329597473 0.009038152 0.998346925 -0.056691602 -6.946554661 0.863615274 0.020785583 0.503722370 91.519638062
0.494668365 -0.052049581 -0.867520154 -66.449745178 0.008952293 0.998453379 -0.054800641 -7.030064106 0.869034946 0.019341853 0.494372189 92.148185730
0.486907035 -0.050241087 -0.872005939 -67.565856934 0.009799393 0.998591840 -0.052062653 -7.116727352 0.873398006 0.016804533 0.486716628 92.743995667
0.479266286 -0.050500073 -0.876213789 -68.673339844 0.009969168 0.998588264 -0.052100185 -7.196238995 0.877611995 0.016234722 0.479095966 93.345497131
0.471383631 -0.053409293 -0.880307913 -69.794876099 0.011161314 0.998442113 -0.054600019 -7.281890869 0.881856680 0.015912145 0.471248180 93.942062378
0.464396417 -0.056717552 -0.883807719 -70.926689148 0.013420046 0.998279393 -0.057012118 -7.375905514 0.885524452 0.014615459 0.464361340 94.547409058
0.458268106 -0.060593482 -0.886744440 -72.069160461 0.016064696 0.998071313 -0.059898525 -7.453436375 0.888667583 0.013204276 0.458360434 95.084587097
0.452864200 -0.063217960 -0.889333725 -73.209693909 0.016590372 0.997904003 -0.062487535 -7.557728767 0.891423821 0.013543964 0.452966511 95.682327271
0.447783202 -0.063931458 -0.891851902 -74.303855896 0.018538401 0.997886181 -0.062224600 -7.662095547 0.893948436 0.011329597 0.448024571 96.241279602
0.443489075 -0.061894409 -0.894138396 -75.438941956 0.020530498 0.998048604 -0.058904290 -7.752966881 0.896043181 0.007766259 0.443897128 96.807060242
0.439804614 -0.059832670 -0.896096349 -76.551673889 0.024577936 0.998202562 -0.054587472 -7.845468044 0.897755623 0.001983549 0.440487444 97.335319519
0.436437100 -0.059255168 -0.897779584 -77.719345093 0.025467442 0.998238862 -0.053505208 -7.932523251 0.899372816 0.000487418 0.437180251 97.885482788
0.433334202 -0.059097908 -0.899291515 -78.847427368 0.026798381 0.998247325 -0.052687794 -8.024180412 0.900833309 -0.001268238 0.434161276 98.437271118
0.430911630 -0.059293278 -0.900442064 -79.968696594 0.030784950 0.998219967 -0.050999563 -8.104972839 0.901867390 -0.005743883 0.431972742 98.944183350
0.427887559 -0.058283746 -0.901948750 -81.095939636 0.032500748 0.998261273 -0.049088988 -8.186383247 0.903246045 -0.008309579 0.429040670 99.477554321
0.425973862 -0.058527458 -0.902838349 -82.213768005 0.033266719 0.998239577 -0.049016181 -8.277622223 0.904122233 -0.009155006 0.427173823 100.019943237
0.423017949 -0.058720272 -0.904214561 -83.320701599 0.035148449 0.998206198 -0.048380688 -8.356115341 0.905437946 -0.011316000 0.424325794 100.536979675
0.420988679 -0.057805385 -0.905220032 -84.417549133 0.038528666 0.998201966 -0.045824584 -8.438951492 0.906245828 -0.015585477 0.422461659 101.033065796
0.419414669 -0.057467781 -0.905971825 -85.520362854 0.040879048 0.998173058 -0.044391606 -8.513889313 0.906872511 -0.018416984 0.421000510 101.541030884
0.417708486 -0.058047302 -0.906722784 -86.608924866 0.042188842 0.998115361 -0.044462640 -8.593698502 0.907599807 -0.019681375 0.419373065 102.046112061
0.416367978 -0.059094898 -0.907271504 -87.688896179 0.043321103 0.998037040 -0.045125861 -8.665828705 0.908162236 -0.020515254 0.418113559 102.528587341
0.415760994 -0.060660686 -0.907446444 -88.759231567 0.043965418 0.997942686 -0.046566736 -8.746469498 0.908409357 -0.020535855 0.417575479 103.007080078
0.415964395 -0.060661685 -0.907353163 -89.792533875 0.042726878 0.997969866 -0.047132388 -8.814521790 0.908375442 -0.019163184 0.417714715 103.450302124
0.418497145 -0.060462754 -0.906201065 -90.840805054 0.040553097 0.998025835 -0.047861435 -8.897433281 0.907311082 -0.016719583 0.420125812 103.938423157
0.422557414 -0.060985345 -0.904279828 -91.871658325 0.038900189 0.998030126 -0.049130477 -8.980943680 0.905499697 -0.014416396 0.424100161 104.424537659
0.427532017 -0.061430089 -0.901908398 -92.897743225 0.037789244 0.998026431 -0.050063632 -9.059576035 0.903208852 -0.012678805 0.429012299 104.895515442
0.433377564 -0.060736239 -0.899161339 -93.899963379 0.035813294 0.998094618 -0.050157733 -9.135032654 0.900499284 -0.010464860 0.434729636 105.349464417
0.440077394 -0.059561100 -0.895980239 -94.910598755 0.034570415 0.998177409 -0.049374923 -9.208162308 0.897292852 -0.009245784 0.441337168 105.824523926
0.447894216 -0.058746587 -0.892152369 -95.907585144 0.033901874 0.998232961 -0.048711851 -9.276559830 0.893442273 -0.008428035 0.449097216 106.334411621
0.457117289 -0.058264349 -0.887494087 -96.867477417 0.033481993 0.998267412 -0.048291370 -9.352369308 0.888774753 -0.007640412 0.458279133 106.824638367
0.467184603 -0.058205407 -0.882239938 -97.844268799 0.033249468 0.998277009 -0.048253968 -9.422807693 0.883533180 -0.006790652 0.468318015 107.345252991
0.475672930 -0.058990628 -0.877640009 -98.827163696 0.033139002 0.998237669 -0.049135681 -9.495898247 0.878996551 -0.005711750 0.476792693 107.862228394
0.486793548 -0.059563350 -0.871482015 -99.790710449 0.029453889 0.998219907 -0.051773243 -9.568809509 0.873019159 -0.000465772 0.487684608 108.377792358
0.498307556 -0.060387373 -0.864892840 -100.737365723 0.027941907 0.998167336 -0.053594086 -9.645294189 0.866548836 0.002539489 0.499084860 108.883071899
0.510339141 -0.058641516 -0.857969582 -101.685752869 0.025457334 0.998260915 -0.053087849 -9.715797424 0.859595180 0.005251111 0.510947645 109.431488037
0.523535728 -0.056213848 -0.850145280 -102.588752747 0.023893330 0.998392940 -0.051302519 -9.790088654 0.851667345 0.006545824 0.524040818 109.989852905
0.535804868 -0.055057257 -0.842542827 -103.499366760 0.024535777 0.998461306 -0.049642865 -9.857074738 0.843983889 0.005926368 0.536334753 110.569641113
0.547278464 -0.053689387 -0.835224688 -104.425224304 0.023875585 0.998531461 -0.048542667 -9.931966782 0.836608589 0.006624796 0.547760189 111.135681152
0.559006512 -0.054050818 -0.827397466 -105.307540894 0.023790749 0.998503566 -0.049155120 -10.010682106 0.828820467 0.007793554 0.559459567 111.746627808
0.570101082 -0.054960836 -0.819731832 -106.165557861 0.023979042 0.998443723 -0.050266314 -10.072731018 0.821223021 0.009000435 0.570535541 112.344223022
0.580453813 -0.056753226 -0.812310636 -107.015815735 0.026457805 0.998351812 -0.050845355 -10.145483017 0.813861549 0.008021357 0.581002474 112.912879944
0.591367960 -0.056115631 -0.804444194 -107.858604431 0.026165444 0.998381734 -0.050409269 -10.228016853 0.805975378 0.008761737 0.591883183 113.523262024
0.601970375 -0.054387249 -0.796661258 -108.657402039 0.025825514 0.998477817 -0.048650905 -10.290373802 0.798098803 0.008712164 0.602462530 114.153862000
0.612444401 -0.051425349 -0.788836300 -109.488510132 0.024629761 0.998634517 -0.045980141 -10.344847679 0.790127993 0.008731379 0.612878740 114.792015076
0.621498823 -0.050908063 -0.781756222 -110.298904419 0.025034197 0.998663187 -0.045130819 -10.417724609 0.783013105 0.008478053 0.621946454 115.393669128
0.631531835 -0.049989775 -0.773733675 -111.058685303 0.023288099 0.998687983 -0.045515679 -10.488284111 0.774998248 0.010725766 0.631871343 116.007934570
0.641303658 -0.049150471 -0.765708327 -111.831314087 0.021064004 0.998693705 -0.046463978 -10.554697037 0.766996086 0.013668608 0.641505182 116.665290833
0.650503516 -0.049363196 -0.757894456 -112.583847046 0.021875584 0.998685181 -0.046270486 -10.622009277 0.759186327 0.013519705 0.650731921 117.279106140
0.659589946 -0.047123708 -0.750144064 -113.328315735 0.021102689 0.998796046 -0.044188648 -10.681969643 0.751327455 0.013316306 0.659794152 117.929862976
0.667904556 -0.045884438 -0.742828131 -114.053497314 0.021351419 0.998864055 -0.042501878 -10.728224754 0.743938625 0.012526734 0.668129504 118.558860779
0.676113129 -0.045120798 -0.735411763 -114.744400024 0.021516880 0.998902500 -0.041505195 -10.785494804 0.736481488 0.012238409 0.676345944 119.191925049
0.684347510 -0.045160085 -0.727752745 -115.473373413 0.021935329 0.998899341 -0.041358769 -10.859738350 0.728823960 0.012340236 0.684588850 119.845169067
0.691894889 -0.044081882 -0.720647812 -116.154579163 0.021638187 0.998947859 -0.040330544 -10.921865463 0.721671820 0.012310945 0.692124844 120.478416443
0.699450910 -0.041676801 -0.713460982 -116.825157166 0.020689694 0.999056339 -0.038076393 -10.970347404 0.714379013 0.011871235 0.699657261 121.154121399
0.706248045 -0.039110772 -0.706879795 -117.497726440 0.019548547 0.999165297 -0.035751432 -11.023709297 0.707692385 0.011430859 0.706427157 121.817214966
0.713602543 -0.037522208 -0.699541688 -118.121658325 0.019028094 0.999230266 -0.034186359 -11.072015762 0.700290322 0.011084482 0.713771343 122.447814941
0.721585870 -0.036741752 -0.691345692 -118.778594971 0.018925933 0.999260426 -0.033352125 -11.140105247 0.692064166 0.010982013 0.721751809 123.101348877
0.729920447 -0.033643458 -0.682699978 -119.393974304 0.015324043 0.999338269 -0.032863367 -11.177767754 0.683358252 0.013525886 0.729957342 123.761817932
0.738115668 -0.031031644 -0.673956394 -119.977241516 0.014931045 0.999444246 -0.029665910 -11.218500137 0.674506724 0.011833943 0.738173425 124.392715454
0.747644842 -0.027654037 -0.663519025 -120.566467285 0.013392263 0.999553204 -0.026568938 -11.237672806 0.663961470 0.010978048 0.747685730 125.006706238
0.757817805 -0.024953755 -0.651985109 -121.127593994 0.011073839 0.999612510 -0.025387233 -11.299248695 0.652369916 0.012018868 0.757804930 125.686393738
0.768040955 -0.024545940 -0.639926314 -121.684844971 0.009827281 0.999595344 -0.026547153 -11.323015213 0.640322864 0.014100520 0.767975867 126.365692139
0.777623832 -0.025355855 -0.628214478 -122.235054016 0.010314545 0.999562621 -0.027576398 -11.380363464 0.628642738 0.014964274 0.777549684 127.015098572
0.787406921 -0.024943398 -0.615924895 -122.761215210 0.010243410 0.999568462 -0.027384626 -11.425627708 0.616346002 0.015253630 0.787327290 127.668373108
0.797774255 -0.023190401 -0.602506340 -123.269042969 0.009660278 0.999619365 -0.025684083 -11.453504562 0.602876484 0.014669677 0.797699332 128.357620239
0.807764292 -0.021036228 -0.589126348 -123.759117126 0.008981616 0.999682128 -0.023381213 -11.474937439 0.589434743 0.013595152 0.807701290 129.030471802
0.817635655 -0.019690746 -0.575395286 -124.253677368 0.009126209 0.999728560 -0.021243587 -11.503561020 0.575661123 0.012118281 0.817598403 129.767898560
0.826320410 -0.018238267 -0.562900901 -124.712036133 0.009923333 0.999787688 -0.017826434 -11.546633720 0.563110113 0.009144416 0.826331019 130.437591553
0.835139573 -0.018062966 -0.549737215 -125.205528259 0.010746314 0.999801576 -0.016525486 -11.565189362 0.549930096 0.007893361 0.835173190 131.147766113
0.841016769 -0.017866667 -0.540709496 -125.600959778 0.012577034 0.999826014 -0.013474944 -11.613501549 0.540859461 0.004532049 0.841100514 131.807647705
0.847472072 -0.017968342 -0.530531287 -126.044647217 0.013060926 0.999826074 -0.012999076 -11.640796661 0.530675828 0.004087038 0.847564816 132.505538940
0.854144514 -0.017248120 -0.519744992 -126.486915588 0.012417112 0.999837101 -0.012774101 -11.654019356 0.519883811 0.004457114 0.854225099 133.211730957
0.861964703 -0.015579450 -0.506723940 -126.963134766 0.010614282 0.999859095 -0.012685584 -11.677707672 0.506852925 0.005555936 0.862014294 133.989791870
0.868009925 -0.014729314 -0.496323407 -127.380386353 0.009936419 0.999870837 -0.012295363 -11.677506447 0.496443212 0.005740738 0.868049920 134.681762695
0.874034822 -0.014953990 -0.485628068 -127.807861328 0.010410541 0.999869049 -0.012052088 -11.715885162 0.485747308 0.005478211 0.874081790 135.463333130
0.879247785 -0.015859794 -0.476095438 -128.208557129 0.011255212 0.999854147 -0.012521302 -11.750048637 0.476227105 0.005650691 0.879303992 136.220046997
0.883421004 -0.016805993 -0.468273550 -128.615966797 0.011892362 0.999834657 -0.013447767 -11.779582024 0.468424469 0.006311086 0.883480847 136.983963013
0.886968911 -0.016299188 -0.461536288 -129.021392822 0.011688974 0.999844968 -0.012845985 -11.788990021 0.461676359 0.005999026 0.887027979 137.757614136
0.890083075 -0.014674182 -0.455556929 -129.427246094 0.011570572 0.999882698 -0.009600725 -11.813202858 0.455646634 0.003274291 0.890154541 138.506164551
0.893765867 -0.010573423 -0.448403805 -129.858306885 0.009098415 0.999939382 -0.005443564 -11.831670761 0.448436439 0.000785391 0.893814385 139.323394775
0.896434546 -0.008185524 -0.443095088 -130.217697144 0.007650659 0.999961913 -0.002994579 -11.834415436 0.443104893 -0.000705654 0.896469474 140.129364014
0.900208592 -0.005064108 -0.435423821 -130.655960083 0.005447865 0.999980748 -0.000366955 -11.860630035 0.435419500 -0.002041937 0.900225222 140.951126099
0.903718829 -0.003209257 -0.428108871 -131.058624268 0.004438263 0.999984086 0.001872770 -11.852499008 0.428098232 -0.003592672 0.903724968 141.805847168
0.906714737 -0.002017707 -0.421733797 -131.468338013 0.004397313 0.999975204 0.004669926 -11.874262810 0.421716154 -0.006088957 0.906707346 142.649688721
0.910331607 -0.001817975 -0.413869709 -131.877975464 0.005093717 0.999959588 0.006811525 -11.886745453 0.413842797 -0.008309067 0.910310328 143.505584717
0.913861632 -0.002029485 -0.406014740 -132.267791748 0.005673185 0.999949455 0.007770993 -11.894435883 0.405980617 -0.009405201 0.913833201 144.402603149
0.917472541 -0.002908708 -0.397782832 -132.651870728 0.006433116 0.999946773 0.007525884 -11.874710083 0.397741795 -0.009463967 0.917448461 145.279510498
0.921285689 -0.005341057 -0.388843805 -133.037490845 0.008937927 0.999928176 0.007441869 -11.915375710 0.388778090 -0.010331742 0.921273410 146.179656982
0.925152719 -0.006958198 -0.379524976 -133.419036865 0.010019680 0.999926984 0.006091980 -11.904706001 0.379456818 -0.009438921 0.925161242 147.106292725
0.929733932 -0.007996912 -0.368138283 -133.795730591 0.010399374 0.999931395 0.004542594 -11.919246674 0.368078679 -0.008051992 0.929759800 148.035491943
0.935177267 -0.006268090 -0.354117393 -134.172485352 0.008130245 0.999955654 0.003771131 -11.915187836 0.354079902 -0.006405908 0.935193181 148.998245239
0.941235185 -0.002869766 -0.337731898 -134.554458618 0.004792581 0.999972582 0.004859698 -11.921498299 0.337710410 -0.006192898 0.941229641 149.965911865
0.947499692 0.000939325 -0.319746435 -134.880096436 0.001604893 0.999965250 0.007693430 -11.923148155 0.319744051 -0.007802868 0.947471738 150.962142944
0.953856647 0.003803132 -0.300228834 -135.204223633 -0.001035552 0.999951601 0.009376843 -11.925590515 0.300251395 -0.008633456 0.953821003 151.956741333
0.960182726 0.005553772 -0.279307485 -135.507568359 -0.002756624 0.999938071 0.010406389 -11.939459801 0.279349327 -0.009222291 0.960145235 153.007400513
0.966223598 0.007171518 -0.257594615 -135.798568726 -0.004298149 0.999918044 0.011715988 -11.926707268 0.257658720 -0.010213294 0.966181934 154.023101807
0.971845150 0.007604062 -0.235486239 -136.070068359 -0.004278723 0.999879777 0.014628936 -11.942865372 0.235570237 -0.013209708 0.971767306 155.120529175
0.976859808 0.009735160 -0.213646308 -136.309326172 -0.005996265 0.999813378 0.018141443 -11.915668488 0.213783994 -0.016440816 0.976742327 156.196029663
0.981401682 0.011651289 -0.191597447 -136.534713745 -0.007466451 0.999713778 0.022549301 -11.929582596 0.191806152 -0.020699648 0.981214225 157.291336060
0.985533357 0.013612621 -0.168918863 -136.737457275 -0.009401402 0.999621451 0.025705162 -11.913640976 0.169205531 -0.023745527 0.985294402 158.420654297
0.989100456 0.015057082 -0.146452993 -136.906082153 -0.011398607 0.999598563 0.025787696 -11.895026207 0.146783069 -0.023837570 0.988881111 159.539337158
0.992032945 0.014676047 -0.125100479 -137.062637329 -0.011784452 0.999642849 0.023822878 -11.883324623 0.125405878 -0.022159139 0.991857648 160.671478271
0.994522214 0.014714532 -0.103459932 -137.200851440 -0.012423476 0.999660015 0.022753865 -11.868138313 0.103759877 -0.021344198 0.994372845 161.848556519
0.996476948 0.013291540 -0.082776956 -137.309967041 -0.011296764 0.999631643 0.024519922 -11.860450745 0.083072558 -0.023498747 0.996266007 163.029953003
0.997910619 0.013920970 -0.063052915 -137.399597168 -0.012260677 0.999566019 0.026642313 -11.848618507 0.063396506 -0.025813907 0.997654140 164.213195801
0.998988807 0.014043979 -0.042653333 -137.453033447 -0.012873434 0.999532521 0.027594686 -11.835974693 0.043020874 -0.027018035 0.998708546 165.390350342
0.999634743 0.015572043 -0.021977380 -137.517501831 -0.014949036 0.999485791 0.028232228 -11.818089485 0.022405537 -0.027893735 0.999359608 166.609725952
0.999871552 0.015798107 -0.001425392 -137.516433716 -0.015750565 0.999458134 0.028769966 -11.793707848 0.001878813 -0.028744197 0.999584973 167.844360352
0.999647319 0.018050086 0.019346822 -137.501037598 -0.018592004 0.999425352 0.028207587 -11.768128395 -0.018827006 -0.028557710 0.999414742 169.081130981
0.999043584 0.019182857 0.039227910 -137.469299316 -0.020254010 0.999423683 0.027093804 -11.746832848 -0.038686145 -0.027862782 0.998862743 170.322708130
0.998077869 0.019170746 0.058888275 -137.393325806 -0.020664304 0.999473393 0.024859518 -11.740489960 -0.058381394 -0.026028976 0.997954845 171.591064453
0.996724606 0.021092394 0.078037128 -137.336730957 -0.022911059 0.999480546 0.022483809 -11.722811699 -0.077523187 -0.024198426 0.996696830 172.868728638
0.995018661 0.021384958 0.097339660 -137.217102051 -0.023501398 0.999506414 0.020648502 -11.703687668 -0.096851036 -0.022833599 0.995036900 174.135299683
0.992976725 0.021406205 0.116333917 -137.074340820 -0.023622004 0.999560118 0.017701633 -11.710488319 -0.115904950 -0.020325666 0.993052363 175.438125610
0.990662277 0.022773672 0.134403259 -136.928665161 -0.024694018 0.999611020 0.012638107 -11.694293976 -0.134064421 -0.015839338 0.990846038 176.710525513
0.987982452 0.023955062 0.152682111 -136.728469849 -0.025181264 0.999660075 0.006102205 -11.711624146 -0.152485475 -0.009873847 0.988256395 178.036422729
0.985008776 0.026753481 0.170401827 -136.524353027 -0.027259473 0.999623895 0.000630097 -11.713870049 -0.170322493 -0.005265930 0.985374451 179.346542358
0.981722295 0.028510997 0.188157633 -136.276992798 -0.028433247 0.999586642 -0.003112753 -11.740652084 -0.188170314 -0.002294269 0.982133925 180.664566040
0.978120506 0.030919138 0.205715850 -136.022155762 -0.030291341 0.999517858 -0.006201112 -11.756473541 -0.205810279 -0.000166159 0.978592098 181.999481201
0.974299371 0.030206222 0.223210737 -135.738677979 -0.029593257 0.999539435 -0.006091228 -11.776594162 -0.223293841 -0.000671039 0.974751174 183.331817627
0.970182002 0.028708322 0.240660042 -135.405487061 -0.028097931 0.999583304 -0.005968006 -11.785513878 -0.240733147 -0.000972182 0.970591009 184.660385132
0.965838850 0.028589388 0.257550865 -135.076370239 -0.026632547 0.999579608 -0.011083735 -11.846613884 -0.257761687 0.003845717 0.966201007 186.021713257
0.961358428 0.030002145 0.273649663 -134.711990356 -0.026717268 0.999515176 -0.015723489 -11.887812614 -0.273990989 0.007804620 0.961700737 187.336090088
0.956297457 0.032370437 0.290588051 -134.312576294 -0.028899139 0.999446392 -0.016230289 -11.912091255 -0.290954918 0.007123123 0.956710517 188.704345703
0.950814128 0.033851419 0.307897389 -133.902603149 -0.030319180 0.999403775 -0.016250055 -11.950412750 -0.308266491 0.006115462 0.951280594 190.046508789
0.944846988 0.038060602 0.325283974 -133.462387085 -0.033526443 0.999242485 -0.019535011 -11.991750717 -0.325783789 0.007551868 0.945414364 191.389877319
0.938534796 0.039047312 0.342960596 -132.996505737 -0.033095069 0.999178588 -0.023193290 -12.046035767 -0.343587428 0.010417311 0.939063132 192.761047363
0.932140648 0.039715450 0.359903872 -132.485198975 -0.032540105 0.999128342 -0.025976097 -12.084897995 -0.360624820 0.012501987 0.932627380 194.086639404
0.925155878 0.039819762 0.377485842 -131.964202881 -0.030476445 0.999059379 -0.030694904 -12.154400826 -0.378356218 0.016893094 0.925506115 195.431060791
0.917073369 0.043133583 0.396371841 -131.404769897 -0.031018756 0.998831630 -0.036926884 -12.237253189 -0.397505045 0.021569686 0.917346597 196.803131104
0.907723904 0.046803731 0.416943192 -130.821441650 -0.032864340 0.998631895 -0.040552348 -12.312880516 -0.418274492 0.023107775 0.908026934 198.141174316
0.896251917 0.049424440 0.440777659 -130.199066162 -0.034476642 0.998523295 -0.041861903 -12.371147156 -0.442199737 0.022322265 0.896638989 199.473648071
