1.000000000 -0.000000000 0.000000000 0.000000000 -0.000000000 1.000000000 0.000000000 -0.000000000 0.000000000 0.000000000 1.000000000 0.000000000
0.999845266 0.000513794 0.017582987 -0.013267647 -0.000511403 0.999999881 -0.000140506 0.003812024 -0.017583057 0.000131492 0.999845386 0.134269372
0.999282062 0.004870540 0.037571184 0.049663797 -0.004857031 0.999988079 -0.000450821 0.012344428 -0.037572935 0.000268013 0.999293864 0.271360159
0.997904480 0.005690133 0.064453833 0.070938498 -0.005750820 0.999983191 0.000756058 0.009506861 -0.064448446 -0.001125136 0.997920394 0.412433147
0.995155632 0.005263600 0.098171003 0.105637722 -0.005578392 0.999980152 0.002932359 0.004263644 -0.098153621 -0.003465789 0.995165288 0.601254165
0.990849376 0.002063970 0.134956464 0.231018350 -0.002747569 0.999984324 0.004879270 0.015987970 -0.134944275 -0.005205423 0.990839541 0.816854119
0.984469116 -0.001178676 0.175554156 0.249998152 0.000170233 0.999983430 0.005759291 -0.003221571 -0.175558001 -0.005639959 0.984452963 0.991858780
0.975766897 -0.001588959 0.218807161 0.348091751 0.000062792 0.999975741 0.006981723 -0.000168440 -0.218812928 -0.006798795 0.975743115 1.201152682
0.963750839 -0.001517164 0.266800016 0.442091852 -0.001224173 0.999948263 0.010108257 0.025952376 -0.266801506 -0.010068449 0.963698983 1.414625525
0.949469864 -0.005122739 0.313816607 0.577967227 -0.000125635 0.999860525 0.016701831 0.013856464 -0.313858330 -0.015897317 0.949336886 1.621497631
0.932071745 -0.015099257 0.361958981 0.657018781 0.006523383 0.999668717 0.024903353 0.002922852 -0.362214983 -0.020850524 0.931861579 1.822840691
0.911089957 -0.021009699 0.411671549 0.860589981 0.009649163 0.999513566 0.029655259 0.000002982 -0.412094295 -0.023046339 0.910849929 2.049162626
0.886390626 -0.023030501 0.462364584 1.070461273 0.008552426 0.999405921 0.033384986 0.003241535 -0.462858766 -0.025637819 0.886061490 2.303891659
0.857740462 -0.024649464 0.513491571 1.220560193 0.006098763 0.999267340 0.037781060 0.038557280 -0.514046788 -0.029274693 0.857262731 2.494073868
0.825559437 -0.030205458 0.563506246 1.433555484 0.007328944 0.999056041 0.042814922 0.019529939 -0.564267755 -0.031216361 0.825001657 2.703725576
0.789076507 -0.035879593 0.613246381 1.653566718 0.009724224 0.998897254 0.045930777 0.029904289 -0.614218235 -0.030279545 0.788555324 2.946760178
0.751284301 -0.040311590 0.658746600 1.904617906 0.010642954 0.998743057 0.048979450 0.032320254 -0.659893095 -0.029786477 0.750769138 3.133062363
0.711516857 -0.043709349 0.701308429 2.237586498 0.012078301 0.998676658 0.049988855 0.048997238 -0.702565432 -0.027097296 0.711103439 3.358296156
0.669639885 -0.045662124 0.741281390 2.506391287 0.011112759 0.998612344 0.051474683 0.067937799 -0.742603242 -0.026231812 0.669218421 3.558862686
0.627398610 -0.045999117 0.777338862 2.871188402 0.006760960 0.998537779 0.053631760 0.096405506 -0.778669357 -0.028392935 0.626792550 3.764503717
0.585552573 -0.046743050 0.809285998 3.203845978 0.003785875 0.998482823 0.054931518 0.113356017 -0.810626030 -0.029101437 0.584841549 3.970862389
0.545352995 -0.047765631 0.836844683 3.576477289 0.001590594 0.998432100 0.055952199 0.137055442 -0.838205397 -0.029182630 0.544574261 4.170845509
0.506264329 -0.050712112 0.860886216 3.991170406 0.000772759 0.998295724 0.058352035 0.147157654 -0.862378478 -0.028876310 0.505441129 4.397969723
0.469079375 -0.050406471 0.881716549 4.380189419 -0.002336971 0.998295367 0.058314405 0.178051189 -0.883153379 -0.029414648 0.468162477 4.577186584
0.433110178 -0.049809776 0.899963915 4.849596024 -0.003391906 0.998374701 0.056888834 0.210524619 -0.901335061 -0.027691737 0.432237804 4.759174347
0.399008781 -0.048470009 0.915665388 5.373452187 -0.001919287 0.998555481 0.053694073 0.229728937 -0.916945457 -0.023181843 0.398339838 4.957275867
0.369132012 -0.046689462 0.928203762 5.875123978 0.000103116 0.998739064 0.050196458 0.245054021 -0.929377198 -0.018433407 0.368671983 5.137411594
0.343890518 -0.044698805 0.937945545 6.434608459 0.001074303 0.998884201 0.047209032 0.270032257 -0.939009309 -0.015227098 0.343555391 5.314708710
0.323362023 -0.044097919 0.945247471 7.030378342 0.002377911 0.998947978 0.045789722 0.297470123 -0.946272612 -0.012558934 0.323127240 5.486910820
0.308474720 -0.044706892 0.950181544 7.595985413 0.003533558 0.998941600 0.045853950 0.331928611 -0.951226234 -0.010787254 0.308306664 5.681267738
0.296285748 -0.046182100 0.953982472 8.204614639 0.004342007 0.998884857 0.047007315 0.346609384 -0.955089748 -0.009785390 0.296156287 5.860370159
0.286126584 -0.048184715 0.956979752 8.844606400 0.003147554 0.998776674 0.049348172 0.380542606 -0.958187044 -0.011107660 0.285928369 6.048313141
0.275325954 -0.049584202 0.960071623 9.506299973 0.000981187 0.998683095 0.051296979 0.400466949 -0.961350858 -0.013181364 0.275012165 6.242558002
0.264809549 -0.051600765 0.962919414 10.196541786 0.000486718 0.998574495 0.053377602 0.442888111 -0.964301109 -0.013666215 0.264457315 6.428478241
0.255907863 -0.053621631 0.965213180 10.923330307 -0.000126411 0.998458683 0.055502098 0.471992046 -0.966701567 -0.014325419 0.255506784 6.622521400
0.244845703 -0.055231314 0.967987835 11.654308319 -0.000796084 0.998364508 0.057165928 0.504501581 -0.969562173 -0.014767413 0.244401380 6.788678169
0.233692706 -0.056295507 0.970679700 12.405087471 -0.001576127 0.998299301 0.058276817 0.531188607 -0.972309649 -0.015148763 0.233206615 6.947905064
0.224186718 -0.059504084 0.972728133 13.166961670 -0.002340576 0.998098612 0.061595526 0.576624334 -0.974543810 -0.016085619 0.223621175 7.137176991
0.212988764 -0.062742263 0.975038230 13.960469246 -0.004434100 0.997863710 0.065179683 0.618199646 -0.977044940 -0.018205935 0.212255567 7.300507545
0.200113073 -0.067269213 0.977460921 14.786465645 -0.004055806 0.997574806 0.069483832 0.678077102 -0.979764879 -0.017868994 0.199354962 7.446173191
0.187787667 -0.069696002 0.979733884 15.534328461 -0.005265019 0.997393608 0.071961448 0.718988419 -0.982195914 -0.018671777 0.186931282 7.600696564
0.173483267 -0.070277795 0.982326210 16.363142014 -0.005911062 0.997358561 0.072397187 0.755988717 -0.984819472 -0.018366279 0.172609583 7.726428032
0.159364194 -0.069236547 0.984789073 17.144685745 -0.007692964 0.997420549 0.071369551 0.795756996 -0.987190366 -0.018949682 0.158420444 7.848351955
0.142756149 -0.068039112 0.987416685 17.942443848 -0.008598897 0.997511864 0.069977947 0.823592365 -0.989720941 -0.018480474 0.141815841 7.991009712
0.121530488 -0.066670761 0.990346372 18.777225494 -0.011073540 0.997588873 0.068517260 0.858623862 -0.992526352 -0.019293567 0.120499142 8.075175285
0.096533142 -0.065404527 0.993178844 19.572353363 -0.015417170 0.997621119 0.067195572 0.913454294 -0.995210826 -0.021798600 0.095295131 8.163367271
0.066194788 -0.064790204 0.995701253 20.425672531 -0.019617995 0.997612536 0.066218823 0.952819109 -0.997614205 -0.023916997 0.064765677 8.208715439
0.032976966 -0.064572945 0.997368217 21.258350372 -0.022543961 0.997609019 0.065333962 0.997015893 -0.999202251 -0.024639139 0.031442355 8.206155777
-0.001530422 -0.063716784 0.997967184 22.115636826 -0.024241695 0.997677445 0.063661151 1.033629298 -0.999705434 -0.024094976 -0.003071499 8.205664635
-0.035268914 -0.062642433 0.997412860 22.977235794 -0.025651582 0.997761786 0.061757319 1.065932989 -0.999049008 -0.023407103 -0.036796886 8.159333229
-0.067785211 -0.060951471 0.995836556 23.773237228 -0.028302498 0.997848094 0.059148092 1.093362689 -0.997298777 -0.024175299 -0.069364473 8.119148254
-0.100098245 -0.057848368 0.993294597 24.615520477 -0.029595686 0.998039901 0.055142257 1.145042658 -0.994537592 -0.023877602 -0.101614162 8.034936905
-0.132794902 -0.053086311 0.989721060 25.442108154 -0.027645405 0.998374641 0.049841199 1.169539809 -0.990758300 -0.020742591 -0.134046689 7.904288769
-0.164321750 -0.047887154 0.985243917 26.303472519 -0.022888592 0.998737276 0.044725597 1.191584706 -0.986141503 -0.015201467 -0.165210351 7.753467560
-0.195788801 -0.041691739 0.979759514 27.129138947 -0.016742574 0.999092579 0.039168712 1.194425941 -0.980503440 -0.008734910 -0.196309149 7.519242287
-0.223857909 -0.035528354 0.973974049 27.958276749 -0.010459608 0.999365866 0.034050576 1.209140658 -0.974565983 -0.002564907 -0.224087492 7.354941845
-0.252096295 -0.028335089 0.967287242 28.791631699 -0.001906141 0.999584258 0.028784417 1.234235883 -0.967700601 0.005412645 -0.252045453 7.111024857
-0.277908772 -0.018417869 0.960430801 29.593942642 0.003197060 0.999793291 0.020097818 1.234990358 -0.960602522 0.008655904 -0.277792424 6.863135815
-0.302359372 -0.003814490 0.953186274 30.389039993 0.008156956 0.999945223 0.006589088 1.217194438 -0.953159511 0.009767360 -0.302311778 6.569396496
-0.327997953 0.013164106 0.944586635 31.156454086 0.008758469 0.999902487 -0.010893703 1.176901340 -0.944638252 0.004700008 -0.328081399 6.310097218
-0.353132159 0.027995920 0.935154617 31.938339233 0.008469639 0.999606907 -0.026727132 1.165313840 -0.935535610 -0.001517805 -0.353230596 6.013319492
-0.377083302 0.038510397 0.925378501 32.722614288 0.012914269 0.999256611 -0.036322441 1.138995886 -0.926089764 -0.001746015 -0.377300501 5.683153629
-0.400631607 0.043702267 0.915196538 33.471431732 0.016357189 0.999043822 -0.040545668 1.095911145 -0.916093707 -0.001273850 -0.400963515 5.327246666
-0.423528492 0.042994779 0.904862106 34.208805084 0.018223384 0.999075592 -0.038941707 1.044581771 -0.905699790 -0.000003285 -0.423920602 4.980962753
-0.443900853 0.039632063 0.895199120 34.956363678 0.023144817 0.999195576 -0.032759342 1.027099013 -0.895777345 0.006177305 -0.444461107 4.600975990
-0.461543351 0.038081270 0.886299908 35.685199738 0.029274471 0.999188185 -0.027686868 0.997939348 -0.886634946 0.013167257 -0.462283522 4.176989079
-0.475235641 0.038918614 0.878997147 36.408760071 0.033217885 0.999102890 -0.026276898 0.929018974 -0.879231989 0.016710699 -0.476102203 3.793393850
-0.486683428 0.042157929 0.872560322 37.120635986 0.035530675 0.998963833 -0.028447313 0.865923345 -0.872856259 0.017157815 -0.487677217 3.388361454
-0.495827347 0.045149814 0.867246687 37.804222107 0.037861038 0.998822033 -0.030353600 0.843394995 -0.867596209 0.017784705 -0.496952832 2.973880053
-0.506819546 0.044159088 0.860920370 38.489025116 0.031256650 0.998971760 -0.032839470 0.773347557 -0.861486137 0.010265787 -0.507678926 2.585966587
-0.517879665 0.042952329 0.854374409 39.190368652 0.029427508 0.999042034 -0.032387726 0.768200994 -0.854948044 0.008369151 -0.518647909 2.156483889
-0.526428998 0.044416264 0.849057794 39.873226166 0.032127593 0.998960316 -0.032338392 0.729457915 -0.849612653 0.010254310 -0.527309239 1.728965640
-0.533412933 0.048582338 0.844458282 40.564647675 0.035383265 0.998756766 -0.035108913 0.697933912 -0.845115244 0.011152141 -0.534469426 1.275805235
-0.537045836 0.051975500 0.841950059 41.259452820 0.036374319 0.998598337 -0.038444024 0.662909448 -0.842769086 0.009979160 -0.538184285 0.834155500
-0.536241114 0.053376451 0.842375219 41.964290619 0.035312660 0.998543203 -0.040792480 0.609107375 -0.843326449 0.007871903 -0.537345529 0.368731737
-0.533393621 0.053141657 0.844195962 42.681102753 0.038553581 0.998514473 -0.038496368 0.567654014 -0.844988346 0.012013046 -0.534651160 -0.069731101
-0.528084934 0.051999651 0.847597659 43.427986145 0.036828656 0.998586416 -0.038317103 0.534087479 -0.848392904 0.010981175 -0.529254615 -0.501793623
-0.521194577 0.050562389 0.851938486 44.186309814 0.034905735 0.998670876 -0.037916467 0.490468144 -0.852724075 0.009975668 -0.522267818 -0.958889246
-0.513849616 0.049742512 0.856436610 44.958320618 0.032683231 0.998727679 -0.038397416 0.440537244 -0.857257903 0.008260597 -0.514822602 -1.440060258
-0.507375181 0.048525926 0.860357463 45.758716583 0.030058526 0.998801708 -0.038608178 0.394482166 -0.861201286 0.006272231 -0.508226991 -1.905859828
-0.502963245 0.046401177 0.863061011 46.577026367 0.026104106 0.998917401 -0.038492683 0.348949552 -0.863914013 0.003169009 -0.503631055 -2.370189905
-0.501830757 0.043427296 0.863874733 47.411483765 0.020752544 0.999055386 -0.038167592 0.302009076 -0.864717364 -0.001226096 -0.502259016 -2.833106518
-0.502091229 0.040714495 0.863855481 48.237602234 0.018210685 0.999167264 -0.036507461 0.256641001 -0.864623308 -0.002598706 -0.502415597 -3.312288046
-0.503403187 0.039045274 0.863168657 49.099842072 0.016477855 0.999230444 -0.035590053 0.208482847 -0.863894880 -0.003693009 -0.503660202 -3.803930998
-0.503627002 0.038943820 0.863042712 49.977870941 0.016743064 0.999235630 -0.035318978 0.162016347 -0.863759339 -0.003337655 -0.503895104 -4.309597969
-0.503781259 0.038169399 0.862987220 50.840946198 0.016593141 0.999266446 -0.034510422 0.114293002 -0.863672078 -0.003066092 -0.504046261 -4.817481518
-0.503861368 0.037541814 0.862968087 51.724288940 0.016859248 0.999291956 -0.033628669 0.066661872 -0.863620281 -0.002395250 -0.504138589 -5.329528332
-0.504101396 0.036986634 0.862851858 52.621181488 0.016460309 0.999312282 -0.033219475 0.012913040 -0.863487899 -0.002543234 -0.504364610 -5.853981972
-0.504145145 0.035492748 0.862889111 53.512706757 0.014913760 0.999363780 -0.032392830 -0.030327212 -0.863490462 -0.003461829 -0.504354835 -6.366643906
-0.504281938 0.034059513 0.862867057 54.402877808 0.014470710 0.999414682 -0.030992297 -0.088001922 -0.863418281 -0.003142612 -0.504480600 -6.879831791
-0.503560007 0.032703299 0.863340914 55.287704468 0.013158045 0.999457538 -0.030184671 -0.136196747 -0.863860488 -0.003839974 -0.503718197 -7.397692680
-0.502354085 0.032616146 0.864046514 56.193572998 0.013082366 0.999460638 -0.030121684 -0.180228353 -0.864563644 -0.003828038 -0.502510607 -7.915546894
-0.500396788 0.031096213 0.865237355 57.090255737 0.013702516 0.999514163 -0.027997356 -0.227496296 -0.865688264 -0.002153919 -0.500580490 -8.428894997
-0.497760177 0.029409287 0.866815627 57.976364136 0.014096111 0.999567389 -0.025818687 -0.277271360 -0.867200732 -0.000632843 -0.497960180 -8.937506676
-0.495232582 0.029069310 0.868273497 58.873176575 0.013907413 0.999577284 -0.025532942 -0.328084379 -0.868649721 -0.000569365 -0.495428324 -9.452841759
-0.493201941 0.029562574 0.869411945 59.765556335 0.014721666 0.999562979 -0.025636712 -0.368830025 -0.869790912 0.000155057 -0.493422419 -9.952733040
-0.492134541 0.029847477 0.870006919 60.647979736 0.014644030 0.999554873 -0.026008200 -0.419189006 -0.870396554 -0.000059184 -0.492353141 -10.446272850
-0.493096203 0.031187978 0.869415224 61.535224915 0.014023032 0.999512613 -0.027901547 -0.463686258 -0.869862437 -0.001566370 -0.493293762 -10.935671806
-0.495972604 0.032584041 0.867726266 62.411151886 0.012619207 0.999460936 -0.030317914 -0.517467797 -0.868247092 -0.004086899 -0.496116996 -11.439951897
-0.500129998 0.033208184 0.865312934 63.287551880 0.011392476 0.999430776 -0.031770580 -0.571185827 -0.865875781 -0.006031430 -0.500224113 -11.944225311
-0.505516469 0.031795479 0.862230539 64.166488647 0.011313444 0.999479651 -0.030223625 -0.617730200 -0.862743258 -0.005523812 -0.505613685 -12.461428642
-0.510716975 0.029870603 0.859229386 65.018669128 0.014825076 0.999554157 -0.025936957 -0.652173698 -0.859621584 -0.000508371 -0.510932684 -12.984117508
-0.517103434 0.028770342 0.855438709 65.877754211 0.011991817 0.999580741 -0.026369156 -0.702626407 -0.855839372 -0.003377391 -0.517232418 -13.462338448
-0.521872640 0.030429205 0.852479935 66.723617554 0.012684200 0.999530315 -0.027913036 -0.764702737 -0.852929533 -0.003754100 -0.522014439 -13.982949257
-0.526886046 0.032634944 0.849308610 67.557998657 0.013478658 0.999458313 -0.030042633 -0.813710570 -0.849829495 -0.004381581 -0.527041316 -14.504789352
-0.531404555 0.031272430 0.846540034 68.399803162 0.011254830 0.999491513 -0.029857498 -0.864184618 -0.847043991 -0.006338825 -0.531487048 -15.022937775
-0.535032630 0.031852227 0.844230056 69.218513489 0.010559582 0.999463797 -0.031016821 -0.910150111 -0.844766021 -0.007680378 -0.535082936 -15.540801048
-0.538078785 0.030919420 0.842326701 70.040702820 0.010484731 0.999495804 -0.029990898 -0.972668946 -0.842830002 -0.007305974 -0.538132489 -16.075609207
-0.541463315 0.024413193 0.840369284 70.872062683 0.012465214 0.999702275 -0.021010261 -1.006212831 -0.840632558 -0.000900969 -0.541607141 -16.584838867
-0.542840064 0.017724000 0.839648545 71.703292847 0.013547783 0.999832511 -0.012346428 -1.031599879 -0.839727461 0.004673189 -0.542990088 -17.139759064
-0.544598699 0.015734928 0.838548720 72.527526855 0.013549323 0.999859095 -0.009962065 -1.051907301 -0.838588119 0.005936395 -0.544735849 -17.671478271
-0.545379221 0.020627201 0.837935150 73.331512451 0.013852026 0.999782920 -0.015595508 -1.097712994 -0.838075757 0.003101586 -0.545547247 -18.195932388
-0.546678066 0.024478098 0.836984754 74.136825562 0.013945953 0.999700546 -0.020127889 -1.143655539 -0.837227583 0.000669023 -0.546856403 -18.722961426
-0.547585011 0.030497646 0.836194098 74.927261353 0.020964839 0.999522030 -0.022725543 -1.171945572 -0.836488366 0.005086459 -0.547963321 -19.237062454
-0.547414780 0.032124676 0.836244583 75.715278625 0.024620401 0.999448657 -0.022277357 -1.207662344 -0.836500049 0.008393677 -0.547904611 -19.770591736
-0.546948075 0.028944103 0.836666048 76.512695312 0.024175067 0.999531329 -0.018774468 -1.249596715 -0.836818337 0.009957755 -0.547392249 -20.280569077
-0.546166122 0.023926437 0.837335050 77.325187683 0.022270354 0.999653339 -0.014038296 -1.276655316 -0.837381721 0.010980465 -0.546510518 -20.817092896
-0.545411468 0.018033387 0.837974370 78.117713928 0.020507643 0.999756157 -0.008167100 -1.302483320 -0.837918401 0.012730412 -0.545649290 -21.335304260
-0.544789016 0.011120263 0.838499427 78.926055908 0.011112226 0.999919832 -0.006041134 -1.338742375 -0.838500500 0.006026403 -0.544869840 -21.841293335
-0.543326080 0.005829036 0.839501739 79.749176025 0.002871226 0.999982297 -0.005085003 -1.355160236 -0.839518011 -0.000352478 -0.543334305 -22.339353561
-0.541505814 0.006419791 0.840672731 80.545478821 0.005883606 0.999974549 -0.003846407 -1.382680416 -0.840677559 0.002863277 -0.541530907 -22.846429825
-0.538459122 0.009778650 0.842595160 81.327995300 0.011484175 0.999924362 -0.004265512 -1.405758619 -0.842574537 0.007379658 -0.538531661 -23.363084793
-0.533106923 0.013814002 0.845935285 82.128845215 0.013264769 0.999879658 -0.007968394 -1.420916080 -0.845945060 0.006973081 -0.533226967 -23.860525131
-0.525272310 0.015191640 0.850798786 82.926414490 0.017689299 0.999818921 -0.006931289 -1.451010108 -0.850751400 0.011409180 -0.525446832 -24.354738235
-0.517411292 0.017337110 0.855561495 83.732627869 0.024410855 0.999686301 -0.005494825 -1.492027879 -0.855389655 0.018041870 -0.517673135 -24.856647491
-0.507599115 0.018076424 0.861404240 84.530693054 0.024623515 0.999675512 -0.006468065 -1.505546212 -0.861242235 0.017927581 -0.507880032 -25.311330795
-0.496589363 0.015014655 0.867856205 85.360710144 0.020049306 0.999781728 -0.005824746 -1.533030748 -0.867754936 0.014507371 -0.496782482 -25.768695831
-0.485140353 0.011467208 0.874361575 86.157897949 0.021099163 0.999776065 -0.001405051 -1.554027200 -0.874182582 0.017766619 -0.485274136 -26.220119476
-0.473744512 0.010679984 0.880598009 86.986022949 0.021129491 0.999776185 -0.000758063 -1.569825172 -0.880409718 0.018247429 -0.473864645 -26.658721924
-0.461682469 0.009226782 0.886997700 87.841613770 0.020070769 0.999798417 0.000046748 -1.595989108 -0.886819124 0.017824281 -0.461774945 -27.091732025
-0.449916601 0.012408772 0.892984748 88.635673523 0.025826605 0.999665797 -0.000878784 -1.595349669 -0.892698050 0.022667363 -0.450087160 -27.496978760
-0.437695116 0.014840785 0.899001300 89.473213196 0.024460627 0.999690056 -0.004593788 -1.634325862 -0.898791850 0.019979438 -0.437922776 -27.890569687
-0.425257355 0.026159149 0.904694736 90.345329285 0.028294789 0.999477565 -0.015599572 -1.651231050 -0.904631317 0.018964296 -0.425775737 -28.289743423
-0.413174719 0.029889934 0.910161436 91.143318176 0.027042948 0.999422848 -0.020544879 -1.683388829 -0.910251498 0.016124805 -0.413744897 -28.640632629
-0.401318103 0.026172297 0.915565073 92.020317078 0.024299325 0.999543667 -0.017921753 -1.707368851 -0.915617704 0.015055270 -0.401771307 -29.026060104
-0.389772862 0.021661056 0.920656562 92.845687866 0.023980882 0.999622583 -0.013366252 -1.759139657 -0.920600057 0.016868334 -0.390145600 -29.364639282
-0.379526228 0.022569366 0.924905896 93.672058105 0.021993699 0.999638975 -0.015368043 -1.778803349 -0.924920857 0.014509514 -0.379886299 -29.707796097
-0.372789174 0.026176360 0.927546978 94.520606995 0.016437361 0.999630511 -0.021604268 -1.812572718 -0.927771866 0.007192560 -0.373082370 -30.032909393
-0.367168337 0.032328382 0.929592729 95.372344971 0.010638886 0.999475539 -0.030556515 -1.840493441 -0.930094957 -0.001329605 -0.367320389 -30.360130310
-0.364204854 0.034795266 0.930668712 96.220024109 0.008699415 0.999384582 -0.033959899 -1.879279494 -0.931279421 -0.004272151 -0.364284188 -30.680143356
-0.360773712 0.033719022 0.932043791 97.048095703 0.006831327 0.999414206 -0.033511993 -1.931428313 -0.932629645 -0.005723217 -0.360793412 -30.996580124
-0.355582386 0.033685274 0.934037983 97.914855957 0.005921856 0.999410808 -0.033788409 -1.984756231 -0.934627354 -0.006483395 -0.355572999 -31.316944122
-0.349783957 0.029141665 0.936377466 98.753028870 0.002596583 0.999541819 -0.030137425 -2.026333332 -0.936827779 -0.008110275 -0.349699825 -31.625747681
-0.344421625 0.025489094 0.938469350 99.614166260 0.002374562 0.999651194 -0.026279267 -2.074320555 -0.938813150 -0.006822761 -0.344362408 -31.941665649
-0.338671565 0.022633564 0.940632820 100.474617004 0.001153385 0.999719322 -0.023639964 -2.114612103 -0.940904975 -0.006921342 -0.338602990 -32.236595154
-0.332671404 0.021043038 0.942808270 101.322837830 -0.004321797 0.999705732 -0.023837848 -2.158187866 -0.943033814 -0.012004872 -0.332482874 -32.525238037
-0.326756805 0.020512985 0.944886088 102.155578613 -0.015954349 0.999501407 -0.027215861 -2.187362194 -0.944974780 -0.023968106 -0.326266915 -32.793899536
-0.320194244 0.023991700 0.947048366 103.006607056 -0.013298566 0.999466062 -0.029815748 -2.230810404 -0.947259605 -0.022141306 -0.319704533 -33.077167511
-0.312965214 0.028157588 0.949347377 103.864463806 -0.010967597 0.999385715 -0.033257283 -2.280630350 -0.949702263 -0.020820523 -0.312464476 -33.354007721
-0.306505919 0.026354706 0.951503873 104.707580566 -0.012383858 0.999420762 -0.031671029 -2.317843914 -0.951789379 -0.021490745 -0.306002259 -33.614032745
-0.299578875 0.020972248 0.953840971 105.575569153 -0.013924534 0.999554932 -0.026350670 -2.358958483 -0.953971088 -0.021175994 -0.299153745 -33.874626160
-0.292265743 0.018532103 0.956157565 106.440147400 -0.013792706 0.999625683 -0.023590513 -2.397987843 -0.956238747 -0.020082800 -0.291901022 -34.131076813
-0.285584092 0.022674358 0.958085299 107.301300049 -0.014726889 0.999497235 -0.028044138 -2.437117338 -0.958241642 -0.022118678 -0.285106778 -34.388996124
-0.278966218 0.026259143 0.959941685 108.166465759 -0.014268381 0.999401510 -0.031485010 -2.474968433 -0.960195959 -0.022480175 -0.278424740 -34.632820129
-0.272969425 0.025605815 0.961681664 109.021820068 -0.016877580 0.999363720 -0.031399716 -2.517846823 -0.961875618 -0.024802126 -0.272363633 -34.860332489
-0.265783727 0.024404844 0.963723600 109.891311646 -0.017789137 0.999384582 -0.030213887 -2.564199924 -0.963869512 -0.025174275 -0.265186101 -35.098468781
-0.257772952 0.024844902 0.965885937 110.754386902 -0.014755454 0.999451101 -0.029646114 -2.603398085 -0.966093838 -0.021894151 -0.257264882 -35.324867249
-0.250123262 0.025512179 0.967877626 111.607162476 -0.010579344 0.999520898 -0.029080151 -2.649303913 -0.968157172 -0.017513229 -0.249733478 -35.544487000
-0.243742764 0.025513150 0.969503939 112.468940735 -0.009485311 0.999543130 -0.028688280 -2.691487312 -0.969794750 -0.016188694 -0.243389308 -35.756980896
-0.237216294 0.024378510 0.971150637 113.316482544 -0.016464692 0.999440193 -0.029110307 -2.732343674 -0.971318543 -0.022895236 -0.236682028 -35.945407867
-0.230935156 0.023114687 0.972694218 114.208801270 -0.020125229 0.999390066 -0.028527098 -2.774479628 -0.972762227 -0.026163723 -0.230328977 -36.149044037
-0.225934058 0.024218231 0.973841190 115.094352722 -0.015827136 0.999467373 -0.028527396 -2.807753086 -0.974015296 -0.021858541 -0.225430265 -36.357570648
-0.221126467 0.024254285 0.974943221 115.957565308 -0.014934328 0.999488950 -0.028252102 -2.852303028 -0.975132108 -0.020807518 -0.220651075 -36.554206848
-0.217482924 0.025434541 0.975732386 116.820587158 -0.014253084 0.999470651 -0.029230163 -2.890401125 -0.975961506 -0.020264363 -0.217005163 -36.725826263
-0.211453021 0.024334410 0.977084875 117.690605164 -0.008909249 0.999599934 -0.026823161 -2.930109501 -0.977349043 -0.014377025 -0.211151570 -36.917980194
-0.205467582 0.023001453 0.978393376 118.561744690 -0.001019098 0.999717653 -0.023716729 -2.972617149 -0.978664935 -0.005870174 -0.205386043 -37.114868164
-0.200589865 0.022200540 0.979423523 119.442169189 0.001415810 0.999748051 -0.022371219 -3.018561363 -0.979675770 -0.003100832 -0.200570658 -37.295368195
-0.196526632 0.023966935 0.980205297 120.294136047 0.000359039 0.999702215 -0.024371617 -3.041808605 -0.980499864 -0.004437811 -0.196476609 -37.455345154
-0.192586645 0.025923062 0.980937183 121.187255859 -0.001448249 0.999641478 -0.026701653 -3.082033873 -0.981280267 -0.006563095 -0.192479908 -37.630077362
-0.190873384 0.025240473 0.981289804 122.072967529 -0.003534483 0.999644220 -0.026400045 -3.115809917 -0.981609643 -0.008507494 -0.190716118 -37.791805267
-0.189764276 0.024202403 0.981531024 122.932487488 -0.005244462 0.999655843 -0.025663231 -3.159336329 -0.981817067 -0.010017646 -0.189571887 -37.953365326
-0.188718542 0.021435287 0.981796980 123.814048767 -0.001237738 0.999754846 -0.022065245 -3.188086748 -0.982032061 -0.005379410 -0.188645557 -38.122814178
-0.187815011 0.015996048 0.982073843 124.679031372 -0.000177113 0.999865830 -0.016319690 -3.217773438 -0.982205987 -0.003239099 -0.187786803 -38.276668549
-0.187516823 0.010879719 0.982200801 125.532806396 -0.003929151 0.999921381 -0.011826105 -3.270245790 -0.982255042 -0.006076875 -0.187459216 -38.433265686
-0.186914280 0.016698783 0.982234001 126.405021667 -0.005856609 0.999817729 -0.018112173 -3.294704914 -0.982360303 -0.009138054 -0.186782300 -38.571380615
-0.186269015 0.018834408 0.982317984 127.252151489 -0.007541517 0.999758363 -0.020598806 -3.340766430 -0.982471466 -0.011245162 -0.186081812 -38.752239227
-0.186272860 0.018957403 0.982315004 128.099411011 -0.008690030 0.999741971 -0.020941546 -3.362089634 -0.982461154 -0.012437267 -0.186059922 -38.903099060
-0.185041681 0.018698320 0.982552648 128.959960938 -0.008320463 0.999752283 -0.020592578 -3.398704290 -0.982697070 -0.011985860 -0.184840068 -39.069721222
-0.184509993 0.018238515 0.982661307 129.811645508 -0.006092425 0.999786317 -0.019700281 -3.437637806 -0.982813418 -0.009621765 -0.184359267 -39.232868195
-0.183598787 0.021072887 0.982775331 130.651733398 -0.007063896 0.999715149 -0.022755742 -3.476545811 -0.982977509 -0.011120227 -0.183397412 -39.391387939
-0.183446631 0.022089424 0.982781410 131.493179321 -0.016067544 0.999545634 -0.025465377 -3.502496481 -0.982899845 -0.020462524 -0.183008134 -39.540115356
-0.183128759 0.024118925 0.982792854 132.341934204 -0.020155037 0.999396026 -0.028281935 -3.545268059 -0.982883692 -0.024987578 -0.182531759 -39.675315857
-0.182830453 0.028490631 0.982731342 133.167373657 -0.016625872 0.999346554 -0.032065421 -3.586255312 -0.983005166 -0.022201402 -0.182237089 -39.829078674
-0.182184488 0.028787831 0.982842684 134.005126953 -0.014936869 0.999374151 -0.032040771 -3.629899502 -0.983152211 -0.020518022 -0.181640238 -39.983116150
-0.180766657 0.030283723 0.983059406 134.811050415 -0.015184371 0.999319971 -0.033576719 -3.673593521 -0.983410060 -0.020996789 -0.180183738 -40.116062164
-0.178696051 0.030571742 0.983429015 135.646484375 -0.006525948 0.999457598 -0.032255784 -3.703885555 -0.983883977 -0.012181870 -0.178399429 -40.276256561
-0.174914271 0.026577085 0.984224677 136.475402832 -0.002130810 0.999622345 -0.027371515 -3.756366968 -0.984582722 -0.006884933 -0.174791381 -40.432037354
-0.173240259 0.021648876 0.984641373 137.282775879 0.000781182 0.999760330 -0.021843813 -3.792529583 -0.984880567 -0.003015107 -0.173215494 -40.580707550
-0.169146940 0.021364296 0.985359013 138.111389160 0.004767144 0.999770284 -0.020858394 -3.828277826 -0.985580683 0.001169153 -0.169209823 -40.723514557
-0.164134964 0.026186455 0.986090124 138.913482666 0.003994287 0.999656200 -0.025881836 -3.871016026 -0.986431181 -0.000309451 -0.164183021 -40.854717255
-0.157650724 0.029392576 0.987057447 139.708175659 0.006231739 0.999565721 -0.028769709 -3.902163267 -0.987476766 0.001615465 -0.157765329 -40.978343964
-0.149645388 0.030847745 0.988258421 140.491928101 0.002708935 0.999521196 -0.030789101 -3.934252024 -0.988737524 -0.001930380 -0.149657205 -41.098445892
-0.139928088 0.025869431 0.989823580 141.309371948 0.008126858 0.999653935 -0.024977481 -3.974840879 -0.990129828 0.004549043 -0.140089810 -41.200737000
-0.127552003 0.024444340 0.991530597 142.110778809 0.016394617 0.999610543 -0.022534508 -4.015705109 -0.991697907 0.013381400 -0.127902970 -41.310672760
-0.114373133 0.026830595 0.993075669 142.896255493 0.014675556 0.999570787 -0.025315894 -4.047071934 -0.993330896 0.011678431 -0.114717677 -41.397312164
-0.099738896 0.027920945 0.994621992 143.706420898 0.011214455 0.999573350 -0.026935374 -4.087524414 -0.994951844 0.008467585 -0.100009292 -41.478172302
-0.085824043 0.027863149 0.995920897 144.485839844 0.015880868 0.999518991 -0.026595283 -4.121112823 -0.996185184 0.013533515 -0.086225085 -41.539943695
-0.071864069 0.028655823 0.997002900 145.313400269 0.016637089 0.999481499 -0.027527861 -4.162646294 -0.997277021 0.014608908 -0.072303325 -41.599586487
-0.058020938 0.035256915 0.997692585 146.059356689 0.015656950 0.999284148 -0.034402627 -4.209761143 -0.998193860 0.013624712 -0.058531132 -41.636581421
-0.045396704 0.044831533 0.997962475 146.794509888 0.011231933 0.998951077 -0.044365004 -4.245420933 -0.998907208 0.009194978 -0.045852300 -41.651546478
-0.031963211 0.052811828 0.998092890 147.559036255 0.002139207 0.998603284 -0.052770335 -4.292531967 -0.999488115 0.000448355 -0.032031167 -41.658630371
-0.018506091 0.053869635 0.998376727 148.346237183 0.001762233 0.998546541 -0.053846166 -4.337761402 -0.999828517 0.000762809 -0.018573714 -41.665031433
-0.006749540 0.050421413 0.998705506 149.134796143 0.001546279 0.998726070 -0.050412048 -4.391318798 -0.999977291 0.001203938 -0.006818473 -41.650970459
0.004582305 0.047394499 0.998865902 149.892395020 -0.002001296 0.998873353 -0.047385693 -4.451610565 -0.999988675 -0.001781954 0.004672454 -41.641937256
0.013544521 0.053044651 0.998500526 150.646209717 -0.005848133 0.998577654 -0.052969445 -4.513998985 -0.999892235 -0.005121986 0.013835952 -41.618816376
0.020276781 0.062125210 0.997862577 151.396194458 -0.011001237 0.998019516 -0.061911486 -4.554503441 -0.999734819 -0.009722436 0.020920580 -41.596275330
0.023809200 0.065711424 0.997554839 152.167098999 -0.013942347 0.997760773 -0.065392263 -4.605441093 -0.999620259 -0.012351407 0.024672564 -41.569225311
0.023563519 0.061300565 0.997841418 152.913574219 -0.015880199 0.998013914 -0.060936201 -4.660361767 -0.999597311 -0.014410141 0.024490682 -41.542354584
0.022018330 0.055347174 0.998224497 153.665466309 -0.013667109 0.998388410 -0.055054825 -4.737458229 -0.999665260 -0.012430717 0.022739774 -41.522083282
0.019262072 0.052877564 0.998415291 154.399826050 -0.012616942 0.998532414 -0.052640371 -4.775060177 -0.999735951 -0.011583075 0.019901440 -41.510829926
0.016408755 0.053117704 0.998453557 155.153121948 -0.010394763 0.998541594 -0.052951578 -4.825737953 -0.999812424 -0.009509903 0.016937444 -41.497390747
0.012454371 0.053398497 0.998495698 155.901947021 -0.010971668 0.998518646 -0.053262893 -4.886801243 -0.999863207 -0.010291881 0.013022260 -41.478580475
0.007874386 0.052040689 0.998614073 156.645233154 -0.011543754 0.998581409 -0.051947989 -4.946100235 -0.999903321 -0.011118772 0.008464416 -41.475345612
0.002238654 0.052619115 0.998612225 157.387741089 -0.013536073 0.998523057 -0.052584093 -4.991402149 -0.999906838 -0.013399649 0.002948044 -41.465332031
-0.003581679 0.050784178 0.998703301 158.145553589 -0.013740499 0.998611212 -0.050828781 -5.038557053 -0.999900103 -0.013904816 -0.002878479 -41.467643738
-0.008795695 0.048213519 0.998798311 158.869964600 -0.011925726 0.998759091 -0.048316643 -5.085394859 -0.999891222 -0.012336462 -0.008209390 -41.483154297
-0.014103512 0.047441456 0.998774529 159.603439331 -0.010028820 0.998815179 -0.047584996 -5.131156921 -0.999851286 -0.010687724 -0.013610625 -41.491607666
-0.019733641 0.048101127 0.998647630 160.337814331 -0.011157798 0.998767555 -0.048327390 -5.174809456 -0.999743998 -0.012096462 -0.019172242 -41.506416321
-0.023522533 0.051220313 0.998410463 161.075942993 -0.012305174 0.998594522 -0.051519670 -5.226983547 -0.999648511 -0.013497573 -0.022858828 -41.514438629
-0.025959622 0.052533794 0.998281777 161.777648926 -0.011706551 0.998532116 -0.052851386 -5.280182362 -0.999595463 -0.013058521 -0.025306165 -41.530570984
-0.027836980 0.054605637 0.998119891 162.495742798 -0.011828015 0.998417377 -0.054951780 -5.341109276 -0.999543488 -0.013335546 -0.027146690 -41.555019379
-0.027163271 0.053563893 0.998194933 163.212142944 -0.007294502 0.998524725 -0.053780068 -5.381628036 -0.999605358 -0.008742245 -0.026732113 -41.585754395
-0.023297127 0.049527567 0.998501003 163.939941406 -0.006290613 0.998743594 -0.049686350 -5.436386585 -0.999709845 -0.007438797 -0.022955926 -41.594703674
-0.015871663 0.049163070 0.998664737 164.637619019 -0.004446208 0.998775661 -0.049239185 -5.485981941 -0.999865174 -0.005221836 -0.015633253 -41.606876373
-0.004617335 0.050390422 0.998718977 165.338500977 -0.001385114 0.998726845 -0.050397214 -5.529761314 -0.999989450 -0.001616089 -0.004541244 -41.606452942
0.009520600 0.050571430 0.998675108 166.026062012 0.000591386 0.998718500 -0.050579257 -5.582355022 -0.999955595 0.001072114 0.009478948 -41.587230682
0.024481649 0.048470609 0.998524606 166.725479126 0.000539707 0.998821735 -0.048498254 -5.621107578 -0.999701202 0.001726196 0.024427133 -41.570705414
0.040760405 0.043112479 0.998238564 167.420318604 -0.004891037 0.999063969 -0.042948414 -5.670030117 -0.999158084 -0.003131873 0.040933646 -41.525367737
0.057183437 0.036966104 0.997679234 168.092681885 -0.006788401 0.999304116 -0.036637217 -5.707728386 -0.998341799 -0.004677658 0.057395164 -41.472007751
0.074171312 0.029787181 0.996800721 168.773468018 -0.005819460 0.999548018 -0.029436262 -5.738486290 -0.997229755 -0.003617569 0.074311778 -41.413516998
0.092032410 0.022092318 0.995511115 169.454940796 -0.006593029 0.999743700 -0.021576751 -5.772363186 -0.995735466 -0.004577731 0.092155166 -41.338573456
0.109297991 0.016060412 0.993879437 170.112976074 -0.008464537 0.999846578 -0.015225991 -5.798397541 -0.993974268 -0.006748626 0.109417886 -41.257102966
0.127175018 0.013920091 0.991782784 170.785629272 -0.006063281 0.999892116 -0.013256427 -5.816254616 -0.991863012 -0.004327633 0.127246454 -41.167797089
0.144975886 0.013042958 0.989349484 171.427978516 -0.006492045 0.999902606 -0.012230760 -5.842663288 -0.989415288 -0.004649785 0.145047203 -41.061874390
0.162669405 0.012716637 0.986598909 172.072647095 -0.008207471 0.999898255 -0.011534815 -5.862670422 -0.986647844 -0.006221174 0.162758023 -40.940872192
0.178830370 0.012130925 0.983805478 172.729232788 -0.012953686 0.999864817 -0.009974299 -5.868135929 -0.983795941 -0.010960265 0.178964168 -40.816780090
0.192708716 0.008611732 0.981218874 173.326171875 -0.017249247 0.999835253 -0.005387416 -5.898984432 -0.981105745 -0.015887167 0.192826420 -40.666545868
0.205379605 0.004002061 0.978674829 173.956787109 -0.011058193 0.999935865 -0.001768392 -5.912939548 -0.978621304 -0.010459253 0.205411628 -40.526268005
0.216200218 0.002518610 0.976346433 174.592453003 -0.009733940 0.999951124 -0.000424039 -5.931939602 -0.976301849 -0.009412092 0.216215134 -40.391662598
0.225721315 0.006303908 0.974172235 175.192337036 -0.014223737 0.999892294 -0.003174625 -5.953617096 -0.974089265 -0.013139862 0.225787744 -40.237819672
0.234747186 0.013303789 0.971966028 175.796676636 -0.019557388 0.999767065 -0.008960860 -5.977277279 -0.971860945 -0.016905656 0.234953776 -40.073669434
0.243742377 0.023044497 0.969566822 176.377883911 -0.017768126 0.999654472 -0.019292835 -5.988223076 -0.969678402 -0.012524965 0.244068757 -39.921562195
0.252135783 0.029899063 0.967230499 176.962524414 -0.012839804 0.999536455 -0.027550656 -5.990310669 -0.967607975 -0.005472585 0.252403885 -39.771087646
0.258678615 0.028791454 0.965534866 177.584472656 -0.013680298 0.999563038 -0.026141046 -6.015944481 -0.965867937 -0.006446719 0.258960575 -39.599323273
0.264411837 0.021081572 0.964179993 178.178863525 -0.014208720 0.999736011 -0.017962487 -6.030705929 -0.964306533 -0.008950325 0.264642715 -39.422893524
0.268878013 0.010287173 0.963119864 178.787490845 -0.018499875 0.999812007 -0.005514417 -6.056252956 -0.962997854 -0.016334968 0.269018948 -39.242454529
0.271244228 0.001136647 0.962510407 179.386154175 -0.019260373 0.999803901 0.004247048 -6.086678982 -0.962319076 -0.019690387 0.271214038 -39.062061310
0.271886200 0.000063956 0.962329865 179.999664307 -0.016561832 0.999850571 0.004612737 -6.105639935 -0.962188125 -0.017192172 0.271847725 -38.888984680
0.273253202 0.003153679 0.961937308 180.598114014 -0.011979381 0.999926865 0.000124693 -6.100529194 -0.961868584 -0.011557559 0.273271978 -38.732120514
0.275044292 0.002769481 0.961427927 181.196411133 -0.011353782 0.999934077 0.000367667 -6.106104374 -0.961365521 -0.011017039 0.275058597 -38.548629761
0.276575655 0.001302856 0.960991561 181.811126709 -0.011255647 0.999933481 0.001883741 -6.107094288 -0.960927308 -0.011337650 0.276572913 -38.376510620
0.279075176 -0.003466115 0.960263312 182.415435791 -0.012496307 0.999894261 0.007240876 -6.126971245 -0.960189044 -0.014020571 0.279003322 -38.179878235
0.282391697 -0.008799654 0.959259152 183.050094604 -0.010921524 0.999862015 0.012387243 -6.138228416 -0.959238291 -0.013974707 0.282257527 -38.003059387
0.286685497 -0.011888282 0.957951307 183.678924561 -0.009433364 0.999837875 0.015231205 -6.146963120 -0.957979500 -0.013403348 0.286527812 -37.801929474
0.292662144 -0.013325660 0.956123352 184.278442383 -0.007981312 0.999832511 0.016377850 -6.134304047 -0.956183732 -0.012424373 0.292507768 -37.618156433
0.300623089 -0.016649922 0.953598022 184.917968750 -0.006859466 0.999782562 0.019618751 -6.132357121 -0.953719556 -0.012439103 0.300444484 -37.414867401
0.310134947 -0.019170497 0.950499535 185.512893677 -0.003882243 0.999761403 0.021430759 -6.144074917 -0.950685740 -0.010336573 0.309987426 -37.217395782
0.321272284 -0.017080832 0.946832895 186.139511108 -0.005387434 0.999786973 0.019864118 -6.148407459 -0.946972430 -0.011482869 0.321112692 -36.990322113
0.332707226 -0.013324602 0.942936242 186.746673584 -0.006170913 0.999846756 0.016306134 -6.141055584 -0.943010867 -0.011244022 0.332574934 -36.771308899
0.344289690 -0.009795747 0.938812554 187.344436646 -0.007848084 0.999879241 0.013311024 -6.128102779 -0.938831508 -0.011950805 0.344172210 -36.539344788
0.356108218 -0.008843370 0.934403002 187.975143433 -0.006797323 0.999902964 0.012053764 -6.122446060 -0.934420824 -0.010643956 0.356014520 -36.288066864
0.367422163 -0.012034153 0.929976523 188.602996826 -0.006758960 0.999854088 0.015608741 -6.130774021 -0.930030584 -0.012020747 0.367288202 -36.032001495
0.378433317 -0.014225132 0.925519288 189.227294922 -0.006288900 0.999818146 0.017938524 -6.136906147 -0.925608277 -0.012609104 0.378275990 -35.763343811
