0.999999881 -0.000000001 -0.000000000 -0.000000000 -0.000000001 1.000000000 -0.000000001 0.000000000 -0.000000000 -0.000000001 1.000000000 0.000000000
0.999997795 -0.001395091 -0.001490260 -0.017182495 0.001393675 0.999998569 -0.000949323 -0.023146342 0.001491582 0.000947242 0.999998450 0.658727288
0.999976933 -0.001247066 -0.006655550 -0.017447278 0.001230591 0.999996185 -0.002478617 -0.023792468 0.006658616 0.002470368 0.999974787 1.364751220
0.999941230 -0.001034101 -0.010782212 -0.020577772 0.001000758 0.999994695 -0.003097151 -0.024723807 0.010785359 0.003086177 0.999937057 2.086620092
0.999877989 0.000100040 -0.015612993 -0.052228324 -0.000173743 0.999988854 -0.004719176 -0.030437583 0.015612347 0.004721314 0.999866962 2.818454742
0.999796987 -0.000877522 -0.020127036 -0.068546772 0.000780930 0.999988198 -0.004806457 -0.040978663 0.020131016 0.004789765 0.999785900 3.568966389
0.999698520 0.000239470 -0.024554174 -0.095870651 -0.000378858 0.999983847 -0.005672265 -0.053499792 0.024552420 0.005679859 0.999682426 4.327664852
0.999555886 0.003402002 -0.029606318 -0.123805523 -0.003587963 0.999974072 -0.006230309 -0.065773837 0.029584356 0.006333770 0.999542058 5.102882862
0.999403477 0.004911583 -0.034188062 -0.154283598 -0.005107388 0.999971032 -0.005642286 -0.079138167 0.034159362 0.005813532 0.999399424 5.905426502
0.999230266 0.005708660 -0.038811464 -0.178822964 -0.005819574 0.999979317 -0.002745371 -0.091680609 0.038794987 0.002969126 0.999242723 6.706646919
0.999123216 0.003190505 -0.041745055 -0.229002386 -0.003179402 0.999995172 0.000332409 -0.086395748 0.041745905 -0.000199389 0.999128401 7.506037235
0.999000728 0.003329405 -0.044569563 -0.271646887 -0.003319835 0.999994457 0.000288743 -0.099049233 0.044570275 -0.000140490 0.999006331 8.317407608
0.998905957 0.003351258 -0.046644736 -0.320402831 -0.003368497 0.999994397 -0.000290967 -0.102143720 0.046643492 0.000447771 0.998911560 9.140251160
0.998820782 0.001770012 -0.048516493 -0.352389544 -0.001799298 0.999998331 -0.000559952 -0.128370330 0.048515413 0.000646587 0.998822272 9.980089188
0.998719215 0.001122200 -0.050581675 -0.398217648 -0.001126574 0.999999166 -0.000058048 -0.125378281 0.050581552 0.000114953 0.998719931 10.826343536
0.998641491 -0.001634330 -0.052081067 -0.445031196 0.001625365 0.999998689 -0.000214534 -0.144286364 0.052081332 0.000129591 0.998642921 11.681653023
0.998558521 0.000726056 -0.053668059 -0.509125948 -0.000860208 0.999996603 -0.002476617 -0.162371203 0.053666066 0.002519212 0.998555779 12.544755936
0.998463988 0.002135007 -0.055361412 -0.551018834 -0.002407696 0.999985278 -0.004859379 -0.169168845 0.055350218 0.004985208 0.998454511 13.415022850
0.998373687 0.005975793 -0.056694359 -0.620947599 -0.006341022 0.999960124 -0.006264380 -0.180091083 0.056654662 0.006613691 0.998371899 14.290633202
0.998288333 0.007318653 -0.058020875 -0.668620408 -0.007717597 0.999948144 -0.006654699 -0.195448294 0.057969157 0.007091095 0.998293161 15.183490753
0.998213708 0.007074910 -0.059323609 -0.730947256 -0.007393349 0.999959290 -0.005150062 -0.213775620 0.059284769 0.005579461 0.998225510 16.077560425
0.998118997 0.006827566 -0.060922947 -0.778727770 -0.007092431 0.999966145 -0.004132341 -0.233315751 0.060892683 0.004556660 0.998133898 16.991695404
0.998046637 0.006955127 -0.062084228 -0.836231112 -0.007188189 0.999967754 -0.003531402 -0.250316739 0.062057681 0.003970776 0.998064637 17.905614853
0.997987509 0.006485568 -0.063079037 -0.910901427 -0.006766787 0.999967694 -0.004245716 -0.258611351 0.063049488 0.004664007 0.997999489 18.804628372
0.997922003 0.005972535 -0.064155757 -0.966873169 -0.006291925 0.999968588 -0.004777490 -0.282618225 0.064125232 0.005171222 0.997928500 19.738590240
0.997864008 0.005523346 -0.065091021 -1.023453593 -0.005773585 0.999976456 -0.003656992 -0.300913304 0.065069318 0.004024984 0.997872651 20.651048660
0.997877061 0.006084386 -0.064839907 -1.093296051 -0.006075737 0.999981463 0.000330651 -0.304278463 0.064840771 0.000063997 0.997895658 21.569978714
0.997936726 0.007204110 -0.063799731 -1.172365189 -0.006941490 0.999966264 0.004337003 -0.315471828 0.063828863 -0.003885197 0.997953296 22.527893066
0.998042166 0.006709035 -0.062182620 -1.223623633 -0.006283755 0.999955356 0.007032228 -0.324253976 0.062227067 -0.006627728 0.998040080 23.462955475
0.998161912 0.005813685 -0.060323946 -1.293561935 -0.005361971 0.999956131 0.007647335 -0.330809534 0.060365811 -0.007309829 0.998149633 24.393894196
0.998221099 0.006253285 -0.059291784 -1.343985319 -0.005961650 0.999969006 0.005094211 -0.342649639 0.059321851 -0.004731678 0.998227656 25.359516144
0.998262823 0.009524545 -0.058142193 -1.411706924 -0.009504639 0.999954522 0.000618897 -0.365939945 0.058145493 -0.000065205 0.998308122 26.300699234
0.998322606 0.009849534 -0.057049707 -1.475196600 -0.010003702 0.999946892 -0.002417394 -0.373905241 0.057022914 0.002984044 0.998368382 27.272624969
0.998394489 0.006443212 -0.056273516 -1.520819187 -0.006532501 0.999977589 -0.001402876 -0.391099155 0.056263264 0.001768225 0.998414338 28.241079330
0.998402238 0.002726491 -0.056437451 -1.579483390 -0.002544174 0.999991298 0.003302052 -0.390229464 0.056446031 -0.003153196 0.998400509 29.218997955
0.998350739 -0.001026419 -0.057399597 -1.629639149 0.001440025 0.999973178 0.007164846 -0.406383783 0.057390764 -0.007235693 0.998325527 30.186653137
0.998229682 -0.009990782 -0.058630854 -1.680006504 0.010397653 0.999923766 0.006638572 -0.420400053 0.058560114 -0.007236451 0.998257637 31.185153961
0.998153687 -0.010705451 -0.059788484 -1.741755486 0.010882698 0.999937177 0.002639738 -0.428149849 0.059756506 -0.003285530 0.998207569 32.164878845
0.998071253 -0.008013357 -0.061558113 -1.806374907 0.007940593 0.999967456 -0.001426621 -0.448418438 0.061567586 0.000935055 0.998102367 33.140773773
0.997964025 -0.008546681 -0.063203633 -1.878947377 0.008413671 0.999961734 -0.002370383 -0.450243652 0.063221522 0.001833775 0.997997701 34.130779266
0.997898161 -0.009422406 -0.064110734 -1.941102862 0.009412653 0.999955535 -0.000454309 -0.466077954 0.064112209 -0.000150109 0.997942388 35.149345398
0.997838795 -0.007086655 -0.065327063 -2.015489340 0.007274617 0.999970019 0.002639764 -0.471140325 0.065306447 -0.003109297 0.997860193 36.131458282
0.997767210 -0.005481123 -0.066564709 -2.085403442 0.005724713 0.999977708 0.003469268 -0.492424369 0.066544272 -0.003842595 0.997775853 37.156467438
0.997717619 -0.005265703 -0.067318901 -2.158876896 0.005713236 0.999962986 0.006457088 -0.501040399 0.067282461 -0.006826968 0.997710288 38.141838074
0.997720003 -0.005271002 -0.067283772 -2.223353863 0.005938011 0.999935269 0.009717175 -0.521107137 0.067228235 -0.010094561 0.997686267 39.152389526
0.997681677 0.001063089 -0.068041913 -2.306328773 -0.000265253 0.999930978 0.011733461 -0.519617796 0.068049699 -0.011688218 0.997613132 40.164031982
0.997699082 0.000873924 -0.067790039 -2.382797241 -0.000099411 0.999934733 0.011427617 -0.526030600 0.067795627 -0.011394593 0.997633994 41.141208649
0.997690976 0.000833176 -0.067910597 -2.457717896 -0.000162811 0.999951243 0.009876141 -0.539045453 0.067915536 -0.009842288 0.997642398 42.139598846
0.997693896 0.003868461 -0.067762740 -2.524247408 -0.003406347 0.999970257 0.006933740 -0.546100616 0.067787573 -0.006686933 0.997677207 43.150356293
0.997626007 0.003420827 -0.068780303 -2.598820210 -0.002919748 0.999968827 0.007384462 -0.554483533 0.068803430 -0.007166120 0.997604430 44.138088226
0.997544587 0.000016281 -0.070033915 -2.670475006 0.000596487 0.999961793 0.008728599 -0.564722896 0.070031419 -0.008748948 0.997506201 45.128105164
0.997480214 -0.000081703 -0.070943333 -2.745532036 0.000759892 0.999954343 0.009532576 -0.566916049 0.070939340 -0.009562472 0.997434616 46.137817383
0.997476041 0.001906796 -0.070975117 -2.817206383 -0.001397323 0.999972999 0.007227089 -0.593639493 0.070986994 -0.007109680 0.997451782 47.088573456
0.997393548 0.004744852 -0.071988672 -2.896111250 -0.004614475 0.999987006 0.001977175 -0.593654275 0.071997143 -0.001639828 0.997403324 48.086711884
0.997370243 0.005751391 -0.072242387 -2.980468512 -0.005688983 0.999983191 0.001069580 -0.610482156 0.072247356 -0.000655785 0.997386456 49.040184021
0.997351885 0.005096286 -0.072544821 -3.046289444 -0.004815039 0.999980092 0.004051195 -0.617862642 0.072564058 -0.003691165 0.997356772 50.012428284
0.997349620 0.000282021 -0.072754234 -3.118072510 0.000300903 0.999967933 0.008001102 -0.638487816 0.072754167 -0.008001793 0.997317672 51.018600464
0.997331440 0.000694376 -0.073002532 -3.190504551 -0.000085939 0.999965608 0.008337331 -0.649469316 0.073005781 -0.008308819 0.997296810 51.968044281
0.997318745 -0.004423086 -0.073041521 -3.259377718 0.004985845 0.999959350 0.007524042 -0.656438291 0.073005252 -0.007868047 0.997300386 52.929275513
0.997281313 -0.005272648 -0.073493913 -3.328571081 0.005725285 0.999965906 0.005949441 -0.681522131 0.073460020 -0.006354045 0.997277796 53.923618317
0.997195423 -0.006239426 -0.074572913 -3.403811455 0.006801809 0.999949932 0.007289623 -0.688147426 0.074523702 -0.007776407 0.997188747 54.847423553
0.997115850 -0.007060896 -0.075559452 -3.473653555 0.007968490 0.999899685 0.011716842 -0.705209672 0.075469136 -0.012285150 0.997072339 55.799076080
0.997015059 -0.011813352 -0.076292008 -3.541614294 0.013115052 0.999776542 0.016583521 -0.705458105 0.076079041 -0.017534602 0.996947467 56.752269745
0.996983707 -0.010532071 -0.076887079 -3.615918398 0.011984060 0.999758005 0.018447690 -0.696517766 0.076674178 -0.019313475 0.996868908 57.701744080
0.996913910 -0.007861705 -0.078103006 -3.704514742 0.009068772 0.999845326 0.015112190 -0.713147759 0.077972099 -0.015773868 0.996830583 58.647251129
0.996799171 -0.004925076 -0.079788223 -3.784660339 0.005534595 0.999957323 0.007419828 -0.714767754 0.079748265 -0.007837687 0.996784091 59.575035095
0.996756077 -0.003993894 -0.080375932 -3.863362312 0.004182907 0.999989033 0.002183358 -0.736813426 0.080366321 -0.002512490 0.996762156 60.491176605
0.996667504 0.001863783 -0.081542872 -3.953684568 -0.001677113 0.999996006 0.002357701 -0.740520895 0.081546918 -0.002213098 0.996666968 61.415000916
0.996597826 0.003285881 -0.082342945 -4.031692982 -0.002847356 0.999980986 0.005442377 -0.755692124 0.082359239 -0.005189409 0.996589124 62.294483185
0.996487200 0.005154525 -0.083579652 -4.114264488 -0.004573346 0.999964297 0.007143629 -0.771385968 0.083613448 -0.006736311 0.996475399 63.176937103
0.996389508 0.006528954 -0.084641777 -4.184985161 -0.005967746 0.999958813 0.006881791 -0.787598610 0.084683180 -0.006351838 0.996387482 64.065109253
0.996261179 0.008459651 -0.085973434 -4.272319794 -0.007818042 0.999939799 0.007797019 -0.795932114 0.086034149 -0.007095745 0.996266663 64.908744812
0.996142983 0.008960250 -0.087281235 -4.346931934 -0.008254487 0.999930561 0.008443738 -0.810371876 0.087350801 -0.007690724 0.996147752 65.766738892
0.996010065 0.009526932 -0.088725574 -4.426694393 -0.008755594 0.999920785 0.009078748 -0.825941503 0.088804990 -0.008265696 0.996014595 66.579833984
0.995908439 0.009393554 -0.089871824 -4.501931667 -0.008515240 0.999912024 0.010151410 -0.831830919 0.089959241 -0.009344605 0.995901704 67.386459351
0.995778680 0.011907422 -0.091006801 -4.580866814 -0.010769924 0.999858081 0.012980079 -0.838958263 0.091148406 -0.011945166 0.995765626 68.212127686
0.995673656 0.013035146 -0.091996081 -4.651039124 -0.011568904 0.999798000 0.016453590 -0.834475458 0.092191935 -0.015318129 0.995623410 68.978042603
0.995433629 0.016868513 -0.093952022 -4.746880531 -0.015164434 0.999708712 0.018822603 -0.848122478 0.094242103 -0.017311949 0.995398462 69.752677917
0.995282352 0.019727690 -0.094989240 -4.820510864 -0.018294349 0.999705911 0.015937066 -0.865785301 0.095275648 -0.014124133 0.995350599 70.514236450
0.995125234 0.019959932 -0.096571706 -4.900352478 -0.019301170 0.999783695 0.007751081 -0.865774810 0.096705429 -0.005849360 0.995296001 71.220344543
0.995024383 0.018366799 -0.097919613 -4.970196724 -0.018278776 0.999831676 0.001796275 -0.878067613 0.097936049 0.000002493 0.995192587 71.945098877
0.994949222 0.019750722 -0.098415345 -5.049915314 -0.019778626 0.999804854 0.000692539 -0.877038777 0.098409764 0.001257445 0.995144784 72.625984192
0.994863629 0.021458492 -0.098919638 -5.119081974 -0.021225734 0.999769330 0.003405214 -0.885147810 0.098969825 -0.001288102 0.995089352 73.302665710
0.994691014 0.022731403 -0.100358531 -5.199056625 -0.022165893 0.999731541 0.006746640 -0.904764533 0.100484863 -0.004486293 0.994928360 73.962318420
0.994628370 0.020596594 -0.101435870 -5.269256592 -0.020361254 0.999787509 0.003355203 -0.921191037 0.101483330 -0.001271836 0.994836271 74.588050842
0.994781971 0.012181750 -0.101290554 -5.315139294 -0.012404201 0.999922276 -0.001566436 -0.937158465 0.101263508 0.002814672 0.994855404 75.193099976
0.994932055 0.007495067 -0.100266956 -5.380797863 -0.008168618 0.999947131 -0.006308559 -0.952246964 0.100214295 0.007095611 0.994940341 75.786682129
0.995217800 0.009631297 -0.097203575 -5.433261871 -0.010329473 0.999925017 -0.006681642 -0.953138947 0.097131871 0.007653711 0.995241880 76.373130798
0.995519161 0.015536376 -0.093271263 -5.498224735 -0.015988458 0.999864280 -0.004101387 -0.960677207 0.093194805 0.005574252 0.995632231 76.946823120
0.995994627 0.013602166 -0.088367686 -5.545548439 -0.013726544 0.999906003 -0.000799753 -0.976442516 0.088348418 0.002009514 0.996087492 77.506256104
0.996489525 0.010710631 -0.083023630 -5.583807468 -0.010456326 0.999939859 0.003497414 -0.987572134 0.083056010 -0.002617033 0.996541440 78.040924072
0.997197628 0.004685470 -0.074658066 -5.608253956 -0.004167525 0.999966860 0.007091933 -1.006278157 0.074688733 -0.006760937 0.997183919 78.589378357
0.997895658 0.008042235 -0.064324595 -5.635615826 -0.007597170 0.999945939 0.007160567 -1.012540340 0.064378545 -0.006656822 0.997903526 79.094085693
0.998691142 0.013645709 -0.049283270 -5.663659096 -0.013333448 0.999889493 0.006659628 -1.018704772 0.049368609 -0.005993812 0.998762667 79.600952148
0.999331713 0.019512350 -0.030895919 -5.682429314 -0.019302676 0.999789298 0.007070995 -1.024895191 0.031027298 -0.006469912 0.999497652 80.094322205
0.999792635 0.018258717 -0.008973627 -5.662146568 -0.018196030 0.999810338 0.007020771 -1.034414172 0.009100034 -0.006856045 0.999935150 80.556472778
0.999771118 0.012913959 0.017033044 -5.642431736 -0.013054186 0.999882162 0.008146474 -1.046893835 -0.016925922 -0.008366977 0.999821842 81.037971497
0.998841643 0.011935394 0.046605729 -5.590777397 -0.012405403 0.999875486 0.009808259 -1.048467636 -0.046482939 -0.010375075 0.998865247 81.476623535
0.996760607 0.011796460 0.079550989 -5.524902821 -0.012742044 0.999854505 0.011389198 -1.054974675 -0.079405122 -0.012365961 0.996765733 81.921600342
0.993041217 0.010465031 0.117303744 -5.464540005 -0.011901970 0.999863029 0.011555688 -1.055256963 -0.117166646 -0.012871434 0.993028581 82.380844116
0.987269938 0.010131479 0.158728331 -5.385466576 -0.012136292 0.999858916 0.011666097 -1.063927412 -0.158587798 -0.013443977 0.987253368 82.782272339
0.978909075 0.009758813 0.204061359 -5.276502132 -0.012354784 0.999858677 0.011451316 -1.062770963 -0.203920811 -0.013730949 0.978891134 83.189918518
0.967501521 0.010116727 0.252661377 -5.128956795 -0.013014275 0.999867857 0.009799421 -1.058976173 -0.252528876 -0.012769178 0.967505038 83.634971619
0.952114642 0.010310834 0.305565566 -4.991902828 -0.013351856 0.999880493 0.007863764 -1.078541040 -0.305447966 -0.011567092 0.952138424 83.978111267
0.932656348 0.010370360 0.360615462 -4.770599842 -0.013228073 0.999898195 0.005457172 -1.083108425 -0.360522151 -0.009859936 0.932698429 84.410018921
0.908559263 0.010490933 0.417623103 -4.606549263 -0.013115865 0.999908686 0.003415907 -1.089595199 -0.417549163 -0.008581062 0.908613861 84.710609436
0.879934907 0.010311750 0.474981099 -4.386561394 -0.012388679 0.999922931 0.001242729 -1.077391386 -0.474931806 -0.006977927 0.879994988 85.035423279
0.846979439 0.009684057 0.531534612 -4.078680515 -0.010269983 0.999945760 -0.001853227 -1.109635949 -0.531524539 -0.003889215 0.847034395 85.368591309
0.810281813 0.009107440 0.585968733 -3.865739107 -0.008989580 0.999955118 -0.003110997 -1.112473369 -0.585970819 -0.002746845 0.810327590 85.603179932
0.770738661 0.008734179 0.637090623 -3.535754919 -0.008838509 0.999956727 -0.003016253 -1.141145825 -0.637089491 -0.003306206 0.770782828 85.934822083
0.728110194 0.008105331 0.685411334 -3.292708635 -0.009496083 0.999953747 -0.001737302 -1.135011077 -0.685393810 -0.005243794 0.728153825 86.116928101
0.683049619 0.006173355 0.730345130 -2.982459068 -0.007910660 0.999968529 -0.001054011 -1.130695581 -0.730328619 -0.005057589 0.683077276 86.336349487
0.636638522 0.003697490 0.771152854 -2.607558489 -0.004130090 0.999990880 -0.001385051 -1.135966063 -0.771150947 -0.002303170 0.636648178 86.615020752
0.589953601 0.001527939 0.807435155 -2.323553085 0.000604927 0.999997377 -0.002334327 -1.181832790 -0.807436585 0.001865567 0.589951277 86.730903625
0.543355942 0.003057587 0.839496374 -1.963760972 -0.000454261 0.999994576 -0.003348136 -1.175927639 -0.839502096 0.001437861 0.543354511 86.955589294
0.496110409 0.005157245 0.868243635 -1.663624287 -0.003045360 0.999986827 -0.004199680 -1.159930110 -0.868254006 -0.000560627 0.496119618 87.048599243
0.450527549 0.006776141 0.892737567 -1.304722786 -0.003753976 0.999977112 -0.005695667 -1.181832790 -0.892754614 -0.000785292 0.450541943 87.223861694
0.407999963 0.005441851 0.912965357 -0.907455444 0.003589786 0.999965250 -0.007564687 -1.182110786 -0.912974894 0.006363727 0.407966346 87.386154175
0.368710667 -0.002783826 0.929539680 -0.577385962 0.017457653 0.999840140 -0.003930382 -1.224683404 -0.929380357 0.017676737 0.368700475 87.436233521
0.333140463 -0.006667054 0.942853391 -0.217079908 0.023170257 0.999731183 -0.001117559 -1.231077552 -0.942592621 0.022218440 0.333205551 87.523078918
0.299686164 -0.002955392 0.954033017 0.178270236 0.020697365 0.999780238 -0.003404466 -1.239053488 -0.953813493 0.020766219 0.299681574 87.628082275
0.268689811 0.005115508 0.963212967 0.508605897 0.009724465 0.999920666 -0.008023116 -1.232212543 -0.963177919 0.011522436 0.268618882 87.718978882
0.240142822 0.009882110 0.970686972 0.906886816 0.004461984 0.999926567 -0.011283658 -1.231903195 -0.970727563 0.007040854 0.240081176 87.800224304
0.214128882 0.010853547 0.976743996 1.305045009 0.006143443 0.999903619 -0.012457690 -1.246734023 -0.976786733 0.008668118 0.214042217 87.874588013
0.190766782 0.011771522 0.981564522 1.701082826 0.013273868 0.999805987 -0.014570058 -1.260037303 -0.981545925 0.015808612 0.190573603 87.930839539
0.170332909 0.017438244 0.985231996 2.085773468 0.020691521 0.999559939 -0.021269122 -1.277579784 -0.985169470 0.024008755 0.169897199 87.981834412
0.150512785 0.024560867 0.988302767 2.532546520 0.022103544 0.999358058 -0.028201854 -1.264853954 -0.988361120 0.026089706 0.149873376 88.027549744
0.132807791 0.025589466 0.990811229 2.958034039 0.019950727 0.999395370 -0.028485352 -1.278133631 -0.990941107 0.023550458 0.132217064 88.085494995
0.117339462 0.021745725 0.992853463 3.405428171 0.018892767 0.999530613 -0.024124790 -1.297763705 -0.992912292 0.021588515 0.116873637 88.134277344
0.102719821 0.018284889 0.994542897 3.904734850 0.018727921 0.999618530 -0.020312510 -1.311546206 -0.994533539 0.020712152 0.102337927 88.174217224
0.089681961 0.015646551 0.995847285 4.379769325 0.020819418 0.999628961 -0.017580876 -1.324079514 -0.995752931 0.022309633 0.089323036 88.219177246
0.077927731 0.014724176 0.996849954 4.877027035 0.025301084 0.999539912 -0.016741790 -1.342815995 -0.996638000 0.026526026 0.077519439 88.238082886
0.067689195 0.015200114 0.997590363 5.391320705 0.028048968 0.999459863 -0.017131794 -1.358842373 -0.997312129 0.029141007 0.067226402 88.267517090
0.059766553 0.015740128 0.998086870 5.922275543 0.029769676 0.999402761 -0.017543489 -1.377969742 -0.997769058 0.030761275 0.059262697 88.284698486
0.053768948 0.016268630 0.998420537 6.465430737 0.032011103 0.999325216 -0.018007299 -1.387158275 -0.998040378 0.032928742 0.053211991 88.315925598
0.048101440 0.017025946 0.998697042 7.019129276 0.032125339 0.999311149 -0.018583706 -1.402504325 -0.998325884 0.032977361 0.047521431 88.348258972
0.042412013 0.017883666 0.998941064 7.617730618 0.032626439 0.999281943 -0.019275019 -1.419927716 -0.998566926 0.033409275 0.041797895 88.359817505
0.038157284 0.017836403 0.999112308 8.212627411 0.035238892 0.999194860 -0.019183690 -1.436017990 -0.998650372 0.035939578 0.037498128 88.381477356
0.035004467 0.017862136 0.999226034 8.839491844 0.036379438 0.999154747 -0.019135263 -1.451995134 -0.998725653 0.037021168 0.034325447 88.398109436
0.031928610 0.017673803 0.999333620 9.485019684 0.037251547 0.999127805 -0.018860355 -1.468937039 -0.998796046 0.037828881 0.031242494 88.414848328
0.029496616 0.016918438 0.999422550 10.135417938 0.039301299 0.999063790 -0.018072328 -1.485076666 -0.998791575 0.039811548 0.028803928 88.431518555
0.028641565 0.016640557 0.999450862 10.806585312 0.043230936 0.998905063 -0.017870357 -1.508294225 -0.998654664 0.043719001 0.027890923 88.441062927
0.029409992 0.016458396 0.999431670 11.500806808 0.046291023 0.998769104 -0.017809682 -1.529111981 -0.998495162 0.046788462 0.028612019 88.459419250
0.032030314 0.016002510 0.999357224 12.210909843 0.048851240 0.998651505 -0.017556908 -1.542866230 -0.998293161 0.049382273 0.031205762 88.484542847
0.035671316 0.016029280 0.999234736 12.945171356 0.050182447 0.998581052 -0.017810240 -1.563691497 -0.998103082 0.050779339 0.034816425 88.515800476
0.039844595 0.015911147 0.999078810 13.682512283 0.051127415 0.998530746 -0.017941451 -1.584069014 -0.997897208 0.051795170 0.038972676 88.549919128
0.043987151 0.013725079 0.998937488 14.448159218 0.052820168 0.998474956 -0.016044602 -1.604485154 -0.997635007 0.053469785 0.043195222 88.581504822
0.048089352 0.012261398 0.998768806 15.219995499 0.052647769 0.998503447 -0.014793084 -1.616543770 -0.997454047 0.053294215 0.047371652 88.616271973
0.052111264 0.010675884 0.998583972 15.993892670 0.049765266 0.998672605 -0.013273835 -1.633411765 -0.997400582 0.050386496 0.051510911 88.663185120
0.056337230 0.009644669 0.998364985 16.799591064 0.047915597 0.998774827 -0.012352479 -1.651836395 -0.997261524 0.048533142 0.055806201 88.715972900
0.060269505 0.010432127 0.998127282 17.608034134 0.045637127 0.998870730 -0.013195579 -1.675966859 -0.997138560 0.046346933 0.059725475 88.770301819
0.063300133 0.013850122 0.997896791 18.423387527 0.042690825 0.998950720 -0.016572736 -1.709790230 -0.997082055 0.043650169 0.062642902 88.833099365
0.065378577 0.018353276 0.997691393 19.238433838 0.039001107 0.999019742 -0.020933442 -1.729237676 -0.997098386 0.040279642 0.064598814 88.905036926
0.065090589 0.022104451 0.997634113 20.055660248 0.034486562 0.999107420 -0.024387162 -1.764497995 -0.997283638 0.035992317 0.064270295 88.959526062
0.065350883 0.022008138 0.997619212 20.890336990 0.032645110 0.999174237 -0.024180913 -1.789818525 -0.997328639 0.034147598 0.064578593 89.023857117
0.064961955 0.020313878 0.997681856 21.706712723 0.029401502 0.999319375 -0.022261666 -1.818412304 -0.997454286 0.030779371 0.064320259 89.081672668
0.064835504 0.019026697 0.997714221 22.531694412 0.030091677 0.999325931 -0.021012908 -1.851847172 -0.997442663 0.031385224 0.064219378 89.133201599
0.065048240 0.018408671 0.997712076 23.351627350 0.027833987 0.999407053 -0.020254649 -1.883038759 -0.997494340 0.029087776 0.064497419 89.197525024
0.065268032 0.018195981 0.997701585 24.168872833 0.026618110 0.999445796 -0.019969108 -1.914680243 -0.997513175 0.027860219 0.064747654 89.251098633
0.065308638 0.018996017 0.997682869 24.986808777 0.022757754 0.999530017 -0.020520896 -1.948312998 -0.997606575 0.024045218 0.064846143 89.317184448
0.064183913 0.020212209 0.997733116 25.804433823 0.019241882 0.999583602 -0.021487523 -1.983448505 -0.997753024 0.020577351 0.063768387 89.378021240
0.061339788 0.020091405 0.997914493 26.624526978 0.016800156 0.999634564 -0.021158714 -2.012986422 -0.997975945 0.018062923 0.060979962 89.440567017
0.057639144 0.018865230 0.998158932 27.436496735 0.014630820 0.999697626 -0.019739179 -2.043585539 -0.998230696 0.015741570 0.057345819 89.489807129
0.052443497 0.016342413 0.998491168 28.257444382 0.012140076 0.999781430 -0.017001197 -2.065930128 -0.998549759 0.013013251 0.052233387 89.536384583
0.046198919 0.013928433 0.998835027 29.072000504 0.011503759 0.999828696 -0.014474380 -2.092816114 -0.998866320 0.012158993 0.046030890 89.583122253
0.038757391 0.014071560 0.999149442 29.882907867 0.010953420 0.999834418 -0.014506103 -2.125286818 -0.999188900 0.011506259 0.038596947 89.616729736
0.029749833 0.014918283 0.999445915 30.686120987 0.009479758 0.999839187 -0.015206339 -2.151375294 -0.999512672 0.009926828 0.029603731 89.649429321
0.020069921 0.015484348 0.999677718 31.492324829 0.009639129 0.999830425 -0.015680216 -2.179963112 -0.999753058 0.009950706 0.019917658 89.657218933
0.009793219 0.014617540 0.999845326 32.295223236 0.009701377 0.999844491 -0.014712563 -2.205933809 -0.999905348 0.009843901 0.009649971 89.667205811
-0.001094690 0.013757839 0.999904811 33.100292206 0.009348495 0.999861598 -0.013747020 -2.229669571 -0.999956012 0.009332499 -0.001223075 89.669090271
-0.012166528 0.012795627 0.999844968 33.882625580 0.010936724 0.999859691 -0.012662767 -2.253625631 -0.999865949 0.010780865 -0.012304947 89.651901245
-0.023127872 0.012832150 0.999650061 34.672039032 0.011011204 0.999859929 -0.012580099 -2.278976440 -0.999672174 0.010716337 -0.023265867 89.636985779
-0.034220401 0.013211608 0.999326885 35.461853027 0.011174985 0.999854803 -0.012835925 -2.304002285 -0.999352038 0.010728149 -0.034363016 89.603950500
-0.044664130 0.014467699 0.998896360 36.220245361 0.010905825 0.999842227 -0.013993743 -2.336139441 -0.998943388 0.010268753 -0.044814620 89.566711426
-0.055212725 0.015691113 0.998351276 36.987442017 0.011451527 0.999820352 -0.015080897 -2.363882065 -0.998409152 0.010599934 -0.055382460 89.520675659
-0.064810686 0.016329901 0.997763932 37.760082245 0.011683033 0.999809682 -0.015604506 -2.388632298 -0.997829318 0.010645518 -0.064989112 89.473815918
-0.074468061 0.016566625 0.997086763 38.506210327 0.012782475 0.999795437 -0.015656998 -2.414500237 -0.997140825 0.011579194 -0.074664719 89.417709351
-0.083947994 0.017205020 0.996321559 39.251907349 0.012660098 0.999788284 -0.016198179 -2.441445112 -0.996389925 0.011253678 -0.084148027 89.357254028
-0.092519097 0.016428502 0.995575249 39.995136261 0.012462374 0.999804378 -0.015340162 -2.465725660 -0.995633125 0.010987925 -0.092705727 89.287162781
-0.099885866 0.015535234 0.994877517 40.730728149 0.015001324 0.999787688 -0.014105774 -2.491940975 -0.994885981 0.013515472 -0.100097701 89.205421448
-0.105197869 0.013872800 0.994354367 41.449077606 0.019434493 0.999740064 -0.011891867 -2.515864611 -0.994261563 0.018073738 -0.105440117 89.124771118
-0.108820155 0.011948678 0.993988454 42.171905518 0.021451186 0.999722719 -0.009669144 -2.538351774 -0.993830919 0.020270066 -0.109046184 89.041435242
-0.111965120 0.010710971 0.993654311 42.854160309 0.023632362 0.999687374 -0.008113110 -2.560470343 -0.993431330 0.022573985 -0.112183228 88.954856873
-0.113687061 0.010281075 0.993463397 43.547119141 0.024338763 0.999674797 -0.007560150 -2.585851192 -0.993218720 0.023320144 -0.113900304 88.877441406
-0.114488102 0.010314831 0.993372321 44.224597931 0.024152907 0.999679029 -0.007596682 -2.599939823 -0.993130744 0.023122989 -0.114700593 88.814163208
-0.113594174 0.010943233 0.993467033 44.887287140 0.024318485 0.999669969 -0.008230961 -2.621067762 -0.993230045 0.023224583 -0.113822818 88.744338989
-0.110837735 0.012433777 0.993760765 45.528968811 0.025816374 0.999619901 -0.009627698 -2.644577026 -0.993503630 0.024588145 -0.111116610 88.660011292
-0.105505385 0.012979802 0.994334042 46.147945404 0.026156008 0.999604642 -0.010273285 -2.663409233 -0.994075119 0.024923883 -0.105803192 88.612480164
-0.097881526 0.013566635 0.995105624 46.755218506 0.025594117 0.999610245 -0.011110541 -2.682438612 -0.994869351 0.024381295 -0.098190606 88.552886963
-0.086712249 0.013917299 0.996135056 47.338542938 0.024593208 0.999627173 -0.011825260 -2.694416046 -0.995931029 0.023472797 -0.087022036 88.515846252
-0.073082864 0.014143798 0.997225642 47.906856537 0.024207370 0.999629438 -0.012403836 -2.720397472 -0.997032583 0.023233660 -0.073398165 88.489112854
-0.055936117 0.015333776 0.998316646 48.453479767 0.023228427 0.999630868 -0.014052471 -2.735683441 -0.998164654 0.022403240 -0.056271631 88.464103699
-0.034605216 0.018083254 0.999237478 48.996810913 0.021850206 0.999610424 -0.017333301 -2.761746168 -0.999162614 0.021233678 -0.034986820 88.473754883
-0.010169418 0.021160804 0.999724388 49.530384064 0.019296274 0.999593496 -0.020961748 -2.780233145 -0.999762535 0.019077741 -0.010573539 88.486053467
0.018088197 0.022876598 0.999574661 50.035476685 0.017373629 0.999579430 -0.023191098 -2.797559500 -0.999685824 0.017785680 0.017683234 88.509552002
0.050708260 0.022054847 0.998471022 50.554107666 0.014725549 0.999630272 -0.022828311 -2.821779966 -0.998604417 0.015860513 0.050364446 88.569938660
0.088493787 0.020115843 0.995873690 51.063621521 0.013700016 0.999676287 -0.021410044 -2.840519905 -0.995982766 0.015538090 0.088189736 88.642524719
0.130493566 0.016799344 0.991306841 51.556503296 0.013049222 0.999740064 -0.018660033 -2.860385180 -0.991363525 0.015370750 0.130240664 88.737884521
0.175006896 0.011981406 0.984494328 52.054809570 0.008925756 0.999864876 -0.013755142 -2.885305643 -0.984526932 0.011194551 0.174876601 88.860061646
0.222777531 0.008786523 0.974829733 52.551216125 0.005029279 0.999935091 -0.010162148 -2.901303291 -0.974856496 0.007166536 0.222719163 89.011230469
0.273876399 0.007029002 0.961739242 53.013023376 0.001116738 0.999969661 -0.007626432 -2.916645527 -0.961764395 0.003162655 0.273860604 89.172973633
0.327502877 0.007074831 0.944823682 53.470020294 0.000420019 0.999970138 -0.007633358 -2.918542624 -0.944850266 0.002896737 0.327490509 89.388717651
0.385009170 0.007176147 0.922883749 53.905788422 0.002281139 0.999958694 -0.008727100 -2.943182945 -0.922910571 0.005465228 0.384978324 89.616691589
0.445077240 0.010033548 0.895436049 54.304550171 0.003973878 0.999904513 -0.013179364 -2.954469442 -0.895483553 0.009424143 0.444995433 89.841499329
0.503804922 0.013867772 0.863706172 54.697933197 0.005737792 0.999794662 -0.019399719 -2.970266819 -0.863798559 0.014729400 0.503622532 90.148818970
0.562046885 0.018479973 0.826898932 55.059013367 0.001595688 0.999723613 -0.023426950 -2.984040499 -0.827104032 0.014486477 0.561862707 90.409324646
0.617196083 0.021063222 0.786527395 55.404251099 -0.002314580 0.999685228 -0.024955323 -2.995733738 -0.786806107 0.013581804 0.617051184 90.767021179
0.670270264 0.022473635 0.741778016 55.716739655 -0.003761998 0.999630511 -0.026886471 -3.013337612 -0.742107928 0.015230524 0.670106351 91.104843140
0.719458520 0.021045661 0.694216371 55.984527588 -0.004157510 0.999652565 -0.025996499 -3.027682066 -0.694523036 0.015817149 0.719296813 91.445373535
0.764751613 0.017749593 0.644080579 56.276756287 -0.005956284 0.999771655 -0.020479528 -3.057349920 -0.644297719 0.011825378 0.764683545 91.848701477
0.806327641 0.012139587 0.591344535 56.505645752 -0.005154665 0.999894798 -0.013497997 -3.059038877 -0.591446877 0.007835575 0.806306124 92.257064819
0.843382895 0.010069530 0.537218511 56.699512482 -0.007641330 0.999947131 -0.006746667 -3.080785513 -0.537258804 0.001584902 0.843416214 92.640830994
0.874903679 0.007898034 0.484232396 56.897399902 -0.008902914 0.999959350 -0.000224128 -3.076766014 -0.484215319 -0.004115057 0.874939442 93.103187561
0.901400626 0.006945576 0.432927579 57.088600159 -0.010570231 0.999925375 0.005966268 -3.093227148 -0.432855248 -0.009954211 0.901409745 93.540824890
0.922049105 0.009308915 0.386960894 57.226238251 -0.014027496 0.999856889 0.009371632 -3.108441830 -0.386818916 -0.014069280 0.922048628 93.936340332
0.937771499 0.014291513 0.346958905 57.359489441 -0.019613892 0.999736845 0.011833094 -3.097692966 -0.346699089 -0.017902039 0.937805891 94.431076050
0.950037479 0.019752020 0.311510265 57.474216461 -0.024419444 0.999639511 0.011089493 -3.110186815 -0.311179429 -0.018142430 0.950178325 94.883224487
0.959660351 0.021935102 0.280304849 57.583026886 -0.025762197 0.999617636 0.009975759 -3.084734678 -0.279979318 -0.016794702 0.959859490 95.357826233
0.965969324 0.017071821 0.258092672 57.707843781 -0.020637844 0.999724627 0.011113903 -3.115758657 -0.257832289 -0.016062258 0.966056526 95.830291748
0.970149517 0.014310808 0.242085338 57.827774048 -0.017646682 0.999776185 0.011617097 -3.115091324 -0.241865337 -0.015542415 0.970185697 96.320495605
0.973158360 0.017785190 0.229448512 57.923637390 -0.020928163 0.999716818 0.011271724 -3.114017010 -0.229183465 -0.015771199 0.973255873 96.826599121
0.975350499 0.023121377 0.219446793 58.015480042 -0.026189696 0.999594927 0.011083043 -3.103566408 -0.219101980 -0.016557189 0.975561857 97.340499878
0.976548672 0.029251305 0.213300869 58.116901398 -0.032165769 0.999429882 0.010205427 -3.107936621 -0.212881118 -0.016827175 0.976933658 97.860282898
0.976911426 0.037183769 0.210384756 58.211448669 -0.039405003 0.999202430 0.006374465 -3.104075432 -0.209980264 -0.014517588 0.977598250 98.376914978
0.976851225 0.039368771 0.210272983 58.324958801 -0.041171975 0.999143243 0.004203417 -3.119732857 -0.209927335 -0.012763564 0.977633238 98.923461914
0.976431072 0.036810435 0.212667495 58.442989349 -0.037890013 0.999280989 0.001001768 -3.127349138 -0.212477997 -0.009036214 0.977124453 99.458618164
0.975573242 0.037344344 0.216477051 58.573986053 -0.037012819 0.999298751 -0.005586808 -3.135128975 -0.216534168 -0.002562164 0.976272047 100.012130737
0.974594533 0.039469209 0.220471486 58.709716797 -0.038218569 0.999219537 -0.009936754 -3.140369415 -0.220691860 0.001258127 0.975343108 100.572853088
0.973416984 0.042705238 0.225023791 58.829559326 -0.041492097 0.999087095 -0.010119468 -3.149775028 -0.225250810 0.000513674 0.974300921 101.151252747
0.972063124 0.044004269 0.230558008 58.961471558 -0.043740328 0.999022841 -0.006258238 -3.159111500 -0.230608404 -0.004001360 0.973038673 101.745483398
0.970996082 0.041941203 0.235387847 59.112022400 -0.042712647 0.999085128 -0.001822524 -3.167376280 -0.235249266 -0.008284457 0.971899986 102.353607178
0.970224559 0.037668400 0.239253551 59.263858795 -0.039800949 0.999197841 0.004086401 -3.167788267 -0.238908514 -0.013487320 0.970949411 102.974716187
0.969409764 0.034714926 0.242980316 59.423362732 -0.037985731 0.999238968 0.008787737 -3.172956944 -0.242490724 -0.017748792 0.969991684 103.597663879
0.968876243 0.028783254 0.245866343 59.592460632 -0.032225296 0.999430001 0.009987099 -3.184190512 -0.245439157 -0.017599467 0.969252586 104.247985840
0.968755782 0.026732942 0.246571109 59.751358032 -0.029338406 0.999544859 0.006898575 -3.185613394 -0.246274903 -0.013917120 0.969100475 104.877555847
0.968892455 0.026037443 0.246107906 59.922103882 -0.026814189 0.999639571 -0.000194930 -3.195494890 -0.246024698 -0.006410392 0.969242692 105.527435303
0.968989491 0.029942507 0.245280609 60.080112457 -0.029091749 0.999550760 -0.007091649 -3.199862242 -0.245383188 -0.000263973 0.969426394 106.187957764
0.969634414 0.031105783 0.242577896 60.231544495 -0.029341623 0.999509752 -0.010882513 -3.207159758 -0.242797479 0.003434325 0.970070601 106.855224609
0.970322430 0.029954350 0.239951551 60.397766113 -0.029207848 0.999550283 -0.006667251 -3.215471506 -0.240043730 -0.000539150 0.970762253 107.557205200
0.970738411 0.025175644 0.238815293 60.577335358 -0.026118631 0.999657750 0.000784548 -3.230790138 -0.238714188 -0.006999193 0.971064925 108.261001587
0.971446276 0.023566399 0.236085534 60.751102448 -0.025880454 0.999641776 0.006707527 -3.237007141 -0.235843316 -0.012626084 0.971709371 108.991127014
0.971718967 0.028445356 0.234420240 60.909614563 -0.030753285 0.999506950 0.006195063 -3.246011019 -0.234128892 -0.013229133 0.972115815 109.708656311
0.971955240 0.034424644 0.232625991 61.063365936 -0.035830736 0.999354959 0.001820403 -3.245651484 -0.232414156 -0.010104576 0.972565353 110.429267883
0.972780168 0.036194272 0.228885055 61.235095978 -0.036380485 0.999331295 -0.003407050 -3.260000467 -0.228855774 -0.005012710 0.973447800 111.187965393
0.973703384 0.037174623 0.224764958 61.407188416 -0.036586095 0.999306500 -0.006784004 -3.261056900 -0.224861726 -0.001617728 0.974389791 111.934379578
0.974719286 0.032465566 0.221067265 61.575790405 -0.032175943 0.999469459 -0.004911578 -3.270015478 -0.221109495 -0.002325728 0.975246191 112.699890137
0.975469589 0.032134876 0.217775837 61.750938416 -0.032221965 0.999474764 -0.003151967 -3.278589487 -0.217763245 -0.003942586 0.975994110 113.506111145
0.975952983 0.029690385 0.215949401 61.920017242 -0.030390168 0.999537110 -0.000079814 -3.291037321 -0.215852320 -0.006484917 0.976404965 114.293914795
0.976369381 0.024296314 0.214737862 62.095817566 -0.025243212 0.999678910 0.001668147 -3.299261808 -0.214628905 -0.007049477 0.976670682 115.079521179
0.976614177 0.019263064 0.214134753 62.283081055 -0.020429580 0.999784887 0.003235917 -3.316078424 -0.214026928 -0.007535002 0.976799071 115.889045715
0.976717651 0.020126561 0.213576898 62.450466156 -0.021715023 0.999749720 0.005093933 -3.317475557 -0.213421896 -0.009613230 0.976913571 116.690147400
0.976513267 0.025524760 0.213940054 62.621391296 -0.026937034 0.999629080 0.003688418 -3.327029467 -0.213767126 -0.009364774 0.976840138 117.522308350
0.976254523 0.031050446 0.214389920 62.788570404 -0.031843387 0.999491692 0.000245453 -3.334178686 -0.214273840 -0.007066601 0.976748466 118.337257385
0.975722253 0.038821116 0.215543181 62.954216003 -0.039422750 0.999220252 -0.001508571 -3.347611427 -0.215434209 -0.007025437 0.976493359 119.162384033
0.974897981 0.044139173 0.218232781 63.127204895 -0.045056488 0.998982966 -0.000773381 -3.360835791 -0.218045473 -0.009078916 0.975896657 120.006774902
0.974061608 0.046762846 0.221398115 63.307079315 -0.048191238 0.998836458 0.001051613 -3.371470213 -0.221091837 -0.011693871 0.975183189 120.857414246
0.973394692 0.048652504 0.223914355 63.486557007 -0.049961478 0.998750567 0.000181126 -3.382067204 -0.223625705 -0.011363487 0.974608719 121.679443359
0.973066568 0.047242768 0.225630537 63.675292969 -0.048000827 0.998843968 -0.002127930 -3.396595478 -0.225470722 -0.008759915 0.974210799 122.519699097
0.972926617 0.041578393 0.227342546 63.876544952 -0.042224705 0.999104917 -0.002021697 -3.414090633 -0.227223590 -0.007632588 0.973812819 123.359115601
0.973211348 0.035595663 0.227139190 64.082015991 -0.036008846 0.999347568 -0.002325455 -3.429992437 -0.227074280 -0.005915937 0.973859668 124.182991028
0.973045528 0.032526989 0.228307098 64.281982422 -0.032782327 0.999457657 -0.002674684 -3.460932255 -0.228270814 -0.004881919 0.973585665 125.036476135
0.972514689 0.034566477 0.230260983 64.465019226 -0.035432525 0.999370754 -0.000373782 -3.470854521 -0.230129540 -0.007795296 0.973128974 125.865325928
0.972104013 0.036783725 0.231642723 64.660430908 -0.039325468 0.999204159 0.006363133 -3.474824190 -0.231225431 -0.015295178 0.972780585 126.717735291
0.971619844 0.040552750 0.233045280 64.854629517 -0.043778569 0.999002278 0.008684363 -3.467123270 -0.232461110 -0.018640384 0.972427309 127.563880920
0.971360683 0.040028457 0.234212607 65.043922424 -0.041936550 0.999113977 0.003170405 -3.484608650 -0.233878732 -0.012901764 0.972180367 128.383117676
0.971659899 0.036526345 0.233543023 65.241905212 -0.034859903 0.999327540 -0.011260385 -3.505039692 -0.233797804 0.002799915 0.972281396 129.206527710
