1.000000000 0.000000001 0.000000000 0.000000000 0.000000001 0.999999881 0.000000000 -0.000000000 0.000000000 0.000000000 1.000000000 -0.000000000
0.999042273 -0.001047842 0.043741655 0.041799180 0.001149524 0.999996603 -0.002299472 -0.020546079 -0.043739103 0.002347552 0.999040186 1.003344774
0.995954394 -0.004874285 0.089727916 0.124190271 0.005516869 0.999960840 -0.006914855 -0.046574108 -0.089690685 0.007381900 0.995942295 2.034171343
0.990956128 -0.005161818 0.134086743 0.276749432 0.006715318 0.999915421 -0.011136092 -0.106991380 -0.134017915 0.011935817 0.990906954 2.980915070
0.983491182 -0.003317293 0.180924416 0.441216558 0.005915482 0.999886692 -0.013822900 -0.092679709 -0.180858105 0.014664961 0.983399808 3.997511148
0.973972142 -0.005789924 0.226592913 0.668748915 0.009052623 0.999869525 -0.013362447 -0.131548837 -0.226485983 0.015065917 0.973897874 4.960305691
0.962256908 -0.007126927 0.272048324 0.936058402 0.011353560 0.999837756 -0.013965421 -0.161109880 -0.271904677 0.016527047 0.962182224 5.899127007
0.948615491 -0.010012139 0.316271812 1.240908146 0.016260972 0.999720752 -0.017124712 -0.197303310 -0.316012204 0.021387665 0.948513925 6.870200157
0.933402658 -0.011179321 0.358655930 1.603891850 0.018840864 0.999662519 -0.017873865 -0.257610887 -0.358335108 0.023440920 0.933298647 7.779587746
0.915937245 -0.011747916 0.401148856 1.998618841 0.021396434 0.999579012 -0.019580811 -0.250643104 -0.400750011 0.026517965 0.915803552 8.676828384
0.896255970 -0.012514067 0.443360090 2.440081358 0.022837909 0.999577582 -0.017953418 -0.310445875 -0.442948252 0.026216283 0.896163702 9.587937355
0.874462306 -0.012569187 0.484930098 2.906634331 0.023253957 0.999600947 -0.016024031 -0.353215009 -0.484535247 0.025288969 0.874405980 10.407520294
0.849801123 -0.012889688 0.526945293 3.432804108 0.024846805 0.999568999 -0.015619664 -0.380363703 -0.526516974 0.026366532 0.849755466 11.299962997
0.824355900 -0.013200058 0.565917253 3.962524414 0.026599113 0.999526978 -0.015432143 -0.413411379 -0.565446317 0.027774498 0.824316978 12.069381714
0.796829700 -0.014427232 0.604031205 4.542737007 0.029582785 0.999447107 -0.015153489 -0.466759294 -0.603479087 0.029943688 0.796816170 12.851322174
0.767521620 -0.014603977 0.640856147 5.177841663 0.031688422 0.999382257 -0.015177487 -0.462133080 -0.640239000 0.031956788 0.767510414 13.617166519
0.737164140 -0.017525211 0.675485849 5.817368031 0.036243688 0.999249458 -0.013627937 -0.524919033 -0.674740314 0.034528147 0.737246573 14.296520233
0.705006897 -0.016825376 0.709000349 6.492831707 0.036682401 0.999244928 -0.012762568 -0.548613608 -0.708250701 0.035005555 0.705092072 14.966307640
0.669867575 -0.016232412 0.742302775 7.236787796 0.038742941 0.999162793 -0.013112986 -0.544112504 -0.741468906 0.037542988 0.669935703 15.647389412
0.635070324 -0.017213622 0.772262096 7.952237129 0.043201774 0.998977900 -0.013259925 -0.615631461 -0.771245241 0.041784111 0.635164976 16.233600616
0.597417831 -0.015798977 0.801773965 8.745430946 0.043893993 0.998950779 -0.013021939 -0.628618300 -0.800727665 0.042972639 0.597484827 16.824569702
0.560445964 -0.014888821 0.828056753 9.511973381 0.047118053 0.998791695 -0.013931763 -0.680323184 -0.826849341 0.046824463 0.560470521 17.322652817
0.521186948 -0.013149115 0.853341103 10.309818268 0.051386990 0.998550117 -0.015998483 -0.706492424 -0.851893783 0.052188877 0.521107316 17.827713013
0.481852651 -0.011827884 0.876172245 11.189570427 0.054273449 0.998391271 -0.016369997 -0.722098053 -0.874569654 0.055440858 0.481719583 18.321054459
0.443612128 -0.013958252 0.896109939 12.025542259 0.059150383 0.998153865 -0.013734177 -0.751568735 -0.894264996 0.059097927 0.443618625 18.730394363
0.406111121 -0.014646889 0.913706124 12.923761368 0.063113876 0.997932792 -0.012054899 -0.797992110 -0.911641538 0.062563211 0.406196207 19.129295349
0.370656788 -0.012545298 0.928685129 13.835485458 0.064757712 0.997823656 -0.012366842 -0.813651562 -0.926509142 0.064723477 0.370662987 19.482332230
0.337318987 -0.013172225 0.941297829 14.737133026 0.065611511 0.997798681 -0.009549336 -0.831810653 -0.939101279 0.064981200 0.337440312 19.803634644
0.303478032 -0.014419009 0.952729225 15.694459915 0.068103656 0.997655690 -0.006594490 -0.848131895 -0.950401068 0.066885710 0.303749055 20.106849670
0.270601034 -0.014515569 0.962581813 16.636079788 0.069124110 0.997597575 -0.004388548 -0.872316480 -0.960206866 0.067725167 0.270953774 20.373952866
0.238375887 -0.011736546 0.971102118 17.606901169 0.066289723 0.997790575 -0.004213008 -0.895385861 -0.968907654 0.065378428 0.238627702 20.609369278
0.206738412 -0.009945948 0.978345335 18.606010437 0.066233784 0.997795701 -0.003852440 -0.900459111 -0.976152062 0.065595955 0.206940904 20.827890396
0.176184148 -0.009572980 0.984310627 19.586553574 0.068139821 0.997671843 -0.002493585 -0.915398896 -0.981995940 0.067510143 0.176426589 21.009658813
0.145366386 -0.009909595 0.989327848 20.606479645 0.069974124 0.997547746 -0.000289654 -0.930517197 -0.986900568 0.069269463 0.145702630 21.156242371
0.114402011 -0.010491628 0.993379235 21.653676987 0.069001772 0.997612238 0.002589785 -0.942878366 -0.991035402 0.068248689 0.114853017 21.286586761
0.085105322 -0.010513211 0.996316254 22.699169159 0.069408953 0.997576654 0.004597628 -0.947302222 -0.993951559 0.068761960 0.085628010 21.378520966
0.057343915 -0.010215047 0.998301983 23.790868759 0.071971282 0.997387111 0.006071568 -0.941233218 -0.995757043 0.071500912 0.057928927 21.426416397
0.032200478 -0.009698422 0.999434292 24.828239441 0.076315895 0.997056484 0.007216550 -0.961042941 -0.996563733 0.076040432 0.032845967 21.483146667
0.009371166 -0.009119143 0.999914110 25.943017960 0.080767252 0.996697068 0.008332884 -0.959472001 -0.996689022 0.080682173 0.010075838 21.485504150
-0.011197370 -0.009479943 0.999892354 27.047065735 0.086228721 0.996219814 0.010410770 -0.966957867 -0.996212542 0.086336084 -0.010337532 21.472763062
-0.029037099 -0.009623526 0.999531686 28.171567917 0.090807237 0.995792508 0.012225564 -0.959832132 -0.995445132 0.091119677 -0.028042004 21.441621780
-0.044687808 -0.009729871 0.998953462 29.293542862 0.093710460 0.995501339 0.013888360 -0.960764408 -0.994596362 0.094233125 -0.043574981 21.392972946
-0.059530169 -0.010317928 0.998172820 30.435062408 0.096200727 0.995231926 0.016024891 -0.958706498 -0.993580282 0.096978918 -0.058254760 21.332525253
-0.072715968 -0.011099862 0.997290790 31.572061539 0.096374743 0.995179117 0.018103397 -0.947124660 -0.992685735 0.097430125 -0.071295701 21.248292923
-0.085039496 -0.010772876 0.996319056 32.730491638 0.096135594 0.995186269 0.018966198 -0.938503623 -0.991729081 0.097394563 -0.083595589 21.157249451
-0.096525460 -0.008253363 0.995296240 33.900424957 0.096220389 0.995203197 0.017584216 -0.935276687 -0.990669072 0.097465158 -0.095268384 21.048171997
-0.106557727 -0.004872346 0.994294167 35.064292908 0.096661568 0.995199502 0.015235962 -0.928174317 -0.989596903 0.097733490 -0.105576359 20.927492142
-0.116100818 -0.002443638 0.993234336 36.282535553 0.097438641 0.995143712 0.013838122 -0.918605447 -0.988446653 0.098386087 -0.115299046 20.783666611
-0.123235285 -0.001180327 0.992376506 37.496917725 0.097188354 0.995176315 0.013252734 -0.905093431 -0.987607181 0.098080553 -0.122527301 20.635698318
-0.129298568 -0.000208096 0.991605520 38.749153137 0.097146355 0.995185077 0.012876081 -0.891793311 -0.986836076 0.097995773 -0.128655955 20.482841492
-0.134505540 0.001126207 0.990911901 40.025466919 0.097855501 0.995124876 0.012151863 -0.887579739 -0.986069620 0.098600574 -0.133961231 20.314224243
-0.138864830 0.002854127 0.990307033 41.261302948 0.097286873 0.995196402 0.010773760 -0.879405439 -0.985521555 0.097839937 -0.138476118 20.141056061
-0.143082082 0.003517210 0.989704728 42.605628967 0.097257502 0.995201826 0.010523829 -0.878498375 -0.984921098 0.097761981 -0.142737776 19.955713272
-0.146090508 0.003169935 0.989265978 43.954582214 0.097343385 0.995186448 0.011186371 -0.879694939 -0.984470665 0.097932689 -0.145696551 19.760873795
-0.148464218 0.000979204 0.988916874 45.297615051 0.097809337 0.995109737 0.013698636 -0.867050946 -0.984069288 0.098758973 -0.147835106 19.557952881
-0.150368080 0.000248896 0.988629937 46.666355133 0.098219648 0.995054901 0.014688469 -0.849589884 -0.983739316 0.099311538 -0.149649575 19.352724075
-0.152956888 0.000339490 0.988233030 48.065242767 0.099713698 0.994899869 0.015091731 -0.854590297 -0.983189762 0.100848794 -0.152210817 19.142618179
-0.153636426 0.000953011 0.988126934 49.451885223 0.100970216 0.994778752 0.014739698 -0.827957511 -0.982955515 0.102035932 -0.152931184 18.940568924
-0.154655516 0.001577476 0.987966776 50.908409119 0.101409227 0.994741023 0.014286259 -0.828232288 -0.982750475 0.102398314 -0.154003352 18.709175110
-0.154485241 0.002313311 0.987992227 52.340801239 0.101966217 0.994693041 0.013614745 -0.798477769 -0.982719541 0.102845073 -0.153901964 18.479187012
-0.153940022 0.003306373 0.988074660 53.828250885 0.101157010 0.994790673 0.012431217 -0.806673944 -0.982888877 0.101864375 -0.153472781 18.256589890
-0.152539387 0.003348516 0.988291323 55.339294434 0.101234235 0.994785488 0.012254648 -0.803456843 -0.983099282 0.101918198 -0.152083606 18.010366440
-0.151293069 0.002620543 0.988484919 56.848995209 0.101534486 0.994747221 0.012903285 -0.782029986 -0.983260751 0.102317385 -0.150765568 17.795732498
-0.149847031 0.002693998 0.988705277 58.384380341 0.101515338 0.994751632 0.012675092 -0.778591812 -0.983484209 0.102268070 -0.149334729 17.561529160
-0.149133399 0.003754345 0.988810241 59.956005096 0.101832643 0.994732022 0.011581692 -0.767274618 -0.983559728 0.102420390 -0.148730278 17.334547043
-0.147802979 0.004510864 0.989006460 61.526824951 0.102009572 0.994724214 0.010707984 -0.765886307 -0.983742237 0.102470741 -0.147483960 17.093671799
-0.147019401 0.004218056 0.989124179 63.141296387 0.102157325 0.994706929 0.010942409 -0.750702024 -0.983844221 0.102654956 -0.146673203 16.857648849
-0.146552697 0.002754579 0.989198804 64.728935242 0.103573121 0.994540751 0.012575219 -0.755355179 -0.983765900 0.104297310 -0.146038532 16.637556076
-0.146040767 0.001665310 0.989277065 66.382453918 0.105937973 0.994273186 0.013965253 -0.740123689 -0.983590186 0.106841490 -0.145381421 16.391834259
-0.145190358 0.002382144 0.989401042 68.043663025 0.107771777 0.994083107 0.013421636 -0.732368410 -0.983516812 0.108578242 -0.144588113 16.151985168
-0.144280270 0.003206683 0.989531636 69.696022034 0.107090868 0.994170427 0.012392855 -0.748236418 -0.983725071 0.107757814 -0.143783182 15.907980919
-0.143588364 0.003625208 0.989630520 71.372634888 0.108655296 0.994004369 0.012123894 -0.727209091 -0.983654618 0.109269314 -0.143122494 15.664606094
-0.143425211 0.002942245 0.989656687 73.071891785 0.108429998 0.994020700 0.012758924 -0.741003394 -0.983703315 0.109138377 -0.142887294 15.419881821
-0.143395677 0.002758695 0.989661694 74.775474548 0.109194100 0.993932962 0.013050935 -0.713057518 -0.983623326 0.109936722 -0.142827019 15.187142372
-0.143373117 0.002382269 0.989665568 76.504394531 0.110264987 0.993808150 0.013581876 -0.715853751 -0.983507037 0.111072563 -0.142749131 14.934601784
-0.143012628 0.002417357 0.989718020 78.237945557 0.111472271 0.993671536 0.013680548 -0.700589657 -0.983423650 0.112282656 -0.142377138 14.682685852
-0.143256277 0.003137080 0.989680231 79.997756958 0.111634858 0.993662834 0.013009446 -0.696632385 -0.983369589 0.112346344 -0.142699644 14.430677414
-0.144130886 0.004086987 0.989550292 81.772689819 0.111493096 0.993689060 0.012135210 -0.686821401 -0.983258128 0.112077102 -0.143677056 14.182986259
-0.145162508 0.004671007 0.989396453 83.556999207 0.110702619 0.993785381 0.011550368 -0.682942808 -0.983195305 0.111205295 -0.144778520 13.928597450
-0.146556124 0.004808622 0.989190936 85.353309631 0.109760202 0.993890524 0.011430336 -0.687845528 -0.983094513 0.110248983 -0.146188602 13.673645973
-0.147400454 0.004900355 0.989064932 87.164009094 0.110197574 0.993841767 0.011498739 -0.671348989 -0.982919157 0.110687368 -0.147033289 13.400174141
-0.148514405 0.003890730 0.988902569 88.984779358 0.108963639 0.993966639 0.012453616 -0.680576026 -0.982888758 0.109603733 -0.148043334 13.150475502
-0.149061933 0.003291832 0.988822520 90.828346252 0.106529430 0.994226396 0.012749162 -0.656107068 -0.983072937 0.107238978 -0.148552507 12.869692802
-0.150628939 0.003869822 0.988583028 92.694229126 0.106277093 0.994258642 0.012301248 -0.667729020 -0.982861578 0.106916659 -0.150175393 12.593128204
-0.152966112 0.004377274 0.988221705 94.567726135 0.105055682 0.994394422 0.011856876 -0.657854795 -0.982631624 0.105631791 -0.152569517 12.308754921
-0.157387659 0.005314603 0.987522960 96.450614929 0.105465584 0.994355023 0.011457339 -0.652669311 -0.981889427 0.105952926 -0.157059744 12.017672539
-0.162042707 0.004559221 0.986773193 98.336219788 0.103420533 0.994559467 0.012387987 -0.643148959 -0.981349230 0.104059801 -0.161633641 11.724092484
-0.166869521 0.004098374 0.985970855 100.241516113 0.102425039 0.994651377 0.013200364 -0.632661760 -0.980644822 0.103190854 -0.166396827 11.406558037
-0.171673521 0.004616889 0.985143363 102.159515381 0.101360425 0.994763196 0.013001354 -0.628931403 -0.979925811 0.102086447 -0.171243012 11.109148979
-0.176160440 0.006242590 0.984341800 104.077896118 0.101377390 0.994776368 0.011834012 -0.634540737 -0.979127407 0.101874493 -0.175874069 10.749555588
-0.181013703 0.007826364 0.983449817 106.003654480 0.101085976 0.994818389 0.010689049 -0.635270119 -0.978272080 0.101347871 -0.180866957 10.402540207
-0.185838982 0.008459793 0.982544124 107.948524475 0.100057863 0.994926095 0.010358605 -0.634634018 -0.977472603 0.100236185 -0.185743049 10.054209709
-0.190905258 0.007887131 0.981577039 109.897972107 0.097895369 0.995134056 0.011043448 -0.637605429 -0.976714969 0.098199874 -0.190749452 9.680728912
-0.196552917 0.007269235 0.980466545 111.863784790 0.095529124 0.995355248 0.011770992 -0.637908101 -0.975828707 0.095976599 -0.196335018 9.317591667
-0.202035844 0.006736208 0.979355216 113.828697205 0.095066585 0.995387077 0.012765270 -0.640071392 -0.974753618 0.095683001 -0.201744407 8.920121193
-0.207942098 0.006556137 0.978119433 115.798606873 0.095135406 0.995370448 0.013553444 -0.631934345 -0.973503888 0.095872015 -0.207603768 8.530323982
-0.213705868 0.008096990 0.976864755 117.782661438 0.095902994 0.995307982 0.012730573 -0.638066411 -0.972179353 0.096404605 -0.213480785 8.109082222
-0.218693092 0.008822175 0.975754142 119.753440857 0.094626084 0.995436311 0.012208172 -0.633474290 -0.971194983 0.095001496 -0.218530566 7.657083988
-0.225023076 0.008869029 0.974313200 121.747657776 0.095719397 0.995320797 0.013046689 -0.640671194 -0.969640493 0.096196502 -0.224819377 7.221994400
-0.230654880 0.009056671 0.972993672 123.773040771 0.094762668 0.995410800 0.013198834 -0.627452135 -0.968410432 0.095247731 -0.230455294 6.760096550
-0.235924438 0.009640635 0.971723855 125.753768921 0.094264694 0.995460927 0.013010360 -0.624996841 -0.967188895 0.094668426 -0.235763416 6.290736198
-0.241411775 0.009815800 0.970373511 127.764457703 0.093105637 0.995568156 0.013092396 -0.624045610 -0.965946317 0.093507886 -0.241256088 5.815368652
-0.245603412 0.009431825 0.969324648 129.766632080 0.094756745 0.995396197 0.014323567 -0.618541539 -0.964728415 0.095367692 -0.245367453 5.315365314
-0.249538094 0.009516479 0.968318522 131.795074463 0.097331591 0.995132208 0.015302606 -0.605943441 -0.963461339 0.098066553 -0.249249980 4.800566196
-0.253233373 0.009967140 0.967354059 133.831985474 0.098624222 0.995001793 0.015565795 -0.603497028 -0.962365150 0.099346049 -0.252951711 4.274841309
-0.256224662 0.010394108 0.966561615 135.854187012 0.098898396 0.994974494 0.015517206 -0.593788147 -0.961544871 0.099567249 -0.255965233 3.746161222
-0.259183913 0.010345219 0.965772808 137.901016235 0.097864673 0.995075822 0.015604779 -0.582001030 -0.960857391 0.098559387 -0.258920670 3.204141855
-0.263392419 0.010891306 0.964627445 139.944778442 0.096826263 0.995184004 0.015202198 -0.575378895 -0.959817588 0.097405151 -0.263179392 2.655584097
-0.267776430 0.011165019 0.963416696 142.013290405 0.094963618 0.995368004 0.014859322 -0.575562537 -0.958790004 0.095468327 -0.267597049 2.090919256
-0.272538304 0.011102635 0.962081492 144.073471069 0.094062641 0.995448709 0.015158343 -0.566465080 -0.957536340 0.094627067 -0.272342533 1.527783871
-0.277410090 0.011560667 0.960682154 146.123703003 0.094337910 0.995422065 0.015262645 -0.566187561 -0.956109047 0.094862469 -0.277231663 0.952169478
-0.281617314 0.012033372 0.959451675 148.200317383 0.093624525 0.995492935 0.014995179 -0.552667022 -0.954948545 0.094050921 -0.281475306 0.356125385
-0.286309391 0.012113006 0.958061039 150.319564819 0.093495771 0.995499134 0.015354170 -0.554218948 -0.953565001 0.093970627 -0.286153734 -0.258624136
-0.290375829 0.011605612 0.956842363 152.401458740 0.093230575 0.995511293 0.016218344 -0.543649018 -0.952360451 0.093916103 -0.290155441 -0.884037733
-0.294659048 0.011554786 0.955532908 154.489990234 0.093806595 0.995445013 0.016889844 -0.535272241 -0.950987577 0.094611980 -0.294401199 -1.510730386
-0.298625946 0.012292954 0.954291224 156.613143921 0.094721854 0.995360494 0.016819308 -0.527857482 -0.949658215 0.095414653 -0.298406154 -2.164343357
-0.302183628 0.013324085 0.953156888 158.689270020 0.094794609 0.995363951 0.016139053 -0.515390158 -0.948525190 0.095231041 -0.302046061 -2.812385798
-0.305929631 0.014730008 0.951940417 160.796875000 0.094795458 0.995381355 0.015062705 -0.512485206 -0.947323203 0.094847485 -0.305914313 -3.479454041
-0.309429914 0.015966985 0.950788558 162.940856934 0.095586598 0.995314658 0.014393469 -0.504086196 -0.946106553 0.095336340 -0.309506714 -4.160754681
-0.312559724 0.016420351 0.949756205 165.043853760 0.094811864 0.995395303 0.013992702 -0.498209238 -0.945154846 0.094421431 -0.312678754 -4.841471195
-0.316238791 0.016450167 0.948537230 167.189422607 0.094744891 0.995396197 0.014324753 -0.490492761 -0.943937480 0.094399057 -0.316341788 -5.542916775
-0.320006639 0.016784808 0.947266638 169.295166016 0.095209680 0.995349705 0.014527082 -0.489824891 -0.942619264 0.094837479 -0.320118040 -6.235847950
-0.323947221 0.017136538 0.945920050 171.442413330 0.096476719 0.995219529 0.015010496 -0.483936757 -0.941143811 0.096121848 -0.324052274 -6.955820560
-0.327333450 0.017374212 0.944749296 173.606002808 0.098601989 0.994998932 0.015865019 -0.476999402 -0.939750254 0.098347090 -0.327411145 -7.695042133
-0.329785556 0.017015796 0.943902552 175.739654541 0.099459499 0.994897008 0.016814580 -0.467593849 -0.938802660 0.099425264 -0.329795480 -8.432123184
-0.332707614 0.016406432 0.942887425 177.885803223 0.099229716 0.994905472 0.017702736 -0.460116774 -0.937794924 0.099452071 -0.332642257 -9.179557800
-0.335590482 0.016797639 0.941858172 180.067794800 0.097970635 0.995038807 0.017161490 -0.444714278 -0.936900258 0.098033652 -0.335571676 -9.946007729
-0.338617951 0.018668968 0.940738797 182.214752197 0.097285800 0.995137691 0.015269469 -0.438950926 -0.935881197 0.096690848 -0.338789374 -10.704581261
-0.341800213 0.019916639 0.939561665 184.385406494 0.096424833 0.995239615 0.013981204 -0.435319006 -0.934813380 0.095375851 -0.342094004 -11.483294487
-0.344956130 0.020992434 0.938384175 186.578155518 0.095621675 0.995332658 0.012884794 -0.426926255 -0.933735371 0.094174348 -0.345355213 -12.274806023
-0.348264664 0.021997392 0.937138379 188.739852905 0.094301812 0.995472550 0.011678301 -0.426932961 -0.932641506 0.092440978 -0.348762810 -13.054780960
-0.352097511 0.022275139 0.935698390 190.946243286 0.094655603 0.995437086 0.011921118 -0.430114061 -0.931164682 0.092766337 -0.352601260 -13.860205650
-0.355772853 0.021404900 0.934327483 193.131317139 0.094090678 0.995476007 0.013022045 -0.422511697 -0.929824650 0.092544384 -0.356178045 -14.679950714
-0.359264255 0.020744188 0.933005452 195.325134277 0.093689933 0.995502114 0.013942704 -0.419090688 -0.928521216 0.092422158 -0.359593749 -15.513049126
-0.363054037 0.020519124 0.931542337 197.539962769 0.093608044 0.995500386 0.014554350 -0.416954845 -0.927054763 0.092483841 -0.363341838 -16.373664856
-0.366807342 0.020511385 0.930071056 199.721130371 0.092447601 0.995610058 0.014503360 -0.407127887 -0.925692201 0.091302559 -0.367095232 -17.216114044
-0.370372802 0.021239474 0.928640604 201.909759521 0.091816232 0.995677173 0.013846678 -0.402678013 -0.924334645 0.090392604 -0.370722681 -18.083860397
-0.373700589 0.021678599 0.927296400 204.136260986 0.091815844 0.995679438 0.013724573 -0.405494392 -0.922993839 0.090269141 -0.374078482 -18.959980011
-0.376579702 0.022135744 0.926119804 206.319030762 0.092619561 0.995602489 0.013864586 -0.413914114 -0.921742976 0.090997897 -0.376974702 -19.845016479
-0.379170954 0.022005148 0.925065279 208.534271240 0.093699507 0.995489657 0.014725754 -0.410695970 -0.920570672 0.092261493 -0.379524678 -20.745294571
-0.381764978 0.021807445 0.924002171 210.725402832 0.095162079 0.995333195 0.015826670 -0.403652996 -0.919348001 0.093971983 -0.382059485 -21.637521744
-0.384074956 0.022289906 0.923033237 212.935089111 0.096244916 0.995226681 0.016014371 -0.398793191 -0.918272197 0.094987743 -0.384388953 -22.555578232
-0.386798978 0.022950988 0.921878457 215.162017822 0.096023850 0.995255291 0.015511631 -0.395077407 -0.917151630 0.094522156 -0.387168497 -23.481298447
-0.389515221 0.023294540 0.920725703 217.359008789 0.095591530 0.995301306 0.015258960 -0.386384666 -0.916046083 0.093956940 -0.389914006 -24.396551132
-0.392229199 0.024306118 0.919546366 219.560348511 0.095136069 0.995358944 0.014269915 -0.385861218 -0.914935231 0.093079038 -0.392722487 -25.326694489
-0.395331144 0.025376661 0.918188453 221.780899048 0.094814897 0.995403409 0.013312408 -0.390890181 -0.913631976 0.092320479 -0.395922273 -26.273263931
-0.397612661 0.025612151 0.917195857 223.972702026 0.092901893 0.995594203 0.012472442 -0.388988793 -0.912838519 0.090168394 -0.398241371 -27.215566635
-0.400679439 0.026357129 0.915839672 226.167495728 0.093368314 0.995554388 0.012197378 -0.395174742 -0.911448479 0.090397350 -0.401361376 -28.163198471
-0.403210908 0.025912775 0.914740264 228.381927490 0.094711244 0.995409369 0.013550039 -0.402382225 -0.910193264 0.092099652 -0.403815359 -29.131734848
-0.405818969 0.025133876 0.913608372 230.572158813 0.095357016 0.995327830 0.014974977 -0.399913847 -0.908965349 0.093195766 -0.406321913 -30.099796295
-0.409039021 0.024670701 0.912183642 232.794113159 0.094340466 0.995418131 0.015382074 -0.397987127 -0.907627642 0.092347644 -0.409493387 -31.082105637
-0.411992997 0.024481872 0.910858631 234.976760864 0.092903793 0.995555460 0.015263245 -0.403363377 -0.906438470 0.090910248 -0.412438512 -32.053607941
-0.415435970 0.024105456 0.909303010 237.179748535 0.091535538 0.995679438 0.015424851 -0.393652439 -0.905005515 0.089641578 -0.415848583 -33.050762177
-0.418989211 0.023607515 0.907684684 239.391845703 0.090701692 0.995747566 0.015970202 -0.389610529 -0.903449595 0.089019589 -0.419350773 -34.042682648
-0.422214836 0.023556402 0.906190038 241.556640625 0.090221740 0.995787680 0.016150907 -0.389215291 -0.901995242 0.088577159 -0.422562748 -35.054218292
-0.426208168 0.023286913 0.904325783 243.739562988 0.089621514 0.995835185 0.016595224 -0.386164457 -0.900174618 0.088119775 -0.426522136 -36.064086914
-0.430358648 0.022480555 0.902378440 245.929718018 0.088446252 0.995926619 0.017370330 -0.386552364 -0.898314893 0.087287404 -0.430594862 -37.081565857
-0.434006363 0.022669565 0.900625110 248.088897705 0.087783970 0.995988250 0.017232677 -0.375027359 -0.896622658 0.086539239 -0.434257209 -38.121479034
-0.437801301 0.023267793 0.898771048 250.265335083 0.087885834 0.995982289 0.017025720 -0.373796612 -0.894766390 0.086443067 -0.438088119 -39.161739349
-0.441448212 0.023456700 0.896980584 252.435317993 0.088139169 0.995955169 0.017332658 -0.373869181 -0.892947018 0.086710304 -0.441731960 -40.220111847
-0.444808215 0.023374051 0.895321071 254.573516846 0.087692291 0.995989919 0.017564565 -0.361824602 -0.891322851 0.086325593 -0.445075035 -41.275039673
-0.448677480 0.023509504 0.893384874 256.775878906 0.086537682 0.996096849 0.017248733 -0.364996552 -0.889493763 0.085050307 -0.448962539 -42.351501465
-0.452005744 0.023890652 0.891695321 258.899871826 0.086916752 0.996061146 0.017371757 -0.349418908 -0.887770772 0.085355334 -0.452302784 -43.428478241
-0.455655873 0.024559535 0.889817536 261.054016113 0.087694868 0.995992780 0.017416533 -0.336710334 -0.885825634 0.085968122 -0.455985397 -44.503211975
-0.459307134 0.025642866 0.887907624 263.254150391 0.088599741 0.995917976 0.017069675 -0.329559833 -0.883848131 0.086508572 -0.459705174 -45.617099762
-0.462718397 0.027425516 0.886081338 265.373474121 0.090754583 0.995732963 0.016573342 -0.330969334 -0.881847322 0.088084504 -0.463234872 -46.718582153
-0.465764523 0.028185612 0.884459972 267.518157959 0.091726817 0.995643079 0.016575415 -0.316108793 -0.880141973 0.088848911 -0.466321766 -47.829757690
-0.468886286 0.030207217 0.882742107 269.696716309 0.093469426 0.995497704 0.015582492 -0.304217398 -0.878298759 0.089815617 -0.469600588 -48.974201202
-0.471154004 0.032484662 0.881452739 271.831390381 0.095313966 0.995341837 0.014265318 -0.302934498 -0.876886368 0.090735905 -0.472056627 -50.099086761
-0.474249631 0.033193197 0.879764676 274.028594971 0.096105665 0.995266616 0.014256059 -0.287790388 -0.875128984 0.091311082 -0.475196779 -51.278476715
-0.477243543 0.033813704 0.878120422 276.166198730 0.096234262 0.995257258 0.013977384 -0.286211371 -0.873486161 0.091175884 -0.478235334 -52.425453186
-0.480758727 0.034137778 0.876188338 278.350616455 0.095614150 0.995321691 0.013683397 -0.267310262 -0.871624112 0.090354197 -0.481775671 -53.601432800
-0.484316736 0.035183311 0.874185026 280.539550781 0.096227482 0.995267510 0.013255489 -0.258862436 -0.869584858 0.090540498 -0.485411614 -54.801872253
-0.487383991 0.035474837 0.872467041 282.712249756 0.095658034 0.995326936 0.012966791 -0.251593471 -0.867932022 0.089778073 -0.488501966 -56.002784729
-0.490096271 0.035430871 0.870947957 284.901153564 0.094203070 0.995470703 0.012512992 -0.235722706 -0.866562963 0.088178530 -0.491215616 -57.221721649
-0.492948741 0.035799090 0.869321823 287.135192871 0.095322073 0.995357990 0.013063016 -0.231344640 -0.864820659 0.089304760 -0.494074941 -58.474082947
-0.495061606 0.035707191 0.868123889 289.308532715 0.096719354 0.995206296 0.014221459 -0.225507960 -0.863457739 0.091004848 -0.496143490 -59.699546814
-0.497166336 0.035682961 0.866921484 291.512329102 0.097722776 0.995096385 0.015083798 -0.217939228 -0.862134218 0.092216931 -0.498217642 -60.952888489
-0.499481350 0.035309546 0.865604758 293.747741699 0.097396716 0.995119393 0.015608315 -0.202321276 -0.860832274 0.092103116 -0.500484347 -62.221733093
-0.501400232 0.035075683 0.864504337 295.946350098 0.097241223 0.995128930 0.016022947 -0.178338602 -0.859733284 0.092099175 -0.502370775 -63.493907928
-0.504279912 0.034875270 0.862835824 298.192810059 0.098072402 0.995028436 0.017099475 -0.162618175 -0.857953072 0.093243256 -0.505194902 -64.782073975
-0.506376266 0.034587529 0.861618876 300.402984619 0.098610520 0.994960070 0.018013505 -0.148989424 -0.856655419 0.094086140 -0.507236779 -66.078918457
-0.508380651 0.035452880 0.860402346 302.627960205 0.098236308 0.995013297 0.017044732 -0.129163995 -0.855510771 0.093187913 -0.509329855 -67.385467529
-0.511423826 0.036832981 0.858538866 304.902709961 0.096954763 0.995171785 0.015060220 -0.121188380 -0.853841424 0.090941429 -0.512527704 -68.716537476
-0.514456272 0.036321387 0.856747150 307.113830566 0.095245980 0.995336890 0.014996087 -0.102257669 -0.852210939 0.089316525 -0.515518308 -70.037315369
-0.518724799 0.034577996 0.854241669 309.378753662 0.093348935 0.995495379 0.016388960 -0.084196165 -0.849829614 0.088243797 -0.519617915 -71.388061523
-0.524014354 0.032274235 0.851097822 311.678436279 0.090882525 0.995691240 0.018198291 -0.057602286 -0.846846998 0.086886041 -0.524691224 -72.764793396
-0.528371811 0.031110872 0.848443091 313.920257568 0.089828618 0.995764613 0.019428233 -0.033483110 -0.844247818 0.086479649 -0.528930247 -74.138710022
-0.532806575 0.031054061 0.845667183 316.189544678 0.089860015 0.995748460 0.020050351 -0.013554626 -0.841452897 0.086674616 -0.533333421 -75.532203674
-0.537371159 0.032254513 0.842729151 318.473968506 0.091978259 0.995545805 0.020547019 0.008534767 -0.838315308 0.088553965 -0.537946403 -76.953414917
-0.540748715 0.033106223 0.840532780 320.716613770 0.092902221 0.995458782 0.020559343 0.035448670 -0.836039066 0.089204766 -0.541369975 -78.386093140
-0.544779480 0.032974746 0.837931037 323.017791748 0.093392976 0.995392740 0.021547958 0.057479728 -0.833362639 0.089995570 -0.545351207 -79.858711243
-0.548556626 0.031996179 0.835501075 325.235412598 0.093830720 0.995306730 0.023489363 0.086343683 -0.830832481 0.091280937 -0.548985779 -81.295326233
-0.552782059 0.030453999 0.832769394 327.484466553 0.092733108 0.995369852 0.025154812 0.120696977 -0.828150332 0.091130242 -0.553048730 -82.762649536
-0.556790233 0.030226810 0.830103040 329.748901367 0.092068262 0.995421529 0.025507957 0.148257196 -0.825535715 0.090628743 -0.557025492 -84.249801636
-0.560488641 0.029523565 0.827635944 331.953796387 0.091227442 0.995479703 0.026269743 0.185416684 -0.823122561 0.090226918 -0.560650349 -85.711875916
-0.564739883 0.029977111 0.824724674 334.207641602 0.092846997 0.995300293 0.027400810 0.206880242 -0.820029676 0.092047408 -0.564871073 -87.247772217
-0.569248736 0.029300703 0.821643054 336.482574463 0.092911422 0.995251179 0.028878823 0.246158525 -0.816899300 0.092779279 -0.569269419 -88.794464111
-0.572175622 0.028284876 0.819643319 338.652343750 0.091610089 0.995351076 0.029602636 0.284020543 -0.814999044 0.092025444 -0.572108686 -90.275848389
-0.575951815 0.027538778 0.817019939 340.930084229 0.091209397 0.995353580 0.030747479 0.327770084 -0.812379718 0.092228830 -0.575789690 -91.858047485
-0.578991175 0.027018355 0.814886093 343.158325195 0.091782041 0.995253623 0.032214105 0.376743525 -0.810152054 0.093443610 -0.578724504 -93.407119751
-0.581723213 0.025791567 0.812978029 345.352355957 0.089244537 0.995483100 0.032276910 0.422034085 -0.808476508 0.091329925 -0.581399500 -94.971633911
-0.585085034 0.024837917 0.810591400 347.596588135 0.085480496 0.995847344 0.031185281 0.478431255 -0.806455255 0.087535813 -0.584780037 -96.543914795
-0.588022709 0.024080714 0.808486044 349.772216797 0.081552826 0.996224284 0.029641869 0.507903993 -0.804723263 0.083364315 -0.587768078 -98.072891235
-0.591025412 0.021707170 0.806361437 352.012145996 0.079615243 0.996323407 0.031533174 0.567987442 -0.802715003 0.082835361 -0.590582609 -99.717178345
-0.594466984 0.021278437 0.803838432 354.228942871 0.081159361 0.996128440 0.033651575 0.619116187 -0.800014734 0.085243754 -0.593894005 -101.323471069
-0.597148955 0.021401115 0.801845253 356.402069092 0.080227792 0.996221244 0.033158012 0.671845615 -0.798108637 0.084130384 -0.596611559 -102.925476074
-0.600623667 0.019716572 0.799288929 358.578460693 0.076813914 0.996490359 0.033140440 0.715878904 -0.795834124 0.081301346 -0.600032210 -104.533111572
-0.603692532 0.017308947 0.797029257 360.804473877 0.076407366 0.996413648 0.036234066 0.778433204 -0.793548167 0.082773119 -0.602851748 -106.176872253
-0.606842160 0.015182412 0.794677675 362.955688477 0.074799754 0.996467173 0.038081847 0.839420795 -0.791295648 0.082551256 -0.605835974 -107.782691956
-0.609799981 0.014389920 0.792425096 365.140747070 0.073046423 0.996596396 0.038114272 0.910106063 -0.789182425 0.081125773 -0.608778119 -109.435913086
-0.612986684 0.013679982 0.789974868 367.342590332 0.071923621 0.996660829 0.038550429 0.966140985 -0.786813319 0.080448702 -0.611926079 -111.112365723
-0.615424514 0.013670150 0.788077176 369.471649170 0.072215013 0.996617556 0.039106511 1.032048941 -0.784881473 0.080978081 -0.614332318 -112.747154236
-0.618056715 0.013453907 0.786018550 371.614227295 0.072472803 0.996566713 0.039928485 1.095793843 -0.782786608 0.081642963 -0.616912186 -114.395126343
-0.620574176 0.011177941 0.784068346 373.750122070 0.068421721 0.996852994 0.039942890 1.152163029 -0.781157494 0.078434728 -0.619388640 -116.057548523
-0.623035312 0.007468775 0.782158017 375.878051758 0.058421917 0.997601569 0.037010457 1.199605942 -0.780009568 0.068753891 -0.621979833 -117.712730408
-0.627221525 0.011305630 0.778758287 378.014617920 0.052348733 0.998240829 0.027670292 1.278664827 -0.777080417 0.058122311 -0.626712322 -119.363037109
-0.629177809 0.019975182 0.777004480 380.176422119 0.059898097 0.997938931 0.022847349 1.280041814 -0.774950802 0.060916010 -0.629079878 -121.100959778
-0.630456328 0.021329056 0.775931776 382.283630371 0.067553155 0.997333765 0.027472865 1.317109942 -0.773280501 0.069736958 -0.630218923 -122.787292480
-0.632163525 0.011980194 0.774742246 384.319213867 0.067002021 0.996976316 0.039254621 1.351844192 -0.771933496 0.076724574 -0.631057262 -124.461013794
-0.635128260 0.002149321 0.772403479 386.484832764 0.061478931 0.996959627 0.047778342 1.448323965 -0.769957423 0.077831864 -0.633331537 -126.198371887
-0.638422847 -0.003944337 0.769675672 388.589385986 0.055913430 0.997103095 0.051488265 1.549706340 -0.767653346 0.075906403 -0.636355221 -127.895210266
-0.641072810 -0.004122815 0.767469227 390.697845459 0.054753445 0.997188210 0.051092766 1.640525103 -0.765525401 0.074775621 -0.639047265 -129.613479614
-0.643407822 0.000661086 0.765523255 392.780944824 0.059467442 0.997017026 0.049120195 1.714944005 -0.763211370 0.077127941 -0.641530275 -131.330871582
-0.645987570 0.006391496 0.763320804 394.836639404 0.063148111 0.996980548 0.045093305 1.791551352 -0.760732591 0.077331945 -0.644442737 -133.061477661
-0.648267150 0.010698286 0.761337817 396.923828125 0.065258242 0.996998727 0.041556526 1.874105453 -0.758612454 0.076623224 -0.647022009 -134.810958862
-0.651392281 0.010197114 0.758673012 398.983825684 0.065408744 0.996938169 0.042759951 1.942383289 -0.755917609 0.077477217 -0.650067687 -136.555358887
-0.654274821 0.009693989 0.756194711 401.015380859 0.065897919 0.996841133 0.044237219 2.010368824 -0.753381371 0.078774899 -0.652849555 -138.282409668
-0.656306148 0.008683968 0.754444480 403.102813721 0.066010803 0.996755958 0.045950979 2.101659536 -0.751602709 0.079959393 -0.654752493 -140.057525635
-0.658327937 0.008456022 0.752683759 405.144866943 0.066244483 0.996703863 0.046742626 2.183973789 -0.749811649 0.080633096 -0.656720698 -141.826950073
-0.659586489 0.009062351 0.751574337 407.149017334 0.066694550 0.996684968 0.046513680 2.265079498 -0.748664618 0.080805652 -0.658007026 -143.566680908
-0.660661101 0.009486127 0.750624299 409.220397949 0.067214862 0.996647418 0.046563759 2.353867292 -0.747669995 0.081215963 -0.659086227 -145.353088379
-0.662039399 0.008969505 0.749415338 411.224273682 0.068604752 0.996451139 0.048679717 2.426398039 -0.746323764 0.083641306 -0.660307467 -147.104812622
-0.662401497 0.008528423 0.749100626 413.238677979 0.070526883 0.996199965 0.051022600 2.519304037 -0.745822906 0.086629137 -0.660488367 -148.855834961
-0.664040983 0.008011676 0.747653604 415.294189453 0.071858965 0.995993555 0.053149868 2.611899137 -0.744235992 0.089019254 -0.661959112 -150.672348022
-0.665792108 0.007971600 0.746095002 417.288085938 0.070421211 0.996146500 0.052198403 2.707895517 -0.742807806 0.087294146 -0.663790405 -152.428726196
-0.666483998 0.008046827 0.745476127 419.336914062 0.066591084 0.996582985 0.048777595 2.798483372 -0.742540956 0.082151480 -0.664744675 -154.226348877
-0.667970836 0.008413197 0.744140267 421.366271973 0.064423896 0.996831775 0.046559412 2.882694244 -0.741394877 0.079040684 -0.666399121 -156.017349243
-0.669264078 0.007307454 0.742989123 423.344940186 0.063777372 0.996822238 0.047644984 2.969723940 -0.740283310 0.079272918 -0.667606354 -157.789077759
-0.669857621 0.005966333 0.742465913 425.373474121 0.061908778 0.996930242 0.047843345 3.034450531 -0.739905298 0.078013293 -0.668173432 -159.563476562
-0.670830369 0.005266102 0.741592348 427.368835449 0.059074905 0.997172117 0.046357006 3.133941889 -0.739255965 0.074907057 -0.669246852 -161.369628906
-0.672327042 0.004590506 0.740240335 429.364654541 0.058335338 0.997195303 0.046799388 3.209868193 -0.737953603 0.074646570 -0.670711875 -163.169265747
-0.672129869 0.003239390 0.740426540 431.355743408 0.058652766 0.997076988 0.048880443 3.303223372 -0.738107502 0.076282017 -0.670358181 -164.956024170
-0.672828853 0.001283274 0.739797413 433.367248535 0.059438568 0.996855259 0.052328851 3.387208700 -0.737407863 0.079180770 -0.670791924 -166.754760742
-0.671166122 0.000902326 0.741306603 435.343963623 0.065078929 0.996205509 0.057708722 3.494614363 -0.738446355 0.086975493 -0.668680847 -168.537719727
-0.669684350 -0.001306531 0.742644966 437.353881836 0.067708850 0.995721877 0.062808603 3.577863455 -0.739554107 0.092345543 -0.666733742 -170.354660034
-0.668708146 -0.002999802 0.743519306 439.366394043 0.062550373 0.996216118 0.060276061 3.711707115 -0.740890205 0.086814500 -0.665993214 -172.125946045
-0.666670501 -0.003477785 0.745344698 441.395172119 0.056177661 0.996906102 0.054899432 3.835453510 -0.743233740 0.078471467 -0.664415240 -173.874588013
-0.665467262 -0.005297433 0.746408284 443.390747070 0.051250085 0.997286260 0.052770436 3.934004068 -0.744666994 0.073370315 -0.663392246 -175.655014038
-0.663906336 -0.005906480 0.747792542 445.384033203 0.050182443 0.997358739 0.052430749 4.025682449 -0.746131241 0.072335050 -0.661859155 -177.459274292
-0.660385013 -0.005227016 0.750909448 447.419494629 0.051642172 0.997288287 0.052358627 4.118853092 -0.749150574 0.073355369 -0.658327281 -179.184371948
-0.657721400 -0.005299572 0.753242731 449.431427002 0.052223664 0.997244060 0.052617244 4.222702503 -0.751450002 0.073944405 -0.655634403 -180.941024780
-0.655905306 -0.004946589 0.754827142 451.449951172 0.050163839 0.997478545 0.050126519 4.311582088 -0.753175557 0.070743211 -0.654006302 -182.688354492
-0.653864443 -0.009615149 0.756550848 453.498321533 0.043013673 0.997825623 0.049856931 4.410466194 -0.755389810 0.065141499 -0.652031243 -184.431594849
-0.653594732 -0.015135637 0.756693602 455.530670166 0.035411622 0.998089552 0.050550912 4.516304493 -0.756017268 0.059835374 -0.651812732 -186.205642700
-0.652138829 -0.018558072 0.757872462 457.612060547 0.028472317 0.998391807 0.048947703 4.596522808 -0.757565796 0.053498928 -0.650564611 -187.903076172
-0.651978254 -0.019260535 0.757993162 459.614624023 0.026114549 0.998510063 0.047834106 4.679565430 -0.757789195 0.050981216 -0.650506318 -189.612411499
-0.651130080 -0.019230997 0.758722782 461.681610107 0.028204426 0.998371184 0.049509998 4.754746437 -0.758443654 0.053636514 -0.649529099 -191.362960815
-0.649429858 -0.020572273 0.760143459 463.719696045 0.029590687 0.998189330 0.052295540 4.844022274 -0.759846449 0.056455303 -0.647648335 -193.080413818
-0.648214221 -0.022559388 0.761124194 465.746215820 0.028188882 0.998160720 0.053592138 4.951279163 -0.760937929 0.056194138 -0.646387935 -194.783172607
-0.647244096 -0.022773523 0.761942923 467.802795410 0.026301272 0.998287439 0.052179575 5.048157215 -0.761830211 0.053812824 -0.645539403 -196.510772705
-0.646053791 -0.021982690 0.762975693 469.835968018 0.025046360 0.998432159 0.049974669 5.145583630 -0.762883008 0.051395759 -0.644492030 -198.211715698
-0.645204961 -0.020263545 0.763741195 471.872924805 0.025735898 0.998500586 0.048233755 5.236959934 -0.763577223 0.050776023 -0.643718898 -199.925109863
-0.644222736 -0.020070417 0.764574885 473.930267334 0.027916944 0.998368263 0.049730014 5.317703724 -0.764330328 0.053381495 -0.642612994 -201.638183594
