1.000000000 0.000000000 -0.000000000 -0.000000000 0.000000000 1.000000000 -0.000000000 -0.000000000 -0.000000000 -0.000000000 0.999999881 0.000000000
0.999997854 -0.001426586 -0.001437993 -0.008360147 0.001430021 0.999996126 0.002390609 -0.014865397 0.001434578 -0.002392661 0.999996006 1.528928638
0.999993622 -0.001768344 -0.003091273 -0.014260466 0.001778715 0.999992788 0.003355555 -0.036192030 0.003085318 -0.003361032 0.999989510 3.081038475
0.999990523 -0.001085097 -0.004176042 -0.027489191 0.001099442 0.999993503 0.003434555 -0.044836052 0.004172290 -0.003439114 0.999985397 4.566710472
0.999983251 -0.000630811 -0.005711907 -0.045831785 0.000649389 0.999994636 0.003251109 -0.077762529 0.005709830 -0.003254765 0.999978602 6.110171795
0.999973297 -0.000552539 -0.007256744 -0.070037283 0.000579939 0.999992728 0.003774012 -0.105109848 0.007254609 -0.003778120 0.999966681 7.615862370
0.999959648 -0.001071871 -0.008878186 -0.081228301 0.001107047 0.999991536 0.003957732 -0.118865564 0.008873870 -0.003967403 0.999952793 9.124528885
0.999941587 -0.002248687 -0.010537892 -0.100056052 0.002285939 0.999991298 0.003524028 -0.147160813 0.010529876 -0.003547914 0.999938488 10.626288414
0.999924421 -0.003244589 -0.011829749 -0.124504067 0.003285326 0.999988735 0.003425385 -0.166228384 0.011818504 -0.003463993 0.999924362 12.116564751
0.999909520 -0.003273674 -0.013014792 -0.158261016 0.003318738 0.999988556 0.003442117 -0.188283309 0.013003380 -0.003485008 0.999909639 13.612310410
0.999900520 -0.002817318 -0.013786758 -0.176077664 0.002865544 0.999989748 0.003479040 -0.200103283 0.013776821 -0.003518208 0.999899089 15.106182098
0.999887824 -0.001632219 -0.014845335 -0.214607283 0.001693367 0.999990165 0.004107255 -0.228909507 0.014838491 -0.004131937 0.999881506 16.591756821
0.999885619 -0.000285755 -0.015088605 -0.237764657 0.000360234 0.999987781 0.004933409 -0.245654270 0.015087020 -0.004938286 0.999874175 18.064809799
0.999872625 0.000116353 -0.015938872 -0.274052143 -0.000025717 0.999983907 0.005686187 -0.267315626 0.015939290 -0.005685060 0.999856949 19.530937195
0.999858379 0.000214558 -0.016794579 -0.314335674 -0.000117427 0.999983370 0.005783982 -0.290181786 0.016795546 -0.005781199 0.999842405 21.011402130
0.999856710 0.001041329 -0.016863395 -0.345697492 -0.000940625 0.999981761 0.005978307 -0.307676524 0.016869323 -0.005961596 0.999840081 22.476724625
0.999857903 0.001651692 -0.016719939 -0.383584708 -0.001546793 0.999979138 0.006284690 -0.322836101 0.016729988 -0.006257946 0.999840617 23.933790207
0.999855340 0.002202408 -0.016820101 -0.414865941 -0.002082816 0.999972522 0.007124076 -0.341887951 0.016835345 -0.007088023 0.999833286 25.382343292
0.999857783 0.002611205 -0.016616052 -0.441444874 -0.002504924 0.999976277 0.006413722 -0.364009321 0.016632412 -0.006371197 0.999841392 26.826486588
0.999855042 0.003173412 -0.016679432 -0.479058653 -0.003098479 0.999985099 0.004516341 -0.383708060 0.016693529 -0.004464014 0.999850869 28.264656067
0.999869883 0.001478204 -0.016004115 -0.511546552 -0.001410667 0.999990225 0.004230247 -0.401136458 0.016010227 -0.004207129 0.999863148 29.701610565
0.999879837 0.000580679 -0.015425044 -0.520758748 -0.000475667 0.999976754 0.006810397 -0.421819776 0.015428647 -0.006802252 0.999857962 31.133916855
0.999878526 -0.000740391 -0.015500734 -0.567180991 0.000867940 0.999965727 0.008223124 -0.435373694 0.015494119 -0.008235584 0.999846220 32.538925171
0.999887347 -0.001336815 -0.014878125 -0.578895211 0.001455671 0.999967039 0.007980310 -0.450956792 0.014866978 -0.008001081 0.999857545 33.951969147
0.999893069 -0.001452263 -0.014478710 -0.612119019 0.001548499 0.999976754 0.006637434 -0.471546501 0.014468743 -0.006659153 0.999873340 35.341865540
0.999897122 -0.001190810 -0.014222948 -0.655732751 0.001265223 0.999985695 0.005223915 -0.491657495 0.014216538 -0.005241377 0.999885380 36.711490631
0.999913454 -0.000246184 -0.013072395 -0.677326918 0.000305835 0.999989629 0.004561109 -0.520191789 0.013071140 -0.004564714 0.999904275 38.071014404
0.999925435 0.000198259 -0.012110226 -0.708316326 -0.000132266 0.999985337 0.005449546 -0.536646605 0.012111117 -0.005447538 0.999911726 39.403289795
0.999940932 0.000150327 -0.010756651 -0.749688208 -0.000073335 0.999974608 0.007157569 -0.560587466 0.010757450 -0.007156364 0.999916553 40.730567932
0.999960184 0.000422436 -0.008778183 -0.752852380 -0.000348143 0.999964178 0.008463390 -0.574692070 0.008781448 -0.008460009 0.999925733 42.040206909
0.999976695 0.000567124 -0.006639501 -0.776756883 -0.000506704 0.999958515 0.009097962 -0.587810099 0.006644379 -0.009094395 0.999936581 43.309848785
0.999993026 0.000251387 -0.003377519 -0.796219826 -0.000221569 0.999961138 0.008825397 -0.606163085 0.003379595 -0.008824601 0.999955297 44.583003998
0.999998629 -0.000470779 0.000561723 -0.791497052 0.000466878 0.999975979 0.006934609 -0.627279043 -0.000564997 -0.006934346 0.999975741 45.837341309
0.999987364 -0.000499089 0.004785005 -0.771550417 0.000472667 0.999984860 0.005521684 -0.651018679 -0.004787707 -0.005519360 0.999973416 47.089946747
0.999965727 -0.000380190 0.008144726 -0.800135136 0.000332759 0.999983251 0.005824146 -0.659603477 -0.008146825 -0.005821244 0.999950051 48.284996033
0.999904275 0.000221545 0.013745210 -0.782147944 -0.000303426 0.999982297 0.005954775 -0.686232209 -0.013743670 -0.005958387 0.999887943 49.504848480
0.999793589 0.001289149 0.020224096 -0.780184090 -0.001397498 0.999984860 0.005344018 -0.700370610 -0.020216938 -0.005371186 0.999781251 50.704963684
0.999605775 0.002563441 0.027919646 -0.753565490 -0.002712305 0.999982417 0.005295122 -0.720707595 -0.027905628 -0.005368771 0.999596179 51.917110443
0.999343634 0.003919504 0.035987120 -0.710693419 -0.004141213 0.999972999 0.006088213 -0.740323961 -0.035962347 -0.006233256 0.999333441 53.081039429
0.998899400 0.005885659 0.046507951 -0.671159148 -0.006199964 0.999959171 0.006616516 -0.760599196 -0.046467151 -0.006897591 0.998895884 54.262371063
0.998203158 0.008156878 0.059342146 -0.613340378 -0.008568003 0.999941230 0.006676659 -0.775400937 -0.059284247 -0.007173114 0.998215199 55.394252777
0.997176588 0.010561333 0.074328810 -0.534087241 -0.011126853 0.999912500 0.007198004 -0.793247342 -0.074246354 -0.008004737 0.997207701 56.519760132
0.995749116 0.012580362 0.091231614 -0.436491102 -0.013365835 0.999878764 0.008003525 -0.801442206 -0.091119975 -0.009188902 0.995797276 57.649848938
0.994053364 0.012795577 0.108129174 -0.333652109 -0.013852917 0.999863327 0.009032743 -0.817776024 -0.107998952 -0.010476948 0.994095504 58.766735077
0.991761684 0.012317205 0.127496377 -0.204735264 -0.013534288 0.999870658 0.008683924 -0.840414703 -0.127373099 -0.010337976 0.991800427 59.855415344
0.988924205 0.011152108 0.147994608 -0.060593069 -0.012435225 0.999892890 0.007747416 -0.853062809 -0.147892490 -0.009501973 0.988957465 60.951705933
0.985607505 0.007713750 0.168867022 0.119217880 -0.009151449 0.999928534 0.007737083 -0.859988391 -0.168795392 -0.009171125 0.985608101 62.030796051
0.981645584 0.003071588 0.190681502 0.324406594 -0.004967112 0.999943554 0.009463584 -0.878266454 -0.190641865 -0.010237045 0.981606007 63.072113037
0.976958930 -0.002196923 0.213410705 0.538391769 -0.000182948 0.999938428 0.011131206 -0.877463043 -0.213422224 -0.010913795 0.976898670 64.070175171
0.971284807 -0.007798042 0.237789199 0.802818835 0.005448229 0.999929607 0.010537503 -0.900660574 -0.237854928 -0.008939398 0.971259117 65.113441467
0.964861453 -0.014009452 0.262381494 1.085220933 0.012060477 0.999886811 0.009037131 -0.933908820 -0.262478679 -0.005555149 0.964921534 66.125389099
0.957286894 -0.018105645 0.288568795 1.345881581 0.015953656 0.999824941 0.009807870 -0.932995677 -0.288696140 -0.004785231 0.957408547 67.065628052
0.948506653 -0.020236852 0.316105545 1.694528341 0.017323079 0.999778390 0.012025454 -0.932375073 -0.316279083 -0.005930319 0.948647499 68.041198730
0.938585043 -0.025213696 0.344122708 2.016927242 0.021462709 0.999661803 0.014705786 -0.935325444 -0.344377398 -0.006416838 0.938809037 68.961860657
0.927615941 -0.028559411 0.372440457 2.404164553 0.024871657 0.999582350 0.014703416 -0.950095892 -0.372705162 -0.004375921 0.927939117 69.889480591
0.915696919 -0.027969191 0.400892496 2.815177679 0.025773667 0.999608874 0.010869236 -0.940428734 -0.401040077 0.000379536 0.916060150 70.787635803
0.902370512 -0.029170176 0.429968834 3.205715656 0.029406480 0.999549389 0.006096974 -0.968182564 -0.429953396 0.007142129 0.902822495 71.635810852
0.887916446 -0.031078108 0.458951354 3.667741060 0.033027418 0.999447346 0.003781141 -0.982524872 -0.458815604 0.011800633 0.888452649 72.464408875
0.872167051 -0.032302417 0.488139272 4.131912708 0.033013348 0.999428988 0.007151310 -0.989694118 -0.488091916 0.009877963 0.872735679 73.337959290
0.854699671 -0.031691775 0.518152237 4.574264526 0.029562457 0.999486387 0.012367964 -0.979327023 -0.518278599 0.004746947 0.855198205 74.147888184
0.834968209 -0.031984594 0.549365580 5.117702007 0.028036010 0.999485493 0.015579726 -0.971234977 -0.549581707 0.002393430 0.835435927 74.948684692
0.813571513 -0.026325904 0.580865741 5.674419403 0.024004340 0.999643803 0.011684788 -1.006356239 -0.580967009 0.004436877 0.813914359 75.711120605
0.791668415 -0.019037660 0.610652626 6.226306915 0.020071059 0.999785125 0.005148544 -1.015646577 -0.610619962 0.008180493 0.791880786 76.457153320
0.768977284 -0.016029283 0.639073610 6.864670753 0.018587541 0.999823391 0.002711863 -1.006639838 -0.639004827 0.009793436 0.769139647 77.175415039
0.745436430 -0.019638926 0.666286707 7.441609859 0.020946097 0.999761939 0.006033877 -1.028655648 -0.666247189 0.009458218 0.745670259 77.853668213
0.720769703 -0.020166773 0.692879558 8.102834702 0.021765621 0.999742150 0.006456520 -1.020713925 -0.692831695 0.010427274 0.721023142 78.514137268
0.694836199 -0.018888978 0.718918502 8.772424698 0.022523556 0.999736011 0.004498193 -1.062699795 -0.718814194 0.013067073 0.695078492 79.154045105
0.669146836 -0.016204407 0.742951334 9.407950401 0.021892289 0.999758244 0.002088102 -1.064239621 -0.742806077 0.014867638 0.669340670 79.747665405
0.641906023 -0.014353526 0.766647637 10.124283791 0.020915821 0.999780118 0.001205784 -1.065974236 -0.766497195 0.015261043 0.642065644 80.366157532
0.613727629 -0.013224617 0.789405882 10.805811882 0.021364002 0.999771416 0.000139278 -1.082036257 -0.789227962 0.016779367 0.613870203 80.899513245
0.584886372 -0.006832506 0.811085880 11.549540520 0.019559039 0.999791801 -0.005682142 -1.106251597 -0.810878754 0.019187449 0.584898233 81.431518555
0.554696620 0.002578609 0.832047403 12.352091789 0.017866077 0.999727547 -0.015008919 -1.113329768 -0.831859827 0.023190806 0.554499745 81.945137024
0.523809910 0.010436000 0.851769507 13.089011192 0.017205691 0.999591649 -0.022828026 -1.151069522 -0.851660192 0.026612824 0.523417115 82.423789978
0.492179811 0.015443273 0.870355546 13.893390656 0.014872168 0.999547243 -0.026145678 -1.178127289 -0.870365739 0.025812436 0.491727620 82.871078491
0.459676534 0.015039616 0.887958050 14.712922096 0.013099675 0.999632716 -0.023712469 -1.210842013 -0.887989044 0.022532018 0.459311038 83.298271179
0.426181793 0.013748217 0.904532850 15.555593491 0.008586443 0.999777079 -0.019241450 -1.231346965 -0.904596448 0.015967054 0.425968796 83.710693359
0.392024338 0.014711850 0.919836283 16.414142609 0.004159207 0.999833226 -0.017763907 -1.263459921 -0.919944763 0.010789651 0.391898155 84.080276489
0.356635153 0.017274637 0.934083164 17.283103943 -0.002758524 0.999843836 -0.017437562 -1.300680399 -0.934239030 0.003642130 0.356627494 84.435882568
0.320845157 0.019311784 0.946933091 18.174533844 -0.007515890 0.999812782 -0.017843610 -1.321526170 -0.947100937 -0.001392034 0.320930958 84.737533569
0.284921974 0.019013226 0.958361149 19.067018509 -0.010247431 0.999806345 -0.016788866 -1.350388527 -0.958495259 -0.005037257 0.285061985 85.001373291
0.247380063 0.018590489 0.968739212 20.000322342 -0.010820420 0.999806345 -0.016423516 -1.379123926 -0.968857408 -0.006419352 0.247533634 85.253501892
0.211507291 0.017751681 0.977214217 20.933317184 -0.010261976 0.999820054 -0.015941205 -1.416787982 -0.977321923 -0.006656504 0.211651668 85.455528259
0.176823810 0.016536826 0.984103382 21.865457535 -0.007938116 0.999849498 -0.015375078 -1.423074245 -0.984209955 -0.005093286 0.176928446 85.627204895
0.140853539 0.015042997 0.989915252 22.829399109 -0.000710660 0.999885440 -0.015093364 -1.465826750 -0.990029573 0.001422430 0.140848428 85.768722534
0.108021617 0.018039405 0.993983924 23.779928207 0.001637927 0.999830246 -0.018323490 -1.506822228 -0.994146645 0.003607378 0.107974060 85.859588623
0.074385211 0.024057226 0.996938407 24.772781372 0.002978561 0.999698758 -0.024346052 -1.500080824 -0.997224629 0.004780401 0.074291438 85.923950195
0.046005107 0.026548961 0.998586535 25.729988098 0.008612980 0.999599159 -0.026972663 -1.573563695 -0.998903632 0.009841674 0.045758598 85.974411011
0.020763135 0.025552323 0.999456942 26.697757721 0.011645908 0.999599099 -0.025797876 -1.594046354 -0.999716043 0.012175203 0.020457452 86.000205994
-0.002062573 0.022898726 0.999734700 27.683530807 0.013647964 0.999645054 -0.022868490 -1.617968202 -0.999904156 0.013597153 -0.002374154 86.012351990
-0.021402027 0.020120105 0.999568462 28.673795700 0.014086223 0.999703646 -0.019821201 -1.665185213 -0.999671102 0.013655896 -0.021679224 85.987998962
-0.037316717 0.022413302 0.999051273 29.643501282 0.015108656 0.999646485 -0.021862296 -1.706222296 -0.999188840 0.014278470 -0.037641995 85.947212219
-0.052190881 0.027567104 0.998255670 30.650346756 0.018238025 0.999478281 -0.026647320 -1.728769779 -0.998470128 0.016815441 -0.052666269 85.899528503
-0.064284332 0.032270517 0.997407973 31.633058548 0.022301521 0.999273896 -0.030893503 -1.775402188 -0.997681975 0.020257736 -0.064956926 85.820205688
-0.073576808 0.036388479 0.996624589 32.615997314 0.027942989 0.999016702 -0.034412876 -1.809107780 -0.996897459 0.025316661 -0.074521117 85.748954773
-0.079413727 0.041192319 0.995989382 33.609642029 0.031058107 0.998762846 -0.038830623 -1.864420176 -0.996357262 0.027849842 -0.080594681 85.667678833
-0.083062530 0.046233557 0.995471179 34.593982697 0.033735730 0.998480439 -0.043558378 -1.914125323 -0.995972455 0.029964836 -0.084496163 85.585800171
-0.086188458 0.049772333 0.995033860 35.581405640 0.034810223 0.998291612 -0.046920061 -1.977695704 -0.995670021 0.030593367 -0.087773666 85.507461548
-0.088277325 0.053038068 0.994681895 36.600139618 0.035639647 0.998110056 -0.050057832 -2.034359217 -0.995457768 0.031031126 -0.090000592 85.425491333
-0.091127671 0.056479696 0.994234383 37.608150482 0.037116215 0.997889519 -0.053285364 -2.097408295 -0.995147169 0.032046471 -0.093031235 85.322303772
-0.092823036 0.060379278 0.993849277 38.630233765 0.038981900 0.997614324 -0.056967206 -2.162406683 -0.994918883 0.033454247 -0.094955139 85.234420776
-0.094460607 0.061241578 0.993642211 39.642364502 0.040060263 0.997531295 -0.057672933 -2.234777927 -0.994721830 0.034357734 -0.096680596 85.139671326
-0.097188979 0.060606398 0.993418932 40.636882782 0.040964998 0.997541428 -0.056850187 -2.294892311 -0.994421661 0.035170145 -0.099432848 85.033340454
-0.099529065 0.060225889 0.993209422 41.658164978 0.041202936 0.997559845 -0.056360748 -2.373314381 -0.994180679 0.035313599 -0.101767518 84.923171997
-0.101644792 0.061303206 0.992928267 42.682441711 0.040458847 0.997528732 -0.057445504 -2.439522505 -0.993997514 0.034333739 -0.103873447 84.822570801
-0.103917830 0.063173488 0.992576599 43.691146851 0.039288048 0.997462332 -0.059371177 -2.500890017 -0.993809044 0.032826666 -0.106135927 84.733131409
-0.106690094 0.065511644 0.992131710 44.734031677 0.037602127 0.997378349 -0.061814528 -2.584681988 -0.993580222 0.030711200 -0.108873866 84.616355896
-0.109289885 0.069263801 0.991592824 45.761772156 0.035884816 0.997193694 -0.065699928 -2.671089888 -0.993361473 0.028402779 -0.111468546 84.519508362
-0.111374885 0.073184542 0.991079092 46.803798676 0.032106664 0.997028887 -0.070015833 -2.742020607 -0.993259311 0.024022231 -0.113393515 84.407447815
-0.113784000 0.075612046 0.990622222 47.840759277 0.029543497 0.996916533 -0.072699063 -2.827104807 -0.993066192 0.020994507 -0.115666576 84.282760620
-0.117018379 0.073971748 0.990370214 48.888656616 0.027584098 0.997079372 -0.071213640 -2.921903372 -0.992746174 0.018985152 -0.118716888 84.176467896
-0.119745389 0.070403196 0.990304351 49.946449280 0.025652140 0.997368574 -0.067803636 -2.980536938 -0.992472768 0.017284235 -0.121236123 84.057312012
-0.122055076 0.068187162 0.990178168 51.002361298 0.024918171 0.997532725 -0.065622114 -3.072994232 -0.992209554 0.016663844 -0.123453081 83.922180176
-0.123852588 0.068776838 0.989913344 52.067264557 0.024671340 0.997499943 -0.066217229 -3.152971506 -0.991993487 0.016221290 -0.125239581 83.789039612
-0.125080347 0.071524464 0.989564121 53.114128113 0.025329860 0.997302949 -0.068882167 -3.235380888 -0.991822898 0.016449699 -0.126554504 83.652206421
-0.125975236 0.073839411 0.989279568 54.175662994 0.025386071 0.997139573 -0.071193419 -3.321684599 -0.991708815 0.016145349 -0.127488911 83.525718689
-0.125613481 0.075011291 0.989238262 55.261333466 0.024947168 0.997060657 -0.072436690 -3.423205853 -0.991765261 0.015579652 -0.127115324 83.379554749
-0.126086891 0.073960543 0.989257276 56.317047119 0.021830618 0.997181892 -0.071770631 -3.501685619 -0.991778612 0.012546744 -0.127345905 83.263984680
-0.126177981 0.072965845 0.989320338 57.397605896 0.017890180 0.997295439 -0.071272410 -3.584020376 -0.991845250 0.008706043 -0.127142102 83.136260986
-0.125975817 0.073709838 0.989290178 58.476615906 0.013542784 0.997270167 -0.072579943 -3.676161528 -0.991940379 0.004254397 -0.126629934 82.995262146
-0.126569703 0.073827051 0.989205599 59.552310944 0.009418253 0.997270584 -0.073223948 -3.764764309 -0.991912425 0.000048622 -0.126919314 82.879570007
-0.126983389 0.073269196 0.989194095 60.653320312 0.006371666 0.997307241 -0.073052272 -3.866940498 -0.991883874 -0.002973646 -0.127108052 82.751296997
-0.126721382 0.068087913 0.989596903 61.751831055 0.006191689 0.997676253 -0.067850985 -3.946195602 -0.991918921 -0.002470900 -0.126847953 82.606765747
-0.127233848 0.060108896 0.990048826 62.851825714 0.009588078 0.998189628 -0.059371024 -4.022468567 -0.991825879 0.001938628 -0.127579540 82.450317383
-0.127202615 0.055179272 0.990339816 63.981136322 0.016329618 0.998432219 -0.053532798 -4.073870659 -0.991741836 0.009362332 -0.127903953 82.313110352
-0.126390666 0.056950275 0.990344524 65.068038940 0.023261961 0.998245597 -0.054435950 -4.169623852 -0.991706848 0.016157083 -0.127493739 82.179283142
-0.124846019 0.061861128 0.990244925 66.201644897 0.028006272 0.997876167 -0.058807008 -4.260931015 -0.991780162 0.020391224 -0.126313105 81.995872498
-0.124859862 0.067692831 0.989861667 67.263870239 0.031917747 0.997427225 -0.064184219 -4.314994812 -0.991660237 0.023580108 -0.126699001 81.894027710
-0.124018706 0.070421442 0.989776075 68.374626160 0.031904805 0.997245908 -0.066955268 -4.439570904 -0.991766512 0.023274945 -0.125923425 81.754699707
-0.124034412 0.069693848 0.989826560 69.509185791 0.031031270 0.997314811 -0.066332631 -4.489263535 -0.991791964 0.022488028 -0.125863820 81.642181396
-0.123249285 0.065345734 0.990221262 70.642135620 0.031263884 0.997589946 -0.061940741 -4.545209885 -0.991882622 0.023323987 -0.124994971 81.502365112
-0.122759886 0.062933020 0.990438282 71.789360046 0.027605705 0.997817636 -0.059980366 -4.631650448 -0.992051780 0.019978546 -0.124229059 81.351959229
-0.122738101 0.063899092 0.990380108 72.953613281 0.026001578 0.997789025 -0.061154798 -4.734470844 -0.992097557 0.018245352 -0.124128222 81.197006226
-0.122580566 0.068248414 0.990108430 74.062156677 0.025437130 0.997520804 -0.065610155 -4.830736160 -0.992132008 0.017142972 -0.124012470 81.053459167
-0.121938832 0.071129121 0.989983857 75.218063354 0.026930720 0.997298717 -0.068337619 -4.911803722 -0.992172003 0.018328013 -0.123524442 80.923347473
-0.122287385 0.069437221 0.990062058 76.326408386 0.024910573 0.997449636 -0.066878587 -5.020636559 -0.992181480 0.016484585 -0.123704992 80.797134399
-0.120829351 0.064102732 0.990601718 77.516929626 0.028849615 0.997717261 -0.061044317 -5.066763401 -0.992253006 0.021202447 -0.122402936 80.644218445
-0.120747484 0.062126569 0.990736485 78.716323853 0.028364567 0.997847676 -0.059115585 -5.160936832 -0.992277324 0.020963730 -0.122249551 80.503845215
-0.120970383 0.064719155 0.990543246 79.849784851 0.025634021 0.997742772 -0.062059056 -5.241357327 -0.992324412 0.017884277 -0.122356094 80.363471985
-0.121032283 0.067432724 0.990353346 80.989273071 0.024184719 0.997593880 -0.064970143 -5.334552765 -0.992353559 0.016087996 -0.122371368 80.237030029
-0.121143959 0.066913739 0.990376115 82.173126221 0.023805080 0.997633874 -0.064492293 -5.414852619 -0.992348790 0.015763119 -0.122449949 80.091796875
-0.120390758 0.063963883 0.990662813 83.354057312 0.023582764 0.997824311 -0.061560426 -5.487093449 -0.992445767 0.015951248 -0.121637017 79.964332581
-0.119325675 0.062534876 0.990883946 84.553421021 0.024085095 0.997902513 -0.060077459 -5.586136818 -0.992561877 0.016696664 -0.120581575 79.808654785
-0.118760891 0.062888995 0.990928292 85.744293213 0.025657238 0.997852921 -0.060253557 -5.674331665 -0.992590547 0.018268703 -0.120119214 79.646720886
-0.117514506 0.062933668 0.991074026 86.930000305 0.027812988 0.997806728 -0.060063384 -5.758404255 -0.992680788 0.020506401 -0.119006887 79.505233765
-0.116232321 0.062962711 0.991222024 88.144226074 0.027893882 0.997801840 -0.060109831 -5.831894875 -0.992829978 0.020662399 -0.117732532 79.385330200
-0.115234874 0.062698759 0.991356492 89.315856934 0.027353028 0.997827530 -0.059928592 -5.935193062 -0.992960930 0.020210730 -0.116699249 79.238632202
-0.113490202 0.061650522 0.991623461 90.538009644 0.029893402 0.997832716 -0.058615346 -6.012791634 -0.993088663 0.022990730 -0.115086883 79.114768982
-0.113018520 0.060645316 0.991740465 91.756080627 0.027776340 0.997937799 -0.057858959 -6.094753265 -0.993203461 0.021007715 -0.114469968 78.973068237
-0.110790737 0.060148746 0.992020845 92.975608826 0.029313155 0.997930169 -0.057233337 -6.172634125 -0.993410647 0.022738339 -0.112324290 78.848114014
-0.108841799 0.060932413 0.992188692 94.195304871 0.027924953 0.997912824 -0.058220666 -6.255069256 -0.993665993 0.021369981 -0.110315882 78.718032837
-0.108485416 0.062773630 0.992111623 95.425506592 0.026888145 0.997824490 -0.060194947 -6.349557400 -0.993733764 0.020145841 -0.109936692 78.581779480
-0.106960431 0.062568933 0.992291451 96.642288208 0.025829440 0.997855902 -0.060135636 -6.414840221 -0.993926823 0.019198196 -0.108346917 78.470489502
-0.106630236 0.061026458 0.992424428 97.904121399 0.022390751 0.998008788 -0.058964133 -6.512538433 -0.994045556 0.015933702 -0.107784294 78.330772400
-0.106380939 0.061120331 0.992444038 99.140090942 0.017984031 0.998064041 -0.059538726 -6.611999989 -0.994162023 0.011514360 -0.107273862 78.223594666
-0.107098810 0.060944293 0.992376328 100.378883362 0.015626803 0.998099744 -0.059609324 -6.688433170 -0.994125128 0.009123638 -0.107847080 78.086730957
-0.108147450 0.059060760 0.992377818 101.651428223 0.014997984 0.998217106 -0.057773851 -6.767816067 -0.994020998 0.008635568 -0.108840123 77.952476501
-0.108715534 0.057164472 0.992426753 102.888984680 0.012062334 0.998347521 -0.056184173 -6.857356548 -0.993999004 0.005862885 -0.109225117 77.848503113
-0.110394396 0.056304466 0.992291868 104.144538879 0.009927007 0.998406351 -0.055547062 -6.943925858 -0.993837178 0.003718347 -0.110777415 77.695343018
-0.112952508 0.056240391 0.992006361 105.414604187 0.009010976 0.998413503 -0.055577662 -7.031546116 -0.993558645 0.002661298 -0.113279849 77.545578003
-0.114857994 0.054585937 0.991878510 106.652961731 0.009301381 0.998504400 -0.053873513 -7.114311218 -0.993337929 0.003038074 -0.115193449 77.424369812
-0.117187545 0.051575687 0.991768360 107.929878235 0.010453398 0.998659134 -0.050698869 -7.168471813 -0.993053973 0.004426066 -0.117569305 77.291343689
-0.121905312 0.050659187 0.991248190 109.168014526 0.007570785 0.998714745 -0.050109725 -7.259547234 -0.992511868 0.001395827 -0.122132145 77.145263672
-0.127788216 0.055132370 0.990266740 110.406234741 0.001457480 0.998463094 -0.055400629 -7.357657909 -0.991799772 -0.005636270 -0.127671912 77.005416870
-0.136153609 0.057514470 0.989015639 111.657226562 -0.002486683 0.998290241 -0.058396161 -7.444214344 -0.990683913 -0.010410235 -0.135777563 76.809349060
-0.144026175 0.054837737 0.988050997 112.875190735 0.003201406 0.998483837 -0.054950118 -7.521232128 -0.989568353 -0.004751076 -0.143982902 76.672828674
-0.154001296 0.052747071 0.986660600 114.126007080 0.005624581 0.998604417 -0.052507710 -7.599082470 -0.988053918 -0.002536712 -0.154082820 76.514183044
-0.167452112 0.052999262 0.984453380 115.337837219 0.006106719 0.998590291 -0.052721620 -7.709497452 -0.985860646 -0.002816576 -0.167539477 76.288536072
-0.182138920 0.052786656 0.981854677 116.549758911 0.006001304 0.998598635 -0.052573565 -7.793335438 -0.983253539 -0.003683331 -0.182200432 76.060951233
-0.195823088 0.052736562 0.979219079 117.783279419 0.008471067 0.998606324 -0.052086659 -7.847060204 -0.980601966 -0.001904750 -0.195996746 75.842971802
-0.211750433 0.053324651 0.975866020 118.977607727 0.010907916 0.998576999 -0.052198846 -7.952979088 -0.977262616 -0.000408426 -0.212030500 75.573310852
-0.226763085 0.057424754 0.972254574 120.162101746 0.012010757 0.998349130 -0.056164689 -8.026600838 -0.973875284 -0.001058570 -0.227078259 75.312896729
-0.242475316 0.060021315 0.968299270 121.322387695 0.010709508 0.998188972 -0.059192270 -8.122735023 -0.970097482 -0.003982701 -0.242678925 75.013641357
-0.257866979 0.058592990 0.964401186 122.505851746 0.008703491 0.998259664 -0.058322940 -8.208470345 -0.966140628 -0.006645913 -0.257928103 74.747894287
-0.273592055 0.053596605 0.960350335 123.666442871 0.003538607 0.998495460 -0.054717384 -8.276254654 -0.961838663 -0.011571952 -0.273370028 74.427940369
-0.289559335 0.050196338 0.955840647 124.837974548 -0.000736074 0.998611867 -0.052665524 -8.350164413 -0.957159221 -0.015953356 -0.289120436 74.073333740
-0.305304766 0.049578384 0.950962126 125.977546692 -0.003565376 0.998577058 -0.053205479 -8.447040558 -0.952247322 -0.019634437 -0.304693460 73.710083008
-0.319184572 0.052261256 0.946250737 127.122375488 -0.003578613 0.998404503 -0.056348849 -8.525272369 -0.947684884 -0.021371966 -0.318488151 73.352813721
-0.333930492 0.053886715 0.941055179 128.250976562 -0.002205060 0.998316884 -0.057948150 -8.617263794 -0.942594528 -0.021425739 -0.333249599 72.966011047
-0.347505301 0.053983767 0.936120450 129.391067505 -0.000613832 0.998327792 -0.057799034 -8.697367668 -0.937677264 -0.020660078 -0.346891254 72.551086426
-0.361784250 0.052033458 0.930807590 130.505859375 -0.001223948 0.998413503 -0.056288488 -8.781488419 -0.932260394 -0.021503553 -0.361146599 72.117370605
-0.376295865 0.051237892 0.925080597 131.623947144 -0.000929334 0.998447835 -0.055679593 -8.864932060 -0.926498413 -0.021811713 -0.375664204 71.670097351
-0.390954733 0.052177802 0.918929994 132.727706909 -0.002608981 0.998324454 -0.057795901 -8.951108932 -0.920405507 -0.024993060 -0.390163362 71.237380981
-0.405937195 0.053926662 0.912307560 133.799133301 -0.002299625 0.998193681 -0.060026679 -9.043704033 -0.913897395 -0.026465023 -0.405079991 70.759170532
-0.420678765 0.056121495 0.905469894 134.898391724 -0.000433223 0.998071909 -0.062062368 -9.120173454 -0.907208979 -0.026500570 -0.419843644 70.277603149
-0.435357481 0.059093721 0.898315132 135.984786987 0.002924780 0.997930408 -0.064229302 -9.209126472 -0.900252283 -0.025335325 -0.434629381 69.778503418
-0.449619025 0.062617280 0.891021848 137.055877686 0.002960191 0.997638285 -0.068616152 -9.306918144 -0.893214762 -0.028213527 -0.448742598 69.241012573
-0.465064973 0.063411623 0.883002877 138.128387451 0.002145807 0.997508645 -0.070504613 -9.413730621 -0.885272920 -0.030894477 -0.464042217 68.679473877
-0.480188221 0.062570937 0.874929786 139.193283081 0.002008632 0.997528017 -0.070236251 -9.499571800 -0.877162278 -0.031969212 -0.479126990 68.108055115
-0.496066958 0.057264175 0.866391361 140.265182495 -0.002142156 0.997738898 -0.067172192 -9.582297325 -0.868280768 -0.035177868 -0.494823039 67.512489319
-0.512508929 0.057003442 0.856786609 141.324676514 -0.002457264 0.997692406 -0.067848086 -9.691214561 -0.858677387 -0.036878102 -0.511186242 66.912841797
-0.528215110 0.056184661 0.847250223 142.358642578 -0.004158466 0.997624993 -0.068749279 -9.771374702 -0.849099278 -0.039837647 -0.526726723 66.268043518
-0.544224799 0.055758696 0.837083399 143.403442383 -0.004086139 0.997600675 -0.069107495 -9.861639977 -0.838928461 -0.041030455 -0.542691231 65.622001648
-0.559944749 0.054512702 0.826732159 144.435958862 -0.006343166 0.997521639 -0.070070453 -9.966933250 -0.828504562 -0.044479702 -0.558211803 64.945381165
-0.575279713 0.054388274 0.816145480 145.455764771 -0.006082622 0.997474551 -0.070759676 -10.073417664 -0.817932904 -0.045670923 -0.573496282 64.245803833
-0.590257347 0.051197298 0.805590510 146.457931519 -0.007385408 0.997601926 -0.068811506 -10.161183357 -0.807180047 -0.046566088 -0.588463366 63.518623352
-0.605761051 0.048360303 0.794174612 147.455612183 -0.006848146 0.997796774 -0.065983206 -10.246572495 -0.795615911 -0.045408674 -0.604095459 62.772911072
-0.620497942 0.046363380 0.782833517 148.442459106 -0.006460731 0.997914374 -0.064222597 -10.349850655 -0.784180164 -0.044907700 -0.618904948 62.013198853
-0.635293603 0.045150619 0.770948529 149.420318604 -0.006816975 0.997922480 -0.064060874 -10.435346603 -0.772239327 -0.045953020 -0.633665979 61.234310150
-0.650034487 0.045316663 0.758552909 150.378479004 -0.008976717 0.997692287 -0.067295633 -10.547802925 -0.759850323 -0.050553806 -0.648126900 60.432441711
-0.665258348 0.045174506 0.745244086 151.320739746 -0.010650817 0.997491658 -0.069972754 -10.651700974 -0.746535838 -0.054487452 -0.663108468 59.609550476
-0.681225955 0.041251302 0.730907202 152.278106689 -0.013637395 0.997522473 -0.069009185 -10.749131203 -0.731944799 -0.056978565 -0.678976297 58.769664764
-0.697588205 0.035522550 0.715616703 153.206375122 -0.015997749 0.997748792 -0.065122090 -10.823571205 -0.716318965 -0.056876697 -0.695449471 57.891181946
-0.713832915 0.031475279 0.699608982 154.108535767 -0.018610125 0.997783959 -0.063878633 -10.932781219 -0.700067222 -0.058618505 -0.711664498 56.991821289
-0.730991542 0.029783793 0.681735039 154.984222412 -0.019221706 0.997751713 -0.064200558 -11.039282799 -0.682114184 -0.060034223 -0.728775501 56.059219360
-0.748175323 0.025070429 0.663024127 155.870056152 -0.023732768 0.997635186 -0.064503640 -11.126755714 -0.663074911 -0.063995495 -0.745811701 55.107624054
-0.765362382 0.025193065 0.643105149 156.726852417 -0.021665767 0.997658491 -0.064866960 -11.197943687 -0.643233418 -0.063580126 -0.763024330 54.178718567
-0.781536460 0.024790017 0.623365641 157.546554565 -0.021734716 0.997521460 -0.066919141 -11.335228920 -0.623479366 -0.065848455 -0.779060483 53.184787750
-0.796023488 0.025891274 0.604712486 158.315673828 -0.017457599 0.997686505 -0.065697424 -11.412695885 -0.605012596 -0.062853515 -0.793728888 52.168685913
-0.810290396 0.026171317 0.585442722 159.069091797 -0.014389088 0.997812331 -0.064521171 -11.526907921 -0.585850358 -0.060704876 -0.808140993 51.109806061
-0.824800491 0.027654847 0.564746022 159.817855835 -0.012624728 0.997653186 -0.067291997 -11.623880386 -0.565281451 -0.062632225 -0.822515547 50.051486969
-0.838249087 0.029148895 0.544505000 160.523361206 -0.011828265 0.997362971 -0.071601100 -11.730961800 -0.545157731 -0.066460080 -0.835694492 49.004512787
-0.851155460 0.029607408 0.524077058 161.209152222 -0.009407214 0.997386873 -0.071625151 -11.834628105 -0.524828196 -0.065894216 -0.848652422 47.928356171
-0.862769186 0.028975980 0.504767954 161.873733521 -0.007165134 0.997555137 -0.069511153 -11.938461304 -0.505546451 -0.063588791 -0.860450685 46.810432434
-0.873194098 0.029497879 0.486477911 162.508499146 -0.005781371 0.997469306 -0.070859425 -12.038049698 -0.487336755 -0.064686514 -0.870813429 45.713535309
-0.882581890 0.033143178 0.468985319 163.112335205 -0.002039309 0.997232795 -0.074312396 -12.157859802 -0.470151663 -0.066543132 -0.880073011 44.583084106
-0.891506433 0.030766947 0.451962918 163.704650879 -0.004028622 0.997112513 -0.075824060 -12.262675285 -0.452989459 -0.069418393 -0.888806880 43.460430145
-0.899581611 0.028590040 0.435811520 164.278701782 -0.004910199 0.997129917 -0.075549163 -12.365068436 -0.436721802 -0.070102558 -0.896860480 42.315704346
-0.906732917 0.026122721 0.420896381 164.833938599 -0.006293530 0.997129679 -0.075444445 -12.480853081 -0.421657801 -0.071056858 -0.903964400 41.158802032
-0.913160324 0.025210509 0.406818211 165.354354858 -0.005982111 0.997148633 -0.075221054 -12.590269089 -0.407554537 -0.071122505 -0.910405517 40.017349243
-0.919404268 0.022138078 0.392684668 165.879516602 -0.007741093 0.997202456 -0.074343197 -12.698698044 -0.393233001 -0.071391314 -0.916662335 38.836845398
-0.924988627 0.017914919 0.379569739 166.383666992 -0.009818141 0.997427285 -0.071002916 -12.794540405 -0.379865229 -0.069403552 -0.922433197 37.643848419
-0.929805517 0.013815209 0.367789209 166.855407715 -0.011739935 0.997672975 -0.067155249 -12.900617599 -0.367861062 -0.066759147 -0.927479863 36.460872650
-0.934108496 0.014794760 0.356683314 167.337753296 -0.008967812 0.997852325 -0.064875230 -12.994504929 -0.356875926 -0.063799165 -0.931968570 35.251838684
-0.937298179 0.018402630 0.348039836 167.780990601 -0.004502975 0.997881711 -0.064890057 -13.116172791 -0.348496795 -0.062388558 -0.935229957 34.048282623
-0.939458609 0.024250153 0.341800719 168.228683472 0.001156228 0.997710764 -0.067607976 -13.217495918 -0.342657804 -0.063119717 -0.937336147 32.843158722
-0.941288352 0.027194617 0.336500049 168.655822754 0.004089368 0.997595549 -0.069182843 -13.316011429 -0.337573439 -0.063744970 -0.939137757 31.644742966
-0.943171680 0.025096668 0.331353813 169.091018677 0.002388730 0.997629941 -0.068761103 -13.421638489 -0.332294077 -0.064062022 -0.940996468 30.428020477
-0.944884956 0.018173201 0.326895148 169.532104492 -0.003425607 0.997854471 -0.065375902 -13.511487961 -0.327381760 -0.062892519 -0.942795515 29.212759018
-0.946756542 0.012304724 0.321712285 169.960296631 -0.008532158 0.997959137 -0.063278720 -13.617364883 -0.321834207 -0.062654436 -0.944719374 27.988271713
-0.948191404 0.005351755 0.317655802 170.399734497 -0.016008515 0.997782826 -0.064595200 -13.707136154 -0.317295939 -0.066333733 -0.946001649 26.785280228
-0.949336112 0.002596351 0.314249158 170.812011719 -0.019530360 0.997545302 -0.067242503 -13.811710358 -0.313652247 -0.069973126 -0.946954846 25.570291519
-0.950242162 0.002389040 0.311500192 171.202987671 -0.020189768 0.997395635 -0.069239244 -13.911403656 -0.310854197 -0.072083145 -0.947718978 24.356611252
-0.950369596 0.003674933 0.311094612 171.636184692 -0.019483358 0.997264564 -0.071300983 -14.015446663 -0.310506582 -0.073823527 -0.947699785 23.125225067
-0.950317740 0.006302717 0.311215222 172.039230347 -0.017333226 0.997172058 -0.073123045 -14.135690689 -0.310795933 -0.074884474 -0.947520852 21.906744003
-0.950096905 0.007311729 0.311871290 172.449203491 -0.016815532 0.997071028 -0.074603513 -14.230223656 -0.311502248 -0.076124758 -0.947189152 20.693376541
-0.949395418 0.008314800 0.313970864 172.877044678 -0.016425353 0.996966958 -0.076070048 -14.348320961 -0.313651025 -0.077377602 -0.946379006 19.474658966
-0.948850513 0.010218110 0.315558344 173.285415649 -0.014522516 0.997005403 -0.075951889 -14.462520599 -0.315389454 -0.076649621 -0.945860386 18.250511169
-0.948053300 0.009907237 0.317950726 173.671340942 -0.014952303 0.997022092 -0.075651392 -14.577147484 -0.317754298 -0.076475628 -0.945083618 17.059402466
-0.946878731 0.008096042 0.321486652 174.087493896 -0.017225690 0.996970773 -0.075842023 -14.686746597 -0.321126699 -0.077350996 -0.943870783 15.848184586
-0.945221722 0.007313876 0.326344550 174.526412964 -0.017668130 0.997136831 -0.073521309 -14.799283981 -0.325947732 -0.075259812 -0.942386091 14.626754761
-0.943128645 0.005311035 0.332387298 174.943786621 -0.019153366 0.997342825 -0.070282429 -14.906902313 -0.331876189 -0.072651669 -0.940518737 13.444721222
-0.940886796 0.003268704 0.338703245 175.361373901 -0.020873867 0.997492969 -0.067612268 -15.001759529 -0.338075012 -0.070685498 -0.938459575 12.260663033
-0.937960446 0.005274993 0.346699715 175.826278687 -0.018971777 0.997605503 -0.066504769 -15.118154526 -0.346220165 -0.068956316 -0.935614228 11.055753708
-0.934761524 0.006031115 0.355218768 176.264389038 -0.019050734 0.997566223 -0.067069769 -15.212202072 -0.354759663 -0.069461353 -0.932373345 9.890105247
-0.931185067 0.007661954 0.364464432 176.731307983 -0.018477194 0.997501791 -0.068178236 -15.323308945 -0.364076167 -0.070220783 -0.928716898 8.702973366
-0.926871419 0.010294635 0.375235856 177.222900391 -0.016639549 0.997514188 -0.068468451 -15.418583870 -0.375007808 -0.069705144 -0.924395859 7.508243561
-0.922171056 0.012388649 0.386581928 177.701751709 -0.015560461 0.997489154 -0.069084965 -15.517874718 -0.386467010 -0.069723479 -0.919662595 6.367903709
-0.916463614 0.014183062 0.399868131 178.227188110 -0.015347012 0.997389734 -0.070550755 -15.625401497 -0.399823785 -0.070793904 -0.913851559 5.172364235
-0.910476804 0.017134221 0.413203537 178.757034302 -0.013174994 0.997432172 -0.070390962 -15.735388756 -0.413348526 -0.069533214 -0.907912731 4.039072514
-0.904407978 0.016633006 0.426342815 179.278839111 -0.013607791 0.997606754 -0.067786366 -15.822339058 -0.426449955 -0.067108043 -0.902016759 2.890378952
-0.897635281 0.019822165 0.440291435 179.867904663 -0.011053391 0.997661054 -0.067450225 -15.939384460 -0.440598637 -0.065412335 -0.895316482 1.722141981
-0.890969932 0.021777999 0.453534931 180.412033081 -0.009768241 0.997698486 -0.067097723 -16.030242920 -0.453953713 -0.064212255 -0.888708174 0.607456923
-0.883439839 0.023831900 0.467936307 181.000305176 -0.007268138 0.997888029 -0.064544179 -16.136877060 -0.468486339 -0.060421877 -0.881400704 -0.506195962
-0.875513911 0.026061414 0.482487887 181.605636597 -0.004163794 0.998100042 -0.061467636 -16.233222961 -0.483173221 -0.055824708 -0.873741686 -1.652042627
-0.867922068 0.028335469 0.495892674 182.226440430 -0.001249356 0.998243153 -0.059226580 -16.338899612 -0.496698380 -0.052023590 -0.866359770 -2.709949255
-0.858687520 0.031687185 0.511517406 182.854080200 0.002213808 0.998306572 -0.058126248 -16.431577682 -0.512493074 -0.048779842 -0.857303083 -3.776039600
-0.847983897 0.035100371 0.528857052 183.509552002 0.005973761 0.998373926 -0.056683905 -16.519132614 -0.529986858 -0.044907723 -0.846814275 -4.862896919
-0.837540269 0.036913212 0.545123160 184.164611816 0.007979274 0.998435259 -0.055350028 -16.615945816 -0.546314895 -0.042008080 -0.836525440 -5.887099743
-0.825829685 0.037914488 0.562642276 184.873443604 0.008858256 0.998486221 -0.054282673 -16.711231232 -0.563848555 -0.039844163 -0.824914753 -6.945769787
-0.814580202 0.041425787 0.578570902 185.569808960 0.011975129 0.998434365 -0.054628074 -16.782541275 -0.579926610 -0.037570495 -0.813798606 -7.906043530
-0.802218318 0.041651327 0.595574975 186.289688110 0.011561203 0.998460054 -0.054254495 -16.876234055 -0.596917629 -0.036638327 -0.801463664 -8.914135933
-0.788093567 0.042992495 0.614051044 187.056381226 0.013872035 0.998544812 -0.052108891 -16.963258743 -0.615397871 -0.032548483 -0.787542462 -9.914882660
-0.773148179 0.044767477 0.632640064 187.827056885 0.016865822 0.998604119 -0.050052654 -17.054300308 -0.633999705 -0.028027954 -0.772824824 -10.828563690
