1.000000000 0.000000000 0.000000000 0.000000000 0.000000000 1.000000000 0.000000001 0.000000000 0.000000000 0.000000001 1.000000000 0.000000000
0.999998271 0.000868212 0.001647249 -0.004070555 -0.000860210 0.999987841 -0.004851848 -0.001696281 -0.001651442 0.004850423 0.999986887 0.951562524
0.999996841 0.000273458 0.002503821 -0.000123825 -0.000260293 0.999986172 -0.005256807 -0.002726745 -0.002505224 0.005256138 0.999983072 1.900241017
0.999994397 -0.002067941 0.002624457 -0.006984665 0.002072808 0.999996066 -0.001853576 -0.000215751 -0.002620613 0.001859008 0.999994874 2.870837927
0.999984562 -0.005255258 0.001827532 -0.002579660 0.005247441 0.999977171 0.004256956 -0.001344289 -0.001849862 -0.004247299 0.999989271 3.816992044
0.999973774 -0.007227622 0.000346367 0.003223329 0.007225991 0.999963701 0.004503398 -0.004460410 -0.000378904 -0.004500776 0.999989748 4.749031544
0.999939740 -0.010972493 -0.000249794 -0.000723267 0.010972830 0.999938726 0.001385561 0.002664351 0.000234577 -0.001388216 0.999998987 5.689882755
0.999939084 -0.010971346 -0.001242695 -0.013905036 0.010969368 0.999938488 -0.001588627 0.004585929 0.001260050 0.001574900 0.999997854 6.624774456
0.999936283 -0.011036307 -0.002392297 -0.021249348 0.011031513 0.999936938 -0.002007877 0.004556376 0.002414308 0.001981361 0.999995053 7.548280716
0.999932051 -0.011325366 -0.002849307 -0.019343007 0.011323242 0.999935567 -0.000760243 0.001815835 0.002857732 0.000727931 0.999995351 8.478434563
0.999931931 -0.011169089 -0.003410769 -0.016908962 0.011174327 0.999936342 0.001519706 0.006863181 0.003393579 -0.001557712 0.999992788 9.381358147
0.999929190 -0.011077933 -0.004394888 -0.025857143 0.011093161 0.999932468 0.003454824 0.003311294 0.004356320 -0.003503329 0.999984145 10.295943260
0.999911368 -0.012389629 -0.004904167 -0.040425073 0.012410660 0.999913812 0.004280316 0.005785204 0.004850719 -0.004340798 0.999978602 11.233692169
0.999902308 -0.012657496 -0.005946334 -0.054528989 0.012683507 0.999909937 0.004356841 0.007531167 0.005890655 -0.004431832 0.999972641 12.133448601
0.999892890 -0.012998717 -0.006734324 -0.073924020 0.013019543 0.999910355 0.003058048 0.009289214 0.006693972 -0.003145395 0.999972463 13.036135674
0.999895334 -0.012274901 -0.007667945 -0.068115272 0.012285332 0.999923587 0.001314511 0.005802271 0.007651226 -0.001408573 0.999969542 13.950650215
0.999851286 -0.014410592 -0.009449959 -0.075761311 0.014406802 0.999895871 -0.000468798 0.007614073 0.009455733 0.000332590 0.999955058 14.836826324
0.999848187 -0.013540229 -0.010956172 -0.086598039 0.013529642 0.999907792 -0.001039931 0.014510161 0.010969245 0.000891543 0.999939203 15.737265587
0.999846816 -0.012146400 -0.012590410 -0.100421295 0.012128117 0.999925077 -0.001527535 0.005125622 0.012608023 0.001374607 0.999919415 16.645389557
0.999832809 -0.011353965 -0.014317614 -0.122389860 0.011329584 0.999934018 -0.001783031 0.005500209 0.014336915 0.001620526 0.999895751 17.532106400
0.999808550 -0.011656809 -0.015705755 -0.137334108 0.011637516 0.999931097 -0.001319417 0.005836326 0.015720053 0.001136395 0.999875605 18.419504166
0.999787927 -0.011629286 -0.016987659 -0.158364788 0.011625261 0.999932110 -0.000335849 0.001467220 0.016990414 0.000138298 0.999855459 19.316329956
0.999762118 -0.011641801 -0.018438669 -0.186000556 0.011652988 0.999931693 0.000498924 0.001616808 0.018431600 -0.000713663 0.999829769 20.179668427
0.999731779 -0.011523290 -0.020078002 -0.199982509 0.011538481 0.999933064 0.000640872 -0.005875299 0.020069266 -0.000872363 0.999798119 21.060096741
0.999701142 -0.010998259 -0.021820286 -0.225698262 0.011009730 0.999939024 0.000405527 -0.010623228 0.021814492 -0.000645636 0.999761701 21.944017410
0.999681294 -0.010884863 -0.022770854 -0.248114258 0.010900488 0.999940157 0.000562028 -0.006044461 0.022763368 -0.000810057 0.999740481 22.796937943
0.999655187 -0.010997351 -0.023834722 -0.270380586 0.011046931 0.999936819 0.001949304 0.003859971 0.023811765 -0.002211929 0.999714017 23.661540985
0.999616444 -0.012764496 -0.024554277 -0.297944129 0.012890147 0.999904275 0.004965867 -0.000174198 0.024488512 -0.005280475 0.999686420 24.486318588
0.999595344 -0.012997687 -0.025291815 -0.321602613 0.013154555 0.999894798 0.006045580 0.004893694 0.025210571 -0.006375836 0.999661803 25.323116302
0.999593735 -0.012415342 -0.025647463 -0.344364405 0.012562694 0.999905109 0.005591800 0.003686108 0.025575602 -0.005911729 0.999655366 26.160057068
0.999589026 -0.010468353 -0.026691915 -0.378278345 0.010551884 0.999939442 0.002989974 -0.002432027 0.026659014 -0.003270386 0.999638975 26.963701248
0.999572635 -0.009879994 -0.027506433 -0.404168695 0.009929124 0.999948859 0.001649901 -0.004548754 0.027488725 -0.001922306 0.999620199 27.778656006
0.999555051 -0.008925626 -0.028455500 -0.435235351 0.008966527 0.999958336 0.001309826 -0.004871849 0.028442631 -0.001564384 0.999594152 28.585006714
0.999514878 -0.009531644 -0.029647900 -0.462393016 0.009554493 0.999953568 0.000628892 -0.006672545 0.029640540 -0.000911851 0.999560118 29.357753754
0.999457479 -0.009199832 -0.031612311 -0.487436503 0.009194613 0.999956846 -0.000310399 -0.008752283 0.031613812 0.000019572 0.999500453 30.122022629
0.999397993 -0.008963791 -0.033512075 -0.518282294 0.008950675 0.999959111 -0.000541598 -0.015580408 0.033515573 0.000241324 0.999438226 30.901670456
0.999323905 -0.008889402 -0.035672266 -0.553650498 0.008911493 0.999959469 0.000460115 -0.011805857 0.035666749 -0.000777689 0.999363482 31.648458481
0.999255717 -0.008973420 -0.037514493 -0.577534497 0.009063540 0.999955714 0.002232649 -0.011638966 0.037492812 -0.002570995 0.999293625 32.399127960
0.999192059 -0.008285010 -0.039332930 -0.616681814 0.008459834 0.999954522 0.004279842 -0.008830888 0.039295696 -0.004609122 0.999216795 33.143196106
0.999114156 -0.007698773 -0.041368917 -0.657287776 0.007895257 0.999957561 0.004588050 -0.010223492 0.041331857 -0.004910599 0.999133468 33.863037109
0.999057114 -0.005389682 -0.043077156 -0.686445951 0.005561131 0.999976397 0.003860962 -0.007398807 0.043055352 -0.004096873 0.999064326 34.588493347
0.998977661 -0.002662219 -0.045126736 -0.737835407 0.002812404 0.999990046 0.003264708 -0.016393442 0.045117620 -0.003388279 0.998975992 35.288185120
0.998912036 -0.001944913 -0.046585023 -0.762340784 0.002148812 0.999987543 0.004327358 -0.011051298 0.046576079 -0.004422758 0.998905182 35.985603333
0.998861015 -0.001446922 -0.047690369 -0.799387991 0.001727088 0.999980628 0.005833809 -0.007299243 0.047681045 -0.005909528 0.998845100 36.686611176
0.998861313 0.000617350 -0.047701377 -0.831975698 -0.000307279 0.999978006 0.006507121 0.001056337 0.047704384 -0.006485054 0.998840392 37.343917847
0.998898029 0.005143856 -0.046649650 -0.877639651 -0.004923080 0.999975204 0.004845774 -0.009255495 0.046673413 -0.004610765 0.998899281 38.011165619
0.998968244 0.006496300 -0.044943921 -0.912126541 -0.006419594 0.999976873 0.001850573 -0.008531591 0.044954922 -0.001560137 0.998987675 38.665679932
0.999060392 0.006948488 -0.042775493 -0.946368039 -0.006955053 0.999974847 -0.000004929 -0.009001547 0.042774405 0.000302437 0.999084651 39.304878235
0.999184310 0.007636182 -0.039650980 -0.970547795 -0.007620083 0.999969840 0.000556778 -0.008471307 0.039654057 -0.000254174 0.999213398 39.938354492
0.999259233 0.012740408 -0.036313638 -1.011722326 -0.012628793 0.999913871 0.003300851 -0.005645248 0.036352582 -0.002839803 0.999334931 40.587726593
0.999319136 0.017284520 -0.032596804 -1.033928990 -0.017073864 0.999830902 0.006729472 -0.001833674 0.032707661 -0.006168339 0.999446213 41.198570251
0.999369204 0.021845929 -0.027998593 -1.051192045 -0.021635158 0.999734640 0.007807869 -0.008012360 0.028161747 -0.007197186 0.999577522 41.804401398
0.999395788 0.026532190 -0.022455771 -1.076231241 -0.026354142 0.999618232 0.008186460 -0.009684186 0.022664413 -0.007589707 0.999714375 42.395206451
0.999416292 0.029756173 -0.016790222 -1.093652606 -0.029592102 0.999511778 0.009935007 -0.005531764 0.017077658 -0.009432347 0.999809742 42.953266144
0.999337852 0.035006147 -0.009938266 -1.091561198 -0.034897152 0.999330163 0.010932169 0.002050071 0.010314306 -0.010578112 0.999890864 43.501201630
0.999259949 0.038345348 -0.003152140 -1.121299982 -0.038308106 0.999202967 0.011105730 0.000103183 0.003575453 -0.010976749 0.999933124 44.045738220
0.999115229 0.041857701 0.004131604 -1.110848427 -0.041900706 0.999060571 0.010953743 -0.001985587 -0.003669235 -0.011117169 0.999931514 44.545730591
0.998870432 0.046106193 0.011501475 -1.119363666 -0.046226244 0.998875737 0.010405533 -0.002941458 -0.011008802 -0.010925450 0.999879718 45.040691376
0.998520017 0.050814383 0.019385362 -1.111914992 -0.050977129 0.998666644 0.007999251 0.003359539 -0.018953063 -0.008975620 0.999780178 45.513217926
0.998251319 0.052538846 0.027090719 -1.105141997 -0.052698739 0.998595655 0.005224504 -0.010366703 -0.026778217 -0.006643012 0.999619365 45.947841644
0.997947097 0.053380392 0.035385974 -1.083487868 -0.053578284 0.998551667 0.004669471 0.004795492 -0.035085503 -0.006555801 0.999362886 46.372432709
0.997690976 0.052554280 0.043012165 -1.075327396 -0.052863665 0.998582244 0.006088238 0.001494748 -0.042631246 -0.008347970 0.999056339 46.769653320
0.997250438 0.053667147 0.051101867 -1.048810244 -0.054072890 0.998514235 0.006591856 0.007500864 -0.050672222 -0.009336959 0.998671770 47.139659882
0.996603549 0.056481820 0.059925642 -1.041337371 -0.056978814 0.998352408 0.006617695 0.008583146 -0.059453189 -0.010009714 0.998180985 47.505096436
0.995774448 0.061262853 0.068411358 -1.018762946 -0.061826531 0.998067021 0.006152481 0.010181785 -0.067902252 -0.010356124 0.997638345 47.822822571
0.994820535 0.065556929 0.077685997 -0.995512366 -0.066239767 0.997783184 0.006244814 0.005264852 -0.077104457 -0.011358369 0.996958196 48.123359680
0.994115293 0.065000311 0.086659752 -0.985758245 -0.065809362 0.997810066 0.006510323 0.001974544 -0.086046867 -0.012175038 0.996216774 48.418628693
0.993189454 0.064389281 0.097103119 -0.940063953 -0.065196015 0.997858167 0.005155850 -0.006386556 -0.096563242 -0.011451473 0.995261073 48.674343109
0.992042601 0.062627226 0.109221332 -0.889037907 -0.063076481 0.998007417 0.000659895 -0.002531785 -0.108962514 -0.007543938 0.994017661 48.939533234
0.990438819 0.063482039 0.122480698 -0.846297860 -0.063539922 0.997972429 -0.003435911 -0.002826376 -0.122450553 -0.004379350 0.992464900 49.206707001
0.988321841 0.065277062 0.137691036 -0.803627193 -0.065110579 0.997860610 -0.005716956 0.000615964 -0.137769774 -0.003314941 0.990458846 49.464603424
0.985814691 0.066607639 0.154054880 -0.761670887 -0.066277541 0.997773588 -0.007282814 -0.000158932 -0.154197127 -0.003030864 0.988035560 49.727207184
0.983031631 0.067181088 0.170692131 -0.706756711 -0.066676892 0.997735798 -0.008690914 0.001269013 -0.170889676 -0.002837769 0.985286295 49.966407776
0.979780436 0.066744208 0.188615143 -0.649518669 -0.066083334 0.997764885 -0.009796957 -0.003464070 -0.188847631 -0.002865442 0.982002437 50.216793060
0.975919127 0.065645501 0.208021000 -0.577594221 -0.064905979 0.997836232 -0.010385801 -0.011097973 -0.208252877 -0.003366098 0.978069425 50.471157074
0.971377075 0.066114791 0.228157133 -0.513118565 -0.065161966 0.997804761 -0.011714701 -0.013162067 -0.228431046 -0.003487769 0.973554015 50.696403503
0.966073632 0.068009235 0.249152556 -0.434857488 -0.066622183 0.997678757 -0.014005173 -0.017972318 -0.249527022 -0.003069055 0.968363225 50.939403534
0.959810734 0.069278277 0.271964192 -0.340922296 -0.067359492 0.997592926 -0.016396074 -0.016195353 -0.272445709 -0.002582237 0.962167919 51.195018768
0.952413678 0.070929997 0.296441227 -0.251419842 -0.069035724 0.997470379 -0.016866961 -0.032429244 -0.296888113 -0.004400697 0.954902768 51.415657043
0.943843484 0.074074522 0.321982682 -0.160031796 -0.072197624 0.997230768 -0.017784024 -0.036157291 -0.322408676 -0.006461039 0.946578741 51.656108856
0.933899403 0.075922966 0.349382222 -0.036770839 -0.073975347 0.997079253 -0.018935356 -0.049089715 -0.349799693 -0.008161943 0.936789274 51.910449982
0.922704399 0.076791853 0.377782792 0.073282681 -0.074527070 0.997004330 -0.020634489 -0.047422495 -0.378236055 -0.009115502 0.925664604 52.126716614
0.909947872 0.075394146 0.407812238 0.193676606 -0.072368205 0.997114658 -0.022866726 -0.059483517 -0.408360034 -0.008705103 0.912779748 52.365882874
0.895188630 0.072861269 0.439692020 0.361149549 -0.068681955 0.997313142 -0.025431946 -0.072743662 -0.440364122 -0.007432506 0.897788763 52.606868744
0.877867460 0.071915515 0.473473668 0.500332415 -0.065674044 0.997397006 -0.029727599 -0.083920769 -0.474379629 -0.004998022 0.880306423 52.823238373
0.858302414 0.074066438 0.507771254 0.694893062 -0.065239720 0.997247756 -0.035187475 -0.092951834 -0.508980513 -0.002925348 0.860773206 53.062793732
0.836352170 0.076151334 0.542877972 0.845934391 -0.064967543 0.997092903 -0.039777339 -0.100662909 -0.544329524 -0.002001565 0.838869214 53.267795563
0.811663568 0.079245202 0.578725696 1.049592137 -0.066134647 0.996849895 -0.043745145 -0.113093339 -0.580369592 -0.002767458 0.814347982 53.489456177
0.784188032 0.083840586 0.614833713 1.306139946 -0.069744602 0.996459186 -0.046924647 -0.133891761 -0.616591573 -0.006083562 0.787259817 53.759113312
0.754274309 0.087939583 0.650643885 1.498916745 -0.072777890 0.996079683 -0.050258461 -0.132467017 -0.652513504 -0.009443793 0.757718384 53.956024170
0.721231163 0.089285165 0.686916471 1.751372337 -0.072437115 0.995941281 -0.053396411 -0.148878440 -0.688896716 -0.011247072 0.724772394 54.178562164
0.685178936 0.087193049 0.723137379 2.080472946 -0.069299966 0.996107697 -0.054444410 -0.175458103 -0.725070655 -0.012809202 0.688555419 54.436115265
0.646208167 0.085940190 0.758307099 2.326490641 -0.066258445 0.996203721 -0.056437820 -0.192464128 -0.760279357 -0.013773637 0.649450183 54.627216339
0.603960216 0.085695997 0.792394161 2.715912104 -0.064342484 0.996198833 -0.058695484 -0.210631117 -0.794413030 -0.015534837 0.607179344 54.865310669
0.557833135 0.085090704 0.825579166 3.033613443 -0.060289420 0.996255636 -0.061945263 -0.236614302 -0.827760279 -0.015218471 0.560876369 55.021743774
0.509830832 0.084176436 0.856146574 3.431920528 -0.057328537 0.996312201 -0.063818708 -0.267394841 -0.858362317 -0.016544841 0.512777328 55.216232300
0.461261839 0.082474247 0.883422732 3.882627964 -0.055597063 0.996399045 -0.063992552 -0.299129367 -0.885520339 -0.019598344 0.464187056 55.398502350
0.411426842 0.080294244 0.907899261 4.253645420 -0.055414576 0.996471465 -0.063015677 -0.324971586 -0.909756601 -0.024384469 0.414425462 55.550029755
0.361200631 0.080052756 0.929045677 4.711393833 -0.057681262 0.996317029 -0.063423567 -0.333773643 -0.930702269 -0.030679870 0.364488602 55.705120087
0.312320977 0.080876753 0.946528435 5.166580200 -0.056010470 0.996202409 -0.066639610 -0.354116768 -0.948323548 -0.032202542 0.315664917 55.831871033
0.264733493 0.077089697 0.961235404 5.631061077 -0.045081902 0.996697605 -0.067517705 -0.407662272 -0.963267148 -0.025460085 0.267335296 55.935070038
0.220399708 0.071872480 0.972758234 6.133175373 -0.031393923 0.997286201 -0.066571742 -0.427533835 -0.974904239 -0.015866265 0.222058579 55.999774933
0.178098857 0.069725260 0.981539309 6.693758011 -0.021466242 0.997522771 -0.066965654 -0.486697853 -0.983778417 -0.009143400 0.179154962 56.054634094
0.139802188 0.072488345 0.987522721 7.190366745 -0.018232882 0.997334480 -0.070627391 -0.482807934 -0.990011573 -0.008131470 0.140751764 56.096118927
0.107100278 0.072555989 0.991596937 7.704473019 -0.010278729 0.997359395 -0.071867585 -0.523762167 -0.994195580 -0.002495216 0.107564218 56.142459869
0.077878766 0.071376175 0.994404793 8.271866798 -0.002247854 0.997442305 -0.071418189 -0.565518677 -0.996960342 0.003326748 0.077840455 56.160118103
0.052614875 0.069333859 0.996205389 8.831314087 0.004506574 0.997558594 -0.069666103 -0.586988509 -0.998604774 0.008155015 0.052174360 56.170738220
0.032759022 0.068669483 0.997101843 9.399100304 0.010597437 0.997555256 -0.069048941 -0.621762037 -0.999407113 0.012828773 0.031951588 56.168182373
0.016223934 0.070081778 0.997409701 9.984736443 0.011807629 0.997455955 -0.070277154 -0.666889906 -0.999798715 0.012917290 0.015355515 56.175868988
0.003603638 0.070045471 0.997538388 10.559682846 0.013317400 0.997450411 -0.070087388 -0.696405113 -0.999904513 0.013537190 0.002661603 56.177062988
-0.008342817 0.070883267 0.997450054 11.163675308 0.013967657 0.997393787 -0.070762485 -0.713322937 -0.999867797 0.013341755 -0.009310831 56.171092987
-0.017552262 0.073512577 0.997140110 11.781731606 0.018606944 0.997143209 -0.073185317 -0.769087374 -0.999673009 0.017269239 -0.018869659 56.161235809
-0.024166409 0.075136989 0.996880710 12.411515236 0.022748554 0.996953189 -0.074591018 -0.828225434 -0.999449313 0.020875081 -0.025801739 56.136081696
-0.028722027 0.075127274 0.996760547 13.038075447 0.023286978 0.996949852 -0.074470542 -0.856600046 -0.999316394 0.021072684 -0.030383613 56.112567902
-0.032354973 0.072344333 0.996854305 13.698105812 0.021150177 0.997201681 -0.071683146 -0.899034858 -0.999253392 0.018764494 -0.033793934 56.094001770
-0.034706585 0.066161565 0.997205496 14.378133774 0.019300094 0.997662961 -0.065520257 -0.923589051 -0.999211431 0.016972244 -0.035902124 56.070972443
-0.035957657 0.059983928 0.997551858 15.054255486 0.020534685 0.998028994 -0.059272490 -0.955179393 -0.999142587 0.018353187 -0.037118264 56.032119751
-0.036522534 0.057899732 0.997654498 15.747526169 0.023129603 0.998100042 -0.057078920 -0.993717313 -0.999065399 0.020990767 -0.037792075 56.010974884
-0.036338545 0.059741456 0.997552633 16.429470062 0.027299799 0.997896612 -0.058767665 -1.034433126 -0.998966873 0.025097540 -0.037892774 55.976070404
-0.035456225 0.066824012 0.997134924 17.134546280 0.028040146 0.997433960 -0.065847069 -1.075752735 -0.998978078 0.025625201 -0.037238739 55.953987122
-0.033432275 0.074921645 0.996629953 17.836948395 0.027892865 0.996866047 -0.074003801 -1.135569334 -0.999051332 0.025324751 -0.035417337 55.940582275
-0.031713508 0.076325618 0.996578813 18.560871124 0.028060345 0.996753275 -0.075446144 -1.179891825 -0.999103308 0.025571769 -0.033752002 55.913032532
-0.029112970 0.071963809 0.996982515 19.298566818 0.028871953 0.997047782 -0.071125530 -1.209112644 -0.999159276 0.026714245 -0.031104486 55.896144867
-0.026388681 0.065758973 0.997486830 20.032541275 0.029201474 0.997457325 -0.064984620 -1.244411111 -0.999225378 0.027413322 -0.028241565 55.875362396
-0.023887469 0.063829400 0.997675180 20.778367996 0.026439512 0.997649252 -0.063194819 -1.292079091 -0.999365270 0.024868565 -0.025518656 55.870372772
-0.020567272 0.068711258 0.997423947 21.492839813 0.033409979 0.997124434 -0.068001799 -1.367061853 -0.999231040 0.031925507 -0.022803148 55.849887848
-0.017123755 0.074522018 0.997072518 22.218042374 0.035624407 0.996629477 -0.073877171 -1.425766110 -0.999218822 0.034255188 -0.019720551 55.831592560
-0.015024733 0.075558499 0.997028410 22.954238892 0.029363036 0.996742606 -0.075094432 -1.468580246 -0.999456227 0.028147621 -0.017194120 55.846511841
-0.011691673 0.072272360 0.997316599 23.686231613 0.024413144 0.997106433 -0.071971022 -1.502992511 -0.999633849 0.023506289 -0.013421937 55.849483490
-0.006955276 0.068057582 0.997657299 24.433536530 0.029312862 0.997264922 -0.067826539 -1.545738339 -0.999546349 0.028772561 -0.008930909 55.834041595
-0.003259562 0.068804495 0.997625768 25.173667908 0.033647407 0.997071028 -0.068656348 -1.610800624 -0.999428153 0.033343799 -0.005565148 55.822937012
-0.000346140 0.072972737 0.997334123 25.904891968 0.033065196 0.996787846 -0.072921373 -1.684697151 -0.999453425 0.032951947 -0.002757567 55.821170807
0.003068306 0.074560069 0.997212052 26.639986038 0.028850967 0.996793270 -0.074617609 -1.719781637 -0.999579370 0.028999617 0.000907663 55.837703705
0.006648171 0.073353633 0.997284174 27.397068024 0.027381729 0.996917129 -0.073509268 -1.778431416 -0.999603271 0.027796200 0.004619457 55.848281860
0.010186542 0.071191519 0.997411013 28.111484528 0.031651814 0.996938169 -0.071481153 -1.823963404 -0.999447405 0.032298151 0.007902347 55.848304749
0.014052114 0.070993237 0.997377694 28.863597870 0.037219413 0.996746778 -0.071472898 -1.865219831 -0.999209404 0.038126383 0.011364784 55.860153198
0.017918859 0.072293721 0.997222722 29.613853455 0.040269762 0.996519446 -0.072966479 -1.923627615 -0.999028563 0.041465536 0.014945584 55.866325378
0.020582862 0.072373427 0.997165561 30.342489243 0.040743601 0.996485591 -0.073165230 -1.970633149 -0.998957992 0.042134196 0.017562121 55.879364014
0.023903999 0.071154691 0.997179091 31.081945419 0.041491911 0.996532202 -0.072103307 -2.017355204 -0.998853266 0.043098558 0.020869115 55.896636963
0.027705953 0.069756955 0.997179449 31.840263367 0.045112006 0.996456981 -0.070959955 -2.069009066 -0.998598039 0.046950925 0.024461275 55.912895203
0.030695332 0.070427008 0.997044861 32.580875397 0.043589417 0.996469736 -0.071728483 -2.112763405 -0.998578250 0.045662470 0.027517462 55.938098907
0.033453200 0.071398027 0.996887505 33.338691711 0.038947135 0.996592343 -0.072683953 -2.173209906 -0.998680651 0.041257463 0.030558435 55.975757599
0.036049258 0.071657784 0.996777892 34.087917328 0.040929709 0.996481657 -0.073116876 -2.223340034 -0.998511732 0.043433778 0.032989863 55.998119354
0.038688555 0.071427397 0.996695459 34.822975159 0.038954608 0.996574402 -0.072930947 -2.278046131 -0.998492002 0.041647613 0.035773970 56.031570435
0.041050188 0.071931452 0.996564806 35.630146027 0.037133157 0.996604741 -0.073464051 -2.333259821 -0.998467088 0.040021442 0.038240153 56.073375702
0.043607980 0.072065033 0.996446431 36.308105469 0.035312533 0.996658742 -0.073625945 -2.373344421 -0.998424768 0.038397849 0.040917870 56.108009338
0.047072422 0.073819973 0.996160388 37.102405548 0.032449953 0.996624351 -0.075387917 -2.433893681 -0.998364508 0.035874162 0.044518463 56.141048431
0.050148141 0.077732995 0.995712519 37.882328033 0.031722087 0.996337771 -0.079379618 -2.506045341 -0.998238206 0.035566937 0.047499035 56.191242218
0.053784493 0.079385825 0.995391786 38.635757446 0.031694639 0.996195138 -0.081162684 -2.541931391 -0.998050392 0.035914071 0.051064555 56.237083435
0.056848280 0.081983805 0.995011330 39.412181854 0.025563292 0.996174693 -0.083540328 -2.612452984 -0.998055756 0.030184999 0.054535460 56.299053192
0.059320461 0.081473842 0.994908929 40.207283020 0.020886382 0.996342599 -0.082836717 -2.657724142 -0.998020649 0.025694057 0.057402220 56.349948883
0.062941946 0.081317082 0.994699299 40.964748383 0.022963932 0.996291459 -0.082900494 -2.729525805 -0.997753084 0.028060224 0.060841579 56.409671783
0.066778168 0.082357898 0.994363427 41.753234863 0.024527628 0.996149242 -0.084153131 -2.781685829 -0.997466445 0.030009070 0.064501405 56.466484070
0.070405282 0.083694845 0.994001508 42.547950745 0.018760681 0.996184886 -0.085207634 -2.857363701 -0.997342169 0.024647309 0.068566948 56.532402039
0.074453607 0.082210526 0.993830979 43.310924530 0.018296804 0.996314049 -0.083786659 -2.893896341 -0.997055888 0.024422178 0.072674997 56.592800140
0.079256192 0.080658704 0.993586183 44.102359772 0.020400226 0.996379495 -0.082512856 -2.970273733 -0.996645629 0.026809135 0.077324234 56.651405334
0.083902046 0.085033223 0.992839813 44.906852722 0.015763443 0.996112645 -0.086645797 -3.019540787 -0.996349394 0.022920422 0.082235940 56.725864410
0.090053573 0.093321696 0.991555572 45.694828033 0.013289673 0.995397270 -0.094890349 -3.103562117 -0.995848417 0.021722760 0.088399328 56.809658051
0.097444281 0.098484814 0.990356684 46.490203857 0.012192681 0.994897425 -0.100136116 -3.167345047 -0.995166481 0.021832893 0.095746733 56.893527985
0.104600847 0.101310834 0.989341140 47.288364410 0.007383630 0.994689524 -0.102639280 -3.241824389 -0.994486988 0.018041184 0.103297830 56.994068146
0.111816108 0.100008495 0.988683820 48.104618073 0.003878951 0.994869530 -0.101073101 -3.315451860 -0.993722200 0.015136817 0.110855550 57.097488403
0.119507357 0.098160557 0.987969458 48.912391663 0.003322143 0.995053470 -0.099266402 -3.401056051 -0.992827892 0.015145332 0.118590638 57.204147339
0.126678750 0.094983503 0.987386346 49.721500397 0.003066132 0.995360732 -0.096144147 -3.472642422 -0.991939187 0.015206965 0.125800386 57.313228607
0.134151295 0.089031622 0.986953855 50.546661377 0.001207242 0.995938599 -0.090006366 -3.550612926 -0.990960181 0.013266046 0.133499503 57.434852600
0.141343832 0.082070962 0.986553311 51.354175568 -0.000674900 0.996563494 -0.082807161 -3.607136726 -0.989960432 0.011038533 0.140914053 57.565761566
0.148763999 0.078111999 0.985783398 52.161876678 -0.000552005 0.996879935 -0.078908138 -3.683496237 -0.988872647 0.011194606 0.148343548 57.693199158
0.156021759 0.080462068 0.984471500 52.952671051 -0.000743209 0.996684015 -0.081342600 -3.747996092 -0.987753332 0.011959622 0.155564785 57.834770203
0.161723375 0.086943395 0.982999563 53.721549988 -0.001263607 0.996126890 -0.087896705 -3.825269938 -0.986834407 0.012972848 0.161206886 57.950717926
0.166912794 0.091570549 0.981710792 54.487239838 -0.002489430 0.995712042 -0.092453457 -3.889905930 -0.985968649 0.012987847 0.166425645 58.085792542
0.171946928 0.093337104 0.980675101 55.259231567 -0.004331137 0.995561302 -0.093994707 -3.970478535 -0.985096872 0.011914749 0.171588585 58.233436584
0.177198485 0.093595274 0.979715109 56.032661438 -0.005907166 0.995548964 -0.094039701 -4.029746056 -0.984157562 0.010876436 0.176963270 58.379962921
0.182067677 0.090661041 0.979098082 56.791717529 -0.003677055 0.995794356 -0.091523446 -4.115135670 -0.983279347 0.013063349 0.181635901 58.526115417
0.186631888 0.084773250 0.978766084 57.554401398 -0.001990229 0.996298790 -0.085912466 -4.162620068 -0.982428014 0.014086124 0.186110452 58.677135468
0.190415114 0.077201836 0.978663623 58.312973022 -0.003221539 0.996944845 -0.078017406 -4.233975887 -0.981699646 0.011703026 0.190083280 58.822135925
0.193326131 0.073985629 0.978341579 59.026901245 -0.007349941 0.997232020 -0.073961996 -4.283755302 -0.981107235 0.007108104 0.193335429 58.975620270
0.196672276 0.074070916 0.977667987 59.770675659 -0.008102261 0.997229040 -0.073923245 -4.345370293 -0.980435967 0.006617400 0.196728110 59.133411407
0.198594958 0.075986981 0.977132082 60.475448608 -0.010082463 0.997093618 -0.075490311 -4.396207333 -0.980030000 0.005140167 0.198784530 59.279857635
0.200308353 0.080185041 0.976446629 61.192569733 -0.014682599 0.996777117 -0.078842759 -4.463137150 -0.979623079 0.001456158 0.200840726 59.440479279
0.202223614 0.085426643 0.975606978 61.882019043 -0.015732361 0.996341169 -0.083981380 -4.508982182 -0.979213178 0.001634488 0.202828333 59.591621399
0.203924328 0.090799153 0.974767387 62.554470062 -0.017456211 0.995866597 -0.089112848 -4.570025921 -0.978831112 0.001156605 0.204667091 59.740703583
0.205544531 0.092393465 0.974277258 63.232692719 -0.016111288 0.995715976 -0.091027781 -4.642973423 -0.978515267 0.003013476 0.206153229 59.892597198
0.207054108 0.092286386 0.973968029 63.907894135 -0.018431021 0.995730281 -0.090430327 -4.694618702 -0.978154719 0.000772779 0.207871005 60.049598694
0.207671583 0.089210466 0.974122822 64.572486877 -0.017476389 0.996010125 -0.087489337 -4.756955624 -0.978042483 0.001144971 0.208402693 60.176219940
0.208396882 0.086528048 0.974209905 65.216979980 -0.017458344 0.996247292 -0.084750973 -4.807223797 -0.977888525 0.000653818 0.209126100 60.334526062
0.208250210 0.085827559 0.974303186 65.865257263 -0.017220719 0.996307909 -0.084085338 -4.866803646 -0.977924049 0.000732658 0.208959952 60.470336914
0.206936523 0.084994733 0.974656045 66.494155884 -0.016926549 0.996379137 -0.083295479 -4.923412323 -0.978208065 0.000739381 0.207626551 60.594818115
0.205187425 0.085201606 0.975007713 67.116470337 -0.018479953 0.996361315 -0.083178736 -4.983191013 -0.978548348 -0.000950800 0.206015989 60.750202179
0.202788070 0.088310622 0.975233018 67.732093811 -0.019565720 0.996089816 -0.086130969 -5.032244205 -0.979027271 -0.001614739 0.203723595 60.874248505
0.200592428 0.092331536 0.975314260 68.333946228 -0.017936334 0.995726407 -0.090575121 -5.099786758 -0.979511917 0.000675222 0.201392442 61.008754730
0.198713005 0.092649803 0.975669146 68.920738220 -0.014852932 0.995689988 -0.091526061 -5.146084309 -0.979945183 0.003695942 0.199233279 61.134067535
0.196574643 0.091689974 0.976192772 69.513717651 -0.015728761 0.995782793 -0.090362832 -5.201503754 -0.980362594 0.002408806 0.197188422 61.255500793
0.194161609 0.088921212 0.976931572 70.101882935 -0.015908372 0.996035635 -0.087498486 -5.247215748 -0.980840504 0.001447523 0.194807082 61.370136261
0.192126825 0.084991567 0.977683723 70.661590576 -0.016422601 0.996379554 -0.083389655 -5.302602768 -0.981231153 -0.000034685 0.192827120 61.475589752
0.190153733 0.083727062 0.978178084 71.218391418 -0.013221743 0.996482790 -0.082723729 -5.358118534 -0.981665194 0.002797076 0.190592587 61.578701019
0.188156635 0.085394785 0.978420079 71.767730713 -0.009141776 0.996320069 -0.085199155 -5.403637886 -0.982096374 0.007086365 0.188245535 61.693969727
0.186026543 0.087468714 0.978644133 72.318321228 -0.005015752 0.996099234 -0.088075489 -5.457310677 -0.982531846 0.011475827 0.185740247 61.787597656
0.184146881 0.089410283 0.978824139 72.847930908 -0.005033491 0.995924830 -0.090025477 -5.490494728 -0.982885778 0.011651094 0.183847114 61.885242462
0.182663053 0.091702044 0.978890121 73.390045166 -0.006311684 0.995727718 -0.092101693 -5.551311970 -0.983155310 0.010645215 0.182462081 62.013927460
0.181881011 0.090446576 0.979152322 73.948471069 -0.004264072 0.995822430 -0.091194436 -5.589837551 -0.983312964 0.012411499 0.181507915 62.088863373
0.182619229 0.088455893 0.979197085 74.491424561 0.001690818 0.995912969 -0.090281337 -5.650249004 -0.983182371 0.018142847 0.181723908 62.183567047
0.184554383 0.086692289 0.978991926 75.043632507 0.006976048 0.995959580 -0.089509994 -5.691983700 -0.982797742 0.023349050 0.183204547 62.306625366
0.186745673 0.085865892 0.978649199 75.596160889 0.009948093 0.995954752 -0.089282647 -5.739197731 -0.982358098 0.026408942 0.185136646 62.389636993
0.189974219 0.085960202 0.978019476 76.144699097 0.007651276 0.995997727 -0.089026704 -5.791784763 -0.981759369 0.024395972 0.188556835 62.497982025
0.195397735 0.086276650 0.976922452 76.703674316 0.005936708 0.995998621 -0.089148894 -5.837782860 -0.980706275 0.023219289 0.194104269 62.630123138
0.201593190 0.085451961 0.975735426 77.266883850 0.007594283 0.996018767 -0.088797435 -5.885270119 -0.979440033 0.025311066 0.200142264 62.751865387
0.209371060 0.085471943 0.974094748 77.822669983 0.005626541 0.996048212 -0.088607721 -5.924076080 -0.977818668 0.024032697 0.208062828 62.870498657
0.217903405 0.084058881 0.972344398 78.402214050 0.005403284 0.996162832 -0.087328941 -5.961530209 -0.975955546 0.024283227 0.216613695 63.016353607
0.226777554 0.083087757 0.970396698 78.979713440 0.002959555 0.996289015 -0.085996442 -6.016154766 -0.973942280 0.022374099 0.225690693 63.150779724
0.236134619 0.083478272 0.968128800 79.554557800 0.000721455 0.996285677 -0.086082220 -6.059930801 -0.971720338 0.021025542 0.235197946 63.308521271
0.245713651 0.086357974 0.965488732 80.144813538 -0.003823694 0.996100187 -0.088122994 -6.113527298 -0.969335079 0.017961377 0.245086268 63.486862183
0.255122781 0.089210495 0.962785244 80.732536316 -0.007879873 0.995891571 -0.090190127 -6.154120922 -0.966876745 0.015423017 0.254778177 63.635746002
0.266013443 0.091258191 0.959640741 81.339096069 -0.010939073 0.995728552 -0.091657795 -6.200205326 -0.963907480 0.013884707 0.265876085 63.834175110
0.276110083 0.093167841 0.956600130 81.938301086 -0.012835747 0.995558083 -0.093257360 -6.267963886 -0.961042225 0.013470748 0.276080608 64.013961792
0.286053210 0.094046868 0.953588128 82.556663513 -0.015975695 0.995499790 -0.093388140 -6.323253632 -0.958080828 0.011479811 0.286268950 64.199768066
0.296370864 0.094506778 0.950386405 83.176185608 -0.017173173 0.995456815 -0.093633369 -6.372879028 -0.954918921 0.011429115 0.296647966 64.406845093
0.306538165 0.095275261 0.947078884 83.812202454 -0.020803284 0.995409131 -0.093403995 -6.431919575 -0.951631367 0.008929601 0.307113528 64.628067017
0.317707568 0.091449648 0.943769157 84.530006409 -0.020635862 0.995767593 -0.089541472 -6.484020233 -0.947964489 0.008972580 0.318250626 64.892349243
0.327949107 0.083490580 0.940999806 85.148338318 -0.017248509 0.996448159 -0.082398988 -6.541001320 -0.944536626 0.010791858 0.328224331 65.093353271
0.339167744 0.078990817 0.937404454 85.834014893 -0.015696554 0.996803343 -0.078316875 -6.595720768 -0.940595269 0.011848612 0.339324027 65.345169067
0.349587172 0.075335942 0.933870852 86.513854980 -0.014513847 0.997076154 -0.075001664 -6.638261318 -0.936791837 0.012665630 0.349659026 65.618293762
0.358901501 0.073020898 0.930515468 87.186943054 -0.010709464 0.997189999 -0.074122459 -6.700004578 -0.933314383 0.016637426 0.358675629 65.870208740
0.367711842 0.068728738 0.927397251 87.878135681 -0.003991756 0.997371256 -0.072331794 -6.730151176 -0.929933310 0.022895481 0.367021054 66.132858276
0.375247300 0.059141483 0.925036967 88.653800964 0.005230223 0.997809649 -0.065915868 -6.781148434 -0.926910400 0.029573005 0.374116838 66.472328186
0.382357270 0.053330369 0.922475159 89.324951172 0.011351001 0.997984707 -0.062400687 -6.835868835 -0.923945308 0.034330484 0.380982190 66.733848572
0.389447421 0.053843655 0.919474483 90.034889221 0.013647527 0.997840345 -0.064213246 -6.881237984 -0.920946479 0.037556253 0.387871563 67.018196106
0.396698773 0.060200598 0.915973544 90.733856201 0.014795964 0.997296333 -0.071953408 -6.944115639 -0.917830050 0.042096674 0.394736290 67.308799744
0.404146284 0.065699309 0.912332594 91.452796936 0.017582208 0.996672988 -0.079561494 -7.000059605 -0.914525807 0.048195444 0.401647329 67.614929199
0.409685194 0.067269318 0.909744084 92.172912598 0.015975105 0.996593416 -0.080885373 -7.061395645 -0.912087500 0.047670931 0.407215834 67.952972412
0.413982898 0.069154650 0.907654762 92.872421265 0.009338105 0.996733010 -0.080200754 -7.106536865 -0.910237074 0.041677643 0.411985576 68.276748657
0.417849422 0.072210975 0.905642688 93.554382324 0.003495393 0.996699095 -0.081084080 -7.152477741 -0.908509910 0.037046634 0.416218638 68.610885620
0.421939194 0.074702285 0.903541565 94.240760803 0.002864647 0.996483505 -0.083724178 -7.221577644 -0.906621218 0.037915066 0.420243204 68.945533752
0.425949156 0.078773201 0.901312053 94.899833679 0.000395414 0.996184409 -0.087251775 -7.270527840 -0.904747367 0.037521329 0.424293637 69.265205383
0.429268986 0.081874482 0.899458706 95.574531555 -0.002750711 0.995994747 -0.089349039 -7.341939449 -0.903172851 0.035880733 0.427775741 69.601898193
0.433271825 0.081026293 0.897614360 96.231742859 -0.003723095 0.996101081 -0.088119455 -7.397546768 -0.901256025 0.034837876 0.431885034 69.921524048
0.437282830 0.076752745 0.896043539 96.875839233 -0.002322390 0.996442795 -0.084219329 -7.465306282 -0.899321437 0.034746803 0.435906410 70.237625122
0.440824151 0.074548960 0.894492984 97.530990601 -0.002250838 0.996631920 -0.081952177 -7.524538994 -0.897590995 0.034113239 0.439508110 70.567222595
0.444359750 0.073460102 0.892832577 98.152175903 -0.004475206 0.996799529 -0.079787023 -7.591607571 -0.895836353 0.031458504 0.443266302 70.891075134
0.447879225 0.075363390 0.890912890 98.773643494 -0.007125798 0.996708632 -0.080730505 -7.649662971 -0.894066036 0.029809147 0.446943015 71.216278076
0.450697064 0.075632401 0.889467955 99.373031616 -0.006375654 0.996649742 -0.081515640 -7.709168911 -0.892654657 0.031068012 0.449670255 71.529716492
0.452729881 0.074049398 0.888568342 99.981620789 -0.004329924 0.996714532 -0.080855720 -7.761334419 -0.891637564 0.032758467 0.451563984 71.829116821
0.454696953 0.072569497 0.887685657 100.560363770 -0.001754156 0.996744156 -0.080586679 -7.815159798 -0.890644908 0.035085477 0.453344733 72.130638123
0.456448764 0.072937854 0.886755884 101.148551941 -0.003517977 0.996772587 -0.080176175 -7.869992733 -0.889743268 0.033476830 0.455233067 72.442512512
0.458494335 0.072136976 0.885765553 101.727828979 -0.002133741 0.996784747 -0.080073945 -7.921024799 -0.888695300 0.034823559 0.457174927 72.739120483
0.460908622 0.074054904 0.884353220 102.277648926 -0.002818720 0.996627510 -0.081987597 -7.971807003 -0.887443721 0.035296146 0.459563822 73.034049988
0.463709891 0.073904797 0.882899821 102.835662842 0.000058817 0.996511102 -0.083445638 -8.024433136 -0.885989130 0.038746737 0.462089449 73.311866760
0.466904700 0.072754458 0.881310463 103.376747131 0.002831811 0.996479869 -0.083762228 -8.080761909 -0.884303629 0.041604795 0.465056092 73.605354309
0.470076144 0.071293160 0.879742622 103.911994934 0.005231177 0.996487916 -0.083549231 -8.126887321 -0.882610857 0.043876708 0.468053311 73.885528564
0.473268032 0.070423283 0.878099740 104.447067261 0.006376485 0.996497512 -0.083355449 -8.182146072 -0.880895913 0.045048784 0.471162379 74.173416138
0.476666927 0.070120119 0.876283705 104.957038879 0.007249110 0.996464372 -0.083680205 -8.230706215 -0.879054606 0.046239980 0.474474281 74.451225281
0.479850560 0.069315389 0.874608576 105.458824158 0.008065498 0.996481717 -0.083399288 -8.279884338 -0.877313554 0.047073472 0.477604270 74.738952637
0.483364135 0.068532802 0.872733474 105.982872009 0.010167794 0.996422350 -0.083877087 -8.326098442 -0.875360727 0.049417071 0.480939001 75.025222778
0.487203568 0.069683567 0.870504797 106.480812073 0.009440594 0.996330500 -0.085039623 -8.371961594 -0.873236060 0.049649667 0.484758019 75.317710876
0.491842359 0.069565654 0.867901564 106.985679626 0.012250156 0.996149719 -0.086787425 -8.423016548 -0.870598376 0.053317789 0.489097416 75.591407776
0.496540040 0.072638758 0.864970028 107.483467102 0.009922060 0.995950401 -0.089334086 -8.474748611 -0.867957413 0.052940365 0.493809521 75.880844116
0.501849890 0.078709796 0.861366868 107.965377808 0.006660311 0.995468020 -0.094844073 -8.525432587 -0.864929438 0.053334594 0.499052286 76.182769775
0.507455587 0.086049728 0.857371509 108.432495117 0.001128669 0.994932175 -0.100523971 -8.575476646 -0.861677527 0.051979262 0.504787743 76.466850281
0.513807416 0.092464730 0.852909029 108.921112061 -0.003759030 0.994406164 -0.105540067 -8.622068405 -0.857897699 0.051021282 0.511281729 76.785552979
0.519942045 0.096868634 0.848692000 109.392028809 -0.008102926 0.994062543 -0.108496852 -8.678661346 -0.854164779 0.049535468 0.517641783 77.086372375
0.525617242 0.097154185 0.845156252 109.886566162 -0.011640248 0.994184256 -0.107046291 -8.735565186 -0.850641727 0.046427693 0.523692310 77.416099548
0.531181514 0.096325964 0.841765344 110.384376526 -0.018582959 0.994599938 -0.102088891 -8.794872284 -0.847054362 0.038585383 0.530104339 77.749336243
0.536743164 0.093893550 0.838505924 110.871948242 -0.024675699 0.995108843 -0.095634162 -8.847063065 -0.843384862 0.030640380 0.536435962 78.075592041
0.542613804 0.092104636 0.834918201 111.373336792 -0.031110026 0.995490015 -0.089599833 -8.906997681 -0.839406133 0.022643888 0.543033183 78.428443909
0.548196197 0.090344109 0.831456661 111.873291016 -0.034441359 0.995741248 -0.085487083 -8.952721596 -0.835638821 0.018227205 0.548973680 78.769256592
0.554543138 0.093627036 0.826871932 112.372734070 -0.039125074 0.995483160 -0.086479664 -8.998692513 -0.831234813 0.015605387 0.555702806 79.124641418
0.560949683 0.097614303 0.822075546 112.898826599 -0.043127641 0.995119512 -0.088733301 -9.047914505 -0.826725841 0.014320837 0.562423170 79.508979797
0.566682339 0.101054356 0.817716479 113.424179077 -0.046031408 0.994782031 -0.091036215 -9.103157997 -0.822651148 0.013948165 0.568379283 79.877799988
0.572793901 0.103455059 0.813145220 113.944480896 -0.048497640 0.994540930 -0.092371121 -9.143053055 -0.818263471 0.013474105 0.574685872 80.258392334
