0.999999881 -0.000000000 0.000000000 -0.000000000 -0.000000000 1.000000238 0.000000000 0.000000000 0.000000000 0.000000000 1.000000000 0.000000000
0.999999821 -0.000085098 -0.000407970 0.055600986 0.000085653 0.999999285 0.001361186 -0.026459845 0.000407854 -0.001361221 0.999998987 1.315979481
0.999999106 -0.001284820 -0.000088532 0.029998567 0.001284966 0.999997914 0.001651521 -0.043061163 0.000086411 -0.001651635 0.999998629 2.590405464
0.999996424 -0.002558371 -0.000667882 -0.003631133 0.002559037 0.999996364 0.001000747 -0.068853185 0.000665319 -0.001002453 0.999999285 3.937672615
0.999994457 -0.003295289 -0.000372810 -0.001213769 0.003295588 0.999994278 0.000805900 -0.083634973 0.000370151 -0.000807125 0.999999642 5.269771099
0.999994338 -0.003333348 -0.000568184 -0.009744542 0.003334189 0.999993503 0.001482388 -0.107326962 0.000563239 -0.001484276 0.999998629 6.572329044
0.999990106 -0.004406580 -0.000482306 -0.011987875 0.004407732 0.999987662 0.002411705 -0.142949164 0.000471672 -0.002413808 0.999996901 7.905008316
0.999988258 -0.004813805 -0.000510648 -0.028010482 0.004815245 0.999984622 0.002853734 -0.156037837 0.000496901 -0.002856161 0.999995649 9.230057716
0.999992788 -0.003652044 -0.000860754 -0.026915848 0.003653606 0.999992013 0.001821271 -0.180128276 0.000854091 -0.001824402 0.999997854 10.559607506
0.999999166 -0.001021299 -0.000613306 -0.044971071 0.001020874 0.999999464 -0.000693196 -0.197760075 0.000614011 0.000692568 0.999999404 11.878715515
0.999997795 0.001861500 -0.000763995 -0.040346753 -0.001862811 0.999997079 -0.001718122 -0.230708778 0.000760791 0.001719539 0.999998093 13.225092888
0.999987066 0.005037454 -0.000509870 -0.068615809 -0.005038204 0.999986589 -0.001483384 -0.250649959 0.000502388 0.001485931 0.999998510 14.564951897
0.999984562 0.005520814 -0.000078749 -0.089000069 -0.005520868 0.999984801 -0.000663129 -0.281223476 0.000075084 0.000663552 0.999999642 15.913297653
0.999993324 0.003603416 0.000045837 -0.080325499 -0.003603496 0.999992192 0.001827006 -0.306179792 -0.000039256 -0.001827159 0.999998152 17.259977341
0.999999166 -0.001115511 0.000383097 -0.101358995 0.001113982 0.999991894 0.003971379 -0.334511638 -0.000387526 -0.003970946 0.999991894 18.611570358
0.999994457 -0.003241031 -0.000225864 -0.092572913 0.003241437 0.999993563 0.001825782 -0.350947261 0.000219941 -0.001826499 0.999998271 19.963125229
0.999991775 -0.004024820 0.000082944 -0.114565484 0.004024854 0.999992251 -0.000393589 -0.361140132 -0.000081363 0.000393921 0.999999702 21.313699722
0.999998152 -0.001844775 0.000217325 -0.109551206 0.001845168 0.999997020 -0.001820226 -0.413953006 -0.000213971 0.001820623 0.999998093 22.669208527
0.999999404 0.000331392 0.000912907 -0.121294990 -0.000330995 1.000000238 -0.000435022 -0.411204994 -0.000913057 0.000434720 0.999999344 24.033903122
0.999997616 0.001173144 0.001939457 -0.133907378 -0.001180743 0.999992132 0.003922879 -0.447486609 -0.001934846 -0.003925160 0.999990046 25.415796280
0.999998271 -0.000424897 0.001806746 -0.111306742 0.000415879 0.999988139 0.004988823 -0.468746722 -0.001808848 -0.004988059 0.999985754 26.786117554
0.999986768 -0.004779052 0.001948567 -0.134972125 0.004771382 0.999981523 0.003923184 -0.501681864 -0.001967284 -0.003913830 0.999990225 28.155858994
0.999982417 -0.005623115 0.001826956 -0.142149717 0.005620159 0.999983549 0.001620089 -0.505021751 -0.001836035 -0.001609787 0.999996960 29.536193848
0.999981523 -0.005568434 0.002480903 -0.143641055 0.005569754 0.999984920 -0.000524306 -0.547639012 -0.002477948 0.000538113 0.999996483 30.919216156
0.999991596 -0.002782578 0.003106399 -0.159104139 0.002787731 0.999995291 -0.001654892 -0.555267513 -0.003101785 0.001663530 0.999993205 32.296466827
0.999993622 -0.000984981 0.003472812 -0.163821101 0.000997495 0.999993622 -0.003603365 -0.602181554 -0.003469242 0.003606802 0.999987185 33.673934937
0.999992669 -0.000941013 0.003687558 -0.169390559 0.000953191 0.999994874 -0.003302767 -0.609331071 -0.003684428 0.003306263 0.999987781 35.060668945
0.999994576 -0.001113959 0.003118843 -0.161378145 0.001119532 0.999998450 -0.001785599 -0.650164843 -0.003116849 0.001789081 0.999993265 36.451087952
0.999995410 0.000129288 0.003135491 -0.177918106 -0.000128692 1.000000477 -0.000189505 -0.671011090 -0.003135520 0.000189096 0.999994636 37.855136871
0.999992609 0.002753376 0.002713242 -0.179460838 -0.002753502 0.999996841 0.000042142 -0.699911237 -0.002713118 -0.000049611 0.999996126 39.252780914
0.999982119 0.004977215 0.003231321 -0.190646321 -0.004976436 0.999988317 -0.000251421 -0.722708523 -0.003232533 0.000235340 0.999994695 40.655006409
0.999969244 0.007142109 0.003253097 -0.202121899 -0.007142323 0.999975085 0.000052160 -0.748679280 -0.003252645 -0.000075393 0.999994457 42.078464508
0.999963164 0.008037644 0.003017850 -0.210255072 -0.008038485 0.999968290 0.000264569 -0.773863673 -0.003015630 -0.000288818 0.999995112 43.466911316
0.999972820 0.007001549 0.002474115 -0.209626794 -0.007002003 0.999976277 0.000171026 -0.801994920 -0.002472869 -0.000188349 0.999996245 44.881622314
0.999977469 0.006535469 0.001643447 -0.203178361 -0.006534755 0.999979556 -0.000444822 -0.836833179 -0.001646325 0.000434071 0.999998212 46.280044556
0.999979556 0.006326468 0.001015207 -0.228763536 -0.006326407 0.999980927 -0.000074054 -0.868227184 -0.001015662 0.000067629 0.999999046 47.706356049
0.999981165 0.006098290 -0.000176219 -0.230154380 -0.006098130 0.999981821 0.000960205 -0.881538868 0.000182070 -0.000959109 0.999999404 49.117588043
0.999977291 0.006664834 -0.001185682 -0.244614363 -0.006663733 0.999978125 0.000940790 -0.910430193 0.001191916 -0.000932867 0.999998450 50.542911530
0.999974132 0.006890736 -0.002138457 -0.260509491 -0.006888563 0.999976456 0.001028294 -0.933447957 0.002145482 -0.001013537 0.999996781 51.991847992
0.999968469 0.007236901 -0.003290009 -0.273391098 -0.007230362 0.999972582 0.001999039 -0.964144647 0.003304372 -0.001975188 0.999992192 53.393630981
0.999978304 0.005401541 -0.003861764 -0.294356614 -0.005390939 0.999982297 0.002753572 -0.988197505 0.003876545 -0.002732701 0.999988198 54.850582123
0.999985754 0.002887932 -0.004495366 -0.295519054 -0.002873403 0.999991298 0.003237599 -1.005680799 0.004504662 -0.003224637 0.999984384 56.249340057
0.999986827 0.001371383 -0.004931675 -0.312052399 -0.001359576 0.999996722 0.002398411 -1.040527344 0.004934934 -0.002391676 0.999984682 57.671798706
0.999988019 -0.000018329 -0.004815174 -0.333807379 0.000031105 0.999997079 0.002654338 -1.064381599 0.004815107 -0.002654449 0.999984860 59.120952606
0.999989450 -0.001071435 -0.004520315 -0.343196362 0.001086056 0.999994755 0.003235443 -1.090653062 0.004516811 -0.003240316 0.999984264 60.527576447
0.999987125 -0.003016552 -0.004132910 -0.351223052 0.003033990 0.999987006 0.004221660 -1.111567259 0.004120108 -0.004234140 0.999982238 61.990085602
0.999987662 -0.003766317 -0.003432160 -0.371367663 0.003779560 0.999985754 0.003865518 -1.151012897 0.003417527 -0.003878444 0.999986053 63.374114990
0.999982059 -0.005128009 -0.003152054 -0.379262924 0.005136918 0.999983251 0.002827745 -1.173861980 0.003137487 -0.002843885 0.999990642 64.795295715
0.999983788 -0.005062635 -0.002497075 -0.389660209 0.005069168 0.999984503 0.002616538 -1.203174591 0.002483784 -0.002629148 0.999993265 66.248947144
0.999991596 -0.003825359 -0.001606643 -0.411161780 0.003829438 0.999989986 0.002548202 -1.225509405 0.001596865 -0.002554330 0.999995053 67.601524353
0.999999821 -0.000709516 -0.001074832 -0.418997586 0.000713458 0.999993384 0.003683098 -1.253250003 0.001072189 -0.003683863 0.999992013 69.069770813
0.999995470 0.003050589 -0.000436007 -0.429397494 -0.003048365 0.999983251 0.005034247 -1.277976036 0.000451343 -0.005032890 0.999986827 70.438606262
0.999980032 0.006254440 0.000502276 -0.449827820 -0.006257189 0.999965191 0.005646134 -1.304183245 -0.000466951 -0.005649157 0.999983847 71.887161255
0.999941528 0.010787693 0.000930152 -0.459857702 -0.010792415 0.999928534 0.005216499 -1.322247982 -0.000873824 -0.005226227 0.999985576 73.242607117
0.999895632 0.014399304 0.001665208 -0.473756462 -0.014406791 0.999886036 0.004564015 -1.348538518 -0.001599316 -0.004587526 0.999987483 74.661666870
0.999872744 0.015750069 0.002580810 -0.489048213 -0.015761677 0.999865830 0.004533306 -1.365593791 -0.002509074 -0.004573402 0.999986053 76.108802795
0.999862313 0.016309941 0.002897226 -0.498517275 -0.016324112 0.999855161 0.004925555 -1.399784923 -0.002816475 -0.004972164 0.999983728 77.461196899
0.999872327 0.015687473 0.003037215 -0.504704535 -0.015702108 0.999865472 0.004849606 -1.428032875 -0.002960738 -0.004896672 0.999983311 78.882514954
0.999896824 0.014118819 0.002864574 -0.508525372 -0.014129587 0.999893188 0.003770255 -1.448541760 -0.002811055 -0.003810337 0.999988139 80.245468140
0.999901652 0.013784960 0.002578370 -0.509325385 -0.013795058 0.999897301 0.003933312 -1.478587627 -0.002523898 -0.003968488 0.999988616 81.631507874
0.999904990 0.013576312 0.002180658 -0.518059015 -0.013584931 0.999899983 0.003969633 -1.499275684 -0.002126553 -0.003998870 0.999989748 83.037345886
0.999923170 0.012280119 0.001732471 -0.523926377 -0.012286410 0.999917924 0.003653228 -1.520627379 -0.001687481 -0.003674227 0.999991536 84.397148132
0.999909759 0.013454976 0.001015690 -0.534221828 -0.013458837 0.999901772 0.003881429 -1.546242356 -0.000963388 -0.003894744 0.999991417 85.793060303
0.999919176 0.012718407 -0.000279981 -0.541584611 -0.012717013 0.999908626 0.004589698 -1.575529814 0.000338314 -0.004585760 0.999989212 87.149246216
0.999937952 0.011047215 -0.001227917 -0.549418509 -0.011040005 0.999922752 0.005758570 -1.601853609 0.001291432 -0.005744648 0.999982834 88.534584045
0.999962032 0.008473948 -0.002145925 -0.564800322 -0.008460503 0.999945104 0.006209499 -1.619358301 0.002198410 -0.006191100 0.999978244 89.934181213
0.999971509 0.006957728 -0.003190614 -0.571138620 -0.006937230 0.999955475 0.006396064 -1.648110986 0.003234945 -0.006373737 0.999973714 91.265335083
0.999976337 0.006023108 -0.003408783 -0.588296592 -0.006003423 0.999965429 0.005762772 -1.669152141 0.003443359 -0.005742162 0.999977291 92.656417847
0.999980927 0.004802090 -0.003827761 -0.596529424 -0.004781131 0.999973655 0.005473726 -1.692834258 0.003853943 -0.005455317 0.999977827 93.977867126
0.999983251 0.004175181 -0.004045869 -0.610699594 -0.004154831 0.999978960 0.005030418 -1.709257960 0.004066768 -0.005013521 0.999979019 95.383453369
0.999982953 0.004281460 -0.004036511 -0.622331023 -0.004264179 0.999981999 0.004285222 -1.734582067 0.004054765 -0.004267934 0.999982536 96.723701477
0.999977887 0.005499704 -0.003875478 -0.639586270 -0.005485544 0.999978900 0.003658219 -1.765383720 0.003895476 -0.003636882 0.999985278 98.054092407
0.999974966 0.006108936 -0.003618976 -0.663176894 -0.006095253 0.999974608 0.003785796 -1.785034299 0.003641991 -0.003763642 0.999986172 99.422973633
0.999972165 0.006645157 -0.003363058 -0.670357406 -0.006626798 0.999963343 0.005450134 -1.809342384 0.003399149 -0.005427692 0.999979854 100.746879578
0.999968588 0.007246137 -0.003276990 -0.686741948 -0.007224062 0.999951839 0.006705943 -1.830733776 0.003325403 -0.006682057 0.999972105 102.121910095
0.999970913 0.007067729 -0.003020006 -0.702152073 -0.007050833 0.999960303 0.005575982 -1.853912473 0.003059256 -0.005554528 0.999979556 103.435951233
0.999969423 0.007265962 -0.002947054 -0.715059698 -0.007257182 0.999969602 0.002988714 -1.878648996 0.002968661 -0.002967235 0.999991238 104.769081116
0.999976516 0.006203799 -0.002955626 -0.729626298 -0.006199167 0.999979794 0.001583444 -1.897840023 0.002965371 -0.001565084 0.999994338 106.123062134
0.999986291 0.004373922 -0.002812801 -0.738384545 -0.004365225 0.999985576 0.003103736 -1.928652048 0.002826338 -0.003091410 0.999991477 107.440490723
0.999997020 0.001196044 -0.002234425 -0.745875537 -0.001185050 0.999987602 0.004927908 -1.942840099 0.002240274 -0.004925243 0.999985278 108.780624390
0.999999285 -0.000259125 -0.001360897 -0.755200386 0.000266954 0.999983728 0.005776013 -1.970122576 0.001359361 -0.005776368 0.999982238 110.132713318
1.000000358 -0.000499262 -0.000673031 -0.769046605 0.000502172 0.999991298 0.004362225 -1.999784470 0.000670811 -0.004362562 0.999989688 111.454719543
0.999999821 0.001029416 0.000008667 -0.778888583 -0.001029460 0.999998093 0.001855898 -2.016863108 -0.000006774 -0.001855906 0.999998093 112.771438599
0.999992490 0.003701740 0.001051564 -0.784659088 -0.003701828 0.999992907 0.000048013 -2.046393633 -0.001051380 -0.000051898 0.999999762 114.101097107
0.999980330 0.005777505 0.002598228 -0.797023416 -0.005776637 0.999983549 -0.000353175 -2.069417715 -0.002600243 0.000338159 0.999996483 115.433540344
0.999967515 0.007001776 0.004096378 -0.806436062 -0.007007741 0.999974787 0.001436660 -2.093655586 -0.004086231 -0.001465318 0.999990523 116.758651733
0.999959528 0.007563950 0.005028347 -0.811035752 -0.007585174 0.999963224 0.004211517 -2.120070934 -0.004996337 -0.004249483 0.999978125 118.099479675
0.999952734 0.007759207 0.005919068 -0.810970426 -0.007787978 0.999958277 0.004848836 -2.147841454 -0.005881215 -0.004894700 0.999970734 119.455825806
0.999947071 0.007536549 0.006983458 -0.813001215 -0.007565040 0.999962926 0.004058052 -2.161474466 -0.006952623 -0.004110666 0.999967754 120.768653870
0.999926269 0.008809543 0.008404403 -0.814588249 -0.008841057 0.999954283 0.003716974 -2.182553291 -0.008371292 -0.003791000 0.999957919 122.098937988
0.999905765 0.009990742 0.009465641 -0.814607143 -0.010022257 0.999944687 0.003285207 -2.199993849 -0.009432313 -0.003379761 0.999949932 123.449905396
0.999870658 0.012143248 0.010648360 -0.811166227 -0.012167687 0.999924302 0.002231885 -2.230446339 -0.010620470 -0.002361159 0.999940574 124.772178650
0.999848068 0.012953453 0.011710288 -0.805329621 -0.012971126 0.999915063 0.001432462 -2.252229452 -0.011690754 -0.001584136 0.999930382 126.123634338
0.999844253 0.012424907 0.012566883 -0.803651631 -0.012442140 0.999921918 0.001292233 -2.281137705 -0.012549862 -0.001448386 0.999920189 127.449005127
0.999832571 0.012140167 0.013678822 -0.800367236 -0.012173053 0.999922872 0.002321195 -2.304785490 -0.013649604 -0.002487313 0.999904156 128.788406372
0.999839425 0.010564180 0.014508176 -0.789759278 -0.010615136 0.999938011 0.003437929 -2.327952862 -0.014470970 -0.003591379 0.999888897 130.152282715
0.999843895 0.009698305 0.014801520 -0.773808062 -0.009752897 0.999946177 0.003618758 -2.349882841 -0.014765640 -0.003762547 0.999883950 131.489196777
0.999860764 0.007827314 0.014827221 -0.757798076 -0.007885089 0.999962628 0.003840971 -2.376713514 -0.014796607 -0.003957347 0.999882281 132.820541382
0.999870420 0.006704018 0.014670496 -0.746411562 -0.006770691 0.999967396 0.004498028 -2.398372173 -0.014639875 -0.004596772 0.999882221 134.165573120
0.999882519 0.006101332 0.014097330 -0.733881593 -0.006160739 0.999972701 0.004172644 -2.429578543 -0.014071500 -0.004259001 0.999891877 135.525405884
0.999909282 0.003652706 0.012945306 -0.726263344 -0.003708649 0.999983549 0.004297305 -2.440602541 -0.012929413 -0.004344924 0.999907315 136.828765869
0.999926209 0.002161462 0.011996568 -0.719663084 -0.002222975 0.999984801 0.005114236 -2.465684652 -0.011985346 -0.005140525 0.999914825 138.197555542
0.999941766 0.000615140 0.010815736 -0.705722868 -0.000675297 0.999984741 0.005556687 -2.483841181 -0.010812168 -0.005563666 0.999925971 139.513931274
0.999957144 -0.000319367 0.009379664 -0.696965873 0.000269045 0.999986649 0.005363358 -2.508291721 -0.009381275 -0.005360603 0.999941230 140.865600586
0.999967217 0.000005981 0.008180180 -0.694265127 -0.000045598 0.999988675 0.004839136 -2.533855677 -0.008180080 -0.004839349 0.999954820 142.183685303
0.999974966 -0.000050497 0.007155734 -0.691271484 0.000020186 0.999991477 0.004231439 -2.547407150 -0.007155907 -0.004231189 0.999965429 143.524139404
0.999976337 -0.002535674 0.006402415 -0.690255880 0.002521804 0.999994278 0.002167022 -2.571350098 -0.006407883 -0.002150824 0.999977410 144.880462646
0.999963939 -0.006899002 0.005057998 -0.703190029 0.006895038 0.999976337 0.000794252 -2.609628201 -0.005063378 -0.000759354 0.999986768 146.187820435
0.999855936 -0.016546441 0.003940438 -0.695927322 0.016530270 0.999855399 0.004093612 -2.618234396 -0.004007622 -0.004027888 0.999983728 147.552001953
0.999722600 -0.023465339 0.002478203 -0.671025157 0.023451127 0.999710083 0.005607709 -2.635421276 -0.002609104 -0.005548039 0.999980509 148.881851196
0.999603152 -0.028137825 0.001665683 -0.647999406 0.028132893 0.999600291 0.002891977 -2.649753332 -0.001746413 -0.002843974 0.999994099 150.196075439
0.999666810 -0.025763914 0.001798046 -0.663428366 0.025765648 0.999667883 -0.000970018 -2.686815023 -0.001772479 0.001016013 0.999997616 151.593521118
0.999728084 -0.023138030 0.002831765 -0.677688003 0.023146039 0.999727905 -0.002851194 -2.711765051 -0.002765033 0.002915964 0.999992073 152.902221680
0.999725640 -0.023136493 0.003722146 -0.682827532 0.023147384 0.999728024 -0.002921248 -2.746594429 -0.003653568 0.003006594 0.999988496 154.278900146
0.999655426 -0.025944814 0.004091999 -0.683817804 0.025945056 0.999663711 -0.000015468 -2.769937992 -0.004090242 0.000121623 0.999991357 155.590454102
0.999457717 -0.032642130 0.004491713 -0.673968971 0.032626368 0.999462187 0.003532622 -2.793547630 -0.004604638 -0.003384164 0.999982834 156.934249878
0.999313653 -0.036767781 0.004549269 -0.659350157 0.036745861 0.999313354 0.004801322 -2.805037498 -0.004722700 -0.004630864 0.999977708 158.281677246
0.999293506 -0.037328061 0.004404023 -0.647640765 0.037307151 0.999292910 0.004728514 -2.831027508 -0.004577437 -0.004560876 0.999978721 159.624313354
0.999343514 -0.035806559 0.005450914 -0.661292374 0.035778292 0.999345839 0.005188420 -2.854051590 -0.005633144 -0.004989990 0.999971807 160.988220215
0.999410093 -0.033696011 0.006686431 -0.668204725 0.033663090 0.999420881 0.004972089 -2.869368553 -0.006850121 -0.004744069 0.999965012 162.308319092
0.999556899 -0.028834177 0.007505746 -0.665936351 0.028815351 0.999581933 0.002603011 -2.900712490 -0.007577692 -0.002385580 0.999967873 163.672180176
0.999615252 -0.026507534 0.008194798 -0.663731813 0.026494462 0.999647498 0.001695613 -2.918024302 -0.008236879 -0.001477844 0.999964833 165.005813599
0.999666750 -0.024322843 0.008595492 -0.668557405 0.024296068 0.999699175 0.003199975 -2.940631866 -0.008670758 -0.002990072 0.999958158 166.374328613
0.999688864 -0.023477929 0.008450869 -0.663059056 0.023453772 0.999720633 0.002943213 -2.964583158 -0.008517629 -0.002744094 0.999959767 167.734115601
0.999749243 -0.020999216 0.007876108 -0.658857286 0.020995643 0.999779999 0.000535558 -2.989814043 -0.007885644 -0.000370071 0.999968231 169.097274780
0.999849737 -0.015693007 0.007380055 -0.662413955 0.015713375 0.999872744 -0.002713815 -3.034237623 -0.007336549 0.002829366 0.999968946 170.506271362
0.999906361 -0.011567716 0.007270051 -0.665462554 0.011595231 0.999924958 -0.003760446 -3.045552969 -0.007226023 0.003844400 0.999966919 171.840362549
0.999951303 -0.006163880 0.007720139 -0.666773260 0.006184431 0.999977410 -0.002644265 -3.076825857 -0.007703685 0.002691875 0.999966681 173.218505859
0.999956071 -0.004496239 0.008305162 -0.675403953 0.004500838 0.999990642 -0.000535749 -3.105345488 -0.008302697 0.000573091 0.999964774 174.602554321
0.999957263 -0.004239671 0.008247385 -0.675843298 0.004227120 0.999989927 0.001535941 -3.126538992 -0.008253836 -0.001501018 0.999964714 175.948760986
0.999946475 -0.007128575 0.007486987 -0.674916446 0.007108896 0.999970317 0.002645913 -3.152482271 -0.007505651 -0.002592548 0.999968708 177.355560303
0.999933064 -0.009944221 0.005957950 -0.672164798 0.009927501 0.999946654 0.002824871 -3.168478489 -0.005985748 -0.002765540 0.999977946 178.711715698
0.999934912 -0.010773099 0.003809252 -0.671145260 0.010777337 0.999941289 -0.001100704 -3.197855949 -0.003797195 0.001141679 0.999991894 180.048080444
0.999964595 -0.008175569 0.002246474 -0.680578589 0.008188048 0.999951661 -0.005606325 -3.227955818 -0.002200561 0.005624497 0.999981165 181.494171143
0.999990046 -0.004130196 0.001783309 -0.701379478 0.004141958 0.999969184 -0.006658101 -3.257138968 -0.001755779 0.006665414 0.999976099 182.885086060
0.999998331 0.000746842 0.001630253 -0.710815609 -0.000737833 0.999983490 -0.005544896 -3.298128128 -0.001634381 0.005543698 0.999983668 184.255462646
0.999996603 0.002107573 0.001786759 -0.720547080 -0.002103879 0.999996424 -0.002071541 -3.324818850 -0.001791148 0.002067756 0.999995649 185.667755127
0.999993742 0.002738504 0.002197895 -0.726732254 -0.002739179 0.999995232 0.000284582 -3.356515169 -0.002197123 -0.000290593 0.999997914 187.055755615
0.999993443 0.002754910 0.002363469 -0.730301797 -0.002757108 0.999995708 0.000916283 -3.385140419 -0.002360959 -0.000922795 0.999996603 188.489929199
0.999997675 0.000646222 0.002185774 -0.730267227 -0.000649675 0.999999285 0.001578111 -3.404881477 -0.002184787 -0.001579538 0.999995708 189.881988525
0.999995649 -0.001814410 0.002375449 -0.727129221 0.001809423 0.999996006 0.002089966 -3.431224346 -0.002379257 -0.002085661 0.999994814 191.253860474
0.999991000 -0.003274587 0.002723904 -0.733567119 0.003267934 0.999991655 0.002434342 -3.458046675 -0.002731878 -0.002425422 0.999993145 192.691909790
0.999963045 -0.008060837 0.003038598 -0.736469030 0.008050781 0.999961317 0.003291197 -3.478067636 -0.003065030 -0.003266613 0.999990106 194.107513428
0.999911487 -0.012913192 0.003261053 -0.733122289 0.012897709 0.999905646 0.004716291 -3.492718935 -0.003321674 -0.004673817 0.999983311 195.562393188
0.999872088 -0.015600970 0.003593460 -0.729357600 0.015583075 0.999867082 0.004954532 -3.523256540 -0.003670308 -0.004897904 0.999980748 196.966751099
0.999903738 -0.013371531 0.003759138 -0.742064893 0.013368540 0.999910355 0.000811124 -3.552144766 -0.003769672 -0.000760795 0.999992430 198.380996704
0.999969900 -0.006507597 0.004270490 -0.746834815 0.006526267 0.999968410 -0.004383991 -3.572364807 -0.004241847 0.004411734 0.999981403 199.806747437
0.999983072 0.001261003 0.005719645 -0.758883655 -0.001231413 0.999985933 -0.005178978 -3.587800741 -0.005726120 0.005171840 0.999970019 201.245941162
0.999924898 0.010143896 0.006940660 -0.782303751 -0.010138197 0.999949098 -0.000857618 -3.630666256 -0.006949030 0.000787168 0.999974787 202.682296753
0.999897659 0.011831068 0.008082123 -0.779205561 -0.011839902 0.999929428 0.001042999 -3.658312082 -0.008069233 -0.001138592 0.999966562 204.128402710
0.999922276 0.010077339 0.007379505 -0.773432732 -0.010088860 0.999947965 0.001522532 -3.683105707 -0.007363799 -0.001596873 0.999971449 205.535476685
0.999961495 0.006246388 0.006208534 -0.773060679 -0.006256681 0.999978304 0.001633499 -3.705681324 -0.006198216 -0.001672282 0.999979854 207.012191772
0.999978006 0.004459891 0.004993319 -0.767463803 -0.004467375 0.999988914 0.001483018 -3.736700296 -0.004986674 -0.001505299 0.999986291 208.441589355
0.999977112 0.005042145 0.004599733 -0.773146570 -0.005045139 0.999987066 0.000633421 -3.759578466 -0.004596504 -0.000656621 0.999988973 209.902847290
0.999974012 0.005683967 0.004524529 -0.774235308 -0.005687150 0.999983549 0.000685056 -3.789746523 -0.004520585 -0.000710778 0.999989212 211.384140015
0.999969304 0.006608564 0.004300038 -0.779560208 -0.006615313 0.999977589 0.001554871 -3.809873343 -0.004289696 -0.001583287 0.999988556 212.837371826
0.999969602 0.006742119 0.003995074 -0.785765648 -0.006747820 0.999976158 0.001409032 -3.845793247 -0.003985504 -0.001435956 0.999990761 214.293640137
0.999976993 0.005791105 0.003669611 -0.786032975 -0.005791775 0.999982357 0.000162117 -3.862914562 -0.003668627 -0.000183367 0.999993742 215.761810303
0.999985337 0.004304245 0.003408921 -0.791340113 -0.004303524 0.999990642 -0.000225914 -3.886716843 -0.003409886 0.000211231 0.999993920 217.217819214
0.999983668 0.004970100 0.002944700 -0.793080270 -0.004969783 0.999988317 -0.000118045 -3.922332048 -0.002945281 0.000103389 0.999994755 218.690643311
0.999980152 0.005697353 0.002846992 -0.798318744 -0.005695116 0.999983430 -0.000802147 -3.949870825 -0.002851539 0.000785906 0.999995410 220.171142578
0.999981999 0.005417521 0.002643049 -0.808031499 -0.005416106 0.999984264 -0.000559429 -3.978801489 -0.002646058 0.000545104 0.999996841 221.641601562
0.999975026 0.006802519 0.002079456 -0.820927441 -0.006800425 0.999976337 -0.001025235 -4.011133194 -0.002086406 0.001011056 0.999997079 223.126708984
0.999980688 0.006055111 0.001726064 -0.818525791 -0.006053237 0.999981761 -0.001094079 -4.033078194 -0.001732689 0.001083585 0.999996901 224.616363525
0.999977946 0.006548099 0.001369949 -0.826272607 -0.006546829 0.999977946 -0.000948214 -4.063583374 -0.001376153 0.000939211 0.999998331 226.103149414
0.999974906 0.006986723 0.001329918 -0.833749413 -0.006985279 0.999974787 -0.001108075 -4.106715679 -0.001337653 0.001098743 0.999998212 227.591476440
0.999988139 0.004637012 0.001443231 -0.840065241 -0.004635193 0.999987483 -0.001292551 -4.124794960 -0.001449226 0.001285843 0.999998450 229.098709106
0.999991298 0.003991737 0.001389022 -0.852809072 -0.003990360 0.999991417 -0.001009812 -4.161002636 -0.001393068 0.001004247 0.999998152 230.567642212
0.999997675 0.001641197 0.001625925 -0.855813086 -0.001640718 0.999998510 -0.000310269 -4.185341835 -0.001626458 0.000307587 0.999998271 232.049789429
0.999996841 0.002150656 0.001591870 -0.857656956 -0.002150910 0.999998391 0.000158804 -4.218306065 -0.001591557 -0.000162249 0.999997795 233.578903198
0.999994993 0.002694002 0.001782982 -0.859513342 -0.002693593 0.999996245 -0.000244254 -4.247132301 -0.001783659 0.000239437 0.999998212 235.012771606
0.999993205 0.003104687 0.002014255 -0.870084822 -0.003103192 0.999994040 -0.000766191 -4.273070812 -0.002016644 0.000759934 0.999998271 236.570343018
0.999988317 0.004233794 0.002402727 -0.882643521 -0.004233292 0.999990880 -0.000222377 -4.305207253 -0.002403671 0.000212191 0.999996901 238.040481567
0.999985814 0.004396051 0.003096950 -0.882072866 -0.004402332 0.999988735 0.002026687 -4.329514027 -0.003088033 -0.002040310 0.999992073 239.570724487
0.999988139 0.003002046 0.003885484 -0.874087155 -0.003012722 0.999991596 0.002740290 -4.354920864 -0.003877249 -0.002751973 0.999988437 241.129745483
0.999980152 0.004620815 0.004282407 -0.887552857 -0.004625157 0.999988079 0.000994741 -4.384752750 -0.004277784 -0.001014528 0.999990821 242.583755493
0.999974728 0.004987769 0.005115296 -0.878529847 -0.004984768 0.999987423 -0.000602417 -4.420166016 -0.005118260 0.000576894 0.999986529 244.150466919
0.999974668 0.004980623 0.005160295 -0.891478240 -0.004980843 0.999988377 0.000030452 -4.435238838 -0.005160106 -0.000056174 0.999985695 245.618865967
0.999971867 0.005360941 0.005292941 -0.887599409 -0.005366636 0.999984980 0.001058826 -4.466879845 -0.005287211 -0.001087210 0.999985218 247.142501831
0.999974787 0.005173217 0.004889226 -0.896142721 -0.005182004 0.999984205 0.001778039 -4.498579979 -0.004879981 -0.001803327 0.999986947 248.698944092
0.999979436 0.004706610 0.004435264 -0.907314241 -0.004713933 0.999987721 0.001637735 -4.518710136 -0.004427528 -0.001658618 0.999988496 250.176589966
0.999965847 0.006855465 0.004735196 -0.900742531 -0.006864558 0.999975681 0.001907648 -4.551180840 -0.004722029 -0.001940106 0.999986053 251.749984741
0.999958038 0.007909670 0.004682912 -0.916048050 -0.007920166 0.999966145 0.002222790 -4.576701641 -0.004665199 -0.002259793 0.999986351 253.224243164
0.999952912 0.008404326 0.004897188 -0.910964787 -0.008414807 0.999962449 0.002119861 -4.595119953 -0.004879216 -0.002160978 0.999985456 254.808013916
0.999964178 0.006764680 0.005081193 -0.910542905 -0.006777024 0.999973536 0.002408236 -4.633209229 -0.005064797 -0.002442584 0.999984562 256.346557617
0.999976873 0.004660829 0.004979922 -0.904935956 -0.004675890 0.999984741 0.003013335 -4.647826672 -0.004965830 -0.003036560 0.999982655 257.886413574
0.999986231 0.001840643 0.004946940 -0.908818722 -0.001861158 0.999989927 0.004141675 -4.686271667 -0.004939296 -0.004150833 0.999978781 259.403778076
0.999988973 0.000915347 0.004647436 -0.906920314 -0.000930343 0.999995291 0.003226366 -4.705251694 -0.004644491 -0.003230675 0.999982834 260.965606689
0.999988735 0.000901683 0.004674109 -0.902434170 -0.000911217 0.999997616 0.002034376 -4.744113445 -0.004672293 -0.002038622 0.999986589 262.497528076
0.999983072 -0.002907197 0.005069911 -0.909446597 0.002887538 0.999988437 0.003877421 -4.760311127 -0.005081153 -0.003862725 0.999979258 264.042694092
0.999972105 -0.005292021 0.005286396 -0.906882107 0.005260007 0.999967217 0.006043761 -4.786618233 -0.005318233 -0.006015790 0.999967992 265.595825195
0.999976993 -0.003810695 0.005640611 -0.899770737 0.003780877 0.999979019 0.005284987 -4.831550598 -0.005660659 -0.005263549 0.999969780 267.168304443
0.999975443 -0.004078228 0.005736533 -0.903710485 0.004055904 0.999984443 0.003895122 -4.854358673 -0.005752357 -0.003871770 0.999975562 268.662139893
0.999965131 -0.005349692 0.006473111 -0.899025917 0.005323805 0.999979138 0.004011209 -4.860485077 -0.006494462 -0.003976625 0.999969959 270.215545654
0.999962211 -0.004064405 0.007702047 -0.897051275 0.004032372 0.999983490 0.004168255 -4.880787849 -0.007718888 -0.004137049 0.999961197 271.726623535
0.999961197 -0.001954641 0.008598410 -0.903253376 0.001923101 0.999990642 0.003671488 -4.910872936 -0.008605533 -0.003654809 0.999956548 273.274108887
0.999953151 -0.000924806 0.009651818 -0.892233133 0.000889776 0.999993026 0.003631985 -4.935379028 -0.009655134 -0.003623236 0.999946535 274.851226807
0.999944091 0.000128122 0.010596726 -0.891060352 -0.000162608 0.999995768 0.003253937 -4.965591431 -0.010596284 -0.003255500 0.999937594 276.361572266
0.999935627 -0.000468827 0.011346966 -0.897076249 0.000438677 0.999996603 0.002658280 -4.985044003 -0.011348197 -0.002653142 0.999931753 277.937438965
0.999923408 -0.000613392 0.012366264 -0.876202047 0.000585928 0.999997497 0.002223243 -5.014154434 -0.012367622 -0.002215837 0.999920785 279.428802490
0.999911666 -0.000588606 0.013266115 -0.862678587 0.000557116 0.999996185 0.002374397 -5.048652172 -0.013267499 -0.002366795 0.999909520 280.979736328
0.999897122 -0.001875275 0.014220423 -0.832424164 0.001825709 0.999992311 0.003496398 -5.082443714 -0.014226895 -0.003470087 0.999892414 282.578430176
0.999894261 -0.003196707 0.014208131 -0.828877568 0.003142421 0.999988675 0.003841862 -5.101275444 -0.014220265 -0.003796827 0.999890685 284.074951172
0.999883652 -0.004836037 0.014466133 -0.809826076 0.004815663 0.999987543 0.001441726 -5.131359100 -0.014472947 -0.001371906 0.999894083 285.648345947
0.999889433 -0.004317428 0.014199222 -0.801855743 0.004329541 0.999989569 -0.000825245 -5.154118538 -0.014195545 0.000886636 0.999899447 287.172668457
0.999898791 -0.004621871 0.013452869 -0.783728778 0.004634354 0.999989152 -0.000898173 -5.182816982 -0.013448595 0.000960415 0.999908864 288.716369629
0.999898612 -0.006428020 0.012736437 -0.772827923 0.006436506 0.999980390 -0.000624761 -5.219320297 -0.012732190 0.000706645 0.999917507 290.294860840
0.999914587 -0.005933613 0.011637989 -0.759180427 0.005950453 0.999981582 -0.001414414 -5.249201775 -0.011629405 0.001483530 0.999930978 291.821014404
0.999920428 -0.005853706 0.011125539 -0.754198551 0.005872943 0.999980688 -0.001701304 -5.281182289 -0.011115388 0.001766512 0.999937236 293.409271240
0.999930203 -0.005573352 0.010468921 -0.743205011 0.005586416 0.999984920 -0.001218490 -5.313132763 -0.010461998 0.001276853 0.999943435 294.968811035
0.999935091 -0.006039294 0.009610614 -0.743040323 0.006048722 0.999980628 -0.000956766 -5.346375942 -0.009604667 0.001014839 0.999954104 296.533020020
0.999939859 -0.006350731 0.008947474 -0.709123909 0.006352874 0.999979973 -0.000212876 -5.370660782 -0.008945969 0.000269691 0.999959707 298.156951904
0.999955595 -0.005150053 0.007969385 -0.722051084 0.005136612 0.999986529 0.001707132 -5.405012131 -0.007978105 -0.001666146 0.999965608 299.713256836
0.999946356 -0.005334060 0.008814598 -0.722100437 0.005318258 0.999983549 0.001809888 -5.427663326 -0.008824127 -0.001762914 0.999960244 301.289031982
0.999943495 -0.004041221 0.009841301 -0.724406004 0.004025628 0.999990702 0.001601674 -5.452676296 -0.009847711 -0.001561979 0.999950111 302.874664307
0.999932110 -0.005702407 0.010225426 -0.709516644 0.005688479 0.999983907 0.001390745 -5.479690552 -0.010233229 -0.001332510 0.999945700 304.471282959
0.999914587 -0.007741359 0.010457796 -0.699761987 0.007736745 0.999969244 0.000477359 -5.507091999 -0.010461192 -0.000396405 0.999945939 306.076232910
0.999895394 -0.009519625 0.010935405 -0.684451103 0.009536592 0.999954581 -0.001500086 -5.535480499 -0.010920662 0.001604180 0.999938011 307.673706055
0.999888599 -0.010311156 0.010778113 -0.692280829 0.010342527 0.999942601 -0.002860738 -5.570036411 -0.010748028 0.002971878 0.999937654 309.315765381
0.999916017 -0.009259536 0.008979874 -0.678112924 0.009290243 0.999950171 -0.003388955 -5.602458000 -0.008948066 0.003472106 0.999954700 310.889831543
0.999945402 -0.008077665 0.006604819 -0.671256721 0.008098180 0.999962509 -0.003088424 -5.636570930 -0.006579653 0.003141727 0.999973297 312.512390137
0.999954700 -0.007040629 0.006487993 -0.670691252 0.007038386 0.999976277 0.000368956 -5.663810730 -0.006490478 -0.000323307 0.999977827 314.124023438
0.999936759 -0.008754400 0.007047918 -0.659424007 0.008730768 0.999956310 0.003374088 -5.700615406 -0.007077176 -0.003312357 0.999969244 315.732177734
0.999930859 -0.009245547 0.007176329 -0.661439359 0.009215377 0.999947846 0.004219901 -5.719635487 -0.007214987 -0.004153485 0.999966085 317.363494873
0.999922931 -0.010050256 0.007285894 -0.659224272 0.010029381 0.999945700 0.002893325 -5.748481274 -0.007314606 -0.002820045 0.999969125 318.987121582
0.999908149 -0.011048974 0.007935462 -0.653332651 0.011025949 0.999935985 0.002939988 -5.767354012 -0.007967477 -0.002852246 0.999963105 320.607269287
0.999903560 -0.011330860 0.008034631 -0.642819226 0.011306899 0.999931693 0.003019359 -5.794554234 -0.008068320 -0.002928236 0.999962986 322.229431152
0.999900103 -0.011109664 0.008675721 -0.642692447 0.011080783 0.999932408 0.003365529 -5.833258629 -0.008712540 -0.003269068 0.999957561 323.860565186
0.999908805 -0.009906421 0.009174777 -0.637004375 0.009884563 0.999948561 0.002422371 -5.858626842 -0.009198329 -0.002331478 0.999954939 325.486297607
0.999909878 -0.009062971 0.009947774 -0.635392666 0.009045064 0.999958336 0.001843598 -5.889717579 -0.009964105 -0.001753480 0.999947667 327.098724365
0.999896407 -0.009554882 0.010760052 -0.629839659 0.009520898 0.999949694 0.003203206 -5.925117016 -0.010790146 -0.003100445 0.999936700 328.721221924
0.999880135 -0.011148199 0.010698916 -0.619675994 0.011098719 0.999926984 0.004669244 -5.948058128 -0.010750210 -0.004549948 0.999932468 330.347351074
0.999876738 -0.011503567 0.010686596 -0.615718484 0.011466999 0.999928594 0.003474959 -5.976317883 -0.010725834 -0.003352003 0.999936581 331.952087402
0.999882936 -0.010933840 0.010753880 -0.599286616 0.010895647 0.999935329 0.003603608 -6.009955883 -0.010792620 -0.003486038 0.999934494 333.591064453
0.999898255 -0.009502609 0.010646138 -0.599198639 0.009485940 0.999953985 0.001613191 -6.018534184 -0.010661005 -0.001512053 0.999941766 335.185668945
0.999924898 -0.006983626 0.010033474 -0.593071103 0.007001413 0.999973357 -0.001742878 -6.061285496 -0.010021054 0.001812997 0.999948800 336.807678223
0.999942482 -0.005758112 0.009058254 -0.585042596 0.005764452 0.999983311 -0.000676377 -6.098285198 -0.009054238 0.000728537 0.999958396 338.398315430
0.999953330 -0.005049099 0.008319393 -0.589153290 0.005029093 0.999985516 0.002423456 -6.129703522 -0.008331554 -0.002381532 0.999961376 340.025451660
0.999965549 -0.004064173 0.007253890 -0.587709606 0.004024196 0.999976873 0.005514177 -6.157873154 -0.007276163 -0.005484811 0.999958277 341.647857666
0.999976039 -0.003557437 0.005879468 -0.588346004 0.003531336 0.999983132 0.004437201 -6.184499264 -0.005895164 -0.004416339 0.999973476 343.235351562
0.999984622 -0.003652308 0.004201218 -0.596850991 0.003640947 0.999989867 0.002703072 -6.212415695 -0.004211079 -0.002687747 0.999987304 344.859680176
0.999985456 -0.004984654 0.002402666 -0.594758511 0.004974935 0.999980569 0.004030720 -6.235685349 -0.002422770 -0.004018726 0.999987960 346.434295654
0.999971449 -0.007485177 0.001204535 -0.590369046 0.007479192 0.999960244 0.004878832 -6.277572632 -0.001241037 -0.004869695 0.999987245 348.046203613
0.999972224 -0.007318860 0.001170983 -0.609567165 0.007314126 0.999964595 0.003962204 -6.295316219 -0.001199941 -0.003953536 0.999992192 349.636138916
0.999970853 -0.007636174 0.000594346 -0.602469444 0.007634227 0.999965847 0.003173284 -6.325564861 -0.000618589 -0.003168666 0.999994636 351.209503174
0.999969900 -0.007794976 0.000834525 -0.618856728 0.007792447 0.999966323 0.002980934 -6.353725910 -0.000857797 -0.002974362 0.999994099 352.817962646
0.999967396 -0.008061198 0.000600285 -0.621584177 0.008059434 0.999963641 0.002844176 -6.385754585 -0.000623223 -0.002839259 0.999995530 354.428375244
0.999960780 -0.008784466 0.000857159 -0.631938577 0.008782335 0.999957740 0.002411338 -6.414442539 -0.000878307 -0.002403718 0.999997318 356.021850586
0.999961853 -0.008681759 0.001088214 -0.646758556 0.008679739 0.999960840 0.001822777 -6.448318481 -0.001104029 -0.001813274 0.999997437 357.629119873
0.999955475 -0.009404068 0.001148026 -0.651903093 0.009401814 0.999954879 0.001941947 -6.468732357 -0.001166302 -0.001931095 0.999996364 359.207061768
0.999956727 -0.009247197 0.000934462 -0.647526324 0.009246085 0.999956727 0.001157069 -6.492172718 -0.000945154 -0.001148395 0.999998689 360.830841064
0.999945462 -0.010344203 0.001084327 -0.658490598 0.010344027 0.999945760 0.000131375 -6.531979084 -0.001085625 -0.000120157 1.000000000 362.392150879
0.999926746 -0.012077856 0.000776702 -0.661550820 0.012076980 0.999926627 0.001090981 -6.548454285 -0.000789853 -0.001081540 0.999998868 363.968719482
0.999890804 -0.014789707 0.000991301 -0.661931932 0.014786717 0.999887288 0.002953590 -6.591620445 -0.001034938 -0.002938634 0.999994278 365.582427979
0.999892533 -0.014608797 0.001263895 -0.673879147 0.014605918 0.999890924 0.002240024 -6.618132114 -0.001296513 -0.002221341 0.999996662 367.140197754
0.999907017 -0.013494398 0.001968274 -0.676263154 0.013491591 0.999908090 0.001420392 -6.644531727 -0.001987292 -0.001393724 0.999996960 368.764892578
0.999927461 -0.011803515 0.002084546 -0.692573369 0.011798809 0.999927223 0.002233780 -6.672502518 -0.002110760 -0.002209034 0.999996066 370.358642578
0.999937713 -0.010784532 0.002780790 -0.698057473 0.010775849 0.999937296 0.003108359 -6.694841385 -0.002814170 -0.003078220 0.999991298 371.965698242
0.999941111 -0.010447637 0.002881937 -0.699227810 0.010439331 0.999941468 0.002873130 -6.723969936 -0.002911820 -0.002842896 0.999991655 373.556488037
0.999942183 -0.010339401 0.003081754 -0.706863940 0.010332762 0.999945164 0.002159224 -6.756035805 -0.003103979 -0.002127285 0.999992013 375.162902832
0.999942362 -0.010054494 0.003682378 -0.707707882 0.010048789 0.999948323 0.001556492 -6.780910492 -0.003697874 -0.001519419 0.999991953 376.791259766
0.999949276 -0.009366247 0.003633296 -0.719886541 0.009360267 0.999954939 0.001651223 -6.813760757 -0.003648635 -0.001617150 0.999991953 378.376037598
0.999952555 -0.008675628 0.004289749 -0.724977493 0.008667247 0.999959886 0.001957120 -6.835803986 -0.004306564 -0.001919854 0.999989748 380.005767822
0.999963701 -0.007483731 0.004063272 -0.733818233 0.007474033 0.999969244 0.002389508 -6.866478920 -0.004081067 -0.002359070 0.999988854 381.601440430
0.999970913 -0.006295480 0.004280076 -0.736892164 0.006287992 0.999978721 0.001753738 -6.892781258 -0.004291063 -0.001726791 0.999989212 383.225799561
