0.999999881 0.000000001 0.000000000 0.000000000 0.000000001 1.000000000 -0.000000000 0.000000000 0.000000000 -0.000000000 1.000000000 0.000000000
0.999997377 -0.001518028 -0.001632016 -0.007809916 0.001517708 0.999998808 -0.000198449 -0.018252151 0.001632317 0.000195971 0.999998629 0.565237403
0.999993980 -0.001749477 -0.002958087 -0.010964600 0.001744177 0.999996841 -0.001794057 -0.032115407 0.002961217 0.001788886 0.999994040 1.139278769
0.999987304 -0.001830644 -0.004669585 -0.014850209 0.001817219 0.999994218 -0.002878116 -0.048446581 0.004674829 0.002869593 0.999984980 1.679000616
0.999972105 -0.003037863 -0.006807846 -0.017649535 0.003005400 0.999984086 -0.004773906 -0.074672751 0.006822242 0.004753312 0.999965429 2.233779669
0.999940932 -0.006471327 -0.008717728 -0.016158717 0.006414035 0.999957740 -0.006584107 -0.077949047 0.008759968 0.006527802 0.999940336 2.808139324
0.999925494 -0.006925734 -0.010041400 -0.030583357 0.006854808 0.999951422 -0.007080968 -0.100641251 0.010089953 0.007011609 0.999924541 3.354693174
0.999905944 -0.007943398 -0.011180382 -0.041600939 0.007866247 0.999945045 -0.006927901 -0.100000381 0.011234801 0.006839301 0.999913514 3.938714504
0.999888122 -0.008345854 -0.012407044 -0.046993125 0.008256719 0.999939859 -0.007218270 -0.114754692 0.012466542 0.007115020 0.999896944 4.523361683
0.999880970 -0.007695509 -0.013363957 -0.067130119 0.007569455 0.999926746 -0.009457595 -0.139253989 0.013435759 0.009355311 0.999866009 5.110522747
0.999866128 -0.006695154 -0.014920607 -0.078821324 0.006489641 0.999884069 -0.013779930 -0.151550561 0.015011135 0.013681257 0.999793768 5.710536003
0.999857068 -0.005259165 -0.016056214 -0.091597810 0.004979317 0.999835908 -0.017419703 -0.161029354 0.016145186 0.017337272 0.999719560 6.318789005
0.999844670 -0.004204100 -0.017114295 -0.107123397 0.003897930 0.999832630 -0.017883856 -0.167589858 0.017186614 0.017814374 0.999693632 6.949973583
0.999831915 -0.000385155 -0.018331302 -0.134458527 0.000178684 0.999936581 -0.011263601 -0.184748054 0.018334480 0.011258438 0.999768615 7.591574192
0.999820769 0.000771146 -0.018915622 -0.153900713 -0.000778964 0.999999702 -0.000405837 -0.207939997 0.018915303 0.000420502 0.999821126 8.256114960
0.999801815 0.001130741 -0.019876786 -0.164719865 -0.001000652 0.999977827 0.006553435 -0.214532763 0.019883761 -0.006532248 0.999781072 8.920667648
0.999770164 0.002908585 -0.021226473 -0.179625526 -0.002780357 0.999977767 0.006068045 -0.233851239 0.021243647 -0.006007640 0.999756455 9.606081009
0.999749482 0.005577608 -0.021665618 -0.201551169 -0.005610173 0.999983191 -0.001442451 -0.242556691 0.021657210 0.001563635 0.999764442 10.297664642
0.999717057 0.005682640 -0.023092313 -0.241375864 -0.005855515 0.999955356 -0.007425400 -0.244368672 0.023049086 0.007558514 0.999705911 11.000731468
0.999705374 0.003389507 -0.024025710 -0.257763416 -0.003553159 0.999970853 -0.006771998 -0.248593792 0.024002053 0.006855369 0.999688625 11.733343124
0.999696136 0.002024072 -0.024555774 -0.272306204 -0.001950402 0.999993980 0.003023814 -0.252337158 0.024561731 -0.002975012 0.999694228 12.478462219
0.999691427 0.001434195 -0.024794877 -0.295684785 -0.001163001 0.999939442 0.010948455 -0.248830408 0.024809072 -0.010916246 0.999632716 13.258412361
0.999678075 0.000964246 -0.025353244 -0.321359098 -0.000621091 0.999908209 0.013539311 -0.254892766 0.025363969 -0.013519209 0.999586940 14.038725853
0.999669909 -0.000806969 -0.025678150 -0.347546220 0.001134210 0.999918282 0.012731869 -0.269922316 0.025665779 -0.012756794 0.999589264 14.847871780
0.999685466 -0.001109548 -0.025057936 -0.359220982 0.001366475 0.999946654 0.010238527 -0.269181579 0.025045240 -0.010269552 0.999633610 15.671860695
0.999690354 0.000880912 -0.024870746 -0.393498540 -0.000717921 0.999978125 0.006561658 -0.261637866 0.024875984 -0.006541772 0.999669135 16.498369217
0.999717176 -0.002471874 -0.023670964 -0.415140748 0.002494115 0.999995828 0.000910087 -0.278586179 0.023668630 -0.000968860 0.999719083 17.360841751
0.999715567 -0.005394388 -0.023238523 -0.436459631 0.005268865 0.999971092 -0.005459267 -0.292399913 0.023267303 0.005335273 0.999715090 18.209146500
0.999750853 -0.004884160 -0.021787979 -0.462908894 0.004645632 0.999928832 -0.010984738 -0.307612687 0.021840077 0.010880784 0.999702334 19.116508484
0.999762535 -0.002422380 -0.021665318 -0.493341744 0.002159670 0.999923825 -0.012140912 -0.323700607 0.021693077 0.012091238 0.999691606 20.003040314
0.999754608 -0.002945190 -0.021965880 -0.513385594 0.002690722 0.999929011 -0.011605123 -0.349293560 0.021998499 0.011543170 0.999691427 20.923164368
0.999758899 -0.001891086 -0.021887023 -0.542056561 0.001621199 0.999922395 -0.012342115 -0.374639958 0.021908665 0.012303656 0.999684393 21.882772446
0.999761105 0.001383750 -0.021816036 -0.571532309 -0.001696374 0.999896467 -0.014317886 -0.392590672 0.021793952 0.014351470 0.999660075 22.825168610
0.999749422 0.005074272 -0.021813437 -0.606268406 -0.005407980 0.999868572 -0.015266752 -0.414120704 0.021733111 0.015380899 0.999645591 23.803424835
0.999739587 0.006557253 -0.021864366 -0.638332665 -0.006889935 0.999860883 -0.015175557 -0.442162037 0.021761822 0.015322254 0.999645889 24.744716644
0.999733627 0.007007439 -0.021996757 -0.667402089 -0.007344311 0.999856234 -0.015271745 -0.474553615 0.021886585 0.015429233 0.999641597 25.748483658
0.999725640 0.007111864 -0.022333449 -0.697627425 -0.007451308 0.999857128 -0.015153069 -0.503913343 0.022222500 0.015315326 0.999635935 26.718936920
0.999711454 0.007944483 -0.022693578 -0.722842336 -0.008265961 0.999865532 -0.014108383 -0.535034597 0.022578467 0.014291905 0.999642611 27.714328766
0.999697745 0.009009722 -0.022883695 -0.759321511 -0.009290164 0.999882460 -0.012178869 -0.569320619 0.022771277 0.012387785 0.999664128 28.750465393
0.999681473 0.009530146 -0.023377366 -0.790672183 -0.009786798 0.999892533 -0.010889283 -0.591419339 0.023271082 0.011114606 0.999667585 29.736564636
0.999687791 0.008985413 -0.023320423 -0.818914533 -0.009258337 0.999889314 -0.011622131 -0.628560841 0.023213414 0.011834413 0.999660671 30.778930664
0.999668658 0.010214161 -0.023613174 -0.848652959 -0.010511759 0.999866605 -0.012513138 -0.653363168 0.023482196 0.012757201 0.999643564 31.773725510
0.999666750 0.009774445 -0.023897095 -0.880608559 -0.010067877 0.999874532 -0.012190046 -0.679091513 0.023774955 0.012426572 0.999640405 32.803562164
0.999665856 0.008387409 -0.024455667 -0.905908227 -0.008626845 0.999915361 -0.009701959 -0.711013436 0.024372233 0.009909686 0.999654055 33.875343323
0.999639809 0.010048294 -0.024886467 -0.944130957 -0.010188316 0.999932468 -0.005506427 -0.746973991 0.024829470 0.005757989 0.999675333 34.907787323
0.999640286 0.008783765 -0.025361570 -0.979239881 -0.008866021 0.999954939 -0.003133831 -0.757199109 0.025332935 0.003357566 0.999673069 35.981552124
0.999622822 0.008839170 -0.026004022 -1.017194390 -0.008912023 0.999956250 -0.002687547 -0.781674445 0.025979141 0.002918278 0.999658465 37.028621674
0.999614477 0.009227897 -0.026186146 -1.042078853 -0.009329513 0.999949038 -0.003761584 -0.806593597 0.026150111 0.004004434 0.999650300 38.125160217
0.999587715 0.009703769 -0.027021432 -1.081537485 -0.009820247 0.999942541 -0.004181691 -0.828336954 0.026979320 0.004445320 0.999626458 39.171516418
0.999577045 0.008641163 -0.027747134 -1.118370771 -0.008737122 0.999956071 -0.003338916 -0.848750234 0.027717065 0.003579918 0.999610484 40.246719360
0.999570310 0.007695395 -0.028282898 -1.156137705 -0.007741696 0.999968290 -0.001528564 -0.875765443 0.028270259 0.001746860 0.999599099 41.340606689
0.999552846 0.006538536 -0.029179415 -1.197224259 -0.006510621 0.999977648 0.001050975 -0.896223605 0.029185655 -0.000860535 0.999573946 42.410202026
0.999537289 0.007961690 -0.029356360 -1.237154245 -0.007927082 0.999967158 0.001294462 -0.918986082 0.029365720 -0.001061161 0.999568522 43.492099762
0.999509752 0.009319869 -0.029890690 -1.279593110 -0.009393971 0.999952555 -0.002340330 -0.946795464 0.029867481 0.002619970 0.999550879 44.555240631
0.999474704 0.012383508 -0.029968420 -1.317201257 -0.012587180 0.999897838 -0.006618589 -0.968854904 0.029883435 0.006992333 0.999528587 45.645465851
0.999452412 0.013870436 -0.030042131 -1.357313275 -0.014074572 0.999878645 -0.006595025 -0.995601773 0.029947029 0.007014239 0.999527335 46.701309204
0.999477327 0.012236202 -0.029922532 -1.395809889 -0.012358050 0.999915361 -0.003891272 -1.017165899 0.029872412 0.004259013 0.999545097 47.776294708
0.999473333 0.012549795 -0.029925084 -1.432394147 -0.012653416 0.999913871 -0.003276480 -1.028498530 0.029881416 0.003653401 0.999547184 48.889472961
0.999491751 0.011730526 -0.029620111 -1.475677848 -0.011768880 0.999929786 -0.001120619 -1.065265656 0.029604910 0.001468626 0.999561906 49.960655212
0.999496400 0.012485276 -0.029175701 -1.512095809 -0.012532246 0.999919713 -0.001428052 -1.089189410 0.029155562 0.001792961 0.999573767 51.062263489
0.999516368 0.011896855 -0.028734947 -1.554924488 -0.011977062 0.999924123 -0.002621132 -1.126236200 0.028701618 0.002964017 0.999584079 52.117725372
0.999508440 0.012987091 -0.028536905 -1.589389324 -0.013155392 0.999896348 -0.005718265 -1.145900130 0.028459722 0.006090864 0.999576867 53.194656372
0.999544740 0.011004928 -0.028129134 -1.630762458 -0.011234024 0.999903679 -0.008000392 -1.180649400 0.028038442 0.008312755 0.999571979 54.267379761
0.999555349 0.009559819 -0.028247837 -1.664952278 -0.009894316 0.999881625 -0.011725965 -1.218305469 0.028132426 0.012000250 0.999532759 55.346355438
0.999574840 0.008809874 -0.027794039 -1.706449628 -0.009175876 0.999871731 -0.013068769 -1.258329630 0.027675372 0.013318256 0.999528825 56.421680450
0.999585390 0.007730317 -0.027735710 -1.733171463 -0.008040030 0.999905527 -0.011072765 -1.296277046 0.027647533 0.011291175 0.999554455 57.503818512
0.999613643 0.004720987 -0.027356837 -1.763651013 -0.004860396 0.999975145 -0.005031534 -1.305865765 0.027332421 0.005162545 0.999614418 58.583862305
0.999626756 0.003214074 -0.027125364 -1.793064594 -0.003195160 0.999993801 0.000740362 -1.327276468 0.027127616 -0.000653430 0.999632299 59.690475464
0.999635041 0.001306348 -0.026979733 -1.827424049 -0.001243832 0.999995708 0.002333664 -1.359632492 0.026982706 -0.002299271 0.999633789 60.761711121
0.999647260 -0.001657112 -0.026539795 -1.860133886 0.001628110 0.999996781 -0.001114628 -1.375003934 0.026541619 0.001071023 0.999646723 61.836368561
0.999644041 -0.002972060 -0.026511265 -1.894577384 0.002845767 0.999983728 -0.004800368 -1.399946213 0.026525130 0.004723208 0.999637544 62.938747406
0.999647260 -0.001032896 -0.026531557 -1.933027148 0.000819167 0.999966443 -0.008065454 -1.428784132 0.026539028 0.008040874 0.999615967 64.015830994
0.999646723 -0.000786967 -0.026525751 -1.967021942 0.000460590 0.999924064 -0.012308003 -1.460084319 0.026533427 0.012291447 0.999573886 65.090270996
0.999664843 0.002381166 -0.025772924 -1.999119282 -0.002721014 0.999909163 -0.013159403 -1.485641956 0.025739277 0.013225125 0.999581695 66.171859741
0.999665022 0.005811382 -0.025215415 -2.041711807 -0.006066794 0.999930441 -0.010064782 -1.510944963 0.025155196 0.010214389 0.999631882 67.266082764
0.999656618 0.007142154 -0.025201615 -2.082274199 -0.007334547 0.999943972 -0.007550315 -1.549843431 0.025146302 0.007732564 0.999654412 68.362815857
0.999665856 0.006915619 -0.024939308 -2.113710642 -0.007076927 0.999953449 -0.006386599 -1.584659338 0.024894038 0.006560960 0.999668062 69.441497803
0.999673128 0.005733319 -0.024908381 -2.147404432 -0.005879419 0.999965310 -0.005796510 -1.614074945 0.024874313 0.005941060 0.999673486 70.546508789
0.999671578 0.004802718 -0.025168875 -2.181003809 -0.004922895 0.999976218 -0.004715424 -1.643344045 0.025145661 0.004837776 0.999672592 71.623420715
0.999672472 0.002744879 -0.025441054 -2.211504936 -0.002814211 0.999991834 -0.002690231 -1.673207760 0.025433494 0.002760938 0.999673188 72.731483459
0.999652624 0.001859120 -0.026251761 -2.248505831 -0.001876594 0.999997854 -0.000641121 -1.692183375 0.026250523 0.000690144 0.999656618 73.805450439
0.999641359 0.001296731 -0.026742274 -2.284608126 -0.001333928 0.999997497 -0.001373472 -1.719455600 0.026740462 0.001408647 0.999641836 74.868087769
0.999620259 0.001671306 -0.027501091 -2.322609186 -0.001796597 0.999987483 -0.004532107 -1.748771906 0.027493209 0.004579792 0.999611974 75.958404541
0.999613345 0.002063609 -0.027758107 -2.357450724 -0.002268279 0.999969423 -0.007344395 -1.773197770 0.027742164 0.007404517 0.999587178 77.035240173
0.999584794 0.004187847 -0.028505573 -2.395828247 -0.004359609 0.999972105 -0.005966365 -1.801519752 0.028479829 0.006088154 0.999576271 78.122650146
0.999567211 0.005198461 -0.028953614 -2.433787584 -0.005268233 0.999982774 -0.002334272 -1.828029513 0.028941024 0.002485785 0.999578476 79.209541321
0.999547482 0.005494117 -0.029550195 -2.470714569 -0.005418452 0.999981582 0.002640272 -1.855486155 0.029564181 -0.002478999 0.999561250 80.256706238
0.999527514 0.005930777 -0.030158093 -2.511303186 -0.005838461 0.999977410 0.003147977 -1.881348372 0.030176118 -0.002970432 0.999540627 81.339515686
0.999509335 0.007182725 -0.030487543 -2.553368330 -0.007134464 0.999972463 0.001691175 -1.904495120 0.030498892 -0.001472850 0.999534190 82.379432678
0.999486327 0.006773301 -0.031323031 -2.593178988 -0.006753311 0.999976397 0.000743670 -1.922842860 0.031327356 -0.000531770 0.999509573 83.438270569
0.999480307 0.006353875 -0.031627774 -2.631720066 -0.006342928 0.999978781 0.000445580 -1.945978880 0.031629965 -0.000244730 0.999499261 84.474449158
0.999464035 0.004790185 -0.032384116 -2.668756247 -0.004763572 0.999987781 0.000898541 -1.972346783 0.032388043 -0.000743808 0.999475598 85.506019592
0.999442637 0.004245583 -0.033112459 -2.708709955 -0.004171371 0.999988139 0.002309610 -1.999513030 0.033121884 -0.002170213 0.999449551 86.510261536
0.999432504 0.002673601 -0.033576045 -2.745869637 -0.002512777 0.999984682 0.004830804 -2.015856028 0.033588454 -0.004743711 0.999425113 87.493370056
0.999404430 0.002794959 -0.034362722 -2.791977644 -0.002585470 0.999977827 0.006139210 -2.041672230 0.034379110 -0.006046754 0.999392271 88.491935730
0.999331474 0.001506129 -0.036518808 -2.837426186 -0.001286117 0.999980330 0.006047030 -2.061160564 0.036527213 -0.005996037 0.999315441 89.427238464
0.999207437 0.000687652 -0.039792512 -2.884113789 -0.000471949 0.999984562 0.005429581 -2.085693598 0.039795656 -0.005406515 0.999193966 90.374618530
0.999068320 0.000513739 -0.043160524 -2.921880722 -0.000304755 0.999987006 0.004848212 -2.099060297 0.043162499 -0.004830539 0.999056041 91.291168213
0.998926699 0.000173863 -0.046309337 -2.966657639 0.000043672 0.999988258 0.004696201 -2.117069483 0.046309650 -0.004693203 0.998916805 92.168029785
0.998764932 0.001197645 -0.049664043 -3.018380404 -0.000896053 0.999980330 0.006094263 -2.137273788 0.049670417 -0.006042256 0.998748004 93.043937683
0.998633444 0.002113679 -0.052198686 -3.073233843 -0.001739609 0.999972403 0.007210581 -2.149237156 0.052212548 -0.007109964 0.998612404 93.863945007
0.998474836 0.003086372 -0.055114202 -3.121881008 -0.002613269 0.999958396 0.008653910 -2.168252468 0.055138677 -0.008496705 0.998443186 94.696083069
0.998311043 0.004041326 -0.057946939 -3.177651167 -0.003498541 0.999948323 0.009465197 -2.177591562 0.057982258 -0.009246502 0.998275459 95.476028442
0.998145998 0.006712855 -0.060494725 -3.233549595 -0.006102578 0.999927104 0.010266929 -2.198499203 0.060559288 -0.009878714 0.998115301 96.229591370
0.997970700 0.007868718 -0.063178256 -3.294229746 -0.007299499 0.999929965 0.009235388 -2.214639664 0.063246571 -0.008755498 0.997960031 96.960289001
0.997797608 0.009964480 -0.065571778 -3.351101160 -0.009605741 0.999936283 0.005783862 -2.234577417 0.065625310 -0.005141272 0.997831583 97.653511047
0.997584224 0.012928123 -0.068246424 -3.409162760 -0.012814154 0.999914765 0.002107417 -2.253800869 0.068267927 -0.001227814 0.997666776 98.319023132
0.997414172 0.015044516 -0.070268251 -3.464159966 -0.015118949 0.999884665 -0.000527555 -2.268743277 0.070252299 0.001588568 0.997528434 98.954597473
0.997320592 0.016900603 -0.071169220 -3.516059399 -0.017047025 0.999852657 -0.001450570 -2.286904573 0.071134321 0.002659905 0.997463644 99.552078247
0.997341931 0.018763054 -0.070399866 -3.560366392 -0.018895989 0.999819696 -0.001222896 -2.303600550 0.070364334 0.002549918 0.997518539 100.134284973
0.997481227 0.022035992 -0.067407355 -3.599727392 -0.022069728 0.999756098 0.000244632 -2.307640553 0.067396447 0.001243622 0.997726977 100.706314087
0.997818708 0.023349376 -0.061739638 -3.644098282 -0.023265060 0.999726236 0.002084185 -2.315536261 0.061771475 -0.000643266 0.998090744 101.249618530
0.998214006 0.025241569 -0.054137714 -3.666696310 -0.025057150 0.999676645 0.004082680 -2.334370613 0.054223333 -0.002718861 0.998525798 101.766662598
0.998691380 0.024983710 -0.044615217 -3.684603930 -0.024709173 0.999671280 0.006694378 -2.347428560 0.044767853 -0.005583228 0.998982430 102.252922058
0.999164462 0.024156228 -0.032957021 -3.695545912 -0.023901425 0.999680638 0.008103509 -2.358171463 0.033142269 -0.007309035 0.999424517 102.723381042
0.999526620 0.023806637 -0.019469075 -3.701696873 -0.023655154 0.999687493 0.007974502 -2.369912148 0.019652845 -0.007510200 0.999779224 103.174461365
0.999723732 0.023089975 -0.004304188 -3.688555956 -0.023057185 0.999704957 0.007517796 -2.379186153 0.004476482 -0.007416495 0.999962986 103.599433899
0.999662459 0.022150667 0.013548234 -3.677081108 -0.022216236 0.999741256 0.004708464 -2.390571594 -0.013440490 -0.005007881 0.999897659 104.017829895
0.999176800 0.021014933 0.034690477 -3.652122498 -0.021038707 0.999777794 0.000320545 -2.403012514 -0.034676120 -0.001050133 0.999398530 104.430564880
0.998064041 0.019849680 0.058936264 -3.605999470 -0.019604867 0.999795735 -0.004729323 -2.423457861 -0.059018224 0.003564727 0.998251081 104.847602844
0.996142328 0.017013082 0.086084172 -3.560912609 -0.016470693 0.999838948 -0.007007108 -2.431658745 -0.086189687 0.005562211 0.996263742 105.225799561
0.993187904 0.014325925 0.115637042 -3.486382484 -0.013465886 0.999874771 -0.008215244 -2.436958790 -0.115740478 0.006602128 0.993258059 105.624542236
0.988899410 0.011789178 0.148116082 -3.404418468 -0.010395500 0.999893308 -0.010180037 -2.448664188 -0.148220584 0.008527298 0.988918066 105.986557007
0.982887089 0.010036960 0.183933973 -3.295835495 -0.008019770 0.999898493 -0.011707590 -2.469409704 -0.184033155 0.010032138 0.982869327 106.374114990
0.975057900 0.004268633 0.221911281 -3.185641289 -0.001616429 0.999923825 -0.012131848 -2.477859020 -0.221946269 0.011470567 0.974990964 106.700729370
0.964982390 0.003338149 0.262292355 -3.045541763 0.000098274 0.999913454 -0.013087287 -2.501067162 -0.262313873 0.012654789 0.964900136 107.079711914
0.952991247 0.003478262 0.302976876 -2.918261051 0.000730777 0.999903798 -0.013777795 -2.516112804 -0.302996367 0.013351541 0.952898800 107.382888794
0.937844932 0.005076949 0.347016841 -2.764610052 -0.000164435 0.999898434 -0.014184383 -2.524982214 -0.347054362 0.013245705 0.937752068 107.712875366
0.919921756 0.004441230 0.392076284 -2.571558952 0.000725123 0.999913990 -0.013027838 -2.542034626 -0.392101228 0.012268907 0.919840872 108.077392578
0.900124013 0.003872328 0.435616076 -2.399801970 0.001319483 0.999930799 -0.011615183 -2.535427570 -0.435631782 0.011029903 0.900057971 108.336883545
0.876867473 0.002884657 0.480723083 -2.185512066 0.003471187 0.999917030 -0.012331822 -2.560394764 -0.480719805 0.012482064 0.876786053 108.662345886
0.852099180 0.002832903 0.523372352 -1.980893135 0.005198686 0.999889135 -0.013876141 -2.576622009 -0.523354888 0.014544707 0.851991355 108.901550293
0.824409723 0.004163570 0.565977752 -1.753903151 0.006230311 0.999844491 -0.016430425 -2.584046841 -0.565959513 0.017071633 0.824257016 109.196861267
0.794406652 0.008483998 0.607326806 -1.527891874 0.004641832 0.999787390 -0.020038139 -2.604197025 -0.607368946 0.018737553 0.794199705 109.411254883
0.760645390 0.014155804 0.649013102 -1.257012486 0.001784009 0.999711812 -0.023895858 -2.626592398 -0.649165690 0.019334128 0.760402083 109.717773438
0.723980248 0.019450512 0.689546347 -0.996977746 -0.001068071 0.999631703 -0.027075905 -2.622292757 -0.689820468 0.018865941 0.723735452 109.896606445
0.684775114 0.019095466 0.728503704 -0.716686666 0.001305504 0.999622047 -0.027429147 -2.628382206 -0.728754699 0.019733842 0.684492707 110.116340637
0.643482566 0.015845332 0.765296817 -0.385443598 0.005369955 0.999666691 -0.025213126 -2.659913063 -0.765442729 0.020333814 0.643183470 110.340332031
0.600413620 0.014022301 0.799566686 -0.091713317 0.006991772 0.999714792 -0.022782667 -2.656239033 -0.799659669 0.019269412 0.600144863 110.498161316
0.553411543 0.011663705 0.832826316 0.279029369 0.007878846 0.999782801 -0.019237405 -2.674753189 -0.832871318 0.017207915 0.553199828 110.706871033
0.506394267 0.009286544 0.862252057 0.583902836 0.009103402 0.999827623 -0.016114609 -2.666286230 -0.862254679 0.016009774 0.506222844 110.817008972
0.455568761 0.004500854 0.890189290 0.993041396 0.011539352 0.999872327 -0.010960866 -2.711083889 -0.890126348 0.015265639 0.455458909 111.000122070
0.404552400 0.004679532 0.914502919 1.329987168 0.009414908 0.999911487 -0.009281483 -2.701656580 -0.914466798 0.012364807 0.404472798 111.088294983
0.353467673 0.009087138 0.935402572 1.694716692 0.005901174 0.999910057 -0.011943731 -2.714764118 -0.935428560 0.009741689 0.353382528 111.201637268
0.301863700 0.014873191 0.953235090 2.124196053 0.003891579 0.999849498 -0.016832871 -2.734613419 -0.953343570 0.008790812 0.301760525 111.326461792
0.255141556 0.017158726 0.966751516 2.477606297 0.005494860 0.999799073 -0.019195460 -2.742266417 -0.966887295 0.010209755 0.254996300 111.382690430
0.212489039 0.017118912 0.977013290 2.915960789 0.012233666 0.999720395 -0.020177459 -2.765640974 -0.977087319 0.016239952 0.212220207 111.476425171
0.178295404 0.016686812 0.983835280 3.349510670 0.020030279 0.999586284 -0.020583946 -2.785046577 -0.983773530 0.023376539 0.177887321 111.490234375
0.146758065 0.017814277 0.989011824 3.794772387 0.023981929 0.999478698 -0.021561457 -2.808302879 -0.988882124 0.026882757 0.146254227 111.543807983
0.119545326 0.016470172 0.992691934 4.248189449 0.022216335 0.999566555 -0.019259648 -2.823502779 -0.992580593 0.024356399 0.119127452 111.565887451
0.093842752 0.012847126 0.995503902 4.730195999 0.016516324 0.999757886 -0.014458963 -2.814170837 -0.995450437 0.017798947 0.093607634 111.605323792
0.068960108 0.010113676 0.997567952 5.244304180 0.011794660 0.999869227 -0.010952353 -2.821386337 -0.997550130 0.012521259 0.068831548 111.645996094
0.046990383 0.006686676 0.998872757 5.750267029 0.015686402 0.999848068 -0.007431154 -2.836254835 -0.998772562 0.016017927 0.046878073 111.643402100
0.027043458 0.007133520 0.999608517 6.286067009 0.022559617 0.999714077 -0.007744607 -2.858732700 -0.999380112 0.022760255 0.026874473 111.635330200
0.009713776 0.008789751 0.999913573 6.853413105 0.027888425 0.999568760 -0.009057661 -2.874090195 -0.999565601 0.027974032 0.009463599 111.633987427
-0.004031828 0.014030338 0.999893188 7.405354977 0.027781369 0.999515772 -0.013913026 -2.884038925 -0.999606371 0.027722346 -0.004420065 111.621009827
-0.015453129 0.018903866 0.999701738 8.015746117 0.024927262 0.999516368 -0.018515050 -2.882443190 -0.999570310 0.024633735 -0.015917307 111.619033813
-0.021650936 0.019025132 0.999584377 8.623147964 0.027091617 0.999461472 -0.018436000 -2.888066292 -0.999398947 0.026681229 -0.022155141 111.598281860
-0.024855176 0.015560614 0.999569774 9.255903244 0.032646339 0.999356806 -0.014745528 -2.919431686 -0.999158323 0.032265831 -0.025347637 111.575653076
-0.024483971 0.014129496 0.999600172 9.919802666 0.034745488 0.999306738 -0.013274306 -2.931006908 -0.999096632 0.034406640 -0.024958381 111.557861328
-0.022300541 0.013307319 0.999662995 10.600044250 0.033723664 0.999350846 -0.012550861 -2.955702782 -0.999181330 0.033432435 -0.022734758 111.549781799
-0.020928258 0.013575327 0.999688566 11.285832405 0.030169819 0.999459684 -0.012940632 -2.952527285 -0.999325991 0.029889625 -0.021326957 111.548271179
-0.019684408 0.014360725 0.999702990 11.990203857 0.028819218 0.999488175 -0.013790198 -2.978452682 -0.999391139 0.028539233 -0.020088643 111.535820007
-0.018477378 0.015197647 0.999713600 12.712814331 0.028728066 0.999478459 -0.014663113 -2.993536949 -0.999416828 0.028448926 -0.018904783 111.521362305
-0.017845273 0.015048228 0.999726951 13.462899208 0.028558165 0.999485314 -0.014534852 -3.024857759 -0.999434650 0.028291024 -0.018266805 111.517280579
-0.017424559 0.013870995 0.999751806 14.205102921 0.027250692 0.999537528 -0.013393090 -3.046850681 -0.999477148 0.027010595 -0.017794941 111.516670227
-0.017038388 0.012455894 0.999777079 14.979659081 0.027254907 0.999555349 -0.011988666 -3.070305586 -0.999483645 0.027044600 -0.017370742 111.507034302
-0.017359583 0.010005387 0.999799550 15.765972137 0.028577674 0.999545157 -0.009506660 -3.086524010 -0.999439716 0.028406944 -0.017637540 111.487571716
-0.018407188 0.009114863 0.999788940 16.550540924 0.026926311 0.999599159 -0.008617413 -3.102003336 -0.999468267 0.026762042 -0.018645685 111.475624084
-0.019229319 0.008192578 0.999781430 17.358964920 0.025129991 0.999653339 -0.007708214 -3.114931583 -0.999499500 0.024976306 -0.019428980 111.462120056
-0.020874590 0.005332330 0.999767780 18.150892258 0.026775787 0.999628842 -0.004772551 -3.140027523 -0.999423742 0.026669979 -0.021010073 111.450096130
-0.022291243 0.003142883 0.999745846 18.968406677 0.028543361 0.999588251 -0.002505994 -3.155887842 -0.999345541 0.028480312 -0.022372758 111.442207336
-0.023829371 0.003376135 0.999710143 19.777160645 0.026491199 0.999643862 -0.002744486 -3.160174131 -0.999365211 0.026418163 -0.023910787 111.427673340
-0.024608281 0.006630083 0.999675035 20.593021393 0.023069311 0.999714136 -0.006062489 -3.194979191 -0.999431193 0.022912661 -0.024754658 111.409027100
-0.025573540 0.012004431 0.999600708 21.431896210 0.023967268 0.999646425 -0.011391834 -3.209131002 -0.999385834 0.023666402 -0.025852675 111.400741577
-0.026673023 0.013741420 0.999549627 22.258850098 0.024822034 0.999604940 -0.013079830 -3.238737822 -0.999336183 0.024462014 -0.027004041 111.380729675
-0.028086696 0.011142933 0.999543905 23.127269745 0.020981869 0.999722600 -0.010555365 -3.251484394 -0.999384105 0.020675866 -0.028312625 111.360916138
-0.029305510 0.007166705 0.999544680 23.954030991 0.018203666 0.999810874 -0.006634935 -3.265052557 -0.999404848 0.018000964 -0.029430892 111.354881287
-0.029761100 0.001683824 0.999555528 24.813905716 0.016322434 0.999864697 -0.001198383 -3.293831348 -0.999423921 0.016279543 -0.029785024 111.333374023
-0.029702144 -0.003616149 0.999552190 25.663696289 0.013189920 0.999903679 0.004009335 -3.303283691 -0.999471962 0.013303124 -0.029652050 111.310241699
-0.029364116 -0.004325659 0.999559343 26.503126144 0.010877063 0.999928772 0.004646765 -3.303889275 -0.999509811 0.011008745 -0.029315440 111.295547485
-0.028879641 0.001962489 0.999580264 27.335838318 0.012642276 0.999917567 -0.001597935 -3.347073793 -0.999504626 0.012590844 -0.028903082 111.273490906
-0.027565343 0.011967600 0.999548197 28.164171219 0.014654144 0.999824286 -0.011566808 -3.376277924 -0.999512851 0.014328709 -0.027736345 111.251060486
-0.027286464 0.016948070 0.999483883 28.992103577 0.016302176 0.999729395 -0.016507212 -3.409784794 -0.999494851 0.015843369 -0.027555842 111.240371704
-0.025822463 0.011679639 0.999598205 29.823566437 0.017978821 0.999774039 -0.011217285 -3.425761938 -0.999505043 0.017681975 -0.026027080 111.215675354
-0.024916219 0.004892540 0.999677539 30.658496857 0.021411290 0.999759853 -0.004359317 -3.446325541 -0.999460399 0.021295814 -0.025015457 111.194099426
-0.024754649 0.002166641 0.999691188 31.487094879 0.022464100 0.999744892 -0.001610529 -3.473189831 -0.999441326 0.022417348 -0.024797469 111.182174683
-0.024943499 0.002331594 0.999686658 32.306446075 0.022472233 0.999744236 -0.001771045 -3.482446909 -0.999435008 0.022421058 -0.024989448 111.174240112
-0.026115017 0.002740019 0.999655187 33.119762421 0.019643152 0.999803185 -0.002227301 -3.500572443 -0.999466121 0.019578252 -0.026164170 111.171203613
-0.027725054 0.003016042 0.999611020 33.933086395 0.017976644 0.999833763 -0.002518150 -3.518972158 -0.999454141 0.017899876 -0.027775137 111.156112671
-0.030120289 0.003179780 0.999541163 34.747428894 0.017268922 0.999845803 -0.002660397 -3.538170815 -0.999397337 0.017180907 -0.030171039 111.134277344
-0.031989355 0.003778895 0.999481082 35.558559418 0.016503280 0.999857128 -0.003252144 -3.566192865 -0.999352217 0.016390720 -0.032047626 111.112022400
-0.034158494 0.003506802 0.999409795 36.359897614 0.013896641 0.999897718 -0.003033577 -3.587031841 -0.999321759 0.013784840 -0.034204781 111.088081360
-0.036500193 0.002775555 0.999329805 37.156284332 0.012229437 0.999921203 -0.002330551 -3.604462385 -0.999259233 0.012136209 -0.036531758 111.076133728
-0.038557019 0.001838614 0.999254644 37.961269379 0.012069519 0.999924839 -0.001374166 -3.633239746 -0.999184012 0.012007573 -0.038576812 111.050857544
-0.040633794 0.002073530 0.999171853 38.734588623 0.011950417 0.999925971 -0.001589132 -3.650151253 -0.999103189 0.011875975 -0.040656067 111.029922485
-0.042328883 0.002477840 0.999100506 39.525783539 0.011322563 0.999932528 -0.002000232 -3.672376871 -0.999040067 0.011227738 -0.042354584 110.999816895
-0.043516606 0.002372216 0.999050081 40.285568237 0.011868891 0.999926209 -0.001857341 -3.683825970 -0.998981476 0.011776834 -0.043541480 110.960197449
-0.044480238 0.001208051 0.999009490 41.066425323 0.013066825 0.999913037 -0.000627385 -3.706970453 -0.998925388 0.013026005 -0.044492658 110.921600342
-0.046001859 0.000875579 0.998940825 41.834934235 0.013699245 0.999904752 -0.000245597 -3.724822044 -0.998847902 0.013673468 -0.046009976 110.895431519
-0.047441170 0.000413821 0.998873830 42.589370728 0.013465266 0.999907970 0.000225247 -3.741597891 -0.998783767 0.013460818 -0.047442880 110.869132996
-0.048404053 -0.000423897 0.998827577 43.350662231 0.011295754 0.999934316 0.000971738 -3.759282589 -0.998764455 0.011329575 -0.048396587 110.841171265
-0.049284339 -0.001398588 0.998783648 44.067832947 0.010508446 0.999941587 0.001918712 -3.775027990 -0.998729944 0.010590254 -0.049267262 110.811882019
-0.049862247 -0.001512711 0.998754859 44.795764923 0.010652960 0.999939859 0.002046318 -3.795915127 -0.998699665 0.010741755 -0.049843643 110.780616760
-0.050473727 0.000156657 0.998724937 45.494346619 0.009970632 0.999948859 0.000347017 -3.805053949 -0.998677135 0.009975445 -0.050473817 110.752151489
-0.050568309 0.002346146 0.998717666 46.194278717 0.009576192 0.999950767 -0.001864201 -3.826276541 -0.998674989 0.009469666 -0.050588816 110.725814819
-0.050497755 0.004954928 0.998711765 46.892185211 0.008040598 0.999955773 -0.004554574 -3.843033791 -0.998692155 0.007800261 -0.050535887 110.705230713
-0.051104046 0.005142973 0.998679996 47.584022522 0.008388281 0.999952137 -0.004720315 -3.861734867 -0.998658478 0.008136000 -0.051145267 110.665168762
-0.051039323 0.005117023 0.998683870 48.285705566 0.009338778 0.999943793 -0.004646238 -3.872714996 -0.998652339 0.009089385 -0.051084183 110.631759644
-0.051468410 0.004641572 0.998663723 48.978935242 0.009073024 0.999948382 -0.004179977 -3.898458242 -0.998634040 0.008845787 -0.051508393 110.598945618
-0.051620550 0.004812270 0.998655081 49.666996002 0.006366299 0.999967992 -0.004489556 -3.908299923 -0.998647094 0.006126002 -0.051650062 110.577476501
-0.051613733 0.004661409 0.998656154 50.331211090 0.004671325 0.999977708 -0.004426183 -3.921396971 -0.998656869 0.004436607 -0.051634874 110.551246643
-0.051668007 0.003832175 0.998656809 51.020900726 0.005742209 0.999975741 -0.003540183 -3.951583385 -0.998648465 0.005551599 -0.051689275 110.522827148
-0.052700464 0.002978626 0.998605251 51.711944580 0.005003757 0.999982595 -0.002718698 -3.960716248 -0.998599946 0.004853493 -0.052715547 110.490875244
-0.056032371 0.002167559 0.998426378 52.375049591 0.001907149 0.999994636 -0.002063965 -3.978458405 -0.998427868 0.001788503 -0.056036726 110.454254150
-0.061231617 0.002464734 0.998120368 53.063098907 0.000697833 0.999995291 -0.002426585 -3.987231970 -0.998124182 0.000547939 -0.061233588 110.423294067
-0.067050844 0.004902478 0.997737348 53.711647034 0.002464968 0.999984086 -0.004747896 -4.006676197 -0.997747302 0.002141044 -0.067062423 110.378776550
-0.073822118 0.008555735 0.997234464 54.401046753 0.003218241 0.999958456 -0.008340897 -4.021285534 -0.997267008 0.002593600 -0.073847145 110.331542969
-0.080812015 0.009308021 0.996685624 55.053775787 0.002582627 0.999953449 -0.009129166 -4.040599346 -0.996726871 0.001836321 -0.080832884 110.273368835
-0.087172031 0.008816753 0.996154010 55.742576599 -0.000660308 0.999958575 -0.008908236 -4.057601452 -0.996193826 -0.001434325 -0.087163202 110.221282959
-0.092739813 0.008141111 0.995657027 56.412258148 -0.000365693 0.999964297 -0.008210413 -4.086081505 -0.995689690 -0.001125521 -0.092733495 110.165100098
-0.097227097 0.007972725 0.995229900 57.073600769 -0.002320700 0.999961853 -0.008237377 -4.109019756 -0.995260179 -0.003110545 -0.097205497 110.113243103
-0.101198517 0.007884019 0.994834542 57.788982391 -0.005628076 0.999946535 -0.008497069 -4.118636608 -0.994850934 -0.006458923 -0.101149373 110.045425415
-0.103579700 0.004567796 0.994610190 58.460071564 -0.005997538 0.999966919 -0.005217012 -4.131434441 -0.994603574 -0.006505616 -0.103549525 109.972702026
-0.105980799 0.002215865 0.994365215 59.202030182 -0.002653143 0.999991953 -0.002511205 -4.153247356 -0.994365215 -0.002904351 -0.105974697 109.902236938
-0.107372798 -0.000604295 0.994218051 59.890110016 -0.003037979 0.999993920 0.000279684 -4.165647030 -0.994214714 -0.002990399 -0.107374623 109.827827454
-0.108715631 -0.001101442 0.994071722 60.636981964 -0.003627286 0.999991655 0.000711276 -4.178804398 -0.994066894 -0.003528473 -0.108719356 109.755386353
-0.109217003 0.002208660 0.994014323 61.368286133 -0.002341789 0.999993086 -0.002479285 -4.190485954 -0.994016945 -0.002598595 -0.109212354 109.687232971
-0.109771110 0.006194559 0.993936956 62.086269379 0.002872100 0.999976873 -0.005915034 -4.199174881 -0.993953466 0.002205385 -0.109787002 109.613784790
-0.110509001 0.010560355 0.993818462 62.842395782 0.009571324 0.999906957 -0.009560786 -4.234637737 -0.993829727 0.008455617 -0.110600449 109.518630981
-0.111029916 0.012205164 0.993741572 63.566135406 0.011274883 0.999873996 -0.011020782 -4.248764992 -0.993753850 0.009980699 -0.111154214 109.441978455
-0.111431256 0.010194549 0.993719280 64.338920593 0.009064875 0.999914467 -0.009241644 -4.270427704 -0.993731618 0.007978143 -0.111514814 109.360343933
-0.111294605 0.005671511 0.993771315 65.089614868 0.010445957 0.999932945 -0.004536841 -4.273457527 -0.993732274 0.009876001 -0.111346453 109.278434753
-0.111704908 0.003386136 0.993735075 65.825485229 0.011389923 0.999931395 -0.002126950 -4.300613403 -0.993676960 0.011081000 -0.111736476 109.198219299
-0.112520330 0.003615460 0.993642271 66.575607300 0.012498900 0.999917984 -0.002222948 -4.314197540 -0.993571579 0.012169338 -0.112556949 109.117416382
-0.114186771 0.004074014 0.993450344 67.306739807 0.011904181 0.999923944 -0.002732333 -4.332594395 -0.993388712 0.011514244 -0.114227258 109.044692993
-0.116215535 0.004338012 0.993213415 68.048721313 0.011238485 0.999931693 -0.003052380 -4.354529858 -0.993162334 0.010807496 -0.116257563 108.956306458
-0.118510865 0.004518174 0.992941976 68.787139893 0.011292283 0.999929786 -0.003202232 -4.369458199 -0.992889285 0.010833111 -0.118554212 108.870292664
-0.120325573 0.004703832 0.992722869 69.536346436 0.011381372 0.999928355 -0.003358496 -4.387804508 -0.992669940 0.010894465 -0.120371141 108.784934998
-0.122447185 0.004310163 0.992465913 70.281280518 0.011101122 0.999932051 -0.002972996 -4.403049469 -0.992412567 0.010653489 -0.122486800 108.698165894
-0.124018811 0.004820419 0.992266834 71.027984619 0.010135158 0.999941647 -0.003590999 -4.415868759 -0.992229879 0.009611446 -0.124061659 108.611297607
-0.125122219 0.005785894 0.992124796 71.781250000 0.009388866 0.999943018 -0.004647443 -4.437796593 -0.992096484 0.008733461 -0.125169516 108.521934509
-0.126379311 0.006351690 0.991961062 72.514968872 0.009492799 0.999940217 -0.005193403 -4.447191715 -0.991937280 0.008760173 -0.126432702 108.440452576
-0.127494171 0.006459885 0.991817713 73.301055908 0.009209651 0.999942243 -0.005328975 -4.473328590 -0.991797209 0.008454907 -0.127546951 108.348640442
-0.128597513 0.005240215 0.991681635 74.075195312 0.008736233 0.999953091 -0.004151080 -4.479128361 -0.991660178 0.008129762 -0.128638402 108.247711182
-0.129601747 0.003772309 0.991558433 74.863731384 0.008579298 0.999958634 -0.002682943 -4.507949352 -0.991529644 0.008159190 -0.129629388 108.166481018
-0.131208673 0.001042859 0.991353631 75.637489319 0.004201089 0.999990046 -0.000495952 -4.507259369 -0.991346478 0.004099712 -0.131212369 108.065551758
-0.133269876 0.000185541 0.991079211 76.395057678 0.003661726 0.999992132 0.000305144 -4.523523331 -0.991073549 0.003669745 -0.133270174 107.964385986
-0.135440484 0.000563247 0.990785539 77.215591431 0.004938876 0.999985635 0.000106637 -4.543947697 -0.990772665 0.004907837 -0.135441467 107.855361938
-0.137417316 0.001565646 0.990511417 77.989830017 0.004986627 0.999985933 -0.000888843 -4.547059059 -0.990501404 0.004817184 -0.137423888 107.750541687
-0.138829589 0.005488042 0.990300477 78.816413879 0.005905220 0.999970198 -0.004713814 -4.567860603 -0.990299344 0.005193541 -0.138858557 107.630477905
-0.139732793 0.008889593 0.990148783 79.602439880 0.008655398 0.999931276 -0.007755980 -4.581476688 -0.990152121 0.007486386 -0.139800802 107.538970947
-0.140533552 0.012758878 0.989993155 80.428024292 0.009602332 0.999886394 -0.011523322 -4.612072468 -0.990030110 0.007886847 -0.140640765 107.413398743
-0.140340611 0.014092538 0.990002394 81.240676880 0.011155589 0.999856710 -0.012651450 -4.625118256 -0.990041137 0.009268572 -0.140478358 107.312950134
-0.140153825 0.013255521 0.990039468 82.063064575 0.014558843 0.999829829 -0.011325626 -4.671147346 -0.990024626 0.012826528 -0.140324160 107.190696716
-0.139902502 0.011662149 0.990096033 82.898376465 0.015538047 0.999832273 -0.009581305 -4.687442303 -0.990044117 0.014043749 -0.140060917 107.072753906
-0.139248848 0.009807490 0.990208268 83.742256165 0.014474307 0.999863207 -0.007867687 -4.710212231 -0.990152419 0.013237053 -0.139372423 106.949920654
-0.137611315 0.007311209 0.990458727 84.576606750 0.014210536 0.999883473 -0.005406440 -4.721810818 -0.990385115 0.013331004 -0.137699783 106.850822449
-0.136088938 0.004869743 0.990684092 85.421867371 0.015171117 0.999879837 -0.002830940 -4.743905067 -0.990581334 0.014644573 -0.136147067 106.742553711
-0.134192795 0.000764784 0.990955234 86.272125244 0.014386801 0.999893486 0.001176512 -4.767878056 -0.990850747 0.014414605 -0.134189561 106.631164551
-0.132788599 0.000749253 0.991143465 87.112815857 0.013794595 0.999902964 0.001092227 -4.781072617 -0.991049349 0.013817507 -0.132786661 106.535743713
-0.131262735 0.004580428 0.991336405 87.967193604 0.014209962 0.999894023 -0.002738459 -4.805410862 -0.991246700 0.013727442 -0.131314516 106.425544739
-0.129788950 0.010490313 0.991485536 88.807144165 0.013805973 0.999864995 -0.008771749 -4.833332062 -0.991446376 0.012549987 -0.129916862 106.327926636
-0.128018722 0.013916569 0.991672695 89.658714294 0.011648992 0.999853492 -0.012527582 -4.851290703 -0.991704941 0.009948241 -0.128163293 106.215469360
-0.126568586 0.013055350 0.991871297 90.542556763 0.011423635 0.999865055 -0.011702866 -4.856089592 -0.991892874 0.009849587 -0.126701221 106.114387512
