1.000000000 0.000000000 0.000000000 0.000000000 0.000000000 1.000000000 -0.000000000 0.000000000 0.000000000 -0.000000000 1.000000000 -0.000000000
0.999998033 0.000001062 0.001977773 -0.003862149 -0.000001806 0.999999940 0.000376197 -0.036205180 -0.001977772 -0.000376200 0.999997973 1.191640973
0.999993324 0.000140839 0.003651053 -0.009437399 -0.000143661 0.999999702 0.000772666 -0.051940773 -0.003650943 -0.000773186 0.999993026 2.388250351
0.999988973 0.000255595 0.004680681 -0.012589430 -0.000257031 0.999999940 0.000306198 -0.070182532 -0.004680603 -0.000307399 0.999989033 3.601763964
0.999984562 -0.000226978 0.005528502 -0.011783893 0.000224378 0.999999762 0.000471014 -0.093558371 -0.005528607 -0.000469766 0.999984622 4.799303055
0.999978602 -0.000152804 0.006511642 -0.004759750 0.000149613 0.999999762 0.000490692 -0.113723166 -0.006511716 -0.000489709 0.999978781 5.993784428
0.999973655 -0.000438983 0.007218152 -0.006974419 0.000441086 0.999999881 -0.000289629 -0.140731633 -0.007218022 0.000292804 0.999973893 7.193150520
0.999967873 -0.000463375 0.007994503 -0.009487062 0.000468895 0.999999642 -0.000688323 -0.157094061 -0.007994181 0.000692049 0.999967754 8.391718864
0.999963701 -0.000801003 0.008482428 -0.002406394 0.000795527 0.999999583 0.000649393 -0.182011619 -0.008482943 -0.000642620 0.999963760 9.592525482
0.999968410 -0.001013958 0.007864764 -0.005455169 0.001000610 0.999998152 0.001701228 -0.209486201 -0.007866470 -0.001693305 0.999967635 10.788379669
0.999982119 -0.002395025 0.005441812 -0.008068607 0.002387639 0.999996245 0.001363727 -0.231789827 -0.005445051 -0.001350712 0.999984264 11.987079620
0.999990702 -0.002968851 0.003120386 -0.011944905 0.002965761 0.999995232 0.000995414 -0.249131709 -0.003123323 -0.000986152 0.999994636 13.185820580
0.999995470 -0.002466865 0.001723453 -0.016642420 0.002465613 0.999996781 0.000730488 -0.279998243 -0.001725246 -0.000726236 0.999998331 14.376394272
0.999999344 -0.001098935 0.000677973 -0.019566560 0.001098451 0.999999344 0.000721410 -0.297763735 -0.000678765 -0.000720664 0.999999762 15.563282967
0.999998748 -0.001491380 0.000593474 -0.018624995 0.001490882 0.999998748 0.000843171 -0.326011389 -0.000594726 -0.000842288 0.999999702 16.780653000
0.999997854 -0.002052461 0.000116593 -0.020350631 0.002052325 0.999997377 0.001173662 -0.347835392 -0.000118998 -0.001173424 0.999999523 18.003490448
0.999998093 -0.001846957 -0.000561379 -0.033888936 0.001847756 0.999997377 0.001421883 -0.375369459 0.000558755 -0.001422922 0.999999106 19.183382034
0.999998152 -0.001444639 -0.001110129 -0.048437141 0.001445414 0.999998987 0.000699342 -0.396036357 0.001109123 -0.000700954 0.999999404 20.392530441
0.999996483 -0.001756429 -0.002040636 -0.067887835 0.001755732 0.999998689 -0.000344119 -0.416873097 0.002041241 0.000340531 0.999998212 21.579507828
0.999995947 -0.001556339 -0.002524840 -0.065721974 0.001557089 0.999999106 0.000293434 -0.440845281 0.002524382 -0.000297361 0.999997079 22.770563126
0.999993980 -0.001357087 -0.003216126 -0.073712111 0.001357947 0.999999404 0.000264579 -0.463138551 0.003215769 -0.000268947 0.999994993 23.996532440
0.999989450 -0.001880531 -0.004131760 -0.090572312 0.001878353 0.999998569 -0.000530758 -0.489515036 0.004132759 0.000522982 0.999991536 25.161615372
0.999987423 -0.001031585 -0.004929713 -0.099457398 0.001030969 0.999999881 -0.000127800 -0.511107445 0.004929847 0.000122713 0.999988139 26.384723663
0.999981046 -0.002024666 -0.005812636 -0.115721121 0.002034995 0.999996841 0.001771191 -0.538463533 0.005809035 -0.001782989 0.999981821 27.561731339
0.999973774 -0.003116392 -0.006570273 -0.128331915 0.003130866 0.999993265 0.002192677 -0.561658502 0.006563395 -0.002213185 0.999976397 28.769824982
0.999968767 -0.003162014 -0.007227956 -0.136281013 0.003169743 0.999994874 0.001057598 -0.583627045 0.007224578 -0.001080478 0.999973655 29.975215912
0.999955773 -0.004233028 -0.008363575 -0.157541141 0.004235633 0.999991477 0.000293591 -0.602360308 0.008362265 -0.000329013 0.999965310 31.162382126
0.999953151 -0.003801954 -0.008906732 -0.175933018 0.003802556 0.999993265 0.000049990 -0.625536144 0.008906485 -0.000083859 0.999960721 32.380832672
0.999944448 -0.004380672 -0.009627623 -0.190250814 0.004388011 0.999990761 0.000740203 -0.646337152 0.009624291 -0.000782403 0.999953866 33.559650421
0.999937177 -0.004358900 -0.010338165 -0.214179754 0.004371563 0.999990344 0.001202076 -0.668785274 0.010332827 -0.001247197 0.999946177 34.758876801
0.999928296 -0.005403465 -0.010673398 -0.228838518 0.005414466 0.999985278 0.001002194 -0.694684625 0.010667832 -0.001059919 0.999942899 35.971054077
0.999921501 -0.004838780 -0.011553490 -0.257498026 0.004851175 0.999988019 0.001044506 -0.715325117 0.011548301 -0.001100472 0.999933064 37.153297424
0.999916852 -0.006352502 -0.011243239 -0.264786333 0.006369617 0.999979138 0.001486382 -0.739513755 0.011233564 -0.001557867 0.999936044 38.364250183
0.999916673 -0.006201358 -0.011317751 -0.284908533 0.006232158 0.999977469 0.002688009 -0.759591222 0.011300830 -0.002758319 0.999932528 39.556873322
0.999916255 -0.006252657 -0.011329604 -0.314921230 0.006292969 0.999974370 0.003525741 -0.782174647 0.011307272 -0.003596744 0.999929845 40.760719299
0.999925792 -0.005186375 -0.011016123 -0.326909810 0.005223231 0.999981403 0.003320110 -0.801309526 0.010998704 -0.003377413 0.999933898 41.973762512
0.999929130 -0.004647689 -0.010967134 -0.354393512 0.004682458 0.999984562 0.003146756 -0.822514355 0.010952340 -0.003197887 0.999935150 43.165008545
0.999946415 -0.002271040 -0.010104767 -0.370572537 0.002318243 0.999986887 0.004662222 -0.839300573 0.010094046 -0.004685399 0.999938369 44.372386932
0.999958575 -0.001959701 -0.008887297 -0.395490110 0.002027800 0.999969006 0.007660034 -0.858773232 0.008872008 -0.007677740 0.999931455 45.581626892
0.999976277 -0.001004186 -0.006841697 -0.406065196 0.001076187 0.999944210 0.010526937 -0.869229138 0.006830738 -0.010534046 0.999921560 46.774906158
0.999988258 -0.000616459 -0.004790843 -0.404594779 0.000683683 0.999901474 0.014042756 -0.878941298 0.004781713 -0.014045870 0.999890089 47.994922638
0.999992609 -0.000951192 -0.003726814 -0.423300058 0.001008753 0.999880075 0.015473525 -0.887440145 0.003711649 -0.015477173 0.999873459 49.182964325
0.999992669 -0.003003308 -0.002271727 -0.443775594 0.003033948 0.999903202 0.013610076 -0.890339434 0.002230636 -0.013616883 0.999904752 50.396800995
0.999995887 -0.002800747 -0.000623585 -0.440261722 0.002808056 0.999923646 0.012045695 -0.905170143 0.000589802 -0.012047399 0.999927402 51.609256744
0.999996781 -0.002500205 0.000031694 -0.451269031 0.002499668 0.999929547 0.011616904 -0.898615658 -0.000060735 -0.011616793 0.999932647 52.791790009
0.999996364 -0.002653369 0.000435822 -0.456068903 0.002648302 0.999933422 0.011243391 -0.920301378 -0.000465624 -0.011242202 0.999936879 54.020484924
0.999995649 -0.002918671 -0.000653929 -0.471730471 0.002925235 0.999942958 0.010254991 -0.938489974 0.000623961 -0.010256860 0.999947667 55.208293915
0.999993742 -0.002606677 -0.002377063 -0.481958777 0.002631114 0.999943137 0.010335202 -0.938520372 0.002349990 -0.010341397 0.999943912 56.418128967
0.999988794 -0.002892322 -0.003673947 -0.489525199 0.002935227 0.999927044 0.011729214 -0.957390964 0.003639760 -0.011739882 0.999924183 57.621143341
0.999985218 -0.002527885 -0.004827125 -0.515401065 0.002586634 0.999922097 0.012202960 -0.966761649 0.004795905 -0.012215269 0.999913990 58.829734802
0.999982715 -0.002001753 -0.005587895 -0.515656471 0.002068156 0.999926925 0.011901094 -0.973946571 0.005563667 -0.011912441 0.999913931 60.043113708
0.999978960 -0.001171183 -0.006382226 -0.538422167 0.001245403 0.999931395 0.011637414 -0.985795200 0.006368164 -0.011645121 0.999911964 61.254383087
0.999977171 -0.002219379 -0.006320364 -0.549863338 0.002290279 0.999934137 0.011234001 -0.993225217 0.006295023 -0.011248237 0.999916553 62.446884155
0.999976218 -0.002468905 -0.006443213 -0.559218943 0.002535682 0.999942899 0.010376284 -1.019017577 0.006417232 -0.010392380 0.999925435 63.669887543
0.999969602 -0.003742449 -0.006899647 -0.574997246 0.003822092 0.999925733 0.011564854 -1.019043326 0.006855855 -0.011590865 0.999909759 64.854919434
0.999961555 -0.005096606 -0.007140635 -0.586781561 0.005192940 0.999894679 0.013538006 -1.028257847 0.007070891 -0.013574569 0.999882817 66.066864014
0.999966443 -0.003467767 -0.007387571 -0.610357106 0.003556028 0.999921918 0.011968318 -1.052953601 0.007345500 -0.011994204 0.999900699 67.259017944
0.999972045 -0.001443483 -0.007355771 -0.623656929 0.001518642 0.999946535 0.010222032 -1.065051794 0.007340628 -0.010232917 0.999920726 68.456039429
0.999971271 0.000314342 -0.007585743 -0.638767540 -0.000232797 0.999942124 0.010747300 -1.068880677 0.007588681 -0.010745216 0.999913871 69.664672852
0.999969661 0.001861921 -0.007562430 -0.663529158 -0.001778308 0.999937236 0.011047852 -1.086072206 0.007582530 -0.011034071 0.999910355 70.838562012
0.999969482 0.003359041 -0.007055006 -0.692019880 -0.003280192 0.999932289 0.011157935 -1.093018889 0.007092011 -0.011134455 0.999912858 72.043289185
0.999973118 0.003976996 -0.006175711 -0.701967120 -0.003900537 0.999916017 0.012344426 -1.104721546 0.006224294 -0.012320016 0.999904156 73.225311279
0.999980092 0.004772490 -0.004157384 -0.716491699 -0.004718870 0.999906600 0.012812627 -1.105101943 0.004218147 -0.012792754 0.999909163 74.401710510
0.999988079 0.004763057 -0.001206634 -0.726825237 -0.004748383 0.999917984 0.011882330 -1.122141123 0.001263135 -0.011876461 0.999928534 75.589546204
0.999998689 0.001392694 0.000928192 -0.729169309 -0.001398383 0.999980032 0.006169716 -1.146574736 -0.000919585 -0.006171000 0.999980807 76.774009705
0.999991298 0.001925224 0.003745540 -0.735292792 -0.001942905 0.999987006 0.004723646 -1.142479300 -0.003736394 -0.004730886 0.999981701 77.948143005
0.999978960 0.001528018 0.006352193 -0.729020119 -0.001585175 0.999958038 0.009002384 -1.170210361 -0.006338159 -0.009012274 0.999938667 79.134193420
0.999955058 0.001038111 0.009435391 -0.719308197 -0.001140111 0.999940753 0.010811775 -1.198394537 -0.009423603 -0.010822049 0.999896944 80.322532654
0.999902070 0.001909718 0.013860907 -0.716744721 -0.002027366 0.999961674 0.008479690 -1.191962242 -0.013844196 -0.008506957 0.999868333 81.478897095
0.999850154 0.001508903 0.017254351 -0.702203631 -0.001609055 0.999981701 0.005792319 -1.223318577 -0.017245293 -0.005819219 0.999834180 82.646888733
0.999786973 -0.000094594 0.020661004 -0.688872218 0.000048129 0.999997258 0.002249255 -1.235197902 -0.020661142 -0.002247798 0.999783278 83.816635132
0.999715805 -0.001331125 0.023812363 -0.673659980 0.001295793 0.999997735 0.001499320 -1.257483602 -0.023814304 -0.001468044 0.999715209 84.970764160
0.999621391 -0.001228568 0.027487369 -0.635914445 0.001143382 0.999994218 0.003115045 -1.277091026 -0.027491055 -0.003082433 0.999617815 86.135154724
0.999502063 -0.000116148 0.031559698 -0.604356945 -0.000001981 0.999992669 0.003743122 -1.301884532 -0.031559899 -0.003741325 0.999494851 87.298980713
0.999387085 -0.000815505 0.035009623 -0.574027002 0.000752332 0.999997675 0.001817445 -1.322938561 -0.035010990 -0.001790006 0.999384761 88.447631836
0.999251723 -0.000748370 0.038676478 -0.537790000 0.000780818 0.999999046 -0.000823805 -1.347090602 -0.038675822 0.000853384 0.999251366 89.596969604
0.999135852 -0.000628031 0.041563753 -0.491125405 0.000676100 0.999998748 -0.001142435 -1.371284008 -0.041562974 0.001169545 0.999135137 90.750625610
0.999015212 -0.002572631 0.044293370 -0.450370818 0.002561441 0.999996483 0.000309508 -1.390880823 -0.044294026 -0.000195741 0.999018848 91.909912109
0.998866141 -0.003125736 0.047510535 -0.414008617 0.003044595 0.999993443 0.001780112 -1.411781549 -0.047515783 -0.001633446 0.998869002 93.063774109
0.998752177 -0.004064850 0.049786124 -0.354120284 0.003900307 0.999986053 0.003401626 -1.431557775 -0.049799219 -0.003203211 0.998753548 94.221176147
0.998608172 -0.005545071 0.052452579 -0.300529242 0.005314027 0.999975204 0.004543257 -1.451778412 -0.052476451 -0.004258202 0.998613060 95.385414124
0.998489201 -0.006566125 0.054549996 -0.244767755 0.006440542 0.999975860 0.002477733 -1.472715855 -0.054564964 -0.002122650 0.998508334 96.531433105
0.998351753 -0.008688893 0.056733985 -0.177291304 0.008778209 0.999960124 -0.001325299 -1.492321610 -0.056720197 0.001821135 0.998388290 97.691070557
0.998245060 -0.007518943 0.058751613 -0.111124471 0.007776550 0.999960661 -0.004157464 -1.512662172 -0.058717996 0.004607034 0.998263359 98.871360779
0.998132408 -0.007557662 0.060621448 -0.032358080 0.007868771 0.999956727 -0.004894967 -1.539601326 -0.060581814 0.005362838 0.998148680 100.024703979
0.998094499 -0.007545765 0.061236475 0.010081927 0.007823392 0.999960005 -0.004295099 -1.564688087 -0.061201636 0.004766005 0.998114407 101.215057373
0.998170078 -0.007655967 0.059985101 0.078066379 0.007816188 0.999966145 -0.002436862 -1.591823220 -0.059964400 0.002901254 0.998196185 102.390968323
0.998241127 -0.008361546 0.058695797 0.137555763 0.008433769 0.999963582 -0.000982870 -1.620269895 -0.058685433 0.001476165 0.998275340 103.580390930
0.998341143 -0.007923782 0.057039402 0.200044006 0.007941362 0.999967873 -0.000081773 -1.636246800 -0.057036888 0.000534590 0.998371363 104.775848389
0.998483539 -0.008042617 0.054462004 0.265195549 0.008031248 0.999967277 0.000427580 -1.655731082 -0.054463658 0.000010461 0.998515606 105.962020874
0.998642087 -0.007289920 0.051584993 0.315817356 0.007279103 0.999973059 0.000397525 -1.675520778 -0.051586505 -0.000021498 0.998668373 107.172225952
0.998837829 -0.005609031 0.047862019 0.356690675 0.005620571 0.999984026 -0.000106420 -1.702379346 -0.047860686 0.000375315 0.998854458 108.370010376
0.999017000 -0.005457297 0.043993682 0.400772423 0.005456789 0.999984622 0.000131597 -1.728124142 -0.043993723 0.000108591 0.999031842 109.577270508
0.999180913 -0.004919451 0.040169638 0.436346233 0.004883320 0.999987185 0.000997492 -1.748178601 -0.040174037 -0.000800519 0.999192357 110.799697876
0.999354661 -0.004820536 0.035611693 0.472804427 0.004746012 0.999985635 0.002176658 -1.771638632 -0.035621673 -0.002006253 0.999362886 112.005134583
0.999498665 -0.004900969 0.031280771 0.509862125 0.004817756 0.999984145 0.002734939 -1.786866784 -0.031293690 -0.002582868 0.999506950 113.236717224
0.999645114 -0.004047407 0.026313109 0.532586753 0.003971471 0.999987662 0.002937623 -1.815001249 -0.026324682 -0.002832072 0.999650061 114.445953369
0.999759257 -0.003506519 0.021658611 0.543175399 0.003449515 0.999990106 0.002668638 -1.824701905 -0.021667752 -0.002593285 0.999761999 115.652099609
0.999856651 -0.003025416 0.016695431 0.564604640 0.002983013 0.999991775 0.002563649 -1.848668575 -0.016703036 -0.002513488 0.999857068 116.893211365
0.999927640 -0.002562036 0.011768123 0.561435223 0.002540023 0.999994576 0.001885003 -1.863182664 -0.011772878 -0.001854976 0.999929249 118.113548279
0.999963403 -0.000360409 0.008486130 0.569405735 0.000344114 0.999997616 0.001922286 -1.890413284 -0.008486789 -0.001919290 0.999962866 119.347084045
0.999978840 0.001947360 0.006204259 0.556344271 -0.001959725 0.999995589 0.001987857 -1.909003735 -0.006200348 -0.001999975 0.999979079 120.559913635
0.999982655 0.002755729 0.005289474 0.563318431 -0.002765212 0.999993980 0.001786141 -1.934517622 -0.005284511 -0.001800747 0.999984324 121.812370300
0.999979496 0.004804768 0.004216871 0.567034423 -0.004812989 0.999985933 0.001942337 -1.953404069 -0.004207465 -0.001962597 0.999989629 123.077842712
0.999976218 0.006025980 0.003246828 0.553659856 -0.006034925 0.999977589 0.002754755 -1.970430851 -0.003230132 -0.002774279 0.999991775 124.301994324
0.999971986 0.006862112 0.003016353 0.564437687 -0.006871173 0.999971330 0.003005461 -2.003845215 -0.002995627 -0.003026106 0.999991238 125.550559998
0.999956548 0.009199169 0.001738249 0.536527574 -0.009207737 0.999944508 0.004991173 -2.005460262 -0.001692232 -0.005006970 0.999985933 126.802070618
0.999936819 0.011159265 0.001345159 0.518183410 -0.011169851 0.999903917 0.008142451 -2.005245209 -0.001254149 -0.008156968 0.999966443 128.041519165
0.999953628 0.009594981 0.000813636 0.529707313 -0.009601603 0.999916494 0.008577642 -2.046815872 -0.000731249 -0.008585063 0.999963403 129.316558838
0.999955118 0.009416453 0.000245834 0.513657153 -0.009417827 0.999934673 0.006384345 -2.048743010 -0.000185670 -0.006386371 0.999980628 130.547546387
0.999973655 0.007244952 0.000032596 0.517989874 -0.007245000 0.999948740 0.006983963 -2.062420368 0.000018023 -0.006984020 0.999976158 131.804702759
0.999992371 0.003580944 -0.001534329 0.503616333 -0.003566812 0.999951363 0.009114553 -2.077649355 0.001566914 -0.009109018 0.999957800 133.053237915
0.999997497 0.001377972 -0.001924234 0.496486574 -0.001356139 0.999934375 0.011301035 -2.089868784 0.001939686 -0.011298411 0.999934256 134.323394775
0.999998212 -0.000997178 -0.001563585 0.516501546 0.001016776 0.999919653 0.012582440 -2.099294424 0.001550932 -0.012584021 0.999920189 135.591445923
0.999985099 -0.005074152 -0.001953718 0.490874916 0.005095255 0.999926388 0.010952570 -2.109599113 0.001898020 -0.010962375 0.999938667 136.848434448
0.999969125 -0.007548237 -0.001901235 0.479996383 0.007565582 0.999927819 0.009285156 -2.116658211 0.001831043 -0.009299261 0.999956071 138.138229370
0.999956250 -0.009076761 -0.002169585 0.461803705 0.009096878 0.999913275 0.009450024 -2.143180132 0.002083641 -0.009469359 0.999953568 139.405548096
0.999956429 -0.009127405 -0.001943591 0.450368345 0.009145802 0.999910653 0.009677157 -2.145959854 0.001855110 -0.009694520 0.999951899 140.684036255
0.999964893 -0.008391777 -0.000781340 0.453544408 0.008400152 0.999898493 0.011429375 -2.163885355 0.000685352 -0.011435552 0.999934494 141.961410522
0.999981105 -0.006101235 -0.000325890 0.437068164 0.006105025 0.999892414 0.013279683 -2.162580490 0.000244849 -0.013281441 0.999912262 143.237091064
0.999979854 -0.006298203 0.000299273 0.425314337 0.006294188 0.999908388 0.011917994 -2.184624195 -0.000374292 -0.011915890 0.999929368 144.511917114
0.999984741 -0.005207854 0.001301641 0.425193816 0.005194903 0.999938309 0.009762463 -2.196683645 -0.001352377 -0.009755570 0.999952376 145.798904419
0.999984324 -0.005457509 0.001065817 0.405204505 0.005449078 0.999954343 0.007758112 -2.215710640 -0.001108093 -0.007752194 0.999969780 147.080612183
0.999977469 -0.006397492 0.001945208 0.413407862 0.006390673 0.999972761 0.003490904 -2.246504307 -0.001967474 -0.003478399 0.999992490 148.340652466
0.999975920 -0.006545664 0.002448688 0.409650296 0.006546129 0.999977529 -0.000183700 -2.258592606 -0.002447427 0.000199718 0.999997020 149.607635498
0.999972284 -0.006912165 0.002708075 0.407568991 0.006914877 0.999974847 -0.000994577 -2.285381317 -0.002701120 0.001013273 0.999996245 150.875473022
0.999968350 -0.007351840 0.002947104 0.415886492 0.007353818 0.999971926 -0.000661970 -2.313654900 -0.002942144 0.000683618 0.999995828 152.147811890
0.999975145 -0.006422601 0.002551046 0.396947414 0.006423431 0.999978602 -0.000318119 -2.337571144 -0.002548929 0.000334497 0.999997437 153.411804199
0.999977767 -0.006107194 0.002534135 0.401911169 0.006104976 0.999980092 0.000880254 -2.359377384 -0.002539449 -0.000864768 0.999996841 154.689239502
0.999983668 -0.005322727 0.002239452 0.384179026 0.005319889 0.999983907 0.001269571 -2.389188290 -0.002246169 -0.001257642 0.999996841 155.941345215
0.999985576 -0.004981523 0.001827973 0.382452369 0.004979104 0.999985695 0.001323844 -2.422893763 -0.001834528 -0.001314727 0.999997914 157.195114136
0.999986529 -0.004820097 0.001157512 0.374559641 0.004818399 0.999986291 0.001463887 -2.444147825 -0.001164530 -0.001458294 0.999998987 158.475875854
0.999986947 -0.005026442 0.000134542 0.367072701 0.005026081 0.999983072 0.002537822 -2.468975544 -0.000147280 -0.002537120 0.999997079 159.734848022
0.999988556 -0.004703266 -0.000068155 0.366158456 0.004703436 0.999983907 0.002831710 -2.487155199 0.000054851 -0.002832006 0.999996364 160.999649048
0.999990880 -0.004303567 -0.000836282 0.352857411 0.004305074 0.999988079 0.001818351 -2.510139465 0.000828453 -0.001821941 0.999997973 162.273956299
0.999991655 -0.003627252 -0.001661641 0.335540861 0.003628582 0.999992073 0.000800582 -2.538097620 0.001658743 -0.000806610 0.999998629 163.542800903
0.999992311 -0.002987564 -0.002046146 0.333389759 0.002989265 0.999994218 0.000828028 -2.559652567 0.002043693 -0.000834141 0.999998331 164.796020508
0.999990463 -0.003022559 -0.003031727 0.329947472 0.003022336 0.999994338 -0.000077535 -2.591180563 0.003031964 0.000068369 0.999995828 166.067596436
0.999988854 -0.002923385 -0.003599389 0.317140251 0.002919321 0.999994040 -0.001133557 -2.616048813 0.003602703 0.001123037 0.999993324 167.333282471
0.999987483 -0.002804944 -0.004244987 0.296379119 0.002800749 0.999994576 -0.000993292 -2.635661364 0.004247755 0.000981388 0.999990642 168.612243652
0.999982834 -0.002849651 -0.005037619 0.273779482 0.002850556 0.999994934 0.000172576 -2.661723375 0.005037126 -0.000186935 0.999987721 169.878082275
0.999979913 -0.002687676 -0.005506292 0.270016760 0.002692851 0.999995053 0.000931516 -2.688589573 0.005503803 -0.000946328 0.999985039 171.138977051
0.999975443 -0.002289896 -0.006559385 0.257421404 0.002298329 0.999995589 0.001278060 -2.710003376 0.006556455 -0.001293108 0.999978125 172.412063599
0.999974012 -0.001929855 -0.006888012 0.238340825 0.001941079 0.999995768 0.001622981 -2.739802361 0.006884876 -0.001636313 0.999975443 173.672866821
0.999969780 -0.001507506 -0.007685341 0.221618012 0.001514328 0.999997318 0.000882315 -2.764856339 0.007683995 -0.000893928 0.999970317 174.943191528
0.999966145 -0.000477611 -0.008149084 0.198836476 0.000480364 0.999998748 0.000335735 -2.789292812 0.008148940 -0.000339639 0.999967217 176.209060669
0.999964654 -0.000372632 -0.008347335 0.179297030 0.000377019 0.999998689 0.000523623 -2.811167955 0.008347157 -0.000526752 0.999965429 177.479522705
0.999958158 -0.000661205 -0.008983468 0.161984786 0.000658650 0.999998748 -0.000288177 -2.840806723 0.008983694 0.000282248 0.999960184 178.743972778
0.999958158 -0.001560478 -0.008965888 0.134308085 0.001544727 0.999996185 -0.001763688 -2.869448900 0.008968632 0.001749767 0.999958634 180.004699707
0.999947906 -0.005023371 -0.008828767 0.128927425 0.005007890 0.999984860 -0.001774622 -2.910882950 0.008837575 0.001730318 0.999959826 181.254776001
0.999944925 -0.004625057 -0.009435368 0.107080922 0.004640752 0.999986887 0.001643082 -2.913386822 0.009427652 -0.001686783 0.999954462 182.529266357
0.999938965 -0.005714488 -0.009402087 0.093616866 0.005773654 0.999962687 0.006277769 -2.939615250 0.009365890 -0.006331684 0.999936461 183.803024292
0.999942601 -0.004707954 -0.009573701 0.070243947 0.004766085 0.999969244 0.006058124 -2.963758469 0.009544916 -0.006103417 0.999936283 185.038223267
0.999952078 -0.002950334 -0.009205147 0.044024847 0.002973600 0.999991417 0.002513815 -2.981571198 0.009197702 -0.002541076 0.999955237 186.307006836
0.999948621 -0.002380182 -0.009788191 0.024770178 0.002385982 0.999995887 0.000580760 -3.005423307 0.009786800 -0.000604088 0.999952495 187.544265747
0.999946117 -0.002821399 -0.009927682 -0.004257013 0.002826589 0.999994695 0.000508647 -3.033489227 0.009926229 -0.000536684 0.999951243 188.796859741
0.999950588 -0.003073668 -0.009448712 -0.016721915 0.003092444 0.999992013 0.001973912 -3.054284811 0.009442584 -0.002003037 0.999953926 190.055847168
0.999948740 -0.003269817 -0.009526925 -0.039385829 0.003307376 0.999985635 0.003929225 -3.075154543 0.009513977 -0.003960543 0.999947429 191.280838013
0.999953270 -0.004030913 -0.008716867 -0.060308542 0.004074527 0.999978065 0.004991483 -3.104798555 0.008696589 -0.005026779 0.999950051 192.551147461
0.999964893 -0.003409415 -0.007495960 -0.066333212 0.003442643 0.999983251 0.004423369 -3.125553846 0.007480801 -0.004449033 0.999962687 193.776840210
0.999972045 -0.004363921 -0.005980399 -0.066737898 0.004380460 0.999985397 0.002755437 -3.156455278 0.005968313 -0.002781564 0.999978781 195.006118774
0.999980092 -0.004429302 -0.004517269 -0.092800938 0.004436619 0.999987602 0.001612473 -3.171422958 0.004510077 -0.001632487 0.999989033 196.240341187
0.999975979 -0.006136647 -0.003051828 -0.103140041 0.006139384 0.999979556 0.000887958 -3.196698189 0.003046337 -0.000906676 0.999995589 197.448760986
0.999982297 -0.005558329 -0.001832991 -0.123311482 0.005561447 0.999981821 0.001698781 -3.224648476 0.001823534 -0.001708950 0.999997437 198.674087524
0.999981701 -0.005840648 -0.000715091 -0.115326032 0.005843218 0.999975204 0.003624675 -3.240952969 0.000693936 -0.003628795 0.999993682 199.888000488
0.999987364 -0.004938120 0.000447173 -0.124316096 0.004936142 0.999977231 0.004329525 -3.268428326 -0.000468528 -0.004327272 0.999991000 201.097030640
0.999986410 -0.004774762 0.001902240 -0.125069082 0.004767330 0.999979794 0.003894211 -3.287971258 -0.001920784 -0.003885097 0.999991059 202.318618774
0.999985516 -0.004735816 0.002646339 -0.137140840 0.004724295 0.999978065 0.004340880 -3.312971830 -0.002666844 -0.004328321 0.999987423 203.505508423
0.999981165 -0.004838073 0.003662245 -0.138164148 0.004821136 0.999976397 0.004620880 -3.339890718 -0.003684507 -0.004603145 0.999983013 204.720764160
0.999979496 -0.004522552 0.004423917 -0.143908858 0.004502648 0.999978423 0.004499703 -3.359216452 -0.004444167 -0.004479699 0.999980450 205.868789673
0.999973357 -0.004673271 0.005425280 -0.149283111 0.004648725 0.999977589 0.004531079 -3.374601364 -0.005446321 -0.004505747 0.999975383 207.039596558
0.999962747 -0.005883022 0.006266733 -0.144913316 0.005853298 0.999970257 0.004751918 -3.407351971 -0.006294502 -0.004715069 0.999969482 208.193817139
0.999963462 -0.006044043 0.006007784 -0.143652752 0.006013169 0.999967277 0.005144747 -3.428099155 -0.006038680 -0.005108443 0.999969065 209.352890015
0.999958634 -0.007047464 0.005846740 -0.151733294 0.007009212 0.999952316 0.006535838 -3.440888166 -0.005892533 -0.006494595 0.999961913 210.475845337
0.999966621 -0.006448184 0.004962703 -0.151373312 0.006416731 0.999957800 0.006328710 -3.456986904 -0.005003300 -0.006296667 0.999967933 211.589004517
0.999970138 -0.006225088 0.004522137 -0.153960899 0.006199874 0.999963701 0.005569347 -3.483120203 -0.004556639 -0.005541154 0.999974549 212.695755005
0.999971211 -0.006001023 0.004372790 -0.154128686 0.005979750 0.999968886 0.004865497 -3.503693104 -0.004401836 -0.004839217 0.999978840 213.782241821
0.999974072 -0.006145601 0.003667562 -0.158056423 0.006127786 0.999967873 0.004850425 -3.525752306 -0.003697249 -0.004827832 0.999981761 214.846984863
0.999973476 -0.006911057 0.002467075 -0.159005478 0.006899005 0.999962747 0.004857728 -3.548819542 -0.002500562 -0.004840584 0.999985516 215.916366577
0.999975443 -0.006912331 0.000821980 -0.160708174 0.006907850 0.999960542 0.005338616 -3.566474438 -0.000858840 -0.005332813 0.999985695 216.958190918
0.999963880 -0.008361487 -0.001364808 -0.173645198 0.008370572 0.999940515 0.006790816 -3.588201284 0.001307961 -0.006802004 0.999976337 218.001632690
0.999960303 -0.008159324 -0.003276330 -0.180226088 0.008188237 0.999925554 0.008905702 -3.602565289 0.003203459 -0.008932195 0.999955297 219.028274536
0.999951422 -0.007956122 -0.005772627 -0.191160992 0.008007841 0.999925971 0.008991121 -3.619409800 0.005700690 -0.009036924 0.999943137 220.030746460
0.999937713 -0.007351593 -0.008354527 -0.206134409 0.007421176 0.999936223 0.008327989 -3.636207342 0.008292800 -0.008389481 0.999930680 221.020370483
0.999908626 -0.007408676 -0.011274070 -0.230488718 0.007503149 0.999935269 0.008360028 -3.650707245 0.011211442 -0.008443865 0.999901772 221.985321045
0.999875844 -0.007136793 -0.014059070 -0.252254218 0.007264359 0.999930739 0.009043721 -3.669906855 0.013993576 -0.009144735 0.999860644 222.926864624
0.999831438 -0.006806422 -0.017029071 -0.274105072 0.006959298 0.999934137 0.008933637 -3.689938068 0.016967196 -0.009050654 0.999815404 223.862472534
0.999773681 -0.006744676 -0.020153033 -0.295796901 0.006915358 0.999939084 0.008411207 -3.705496073 0.020095129 -0.008548683 0.999761820 224.753967285
0.999704599 -0.007027426 -0.023249514 -0.321525633 0.007213027 0.999940932 0.007908398 -3.722084522 0.023192631 -0.008073772 0.999698699 225.643478394
0.999634266 -0.005909263 -0.026366197 -0.357380182 0.006106616 0.999952495 0.007410012 -3.733965158 0.026321251 -0.007568328 0.999625027 226.484878540
0.999563694 -0.005600628 -0.028995382 -0.391169101 0.005795235 0.999959588 0.006631595 -3.757955313 0.028957143 -0.006796747 0.999557793 227.306884766
0.999496341 -0.003489883 -0.031535622 -0.423831522 0.003703202 0.999969065 0.006708060 -3.778891802 0.031511314 -0.006821475 0.999480367 228.128829956
0.999464512 -0.002958593 -0.032582875 -0.466517448 0.003183541 0.999969840 0.006853689 -3.786269426 0.032561705 -0.006953758 0.999445677 228.928619385
0.999480724 -0.003269667 -0.032060307 -0.489214063 0.003528103 0.999959946 0.008007518 -3.794549704 0.032032914 -0.008116478 0.999453962 229.710021973
0.999488592 -0.003114255 -0.031815037 -0.516520560 0.003397074 0.999953508 0.008838829 -3.810013771 0.031786121 -0.008942401 0.999454737 230.463897705
0.999506176 -0.003235326 -0.031246370 -0.540605485 0.003506572 0.999955058 0.008629519 -3.827663422 0.031217135 -0.008734841 0.999474466 231.200103760
0.999522448 -0.002868015 -0.030755492 -0.572686315 0.003079763 0.999970376 0.006839228 -3.834176779 0.030735046 -0.006930694 0.999503613 231.940734863
0.999545276 -0.002727231 -0.030003320 -0.596859396 0.002858102 0.999985397 0.004319104 -3.851719141 0.029991189 -0.004402903 0.999540687 232.663558960
0.999582112 -0.002760212 -0.028763013 -0.628928900 0.002848199 0.999989927 0.003018005 -3.867136717 0.028754473 -0.003098669 0.999581814 233.405136108
0.999621630 -0.002214879 -0.027402962 -0.652469218 0.002288002 0.999992490 0.002636838 -3.875492096 0.027396988 -0.002698540 0.999621153 234.114089966
0.999663472 -0.002789799 -0.025775051 -0.675131381 0.002851323 0.999991834 0.002349992 -3.891912222 0.025768351 -0.002422695 0.999665141 234.838577271
0.999715209 -0.002749625 -0.023701008 -0.691363215 0.002808590 0.999991477 0.002454738 -3.909724236 0.023694100 -0.002520602 0.999716043 235.561325073
0.999755085 -0.002681914 -0.021944201 -0.707782507 0.002736466 0.999991953 0.002455724 -3.923300982 0.021937493 -0.002515174 0.999756277 236.266479492
0.999799132 -0.002884659 -0.019807067 -0.730183005 0.002927929 0.999992132 0.002155295 -3.939176798 0.019800741 -0.002212857 0.999801517 236.984451294
0.999847829 -0.003057195 -0.017145246 -0.747337222 0.003097628 0.999991179 0.002331485 -3.945577145 0.017138004 -0.002384240 0.999850392 237.679031372
0.999893844 -0.003858462 -0.014012262 -0.755557239 0.003898755 0.999986947 0.002848431 -3.964137793 0.014001123 -0.002902760 0.999897778 238.382843018
0.999925971 -0.005232617 -0.010896461 -0.763202071 0.005271517 0.999978840 0.003542057 -3.980467558 0.010877727 -0.003599241 0.999934196 239.093231201
0.999954104 -0.005077447 -0.008053630 -0.766507983 0.005106419 0.999979377 0.003579238 -3.996061325 0.008035310 -0.003620202 0.999961078 239.771575928
0.999972820 -0.005432466 -0.004875510 -0.779995799 0.005448915 0.999978364 0.003364268 -4.011330128 0.004857141 -0.003390747 0.999982297 240.472656250
0.999981284 -0.005711343 -0.002010773 -0.785209596 0.005717629 0.999977350 0.003134363 -4.021449089 0.001992826 -0.003145803 0.999993086 241.167648315
0.999986410 -0.004961197 0.001005284 -0.787109971 0.004958884 0.999983728 0.002303789 -4.034945488 -0.001016697 -0.002298774 0.999996901 241.855697632
0.999978900 -0.004860392 0.004101963 -0.788390040 0.004853383 0.999985516 0.001720312 -4.047945023 -0.004110270 -0.001700368 0.999990225 242.560363770
0.999963403 -0.005139419 0.006697363 -0.787558794 0.005124568 0.999983132 0.002234518 -4.059378147 -0.006708744 -0.002200117 0.999975145 243.254333496
0.999944866 -0.004583191 0.009308622 -0.785174787 0.004554227 0.999983609 0.003132867 -4.065755844 -0.009322844 -0.003090305 0.999951899 243.959197998
0.999925375 -0.004585414 0.011242994 -0.774700582 0.004550206 0.999983370 0.003156309 -4.087241173 -0.011257302 -0.003104917 0.999931991 244.660125732
0.999894202 -0.004620532 0.013718846 -0.766506851 0.004592495 0.999986053 0.002075357 -4.096269131 -0.013728270 -0.002012132 0.999903917 245.373352051
0.999867737 -0.004914553 0.015454046 -0.764521539 0.004930109 0.999985933 -0.000968475 -4.101406574 -0.015449099 0.001044547 0.999880373 246.083389282
0.999844968 -0.005777902 0.016570598 -0.755385339 0.005814928 0.999979496 -0.002186356 -4.107972145 -0.016557660 0.002282385 0.999860525 246.800430298
0.999832988 -0.006088777 0.017171210 -0.739655554 0.006135737 0.999976277 -0.002682703 -4.115182400 -0.017154509 0.002787624 0.999849260 247.520080566
0.999834120 -0.006482812 0.016948940 -0.734339774 0.006539200 0.999972165 -0.003272216 -4.144269466 -0.016927302 0.003382511 0.999851346 248.246795654
0.999839842 -0.005523690 0.016972901 -0.725420713 0.005586158 0.999976158 -0.003635316 -4.159003735 -0.016952449 0.003729561 0.999849498 248.981613159
0.999837816 -0.004672901 0.017330868 -0.718728006 0.004744924 0.999978900 -0.004116357 -4.170859814 -0.017311307 0.004197936 0.999841511 249.713623047
0.999829710 -0.005167281 0.017649056 -0.707835555 0.005275501 0.999966204 -0.006089512 -4.190383911 -0.017617049 0.006181598 0.999825835 250.472106934
0.999789953 -0.009574652 0.018075725 -0.694521725 0.009723320 0.999917805 -0.008155083 -4.208428383 -0.017996194 0.008329155 0.999803483 251.219421387
0.999754190 -0.012190944 0.018460345 -0.675171375 0.012360416 0.999880850 -0.009092875 -4.222305298 -0.018347355 0.009318837 0.999788165 251.982864380
0.999749839 -0.011684205 0.019020209 -0.668973505 0.011791192 0.999913692 -0.005521908 -4.232105732 -0.018954096 0.005744814 0.999803782 252.770843506
0.999788940 -0.006186306 0.019548276 -0.663393378 0.006172835 0.999978960 0.000749463 -4.247114658 -0.019552536 -0.000628632 0.999808609 253.546188354
0.999767303 -0.006869285 0.020404987 -0.651397526 0.006762214 0.999961376 0.005312426 -4.280327320 -0.020440742 -0.005173217 0.999777794 254.337371826
0.999712586 -0.008829015 0.022248846 -0.611936927 0.008755037 0.999954224 0.003420877 -4.279112816 -0.022278087 -0.003225108 0.999746740 255.141921997
0.999631226 -0.006917133 0.026225040 -0.615181983 0.007014042 0.999967217 -0.003604538 -4.303508759 -0.026199320 0.003787166 0.999649584 255.924743652
0.999512672 -0.004959414 0.030796956 -0.604836524 0.005205906 0.999953389 -0.007927666 -4.292906284 -0.030756313 0.008084153 0.999494374 256.735626221
0.999426961 -0.003192008 0.033674423 -0.571934044 0.003452197 0.999962986 -0.007670696 -4.326677322 -0.033648781 0.007782577 0.999403477 257.540771484
0.999312460 -0.004434993 0.036790915 -0.552702188 0.004621725 0.999975204 -0.004991450 -4.343982697 -0.036767971 0.005158076 0.999310613 258.367279053
0.999180138 -0.008403161 0.039585967 -0.518025160 0.008475958 0.999961078 -0.001671142 -4.355753422 -0.039570492 0.002005313 0.999214828 259.228759766
0.999040484 -0.011220912 0.042320505 -0.477397501 0.011232027 0.999935329 -0.000024848 -4.373203754 -0.042317577 0.000500178 0.999104083 260.069366455
0.998883784 -0.011711800 0.045746721 -0.442649245 0.011695066 0.999929726 0.000633726 -4.385314465 -0.045751050 -0.000098004 0.998952866 260.909484863
0.998802245 -0.008848516 0.048108347 -0.412633181 0.008927496 0.999957502 -0.001426714 -4.403670311 -0.048093800 0.001854502 0.998841107 261.744079590
0.998693287 -0.008075614 0.050448947 -0.369320959 0.008274890 0.999957085 -0.003742033 -4.420380592 -0.050416693 0.004154617 0.998719573 262.572296143
0.998568535 -0.007817625 0.052900136 -0.338011414 0.008050971 0.999957204 -0.004198697 -4.440008640 -0.052865192 0.004618600 0.998591006 263.434234619
0.998425305 -0.007135857 0.055631112 -0.295086265 0.007264199 0.999969780 -0.002104781 -4.459176540 -0.055614542 0.002505594 0.998449147 264.254669189
0.998236895 -0.006576304 0.058981188 -0.252971828 0.006587603 0.999976695 0.000003231 -4.471125603 -0.058979973 0.000385326 0.998259068 265.127288818
0.998082638 -0.005224252 0.061664939 -0.201004595 0.005238588 0.999984682 -0.000070454 -4.496765614 -0.061663762 0.000393362 0.998096824 265.945281982
0.997911751 -0.005206400 0.064371988 -0.154716998 0.005260933 0.999984026 -0.000677619 -4.516616821 -0.064367563 0.001014867 0.997925580 266.786560059
0.997732878 -0.006588970 0.066963382 -0.097452611 0.006659699 0.999975741 -0.000832767 -4.534215450 -0.066956438 0.001276843 0.997754991 267.654296875
0.997591615 -0.009163545 0.068742514 -0.042392153 0.009211188 0.999955714 -0.000375862 -4.550042152 -0.068736188 0.001008164 0.997634292 268.482574463
0.997500777 -0.011241923 0.069743872 0.011895824 0.011264485 0.999934733 0.000070033 -4.568635941 -0.069740281 0.000715777 0.997564793 269.346862793
0.997474670 -0.011297924 0.070106946 0.077128462 0.011345146 0.999933779 -0.000275167 -4.585516930 -0.070099384 0.001069851 0.997539341 270.179779053
0.997442842 -0.011964303 0.070445098 0.124154620 0.011995643 0.999926448 -0.000021263 -4.600607872 -0.070439890 0.000866249 0.997515798 271.040374756
0.997469664 -0.012119407 0.070039883 0.182157129 0.012144209 0.999924541 0.000071931 -4.614572048 -0.070035644 0.000778834 0.997544229 271.922180176
0.997508228 -0.011621399 0.069573194 0.235328883 0.011592442 0.999930739 0.000820194 -4.633652210 -0.069578089 -0.000011625 0.997576594 272.763336182
0.997585237 -0.011723076 0.068443634 0.290239215 0.011741727 0.999929368 0.000130039 -4.654114246 -0.068440512 0.000673925 0.997654974 273.632659912
0.997696161 -0.011768373 0.066801079 0.340076327 0.011841081 0.999927998 -0.000692720 -4.666553497 -0.066788256 0.001482127 0.997765958 274.471801758
0.997813463 -0.010814672 0.065188743 0.385777265 0.010940500 0.999937236 -0.001573259 -4.685282230 -0.065167814 0.002283026 0.997871757 275.333984375
0.997924507 -0.010080851 0.063583776 0.433379591 0.010213208 0.999944687 -0.001756254 -4.703279018 -0.063562736 0.002402014 0.997975230 276.190063477
0.998027980 -0.009174465 0.062082171 0.473423481 0.009318671 0.999952912 -0.002033378 -4.717367172 -0.062060755 0.002607901 0.998069048 277.027801514
0.998176098 -0.008824629 0.059709910 0.525040925 0.008939025 0.999956965 -0.001649131 -4.736517429 -0.059692930 0.002179884 0.998214304 277.897155762
0.998339236 -0.008404351 0.056979254 0.564444780 0.008433899 0.999962747 -0.000277770 -4.768071175 -0.056974955 0.000757877 0.998375356 278.739715576
0.998548031 -0.009719845 0.052972268 0.610923767 0.009601521 0.999949157 0.002488023 -4.781398296 -0.052993912 -0.001975790 0.998592854 279.573547363
0.998783350 -0.011719569 0.047887791 0.638373375 0.011534373 0.999923289 0.004142565 -4.794855118 -0.047932856 -0.003585164 0.998844147 280.427185059
0.998994231 -0.011800447 0.043245584 0.668641746 0.011583408 0.999917328 0.005266276 -4.814380646 -0.043304302 -0.004760047 0.999050677 281.240722656
0.999190748 -0.012534090 0.038205277 0.700232208 0.012324303 0.999906003 0.005722035 -4.830197811 -0.038273543 -0.005246552 0.999253571 282.076416016
0.999345243 -0.013023783 0.033741001 0.717196107 0.012814933 0.999895871 0.006398450 -4.837862492 -0.033820912 -0.005961881 0.999410033 282.896240234
0.999476969 -0.014118100 0.029081261 0.729571223 0.013930122 0.999879420 0.006656822 -4.853126526 -0.029171852 -0.006248241 0.999554813 283.694183350
0.999584436 -0.014360606 0.024977358 0.745694697 0.014205298 0.999877453 0.006385849 -4.866860867 -0.025066137 -0.006028388 0.999667585 284.483642578
0.999682128 -0.013990414 0.020952243 0.750952423 0.013864859 0.999883711 0.006126520 -4.874901772 -0.021035610 -0.005834078 0.999761701 285.247436523
0.999757946 -0.013666715 0.017211830 0.764425039 0.013564428 0.999888301 0.006045280 -4.891925335 -0.017292578 -0.005810355 0.999833584 286.007446289
