1.000000000 -0.000000000 0.000000000 0.000000000 -0.000000000 1.000000000 0.000000000 -0.000000000 0.000000000 0.000000000 1.000000000 0.000000000
0.999979019 0.000428778 -0.006460421 -0.005270754 -0.000427480 0.999999881 0.000202245 0.001903406 0.006460506 -0.000199479 0.999979138 0.095435664
0.999912083 0.000456658 -0.013253300 -0.013146669 -0.000452756 0.999999881 0.000297408 -0.001943066 0.013253435 -0.000291382 0.999912143 0.193549484
0.999780893 0.000429153 -0.020927347 -0.020528005 -0.000432851 0.999999881 -0.000172150 -0.001919213 0.020927271 0.000181170 0.999781013 0.290124834
0.999548197 0.000744380 -0.030047217 -0.038166936 -0.000759987 0.999999583 -0.000508000 -0.004802776 0.030046826 0.000530606 0.999548376 0.399343789
0.999143541 0.000626101 -0.041374266 -0.055196032 -0.000731148 0.999996543 -0.002523870 -0.007805216 0.041372541 0.002551959 0.999140501 0.506132841
0.998489976 0.000670693 -0.054930575 -0.075866863 -0.000895525 0.999991298 -0.004068502 -0.001957371 0.054927368 0.004111550 0.998481870 0.640434027
0.997462928 0.000649396 -0.071184762 -0.104857348 -0.000936299 0.999991596 -0.003997102 -0.003060186 0.071181566 0.004053612 0.997455120 0.773247778
0.995977700 0.000127960 -0.089601338 -0.128689557 -0.000503954 0.999991179 -0.004173687 -0.005853016 0.089600012 0.004202054 0.995968938 0.927119851
0.993964732 -0.000224381 -0.109700114 -0.163571194 -0.000222794 0.999991715 -0.004064073 -0.014360293 0.109700121 0.004063985 0.993956447 1.088490963
0.991257608 -0.000064062 -0.131940812 -0.215078115 -0.000482871 0.999991417 -0.004113296 -0.019579589 0.131939948 0.004141047 0.991249084 1.247632504
0.987772942 0.003790359 -0.155853197 -0.270017058 -0.004682583 0.999974668 -0.005358028 -0.029846633 0.155828938 0.006022311 0.987765670 1.426905394
0.983410656 0.007717829 -0.181229055 -0.337298900 -0.009163401 0.999932528 -0.007140563 -0.031655509 0.181161717 0.008682780 0.983415008 1.612039447
0.977973521 0.010249889 -0.208477229 -0.403234512 -0.012183596 0.999893844 -0.007993364 -0.035179552 0.208373159 0.010357300 0.977994561 1.783095956
0.971363187 0.011554453 -0.237318411 -0.499201536 -0.013973655 0.999866128 -0.008514252 -0.039254311 0.237188295 0.011586637 0.971394598 1.971110225
0.963245392 0.013382839 -0.268289149 -0.561080158 -0.016171366 0.999835670 -0.008186517 -0.046711877 0.268135518 0.012224226 0.963303685 2.141060114
0.953920543 0.015658665 -0.299650580 -0.686397731 -0.018581446 0.999803483 -0.006906835 -0.045036975 0.299483567 0.012156512 0.954024017 2.352674246
0.942651212 0.017473636 -0.333321840 -0.791840196 -0.020557240 0.999772251 -0.005726146 -0.054758713 0.333145857 0.012249933 0.942795753 2.543549538
0.929931760 0.019717069 -0.367203116 -0.877111793 -0.023329016 0.999713302 -0.005400209 -0.055192858 0.366991282 0.013588310 0.930125177 2.710946560
0.916356921 0.022596451 -0.399724036 -1.039590478 -0.026615417 0.999635577 -0.004505613 -0.054016825 0.399476498 0.014767567 0.916624606 2.923606396
0.900473177 0.023195455 -0.434292614 -1.173075318 -0.027649945 0.999609828 -0.003941174 -0.051316489 0.434031725 0.015557082 0.900763392 3.117914200
0.882010341 0.019491032 -0.470826775 -1.282254696 -0.024577944 0.999687016 -0.004657904 -0.049611203 0.470588565 0.015680267 0.882213593 3.287624836
0.861121774 0.015475397 -0.508162737 -1.440110803 -0.020538257 0.999779642 -0.004356788 -0.058603548 0.507983267 0.014188492 0.861250401 3.485150099
0.836301208 0.017948141 -0.547976255 -1.582099319 -0.021992421 0.999757886 -0.000818463 -0.070540279 0.547828913 0.012735797 0.836493671 3.635282755
0.807886839 0.023505831 -0.588868558 -1.800995469 -0.026848240 0.999634802 0.003068431 -0.061467808 0.588725686 0.013331129 0.808223188 3.841717482
0.775726736 0.026022142 -0.630532265 -2.014301300 -0.029454315 0.999553561 0.005014855 -0.070066147 0.630381227 0.014681727 0.776147127 4.005043030
0.740086198 0.026013732 -0.672008812 -2.182956934 -0.029665098 0.999541759 0.006022374 -0.057967860 0.671857536 0.015478118 0.740518987 4.131242752
0.700767815 0.022378901 -0.713038683 -2.445425749 -0.024429295 0.999674261 0.007366164 -0.071162522 0.712971330 0.012257053 0.701086164 4.327400208
0.658661306 0.019022958 -0.752198994 -2.672091722 -0.019304605 0.999778509 0.008380159 -0.070850819 0.752191842 0.009001206 0.658882916 4.472949028
0.614283264 0.019104974 -0.788854182 -2.892131329 -0.017301438 0.999792516 0.010740930 -0.069699235 0.788895905 0.007050326 0.614486635 4.601714134
0.566876829 0.019234208 -0.823577940 -3.218518019 -0.014680314 0.999804437 0.013245272 -0.062669992 0.823671818 0.004581933 0.567048550 4.767571449
0.516258419 0.020600187 -0.856184542 -3.514765024 -0.013580134 0.999782085 0.015866691 -0.064531617 0.856325150 0.003435783 0.516426206 4.874265671
0.463744491 0.022079231 -0.885693729 -3.776785851 -0.012758300 0.999752104 0.018242385 -0.054645613 0.885877252 0.002840132 0.463911384 4.933267593
0.409532040 0.023961591 -0.911980867 -4.177901268 -0.011627553 0.999710858 0.021045184 -0.051727388 0.912221670 0.001985423 0.409692347 5.065227509
0.354449779 0.026690589 -0.934693873 -4.458255291 -0.011219734 0.999641895 0.024290515 -0.046557110 0.935007811 0.001877241 0.354622453 5.106235504
0.299564332 0.029327678 -0.953625083 -4.878929615 -0.008999223 0.999569774 0.027913706 -0.038148303 0.954033673 0.000219924 0.299699545 5.206818104
0.245704129 0.031134699 -0.968845010 -5.251587391 -0.004967670 0.999511182 0.030860364 -0.038324885 0.969331861 -0.002769627 0.245738670 5.288098335
0.194570825 0.032606851 -0.980346262 -5.606743813 -0.002721186 0.999461532 0.032702543 -0.044784002 0.980884671 -0.003695268 0.194554880 5.338587284
0.147016928 0.033271652 -0.988574088 -6.058653355 -0.004400562 0.999446213 0.032983124 -0.035563011 0.989124238 -0.000498807 0.147082016 5.350536346
0.104309566 0.033182256 -0.993991137 -6.464751720 -0.006853550 0.999443471 0.032645058 -0.014454911 0.994521260 0.003407164 0.104479045 5.368282795
0.066263437 0.032253478 -0.997280657 -6.943083763 -0.007821200 0.999463379 0.031804405 -0.002182660 0.997771442 0.005692451 0.066480257 5.352606297
0.031433646 0.030370995 -0.999044359 -7.409211636 -0.006639308 0.999522328 0.030176641 0.003272172 0.999483705 0.005684391 0.031620383 5.328619480
0.000342142 0.027305737 -0.999627113 -7.845455647 -0.006697164 0.999604583 0.027302837 0.001015331 0.999977410 0.006685315 0.000524983 5.324440479
-0.026242130 0.024847204 -0.999346673 -8.368575096 -0.006480540 0.999665499 0.025025323 0.013568754 0.999634743 0.007133022 -0.026072169 5.280356407
-0.047585666 0.022315217 -0.998617947 -8.879137993 -0.006482570 0.999722064 0.022648811 0.021576328 0.998846173 0.007551362 -0.047427703 5.245766640
-0.063708901 0.021555545 -0.997735858 -9.409460068 -0.006832668 0.999733448 0.022035008 0.040860772 0.997945249 0.008221016 -0.063544564 5.190788746
-0.076481991 0.021951731 -0.996829629 -9.948919296 -0.006155201 0.999727726 0.022487825 0.046568196 0.997052073 0.007855582 -0.076326020 5.136452675
-0.086233199 0.022865457 -0.996012688 -10.518378258 -0.006633949 0.999701023 0.023524497 0.048066851 0.996253014 0.008636079 -0.086055622 5.080343723
-0.093222857 0.023937833 -0.995357633 -11.093105316 -0.007669712 0.999663830 0.024759728 0.053112328 0.995615959 0.009942269 -0.093007818 5.007091999
-0.097395279 0.024908861 -0.994934261 -11.670396805 -0.007761492 0.999637127 0.025786396 0.063078023 0.995215714 0.010233638 -0.097166508 4.938007832
-0.098785952 0.026153771 -0.994765043 -12.287978172 -0.006941203 0.999612153 0.026970530 0.075540893 0.995084763 0.009569175 -0.098565973 4.881440639
-0.097944796 0.027816128 -0.994803250 -12.913989067 -0.005803839 0.999576092 0.028521031 0.086305797 0.995175004 0.008567154 -0.097741760 4.823462009
-0.096515730 0.029891277 -0.994882703 -13.546818733 -0.005185824 0.999519944 0.030533718 0.101079188 0.995317996 0.008106261 -0.096314318 4.763512611
-0.094914049 0.030344373 -0.995023072 -14.194027901 -0.005783149 0.999501288 0.031032616 0.107956648 0.995468676 0.008699788 -0.094691180 4.691027641
-0.093127698 0.028598912 -0.995243549 -14.856135368 -0.008200562 0.999531150 0.029489493 0.111483306 0.995620430 0.010907834 -0.092849441 4.620972633
-0.091754735 0.028122028 -0.995384634 -15.543032646 -0.008946590 0.999537170 0.029064069 0.128984526 0.995741487 0.011572055 -0.091460600 4.556497097
-0.089924149 0.030681090 -0.995476186 -16.241367340 -0.009413736 0.999453962 0.031654064 0.152671948 0.995903969 0.012217598 -0.089586221 4.484006882
-0.088350676 0.034285665 -0.995499432 -16.962335587 -0.010636063 0.999317706 0.035361145 0.165088803 0.996032715 0.013712366 -0.087925680 4.421002388
-0.086376518 0.036130864 -0.995607436 -17.692451477 -0.010013190 0.999259889 0.037132159 0.180261701 0.996212304 0.013176541 -0.085950755 4.348702908
-0.084598139 0.036127102 -0.995760202 -18.434762955 -0.012007033 0.999232709 0.037273202 0.195447668 0.996342897 0.015109356 -0.084099390 4.278072357
-0.082819782 0.033562243 -0.995999455 -19.192119598 -0.015276937 0.999272227 0.034942858 0.208529413 0.996447504 0.018109767 -0.082246721 4.206618309
-0.081233613 0.032242961 -0.996173561 -19.951984406 -0.016295085 0.999300003 0.033672992 0.221907750 0.996562243 0.018968100 -0.080651246 4.138325214
-0.079609349 0.034241468 -0.996238172 -20.749645233 -0.012965039 0.999289513 0.035382405 0.239990547 0.996741951 0.015733024 -0.079108790 4.079301357
-0.078366883 0.036475565 -0.996257424 -21.522335052 -0.011481625 0.999230921 0.037487619 0.255545080 0.996858597 0.014376429 -0.077887759 4.010257721
-0.077284336 0.037666269 -0.996297657 -22.336336136 -0.010897591 0.999194205 0.038621150 0.276546657 0.996949673 0.013842040 -0.076811537 3.944933176
-0.076358199 0.033371814 -0.996522129 -23.139919281 -0.008811069 0.999377906 0.034142625 0.282776833 0.997041583 0.011387479 -0.076016590 3.876711369
-0.076127797 0.026837360 -0.996737242 -23.949729919 -0.009071295 0.999577403 0.027606713 0.296822786 0.997056842 0.011143320 -0.075852111 3.811104059
-0.076526858 0.022824518 -0.996806920 -24.762643814 -0.005290773 0.999713778 0.023297304 0.305478901 0.997053206 0.007056736 -0.076384209 3.747163773
-0.076702528 0.023260195 -0.996783018 -25.594181061 -0.005738522 0.999700487 0.023769895 0.317324311 0.997037530 0.007543260 -0.076546028 3.673139095
-0.076941311 0.030245895 -0.996577024 -26.427267075 -0.005000975 0.999514937 0.030721202 0.331223518 0.997022986 0.007347575 -0.076752685 3.605541229
-0.077175230 0.037192833 -0.996323884 -27.268562317 -0.005935775 0.999268651 0.037762575 0.348666877 0.996999800 0.008828279 -0.076897971 3.535569668
-0.077550218 0.042375591 -0.996087790 -28.123117447 -0.006383164 0.999054193 0.042998783 0.368909568 0.996967912 0.009692746 -0.077206336 3.460970640
-0.077985421 0.043473698 -0.996006250 -28.950183868 -0.009798476 0.998966873 0.044370156 0.384296834 0.996906459 0.013219560 -0.077478752 3.383527517
-0.078207858 0.040554281 -0.996112287 -29.781427383 -0.009954249 0.999090254 0.041457094 0.400542229 0.996887207 0.013157807 -0.077732950 3.312683582
-0.078777723 0.038037021 -0.996166646 -30.610406876 -0.010970149 0.999177814 0.039019555 0.406855792 0.996831656 0.014001956 -0.078295618 3.235743284
-0.078971103 0.038125016 -0.996148050 -31.451894760 -0.011353253 0.999168694 0.039140712 0.436368287 0.996812046 0.014400492 -0.078472555 3.161710501
-0.078707412 0.040986013 -0.996055543 -32.303184509 -0.012210432 0.999039054 0.042073671 0.454880178 0.996822357 0.015473762 -0.078131326 3.094735622
-0.078511871 0.039078850 -0.996147394 -33.121856689 -0.013229628 0.999101937 0.040237501 0.471579701 0.996825099 0.016337767 -0.077924304 3.023143291
-0.078022808 0.034397073 -0.996358395 -33.960422516 -0.014694254 0.999255776 0.035647806 0.480771542 0.996842980 0.017422074 -0.077459246 2.956818581
-0.077965237 0.030440995 -0.996491373 -34.790214539 -0.016254855 0.999361694 0.031800497 0.489504308 0.996823490 0.018677156 -0.077420555 2.874651909
-0.077301577 0.030494085 -0.996541679 -35.617527008 -0.015135280 0.999380589 0.031755030 0.508190811 0.996892452 0.017537650 -0.076792113 2.804058075
-0.076542594 0.032907628 -0.996523499 -36.473205566 -0.012999019 0.999336839 0.033999015 0.512346029 0.996981204 0.015556197 -0.076064028 2.733210325
-0.076368175 0.038249306 -0.996346116 -37.282794952 -0.013763560 0.999127746 0.039411079 0.526549757 0.996984303 0.016723020 -0.075775072 2.671202898
-0.075886093 0.043194454 -0.996180892 -38.133495331 -0.011503092 0.998956323 0.044191111 0.549424112 0.997049809 0.014812649 -0.075309999 2.605033398
-0.075863220 0.046895526 -0.996015429 -38.979511261 -0.013766363 0.998748124 0.048072781 0.573890388 0.997022450 0.017358461 -0.075122744 2.533087015
-0.075503722 0.046970863 -0.996038914 -39.801879883 -0.012458235 0.998767078 0.048043929 0.593549609 0.997067213 0.016036384 -0.074825421 2.470824242
-0.075357132 0.042964123 -0.996230900 -40.619235992 -0.013574165 0.998934031 0.044107523 0.613717020 0.997063696 0.016846821 -0.074693568 2.398936272
-0.074876860 0.039588261 -0.996407151 -41.447830200 -0.014230124 0.999066949 0.040763337 0.622369826 0.997090697 0.017231224 -0.074243627 2.330714464
-0.074652076 0.035893127 -0.996563911 -42.267513275 -0.018028243 0.999139547 0.037336424 0.640887320 0.997046113 0.020753529 -0.073940732 2.261801243
-0.075018294 0.034281425 -0.996593177 -43.105377197 -0.020950537 0.999133527 0.035945900 0.657657683 0.996961534 0.023575751 -0.074235052 2.187348843
-0.075921237 0.032511216 -0.996584177 -43.932785034 -0.018882310 0.999241531 0.034036431 0.672813237 0.996934533 0.021401888 -0.075249746 2.113974333
-0.076925114 0.028629493 -0.996626258 -44.751621246 -0.016302792 0.999417365 0.029968049 0.675597548 0.996903479 0.018553065 -0.076413445 2.050883532
-0.077664196 0.028043568 -0.996585667 -45.596271515 -0.012448291 0.999498367 0.029095678 0.677819967 0.996901333 0.014665467 -0.077276118 1.987799764
-0.079280496 0.030563673 -0.996384323 -46.406681061 -0.010730497 0.999445021 0.031511411 0.690015554 0.996794045 0.013189925 -0.078908511 1.914823413
-0.081429303 0.035698242 -0.996040225 -47.230506897 -0.008221392 0.999299586 0.036487225 0.711319983 0.996644557 0.011159954 -0.081078760 1.848098397
-0.083168462 0.039847605 -0.995739162 -48.038036346 -0.006979240 0.999151826 0.040567148 0.724393547 0.996510327 0.010323402 -0.082819797 1.770580530
-0.084511518 0.039632499 -0.995634735 -48.842414856 -0.006479116 0.999164939 0.040323034 0.730428100 0.996400654 0.009858586 -0.084184155 1.707316756
-0.085652553 0.035600841 -0.995689631 -49.653141022 -0.006826598 0.999316156 0.036317803 0.736714125 0.996300876 0.009907875 -0.085350938 1.625692606
-0.086787194 0.032338493 -0.995702803 -50.443420410 -0.015387819 0.999309361 0.033796910 0.755028665 0.996106565 0.018254831 -0.086229719 1.536436200
-0.088324748 0.030602355 -0.995622218 -51.213020325 -0.020173622 0.999267220 0.032504100 0.767864466 0.995886743 0.022956204 -0.087642662 1.454782367
-0.089203067 0.031195110 -0.995525479 -52.025569916 -0.025001515 0.999123633 0.033548128 0.787447691 0.995698929 0.027882218 -0.088344961 1.374501109
-0.090276666 0.032564994 -0.995384932 -52.800037384 -0.025496181 0.999061525 0.034997698 0.796971858 0.995589614 0.028537966 -0.089361653 1.295981169
-0.090951413 0.033146787 -0.995304167 -53.606121063 -0.022855841 0.999112606 0.035362244 0.800018489 0.995593131 0.025964724 -0.090113014 1.218106985
-0.091557339 0.033241011 -0.995245516 -54.385086060 -0.023015378 0.999104261 0.035487227 0.806891441 0.995533049 0.026155040 -0.090710260 1.139677167
-0.092151962 0.034608088 -0.995144188 -55.158458710 -0.022547649 0.999065995 0.036832470 0.824679434 0.995488286 0.025832327 -0.091285631 1.066219449
-0.092469975 0.036963142 -0.995029807 -55.931320190 -0.022292001 0.998982608 0.039181661 0.833369434 0.995465338 0.025804305 -0.091551907 0.996120036
-0.092485100 0.041166279 -0.994863331 -56.691394806 -0.022414465 0.998804986 0.043413129 0.855701864 0.995461106 0.026314372 -0.091451846 0.919434130
-0.092983566 0.043923922 -0.994698763 -57.473579407 -0.021830738 0.998695970 0.046141181 0.867713988 0.995428264 0.026005352 -0.091903336 0.831505001
-0.093812920 0.044343874 -0.994602442 -58.225566864 -0.021035204 0.998695612 0.046510495 0.878529370 0.995366871 0.025284927 -0.092757754 0.755809665
-0.094026253 0.042466208 -0.994664252 -58.966434479 -0.020663215 0.998790622 0.044595744 0.892316580 0.995354593 0.024746107 -0.093035050 0.685348094
-0.094053321 0.038682319 -0.994816244 -59.705913544 -0.020838842 0.998948276 0.040813245 0.911224663 0.995347738 0.024569415 -0.093148351 0.605462432
-0.093748562 0.035191528 -0.994974554 -60.422515869 -0.022084765 0.999054909 0.037416786 0.922103882 0.995350182 0.025481513 -0.092882730 0.533946455
-0.092571847 0.033341821 -0.995148420 -61.143726349 -0.021773523 0.999131560 0.035500791 0.928257227 0.995467186 0.024954228 -0.091765456 0.457287073
-0.090110525 0.032749653 -0.995394051 -61.839344025 -0.022276081 0.999142051 0.034889642 0.934948564 0.995681822 0.025317369 -0.089303650 0.389292538
-0.086124077 0.033472132 -0.995722830 -62.508380890 -0.023389943 0.999091208 0.035608534 0.947458208 0.996008933 0.026356617 -0.085262865 0.325641483
-0.080419168 0.034347199 -0.996170044 -63.170368195 -0.024317445 0.999040306 0.036409345 0.960174561 0.996463597 0.027152283 -0.079506718 0.275151283
-0.073258944 0.036753643 -0.996636093 -63.814971924 -0.023252582 0.998985827 0.038549550 0.969364524 0.997041464 0.025998430 -0.072329894 0.228740424
-0.064417504 0.038465615 -0.997182190 -64.454002380 -0.024720185 0.998887956 0.040128395 0.975192189 0.997615993 0.027235463 -0.063394979 0.191104054
-0.052621651 0.040236045 -0.997804344 -65.077362061 -0.026557559 0.998777390 0.041675925 0.980457604 0.998260379 0.028692264 -0.051488739 0.154809222
-0.037947614 0.041603975 -0.998414099 -65.662239075 -0.028654531 0.998675942 0.042704053 0.992578030 0.998867989 0.030229561 -0.036705248 0.131798089
-0.019334173 0.042873427 -0.998894155 -66.262176514 -0.030298317 0.998595357 0.043447111 1.002254248 0.999353051 0.031104779 -0.018008044 0.122464724
0.002387127 0.043655358 -0.999044538 -66.813766479 -0.031587146 0.998550594 0.043558367 1.011221528 0.999497354 0.031452943 0.003762569 0.131397933
0.028362947 0.044080596 -0.998625934 -67.365577698 -0.032560479 0.998537004 0.043151956 1.025816083 0.999066412 0.031291775 0.029756682 0.162917420
0.057443298 0.043829765 -0.997386813 -67.878028870 -0.032391954 0.998590946 0.042017169 1.028897882 0.997822285 0.029893667 0.058782008 0.207926556
0.091897815 0.043968961 -0.994797885 -68.363899231 -0.028637199 0.998726785 0.041497249 1.031504631 0.995355248 0.024674669 0.093039788 0.265562803
0.129208893 0.044171866 -0.990633726 -68.834175110 -0.029492049 0.998735666 0.040686537 1.045373440 0.991177917 0.023958705 0.130348161 0.354406714
0.169078439 0.043954372 -0.984622657 -69.280448914 -0.030580867 0.998757064 0.039334103 1.044343948 0.985127211 0.023460016 0.170212358 0.480345249
0.214605764 0.044896208 -0.975668967 -69.733840942 -0.027854908 0.998817086 0.039834548 1.052120566 0.976302624 0.018628400 0.215602338 0.581075311
0.261033177 0.043364998 -0.964355946 -70.147712708 -0.025707323 0.998947620 0.037962064 1.064809442 0.964986563 0.014881609 0.261873037 0.775858462
0.311611533 0.038752444 -0.949419677 -70.567726135 -0.017398726 0.999232352 0.035075221 1.054096460 0.950049460 0.005588815 0.312046289 0.920805216
0.361485302 0.033604585 -0.931772649 -70.959907532 -0.012283755 0.999434292 0.031279344 1.048198581 0.932296097 0.000138616 0.361693293 1.161873102
0.414129227 0.029182015 -0.909750819 -71.347488403 -0.006875954 0.999556780 0.028932763 1.042765856 0.910191476 -0.005726522 0.414145976 1.353317857
0.463476062 0.027808480 -0.885673583 -71.712043762 -0.006986481 0.999590039 0.027729254 1.061152577 0.886081278 -0.006664128 0.463479966 1.648330331
0.512315631 0.026011784 -0.858403802 -72.072158813 -0.004646329 0.999609411 0.027517704 1.080827236 0.858784139 -0.010109344 0.512236059 1.875081301
0.557466269 0.021776216 -0.829914451 -72.396202087 0.003472663 0.999585211 0.028560914 1.083390951 0.830192208 -0.018803766 0.557159305 2.147342920
0.600379705 0.015092507 -0.799573302 -72.701385498 0.014202712 0.999462068 0.029530082 1.063830853 0.799588561 -0.029085385 0.599842012 2.483287573
0.643102050 0.010363483 -0.765710950 -73.010475159 0.015993163 0.999507606 0.026960135 1.059923768 0.765613019 -0.029584274 0.642619252 2.753823042
0.683707178 0.004562595 -0.729742944 -73.286109924 0.013572134 0.999726951 0.018966643 1.079994798 0.729630053 -0.022871818 0.683458149 3.108380556
0.724414527 -0.000656897 -0.689365029 -73.555725098 0.009495786 0.999913156 0.009025847 1.066853166 0.689299047 -0.013084543 0.724357426 3.391725779
0.763049603 -0.004306429 -0.646326244 -73.818450928 0.005743869 0.999982476 0.000118460 1.069496751 0.646314204 -0.003802835 0.763060570 3.808089018
0.800314486 -0.005525722 -0.599555850 -74.060089111 0.004429004 0.999983668 -0.003304072 1.074709892 0.599564075 -0.000011168 0.800325394 4.164778233
0.834526837 -0.007046090 -0.550923407 -74.309341431 0.004828878 0.999972045 -0.005474422 1.069312572 0.550945818 0.001908155 0.834536552 4.586079597
0.864842296 -0.007089185 -0.501994610 -74.544685364 0.003121931 0.999955773 -0.008742787 1.070105910 0.502034009 0.005993904 0.864825785 5.095674992
0.891091526 -0.005308001 -0.453793705 -74.739547729 0.002018476 0.999966979 -0.007732848 1.044903398 0.453819543 0.005974667 0.891072273 5.542389870
0.912375391 -0.000327500 -0.409355730 -74.945808411 -0.002883615 0.999968588 -0.007226886 1.046232343 0.409345061 0.007774021 0.912345171 6.069399834
0.929905355 0.004887607 -0.367767572 -75.126976013 -0.008527632 0.999928355 -0.008273083 1.036214352 0.367700577 0.010829333 0.929879844 6.546895504
0.943551660 0.009342556 -0.331095248 -75.301696777 -0.012553244 0.999891520 -0.007559856 1.031337380 0.330988526 0.011289396 0.943565965 7.098258972
0.953566372 0.010328142 -0.301007599 -75.469909668 -0.012514062 0.999906659 -0.005334612 1.019873142 0.300924629 0.008853724 0.953606427 7.636576653
0.961078644 0.009401885 -0.276116729 -75.614601135 -0.010942378 0.999931037 -0.004038821 1.001029491 0.276059568 0.006902962 0.961114526 8.183663368
0.966988027 0.009814418 -0.254634738 -75.768707275 -0.010573625 0.999941826 -0.001612731 0.987779737 0.254603982 0.004251870 0.967034936 8.791013718
0.971578538 0.012004611 -0.236414865 -75.911888123 -0.012158602 0.999924660 0.000806770 0.982189238 0.236406624 0.002090601 0.971650898 9.392333984
0.975182533 0.016585011 -0.220783025 -76.053909302 -0.016395126 0.999860942 0.002692814 0.973747134 0.220796853 0.000993747 0.975318253 10.019104004
0.978151381 0.018392056 -0.207081303 -76.206245422 -0.018146273 0.999829471 0.003086627 0.973406255 0.207102656 0.000738533 0.978317857 10.667973518
0.980831265 0.017728165 -0.194053590 -76.331413269 -0.017414151 0.999841750 0.003324242 0.955879152 0.194081709 0.000118726 0.980984271 11.310442924
0.983424366 0.017920449 -0.180434346 -76.445022583 -0.017707996 0.999838352 0.002788510 0.949220955 0.180455044 0.000452810 0.983582079 11.987596512
0.985909224 0.019831629 -0.166105017 -76.563385010 -0.019566191 0.999801815 0.003234772 0.950004995 0.166135818 0.000060794 0.986101210 12.722426414
0.988068879 0.024130724 -0.152114138 -76.670303345 -0.023819141 0.999707580 0.003870775 0.947935939 0.152163014 -0.000201397 0.988354445 13.424089432
0.989943385 0.024262436 -0.139372140 -76.767982483 -0.024301900 0.999702513 0.001419148 0.932929873 0.139365032 0.001982100 0.990238190 14.138118744
0.991350472 0.026102651 -0.128623486 -76.855209351 -0.026805619 0.999632597 -0.003736730 0.918449342 0.128478631 0.007152207 0.991685569 14.868612289
0.992676497 0.022221930 -0.118746407 -76.957229614 -0.023575835 0.999670744 -0.010008599 0.897058964 0.118484870 0.012734812 0.992873251 15.604742050
0.993581057 0.022730671 -0.110820785 -77.030059814 -0.024035145 0.999655366 -0.010448843 0.886142254 0.110545047 0.013045331 0.993784606 16.369855881
0.994302213 0.024501162 -0.103749640 -77.124481201 -0.025134075 0.999671340 -0.004796965 0.876041591 0.103597984 0.007377256 0.994590938 17.147188187
0.994717836 0.027018320 -0.099033460 -77.203872681 -0.026825853 0.999633849 0.003274884 0.866227448 0.099085994 -0.000600922 0.995078444 17.909425735
0.995188296 0.025762254 -0.094539940 -77.288650513 -0.025224423 0.999656975 0.006880010 0.854441106 0.094684735 -0.004462217 0.995496392 18.691999435
0.995538294 0.025435250 -0.090872273 -77.365959167 -0.024930254 0.999665499 0.006688419 0.833270431 0.091011994 -0.004393136 0.995839119 19.455375671
0.995820701 0.025226600 -0.087783337 -77.444900513 -0.024807042 0.999673665 0.005867575 0.820370436 0.087902717 -0.003665436 0.996121347 20.234243393
0.996076047 0.024345722 -0.085094102 -77.509033203 -0.023803225 0.999688089 0.007384465 0.815473676 0.085247330 -0.005330002 0.996344626 20.994503021
0.996319175 0.023689888 -0.082390659 -77.573196411 -0.022962078 0.999687314 0.009770430 0.808455884 0.082596347 -0.007842632 0.996551335 21.759450912
0.996598840 0.021996235 -0.079427101 -77.628982544 -0.021129215 0.999706209 0.011740549 0.792951345 0.079661675 -0.010022441 0.996769965 22.533100128
0.996822953 0.020955075 -0.076852500 -77.694641113 -0.020356644 0.999754846 0.008562341 0.776290536 0.077013046 -0.006970705 0.997004807 23.286579132
0.996874273 0.023908285 -0.075309776 -77.758689880 -0.023880435 0.999712884 0.001270728 0.763407707 0.075318471 0.000531645 0.997158527 24.040052414
0.997005343 0.023566723 -0.073664464 -77.827522278 -0.024068492 0.999691546 -0.005930838 0.742489696 0.073501907 0.007686037 0.997264504 24.807302475
0.997114718 0.024082525 -0.071997203 -77.890396118 -0.024857307 0.999640942 -0.009884357 0.718229234 0.071733244 0.011645463 0.997354925 25.560005188
0.997212291 0.026303401 -0.069835022 -77.952224731 -0.027004341 0.999592960 -0.009111782 0.717960358 0.069567144 0.010972239 0.997516632 26.307451248
0.997289300 0.029209435 -0.067543186 -78.011787415 -0.029655043 0.999543190 -0.005603816 0.701347589 0.067348607 0.007591594 0.997699678 27.065311432
0.997301936 0.033334583 -0.065413326 -78.068695068 -0.033445105 0.999439120 -0.000594823 0.683791161 0.065356761 0.002780946 0.997857094 27.826272964
0.997553468 0.030775547 -0.062780321 -78.116317749 -0.030754909 0.999524713 0.001295600 0.666813314 0.062790319 0.000638347 0.998025537 28.587047577
0.997731447 0.027431592 -0.061487105 -78.175140381 -0.027405489 0.999622107 0.001268378 0.647870541 0.061498620 0.000419555 0.998106003 29.337265015
0.997840703 0.026039401 -0.060308136 -78.217613220 -0.025982544 0.999659121 0.001727530 0.632563293 0.060332227 -0.000156908 0.998176634 30.099100113
0.997899771 0.025840819 -0.059411198 -78.263198853 -0.025856625 0.999664187 0.000503300 0.620767295 0.059404213 0.001033904 0.998232424 30.858310699
0.997978508 0.024584740 -0.058615439 -78.317192078 -0.024658440 0.999694467 -0.000533739 0.599187970 0.058584362 0.001978000 0.998279512 31.618032455
0.998043537 0.024053177 -0.057721380 -78.357070923 -0.024136649 0.999707162 -0.000748861 0.580717683 0.057686415 0.002140571 0.998331487 32.377166748
0.998039544 0.025442526 -0.057192188 -78.414642334 -0.025496684 0.999674141 -0.000217166 0.578778028 0.057168268 0.001674969 0.998362839 33.145641327
0.998049796 0.025335552 -0.057060890 -78.464057922 -0.025428023 0.999675095 -0.000894384 0.561730266 0.057019636 0.002343561 0.998369336 33.918796539
0.997972608 0.025297806 -0.058411926 -78.517311096 -0.025408110 0.999675274 -0.001145756 0.548716068 0.058363922 0.002627546 0.998290896 34.685112000
0.997863412 0.024714723 -0.060489517 -78.567527771 -0.024805764 0.999690831 -0.000753919 0.531079292 0.060452133 0.002252772 0.998167574 35.488399506
0.997682512 0.024530336 -0.063474722 -78.630050659 -0.024617622 0.999695539 -0.000592718 0.518156171 0.063440807 0.002153915 0.997982264 36.277107239
0.997418046 0.027419021 -0.066382885 -78.703727722 -0.027539851 0.999618411 -0.000904836 0.501455843 0.066332415 0.002730601 0.997792006 37.075000763
0.997262836 0.027277766 -0.068731189 -78.771965027 -0.027700786 0.999601364 -0.005208584 0.482164055 0.068561673 0.007098206 0.997620523 37.864696503
0.997065246 0.027985502 -0.071265675 -78.842033386 -0.028703745 0.999545515 -0.009073850 0.469676256 0.070979297 0.011092785 0.997415006 38.668975830
0.996921778 0.028200915 -0.073162138 -78.903045654 -0.029030956 0.999524057 -0.010306221 0.449684083 0.072836608 0.012398436 0.997265697 39.490093231
0.996787012 0.027448323 -0.075255819 -78.975463867 -0.028232537 0.999556065 -0.009376142 0.433028907 0.074965000 0.011470648 0.997119069 40.309246063
0.996628404 0.026990520 -0.077488795 -79.042930603 -0.027718725 0.999579728 -0.008336925 0.404625386 0.077231154 0.010456678 0.996957302 41.133716583
0.996524751 0.026102094 -0.079107709 -79.116401672 -0.026689466 0.999622762 -0.006376622 0.393172622 0.078911670 0.008465826 0.996845365 41.963104248
0.996479928 0.024543328 -0.080164075 -79.185501099 -0.024872854 0.999684453 -0.003114158 0.380188227 0.080062300 0.005097078 0.996775687 42.796131134
0.996421933 0.023417864 -0.081215203 -79.261573792 -0.023319408 0.999724388 0.002161036 0.361798406 0.081243373 -0.000259439 0.996693134 43.643112183
0.996466875 0.024483340 -0.080345035 -79.346054077 -0.024220575 0.999696255 0.004243904 0.351767540 0.080424495 -0.002282934 0.996756971 44.488639832
0.996516109 0.028232062 -0.078481369 -79.414840698 -0.027972305 0.999596834 0.004408204 0.333597749 0.078573868 -0.002197616 0.996904075 45.379207611
0.996636868 0.028779738 -0.076730967 -79.488342285 -0.028607983 0.999583602 0.003337295 0.314427137 0.076795034 -0.001130979 0.997045279 46.236530304
0.996859133 0.026098765 -0.074777067 -79.558822632 -0.026106685 0.999657214 0.000872225 0.308811635 0.074774154 0.001082671 0.997198939 47.108718872
0.997071326 0.022272337 -0.073170908 -79.621215820 -0.022371674 0.999748766 -0.000538140 0.288191199 0.073140778 0.002173549 0.997319043 47.972518921
0.997212052 0.021683468 -0.071407788 -79.687347412 -0.021819269 0.999759734 -0.001121598 0.277938724 0.071366273 0.002676515 0.997445524 48.848640442
0.997332215 0.019828383 -0.070261292 -79.750518799 -0.019836823 0.999801517 0.000578424 0.267425865 0.070258766 0.000816858 0.997527361 49.724430084
0.997461975 0.015597451 -0.069481730 -79.811080933 -0.015392020 0.999873877 0.003491850 0.252519786 0.069527380 -0.002413545 0.997576058 50.597965240
0.997547567 0.014664966 -0.068446949 -79.882789612 -0.014388233 0.999883831 0.004535964 0.227417529 0.068505175 -0.003540081 0.997642636 51.460083008
0.997567236 0.017413063 -0.067509055 -79.945549011 -0.017332207 0.999846637 0.001784122 0.207345203 0.067529716 -0.000609724 0.997716010 52.337848663
0.997536242 0.021208294 -0.066877924 -80.025733948 -0.021493785 0.999761105 -0.003551310 0.181782529 0.066786572 0.004979996 0.997753799 53.209011078
0.997594297 0.021632310 -0.065869175 -80.093879700 -0.022355085 0.999695837 -0.010254771 0.172390938 0.065627269 0.011702587 0.997774601 54.060832977
0.997498631 0.027774490 -0.065008476 -80.166023254 -0.028863257 0.999455690 -0.015868396 0.136875018 0.064532325 0.017705031 0.997757614 54.922870636
0.997565091 0.027318191 -0.064177446 -80.220436096 -0.028414834 0.999462664 -0.016236681 0.104364760 0.063699372 0.018020710 0.997805417 55.769916534
0.997657180 0.024451504 -0.063899621 -80.274360657 -0.025218850 0.999617219 -0.011228859 0.087063991 0.063600555 0.012814003 0.997892201 56.634944916
0.997691989 0.022188732 -0.064179823 -80.342338562 -0.022322016 0.999748886 -0.001360227 0.062281527 0.064133801 0.002789733 0.997937202 57.497684479
0.997696042 0.018764356 -0.065203562 -80.402023315 -0.018500192 0.999816418 0.004653618 0.069249183 0.065278880 -0.003436646 0.997860074 58.334331512
0.997539043 0.018857127 -0.067536719 -80.472656250 -0.018595548 0.999815285 0.004500456 0.029421281 0.067609087 -0.003233527 0.997705698 59.183250427
0.997473359 0.013965103 -0.069662102 -80.530441284 -0.013901882 0.999900699 0.001393140 0.001168360 0.069674596 -0.000421214 0.997568786 60.018863678
0.997317076 0.011009206 -0.072377868 -80.595664978 -0.011065382 0.999936938 -0.000374242 -0.001499429 0.072369151 0.001174099 0.997376263 60.855976105
0.997085452 0.013265223 -0.075136982 -80.660850525 -0.013484459 0.999904513 -0.002410378 -0.029199978 0.075097792 0.003416507 0.997169316 61.683788300
0.996797442 0.015094007 -0.078538209 -80.739997864 -0.015592617 0.999859691 -0.005737842 -0.050695505 0.078440242 0.006944002 0.996892929 62.501335144
0.996478379 0.015413150 -0.082426995 -80.824478149 -0.016244082 0.999822080 -0.009418944 -0.069201022 0.082267135 0.010724694 0.996551692 63.316162109
0.996181369 0.018895300 -0.085243352 -80.903335571 -0.020077590 0.999711812 -0.013032949 -0.107280686 0.084972493 0.014694633 0.996273994 64.120223999
0.995795727 0.023121778 -0.088640533 -80.991493225 -0.024381509 0.999614477 -0.013154714 -0.127068490 0.088302195 0.015260572 0.995975852 64.934394836
0.995431781 0.024672741 -0.092233606 -81.071594238 -0.025800547 0.999605000 -0.011055239 -0.142639711 0.091924742 0.013384448 0.995675683 65.733673096
0.995035410 0.026849762 -0.095834687 -81.170822144 -0.027519029 0.999603570 -0.005668138 -0.157441854 0.095644496 0.008277249 0.995380223 66.533393860
0.994633377 0.027272932 -0.099806271 -81.243316650 -0.027350903 0.999624133 0.000587584 -0.173814759 0.099784762 0.002145330 0.995005786 67.331268311
0.994122088 0.026112618 -0.105071917 -81.340164185 -0.025901048 0.999657273 0.003378150 -0.198164701 0.105124086 -0.000636850 0.994457960 68.152725220
0.993413329 0.026661428 -0.111447841 -81.440666199 -0.026272355 0.999640584 0.004959021 -0.211637378 0.111539595 -0.001998444 0.993756294 68.928390503
0.992886901 0.020669239 -0.117257811 -81.534324646 -0.019906616 0.999770939 0.007671718 -0.213680416 0.117389485 -0.005282970 0.993070960 69.715309143
0.992132843 0.021110060 -0.123401247 -81.650665283 -0.020209547 0.999757826 0.008545087 -0.230392784 0.123551704 -0.005984006 0.992319107 70.503646851
0.991283298 0.026238633 -0.129112244 -81.764892578 -0.025417009 0.999643326 0.008007802 -0.237730101 0.129276246 -0.004656381 0.991596699 71.270034790
0.990287781 0.031000881 -0.135533884 -81.879455566 -0.030724132 0.999518216 0.004133634 -0.259201229 0.135597050 0.000070703 0.990763724 72.034980774
0.989539206 0.030034631 -0.141106248 -82.011054993 -0.030110650 0.999543667 0.001596999 -0.270024031 0.141089812 0.002668480 0.989992201 72.808486938
0.988734841 0.030896537 -0.146457538 -82.135215759 -0.031172335 0.999512315 0.000412330 -0.285086542 0.146398857 0.004157713 0.989215791 73.568611145
0.987979650 0.032231826 -0.151190177 -82.251876831 -0.031859078 0.999478757 0.004887923 -0.296153456 0.151268899 -0.000012415 0.988491535 74.334312439
0.986956716 0.033184126 -0.157534420 -82.383949280 -0.032053728 0.999436796 0.009711862 -0.312345862 0.157767579 -0.004535700 0.987464130 75.098121643
0.986110866 0.029034147 -0.163533971 -82.512886047 -0.027502567 0.999552488 0.011622521 -0.321446121 0.163798198 -0.006963516 0.986468315 75.849037170
0.984855592 0.030312475 -0.170708910 -82.652381897 -0.029265627 0.999532580 0.008646240 -0.333818972 0.170891151 -0.003519419 0.985282660 76.594566345
0.983314991 0.029356381 -0.179528922 -82.801589966 -0.029734761 0.999556065 0.000583779 -0.341928929 0.179466292 0.004764189 0.983751535 77.361618042
0.981722593 0.025901586 -0.188548550 -82.951629639 -0.026597749 0.999644101 -0.001162357 -0.359373331 0.188451231 0.006156058 0.982062280 78.096900940
0.979700327 0.025210388 -0.198875740 -83.108367920 -0.025285346 0.999677002 0.002163123 -0.365401179 0.198866338 0.002909466 0.980022073 78.825851440
0.977330029 0.025373420 -0.210197523 -83.278373718 -0.024321359 0.999673843 0.007589171 -0.368930310 0.210321456 -0.002304859 0.977628529 79.564987183
0.974816680 0.024762418 -0.221630767 -83.459877014 -0.021856241 0.999638617 0.015556124 -0.370030940 0.221935824 -0.010320378 0.975005686 80.283828735
0.972133040 0.027684009 -0.232791096 -83.643379211 -0.023755241 0.999522924 0.019664072 -0.387164354 0.233224362 -0.013586110 0.972327054 81.017814636
0.969196439 0.028904360 -0.244588047 -83.833473206 -0.025917241 0.999543667 0.015423240 -0.390822142 0.244922176 -0.008609130 0.969503522 81.738845825
0.966151536 0.029898278 -0.256237984 -84.050270081 -0.029236045 0.999550581 0.006394308 -0.393506855 0.256313980 0.001313486 0.966591716 82.440498352
0.962839901 0.026622906 -0.268759936 -84.257095337 -0.027238503 0.999625921 0.001439096 -0.412420899 0.268697351 0.005934905 0.963204741 83.153694153
0.959418118 0.025485335 -0.280834168 -84.458145142 -0.024830835 0.999672830 0.005889295 -0.413327187 0.280892372 0.001323022 0.959737360 83.852012634
0.955988765 0.026857639 -0.292172432 -84.690711975 -0.023813190 0.999617338 0.013972195 -0.432640165 0.292435855 -0.006399733 0.956262708 84.578430176
0.952219844 0.028076358 -0.304121435 -84.924919128 -0.023102108 0.999532640 0.019942800 -0.437759668 0.304539204 -0.011964117 0.952423573 85.288444519
0.948068321 0.024658769 -0.317110837 -85.159698486 -0.019910749 0.999634504 0.018205263 -0.448128313 0.317443758 -0.010945952 0.948212802 85.992691040
0.944122136 0.023609102 -0.328750372 -85.414031982 -0.020273404 0.999700844 0.013571234 -0.443303049 0.328972310 -0.006148046 0.944318414 86.707847595
0.941097319 0.019279750 -0.337587029 -85.678573608 -0.018007508 0.999812603 0.006900132 -0.459986895 0.337656558 -0.000414626 0.941268146 87.407661438
0.938545465 0.015068514 -0.344827235 -85.959678650 -0.015925912 0.999872208 0.000346260 -0.458986998 0.344788253 0.005166735 0.938665509 88.099731445
0.935757339 0.014825513 -0.352334380 -86.229896545 -0.016479911 0.999861240 -0.001696300 -0.474389881 0.352260083 0.007393732 0.935871661 88.804534912
0.932775736 0.018757585 -0.359970540 -86.516540527 -0.020701604 0.999782920 -0.001545562 -0.481977582 0.359863162 0.008893596 0.932961404 89.490898132
0.929747045 0.019525265 -0.367682278 -86.812683105 -0.020968435 0.999778569 0.000069842 -0.498949617 0.367602021 0.007644753 0.929950535 90.203025818
0.926582038 0.019442523 -0.375591487 -87.094627380 -0.018208003 0.999809265 0.006836387 -0.504552066 0.375652671 0.000504267 0.926759183 90.896903992
0.923712075 0.022602521 -0.382422745 -87.383728027 -0.018272176 0.999718964 0.014952290 -0.499992907 0.382653087 -0.006823996 0.923865318 91.613967896
0.921056449 0.029335395 -0.388324022 -87.694190979 -0.022094550 0.999487460 0.023099538 -0.514798045 0.388802439 -0.012696167 0.921232581 92.308586121
0.918472052 0.036992636 -0.393753350 -88.033599854 -0.031418696 0.999292612 0.020594975 -0.512173116 0.394236475 -0.006544725 0.918984532 93.006713867
0.916072428 0.035586055 -0.399432302 -88.341842651 -0.033492908 0.999362767 0.012221138 -0.506367683 0.399612427 0.002182668 0.916680336 93.694732666
0.914089382 0.028293900 -0.404525846 -88.660957336 -0.028899040 0.999570251 0.004611567 -0.525031090 0.404482275 0.007474988 0.914514005 94.398155212
0.912363291 0.029545695 -0.408315420 -88.977256775 -0.030795833 0.999518037 0.003513292 -0.523526967 0.408222258 0.009368977 0.912833214 95.091712952
0.910387814 0.034446113 -0.412319630 -89.310462952 -0.033841979 0.999387980 0.008769110 -0.530588210 0.412369251 0.005970438 0.910996258 95.787071228
0.908027887 0.035491303 -0.417404771 -89.643447876 -0.032969765 0.999367058 0.013251957 -0.545340300 0.417610794 0.001728556 0.908623099 96.502754211
0.905519485 0.032617733 -0.423050165 -89.965621948 -0.030243527 0.999465168 0.012325345 -0.567263067 0.423225760 0.001633656 0.906021535 97.193374634
0.903456926 0.031532649 -0.427518696 -90.307243347 -0.032182030 0.999464273 0.005709074 -0.563523173 0.427469522 0.008600480 0.903987527 97.878189087
0.901244402 0.028014611 -0.432405621 -90.651573181 -0.031678017 0.999495804 -0.001269852 -0.573418558 0.432151914 0.014842163 0.901677370 98.570068359
