1.000000000 0.000000000 -0.000000002 0.000000000 0.000000000 0.999999881 0.000000002 0.000000000 -0.000000002 0.000000002 0.999999881 -0.000000000
0.999999225 0.001219327 0.000115068 -0.018059786 -0.001219410 0.999998868 0.000725576 -0.017801758 -0.000114187 -0.000725712 0.999999583 0.794718802
0.999984622 0.005497302 0.000744671 -0.017121019 -0.005498125 0.999984145 0.001108181 -0.036503941 -0.000738571 -0.001112254 0.999998987 1.549689531
0.999977827 0.006565840 0.001148257 -0.022581885 -0.006567729 0.999976933 0.001650188 -0.052923992 -0.001137399 -0.001657691 0.999997914 2.299162149
0.999968052 0.007911042 0.001120766 -0.026758466 -0.007912655 0.999967515 0.001444834 -0.067574970 -0.001109302 -0.001453655 0.999998271 3.030504704
0.999965668 0.008159225 0.001412560 -0.024794398 -0.008161305 0.999965489 0.001474352 -0.093463384 -0.001400485 -0.001485828 0.999998033 3.754280329
0.999964535 0.008151606 0.002086903 -0.037662670 -0.008155813 0.999964654 0.002016918 -0.109888621 -0.002070391 -0.002033867 0.999995887 4.449444294
0.999957442 0.008883144 0.002441730 -0.035254512 -0.008894992 0.999948323 0.004885478 -0.111997709 -0.002398210 -0.004906992 0.999985278 5.123785973
0.999951065 0.008996191 0.004090759 -0.042075086 -0.009033552 0.999916553 0.009208442 -0.128031850 -0.004007581 -0.009244948 0.999949396 5.766084671
0.999948323 0.008564918 0.005448571 -0.041617796 -0.008631530 0.999886572 0.012322107 -0.133400708 -0.005342420 -0.012368506 0.999909461 6.404529095
0.999943674 0.008312949 0.006581035 -0.039356049 -0.008410401 0.999853015 0.014921244 -0.142557502 -0.006456035 -0.014975758 0.999867260 7.019148827
0.999940395 0.007802471 0.007618127 -0.037119687 -0.007914075 0.999859869 0.014731234 -0.157400295 -0.007502129 -0.014790656 0.999862611 7.607535839
0.999924839 0.008750953 0.008567129 -0.031951524 -0.008857314 0.999882817 0.012456606 -0.166403890 -0.008457127 -0.012531561 0.999885976 8.157154083
0.999922574 0.008198619 0.009353870 -0.034298342 -0.008286143 0.999921620 0.009356871 -0.173288822 -0.009276432 -0.009433663 0.999912739 8.676051140
0.999922872 0.006505309 0.010572867 -0.021552986 -0.006587469 0.999947965 0.007754831 -0.174183980 -0.010521880 -0.007823889 0.999914289 9.174355507
0.999914348 0.003816557 0.012511467 -0.018180015 -0.003888449 0.999975801 0.005726932 -0.203761727 -0.012489319 -0.005775097 0.999905527 9.643872261
0.999891043 0.001166565 0.014705727 -0.020917816 -0.001237489 0.999987423 0.004814921 -0.229611158 -0.014699938 -0.004832600 0.999880493 10.087516785
0.999847472 0.005152670 0.016677225 -0.014692712 -0.005202199 0.999981999 0.002927960 -0.216373190 -0.016661851 -0.003014276 0.999856889 10.493913651
0.999758720 0.009469498 0.019799104 -0.005148448 -0.009507081 0.999952912 0.001805143 -0.223606318 -0.019781096 -0.001992942 0.999802887 10.883186340
0.999680102 0.010630956 0.022937881 0.014716563 -0.010687539 0.999939919 0.002345831 -0.227923140 -0.022911584 -0.002590230 0.999734581 11.231425285
0.999629617 0.006615884 0.026387049 0.026047353 -0.006698792 0.999972641 0.003054976 -0.246511728 -0.026366143 -0.003230605 0.999647498 11.547931671
0.999578536 0.001885505 0.028958268 0.031917099 -0.001983180 0.999992192 0.003344760 -0.264120609 -0.028951764 -0.003400779 0.999575377 11.837197304
0.999504149 -0.001971410 0.031414166 0.045344565 0.001828884 0.999987662 0.004565228 -0.272473931 -0.031422805 -0.004505513 0.999496341 12.093805313
0.999422431 -0.003158379 0.033822633 0.053170070 0.002970072 0.999979496 0.005616352 -0.266962916 -0.033839718 -0.005512655 0.999412358 12.325909615
0.999360383 -0.001804418 0.035706185 0.065478504 0.001643630 0.999987960 0.004531966 -0.276567638 -0.035713971 -0.004470378 0.999352336 12.528762817
0.999279439 -0.001124496 0.037929464 0.070959896 0.001000579 0.999993682 0.003285951 -0.280295193 -0.037932958 -0.003245628 0.999275267 12.714011192
0.999184489 0.000562484 0.040363632 0.081210501 -0.000662856 0.999996364 0.002473496 -0.278997123 -0.040362135 -0.002498231 0.999182284 12.894087791
0.999100268 0.004007555 0.042211924 0.078353710 -0.004090974 0.999989510 0.001890092 -0.289321631 -0.042203948 -0.002061076 0.999107182 13.063307762
0.999044776 0.005075791 0.043394588 0.090164244 -0.005104475 0.999986529 0.000550289 -0.292776167 -0.043391246 -0.000771266 0.999058187 13.215590477
0.998964250 0.004534444 0.045266870 0.101672195 -0.004477893 0.999988735 -0.001350516 -0.299683809 -0.045272529 0.001146422 0.998974264 13.363753319
0.998893023 0.003553764 0.046895865 0.112911165 -0.003436657 0.999990463 -0.002577463 -0.311680883 -0.046904612 0.002413449 0.998896778 13.509084702
0.998839855 0.002762984 0.048067007 0.117262341 -0.002599832 0.999990344 -0.003456325 -0.322155148 -0.048076134 0.003327354 0.998838484 13.649823189
0.998769939 0.003065082 0.049480803 0.131167054 -0.002828959 0.999984026 -0.004841205 -0.315232992 -0.049494889 0.004695280 0.998763621 13.773292542
0.998699486 0.003593563 0.050847732 0.132278681 -0.003241478 0.999969959 -0.007004931 -0.308245867 -0.050871398 0.006831016 0.998681903 13.910943031
0.998659074 0.003652671 0.051633440 0.124517247 -0.003188543 0.999953508 -0.009068283 -0.306150913 -0.051664200 0.008891502 0.998625219 14.025890350
0.998612523 0.002838093 0.052580051 0.138758078 -0.002241972 0.999932289 -0.011392760 -0.311525017 -0.052608866 0.011259085 0.998551965 14.151358604
0.998640656 0.001918018 0.052084096 0.145120785 -0.001229912 0.999911189 -0.013240133 -0.316484749 -0.052104909 0.013158091 0.998555243 14.287563324
0.998749018 0.001557935 0.049974807 0.152313337 -0.000834025 0.999894202 -0.014502937 -0.326325506 -0.049992140 0.014443131 0.998645544 14.408193588
0.998899698 0.001471616 0.046868976 0.164991468 -0.000760088 0.999883890 -0.015195255 -0.325376987 -0.046885915 0.015142930 0.998785853 14.528390884
0.999075592 0.002064606 0.042930655 0.164471477 -0.001361242 0.999864042 -0.016406339 -0.328330338 -0.042958710 0.016332751 0.998943746 14.663105011
0.999292552 0.002363494 0.037528478 0.149085686 -0.001708297 0.999845266 -0.017480938 -0.329988092 -0.037563998 0.017404478 0.999143004 14.786078453
0.999519110 0.002288111 0.030919310 0.147600651 -0.001723430 0.999831021 -0.018277159 -0.335572422 -0.030955907 0.018215096 0.999355197 14.903944969
0.999718666 0.002306702 0.023595557 0.148293689 -0.001855087 0.999814451 -0.019143458 -0.338317841 -0.023635337 0.019094320 0.999538720 15.037161827
0.999876320 0.002221136 0.015552807 0.149651289 -0.001906692 0.999793410 -0.020202963 -0.336964399 -0.015594457 0.020170828 0.999675333 15.165393829
0.999982417 0.001359163 0.005735388 0.126949966 -0.001236440 0.999770820 -0.021345494 -0.343195677 -0.005763065 0.021338051 0.999756217 15.314330101
0.999974310 0.000016030 -0.007137072 0.125061050 -0.000179796 0.999736071 -0.022947090 -0.351219177 0.007134858 0.022947811 0.999711692 15.458020210
0.999732554 -0.000944775 -0.023091374 0.106492884 0.000372726 0.999692619 -0.024765424 -0.356313854 0.023107741 0.024750229 0.999427021 15.601391792
0.999099255 -0.000416430 -0.042426344 0.075010628 -0.000684913 0.999662638 -0.025941305 -0.357047021 0.042422924 0.025947034 0.998763204 15.784106255
0.997939050 0.000470919 -0.064164154 0.038948201 -0.002127205 0.999665141 -0.025747564 -0.361729443 0.064130716 0.025831031 0.997607887 15.969470024
0.996131182 0.001195418 -0.087865949 0.000990293 -0.003363054 0.999692798 -0.024526024 -0.372070074 0.087809801 0.024726670 0.995830715 16.167646408
0.993442953 0.002158189 -0.114305697 -0.059793979 -0.004809781 0.999724925 -0.022926750 -0.381064028 0.114224978 0.023326233 0.993181407 16.408941269
0.989519715 0.003301280 -0.144358069 -0.113944791 -0.006391491 0.999759436 -0.020948127 -0.384984553 0.144254431 0.021651274 0.989304066 16.626947403
0.984138131 0.003675632 -0.177364334 -0.188662916 -0.006910023 0.999820173 -0.017621689 -0.393438458 0.177267969 0.018567784 0.983987808 16.898584366
0.976826787 0.004770148 -0.213976756 -0.286802113 -0.007917462 0.999872029 -0.013854149 -0.394741356 0.213883638 0.015227271 0.976740718 17.160911560
0.967293501 0.006139539 -0.253584504 -0.386992872 -0.008483337 0.999930084 -0.008150266 -0.414496481 0.253517121 0.010034950 0.967279077 17.387979507
0.955570519 0.010363703 -0.294579446 -0.544897497 -0.011913669 0.999922812 -0.003467540 -0.399029732 0.294520915 0.006823009 0.955620229 17.682451248
0.941481233 0.014007866 -0.336773604 -0.680931091 -0.014496603 0.999893785 0.001063286 -0.406836927 0.336753190 0.003881014 0.941585183 17.951702118
0.925127506 0.016945658 -0.379277527 -0.849286079 -0.015673066 0.999855757 0.006442829 -0.405180812 0.379332483 -0.000015997 0.925260603 18.210823059
0.905991673 0.020030752 -0.422820538 -1.039481997 -0.015549188 0.999779820 0.014045897 -0.413304090 0.423009396 -0.006150958 0.906104624 18.540596008
0.884489596 0.024435150 -0.465919077 -1.255701780 -0.016829440 0.999647975 0.020477964 -0.410126418 0.466256052 -0.010271396 0.884590447 18.836242676
0.859994352 0.029454704 -0.509452164 -1.468374491 -0.019317107 0.999495685 0.025178496 -0.408495963 0.509937584 -0.011812228 0.860130668 19.085988998
0.831978977 0.033362180 -0.553802490 -1.688923120 -0.020934209 0.999366045 0.028754331 -0.407845825 0.554412127 -0.012329610 0.832152009 19.379968643
0.801731110 0.037265483 -0.596521556 -1.933793426 -0.023769384 0.999251962 0.030478302 -0.394912809 0.597211957 -0.010256456 0.802018225 19.615449905
0.768334508 0.039972816 -0.638798594 -2.235885143 -0.024435785 0.999151528 0.033131018 -0.394194841 0.639581859 -0.009846168 0.768660307 19.928758621
0.731922328 0.044332940 -0.679943860 -2.550016642 -0.026057521 0.998971581 0.037084341 -0.376657188 0.680889606 -0.009425214 0.732325792 20.180385590
0.693798959 0.045583878 -0.718724191 -2.878626347 -0.024115067 0.998905003 0.040075105 -0.360935390 0.719765007 -0.010471988 0.694139242 20.425039291
0.653187931 0.046093985 -0.755791008 -3.257804632 -0.021963770 0.998878121 0.041937247 -0.357537955 0.756877303 -0.010792892 0.653468251 20.698289871
0.610750020 0.044407241 -0.790576935 -3.616522074 -0.016751153 0.998927057 0.043169506 -0.336850762 0.791646242 -0.013122682 0.610838354 20.951414108
0.566858232 0.044939954 -0.822588325 -4.011476994 -0.011602357 0.998846650 0.046574015 -0.344936609 0.823733866 -0.016856907 0.566726506 21.165058136
0.520117819 0.046445861 -0.852830410 -4.458575249 -0.010024854 0.998782814 0.048280660 -0.319211602 0.854036093 -0.016562134 0.519950807 21.405046463
0.471452147 0.045997676 -0.880690932 -4.903164387 -0.008993312 0.998836994 0.047354028 -0.286334127 0.881846070 -0.014404831 0.471317947 21.585649490
0.419524461 0.045660648 -0.906594574 -5.418766499 -0.004321378 0.998822570 0.048305999 -0.270880103 0.907734036 -0.016347818 0.419228166 21.781862259
0.365867078 0.044496696 -0.929602325 -5.912049770 0.000399986 0.998847723 0.047968641 -0.251965612 0.930667698 -0.017922012 0.365428716 21.946268082
0.312200427 0.043316085 -0.949027896 -6.400029659 0.003043771 0.998908579 0.046594057 -0.238458037 0.950011730 -0.017435320 0.311728060 22.066986084
0.258863509 0.048363194 -0.964702070 -7.002593040 0.003718268 0.998687625 0.051064733 -0.177414760 0.965907097 -0.016805822 0.258344144 22.196134567
0.207792819 0.054185275 -0.976670623 -7.598414421 0.006778893 0.998359978 0.056830849 -0.152213246 0.978149772 -0.018429792 0.207084835 22.295234680
0.159301832 0.055344012 -0.985677123 -8.128245354 0.011788716 0.998248577 0.057955153 -0.146334171 0.987159967 -0.020852232 0.158370450 22.339067459
0.114999965 0.057036720 -0.991726577 -8.799245834 0.014233480 0.998152316 0.059056818 -0.125470951 0.993263364 -0.020907212 0.113975160 22.398962021
0.075071827 0.055794906 -0.995615721 -9.393438339 0.013993798 0.998275340 0.056999121 -0.100376114 0.997080326 -0.018211475 0.074161440 22.398967743
0.039171301 0.051601402 -0.997898936 -10.096823692 0.011342827 0.998577535 0.052081741 -0.069634452 0.999168456 -0.013359102 0.038530096 22.402158737
0.010501131 0.050965682 -0.998644769 -10.753678322 0.009280432 0.998651326 0.051063582 -0.026100533 0.999902666 -0.009804109 0.010014135 22.392518997
-0.011289472 0.054919105 -0.998426616 -11.489832878 0.007856498 0.998463809 0.054832309 0.001735780 0.999905825 -0.007225091 -0.011703869 22.396734238
-0.024343986 0.060895685 -0.997846901 -12.227561951 0.008844513 0.998116136 0.060696334 0.047497980 0.999664903 -0.007347858 -0.024837011 22.364843369
-0.032183357 0.063408002 -0.997468233 -12.969312668 0.009204535 0.997961223 0.063142337 0.071780756 0.999440014 -0.007149078 -0.032701682 22.332620621
-0.035825267 0.060828816 -0.997504652 -13.754175186 0.009968974 0.998117089 0.060508110 0.113759235 0.999308228 -0.007776319 -0.036364861 22.282867432
-0.035069127 0.057130422 -0.997750163 -14.526779175 0.017624859 0.998243868 0.056539193 0.175735325 0.999229848 -0.015602422 -0.036014751 22.259893417
-0.030703992 0.055378858 -0.997992754 -15.351247787 0.028764509 0.998098373 0.054499753 0.152092323 0.999114990 -0.027033428 -0.032238849 22.259256363
-0.025357120 0.055822201 -0.998118222 -16.168033600 0.030268621 0.998023689 0.055047952 0.218548894 0.999220908 -0.028815869 -0.026996605 22.242353439
-0.020505957 0.054187249 -0.998319745 -17.039545059 0.028303599 0.998160541 0.053597227 0.301391184 0.999389410 -0.027156992 -0.022002207 22.226207733
-0.016989460 0.048465662 -0.998680055 -17.890850067 0.032095771 0.998335540 0.047902904 0.283166260 0.999340296 -0.031239541 -0.018517349 22.204973221
-0.015294417 0.037777483 -0.999168873 -18.774221420 0.029762363 0.998859704 0.037310190 0.299016774 0.999440312 -0.029167019 -0.016401591 22.173940659
-0.014772798 0.028453398 -0.999485672 -19.683713913 0.022766588 0.999344647 0.028112868 0.366603523 0.999632001 -0.022339586 -0.015411170 22.154613495
-0.015812570 0.026612269 -0.999520481 -20.594974518 0.016969431 0.999507904 0.026343472 0.364524156 0.999731839 -0.016544774 -0.016256299 22.128610611
-0.019351242 0.032154378 -0.999295413 -21.552417755 0.007580596 0.999457777 0.032012802 0.403222859 0.999784470 -0.006955753 -0.019584773 22.097715378
-0.024165137 0.039797775 -0.998915315 -22.487377167 0.002450840 0.999205709 0.039750051 0.466777116 0.999705434 -0.001487590 -0.024243763 22.045389175
-0.028574085 0.049925689 -0.998343945 -23.482215881 0.001120419 0.998751938 0.049914014 0.454874009 0.999591529 0.000307714 -0.028594650 21.992002487
-0.030164117 0.059771020 -0.997756243 -24.532073975 -0.000512752 0.998208642 0.059813596 0.510306358 0.999544740 0.002315900 -0.030080074 21.962085724
-0.031149626 0.067504153 -0.997232318 -25.547960281 0.001334576 0.997717857 0.067495316 0.540189207 0.999514222 0.000771609 -0.031168923 21.932378769
-0.032669321 0.069255739 -0.997063577 -26.585920334 0.002916416 0.997597814 0.069197290 0.565473557 0.999462306 -0.000647189 -0.032793120 21.888641357
-0.034790929 0.066124551 -0.997204423 -27.560567856 0.001737932 0.997810245 0.066104092 0.640559793 0.999393463 0.000566785 -0.034829967 21.838489532
-0.037363332 0.061165754 -0.997427523 -28.620769501 -0.000327645 0.998122990 0.061220724 0.697932303 0.999302447 0.002614213 -0.037273128 21.803907394
-0.041520592 0.055744909 -0.997581065 -29.632131577 -0.000732442 0.998439372 0.055823371 0.720481634 0.999137819 0.003048530 -0.041415278 21.735540390
-0.047365390 0.051684968 -0.997539282 -30.641510010 -0.000054787 0.998659194 0.051745612 0.754020452 0.998878062 0.002505641 -0.047299381 21.674846649
-0.054102674 0.049055472 -0.997329772 -31.713237762 -0.001465040 0.998786449 0.049206614 0.824651241 0.998534322 0.004123410 -0.053965833 21.622121811
-0.060604580 0.052034259 -0.996804476 -32.717643738 -0.000535096 0.998637140 0.052162498 0.852173984 0.998162210 0.003694712 -0.060494509 21.538272858
-0.067348622 0.056736529 -0.996114790 -33.808666229 -0.001864750 0.998371661 0.056991179 0.879951060 0.997728169 0.005695829 -0.067133538 21.448183060
-0.072861634 0.059766173 -0.995549202 -34.903560638 -0.004494580 0.998171866 0.060252588 0.938454211 0.997332811 0.008864702 -0.072459877 21.370540619
-0.076968253 0.061652116 -0.995125353 -35.922534943 -0.007923324 0.998015881 0.062444039 0.972882867 0.997002542 0.012690972 -0.076327436 21.283992767
-0.080256328 0.063759223 -0.994732797 -37.038841248 -0.012053146 0.997815847 0.064929321 1.022542953 0.996701896 0.017200716 -0.079312935 21.177873611
-0.082016602 0.064440407 -0.994545698 -38.083549500 -0.016357662 0.997684717 0.065992787 1.091903806 0.996496737 0.021681033 -0.080773316 21.085525513
-0.083697036 0.064235270 -0.994418502 -39.195144653 -0.017280346 0.997675240 0.065900102 1.132352710 0.996341884 0.022699615 -0.082392856 20.977973938
-0.084971428 0.064004667 -0.994325280 -40.284759521 -0.017529836 0.997682750 0.065718845 1.175948024 0.996229708 0.023014663 -0.083652973 20.888593674
-0.085953020 0.063014425 -0.994303763 -41.319133759 -0.018512847 0.997722805 0.064831495 1.238875031 0.996128321 0.023979926 -0.084590867 20.785737991
-0.087050237 0.062066007 -0.994268358 -42.439868927 -0.020899642 0.997722328 0.064111456 1.290898800 0.995985210 0.026360860 -0.085555241 20.670557022
-0.087649271 0.059963029 -0.994344890 -43.539176941 -0.024729405 0.997746468 0.062348053 1.337703347 0.995844901 0.030054413 -0.085969351 20.569868088
-0.087818176 0.055013739 -0.994616449 -44.596950531 -0.030618215 0.997851312 0.057896145 1.380139112 0.995665669 0.035537813 -0.085945815 20.454397202
-0.087176651 0.053741653 -0.994741917 -45.715595245 -0.032818023 0.997845054 0.056785468 1.429177761 0.995652676 0.037595943 -0.085225560 20.339656830
-0.085220613 0.057628352 -0.994693875 -46.809879303 -0.032866776 0.997618198 0.060613718 1.487208962 0.995820403 0.037858021 -0.083124034 20.254589081
-0.083773769 0.061989926 -0.994554043 -47.929767609 -0.033090528 0.997337699 0.064950757 1.524677157 0.995936394 0.038351595 -0.081499614 20.153450012
-0.081875667 0.061477732 -0.994744301 -48.992401123 -0.030116297 0.997485459 0.064126000 1.578600049 0.996187925 0.035208482 -0.079818755 20.070707321
-0.079840936 0.060267974 -0.994983792 -50.106002808 -0.030038251 0.997569799 0.062835045 1.626010418 0.996355474 0.034904484 -0.077837020 19.972133636
-0.075694621 0.061249122 -0.995248377 -51.259620667 -0.034234170 0.997361779 0.063982956 1.683545709 0.996543050 0.038914785 -0.073398858 19.867345810
-0.070013441 0.062245090 -0.995601833 -52.377342224 -0.039984461 0.997072399 0.065148868 1.731541991 0.996744871 0.044370040 -0.067320064 19.782543182
-0.064859375 0.062129512 -0.995958090 -53.521656036 -0.043323338 0.996941864 0.065012217 1.784719825 0.996953964 0.047365036 -0.061969798 19.681621552
-0.058451530 0.060976677 -0.996425331 -54.622287750 -0.044639494 0.996973157 0.063628763 1.851171613 0.997292697 0.048199292 -0.055552721 19.616161346
-0.052846208 0.060496774 -0.996768177 -55.776622772 -0.044429552 0.997030556 0.062868275 1.897725344 0.997614324 0.047608469 -0.050001837 19.552526474
-0.047754768 0.060096115 -0.997049391 -56.896369934 -0.042275559 0.997170627 0.062128287 1.943309903 0.997964621 0.045117885 -0.045079444 19.481809616
-0.041543085 0.060849380 -0.997282386 -58.019489288 -0.041360788 0.997181475 0.062566243 2.001962423 0.998280406 0.043847725 -0.038909942 19.438856125
-0.036793306 0.062543035 -0.997363508 -59.201156616 -0.039312713 0.997174561 0.063981488 2.045839071 0.998549998 0.041563299 -0.034230981 19.388313293
-0.031105056 0.063058749 -0.997524679 -60.350273132 -0.041284431 0.997073352 0.064317584 2.100914001 0.998663783 0.043182984 -0.028411025 19.349887848
-0.025065398 0.063074388 -0.997693717 -61.485923767 -0.040863957 0.997106969 0.064063974 2.148844957 0.998850942 0.042375643 -0.022415744 19.311614990
-0.020484312 0.059179854 -0.998036265 -62.628440857 -0.040916450 0.997359276 0.059979454 2.196162224 0.998953700 0.042064879 -0.018008733 19.287990570
-0.015915520 0.053398658 -0.998446047 -63.751766205 -0.040228311 0.997728467 0.054001551 2.235098362 0.999064386 0.041025393 -0.013731529 19.252309799
-0.012326459 0.052137148 -0.998563468 -64.932762146 -0.041010238 0.997771382 0.052602053 2.283065796 0.999083281 0.041599866 -0.010161122 19.234216690
-0.009001293 0.055303913 -0.998429060 -66.095855713 -0.039990138 0.997648716 0.055621315 2.335117340 0.999159575 0.040428113 -0.006769178 19.225587845
-0.006427656 0.055604987 -0.998431802 -67.250968933 -0.039380454 0.997662246 0.055815697 2.376100540 0.999204278 0.039677586 -0.004223160 19.211618423
-0.005682159 0.055010375 -0.998469234 -68.434463501 -0.041485623 0.997611225 0.055199232 2.421660662 0.999123633 0.041735914 -0.003386723 19.197557449
-0.004413630 0.056025513 -0.998418808 -69.578666687 -0.042881120 0.997498631 0.056163415 2.465816975 0.999071658 0.043061361 -0.002000045 19.171310425
-0.003933977 0.055863798 -0.998430371 -70.763793945 -0.043030761 0.997502208 0.055981457 2.510144234 0.999066651 0.043183599 -0.001520559 19.146516800
-0.002356882 0.053920858 -0.998542130 -71.945877075 -0.043822438 0.997578442 0.053972300 2.554904938 0.999037325 0.043885909 0.000011505 19.138191223
-0.001151788 0.052528229 -0.998619020 -73.125167847 -0.042573631 0.997709334 0.052529611 2.599048853 0.999093056 0.042575482 0.001086527 19.135061264
-0.001490863 0.052131359 -0.998638928 -74.318595886 -0.038590670 0.997891426 0.052150007 2.635574102 0.999254704 0.038616046 0.000523803 19.121870041
-0.001498918 0.052756630 -0.998606145 -75.488258362 -0.036400136 0.997940898 0.052776180 2.679542065 0.999336839 0.036428653 0.000424256 19.119031906
-0.000699821 0.056005534 -0.998429596 -76.665695190 -0.036145587 0.997774661 0.055994131 2.719707489 0.999347270 0.036128167 0.001326210 19.125114441
-0.000933133 0.059383277 -0.998234570 -77.856147766 -0.037993878 0.997510374 0.059375767 2.775271416 0.999278247 0.037982363 0.001325132 19.114038467
0.000099024 0.059864715 -0.998206198 -79.020256042 -0.039974589 0.997406840 0.059812859 2.813804388 0.999201298 0.039897121 0.002491580 19.109954834
0.000492191 0.057664648 -0.998335779 -80.212898254 -0.041270483 0.997484446 0.057595208 2.853504896 0.999148309 0.041173607 0.002870162 19.101383209
0.000955132 0.055498019 -0.998457909 -81.385162354 -0.041838001 0.997584820 0.055409495 2.900945902 0.999124646 0.041720740 0.003274496 19.093410492
0.001214518 0.054537445 -0.998510480 -82.546943665 -0.039761223 0.997722745 0.054446090 2.932964802 0.999209166 0.039636053 0.003379973 19.078916550
0.001065515 0.055965111 -0.998431265 -83.737045288 -0.037701305 0.997723579 0.055885185 2.980474949 0.999289513 0.037582844 0.003173172 19.088211060
0.001019136 0.058765475 -0.998270810 -84.901161194 -0.037128273 0.997583747 0.058687165 3.021719694 0.999310672 0.037004437 0.003198278 19.083534241
0.001889309 0.061273105 -0.998118758 -86.070755005 -0.037374720 0.997426033 0.061159872 3.069675207 0.999300241 0.037189029 0.004174258 19.083932877
0.001968663 0.061387021 -0.998111725 -87.259956360 -0.038875256 0.997362256 0.061264295 3.114876032 0.999242842 0.038681407 0.004349654 19.073209763
0.002323341 0.059646592 -0.998216748 -88.416343689 -0.038892195 0.997467518 0.059511382 3.155262232 0.999241114 0.038684696 0.004636609 19.065095901
0.002693068 0.057963721 -0.998314559 -89.603424072 -0.037755359 0.997610807 0.057821054 3.201540232 0.999283910 0.037536182 0.004874824 19.066024780
0.002729445 0.058677718 -0.998272777 -90.766418457 -0.035452433 0.997653246 0.058544409 3.249691725 0.999368131 0.035231575 0.004803056 19.068546295
0.003279619 0.062056709 -0.998066306 -91.912040710 -0.033135213 0.997529566 0.061914455 3.296621561 0.999446154 0.032868277 0.005327913 19.057971954
0.003429337 0.064495094 -0.997911692 -93.093986511 -0.031361282 0.997432053 0.064356379 3.344299316 0.999502718 0.031075232 0.005442930 19.055641174
0.003680571 0.066155955 -0.997802138 -94.246444702 -0.032194994 0.997297764 0.066003837 3.393131971 0.999475300 0.031881444 0.005800269 19.060714722
0.004011341 0.068067260 -0.997672915 -95.400398254 -0.034510165 0.997093320 0.067889132 3.452424288 0.999396563 0.034157619 0.006348066 19.060966492
0.004103175 0.067316823 -0.997722805 -96.564056396 -0.036772184 0.997064888 0.067121290 3.506112576 0.999315739 0.036413200 0.006566274 19.052051544
0.004529048 0.064090721 -0.997933388 -97.713226318 -0.039315883 0.997181654 0.063864082 3.550508499 0.999217033 0.038945556 0.007035823 19.040414810
0.004804254 0.061609570 -0.998087704 -98.865509033 -0.040180199 0.997304201 0.061367810 3.613063812 0.999181509 0.039808769 0.007266926 19.041067123
0.004846474 0.060420111 -0.998160839 -100.018852234 -0.040411625 0.997367203 0.060175937 3.648459196 0.999171734 0.040045831 0.007275144 19.049720764
0.005382020 0.060177840 -0.998172700 -101.164306641 -0.038560003 0.997455537 0.059926774 3.701173782 0.999242306 0.038167182 0.007688539 19.038713455
0.005067762 0.062825792 -0.998011589 -102.338455200 -0.038536187 0.997293055 0.062585011 3.754011869 0.999244750 0.038142517 0.007474479 19.047983170
0.005461202 0.064908408 -0.997875750 -103.475067139 -0.036402669 0.997240603 0.064667925 3.801432848 0.999322712 0.035972342 0.007808724 19.049379349
0.004704012 0.063777603 -0.997952521 -104.650634766 -0.040538818 0.997153819 0.063535541 3.858881235 0.999167442 0.040157121 0.007275842 19.037548065
0.004579450 0.064901464 -0.997880220 -105.827926636 -0.044870891 0.996897936 0.064631693 3.919286728 0.998983026 0.044480026 0.007477567 19.036937714
0.004621222 0.064343452 -0.997916460 -106.978858948 -0.048168421 0.996781528 0.064047277 3.975561857 0.998829126 0.047772288 0.007705424 19.032138824
0.004264411 0.061015148 -0.998127162 -108.172904968 -0.048485145 0.996973455 0.060737535 4.026126385 0.998815417 0.048135523 0.007209585 19.027523041
0.003554511 0.056224037 -0.998411596 -109.358169556 -0.049223222 0.997215509 0.055981524 4.084560871 0.998781979 0.048946187 0.006311509 19.018144608
0.002701734 0.055330060 -0.998463869 -110.520515442 -0.045627035 0.997433066 0.055149533 4.132737160 0.998955607 0.045408111 0.005219089 19.019721985
0.002275509 0.054915484 -0.998487532 -111.730545044 -0.040827919 0.997661769 0.054777067 4.171780586 0.999164462 0.040641729 0.004512395 19.027547836
0.001780761 0.056347590 -0.998408973 -112.913002014 -0.040434197 0.997596800 0.056229696 4.216384411 0.999181330 0.040269908 0.004054591 19.023424149
0.001056474 0.061034009 -0.998134494 -114.151687622 -0.039696414 0.997349501 0.060944062 4.266860008 0.999211967 0.039558139 0.003476243 19.032278061
0.000495817 0.061044324 -0.998134553 -115.383010864 -0.037734292 0.997423112 0.060982149 4.324737549 0.999288321 0.037633769 0.002797357 19.019643784
0.000325512 0.056275129 -0.998414755 -116.585968018 -0.037537634 0.997710168 0.056223266 4.375391960 0.999296010 0.037459958 0.002436936 19.007299423
-0.000120653 0.052569326 -0.998616755 -117.846740723 -0.038163852 0.997887373 0.052535627 4.435507298 0.999272287 0.038117535 0.001885581 18.985616684
-0.000569984 0.051067717 -0.998694479 -119.069587708 -0.036660932 0.998020649 0.051054258 4.470067501 0.999328434 0.036642298 0.001303064 18.962886810
-0.001971697 0.052485410 -0.998618960 -120.325767517 -0.038022209 0.997893870 0.052522417 4.521677494 0.999275923 0.038073432 0.000028177 18.976781845
-0.002554983 0.056780919 -0.998382866 -121.583641052 -0.043673158 0.997425735 0.056838319 4.563448429 0.999043465 0.043747894 -0.000068876 18.975095749
-0.003031058 0.060999256 -0.998132706 -122.815910339 -0.049359586 0.996910036 0.061074495 4.606864452 0.998777270 0.049452707 -0.000011067 18.960889816
-0.002765188 0.060827341 -0.998144448 -124.103164673 -0.056079816 0.996565580 0.060886629 4.676035404 0.998422980 0.056144264 0.000654841 18.911840439
-0.002518343 0.058547776 -0.998281062 -125.363433838 -0.059757184 0.996489644 0.058593545 4.727879047 0.998210549 0.059802223 0.000988878 18.901203156
-0.003065705 0.057487458 -0.998341143 -126.596862793 -0.061508965 0.996442735 0.057567123 4.773597240 0.998102546 0.061583616 0.000480923 18.879058838
-0.003400525 0.056905985 -0.998372734 -127.879257202 -0.061742127 0.996460795 0.057007324 4.835343838 0.998087347 0.061835758 0.000125115 18.864896774
-0.003265812 0.056159358 -0.998415947 -129.125091553 -0.059548106 0.996636927 0.056254145 4.874999523 0.998220921 0.059637681 0.000089081 18.841558456
-0.004037016 0.056283139 -0.998406172 -130.406082153 -0.059800267 0.996612310 0.056423884 4.920287132 0.998203039 0.059932940 -0.000657868 18.836277008
-0.005093622 0.061617032 -0.998086870 -131.652328491 -0.059465121 0.996312678 0.061811093 4.978898525 0.998217881 0.059666347 -0.001411434 18.836124420
-0.005415288 0.066720061 -0.997756541 -132.885025024 -0.058676053 0.996029258 0.066923089 5.016364574 0.998263121 0.058907010 -0.001479194 18.822072983
-0.005220769 0.065249756 -0.997854829 -134.167556763 -0.058633272 0.996130109 0.065443821 5.088963032 0.998266697 0.058849342 -0.001375037 18.809019089
-0.004558013 0.062903218 -0.998008311 -135.420700073 -0.058315981 0.996302366 0.063062072 5.145222187 0.998288870 0.058487486 -0.000872795 18.789468765
-0.003318855 0.063146971 -0.997998297 -136.644470215 -0.057606522 0.996332586 0.063233234 5.196444988 0.998334646 0.057701252 0.000330720 18.784337997
-0.002394023 0.062230714 -0.998058498 -137.923355103 -0.058308210 0.996352851 0.062264312 5.249070644 0.998296678 0.058344249 0.001242999 18.770376205
-0.001446379 0.064103782 -0.997942209 -139.150955200 -0.057585422 0.996279478 0.064080566 5.304690838 0.998340189 0.057559770 0.002249795 18.761970520
-0.000396468 0.068066403 -0.997680306 -140.414398193 -0.058708321 0.995956123 0.067972198 5.354252815 0.998275936 0.058599275 0.003600937 18.748842239
0.000748613 0.069448136 -0.997584820 -141.676757812 -0.059569169 0.995814860 0.069280304 5.416970253 0.998224676 0.059373643 0.004882189 18.744277954
0.001360480 0.066449612 -0.997788429 -142.882232666 -0.062064748 0.995869637 0.066237278 5.470619202 0.998071969 0.061837602 0.005478782 18.733942032
0.001750275 0.063181400 -0.997999549 -144.149414062 -0.061313849 0.996129096 0.062955484 5.535266876 0.998117864 0.061081275 0.005617527 18.726545334
0.001947167 0.062105104 -0.998067319 -145.386642456 -0.058772925 0.996349216 0.061883617 5.582076550 0.998270333 0.058539052 0.005589904 18.718481064
0.002540182 0.061453499 -0.998106301 -146.610412598 -0.056543197 0.996519804 0.061211985 5.632198811 0.998397768 0.056280836 0.006005866 18.719999313
0.001692006 0.061537571 -0.998103440 -147.849349976 -0.054516029 0.996623874 0.061354060 5.686366558 0.998512328 0.054308996 0.005040436 18.716379166
0.001881070 0.060563497 -0.998162150 -149.072906494 -0.051937170 0.996821046 0.060384318 5.713439465 0.998649418 0.051728342 0.005020329 18.703340530
0.001414550 0.060337704 -0.998176634 -150.326950073 -0.051964656 0.996831775 0.060182836 5.768911362 0.998648882 0.051784974 0.004545236 18.699811935
0.001718729 0.062918298 -0.998016357 -151.560195923 -0.049228214 0.996812105 0.062757619 5.837533951 0.998786926 0.049022920 0.004810730 18.709856033
0.001633315 0.065177374 -0.997871995 -152.765014648 -0.046383746 0.996802509 0.065031670 5.884959698 0.998923123 0.046179000 0.004651004 18.707881927
0.001083208 0.063159771 -0.998002470 -154.013442993 -0.044293266 0.997024953 0.063049905 5.943261623 0.999018788 0.044136655 0.003877276 18.693172455
0.000834964 0.063145116 -0.998004138 -155.245071411 -0.045648031 0.996964097 0.063041262 5.998141766 0.998958111 0.045504432 0.003714235 18.697950363
0.001163126 0.067996994 -0.997684598 -156.448898315 -0.045981687 0.996631920 0.067871697 6.051737785 0.998942554 0.045796461 0.004285564 18.694532394
0.001306386 0.074623227 -0.997210681 -157.711425781 -0.050351147 0.995949745 0.074462958 6.122394562 0.998731613 0.050113622 0.005058201 18.675533295
0.002682324 0.075279452 -0.997158527 -158.898117065 -0.055904552 0.995612204 0.075012371 6.180233479 0.998433352 0.055544719 0.006878767 18.677307129
0.003953977 0.071306370 -0.997445762 -160.160446167 -0.059870347 0.995680332 0.070942782 6.244819164 0.998199046 0.059437212 0.008206170 18.653076172
0.005662276 0.065702602 -0.997822881 -161.384078979 -0.062173739 0.995929658 0.065225184 6.297021389 0.998050153 0.061669286 0.009723963 18.663236618
0.006265449 0.064064249 -0.997926354 -162.587036133 -0.064107075 0.995916247 0.063532867 6.360065460 0.997924447 0.063576236 0.010346211 18.649948120
0.007109692 0.061180919 -0.998101056 -163.837020874 -0.059857521 0.996360838 0.060647931 6.395774364 0.998182476 0.059312880 0.010745718 18.649381638
0.007607745 0.056367394 -0.998380840 -165.056213379 -0.055577490 0.996888578 0.055859704 6.452003956 0.998426199 0.055062726 0.010716594 18.654382706
0.007644316 0.053350221 -0.998545766 -166.235931396 -0.050044134 0.997343183 0.052902851 6.494540691 0.998718500 0.049567197 0.010294011 18.670017242
0.006568763 0.054959431 -0.998466551 -167.484527588 -0.046446767 0.997425556 0.054596629 6.549881935 0.998900175 0.046017077 0.009104293 18.646945953
0.007483740 0.062778361 -0.997999072 -168.678451538 -0.047399025 0.996925831 0.062355485 6.589175224 0.998848975 0.046837699 0.010436124 18.679622650
0.008660450 0.065814868 -0.997793913 -169.934829712 -0.047953781 0.996708989 0.065327145 6.656400681 0.998812914 0.047282394 0.011787780 18.668725967
0.010680770 0.063027002 -0.997954786 -171.135269165 -0.050320063 0.996778786 0.062414281 6.687572479 0.998677135 0.049550626 0.013817266 18.681461334
0.011645070 0.062391140 -0.997983456 -172.310043335 -0.051886700 0.996742666 0.061708175 6.746899605 0.998586059 0.051063649 0.014844174 18.690530777
0.012237293 0.063590787 -0.997900724 -173.550308228 -0.051019445 0.996713638 0.062889554 6.801544189 0.998623669 0.050142922 0.015441211 18.706434250
0.013288458 0.062240116 -0.997972012 -174.764129639 -0.050160348 0.996844113 0.061501872 6.845108509 0.998653650 0.049241595 0.016368657 18.697706223
0.014657686 0.060335618 -0.998070240 -175.918441772 -0.050792556 0.996931911 0.059520941 6.886475563 0.998602629 0.049822260 0.017677087 18.706144333
0.016343338 0.062437508 -0.997915328 -177.086120605 -0.051872324 0.996754944 0.061515484 6.938714981 0.998520970 0.050758909 0.019528478 18.723533630
0.017825278 0.064657584 -0.997748077 -178.190292358 -0.051758930 0.996626377 0.063660264 6.978778362 0.998501360 0.050507762 0.021111535 18.748546600
0.018369358 0.066148825 -0.997640014 -179.311477661 -0.052369580 0.996501148 0.065109037 7.014547348 0.998459697 0.051050186 0.021769444 18.749746323
0.018846687 0.067443326 -0.997544885 -180.395874023 -0.053314559 0.996368349 0.066356570 7.063457012 0.998400867 0.051933218 0.022373743 18.765020370
0.018614639 0.068416804 -0.997483373 -181.416534424 -0.052049343 0.996366978 0.067369021 7.098266125 0.998472035 0.050664395 0.022107465 18.772274017
0.019277703 0.067704424 -0.997518957 -182.456436157 -0.052743055 0.996381879 0.066608027 7.137195587 0.998423040 0.051328298 0.022778686 18.781236649
0.020549348 0.067685075 -0.997494221 -183.408081055 -0.053282551 0.996360064 0.066510417 7.173365593 0.998368859 0.051782515 0.024081163 18.802341461
0.021577993 0.068237707 -0.997435510 -184.387069702 -0.053904451 0.996293902 0.066993535 7.222720623 0.998313904 0.052320790 0.025176141 18.827116013
0.020698177 0.066957220 -0.997540891 -185.335617065 -0.053174540 0.996414065 0.065778315 7.255456924 0.998371661 0.051682450 0.024184166 18.835578918
0.018091964 0.063954376 -0.997789145 -186.235015869 -0.049892195 0.996763945 0.062984176 7.283030510 0.998591840 0.048642490 0.021223634 18.852458954
0.013287466 0.060804460 -0.998061061 -187.184417725 -0.049684361 0.996954143 0.060075630 7.312478065 0.998677552 0.048789922 0.016267790 18.839496613
0.008854947 0.057552878 -0.998302937 -188.101013184 -0.051987085 0.997016311 0.057017636 7.347043037 0.998609543 0.051394131 0.011820278 18.836549759
0.005004674 0.056549694 -0.998386383 -189.002334595 -0.053418834 0.996987224 0.056202646 7.394367695 0.998560667 0.053051576 0.008010524 18.841592789
0.001883305 0.057098150 -0.998366714 -189.957122803 -0.055590604 0.996828377 0.056905385 7.429159164 0.998452902 0.055392794 0.005051170 18.827531815
-0.000002313 0.058711443 -0.998274922 -190.849487305 -0.054440014 0.996792138 0.058624446 7.464075089 0.998518109 0.054346379 0.003193657 18.836915970
-0.001526364 0.060559951 -0.998163342 -191.797149658 -0.051281597 0.996844053 0.060558412 7.491862774 0.998684108 0.051279981 0.001583768 18.829589844
-0.002910566 0.061021551 -0.998132765 -192.684188843 -0.049397841 0.996906221 0.061090801 7.530443192 0.998775899 0.049483463 0.000112089 18.822649002
-0.003792739 0.060418766 -0.998165727 -193.573608398 -0.049560282 0.996932685 0.060532525 7.552276134 0.998764873 0.049699079 -0.000787039 18.812524796
-0.004475589 0.059196312 -0.998236120 -194.499313354 -0.051291902 0.996916234 0.059348095 7.595273972 0.998674631 0.051467188 -0.001425802 18.787677765
-0.004317573 0.058333341 -0.998287678 -195.383407593 -0.055408269 0.996747077 0.058483038 7.636803150 0.998455465 0.055566050 -0.001071682 18.787338257
-0.003732432 0.056708004 -0.998383701 -196.316040039 -0.057732031 0.996710837 0.056828890 7.674214840 0.998326182 0.057850987 -0.000446587 18.770637512
-0.002950128 0.054170094 -0.998526514 -197.233108521 -0.058119927 0.996832550 0.054249860 7.703114510 0.998306334 0.058194596 0.000207667 18.757850647
-0.002186747 0.051246133 -0.998683512 -198.126052856 -0.058042753 0.996993423 0.051286578 7.730782986 0.998312831 0.058078669 0.000794000 18.738555908
-0.001706222 0.051236924 -0.998684943 -199.077056885 -0.058073971 0.996993601 0.051249433 7.759494305 0.998311996 0.058085233 0.001274147 18.741291046
-0.000896445 0.053641986 -0.998559773 -200.002914429 -0.055631157 0.997008801 0.053608678 7.798120975 0.998452127 0.055599269 0.002090113 18.739500046
-0.000627284 0.054900233 -0.998491645 -200.910079956 -0.054454036 0.997006118 0.054852843 7.832170010 0.998517275 0.054406475 0.002363845 18.735198975
-0.000264255 0.051524218 -0.998672426 -201.869018555 -0.050045829 0.997416973 0.051472887 7.866521835 0.998748243 0.049993053 0.002314327 18.731163025
0.000551749 0.047614742 -0.998865664 -202.801712036 -0.047807440 0.997722626 0.047533933 7.891061306 0.998857617 0.047727119 0.002826546 18.718311310
0.000847736 0.048553623 -0.998820126 -203.770980835 -0.052933376 0.997420073 0.048440721 7.923448563 0.998598814 0.052830007 0.003415373 18.706960678
0.001841171 0.051966552 -0.998647034 -204.718811035 -0.053899866 0.997199893 0.051791951 7.983914852 0.998545766 0.053731747 0.004636726 18.703950882
0.003984129 0.052095976 -0.998633265 -205.656982422 -0.051929299 0.997303486 0.051819358 8.004178047 0.998643696 0.051652122 0.006678803 18.704734802
0.006293681 0.052554835 -0.998598158 -206.672637939 -0.050668567 0.997349679 0.052169856 8.038457870 0.998696744 0.050269358 0.008939612 18.705440521
0.007902608 0.057340443 -0.998323441 -207.621505737 -0.051165156 0.997067869 0.056863375 8.085594177 0.998659968 0.050630175 0.010813009 18.708003998
0.009415925 0.061795741 -0.998045146 -208.621032715 -0.048267424 0.996950984 0.061272811 8.124734879 0.998791277 0.047596209 0.012369295 18.723110199
0.011073101 0.062864415 -0.997960687 -209.628051758 -0.047459379 0.996927917 0.062272839 8.157632828 0.998812795 0.046673197 0.014022341 18.733438492
0.013343554 0.063464887 -0.997894883 -210.606262207 -0.050809637 0.996735334 0.062711805 8.202118874 0.998620331 0.049866050 0.016524378 18.737028122
0.016127320 0.064831965 -0.997765839 -211.630371094 -0.053626988 0.996513188 0.063883856 8.266289711 0.998431981 0.052477080 0.019547602 18.743120193
0.019429751 0.065385148 -0.997669935 -212.647003174 -0.054607179 0.996437252 0.064240813 8.309326172 0.998320103 0.053232040 0.022931209 18.754711151
0.022405909 0.062992394 -0.997762382 -213.704330444 -0.057624992 0.996433020 0.061614491 8.358194351 0.998088241 0.056115709 0.025955720 18.756565094
0.024585340 0.059762478 -0.997909725 -214.740036011 -0.058257684 0.996598601 0.058248729 8.398800850 0.998000264 0.056704018 0.027983144 18.786716461
