1.000000000 -0.000000000 0.000000001 0.000000000 -0.000000000 1.000000000 0.000000000 -0.000000000 0.000000001 0.000000000 1.000000000 -0.000000000
0.999951184 -0.001451423 0.009770691 0.017362593 0.001445131 0.999998748 0.000650992 -0.011394951 -0.009771622 -0.000636840 0.999952078 0.266419500
0.999841094 -0.003466082 0.017485382 0.013754983 0.003439908 0.999992907 0.001526756 -0.024975253 -0.017490545 -0.001466366 0.999845982 0.574099481
0.999797702 -0.006788339 0.018933678 0.030663488 0.006802659 0.999976635 -0.000692013 -0.008323767 -0.018928533 0.000820672 0.999820530 0.885416925
0.999822676 -0.007825826 0.017128913 0.037741665 0.007845677 0.999968648 -0.001091974 -0.024623679 -0.017119827 0.001226168 0.999852717 1.166070223
0.999878764 -0.011486099 0.010510971 0.030514482 0.011528802 0.999925494 -0.004011198 -0.018835364 -0.010464113 0.004131890 0.999936700 1.502045274
0.999927640 -0.011924890 -0.001591640 0.029340379 0.011917698 0.999919057 -0.004453927 -0.041677069 0.001644625 0.004434636 0.999988794 1.814580441
0.999787152 -0.011978185 -0.016796391 -0.012945248 0.011894255 0.999916315 -0.005087931 -0.040927485 0.016855933 0.004887068 0.999845982 2.159238100
0.999327242 -0.007233815 -0.035955790 -0.035280470 0.007051976 0.999961734 -0.005181551 -0.036497120 0.035991892 0.004924506 0.999339938 2.499189377
0.998436153 -0.005142649 -0.055668272 -0.082441896 0.004840163 0.999972820 -0.005567186 -0.052510291 0.055695385 0.005289036 0.998433828 2.857346773
0.997159660 -0.003445169 -0.075237520 -0.126098707 0.002974303 0.999975264 -0.006369547 -0.052609440 0.075257577 0.006127679 0.997145236 3.202197552
0.995316327 -0.003921031 -0.096591860 -0.179188833 0.003359539 0.999976456 -0.005974991 -0.060379744 0.096613005 0.005622506 0.995306075 3.591946602
0.993235171 -0.004383804 -0.116036803 -0.241846666 0.003774902 0.999977827 -0.005466738 -0.064256065 0.116058163 0.004991733 0.993229866 3.985850096
0.991017222 -0.004287718 -0.133664280 -0.312059224 0.003718596 0.999982953 -0.004507211 -0.070537202 0.133681282 0.003969685 0.991016328 4.363407135
0.988710463 -0.003802636 -0.149789602 -0.378980815 0.003250799 0.999987125 -0.003928786 -0.075789079 0.149802610 0.003397505 0.988709927 4.765856266
0.986641347 -0.003329796 -0.162873641 -0.460265070 0.002713610 0.999988377 -0.004005558 -0.083336525 0.162885115 0.003510077 0.986638665 5.175005913
0.984494507 -0.004129065 -0.175367117 -0.556458056 0.003311561 0.999982417 -0.004954073 -0.086719207 0.175384462 0.004296521 0.984490573 5.623219013
0.982718408 -0.007425128 -0.184958473 -0.649826407 0.006336439 0.999959052 -0.006476551 -0.099738099 0.184999004 0.005192649 0.982724845 6.065153122
0.981180251 -0.006388035 -0.192989126 -0.733940840 0.004899648 0.999954581 -0.008188603 -0.104071073 0.193032682 0.007088915 0.981166601 6.509763241
0.979684949 -0.006697010 -0.200432062 -0.844416082 0.004691339 0.999934077 -0.010480049 -0.116535068 0.200489029 0.009326840 0.979651451 6.992395401
0.978172839 -0.007471304 -0.207658485 -0.959607840 0.004855921 0.999902487 -0.013101547 -0.125151068 0.207736075 0.011807202 0.978113592 7.477876186
0.976296961 -0.011122888 -0.216149256 -1.085384130 0.008109105 0.999857306 -0.014824985 -0.134032592 0.216283277 0.012720806 0.976247668 7.991241932
0.974487484 -0.016500071 -0.223834366 -1.194940686 0.013247369 0.999783933 -0.016025744 -0.151061729 0.224050388 0.012651668 0.974495292 8.504736900
0.972535491 -0.017629180 -0.232086375 -1.320400357 0.013697204 0.999734282 -0.018542588 -0.183752894 0.232351601 0.014854382 0.972518265 9.020084381
0.970443547 -0.013630388 -0.240942672 -1.474787116 0.008409709 0.999707401 -0.022682812 -0.184725523 0.241181329 0.019986121 0.970274091 9.539656639
0.968329310 -0.010630891 -0.249450460 -1.626962304 0.004381874 0.999662817 -0.025593124 -0.199432284 0.249638423 0.023689494 0.968049228 10.069182396
0.965854645 -0.013633337 -0.258726299 -1.784134269 0.006682274 0.999593139 -0.027726959 -0.219796479 0.258999050 0.025051313 0.965552509 10.632109642
0.963562012 -0.015019168 -0.267063469 -1.952012539 0.007425561 0.999539435 -0.029420998 -0.256733745 0.267382383 0.026365835 0.963229597 11.181308746
0.961481750 -0.015482290 -0.274433851 -2.124153614 0.006908473 0.999457896 -0.032180954 -0.269605070 0.274783403 0.029045448 0.961067379 11.767622948
0.959050298 -0.014521839 -0.282864004 -2.306616545 0.004723470 0.999365926 -0.035291150 -0.282418579 0.283197105 0.032509863 0.958510578 12.360243797
0.956948876 -0.016043553 -0.289813578 -2.497585058 0.004401019 0.999158502 -0.040779699 -0.320615441 0.290223956 0.037748579 0.956214011 12.936882019
0.955057979 -0.016466979 -0.295962304 -2.693715096 0.002475268 0.998864055 -0.047587998 -0.357291579 0.296409756 0.044716682 0.954013586 13.554159164
0.953910351 -0.017029656 -0.299609095 -2.906547308 0.000317614 0.998445451 -0.055739999 -0.388937175 0.300092548 0.053075764 0.952432513 14.192340851
0.952666461 -0.017247073 -0.303528786 -3.111163855 -0.002586155 0.997894287 -0.064819179 -0.445027262 0.304007530 0.062535979 0.950615048 14.810004234
0.951148093 -0.016021831 -0.308320224 -3.337124586 -0.007032154 0.997269452 -0.073516741 -0.479976833 0.308656216 0.072093412 0.948437631 15.444816589
0.949774861 -0.015038377 -0.312573642 -3.569701433 -0.010642519 0.996714830 -0.080291383 -0.533857524 0.312754214 0.079585254 0.946493983 16.085935593
0.948178291 -0.014077133 -0.317427784 -3.800040245 -0.014377545 0.996094108 -0.087120987 -0.603425205 0.317414403 0.087170005 0.944271863 16.758867264
0.946790099 -0.012605228 -0.321605891 -4.037418842 -0.018316627 0.995502770 -0.092941582 -0.677069783 0.321331203 0.093886867 0.942300677 17.421548843
0.945104778 -0.011115360 -0.326579154 -4.280055523 -0.022333244 0.994887292 -0.098493069 -0.758579791 0.326004267 0.100379810 0.940023720 18.076034546
0.943397105 -0.007264746 -0.331586659 -4.556766987 -0.027905965 0.994476497 -0.101183288 -0.819200277 0.330490202 0.104709238 0.937982798 18.792631149
0.941646457 -0.007291003 -0.336525828 -4.805864811 -0.029088728 0.994263232 -0.102935508 -0.899714470 0.335345596 0.106717937 0.936031461 19.475532532
0.939391971 -0.006280213 -0.342788786 -5.097612381 -0.030617148 0.994300902 -0.102120981 -0.985529959 0.341476470 0.106426798 0.933845162 20.211639404
0.937226415 -0.006303212 -0.348665953 -5.376833439 -0.030858034 0.994415581 -0.100924626 -1.073670506 0.347354949 0.105348319 0.931797087 20.932117462
0.934719443 -0.006106920 -0.355335355 -5.650295734 -0.031133182 0.994601429 -0.098990306 -1.159654856 0.354021490 0.103590839 0.929482281 21.648458481
0.931735039 -0.005583029 -0.363097250 -5.941326618 -0.031156875 0.994965315 -0.095249727 -1.239982247 0.361801028 0.100060418 0.926869512 22.344764709
0.927841246 -0.003151268 -0.372963250 -6.271327972 -0.032877363 0.995380878 -0.090201095 -1.314402223 0.371524662 0.095954299 0.923451126 23.178855896
0.924605250 -0.000846416 -0.380926996 -6.595371723 -0.034013283 0.995819807 -0.084771484 -1.403810263 0.379406333 0.091336682 0.920710683 23.902732849
0.921109617 0.002251343 -0.389298171 -6.926788330 -0.036613714 0.996051967 -0.080870636 -1.475532532 0.387579113 0.088744327 0.917554677 24.651727676
0.917331040 0.003378357 -0.398112923 -7.248939991 -0.037684195 0.996211648 -0.078377917 -1.557084084 0.396339923 0.086901009 0.913982093 25.367141724
0.913278520 0.004272058 -0.407314807 -7.616083622 -0.039293092 0.996205747 -0.077654131 -1.636257529 0.405437559 0.086924449 0.909980476 26.139776230
0.909338415 0.004137465 -0.416038036 -7.974069595 -0.039623536 0.996266782 -0.076697737 -1.702242613 0.414167464 0.086229071 0.906106889 26.885608673
0.905697465 0.005134845 -0.423894823 -8.364217758 -0.040803179 0.996339381 -0.075111367 -1.771718025 0.421957493 0.085324399 0.902591169 27.705402374
0.901810944 0.005050481 -0.432102650 -8.749173164 -0.040466730 0.996524632 -0.072807722 -1.849442482 0.430233121 0.083144560 0.898880541 28.492691040
0.898437500 0.005288001 -0.439071000 -9.142934799 -0.039548028 0.996837914 -0.068918578 -1.916029215 0.437318116 0.079283394 0.895805180 29.251470566
0.894248545 0.007036300 -0.447516859 -9.566240311 -0.039508253 0.997214079 -0.063267969 -1.980902553 0.445824862 0.074257873 0.892034709 30.086713791
0.890474260 0.007004024 -0.454981387 -9.973181725 -0.037804738 0.997563720 -0.058633395 -2.050271988 0.453462124 0.069411986 0.888568819 30.861843109
0.886711836 0.006043293 -0.462284535 -10.405939102 -0.036306154 0.997736692 -0.056595992 -2.119630098 0.460896105 0.066968098 0.884923637 31.698577881
0.883511364 0.006077992 -0.468371660 -10.849270821 -0.036322545 0.997793853 -0.055568613 -2.180064201 0.467000544 0.066107951 0.881782293 32.510131836
0.880631685 0.005672001 -0.473768800 -11.295194626 -0.035308808 0.997933447 -0.053683862 -2.232630491 0.472485125 0.064003937 0.879011273 33.320438385
0.877650559 0.004994888 -0.479275674 -11.776277542 -0.034229632 0.998045146 -0.052280039 -2.291865826 0.478077590 0.062289082 0.876105309 34.154277802
0.875240564 0.003679099 -0.483675003 -12.268396378 -0.033097465 0.998082519 -0.052299920 -2.349658012 0.482555121 0.061783444 0.873683631 34.992950439
0.873014390 0.003414833 -0.487683505 -12.746849060 -0.033329226 0.998055100 -0.052674886 -2.413706303 0.486555070 0.062240075 0.871429801 35.844043732
0.871589303 0.003485282 -0.490226209 -13.231263161 -0.033801895 0.998022139 -0.053001840 -2.472974539 0.489071846 0.062766410 0.869982362 36.721347809
0.871129632 0.003442928 -0.491042286 -13.721643448 -0.033271406 0.998091042 -0.052026704 -2.535430193 0.489925712 0.061659694 0.869580507 37.579360962
0.870789230 0.003705846 -0.491643846 -14.250395775 -0.032757755 0.998186588 -0.050495777 -2.594432116 0.490565151 0.060076337 0.869330764 38.480316162
0.870768845 0.002754389 -0.491685987 -14.764019012 -0.031339433 0.998261452 -0.049909521 -2.654573679 0.490693569 0.058868818 0.869340301 39.358512878
0.870463848 0.000951038 -0.492232859 -15.281558990 -0.029699517 0.998277545 -0.050591756 -2.714359999 0.491336793 0.058657371 0.868991792 40.241893768
0.869484782 -0.001960987 -0.493957162 -15.828131676 -0.026926951 0.998317003 -0.051361196 -2.776958942 0.493226379 0.057958540 0.867967606 41.174606323
0.867500126 -0.002076464 -0.497434199 -16.335771561 -0.025880292 0.998448670 -0.049301643 -2.836651564 0.496764690 0.055642914 0.866099954 42.087295532
0.865366459 -0.001226938 -0.501139581 -16.891040802 -0.024893032 0.998657167 -0.045430135 -2.905821562 0.500522316 0.051788609 0.864172816 43.044418335
0.862502754 -0.001052537 -0.506052911 -17.451768875 -0.022971705 0.998885393 -0.041229837 -2.970026970 0.505532265 0.047185749 0.861516118 43.971324921
0.858829618 -0.001884332 -0.512259305 -17.971542358 -0.021047100 0.999018908 -0.038961355 -3.031644106 0.511830091 0.044242747 0.857946336 44.828289032
0.853533566 -0.005279352 -0.521012664 -18.548482895 -0.018935127 0.998973250 -0.041142367 -3.092107296 0.520694911 0.044981856 0.852555990 45.745700836
0.847023726 -0.008151523 -0.531493962 -19.113506317 -0.018074723 0.998862147 -0.044124536 -3.150452614 0.531248748 0.046981145 0.845911682 46.640598297
0.841549754 -0.009014569 -0.540105700 -19.718414307 -0.017716456 0.998861969 -0.044275686 -3.209650278 0.539889932 0.046828963 0.840431452 47.543865204
0.835596323 -0.006195143 -0.549309909 -20.298332214 -0.018074177 0.999084890 -0.038761571 -3.266997099 0.549046934 0.042317361 0.834719360 48.431194305
0.830669045 -0.001505300 -0.556765974 -20.886579514 -0.021090813 0.999193192 -0.034167901 -3.330688477 0.556367993 0.040124886 0.829966128 49.275226593
0.826833785 -0.001743614 -0.562445104 -21.525362015 -0.022089642 0.999122679 -0.035570595 -3.386322021 0.562013328 0.041835196 0.826068997 50.188488007
0.823147297 -0.002745328 -0.567822874 -22.118345261 -0.024063218 0.998920918 -0.039712906 -3.432556629 0.567318857 0.046353225 0.822192073 51.047134399
0.820148945 -0.005728106 -0.572123289 -22.747634888 -0.025597384 0.998580754 -0.046692096 -3.497629642 0.571578383 0.052939344 0.818836629 51.921531677
0.816788137 -0.006115262 -0.576906621 -23.368961334 -0.026640123 0.998477101 -0.048301134 -3.556541204 0.576323032 0.054820664 0.815380514 52.811367035
0.813787997 -0.004776708 -0.581143439 -23.986467361 -0.025897253 0.998674572 -0.044473026 -3.622766972 0.580585182 0.051241647 0.812584758 53.651451111
0.810725212 -0.002797126 -0.585420668 -24.653615952 -0.024819091 0.998925209 -0.039143659 -3.680633783 0.584900677 0.046264376 0.809784353 54.532993317
0.807132423 -0.001138816 -0.590370536 -25.263893127 -0.024684886 0.999058127 -0.035675351 -3.742376328 0.589854777 0.043367974 0.806343257 55.372081757
0.804171205 -0.000466864 -0.594398797 -25.917224884 -0.026169183 0.999001861 -0.036189280 -3.788211823 0.593822122 0.044657316 0.803355515 56.237289429
0.800591767 -0.001846199 -0.599208355 -26.586004257 -0.025934283 0.998951077 -0.037728112 -3.850554705 0.598649144 0.045744870 0.799703479 57.124938965
0.797100365 -0.003984028 -0.603835285 -27.246068954 -0.025909187 0.998830974 -0.040791895 -3.908509254 0.603291750 0.048160143 0.796064019 57.960617065
0.792955577 -0.005073439 -0.609259367 -27.881908417 -0.024984363 0.998853087 -0.040834956 -3.959304571 0.608767450 0.047602281 0.791918755 58.765701294
0.788257182 -0.005478160 -0.615322709 -28.578136444 -0.024129214 0.998915732 -0.039803836 -4.018726349 0.614873409 0.046222936 0.787269592 59.633392334
0.783716977 -0.005291995 -0.621096909 -29.243013382 -0.024460364 0.998924613 -0.039375924 -4.076551914 0.620637178 0.046051841 0.782743871 60.472557068
0.778192163 -0.006494219 -0.627993643 -29.940317154 -0.023994571 0.998908877 -0.040063199 -4.141514778 0.627568543 0.046245307 0.777186871 61.329391479
0.772671580 -0.007743561 -0.634759903 -30.635688782 -0.023601322 0.998883247 -0.040914591 -4.201083660 0.634367824 0.046594732 0.771625340 62.167957306
0.767486393 -0.008912500 -0.641004503 -31.338256836 -0.023455817 0.998842895 -0.041971885 -4.265061378 0.640636861 0.047248140 0.766388535 63.000217438
0.761773348 -0.010505863 -0.647760093 -32.063121796 -0.022545086 0.998831868 -0.042713091 -4.323397160 0.647452354 0.047141504 0.760645390 63.844451904
0.755284846 -0.012685178 -0.655275106 -32.791393280 -0.020728627 0.998849630 -0.043228507 -4.383878231 0.655069649 0.046232805 0.754152238 64.617546082
0.749267817 -0.013651631 -0.662127733 -33.525592804 -0.020131133 0.998855531 -0.043374680 -4.446341038 0.661962032 0.045828629 0.748134553 65.455047607
0.743277431 -0.013212160 -0.668853700 -34.273563385 -0.020089921 0.998913467 -0.042057198 -4.512901783 0.668682277 0.044697378 0.742203772 66.292747498
0.736930549 -0.013403347 -0.675836623 -35.034282684 -0.019931920 0.998937547 -0.041544806 -4.574640751 0.675675154 0.044086382 0.735879421 67.126358032
0.730450153 -0.014828637 -0.682806492 -35.797378540 -0.019114150 0.998927951 -0.042141739 -4.631631374 0.682699382 0.043833740 0.729381979 67.913742065
0.724109590 -0.016752351 -0.689482689 -36.563526154 -0.018552536 0.998869896 -0.043753732 -4.702025414 0.689436078 0.044474162 0.722979307 68.714073181
0.718236506 -0.015947532 -0.695617378 -37.343418121 -0.020119974 0.998843014 -0.043673351 -4.763074875 0.695508718 0.045363601 0.717083633 69.496498108
0.712767839 -0.015825707 -0.701222181 -38.176555634 -0.019772274 0.998895109 -0.042641550 -4.823987961 0.701121688 0.044258270 0.711666942 70.319023132
0.707846165 -0.015010416 -0.706208169 -38.991783142 -0.021359427 0.998861849 -0.042639673 -4.880032539 0.706044137 0.045266539 0.706718981 71.108924866
0.702947378 -0.015214237 -0.711080194 -39.805381775 -0.021949928 0.998830616 -0.043069754 -4.950644493 0.710903645 0.045883950 0.701790333 71.916259766
0.697628617 -0.017531699 -0.716246247 -40.649234772 -0.021801848 0.998717785 -0.045680907 -5.021439552 0.716128409 0.047483802 0.696350753 72.712455750
0.692851126 -0.020385521 -0.720794201 -41.472526550 -0.020878501 0.998613060 -0.048311856 -5.089927673 0.720779598 0.048522048 0.691462338 73.484733582
0.687685847 -0.020899693 -0.725708723 -42.315719604 -0.021796802 0.998540282 -0.049411673 -5.162444592 0.725682080 0.049797840 0.686225116 74.305908203
0.683143616 -0.020768104 -0.729989946 -43.192047119 -0.021175157 0.998611569 -0.048226554 -5.237100601 0.729977965 0.048403319 0.681753993 75.104576111
0.678003907 -0.020275544 -0.734779060 -44.054622650 -0.020679757 0.998697996 -0.046639923 -5.300664902 0.734767854 0.046817102 0.676701546 75.864631653
0.672768652 -0.021367747 -0.739545405 -44.938182831 -0.019673232 0.998712361 -0.046752684 -5.371004105 0.739592195 0.046002995 0.671480894 76.634506226
0.667688727 -0.021919664 -0.744118869 -45.811153412 -0.019448636 0.998711228 -0.046870213 -5.436037540 0.744187474 0.045766823 0.666400850 77.410575867
0.663846791 -0.022818381 -0.747522175 -46.686634064 -0.018493339 0.998726845 -0.046909705 -5.510667801 0.747641504 0.044965059 0.662577629 78.191101074
0.659865856 -0.023779027 -0.751008272 -47.567802429 -0.017107962 0.998764157 -0.046655353 -5.574883461 0.751189709 0.043634504 0.658642471 78.955169678
0.655883849 -0.026567012 -0.754394650 -48.467918396 -0.014265425 0.998766124 -0.047575396 -5.655956268 0.754727364 0.041965716 0.654695392 79.731483459
0.651224256 -0.030750124 -0.758263111 -49.386180878 -0.011588853 0.998658836 -0.050451845 -5.747122765 0.758797705 0.041642878 0.649993479 80.527191162
0.646753907 -0.035412863 -0.761877894 -50.286350250 -0.007102704 0.998597324 -0.052445222 -5.797044277 0.762667239 0.039330538 0.645593226 81.281089783
0.640261889 -0.039658736 -0.767133355 -51.221675873 -0.001245113 0.998610795 -0.052664641 -5.871226788 0.768156707 0.034674324 0.639322102 82.031967163
0.631958425 -0.042658649 -0.773828387 -52.139541626 0.002854266 0.998604715 -0.052718811 -5.952350616 0.774998009 0.031107370 0.631197333 82.789581299
0.623162210 -0.043511547 -0.780881703 -53.080776215 0.005175530 0.998658895 -0.051516086 -6.027955532 0.782075822 0.028061377 0.622551322 83.543640137
0.613479018 -0.042588219 -0.788562715 -54.035327911 0.007040499 0.998799562 -0.048465207 -6.103030205 0.789680481 0.024180504 0.613041222 84.299659729
0.604743540 -0.041957911 -0.795315206 -55.023658752 0.006154229 0.998827219 -0.048014842 -6.187542915 0.796397269 0.024142103 0.604291201 85.038131714
0.595169485 -0.043449253 -0.802425683 -56.013088226 0.004987592 0.998717248 -0.050378524 -6.256280422 0.803585410 0.025981573 0.594621420 85.763763428
0.585661769 -0.045564204 -0.809275329 -57.018108368 0.005415677 0.998615503 -0.052305214 -6.346643448 0.810538530 0.026250385 0.585095525 86.469612122
0.575609028 -0.047388069 -0.816351652 -58.060943604 0.006033830 0.998538017 -0.053709228 -6.409808636 0.817703366 0.025989763 0.575052083 87.166954041
0.565470219 -0.048458863 -0.823344767 -59.084304810 0.009203361 0.998580635 -0.052451681 -6.494920731 0.824717939 0.022082301 0.565112352 87.884147644
0.555298388 -0.047735989 -0.830280840 -60.104503632 0.009237339 0.998643339 -0.051237732 -6.579432964 0.831600368 0.020782633 0.554984808 88.567527771
0.545224607 -0.048193373 -0.836903572 -61.145393372 0.009692952 0.998641968 -0.051192340 -6.668951511 0.838234067 0.019799242 0.544951200 89.237480164
0.534946024 -0.049640641 -0.843427420 -62.201618195 0.009303568 0.998557687 -0.052870102 -6.741882324 0.844835520 0.020435750 0.534635067 89.880783081
0.525101662 -0.049450871 -0.849602282 -63.233078003 0.007389709 0.998537302 -0.053552285 -6.827518940 0.851007879 0.021842074 0.524697900 90.511154175
0.515245497 -0.049858745 -0.855591834 -64.321784973 0.005211412 0.998469770 -0.055046402 -6.921169758 0.857027173 0.023903560 0.514715791 91.196434021
0.505936682 -0.050162785 -0.861112297 -65.429145813 0.005265134 0.998467565 -0.055070706 -6.998928070 0.862555265 0.023328420 0.505423665 91.809852600
0.496696085 -0.048331860 -0.866578579 -66.530654907 0.004518908 0.998578429 -0.053103786 -7.078636646 0.867913306 0.022460440 0.496207297 92.447937012
0.488950998 -0.046519663 -0.871070743 -67.648826599 0.005343290 0.998717606 -0.050337326 -7.165669441 0.872295439 0.019958096 0.488571346 93.049972534
0.481335521 -0.046770573 -0.875288486 -68.753166199 0.005512878 0.998716831 -0.050334245 -7.244851589 0.876519620 0.019402290 0.480974525 93.656578064
0.473711193 -0.049669813 -0.879278481 -69.865043640 0.006823323 0.998585403 -0.052733295 -7.332720280 0.880654216 0.018980723 0.473379761 94.246856689
0.466822773 -0.052691691 -0.882780552 -70.999847412 0.008706369 0.998448312 -0.054991677 -7.426000118 0.884308517 0.017985541 0.466556221 94.861450195
0.460791588 -0.056517120 -0.885707855 -72.139938354 0.011279064 0.998262048 -0.057831250 -7.502870083 0.887437224 0.016658181 0.460627258 95.403862000
0.455247790 -0.059907477 -0.888348579 -73.278686523 0.013100706 0.998075306 -0.060593441 -7.601756573 0.890268981 0.015947033 0.455154657 96.004005432
0.449981868 -0.060653109 -0.890976429 -74.385299683 0.014944517 0.998062015 -0.060395312 -7.703238010 0.892913103 0.013861558 0.450015187 96.570037842
0.445752263 -0.058536619 -0.893241227 -75.521377563 0.016843894 0.998230875 -0.057011303 -7.795127392 0.894998372 0.010367241 0.445948541 97.141441345
0.442105114 -0.056584701 -0.895177484 -76.628036499 0.020985419 0.998386919 -0.052744459 -7.886227131 0.896718144 0.004532908 0.442578375 97.674392700
0.439019144 -0.055591110 -0.896756530 -77.786491394 0.021660972 0.998448730 -0.051290754 -7.972806931 0.898216844 0.003092967 0.439541876 98.237251282
0.436268002 -0.055115510 -0.898128211 -78.907447815 0.022190798 0.998477101 -0.050494421 -8.059244156 0.899543405 0.002098910 0.436825633 98.799133301
0.433753520 -0.055330455 -0.899331987 -80.031051636 0.026225233 0.998464465 -0.048780885 -8.139345169 0.900650203 -0.002426316 0.434537470 99.313301086
0.430777401 -0.054268703 -0.900825977 -81.153358459 0.027850371 0.998513520 -0.046835620 -8.219666481 0.902028739 -0.004912615 0.431647450 99.850463867
0.429246873 -0.054204535 -0.901560605 -82.291023254 0.028219759 0.998513520 -0.046597768 -8.307784081 0.902746737 -0.005439850 0.430136800 100.383468628
0.426299959 -0.054387145 -0.902946234 -83.397651672 0.030129531 0.998489916 -0.045917261 -8.385553360 0.904080391 -0.007630824 0.427293956 100.909332275
0.424277723 -0.053481951 -0.903952181 -84.498161316 0.033463724 0.998497605 -0.043369241 -8.467233658 0.904914021 -0.011849012 0.425429106 101.416687012
0.422434330 -0.053020544 -0.904841661 -85.601074219 0.035685796 0.998486221 -0.041847590 -8.533739090 0.905691087 -0.014612194 0.423686713 101.935379028
0.420687228 -0.053632848 -0.905619740 -86.696922302 0.036952950 0.998434544 -0.041963845 -8.613623619 0.906453133 -0.015811685 0.422009677 102.448188782
0.419437468 -0.054569706 -0.906143367 -87.769531250 0.038078353 0.998369694 -0.042497996 -8.683465958 0.906985581 -0.016679207 0.420830637 102.939331055
0.419111907 -0.056403007 -0.906182349 -88.814712524 0.039059188 0.998263240 -0.044069339 -8.759942055 0.907094300 -0.016924730 0.420585334 103.406936646
0.419317842 -0.056430995 -0.906084716 -89.849395752 0.037890341 0.998283684 -0.044638276 -8.826951027 0.907048643 -0.015614235 0.420735329 103.857933044
0.421835929 -0.056171928 -0.904931247 -90.895660400 0.035634428 0.998334408 -0.045358688 -8.908922195 0.905971944 -0.013112786 0.423133880 104.350158691
0.425874859 -0.056688622 -0.903005123 -91.923393250 0.033992231 0.998332679 -0.046641663 -8.992094994 0.904143512 -0.010831650 0.427090645 104.845779419
0.431001276 -0.057167348 -0.900538445 -92.939987183 0.033098865 0.998321354 -0.047533516 -9.068527222 0.901744366 -0.009319828 0.432169497 105.316467285
0.437040716 -0.056562159 -0.897661984 -93.941123962 0.031214405 0.998372734 -0.047710776 -9.142566681 0.898900151 -0.007168440 0.438093990 105.785324097
0.443646938 -0.055233203 -0.894498527 -94.948661804 0.029721245 0.998456120 -0.046911411 -9.214816093 0.895708978 -0.005773508 0.444602519 106.262207031
0.451510489 -0.054404624 -0.890606284 -95.942970276 0.029017836 0.998505950 -0.046284758 -9.282718658 0.891794086 -0.004945410 0.452413648 106.782386780
0.460499853 -0.053991649 -0.886017621 -96.924545288 0.028947953 0.998529196 -0.045802377 -9.353669167 0.887188017 -0.004556376 0.461383969 107.282577515
0.470595270 -0.053944625 -0.880699396 -97.900863647 0.028689098 0.998536170 -0.045832597 -9.423721313 0.881882966 -0.003697867 0.471453100 107.810066223
0.479207098 -0.054878246 -0.875985384 -98.891120911 0.028779900 0.998488247 -0.046808757 -9.496410370 0.877230167 -0.002779684 0.480061114 108.337669373
0.490137577 -0.055259503 -0.869892538 -99.840339661 0.024775572 0.998467505 -0.049467508 -9.567785263 0.871293247 0.002693796 0.490754664 108.853195190
0.502004981 -0.055828169 -0.863061309 -100.782844543 0.022577461 0.998420179 -0.051451813 -9.643295288 0.864570141 0.006343293 0.502472162 109.379158020
0.513949037 -0.053992271 -0.856120646 -101.726715088 0.019864840 0.998497844 -0.051046181 -9.713415146 0.857590914 0.009228431 0.514248729 109.927673340
0.527187645 -0.051560473 -0.848184049 -102.631362915 0.018249782 0.998613238 -0.049361888 -9.788068771 0.849553347 0.010543797 0.527396739 110.497634888
0.539349139 -0.050354149 -0.840576172 -103.538955688 0.018826859 0.998681188 -0.047745261 -9.854887009 0.841872156 0.009925953 0.539585054 111.081512451
0.550865233 -0.049042720 -0.833153427 -104.454757690 0.018371698 0.998740911 -0.046642818 -9.923727989 0.834392428 0.010387494 0.551071167 111.657638550
0.562656522 -0.049475938 -0.825209916 -105.330726624 0.018350244 0.998708129 -0.047366336 -10.004461288 0.826487422 0.011508165 0.562836647 112.278015137
0.573748171 -0.050212976 -0.817492187 -106.184707642 0.018250620 0.998653829 -0.048531562 -10.065548897 0.818828762 0.012925142 0.573891342 112.883972168
0.584103882 -0.052265126 -0.809995472 -107.040802002 0.021060470 0.998563707 -0.049245451 -10.139860153 0.811406016 0.011705562 0.584364712 113.458885193
0.595095515 -0.051766835 -0.801986575 -107.891685486 0.021282159 0.998588324 -0.048665311 -10.216366768 0.803373456 0.011892447 0.595356584 114.078849792
0.605543554 -0.049879275 -0.794248581 -108.691215515 0.020573217 0.998680651 -0.047032516 -10.277036667 0.795546770 0.012139977 0.605769813 114.708862305
0.615977287 -0.047033444 -0.786359727 -109.518203735 0.019526590 0.998820007 -0.044445358 -10.335302353 0.787522435 0.012022397 0.616167903 115.350982666
0.625441372 -0.046881557 -0.778862894 -110.310401917 0.021053340 0.998842180 -0.043216333 -10.406498909 0.779987633 0.010631677 0.625703096 115.949684143
0.635638416 -0.045831706 -0.770626247 -111.067062378 0.019065067 0.998862684 -0.043680202 -10.477043152 0.771752000 0.013072775 0.635788620 116.585441589
0.644825637 -0.045058146 -0.763001382 -111.847648621 0.017070435 0.998859882 -0.044560004 -10.544118881 0.764139652 0.015708664 0.644858897 117.224884033
0.654162824 -0.045102727 -0.755008757 -112.584510803 0.017624060 0.998857379 -0.044399761 -10.612528801 0.756148994 0.015738349 0.654209554 117.855377197
0.663415253 -0.042687971 -0.747033000 -113.338851929 0.016235454 0.998957336 -0.042665698 -10.668271065 0.748075724 0.016176593 0.663416207 118.513587952
0.671902597 -0.041555874 -0.739473581 -114.063217163 0.016561167 0.999017060 -0.041093495 -10.716386795 0.740454793 0.015364285 0.671929836 119.156318665
0.679991782 -0.040713005 -0.732089400 -114.744773865 0.016657362 0.999056339 -0.040087637 -10.772511482 0.733031034 0.015064588 0.680027723 119.791549683
0.687907755 -0.040775828 -0.724652529 -115.483360291 0.017423574 0.999059677 -0.039676514 -10.845627785 0.725589454 0.014667759 0.687970996 120.444503784
0.695609868 -0.039101839 -0.717356265 -116.148391724 0.016111510 0.999114096 -0.038836788 -10.906873703 0.718239903 0.015457644 0.695623159 121.108543396
0.703146815 -0.036738619 -0.710095942 -116.815483093 0.015181717 0.999211550 -0.036663607 -10.956626892 0.710883319 0.014999439 0.703149796 121.790145874
0.709942997 -0.034131058 -0.703432560 -117.485481262 0.013996471 0.999310672 -0.034361262 -11.011195183 0.704120815 0.014548980 0.709930897 122.462173462
0.717362702 -0.032650437 -0.695935309 -118.100791931 0.013550350 0.999365449 -0.032918569 -11.052326202 0.696568906 0.014184403 0.717349589 123.101219177
0.725000262 -0.031507660 -0.688027799 -118.752792358 0.013034138 0.999402046 -0.032032274 -11.111911774 0.688625693 0.014255504 0.724976897 123.743690491
0.733354270 -0.028412808 -0.679253697 -119.369361877 0.009212939 0.999449253 -0.031859666 -11.148868561 0.679785073 0.017106522 0.733211696 124.411567688
0.741369903 -0.025884813 -0.670598209 -119.969223022 0.009122812 0.999551594 -0.028496668 -11.202091217 0.671035349 0.015008852 0.741273224 125.046012878
0.751391828 -0.022345718 -0.659479439 -120.553268433 0.007699356 0.999653935 -0.025099630 -11.230342865 0.659812152 0.013782193 0.751303673 125.700897217
0.761592388 -0.019582924 -0.647761405 -121.103202820 0.005059650 0.999692082 -0.024273574 -11.287165642 0.648037314 0.015209152 0.761456549 126.386840820
0.771236479 -0.019163007 -0.636260331 -121.668617249 0.004044897 0.999674559 -0.025205428 -11.308464050 0.636536062 0.016865699 0.771062374 127.039680481
0.780830503 -0.020156788 -0.624418557 -122.222572327 0.004794568 0.999642849 -0.026273759 -11.362334251 0.624725044 0.017521570 0.780647993 127.693794250
0.790855527 -0.019548209 -0.611692011 -122.729095459 0.004279326 0.999640584 -0.026413281 -11.393509865 0.611988723 0.018271562 0.790655255 128.376617432
0.801148415 -0.017793251 -0.598201931 -123.232765198 0.003761911 0.999687433 -0.024697039 -11.428641319 0.598454475 0.017535638 0.800964832 129.073318481
0.811058879 -0.015647771 -0.584756017 -123.718284607 0.003075983 0.999741971 -0.022486139 -11.451538086 0.584957123 0.016438909 0.810897589 129.751556396
0.820600688 -0.014336924 -0.571322441 -124.219474792 0.003536782 0.999794006 -0.020009175 -11.492055893 0.571491659 0.014398853 0.820481777 130.450637817
0.829250216 -0.012875278 -0.558730125 -124.675895691 0.004253997 0.999850631 -0.016726682 -11.534435272 0.558862209 0.011493796 0.829180956 131.128479004
0.837660670 -0.012328497 -0.546052873 -125.135620117 0.005046136 0.999876678 -0.014833733 -11.558637619 0.546168625 0.009670203 0.837619483 131.836471558
0.844912887 -0.012323453 -0.534762859 -125.585456848 0.006134144 0.999891520 -0.013350355 -11.592308998 0.534869552 0.007999600 0.844896734 132.548370361
0.851544559 -0.012375711 -0.524137497 -126.039253235 0.006503012 0.999892175 -0.013043751 -11.617321968 0.524242342 0.007698961 0.851533890 133.277313232
0.858259916 -0.011644144 -0.513083994 -126.480178833 0.005830409 0.999898791 -0.012939271 -11.631409645 0.513182819 0.008113794 0.858240843 133.991851807
0.864813805 -0.010082682 -0.501992106 -126.920692444 0.004597653 0.999914944 -0.012162906 -11.661662102 0.502072155 0.008210693 0.864786685 134.736465454
0.870785952 -0.009232174 -0.491576374 -127.332778931 0.003919944 0.999921739 -0.011835376 -11.663466454 0.491647303 0.008379155 0.870754063 135.435470581
0.876767337 -0.009455970 -0.480822444 -127.756912231 0.004384636 0.999921858 -0.011669374 -11.703676224 0.480895370 0.008123123 0.876740277 136.222839355
0.881832302 -0.010402466 -0.471448094 -128.150634766 0.005068169 0.999908566 -0.012583013 -11.739924431 0.471536249 0.008706689 0.881803930 136.988861084
0.886000395 -0.011213126 -0.463549405 -128.557312012 0.005552543 0.999891877 -0.013574245 -11.766028404 0.463651687 0.009452936 0.885967076 137.748535156
0.889561415 -0.010681627 -0.456691235 -128.958572388 0.005332456 0.999900758 -0.013000020 -11.778211594 0.456784874 0.009129057 0.889530301 138.532806396
0.892771423 -0.008800041 -0.450425506 -129.350875854 0.005032257 0.999940157 -0.009561644 -11.801060677 0.450482339 0.006269800 0.892762899 139.298065186
0.896385252 -0.004432531 -0.443254203 -129.780578613 0.002212379 0.999981999 -0.005525681 -11.817352295 0.443270624 0.003972523 0.896378815 140.113174438
0.899127901 -0.002019895 -0.437680990 -130.148590088 0.000886128 0.999996543 -0.002794603 -11.829994202 0.437685370 0.002124837 0.899125874 140.914215088
0.902749419 0.000971172 -0.430166394 -130.576309204 -0.001195618 0.999998987 -0.000251405 -11.856820107 0.430165708 0.000741301 0.902749538 141.749237061
0.905770779 0.002553914 -0.423762292 -130.955993652 -0.002047636 0.999995232 0.001650141 -11.851874352 0.423764080 -0.000626854 0.905772030 142.583160400
0.908719182 0.003687159 -0.417392641 -131.351165771 -0.001997088 0.999987721 0.004485824 -11.875616074 0.417403996 -0.003242755 0.908715189 143.422332764
0.912313461 0.003887263 -0.409474999 -131.756011963 -0.001302453 0.999977112 0.006591266 -11.890499115 0.409491211 -0.005479947 0.912297547 144.285430908
0.915935874 0.003710193 -0.401306957 -132.146179199 -0.000706013 0.999971330 0.007633625 -11.887946129 0.401324004 -0.006708601 0.915911734 145.202713013
0.919554412 0.002906029 -0.392952949 -132.529571533 -0.000047634 0.999973118 0.007283767 -11.859078407 0.392963469 -0.006679068 0.919529796 146.092117310
0.923337996 0.000482986 -0.383989036 -132.909347534 0.002451980 0.999971032 0.007153868 -11.902425766 0.383981347 -0.007546936 0.923310101 146.996185303
0.927191615 -0.001130014 -0.374586791 -133.288284302 0.003541964 0.999976814 0.005750660 -11.894635201 0.374571502 -0.006658701 0.927174211 147.927413940
0.931694210 -0.002360363 -0.363238752 -133.658447266 0.004045563 0.999982893 0.003878885 -11.917870522 0.363222957 -0.005083347 0.931688368 148.866271973
0.937027752 -0.000624838 -0.349255562 -134.027053833 0.001786685 0.999993622 0.003004589 -11.917036057 0.349251479 -0.003439359 0.937022746 149.837158203
0.942989409 0.002783919 -0.332812428 -134.403808594 -0.001542042 0.999990463 0.003995626 -11.926650047 0.332820445 -0.003254587 0.942984641 150.810775757
0.949141502 0.006808599 -0.314775467 -134.718978882 -0.004846070 0.999964237 0.007016917 -11.934954643 0.314812571 -0.005134640 0.949140131 151.801132202
0.955387056 0.009677233 -0.295199543 -135.036773682 -0.007484942 0.999934971 0.008555629 -11.939926147 0.295263171 -0.005964351 0.955397308 152.803100586
0.961707354 0.011366717 -0.273846358 -135.341598511 -0.009148791 0.999912560 0.009375037 -11.949405670 0.273928434 -0.006510593 0.961727738 153.857910156
0.967615783 0.012960281 -0.252095789 -135.625442505 -0.010649865 0.999887288 0.010527238 -11.939544678 0.252203852 -0.007501500 0.967644930 154.878295898
0.973137319 0.013418245 -0.229834899 -135.888977051 -0.010655258 0.999854863 0.013258632 -11.958614349 0.229979470 -0.010453485 0.973139286 155.983139038
0.977917612 0.015702588 -0.208397552 -136.122314453 -0.012499290 0.999783397 0.016679233 -11.945253372 0.208615065 -0.013706097 0.977901757 157.059722900
0.982328117 0.017580636 -0.186340988 -136.340774536 -0.013920435 0.999683440 0.020932958 -11.962436676 0.186650127 -0.017969046 0.982261956 158.158233643
0.986325324 0.019594528 -0.163642809 -136.541091919 -0.015874231 0.999585092 0.024011254 -11.948199272 0.164045542 -0.021085165 0.986227274 159.291412354
0.989812255 0.020975975 -0.140831873 -136.709106445 -0.017776668 0.999553561 0.023937099 -11.928694725 0.141270548 -0.021189632 0.989744008 160.416198730
0.992626071 0.020617973 -0.119451597 -136.858840942 -0.018133348 0.999596238 0.021850184 -11.921780586 0.119853951 -0.019522965 0.992599487 161.552185059
0.994984627 0.020680802 -0.097868323 -136.986816406 -0.018749114 0.999611139 0.020616528 -11.906233788 0.098256700 -0.018678142 0.994985640 162.726943970
0.996829987 0.019140439 -0.077215761 -137.081924438 -0.017464388 0.999598920 0.022323525 -11.898143768 0.077612787 -0.020904236 0.996764302 163.908340454
0.998156786 0.019787129 -0.057373118 -137.165573120 -0.018415667 0.999533653 0.024335420 -11.892012596 0.057827916 -0.023233963 0.998056114 165.100341797
0.999121249 0.019985558 -0.036863562 -137.210632324 -0.019069793 0.999503076 0.025028639 -11.882411003 0.037344750 -0.024303589 0.999006808 166.288726807
0.999638617 0.021509653 -0.016131945 -137.267120361 -0.021093354 0.999450505 0.025547417 -11.869844437 0.016672596 -0.025197865 0.999543428 167.513076782
0.999753058 0.021753583 0.004415364 -137.253585815 -0.021861501 0.999421775 0.026067207 -11.851655006 -0.003845040 -0.026157286 0.999650419 168.748474121
0.999395907 0.023998652 0.025137596 -137.228134155 -0.024635939 0.999374330 0.025356382 -11.831383705 -0.024513369 -0.025960321 0.999362290 169.991836548
0.998659372 0.025358904 0.045138970 -137.196289062 -0.026472850 0.999353528 0.024254134 -11.819684982 -0.044495512 -0.025416523 0.998686075 171.237609863
0.997577846 0.025233254 0.064810298 -137.123245239 -0.026700681 0.999404669 0.021876015 -11.810443878 -0.064219005 -0.023553500 0.997657895 172.510192871
0.996121049 0.027144028 0.083701499 -137.066772461 -0.028866379 0.999393642 0.019435998 -11.797315598 -0.083123252 -0.021776732 0.996301174 173.783721924
0.994303524 0.027595041 0.102956407 -136.917007446 -0.029536823 0.999410450 0.017383568 -11.792633057 -0.102416910 -0.020325495 0.994533539 175.054885864
0.992103994 0.027660914 0.122328512 -136.746810913 -0.029625503 0.999458432 0.014270061 -11.807912827 -0.121867657 -0.017781397 0.992386937 176.375839233
0.989641726 0.028987173 0.140595391 -136.602569580 -0.030565934 0.999492228 0.009082153 -11.797862053 -0.140260056 -0.013285508 0.990025759 177.645858765
0.986901045 0.030196188 0.158474669 -136.402191162 -0.030983580 0.999516189 0.002499766 -11.818633080 -0.158322662 -0.007377105 0.987359762 178.955032349
0.983829856 0.032900888 0.176060632 -136.192550659 -0.032874890 0.999452889 -0.003065001 -11.817381859 -0.176066130 -0.002772472 0.984373927 180.274932861
0.980447948 0.034784973 0.193674594 -135.946472168 -0.034076616 0.999395490 -0.006988768 -11.850283623 -0.193799958 0.000252356 0.981041014 181.604171753
0.976739109 0.037353314 0.211151540 -135.681793213 -0.036022820 0.999298930 -0.010145443 -11.881916046 -0.211382613 0.002303215 0.977400362 182.948089600
0.972803354 0.036606777 0.228723660 -135.380538940 -0.035221998 0.999326169 -0.010134743 -11.907536507 -0.228941560 0.001803072 0.973437965 184.274826050
0.968593240 0.035121262 0.246156603 -135.038421631 -0.033668105 0.999381423 -0.010110637 -11.925080299 -0.246359587 0.001505505 0.969177127 185.605163574
0.964209080 0.035014741 0.262816221 -134.701217651 -0.032114785 0.999367476 -0.015323065 -11.991282463 -0.263185829 0.006334367 0.964724481 186.953170776
0.959613204 0.036326602 0.278968781 -134.326553345 -0.032012843 0.999285221 -0.020004783 -12.031682968 -0.279497147 0.010266343 0.960091054 188.276199341
0.954458177 0.038835786 0.295802236 -133.918838501 -0.034296695 0.999201834 -0.020520261 -12.068266869 -0.296362340 0.009440719 0.955029011 189.646987915
0.948874712 0.040087167 0.313095480 -133.507873535 -0.035447422 0.999160588 -0.020499598 -12.101283073 -0.313654751 0.008353174 0.949500084 190.985137939
0.942716777 0.044613391 0.330597907 -133.056259155 -0.038828593 0.998953581 -0.024084723 -12.166879654 -0.331327617 0.009868481 0.943463624 192.337448120
0.936350465 0.045528419 0.348098099 -132.579177856 -0.038214911 0.998882055 -0.027851060 -12.226407051 -0.348976284 0.012775858 0.937044501 193.702606201
0.929847062 0.046218343 0.365030527 -132.059616089 -0.037579812 0.998820126 -0.030738048 -12.274693489 -0.366020799 0.014863963 0.930487752 195.028808594
0.922778845 0.046548050 0.382508636 -131.531738281 -0.035658762 0.998730779 -0.035512544 -12.356715202 -0.383677512 0.019130519 0.923268497 196.378814697
0.914625943 0.049671024 0.401235461 -130.957855225 -0.035864193 0.998480499 -0.041853596 -12.437105179 -0.402704120 0.023890458 0.915018499 197.740051270
0.905063629 0.053280417 0.421925992 -130.363830566 -0.037521075 0.998253942 -0.045573127 -12.516776085 -0.423618913 0.025415542 0.905483484 199.084060669
0.893479645 0.056086328 0.445584953 -129.735168457 -0.039206497 0.998125136 -0.047018819 -12.593960762 -0.447386026 0.024540605 0.894004345 200.408264160
