1.000000000 0.000000000 -0.000000000 0.000000000 0.000000000 1.000000000 0.000000000 0.000000000 -0.000000000 0.000000000 1.000000000 0.000000000
0.999845028 0.000511468 0.017596569 -0.013636689 -0.000509024 0.999999881 -0.000143378 0.000904773 -0.017596640 0.000134398 0.999845147 0.138675854
0.999281108 0.004865891 0.037598338 0.048929535 -0.004852158 0.999988139 -0.000456469 0.006529395 -0.037600111 0.000273708 0.999292850 0.280171424
0.997901917 0.005683037 0.064493999 0.069839172 -0.005743218 0.999983251 0.000747762 0.000783729 -0.064488672 -0.001116596 0.997917831 0.425646871
0.995141506 0.005237604 0.098315723 0.102349438 -0.005550452 0.999980390 0.002908850 0.003125877 -0.098298542 -0.003440413 0.995151043 0.605863631
0.990829587 0.002034830 0.135102317 0.227363542 -0.002710909 0.999984741 0.004820421 0.012742155 -0.135090426 -0.005142465 0.990819931 0.825369418
0.984494328 -0.001122178 0.175413087 0.250683308 0.000150450 0.999984503 0.005552850 -0.005012928 -0.175416604 -0.005440357 0.984479189 0.996617377
0.975794077 -0.001525992 0.218685836 0.348417580 0.000043631 0.999977052 0.006783166 -0.004994967 -0.218691096 -0.006609431 0.975771785 1.210656762
0.963774920 -0.001462364 0.266712338 0.441474676 -0.001221356 0.999950290 0.009896073 0.018312611 -0.266713500 -0.009863336 0.963725388 1.429146886
0.949521363 -0.005064233 0.313660562 0.586967885 -0.000125659 0.999863505 0.016523782 0.008825844 -0.313701332 -0.015729098 0.949391365 1.646872878
0.932127714 -0.015040366 0.361816853 0.668151259 0.006540718 0.999673247 0.024704952 -0.004019563 -0.362070233 -0.020661624 0.931921780 1.855532169
0.911143959 -0.020667719 0.411569953 0.872371018 0.009334028 0.999520183 0.029528784 -0.006192123 -0.411982864 -0.023063350 0.910899699 2.081987381
0.886405230 -0.022665452 0.462354362 1.079234242 0.008225291 0.999414027 0.033223934 -0.005491232 -0.462836415 -0.025646875 0.886072636 2.341057062
0.857765257 -0.024304671 0.513466179 1.230378151 0.005788465 0.999274850 0.037630338 0.026732603 -0.514008462 -0.029305818 0.857284367 2.538995504
0.825688660 -0.029888654 0.563332558 1.455890894 0.007059102 0.999064803 0.042660564 0.011031616 -0.564080715 -0.031247754 0.825128078 2.749652863
0.789239645 -0.035563573 0.613054037 1.676928520 0.009464245 0.998907506 0.045762945 0.018575255 -0.614011705 -0.030315856 0.788714409 2.995699644
0.751422167 -0.039996155 0.658607841 1.927252769 0.010405827 0.998755336 0.048780486 0.018256908 -0.659739077 -0.029801397 0.750903606 3.188537121
0.711787164 -0.043386508 0.701053441 2.265090466 0.011846345 0.998690009 0.049778786 0.031177511 -0.702294946 -0.027126998 0.711369157 3.417720079
0.669791937 -0.045316283 0.741164625 2.533453226 0.010891653 0.998628199 0.051215257 0.052084118 -0.742469072 -0.026231065 0.669366896 3.613659143
0.627528667 -0.045651462 0.777253568 2.898102045 0.006585272 0.998555124 0.053332705 0.077786222 -0.778565466 -0.028349405 0.626922965 3.825865984
0.585621595 -0.046416555 0.809254110 3.227617502 0.003632123 0.998499393 0.054642700 0.093048364 -0.810576260 -0.029060666 0.584911823 4.033601761
0.545504034 -0.047440775 0.836764097 3.602385044 0.001461118 0.998449087 0.055655029 0.112547651 -0.838106811 -0.029137464 0.544727743 4.236932278
0.506622314 -0.050283454 0.860699952 4.011952877 0.000432017 0.998312533 0.058068704 0.120156765 -0.862167716 -0.029047115 0.505789697 4.456278324
0.469423294 -0.050001353 0.881556153 4.400364876 -0.002672179 0.998310268 0.058046490 0.149059594 -0.882969141 -0.029604072 0.468496710 4.641090870
0.433549732 -0.049405556 0.899774075 4.871586800 -0.003703099 0.998389840 0.056604732 0.177926406 -0.901122034 -0.027872941 0.432668895 4.824944019
0.399334311 -0.048052106 0.915545046 5.391248703 -0.002243834 0.998571336 0.053388402 0.193455115 -0.916802645 -0.023374168 0.398656160 5.030131817
0.369722217 -0.046175953 0.927994490 5.907053947 -0.000212533 0.998760164 0.049781851 0.212343886 -0.929142475 -0.018602682 0.369254053 5.205219269
0.344233215 -0.044204172 0.937842846 6.458943844 0.000766443 0.998904049 0.046800893 0.234084010 -0.938883960 -0.015391640 0.343890131 5.387237549
0.323867202 -0.043622285 0.945096254 7.058136463 0.002110060 0.998967409 0.045385696 0.258573532 -0.946100295 -0.012704752 0.323625177 5.566684246
0.308861494 -0.044227093 0.950078070 7.625454426 0.003273635 0.998961926 0.045438442 0.290902853 -0.951101482 -0.010924001 0.308686018 5.766492367
0.297118962 -0.045954168 0.953733683 8.241812706 0.004061243 0.998893201 0.046864882 0.309568405 -0.954831839 -0.010051155 0.296977371 5.947154999
0.287002861 -0.047977395 0.956727505 8.879753113 0.003285015 0.998788476 0.049101196 0.350289166 -0.957924187 -0.010949346 0.286813080 6.125141144
0.276274174 -0.049388971 0.959809005 9.543922424 0.001162144 0.998695254 0.051055431 0.367434174 -0.961078346 -0.012989888 0.275971472 6.325910568
0.265779555 -0.051410992 0.962662041 10.238808632 0.000687098 0.998586833 0.053139865 0.407811612 -0.964033782 -0.013462073 0.265439659 6.518205166
0.256635845 -0.053389810 0.965032458 10.959389687 -0.000042695 0.998472631 0.055251218 0.431276262 -0.966508389 -0.014220672 0.256241918 6.715285778
0.245128006 -0.054808676 0.967940748 11.706955910 -0.000794005 0.998389006 0.056733891 0.457696229 -0.969490945 -0.014675612 0.244689643 6.890324593
0.233963698 -0.055888034 0.970637739 12.455862045 -0.001550597 0.998323739 0.057855938 0.480535328 -0.972244442 -0.015041284 0.233485162 7.048822403
0.224214196 -0.058680695 0.972771704 13.212562561 -0.002713534 0.998144150 0.060836695 0.511927962 -0.974536419 -0.016280130 0.223639131 7.252384186
0.213102713 -0.061943669 0.975064337 14.002111435 -0.004850914 0.997908890 0.064455137 0.548475206 -0.977018118 -0.018465545 0.212356910 7.415229321
0.200145468 -0.066505559 0.977506638 14.820941925 -0.004407587 0.997622371 0.068776652 0.606504321 -0.979756653 -0.018073808 0.199376762 7.560859203
0.187876523 -0.068922840 0.979771674 15.580063820 -0.005584690 0.997443914 0.071236931 0.645834982 -0.982177258 -0.018855501 0.187011629 7.722588062
0.174009115 -0.069494285 0.982288778 16.381423950 -0.006084986 0.997412264 0.071642175 0.681933224 -0.984725475 -0.018443678 0.173136398 7.867401600
0.159782574 -0.068412028 0.984778941 17.171806335 -0.007911054 0.997475028 0.070577621 0.716471434 -0.987120807 -0.019067744 0.158838138 8.002388954
0.143437296 -0.067356281 0.987364769 17.974233627 -0.008992152 0.997551441 0.069357522 0.748170137 -0.989618838 -0.018827025 0.142480627 8.122207642
0.122450687 -0.065965518 0.990280092 18.807857513 -0.011436448 0.997628808 0.067869179 0.779930890 -0.992408931 -0.019635949 0.121406160 8.218061447
0.097768866 -0.064789504 0.993098199 19.598287582 -0.015564854 0.997657239 0.066619284 0.832225323 -0.995087624 -0.021970756 0.096531607 8.315816879
0.067179821 -0.064154088 0.995676458 20.453971863 -0.019859636 0.997646987 0.065621033 0.869990766 -0.997543454 -0.024182213 0.065747902 8.360937119
0.033607144 -0.064073220 0.997379959 21.296094894 -0.022591395 0.997638941 0.064851135 0.913693726 -0.999179900 -0.024711663 0.032080334 8.367054939
-0.000880102 -0.063235953 0.997998595 22.150070190 -0.024241541 0.997706652 0.063196115 0.945689201 -0.999706030 -0.024137435 -0.002410767 8.369997978
-0.034589775 -0.062168159 0.997466445 23.012140274 -0.025711142 0.997788429 0.061296672 0.977292955 -0.999071121 -0.023525802 -0.036111437 8.327413559
-0.067207411 -0.060436700 0.995907187 23.831840515 -0.027881563 0.997887671 0.058675390 1.007087708 -0.997349739 -0.023824062 -0.068750255 8.273737907
-0.099435024 -0.057356779 0.993389964 24.672777176 -0.029036677 0.998079360 0.054721128 1.054225683 -0.994620740 -0.023403579 -0.100909241 8.193428040
-0.132164016 -0.052713260 0.989825070 25.489519119 -0.027383121 0.998398304 0.049513631 1.076811552 -0.990850329 -0.020560643 -0.133395374 8.057851791
-0.164109066 -0.047466330 0.985299826 26.372938156 -0.022539562 0.998761177 0.044360761 1.096620321 -0.986185193 -0.014928254 -0.164975405 7.909674644
-0.195923433 -0.041277032 0.979750335 27.192852020 -0.016322274 0.999112546 0.038828816 1.097211719 -0.980483890 -0.008384304 -0.196423084 7.679272175
-0.224636361 -0.035650596 0.973790586 28.003795624 -0.010314699 0.999361515 0.034207392 1.114446878 -0.974388659 -0.002360158 -0.224860474 7.498826981
-0.251074433 -0.028607756 0.967545569 28.822875977 -0.001642475 0.999574244 0.029128592 1.135033727 -0.967966616 0.005724269 -0.251014531 7.270983219
-0.277274579 -0.018357087 0.960615396 29.624431610 0.003958718 0.999786913 0.020248363 1.144863367 -0.960782945 0.009417146 -0.277142763 7.029523849
-0.302888423 -0.003341286 0.953019679 30.415943146 0.008258747 0.999946833 0.006130674 1.119525790 -0.952990830 0.009727648 -0.302844524 6.761576653
-0.328660011 0.013619903 0.944350123 31.173332214 0.008869505 0.999896288 -0.011334127 1.075857520 -0.944406986 0.004650836 -0.328746647 6.507504463
-0.352901906 0.028463520 0.935228109 31.969367981 0.008905074 0.999594212 -0.027062178 1.071830273 -0.935618281 -0.001222033 -0.353012145 6.187751770
-0.376863718 0.038955320 0.925449431 32.752773285 0.013409531 0.999239802 -0.036600698 1.042093039 -0.926172018 -0.001383641 -0.377099603 5.862854481
-0.400403500 0.044130426 0.915275931 33.500751495 0.016886489 0.999025106 -0.040781099 0.995532453 -0.916183829 -0.000873101 -0.400758415 5.510304928
-0.423354715 0.043171626 0.904934406 34.231349945 0.019184461 0.999066710 -0.038687292 0.943455219 -0.905761480 0.000982240 -0.423787951 5.169053078
-0.443795145 0.039810821 0.895243704 34.978054047 0.024090545 0.999181271 -0.032490510 0.923577547 -0.895804882 0.007147778 -0.444391072 4.795451164
-0.461440504 0.038255490 0.886346161 35.707637787 0.030197218 0.999167919 -0.027403967 0.891458213 -0.886657596 0.014119896 -0.462211907 4.374797344
-0.475224227 0.038954616 0.879002869 36.413276672 0.033830710 0.999089599 -0.025986182 0.816026032 -0.879214466 0.017388025 -0.476109624 4.000432014
-0.486600667 0.042207900 0.872604489 37.125076294 0.036124188 0.998949885 -0.028174808 0.750555873 -0.872877836 0.017812278 -0.487614542 3.596173525
-0.495951086 0.045380808 0.867163420 37.811679840 0.038705979 0.998795807 -0.030132551 0.732151568 -0.867488146 0.018620191 -0.497110546 3.185631275
-0.507005811 0.044400658 0.860798538 38.497795105 0.032066837 0.998952448 -0.032639485 0.658134878 -0.861346483 0.011054694 -0.507898569 2.805211067
-0.518091023 0.043079995 0.854240656 39.200412750 0.030509004 0.999025941 -0.031878065 0.657931626 -0.854781449 0.009546289 -0.518900931 2.373469353
-0.526619256 0.044589616 0.848931313 39.874935150 0.032939095 0.998943627 -0.032035686 0.617750168 -0.849463463 0.011092431 -0.527531803 1.956195951
-0.533917248 0.047592148 0.844196618 40.554706573 0.036774755 0.998776674 -0.033048239 0.568611145 -0.844737291 0.013400109 -0.535014510 1.508442163
-0.537519395 0.050976876 0.841709375 41.249141693 0.037747629 0.998624742 -0.036374353 0.532090545 -0.842406750 0.012220629 -0.538704693 1.067842722
-0.536999047 0.052424286 0.841952205 41.958003998 0.037095129 0.998568594 -0.038516629 0.488836527 -0.842768073 0.010548973 -0.538175285 0.620667994
-0.533727765 0.053497016 0.843962848 42.689990997 0.039694574 0.998481572 -0.038188461 0.453604996 -0.844724834 0.013118517 -0.535041213 0.159965113
-0.528323293 0.052348245 0.847428262 43.435764313 0.037947353 0.998555601 -0.038025782 0.417284846 -0.848195493 0.012067768 -0.529547095 -0.276542395
-0.521388054 0.050916430 0.851799548 44.192787170 0.036020651 0.998641372 -0.037645567 0.371362776 -0.852559566 0.011054444 -0.522514224 -0.733057618
-0.514141679 0.050100341 0.856241047 44.964565277 0.033819240 0.998700082 -0.038128618 0.319003552 -0.857038856 0.009353927 -0.515168130 -1.205430388
-0.507706165 0.048731700 0.860152006 45.765449524 0.031135993 0.998784602 -0.038207777 0.273907512 -0.860967517 0.007383352 -0.508607149 -1.664846420
-0.503325999 0.046587128 0.862840235 46.583152771 0.027179267 0.998904645 -0.038078923 0.225849003 -0.863669693 0.004285262 -0.504041433 -2.124695778
-0.502239347 0.043631043 0.863627672 47.417285919 0.021844571 0.999047339 -0.037768863 0.176673308 -0.864453316 -0.000103432 -0.502714455 -2.582316399
-0.502409220 0.040911537 0.863661408 48.244045258 0.019250488 0.999160826 -0.036131680 0.131560504 -0.864416897 -0.001526985 -0.502775073 -3.069464922
-0.503698289 0.039249118 0.862988055 49.105247498 0.017511996 0.999225616 -0.035224035 0.081033543 -0.863702834 -0.002629642 -0.503995776 -3.559528112
-0.503981233 0.039122839 0.862828553 49.981971741 0.017794311 0.999231458 -0.034913916 0.032398779 -0.863532126 -0.002242518 -0.504290223 -4.058569908
-0.504052937 0.038322195 0.862823129 50.839324951 0.017644612 0.999263465 -0.034074314 -0.012204275 -0.863492668 -0.001951075 -0.504358351 -4.567039013
-0.504094183 0.037605412 0.862829447 51.722999573 0.017884189 0.999291241 -0.033104334 -0.060122024 -0.863464773 -0.001256694 -0.504409134 -5.078793526
-0.504333913 0.037016116 0.862715423 52.620216370 0.017507650 0.999313414 -0.032642230 -0.115219899 -0.863331914 -0.001358465 -0.504635811 -5.600101948
-0.504461944 0.035655268 0.862698376 53.507263184 0.015845878 0.999361157 -0.032037601 -0.158198282 -0.863288701 -0.002491547 -0.504705250 -6.108535290
-0.504645705 0.035257973 0.862606704 54.406925201 0.015533543 0.999374449 -0.031760629 -0.211839408 -0.863187432 -0.002628537 -0.504877925 -6.622629642
-0.503803730 0.034091610 0.863145173 55.295970917 0.014475579 0.999412894 -0.031024575 -0.259465009 -0.863698184 -0.003135781 -0.504001200 -7.144236088
-0.502510965 0.032643620 0.863954782 56.187625885 0.014039026 0.999462724 -0.029597931 -0.309487849 -0.864457488 -0.002744213 -0.502699614 -7.655176163
-0.500578940 0.030695001 0.865147352 57.081733704 0.014469415 0.999528229 -0.027090617 -0.359671235 -0.865569949 -0.001042829 -0.500787616 -8.159702301
-0.497883618 0.029238800 0.866751254 57.971908569 0.014987467 0.999571860 -0.025110118 -0.411551178 -0.867115021 0.000488477 -0.498108894 -8.667207718
-0.495646387 0.028972426 0.868041158 58.861854553 0.015095306 0.999578893 -0.024743386 -0.456846774 -0.868394434 0.000839366 -0.495874852 -9.171090126
-0.493622810 0.029473610 0.869177103 59.753379822 0.015900448 0.999563932 -0.024864780 -0.499486983 -0.869531274 0.001546471 -0.493876487 -9.668395042
-0.492507488 0.029779367 0.869799137 60.638832092 0.015808856 0.999555051 -0.025270328 -0.547442973 -0.870165110 0.001304693 -0.492759466 -10.162138939
-0.493523806 0.031096000 0.869176745 61.524597168 0.015180335 0.999515891 -0.027139537 -0.594300687 -0.869600296 -0.000199623 -0.493757248 -10.646341324
-0.496469676 0.032538202 0.867444873 62.399414062 0.013440519 0.999465525 -0.029797794 -0.659686089 -0.867949784 -0.003134800 -0.496642411 -11.152573586
-0.500921130 0.033069253 0.864861488 63.271312714 0.012058830 0.999438941 -0.031230601 -0.718306780 -0.865409434 -0.005214857 -0.501039207 -11.642755508
-0.506322801 0.031634849 0.861764133 64.148422241 0.011970323 0.999487936 -0.029657509 -0.767221093 -0.862261534 -0.004700685 -0.506442487 -12.156388283
-0.511511385 0.029735865 0.858762324 65.000282288 0.015486992 0.999557257 -0.025386417 -0.803438425 -0.859137535 0.000314200 -0.511745632 -12.677013397
-0.517128527 0.027521163 0.855465174 65.871147156 0.012534991 0.999618113 -0.024581306 -0.849040151 -0.855817199 -0.001988451 -0.517275870 -13.183655739
-0.521842539 0.029173834 0.852543294 66.717414856 0.013221050 0.999570847 -0.026112441 -0.911708057 -0.852940023 -0.002355069 -0.522004604 -13.703171730
-0.526901841 0.031374063 0.849347353 67.551856995 0.013986053 0.999502420 -0.028244222 -0.962243617 -0.849811614 -0.003002921 -0.527078867 -14.221341133
-0.532006323 0.032457374 0.846119046 68.387344360 0.012899758 0.999459445 -0.030228648 -1.000019789 -0.846641839 -0.005167110 -0.532138348 -14.732028961
-0.535612702 0.033050794 0.843817353 69.204582214 0.012190516 0.999431551 -0.031407978 -1.049517274 -0.844376326 -0.006535951 -0.535711527 -15.247214317
-0.538679421 0.032143250 0.841898084 70.025863647 0.012153219 0.999463737 -0.030382905 -1.113790989 -0.842423618 -0.006134879 -0.538781524 -15.779221535
-0.542081714 0.025588818 0.839936733 70.856666565 0.014130207 0.999671698 -0.021335751 -1.150898099 -0.840207517 0.000302756 -0.542265713 -16.285923004
-0.543319941 0.017001174 0.839354038 71.690429688 0.014121326 0.999837101 -0.011110965 -1.181999445 -0.839408219 0.005815974 -0.543471575 -16.838050842
-0.545027673 0.014926893 0.838285983 72.514190674 0.014075390 0.999862432 -0.008652609 -1.204643011 -0.838300347 0.007083295 -0.545163333 -17.369735718
-0.545839489 0.019888025 0.837654531 73.316192627 0.014430724 0.999792159 -0.014334104 -1.250705123 -0.837765872 0.004263844 -0.546013534 -17.890014648
-0.547072232 0.023740098 0.836749494 74.122787476 0.014509545 0.999715507 -0.018877303 -1.298161268 -0.836960018 0.001813605 -0.547261655 -18.418104172
-0.547863305 0.030058257 0.836028814 74.897438049 0.022024075 0.999525487 -0.021503784 -1.318947077 -0.836277544 0.006631621 -0.548266292 -18.916215897
-0.547728240 0.031675998 0.836057186 75.682258606 0.025682921 0.999447584 -0.021040710 -1.355920672 -0.836262524 0.009947796 -0.548239708 -19.445056915
-0.547321916 0.028498540 0.836437464 76.477058411 0.025235048 0.999526680 -0.017542666 -1.399607420 -0.836542070 0.011506055 -0.547782481 -19.950231552
-0.546570122 0.023461252 0.837085247 77.290138245 0.023356726 0.999644637 -0.012766705 -1.427485943 -0.837087989 0.012573676 -0.546924293 -20.483797073
-0.545800924 0.017566755 0.837731302 78.081123352 0.021562470 0.999742568 -0.006915594 -1.455712557 -0.837637842 0.014289021 -0.546039641 -20.999889374
-0.545182824 0.010705140 0.838249445 78.887825012 0.012210252 0.999912739 -0.004828371 -1.492691040 -0.838228881 0.007602890 -0.545266271 -21.502220154
-0.543667793 0.005720942 0.839281023 79.712211609 0.004331138 0.999980986 -0.004010750 -1.505776882 -0.839290738 0.001454484 -0.543682158 -22.003499985
-0.541859329 0.006286554 0.840446293 80.507682800 0.007312724 0.999968350 -0.002765057 -1.535451770 -0.840437770 0.004647676 -0.541888595 -22.507692337
-0.538814723 0.009536230 0.842370927 81.295433044 0.012852348 0.999911547 -0.003098808 -1.560821295 -0.842326701 0.009156760 -0.538890064 -23.024290085
-0.533461750 0.013690881 0.845714033 82.091423035 0.014735678 0.999866545 -0.006891370 -1.576433659 -0.845696151 0.008785885 -0.533592880 -23.518203735
-0.525670528 0.015111960 0.850554645 82.887519836 0.019233203 0.999796510 -0.005876814 -1.608177185 -0.850471020 0.013269619 -0.525854945 -24.008457184
-0.517795146 0.017226579 0.855331779 83.693603516 0.025933737 0.999652505 -0.004433628 -1.650455475 -0.855111718 0.019886248 -0.518062711 -24.508043289
-0.508111417 0.017883712 0.861106813 84.481262207 0.026213087 0.999641538 -0.005293308 -1.660464764 -0.860891640 0.019882685 -0.508399487 -24.955024719
-0.497080564 0.014850520 0.867577910 85.312004089 0.021680504 0.999752700 -0.004691087 -1.689668775 -0.867433727 0.016477687 -0.497280270 -25.410554886
-0.485656470 0.011275177 0.874077678 86.106544495 0.022715185 0.999740720 -0.000275109 -1.712566495 -0.873854756 0.019721238 -0.485787421 -25.859203339
-0.474273473 0.010506665 0.880315542 86.933654785 0.022772038 0.999739528 0.000336537 -1.729907870 -0.880083263 0.020206206 -0.474389851 -26.295116425
-0.462223381 0.009017590 0.886718273 87.788879395 0.021711992 0.999762535 0.001150707 -1.757129312 -0.886497974 0.019784324 -0.462309927 -26.725477219
-0.450809628 0.011423379 0.892547071 88.578498840 0.026342342 0.999651432 0.000510883 -1.761911869 -0.892232478 0.023742123 -0.450952977 -27.123249054
-0.438517809 0.013709368 0.898618460 89.412513733 0.024861101 0.999684870 -0.003119227 -1.799049258 -0.898378670 0.020972831 -0.438721061 -27.520269394
-0.426083863 0.025083955 0.904336393 90.284454346 0.028742157 0.999485075 -0.014181065 -1.817608833 -0.904227018 0.019950274 -0.426585972 -27.916587830
-0.414021939 0.028730791 0.909813881 91.080863953 0.027449513 0.999440014 -0.019069815 -1.851175785 -0.909852982 0.017078644 -0.414579302 -28.265872955
-0.402349800 0.025482474 0.915132284 91.936416626 0.025885954 0.999528348 -0.016451413 -1.866200566 -0.915119231 0.017069850 -0.402821422 -28.666627884
-0.390806407 0.020983027 0.920234263 92.760154724 0.025635695 0.999599338 -0.011905673 -1.919550776 -0.920116067 0.018938052 -0.391188264 -29.002574921
-0.380545557 0.022689126 0.924484372 93.600524902 0.024461603 0.999594867 -0.014463379 -1.943080306 -0.924438953 0.017110409 -0.380946904 -29.340084076
-0.373809963 0.026274892 0.927133679 94.448181152 0.018881405 0.999605775 -0.020715959 -1.978686094 -0.927313387 0.009761762 -0.374159247 -29.663328171
-0.368456364 0.031725317 0.929103851 95.305534363 0.012268304 0.999494970 -0.029263629 -2.006852388 -0.929565549 0.000616176 -0.368658721 -29.997158051
-0.365417868 0.033967268 0.930224299 96.155235291 0.009929529 0.999418139 -0.032593276 -2.042327404 -0.930790901 -0.002673474 -0.365542948 -30.319860458
-0.362005144 0.032885980 0.931596458 96.982116699 0.008097215 0.999449432 -0.032134760 -2.095813513 -0.932141244 -0.004089611 -0.362072676 -30.634296417
-0.356742501 0.033458073 0.933604419 97.834999084 0.008018346 0.999430120 -0.032753181 -2.142463684 -0.934167683 -0.004198495 -0.356809258 -30.944778442
-0.351178348 0.028957862 0.935861290 98.665115356 0.004867795 0.999563217 -0.029102320 -2.186175108 -0.936296284 -0.005664523 -0.351166397 -31.241430283
-0.345642924 0.025440052 0.938021481 99.533737183 0.005238404 0.999667525 -0.025181694 -2.228343248 -0.938352942 -0.003790146 -0.345660537 -31.562818527
-0.339891136 0.022612145 0.940193534 100.392402649 0.004063683 0.999735415 -0.022575077 -2.269882441 -0.940456331 -0.003852423 -0.339893669 -31.855892181
-0.333983094 0.021113265 0.942343116 101.238037109 -0.000859226 0.999740362 -0.022703765 -2.312481880 -0.942579091 -0.008392369 -0.333878845 -32.147708893
-0.328094423 0.020544617 0.944422007 102.068557739 -0.012535187 0.999579191 -0.026099222 -2.343523741 -0.944562078 -0.020401541 -0.327699453 -32.414611816
-0.321408689 0.024153639 0.946633160 102.926177979 -0.010209934 0.999526501 -0.028969767 -2.394744396 -0.946884811 -0.018976208 -0.321011990 -32.692333221
-0.314203203 0.028318476 0.948933661 103.782035828 -0.007867385 0.999441326 -0.032430712 -2.445822477 -0.949323416 -0.017655488 -0.313805550 -32.967014313
-0.307848752 0.026311159 0.951071858 104.623413086 -0.009960315 0.999471843 -0.030874137 -2.489812613 -0.951383412 -0.018977568 -0.307424784 -33.232009888
-0.300913066 0.020937787 0.953422129 105.489639282 -0.011454160 0.999605715 -0.025567090 -2.533537626 -0.953583062 -0.018614147 -0.300555259 -33.490036011
-0.293715298 0.018259671 0.955718756 106.351028442 -0.010679016 0.999690652 -0.022381708 -2.565490246 -0.955834568 -0.016780034 -0.293428600 -33.750812531
-0.287346691 0.021115754 0.957594454 107.203765869 -0.012873678 0.999579668 -0.025904588 -2.601140261 -0.957740426 -0.019771384 -0.286954671 -34.003787994
-0.281025797 0.024515608 0.959388018 108.057189941 -0.012085427 0.999502301 -0.029080745 -2.640386105 -0.959623575 -0.019767065 -0.280591637 -34.237422943
-0.274406135 0.025250673 0.961282849 108.911834717 -0.013210724 0.999460220 -0.030024607 -2.678358078 -0.961523533 -0.020938214 -0.273924917 -34.469112396
-0.267468184 0.024349587 0.963259041 109.777160645 -0.013636881 0.999482989 -0.029051824 -2.725030184 -0.963471711 -0.020906346 -0.266996801 -34.702617645
-0.259440988 0.024800627 0.965440989 110.642257690 -0.010564430 0.999535620 -0.028515423 -2.765320301 -0.965701640 -0.017597429 -0.259059012 -34.929046631
-0.251680464 0.025565559 0.967473686 111.501274109 -0.006324586 0.999584436 -0.028059373 -2.806679010 -0.967789173 -0.013180877 -0.251416147 -35.158924103
-0.244742870 0.026477391 0.969226897 112.376029968 -0.003948784 0.999589622 -0.028303964 -2.842225552 -0.969580412 -0.010754479 -0.244538382 -35.379528046
-0.238353580 0.025236465 0.970850348 113.235725403 -0.010536783 0.999534190 -0.028568966 -2.885610342 -0.971122503 -0.017039202 -0.237975657 -35.566543579
-0.232440323 0.023017941 0.972338736 114.120712280 -0.015553816 0.999502182 -0.027379151 -2.931026459 -0.972486734 -0.021487636 -0.231967092 -35.764717102
-0.227460876 0.024127226 0.973488688 115.005325317 -0.011237659 0.999559522 -0.027399104 -2.965726614 -0.973722816 -0.017171988 -0.227090031 -35.971778870
-0.223084599 0.023890972 0.974506676 115.855545044 -0.010864075 0.999574721 -0.026992541 -3.014145136 -0.974739075 -0.016608767 -0.222730637 -36.162952423
-0.218486160 0.025472494 0.975507915 116.735008240 -0.009356672 0.999556720 -0.028196078 -3.052441359 -0.975795627 -0.015287990 -0.218151405 -36.351860046
-0.212537423 0.024293894 0.976851642 117.586738586 -0.003121294 0.999667287 -0.025540387 -3.088325739 -0.977147758 -0.008477343 -0.212392807 -36.536838531
-0.207234561 0.022668330 0.978028893 118.459251404 0.004336515 0.999741077 -0.022252688 -3.129534483 -0.978282213 -0.000370293 -0.207279652 -36.722434998
-0.202384904 0.021856489 0.979062378 119.338554382 0.006758511 0.999756455 -0.020921376 -3.176423550 -0.979283273 0.002382837 -0.202483788 -36.901981354
-0.198337197 0.023630690 0.979849160 120.189392090 0.005700052 0.999718368 -0.022956073 -3.201191425 -0.980117738 0.001032150 -0.198416486 -37.061016083
-0.194789842 0.025798047 0.980505884 121.065971375 0.004058069 0.999664843 -0.025495935 -3.242556810 -0.980837047 -0.000987392 -0.194829673 -37.226936340
-0.193198085 0.024615122 0.980850577 121.951690674 -0.000091538 0.999682844 -0.025105758 -3.287045956 -0.981160760 -0.004940166 -0.193133548 -37.390518188
-0.192123324 0.023412341 0.981091619 122.810791016 -0.002246909 0.999700427 -0.024296399 -3.333965540 -0.981368601 -0.006872331 -0.192013606 -37.551994324
-0.191021904 0.018877609 0.981404424 123.678764343 -0.001574513 0.999806046 -0.019538019 -3.373310089 -0.981584966 -0.005277423 -0.190955564 -37.727645874
-0.190125600 0.013476232 0.981667519 124.543884277 -0.000545481 0.999902308 -0.013832194 -3.403343201 -0.981760025 -0.003165329 -0.190100133 -37.880393982
-0.189309135 0.011681312 0.981848836 125.424087524 0.001436164 0.999929547 -0.011619503 -3.427855968 -0.981916308 -0.000789556 -0.189314470 -38.042079926
-0.188646317 0.017044468 0.981897354 126.297042847 -0.000584481 0.999845207 -0.017468305 -3.458024979 -0.982045293 -0.003869229 -0.188607618 -38.181461334
-0.188122988 0.019630944 0.981949449 127.143165588 -0.002449216 0.999785781 -0.020456741 -3.503559589 -0.982142806 -0.006253391 -0.188035056 -38.358837128
-0.188135013 0.019757411 0.981944621 127.989097595 -0.003399942 0.999776661 -0.020767603 -3.527091026 -0.982137740 -0.007245672 -0.188026249 -38.508464813
-0.187668219 0.018644134 0.982054949 128.837829590 -0.002950118 0.999802887 -0.019544812 -3.558496237 -0.982228994 -0.006565136 -0.187575087 -38.665882111
-0.187158793 0.018174959 0.982161522 129.686447144 -0.000823664 0.999823689 -0.018658731 -3.599140406 -0.982329786 -0.004301121 -0.187111229 -38.827785492
-0.186234787 0.020949367 0.982281983 130.526626587 -0.001818880 0.999761760 -0.021666992 -3.639787674 -0.982504070 -0.005821808 -0.186152712 -38.987380981
-0.186085984 0.021899858 0.982289433 131.365768433 -0.010839994 0.999643147 -0.024340274 -3.667496681 -0.982474148 -0.015177426 -0.185782582 -39.135921478
-0.185803995 0.024190355 0.982289732 132.212890625 -0.013921711 0.999529719 -0.027248250 -3.704530001 -0.982488155 -0.018738020 -0.185381815 -39.272369385
-0.185510904 0.028570550 0.982226849 133.037216187 -0.010357783 0.999462843 -0.031028142 -3.747048140 -0.982588112 -0.015929801 -0.185115784 -39.425930023
-0.184884146 0.028845811 0.982336938 133.873260498 -0.008718085 0.999479592 -0.030990012 -3.792339802 -0.982722163 -0.014293708 -0.184536904 -39.579856873
-0.183445275 0.030189097 0.982565701 134.687347412 -0.009538146 0.999424577 -0.032487854 -3.828221560 -0.982984602 -0.015331650 -0.183050737 -39.720882416
-0.181401476 0.030465089 0.982937098 135.521560669 -0.000874486 0.999512494 -0.031140203 -3.860277176 -0.983409286 -0.006508466 -0.181286842 -39.880954742
-0.177853748 0.026163071 0.983709693 136.326232910 0.003972618 0.999655247 -0.025868902 -3.914200306 -0.984048903 -0.000692978 -0.177898303 -40.033252716
-0.176203787 0.021124331 0.984127104 137.131240845 0.006891324 0.999769688 -0.020226223 -3.951782227 -0.984330177 0.003218012 -0.176309198 -40.181873322
-0.172131240 0.020665988 0.984856784 137.953552246 0.009882244 0.999764085 -0.019251591 -3.986244678 -0.985025525 0.006418802 -0.172293812 -40.323219299
-0.167083859 0.025482245 0.985613465 138.752380371 0.009147837 0.999661028 -0.024294656 -4.030125141 -0.985900819 0.004956996 -0.167260781 -40.454425812
-0.160681546 0.028838184 0.986585438 139.556106567 0.011788694 0.999555647 -0.027297316 -4.057385445 -0.986936033 0.007244390 -0.160952106 -40.584991455
-0.152677804 0.030271584 0.987812281 140.340362549 0.008334079 0.999532878 -0.029342620 -4.091415882 -0.988241494 0.003752550 -0.152859151 -40.704654694
-0.143126711 0.025467025 0.989376068 141.151901245 0.013446692 0.999625385 -0.023785578 -4.123143673 -0.989614189 0.009899494 -0.143414244 -40.810508728
-0.130682573 0.024418639 0.991123319 141.957397461 0.023139980 0.999497652 -0.021573864 -4.164071083 -0.991154790 0.020115279 -0.131182209 -40.921154022
-0.117482565 0.026301429 0.992726922 142.732803345 0.021306874 0.999483824 -0.023958892 -4.196859360 -0.992846489 0.018337179 -0.117984116 -41.010723114
-0.102790691 0.027319519 0.994327724 143.539642334 0.018482294 0.999500871 -0.025550988 -4.238514900 -0.994531870 0.015751077 -0.103244483 -41.090801239
-0.089230008 0.027395755 0.995633781 144.307113647 0.022878561 0.999412775 -0.025449328 -4.265445232 -0.995749235 0.020507853 -0.089802951 -41.153347015
-0.075384408 0.028250061 0.996754348 145.131546021 0.023102282 0.999378026 -0.026577184 -4.308274269 -0.996887445 0.021023821 -0.075990282 -41.212615967
-0.061676033 0.034750950 0.997491360 145.869583130 0.022169394 0.999192715 -0.033439446 -4.354838371 -0.997850120 0.020051388 -0.062398348 -41.251174927
-0.049145959 0.044030275 0.997820556 146.605377197 0.016441910 0.998926282 -0.043269239 -4.393153667 -0.998656869 0.014279586 -0.049817190 -41.267539978
-0.035680152 0.052161071 0.998001039 147.367446899 0.008243991 0.998616338 -0.051898494 -4.441056252 -0.999329865 0.006375766 -0.036060825 -41.273517609
-0.022115499 0.053003166 0.998348951 148.158447266 0.009694758 0.998556376 -0.052799422 -4.483963013 -0.999709129 0.008511090 -0.022595771 -41.291007996
-0.010284656 0.049447864 0.998723686 148.949127197 0.009716023 0.998732448 -0.049348231 -4.539944172 -0.999900341 0.009196075 -0.010752006 -41.278900146
0.000711398 0.046348881 0.998925328 149.696868896 0.004123606 0.998914361 -0.046351299 -4.597277164 -0.999991477 0.004152114 0.000517932 -41.274742126
0.009618406 0.051903136 0.998605669 150.450027466 0.000192657 0.998649836 -0.051907275 -4.661740780 -0.999954104 0.000691643 0.009595519 -41.252281189
0.016409058 0.061042938 0.997999787 151.202880859 -0.003237301 0.998130679 -0.060997762 -4.701246738 -0.999860704 -0.002229893 0.016577773 -41.233154297
0.019912038 0.064646013 0.997709513 151.972351074 -0.006221501 0.997893989 -0.064533807 -4.753945827 -0.999782920 -0.004922299 0.020272432 -41.207324982
0.019190500 0.059832275 0.998024404 152.714721680 -0.008903501 0.998176277 -0.059670147 -4.804382324 -0.999776661 -0.007740918 0.019686699 -41.183399200
0.017637596 0.053857032 0.998392820 153.465530396 -0.006401126 0.998531878 -0.053751443 -4.883110046 -0.999824405 -0.005442844 0.017956570 -41.164592743
0.014863377 0.051469967 0.998563886 154.199798584 -0.005132766 0.998662949 -0.051398676 -4.921971798 -0.999876857 -0.004361486 0.015107799 -41.154502869
0.011990955 0.051668216 0.998592257 154.951751709 -0.003026317 0.998659492 -0.051635351 -4.973909378 -0.999924123 -0.002402944 0.012131352 -41.142467499
0.007795789 0.052179117 0.998606801 155.708526611 -0.004137388 0.998629153 -0.052148003 -5.030436516 -0.999961674 -0.003725086 0.008002721 -41.127166748
0.003213806 0.050841969 0.998701513 156.452148438 -0.004679745 0.998694539 -0.050826553 -5.091372013 -0.999984443 -0.004510352 0.003447621 -41.125968933
-0.002420441 0.051427074 0.998673797 157.193206787 -0.006690741 0.998651564 -0.051442150 -5.137967110 -0.999975264 -0.006806420 -0.002073024 -41.117141724
-0.008283871 0.049593009 0.998735070 157.948806763 -0.006809162 0.998741388 -0.049649809 -5.186499119 -0.999943137 -0.007211883 -0.007935708 -41.120365143
-0.013572971 0.046568837 0.998823345 158.683563232 -0.004544060 0.998899281 -0.046634097 -5.230981827 -0.999898255 -0.005171753 -0.013348021 -41.138206482
-0.018821860 0.045870848 0.998770058 159.416381836 -0.002967319 0.998938084 -0.045934483 -5.278051376 -0.999819040 -0.003828288 -0.018665733 -41.146659851
-0.024493065 0.046539504 0.998616219 160.153106689 -0.004113337 0.998900652 -0.046653658 -5.323555946 -0.999692202 -0.005250390 -0.024274698 -41.164218903
-0.028207649 0.049506862 0.998375475 160.884307861 -0.005086668 0.998750746 -0.049669191 -5.375621796 -0.999589801 -0.006479518 -0.027920589 -41.173755646
-0.030718647 0.050998181 0.998226345 161.589187622 -0.004521245 0.998678148 -0.051160406 -5.430544376 -0.999518514 -0.006084864 -0.030447476 -41.193000793
-0.032517515 0.052841041 0.998073041 162.299682617 -0.002442873 0.998592556 -0.052948195 -5.488432884 -0.999468803 -0.004159929 -0.032341041 -41.215465546
-0.031874809 0.051813290 0.998148024 163.022247314 0.002166077 0.998654544 -0.051770430 -5.529977322 -0.999490201 0.000511852 -0.031944178 -41.245162964
-0.028018128 0.047764529 0.998465657 163.741714478 0.003041680 0.998855054 -0.047697827 -5.586248875 -0.999603450 0.001700571 -0.028131340 -41.256263733
-0.020670699 0.047491886 0.998657763 164.444305420 0.004816517 0.998862207 -0.047401931 -5.636158466 -0.999775410 0.003830193 -0.020875910 -41.271293640
-0.009374577 0.048649002 0.998771966 165.141113281 0.008130658 0.998784482 -0.048573311 -5.681466103 -0.999923646 0.007665299 -0.009758689 -41.272296906
0.004858440 0.048644338 0.998804688 165.826965332 0.010194656 0.998759389 -0.048691701 -5.728212357 -0.999937057 0.010419014 0.004354936 -41.258888245
0.019848956 0.046602868 0.998716235 166.526153564 0.009964487 0.998852193 -0.046807259 -5.768123627 -0.999754071 0.010880770 0.019361911 -41.243259430
0.036113251 0.041213136 0.998497486 167.219985962 0.004730703 0.999129176 -0.041410301 -5.818410397 -0.999337256 0.006219044 0.035886988 -41.200126648
0.052591167 0.035014369 0.998002052 167.892013550 0.002821580 0.999374032 -0.035211183 -5.857842922 -0.998612881 0.004667723 0.052459650 -41.147575378
0.069373466 0.027568040 0.997209549 168.564392090 0.003337919 0.999604702 -0.027866486 -5.892516613 -0.997585773 0.005261777 0.069255859 -41.084140778
0.087239616 0.019981755 0.995986998 169.243713379 0.002773352 0.999788046 -0.020300936 -5.927083969 -0.996184230 0.004533255 0.087165989 -41.010852814
0.104518935 0.013915716 0.994425595 169.901489258 0.000842840 0.999898553 -0.014080888 -5.955498219 -0.994523346 0.002309842 0.104496911 -40.930446625
0.122368202 0.011798723 0.992414713 170.572891235 0.003148240 0.999917686 -0.012276118 -5.975418568 -0.992480576 0.004626551 0.122321337 -40.842456818
0.139974505 0.010900749 0.990095496 171.200286865 0.001482583 0.999933422 -0.011218652 -6.000015259 -0.990154982 0.003038263 0.139947876 -40.739227295
0.157590061 0.010571330 0.987448156 171.842514038 -0.000331948 0.999941230 -0.010652103 -6.023274899 -0.987505436 0.001350879 0.157584772 -40.621044159
0.173852459 0.009937365 0.984721661 172.499328613 -0.005312241 0.999941945 -0.009153092 -6.032096863 -0.984758258 -0.003639808 0.173895672 -40.496276855
0.187908351 0.006160177 0.982166886 173.099349976 -0.007631080 0.999957800 -0.004811804 -6.055929661 -0.982157409 -0.006590897 0.187949508 -40.360675812
0.200297683 0.001706891 0.979733706 173.739456177 -0.002905900 0.999992967 -0.001148106 -6.074820518 -0.979731441 -0.002617077 0.200301871 -40.227336884
0.211264253 0.000241779 0.977428973 174.366424561 -0.000644169 0.999997616 -0.000108132 -6.095345020 -0.977429390 -0.000606811 0.211264566 -40.089614868
0.220670611 0.004145979 0.975340009 174.966430664 -0.006240518 0.999973595 -0.002838761 -6.111341953 -0.975329220 -0.005460183 0.220689937 -39.936100006
0.229708225 0.011129256 0.973196030 175.568313599 -0.011680779 0.999891818 -0.008677474 -6.136526585 -0.973190010 -0.009374439 0.229814187 -39.771377563
0.238691628 0.020874096 0.970871210 176.151214600 -0.009851543 0.999767244 -0.019073343 -6.149499893 -0.971046031 -0.005011956 0.238842547 -39.620750427
0.247132555 0.027749956 0.968584359 176.735870361 -0.005201464 0.999611139 -0.027311731 -6.154752254 -0.968968332 0.001711559 0.247181639 -39.470588684
0.253665209 0.026102260 0.966939628 177.347808838 -0.004471862 0.999655008 -0.025812294 -6.175131798 -0.967282116 0.002223650 0.253696769 -39.313491821
0.259396315 0.018342655 0.965596855 177.943420410 -0.004677435 0.999829412 -0.017736403 -6.192274570 -0.965760171 0.000084226 0.259438783 -39.138916016
0.263894230 0.007520120 0.964522481 178.552230835 -0.009055068 0.999942482 -0.005318808 -6.219143867 -0.964509726 -0.007330251 0.263948083 -38.959568024
0.266255498 -0.001672208 0.963901222 179.151931763 -0.010123673 0.999936104 0.004531151 -6.250887394 -0.963849902 -0.010964715 0.266222507 -38.780391693
0.266970545 -0.002723525 0.963701129 179.765411377 -0.007484698 0.999957621 0.004899442 -6.273649216 -0.963676155 -0.008521059 0.266939819 -38.606235504
0.268047661 0.000868273 0.963406086 180.376052856 -0.003904651 0.999989212 0.000185162 -6.263665676 -0.963398516 -0.003811365 0.268047661 -38.454929352
0.269838154 0.000463091 0.962905824 180.973648071 -0.003017846 0.999992788 0.000364769 -6.271651745 -0.962901473 -0.003004344 0.269838572 -38.272644043
0.271333933 -0.001002693 0.962485075 181.590103149 -0.002936608 0.999991357 0.001869619 -6.274401188 -0.962481260 -0.003333748 0.271329612 -38.102088928
0.273872614 -0.005809932 0.961748779 182.192123413 -0.004153667 0.999962687 0.007223598 -6.297199726 -0.961757481 -0.005973156 0.273839295 -37.905170441
0.277084857 -0.011159851 0.960780442 182.828643799 -0.002138473 0.999920726 0.012231175 -6.300925255 -0.960843325 -0.005443780 0.277041703 -37.740158081
0.281353295 -0.014239720 0.959498823 183.456405640 -0.000662323 0.999884188 0.015033272 -6.312662601 -0.959604502 -0.004865195 0.281312346 -37.541687012
0.287324667 -0.015664464 0.957705438 184.057693481 0.000824442 0.999867320 0.016106715 -6.302647114 -0.957833409 -0.003838317 0.287300497 -37.358993530
0.295271248 -0.019005243 0.955224693 184.696945190 0.001915057 0.999809265 0.019300319 -6.302871704 -0.955411971 -0.003869552 0.295252383 -37.157508850
0.304735243 -0.021539789 0.952193797 185.294219971 0.004876727 0.999763846 0.021055141 -6.315956593 -0.952425122 -0.001772684 0.304769397 -36.963562012
0.315845281 -0.019460168 0.948611975 185.914901733 0.003238847 0.999802649 0.019431939 -6.318872929 -0.948806226 -0.003065033 0.315845579 -36.742095947
0.327307224 -0.015688490 0.944788039 186.522033691 0.002408005 0.999870062 0.015768917 -6.314506054 -0.944915473 -0.002886259 0.327303767 -36.523658752
0.338900805 -0.012180399 0.940743566 187.120849609 0.000719078 0.999916553 0.012687492 -6.304143429 -0.940822363 -0.003623367 0.338882565 -36.293239594
0.350732952 -0.011220117 0.936408639 187.750640869 0.001820503 0.999931753 0.011299377 -6.301962376 -0.936474323 -0.002258358 0.350730717 -36.043212891
0.362080783 -0.014399051 0.932035804 188.378860474 0.001863395 0.999887168 0.014723379 -6.314511776 -0.932145357 -0.003594340 0.362068117 -35.788208008
0.372848034 -0.016528340 0.927745402 188.996612549 0.002425401 0.999852717 0.016838225 -6.320245743 -0.927889705 -0.004027984 0.372834504 -35.533161163
