1.000000000 0.000000000 -0.000000000 -0.000000000 0.000000000 1.000000000 0.000000000 0.000000000 0.000000000 -0.000000000 1.000000000 0.000000000
0.999991156 -0.002684791 -0.003237191 -0.001055062 0.002679209 0.999994919 -0.001727222 -0.017740514 0.003241811 0.001718533 0.999993268 0.673903774
0.999973011 -0.001718246 -0.007143177 -0.010385785 0.001695402 0.999993434 -0.003202725 -0.028326620 0.007148632 0.003190529 0.999969358 1.384120426
0.999937481 -0.001091686 -0.011128383 -0.024996759 0.001040006 0.999988654 -0.004648769 -0.038703604 0.011133330 0.004636906 0.999927271 2.103953165
0.999871330 0.000232837 -0.016039579 -0.044538412 -0.000317188 0.999986133 -0.005256584 -0.045689740 0.016038130 0.005260995 0.999857540 2.836415748
0.999787780 -0.000611796 -0.020591762 -0.061193083 0.000497936 0.999984563 -0.005534036 -0.063064229 0.020594827 0.005522607 0.999772651 3.590033556
0.999688598 0.000686593 -0.024944655 -0.092238268 -0.000846778 0.999979087 -0.006411636 -0.079297280 0.024939727 0.006430762 0.999668272 4.347294044
0.999549958 0.003858468 -0.029748854 -0.125199198 -0.004068319 0.999967246 -0.006996809 -0.097684977 0.029720879 0.007114688 0.999532916 5.125944681
0.999400280 0.005974524 -0.034108458 -0.160643526 -0.006185472 0.999962370 -0.006082504 -0.106094053 0.034070830 0.006289834 0.999399628 5.926731677
0.999237856 0.006037857 -0.038564916 -0.199654003 -0.006177894 0.999974746 -0.003513072 -0.121769492 0.038542725 0.003748645 0.999249922 6.738389528
0.999111294 0.004503501 -0.041908712 -0.237273374 -0.004557092 0.999988916 -0.001183299 -0.136515378 0.041902913 0.001373229 0.999120744 7.536552593
0.998995456 0.004864258 -0.044546818 -0.280570595 -0.004926643 0.999987031 -0.001290762 -0.153190732 0.044539956 0.001508931 0.999006464 8.347656176
0.998898551 0.004457246 -0.046709938 -0.322336196 -0.004554108 0.999987695 -0.001967477 -0.160116051 0.046700587 0.002178031 0.998906558 9.181386925
0.998817813 0.002470277 -0.048547652 -0.365430412 -0.002571439 0.999994651 -0.002021443 -0.178727122 0.048542392 0.002143891 0.998818822 10.010052309
0.998716703 0.002691448 -0.050573729 -0.408993120 -0.002772066 0.999994997 -0.001523990 -0.188571597 0.050569368 0.001662228 0.998719168 10.864485025
0.998658424 -0.000664619 -0.051777504 -0.453941348 0.000584937 0.999998622 -0.001554052 -0.203414675 0.051778458 0.001521681 0.998657436 11.729295247
0.998546583 0.002172108 -0.053851669 -0.505392857 -0.002377602 0.999990134 -0.003752145 -0.218768741 0.053842980 0.003874729 0.998541897 12.596857534
0.998474068 0.003631012 -0.055103098 -0.561732758 -0.003985192 0.999972093 -0.006319062 -0.238059477 0.055078609 0.006529015 0.998460675 13.465131262
0.998366995 0.007474315 -0.056634610 -0.617335804 -0.007935115 0.999937185 -0.007915895 -0.250877663 0.056571879 0.008352371 0.998363591 14.343016826
0.998286603 0.008579101 -0.057881422 -0.673532472 -0.009052347 0.999927670 -0.007918902 -0.268103282 0.057809291 0.008429296 0.998292057 15.230095515
0.998223255 0.007822913 -0.059068918 -0.730097634 -0.008219263 0.999945290 -0.006469992 -0.289315290 0.059015065 0.006944000 0.998232940 16.128553200
0.998140744 0.007376586 -0.060503226 -0.786800016 -0.007706046 0.999956716 -0.005213805 -0.306591782 0.060462139 0.005670352 0.998154385 17.024494379
0.998065649 0.007656050 -0.061695592 -0.839640126 -0.007963638 0.999957050 -0.004741236 -0.330965777 0.061656635 0.005223386 0.998083752 17.932566484
0.997989867 0.007129436 -0.062971391 -0.900231940 -0.007510075 0.999954920 -0.005810030 -0.345728602 0.062927122 0.006271271 0.997998421 18.841334321
0.997923832 0.007140891 -0.064008076 -0.963691216 -0.007549828 0.999952593 -0.006149237 -0.366347535 0.063961122 0.006619720 0.997930435 19.764206834
0.997883191 0.007097978 -0.064643303 -1.022714759 -0.007412107 0.999961853 -0.004620905 -0.383712743 0.064608029 0.005090266 0.997897736 20.690532510
0.997897824 0.007257581 -0.064399230 -1.090695090 -0.007368774 0.999971741 -0.001489277 -0.396823550 0.064386593 0.001960690 0.997923104 21.618728268
0.997932601 0.008197229 -0.063744252 -1.155719392 -0.008077162 0.999965087 0.002141041 -0.412134066 0.063759569 -0.001621742 0.997963971 22.561707925
0.998037139 0.007367245 -0.062189975 -1.212360030 -0.007071483 0.999962624 0.004974552 -0.421961931 0.062224292 -0.004525012 0.998051933 23.505410650
0.998151592 0.005917852 -0.060484535 -1.278781132 -0.005592014 0.999968936 0.005554978 -0.430800965 0.060515521 -0.005206481 0.998153677 24.454902816
0.998225880 0.006713215 -0.059161029 -1.336871307 -0.006552042 0.999974278 0.002917869 -0.442018313 0.059179088 -0.002525067 0.998244188 25.398281002
0.998274678 0.009160044 -0.057997947 -1.407704482 -0.009272764 0.999955604 -0.001674709 -0.460080971 0.057980025 0.002209620 0.998315298 26.355577913
0.998344574 0.010327267 -0.056581447 -1.464675507 -0.010608061 0.999932853 -0.004664586 -0.479303108 0.056529467 0.005257084 0.998387090 27.316288792
0.998402720 0.007337081 -0.056019427 -1.522264099 -0.007551454 0.999964949 -0.003616039 -0.496773836 0.055990925 0.004033291 0.998423131 28.295929392
0.998433243 0.003990593 -0.055813399 -1.576186437 -0.003944607 0.999991783 0.000934064 -0.508438161 0.055816660 -0.000712439 0.998440781 29.277167566
0.998384218 -0.000645011 -0.056820225 -1.639374316 0.000906083 0.999989151 0.004569071 -0.517608332 0.056816653 -0.004613172 0.998373971 30.248935162
0.998270441 -0.009784989 -0.057968797 -1.686410229 0.010033258 0.999941692 0.003993305 -0.535150663 0.057926334 -0.004568015 0.998310409 31.227662061
0.998199077 -0.008754283 -0.059346153 -1.739322930 0.008782666 0.999961408 0.000217440 -0.551474266 0.059341952 -0.000738266 0.998237440 32.211830823
0.998122078 -0.006964197 -0.060858998 -1.800151753 0.006763111 0.999970972 -0.003509492 -0.571865164 0.060881664 0.003091305 0.998140204 33.181257142
0.998020231 -0.006461717 -0.062560893 -1.868682902 0.006182696 0.999970064 -0.004652554 -0.581084142 0.062589076 0.004256547 0.998030305 34.188467058
0.997943383 -0.008475266 -0.063538764 -1.929750425 0.008310564 0.999961388 -0.002855979 -0.603054142 0.063560508 0.002322062 0.997975285 35.204450843
0.997867893 -0.007572667 -0.064825330 -2.009632107 0.007562442 0.999971323 -0.000403102 -0.609250510 0.064826514 -0.000087995 0.997896546 36.203265082
0.997834347 -0.003515476 -0.065683010 -2.079532760 0.003571956 0.999993345 0.000742475 -0.639169230 0.065679953 -0.000975484 0.997840263 37.216060220
0.997770290 -0.003921735 -0.066626344 -2.150143623 0.004138036 0.999986606 0.003108801 -0.647885155 0.066613251 -0.003377572 0.997773153 38.209697325
0.997778987 -0.003227792 -0.066533258 -2.219634840 0.003661353 0.999972846 0.006395543 -0.672145061 0.066510799 -0.006624939 0.997763711 39.219849472
0.997754952 0.001361566 -0.066956735 -2.302918441 -0.000804117 0.999964800 0.008351749 -0.672621884 0.066965740 -0.008279158 0.997720926 40.235376639
0.997742327 0.002021008 -0.067127975 -2.373906644 -0.001486295 0.999966779 0.008014564 -0.687207818 0.067141933 -0.007896697 0.997712184 41.232805452
0.997749416 0.001680276 -0.067031937 -2.444498655 -0.001241479 0.999977533 0.006587201 -0.701969484 0.067041490 -0.006489157 0.997729086 42.217155558
0.997745201 0.006577744 -0.066792580 -2.521998165 -0.006325666 0.999972053 0.003984818 -0.718545695 0.066816916 -0.003553325 0.997758925 43.226081088
0.997665571 0.006122319 -0.068014167 -2.586113116 -0.005856000 0.999974389 0.004114312 -0.730985017 0.068037606 -0.003706417 0.997675872 44.203972406
0.997598026 0.002165961 -0.069235018 -2.655180317 -0.001804525 0.999984419 0.005282543 -0.743696739 0.069245372 -0.005144918 0.997586391 45.205876487
0.997548963 0.002292649 -0.069934337 -2.730884936 -0.001868054 0.999979429 0.006136143 -0.753748859 0.069946957 -0.005990462 0.997532725 46.204412823
0.997526228 0.003818156 -0.070191504 -2.803199681 -0.003569851 0.999986920 0.003662627 -0.781385916 0.070204562 -0.003402993 0.997526811 47.175479623
0.997455761 0.007174522 -0.070926240 -2.882814319 -0.007282817 0.999972676 -0.001268379 -0.789104569 0.070915192 0.001781694 0.997480757 48.163435476
0.997425969 0.007353817 -0.071325720 -2.961475840 -0.007532190 0.999969141 -0.002232191 -0.811594458 0.071307095 0.002763684 0.997450580 49.127352518
0.997396545 0.007706589 -0.071698964 -3.028586311 -0.007666576 0.999970265 0.000833229 -0.823476675 0.071703244 -0.000281374 0.997425970 50.097762267
0.997414693 0.003777209 -0.071761159 -3.098635944 -0.003475804 0.999984608 0.004324525 -0.848266565 0.071776379 -0.004063917 0.997412470 51.082508647
0.997388871 0.003182537 -0.072147851 -3.173754885 -0.002850827 0.999984891 0.004700132 -0.857768042 0.072161709 -0.004482179 0.997382874 52.043511101
0.997382390 0.000239652 -0.072307064 -3.245515927 0.000013050 0.999993895 0.003494347 -0.876207985 0.072307450 -0.003486144 0.997376298 53.017562441
0.997359351 -0.003003580 -0.072562418 -3.313247785 0.003182198 0.999992185 0.002346115 -0.899797743 0.072554795 -0.002570828 0.997361114 53.996296542
0.997280796 -0.002777980 -0.073643044 -3.389005949 0.003037476 0.999989566 0.003411940 -0.912337333 0.073632787 -0.003626351 0.997278828 54.941734015
0.997212839 -0.005878938 -0.074377363 -3.457729554 0.006449786 0.999951544 0.007437161 -0.921558288 0.074330026 -0.007896150 0.997202435 55.905083359
0.997120471 -0.008994114 -0.075298562 -3.522080773 0.009956807 0.999873303 0.012419402 -0.935341216 0.075177310 -0.013133372 0.997083691 56.854870138
0.997069984 -0.008309268 -0.076042113 -3.599752566 0.009445317 0.999848914 0.014592316 -0.930604820 0.075909362 -0.015267802 0.996997824 57.815087870
0.997008531 -0.006751626 -0.076996135 -3.676653311 0.007642490 0.999907156 0.011281473 -0.945747711 0.076912809 -0.011836167 0.996967564 58.764712952
0.996898320 -0.004384037 -0.078578124 -3.759279352 0.004657472 0.999983719 0.003296850 -0.959752019 0.078562381 -0.003652600 0.996902508 59.673825144
0.996842692 -0.002912800 -0.079348368 -3.827692424 0.002761854 0.999994162 -0.002011991 -0.981152083 0.079353755 0.001786490 0.996844917 60.586947220
0.996773840 0.001800399 -0.080241327 -3.917250623 -0.001904043 0.999997449 -0.001215159 -0.985577860 0.080238924 0.001364022 0.996774725 61.510761446
0.996695550 0.002799584 -0.081179707 -3.994685873 -0.002710497 0.999995597 0.001207578 -1.003362970 0.081182719 -0.000983550 0.996698750 62.407028093
0.996611408 0.004849500 -0.082110816 -4.071598520 -0.004644588 0.999985605 0.002686375 -1.020608869 0.082122650 -0.002295900 0.996619585 63.291017304
0.996514756 0.007024381 -0.083120396 -4.153301020 -0.006844498 0.999973577 0.002448872 -1.040656556 0.083135390 -0.001871420 0.996536504 64.164850795
0.996382688 0.007892934 -0.084612307 -4.237658176 -0.007647776 0.999965567 0.003221165 -1.052200666 0.084634806 -0.002562416 0.996408743 65.019013398
0.996258712 0.007910968 -0.086058091 -4.317202153 -0.007621505 0.999964142 0.003691604 -1.067338250 0.086084198 -0.003021900 0.996283282 65.867848677
0.996131445 0.007262725 -0.087575098 -4.395551581 -0.006938642 0.999967909 0.004004477 -1.084580210 0.087601360 -0.003381333 0.996149872 66.689095075
0.996014836 0.009078800 -0.088724429 -4.466017495 -0.008671190 0.999950011 0.004978462 -1.103589511 0.088765180 -0.004189276 0.996043770 67.505852828
0.995883052 0.011007564 -0.089976555 -4.548326260 -0.010386739 0.999918931 0.007365175 -1.111586838 0.090050321 -0.006400290 0.995916650 68.320297352
0.995765890 0.011257141 -0.091233604 -4.628335510 -0.010298625 0.999886791 0.010970143 -1.118260355 0.091346756 -0.009984114 0.995769093 69.109747654
0.995603564 0.012411854 -0.092841204 -4.706380735 -0.011246026 0.999851341 0.013069899 -1.126405900 0.092989612 -0.011968343 0.995595143 69.878391898
0.995420490 0.016579196 -0.094144465 -4.786482284 -0.015742992 0.999829812 0.009617938 -1.150679476 0.094287887 -0.008091777 0.995512087 70.641263619
0.995288723 0.017452507 -0.095371747 -4.859413297 -0.017316043 0.999847515 0.002258336 -1.156742367 0.095396606 -0.000596235 0.995439165 71.357750030
0.995147866 0.017117850 -0.096890171 -4.935817612 -0.017552689 0.999839323 -0.003637347 -1.177309033 0.096812327 0.005320381 0.995288434 72.077303366
0.995085147 0.018892175 -0.097204096 -5.008410883 -0.019467281 0.999798134 -0.004971426 -1.185840123 0.097090539 0.006839291 0.995252054 72.775801015
0.994974395 0.020472973 -0.098014347 -5.080457874 -0.020744238 0.999783285 -0.001749248 -1.204910322 0.097957281 0.003773690 0.995183464 73.463421168
0.994886764 0.019370017 -0.099121793 -5.153906244 -0.019393086 0.999811669 0.000730842 -1.222888498 0.099117268 0.001195171 0.995075041 74.128716517
0.994818045 0.017226774 -0.100201283 -5.218284254 -0.017533191 0.999843910 -0.002178128 -1.240952721 0.100148108 0.003923689 0.994964803 74.741173364
0.994914717 0.010628013 -0.100158631 -5.265565304 -0.011409899 0.999908717 -0.007236870 -1.264442130 0.100072561 0.008342868 0.994945163 75.364228209
0.995042242 0.007161951 -0.099194984 -5.334191448 -0.008386984 0.999893562 -0.011938260 -1.280322996 0.099098911 0.012711019 0.994996400 75.964517531
0.995323817 0.009147609 -0.096160397 -5.391014966 -0.010395408 0.999868043 -0.012483258 -1.299070686 0.096033503 0.013424510 0.995287570 76.549057477
0.995659774 0.013756827 -0.092045453 -5.452957758 -0.014738779 0.999841403 -0.009996862 -1.305423572 0.091893318 0.011310111 0.995704624 77.116929625
0.996103328 0.012572738 -0.087293107 -5.499396752 -0.013217291 0.999889460 -0.006809715 -1.323690266 0.087197829 0.007936958 0.996159396 77.682728617
0.996606849 0.008916153 -0.081824766 -5.534533701 -0.009159390 0.999954677 -0.002597793 -1.343034302 0.081797885 0.003338443 0.996643346 78.226221921
0.997265333 0.004239121 -0.073782708 -5.565902065 -0.004199944 0.999990945 0.000686107 -1.362288441 0.073784939 -0.000374348 0.997274106 78.768086819
0.997978017 0.007202511 -0.063150620 -5.604981676 -0.007167534 0.999974009 0.000780374 -1.373165300 0.063154592 -0.000326163 0.998003703 79.272020351
0.998758695 0.013084602 -0.048061029 -5.634465526 -0.013088658 0.999914314 0.000230303 -1.387824486 0.048059918 0.000399037 0.998844375 79.781769766
0.999389095 0.018213160 -0.029828141 -5.656470393 -0.018205858 0.999834127 0.000516332 -1.391733510 0.029832594 0.000027031 0.999554908 80.289420489
0.999830296 0.016537377 -0.008117537 -5.644863144 -0.016531777 0.999863055 0.000756297 -1.401682080 0.008128931 -0.000621971 0.999966766 80.762037243
0.999755633 0.012764647 0.018048264 -5.617855803 -0.012801074 0.999916249 0.001904327 -1.416142846 -0.018022442 -0.002134899 0.999835303 81.236292534
0.998814090 0.011233892 0.047373134 -5.573983527 -0.011396886 0.999930022 0.003171960 -1.424727581 -0.047334179 -0.003708104 0.998872227 81.682059885
0.996699053 0.010565413 0.080494533 -5.516821000 -0.010956797 0.999930194 0.004422102 -1.431468919 -0.080442182 -0.005289467 0.996745242 82.131783700
0.992956069 0.010011511 0.118059381 -5.444107551 -0.010636070 0.999932571 0.004661344 -1.440328130 -0.118004738 -0.005884197 0.992995598 82.586253351
0.987112458 0.009877393 0.159722996 -5.356208898 -0.010828908 0.999928421 0.005087965 -1.449655226 -0.159661286 -0.006752020 0.987148763 82.996759853
0.978723721 0.009586445 0.204958493 -5.247567702 -0.010736647 0.999932233 0.004500503 -1.455903092 -0.204901433 -0.006605316 0.978760322 83.409480282
0.967262976 0.011192602 0.253529229 -5.104885841 -0.012252991 0.999921539 0.002603811 -1.465818827 -0.253480160 -0.005625061 0.967324227 83.836884811
0.951833878 0.011428781 0.306401151 -4.956865563 -0.012131794 0.999926331 0.000390058 -1.479284864 -0.306374079 -0.004088466 0.951902408 84.206342001
0.932343440 0.011771376 0.361382292 -4.745418963 -0.011830461 0.999927919 -0.002049005 -1.487810674 -0.361380315 -0.002364942 0.932415497 84.592501218
0.908181645 0.011512419 0.418417956 -4.564402743 -0.010939014 0.999933064 -0.003769042 -1.497682694 -0.418433283 -0.001154106 0.908246791 84.927572449
0.879487157 0.012025843 0.475770688 -4.336128208 -0.010371348 0.999927593 -0.006102738 -1.495999109 -0.475809567 0.000432896 0.879548202 85.262409667
0.846510455 0.010074401 0.532276800 -4.047891856 -0.006952242 0.999944868 -0.007869400 -1.518285757 -0.532326662 0.002961012 0.846533826 85.599824673
0.809937509 0.009570890 0.586438127 -3.812765710 -0.005311489 0.999945539 -0.008983717 -1.525084843 -0.586492092 0.004161390 0.809944235 85.854759585
0.770295071 0.008069155 0.637636610 -3.502057893 -0.003916149 0.999960941 -0.007923401 -1.547061888 -0.637675554 0.003606277 0.770296585 86.152453933
0.727734300 0.007508445 0.685818106 -3.238131016 -0.004270600 0.999970296 -0.006416219 -1.548384006 -0.685845819 0.001740447 0.727744750 86.376406754
0.682736678 0.006225451 0.730638038 -2.929478321 -0.002980523 0.999979112 -0.005735273 -1.553684094 -0.730658383 0.001737997 0.682740973 86.606707636
0.636057336 0.004684975 0.771627628 -2.575012837 0.000662889 0.999977882 -0.006617838 -1.566338412 -0.771641462 0.004720827 0.636040163 86.841273564
0.589537078 0.001484932 0.807740005 -2.271422129 0.006204352 0.999960485 -0.006366614 -1.593666586 -0.807717433 0.008764857 0.589504571 86.993186741
0.542465580 0.003078815 0.840072443 -1.912481271 0.005506934 0.999958766 -0.007220818 -1.597923839 -0.840059923 0.008543268 0.542426258 87.189423887
0.495555958 0.005982253 0.868555471 -1.598364321 0.002630691 0.999961357 -0.008388269 -1.600410508 -0.868571972 0.006441757 0.495521072 87.319828725
0.449943205 0.007979920 0.893021578 -1.245397882 0.001929616 0.999949057 -0.009907635 -1.612787075 -0.893055027 0.006181061 0.449904887 87.463574821
0.407176321 0.006147171 0.913328948 -0.873195952 0.009279857 0.999897892 -0.010866930 -1.608327322 -0.913302368 0.012900317 0.407077702 87.597983993
0.367838966 -0.002120239 0.929887152 -0.523273917 0.023253172 0.999705666 -0.006918914 -1.642958895 -0.929598660 0.024167871 0.367780002 87.660399416
0.332272145 -0.005931598 0.943164968 -0.160593371 0.029169303 0.999566523 -0.003989887 -1.649732301 -0.942732334 0.028837191 0.332301134 87.744456962
0.298505737 -0.002202610 0.954405362 0.219780066 0.025955970 0.999646196 -0.005811133 -1.663781085 -0.954054762 0.026507173 0.298457298 87.845945362
0.267717015 0.005587505 0.963481450 0.579922651 0.016416210 0.999811574 -0.010359671 -1.662797372 -0.963357661 0.018590173 0.267574846 87.939890466
0.239103122 0.010367818 0.970938892 0.960531864 0.011299054 0.999845582 -0.013458989 -1.667652398 -0.970928371 0.014188776 0.238949055 88.035217675
0.213123855 0.011965861 0.976951979 1.361393495 0.012682940 0.999806864 -0.015012599 -1.687967717 -0.976942802 0.015590165 0.212930932 88.100332031
0.189943321 0.012996126 0.981709104 1.757488970 0.020215030 0.999648641 -0.017144867 -1.698749437 -0.981586857 0.023101830 0.189613868 88.153348658
0.169273507 0.018527864 0.985395012 2.159081577 0.026883726 0.999364448 -0.023408676 -1.713213603 -0.985202321 0.030453557 0.168667828 88.199670816
0.149590082 0.026114892 0.988403233 2.598196566 0.027962939 0.999139550 -0.030630617 -1.711455598 -0.988352544 0.032220694 0.148731120 88.247949529
0.131814399 0.026875220 0.990910096 3.030971809 0.025982626 0.999195286 -0.030556232 -1.721539032 -0.990933770 0.029774197 0.131010039 88.304967692
0.116234662 0.022820624 0.992959645 3.489882168 0.025140868 0.999348082 -0.025910407 -1.737511656 -0.992903473 0.027975554 0.115585157 88.350606460
0.101433345 0.019285488 0.994655457 3.964871186 0.025288913 0.999439020 -0.021957160 -1.761856683 -0.994520796 0.027380942 0.100888736 88.389891094
0.088239860 0.017165573 0.995951406 4.444168521 0.027532622 0.999427461 -0.019664836 -1.782133671 -0.995718609 0.029156374 0.087716727 88.427239971
0.076365281 0.016139918 0.996949337 4.952643303 0.031871383 0.999318531 -0.018619589 -1.798384184 -0.996570331 0.033196043 0.075798841 88.454407847
0.066345053 0.016920624 0.997653327 5.462630972 0.034769062 0.999209786 -0.019259205 -1.813178028 -0.997190710 0.035965221 0.065704313 88.475709885
0.058298761 0.017566569 0.998144681 5.994542369 0.036578363 0.999136191 -0.019720457 -1.830018962 -0.997628760 0.037660175 0.057605847 88.501643938
0.052332115 0.017844826 0.998470353 6.530994093 0.038285628 0.999069420 -0.019862171 -1.843002590 -0.997895499 0.039266493 0.051600217 88.531775581
0.046889519 0.018883132 0.998721650 7.093434763 0.038930504 0.999027144 -0.020716678 -1.863352097 -0.998141099 0.039852131 0.046108775 88.555940915
0.040918182 0.019504943 0.998972168 7.685021216 0.039424609 0.998999315 -0.021120316 -1.876689354 -0.998384330 0.040248291 0.040108263 88.574992606
0.036309599 0.019641519 0.999147616 8.295885182 0.041324029 0.998922156 -0.021138827 -1.896964261 -0.998485755 0.042056346 0.035458799 88.589077786
0.033374091 0.019457419 0.999253578 8.915708685 0.042983832 0.998857443 -0.020885325 -1.918109124 -0.998518115 0.043648775 0.032499607 88.614033477
0.030420417 0.018989439 0.999356860 9.553624929 0.044268956 0.998812839 -0.020326649 -1.938631375 -0.998556320 0.044858829 0.029543662 88.637655417
0.028108436 0.018730391 0.999429448 10.216233268 0.045329416 0.998772009 -0.019992938 -1.953996846 -0.998576500 0.045865521 0.027224883 88.645812856
0.027318610 0.018315096 0.999459046 10.887280205 0.049075696 0.998601930 -0.019640795 -1.975676201 -0.998421321 0.049585705 0.026381593 88.657087329
0.028233433 0.018016385 0.999439051 11.579206186 0.052972228 0.998405689 -0.019494185 -1.995104014 -0.998196716 0.053492898 0.027234054 88.671558482
0.030570757 0.017924746 0.999371935 12.277010376 0.053394295 0.998382304 -0.019540327 -2.018345055 -0.998105378 0.053958120 0.029564225 88.687472992
0.034307422 0.017848330 0.999252006 13.012467193 0.055340423 0.998272573 -0.019730845 -2.040974143 -0.997877900 0.055975941 0.033260426 88.716826005
0.038321167 0.017407012 0.999113916 13.777383179 0.057838813 0.998133350 -0.019608346 -2.065166565 -0.997590109 0.058538975 0.037242835 88.753560455
0.042409123 0.016079555 0.998970995 14.531979408 0.058935006 0.998089134 -0.018567318 -2.088055697 -0.997360516 0.059661782 0.041380438 88.780566095
0.046433239 0.014505850 0.998816134 15.315472381 0.058886171 0.998115943 -0.017233197 -2.112936708 -0.997184155 0.059616649 0.045491563 88.813579230
0.050523764 0.012619812 0.998643191 16.106862825 0.056846419 0.998262748 -0.015491003 -2.128870074 -0.997103655 0.057551951 0.049718602 88.867626608
0.054640915 0.011517137 0.998439712 16.891283460 0.055385196 0.998359083 -0.014547236 -2.151327927 -0.996968764 0.056093651 0.053913377 88.907089882
0.058543681 0.012258773 0.998209644 17.694439500 0.052604950 0.998497457 -0.015347520 -2.175092932 -0.996897800 0.053409266 0.057810846 88.963382023
0.061769147 0.015994439 0.997962366 18.504041174 0.050219083 0.998555339 -0.019112267 -2.206199507 -0.996826205 0.051297300 0.060876686 89.019964118
0.063176687 0.021539338 0.997769962 19.324959046 0.045676804 0.998656996 -0.024450647 -2.230085114 -0.996956470 0.047119651 0.062107993 89.087743896
0.063288910 0.024394380 0.997697129 20.151562518 0.042496683 0.998728586 -0.027115377 -2.264296650 -0.997089972 0.044114919 0.062171765 89.143437897
0.063585089 0.024171680 0.997683718 20.974491889 0.040864491 0.998805126 -0.026803256 -2.294670982 -0.997139357 0.042474122 0.062521351 89.206867804
0.063617521 0.022503093 0.997720680 21.795245170 0.039060257 0.998923548 -0.025020818 -2.333772671 -0.997209594 0.040562986 0.062670065 89.263826573
0.063224438 0.021101078 0.997776302 22.623733683 0.039423043 0.998943311 -0.023623814 -2.369249494 -0.997220317 0.040828979 0.062325762 89.315193912
0.063489337 0.020654886 0.997768817 23.443301296 0.036899773 0.999053577 -0.023029463 -2.401317928 -0.997300044 0.038279566 0.062667090 89.378332408
0.063687343 0.020685638 0.997755561 24.258448129 0.035796160 0.999094446 -0.022998287 -2.434895532 -0.997327641 0.037180517 0.062889206 89.436539466
0.063901015 0.021658182 0.997721262 25.080464171 0.034855460 0.999106051 -0.023920631 -2.468621028 -0.997347293 0.036304585 0.063088986 89.494705451
0.062684818 0.022643288 0.997776542 25.898512296 0.030938694 0.999218028 -0.024619711 -2.507362703 -0.997553646 0.032413184 0.061935249 89.559008065
0.060054322 0.022567434 0.997940040 26.715924811 0.028810184 0.999288718 -0.024331681 -2.541236348 -0.997779193 0.030212057 0.059361437 89.611678145
0.056545575 0.021518050 0.998168175 27.529463222 0.026568957 0.999381219 -0.023049315 -2.574992869 -0.998046369 0.027823622 0.055938875 89.665817148
0.051681498 0.019057891 0.998481824 28.344199813 0.024288446 0.999498165 -0.020334462 -2.608047728 -0.998368148 0.025302486 0.051192677 89.718812021
0.045397237 0.017484593 0.998816056 29.166017118 0.024702226 0.999521439 -0.018619685 -2.642628048 -0.998663485 0.025518261 0.044943605 89.759120495
0.038124374 0.017511170 0.999119624 29.988606749 0.023609729 0.999551548 -0.018419640 -2.676667188 -0.998993983 0.024291179 0.037693845 89.796647075
0.029035382 0.018229579 0.999412209 30.806219804 0.023260881 0.999550611 -0.018907890 -2.709360374 -0.999307632 0.023796205 0.028598299 89.823752891
0.019116826 0.018733992 0.999641795 31.616088816 0.023035464 0.999550784 -0.019172810 -2.741532114 -0.999551790 0.023393735 0.018676693 89.839873718
0.009028401 0.018024243 0.999796854 32.416401614 0.023192904 0.999564792 -0.018229498 -2.770029434 -0.999690174 0.023352774 0.008606439 89.839916416
-0.001941824 0.017037750 0.999853029 33.229125307 0.023497921 0.999579548 -0.016987455 -2.804495896 -0.999721933 0.023461479 -0.002341357 89.834553677
-0.012948067 0.016247365 0.999784229 34.028005784 0.025171357 0.999556417 -0.015917673 -2.833184513 -0.999599227 0.024959822 -0.013351290 89.820947998
-0.023938123 0.016710539 0.999573838 34.812710456 0.025434464 0.999546820 -0.016100975 -2.865219290 -0.999389774 0.025038196 -0.024352297 89.801355075
-0.034651586 0.016994721 0.999255013 35.595855936 0.025506870 0.999544747 -0.016115136 -2.890787448 -0.999073838 0.024929452 -0.035069291 89.777449509
-0.045420797 0.018141337 0.998803272 36.366476553 0.024859183 0.999545994 -0.017024352 -2.921063301 -0.998658520 0.024056172 -0.045851152 89.749903576
-0.055595653 0.018978815 0.998273040 37.145393431 0.026890612 0.999485115 -0.017504271 -2.951164328 -0.998091120 0.025871011 -0.056077378 89.697099094
-0.065657160 0.019478237 0.997652179 37.912268939 0.026823970 0.999482597 -0.017748644 -2.974861118 -0.997481568 0.025595664 -0.066145671 89.647459926
-0.075133643 0.020325708 0.996966366 38.661255960 0.026650098 0.999476048 -0.018368463 -3.007308655 -0.996817222 0.025189160 -0.075635957 89.587533061
-0.084243027 0.020731284 0.996229622 39.405138094 0.027586809 0.999448845 -0.018465483 -3.035608099 -0.996063225 0.025927207 -0.084768505 89.524247532
-0.092725160 0.020297230 0.995484908 40.148828562 0.028447612 0.999438066 -0.017728060 -3.066083510 -0.995285208 0.026675330 -0.093250460 89.453032800
-0.100293477 0.019492971 0.994766996 40.892940660 0.030515784 0.999397970 -0.016507084 -3.092530484 -0.994489755 0.028700541 -0.100827939 89.373197654
-0.105479583 0.017936362 0.994259763 41.621344433 0.033175744 0.999344221 -0.014508519 -3.120990520 -0.993867846 0.031454953 -0.106005462 89.291527659
-0.109448796 0.016308987 0.993858697 42.329106535 0.035438543 0.999293736 -0.012495501 -3.147527752 -0.993360427 0.033853286 -0.109949462 89.207281867
-0.112324674 0.014894178 0.993559995 43.026269134 0.036211232 0.999284863 -0.010886219 -3.173842071 -0.993011471 0.034755239 -0.112783681 89.124201435
-0.114405346 0.014538367 0.993327833 43.712344211 0.037505536 0.999243282 -0.010305290 -3.192856880 -0.992725853 0.036076311 -0.114864042 89.048624094
-0.115045906 0.015023131 0.993246635 44.383261899 0.037509410 0.999238245 -0.010769111 -3.215505266 -0.992651677 0.036017152 -0.115521777 88.977510438
-0.113978868 0.015840112 0.993356956 45.041655508 0.038438529 0.999194529 -0.011522721 -3.237003994 -0.992739223 0.036869832 -0.114495930 88.903909704
-0.111222148 0.017055243 0.993649277 45.685672292 0.038489841 0.999176470 -0.012841830 -3.264336708 -0.993049865 0.036817105 -0.111787006 88.830662029
-0.105873507 0.017970142 0.994217284 46.314259448 0.039403157 0.999127225 -0.013862873 -3.281793904 -0.993598541 0.037707587 -0.106489182 88.763414257
-0.098300657 0.018588725 0.994983202 46.917650167 0.038230968 0.999157992 -0.014889642 -3.309508968 -0.994422064 0.036575507 -0.098928550 88.714713378
-0.087143605 0.018585319 0.996022445 47.506333296 0.036387293 0.999218150 -0.015461367 -3.326991577 -0.995530926 0.034895199 -0.087751739 88.670014096
-0.073568434 0.019025800 0.997108740 48.073462270 0.036749537 0.999190680 -0.016354081 -3.352345722 -0.996612776 0.035440138 -0.074208082 88.636792643
-0.056624354 0.020230461 0.998190635 48.617888691 0.035897756 0.999189466 -0.018214334 -3.372329788 -0.997749919 0.034801427 -0.057304685 88.613162665
-0.035374139 0.023062369 0.999108068 49.162468899 0.034528702 0.999165018 -0.021841172 -3.399420131 -0.998777405 0.033725290 -0.036140915 88.615251857
-0.010772615 0.025888395 0.999606860 49.687449055 0.032451585 0.999147276 -0.025526768 -3.423972063 -0.999415185 0.032163835 -0.011603546 88.623690274
0.017219133 0.027509339 0.999473297 50.211747692 0.030208489 0.999150778 -0.028020900 -3.446275378 -0.999395224 0.030675073 0.016373496 88.659818225
0.050257538 0.027224470 0.998365234 50.741744617 0.027671475 0.999206694 -0.028640395 -3.474132116 -0.998352811 0.029065633 0.049464330 88.712938128
0.087915883 0.025206501 0.995808999 51.256467249 0.026216035 0.999274975 -0.027608742 -3.497410503 -0.995782800 0.028533409 0.087191328 88.781296495
0.129724936 0.021456735 0.991317901 51.763410176 0.023879122 0.999408272 -0.024756697 -3.520982752 -0.991262376 0.026883361 0.129135808 88.872999706
0.174543047 0.017260586 0.984498312 52.266096291 0.020787614 0.999558906 -0.021210098 -3.545508903 -0.984430023 0.024167444 0.174107252 89.006168329
0.222289045 0.014222393 0.974877137 52.757918250 0.016421575 0.999697146 -0.018328898 -3.568806998 -0.974842441 0.020083331 0.221988171 89.162379012
0.273440000 0.012982781 0.961801506 53.225590119 0.012512400 0.999776299 -0.017052654 -3.588551682 -0.961807612 0.016697321 0.273216386 89.324018247
0.327156724 0.012997181 0.944880770 53.689897840 0.010938357 0.999786332 -0.017539739 -3.602550926 -0.944906721 0.016073686 0.326944655 89.538284019
0.384642008 0.013281764 0.922970332 54.134313758 0.012222996 0.999735523 -0.019480291 -3.635303953 -0.922984837 0.018774399 0.384377938 89.768076683
0.444553951 0.016634679 0.895597666 54.530096711 0.012700112 0.999610004 -0.024870630 -3.651691638 -0.895661981 0.022430525 0.444169315 89.987364016
0.503611790 0.020035552 0.863697773 54.931920464 0.012879882 0.999445820 -0.030694660 -3.680248411 -0.863833997 0.026582517 0.503074643 90.287699314
0.561650617 0.024422550 0.827014035 55.286067938 0.008600925 0.999337890 -0.035352598 -3.699178186 -0.827329751 0.026968893 0.561068687 90.573283089
0.616972000 0.027304420 0.786511349 55.639934811 0.004223118 0.999268691 -0.038003264 -3.716678849 -0.786973718 0.026768480 0.616405495 90.931442174
0.669883169 0.028561993 0.741916994 55.949720482 0.001812401 0.999193909 -0.040102959 -3.738830276 -0.742464263 0.028208948 0.669291417 91.277900548
0.719030110 0.027196741 0.694446617 56.225799373 0.000484497 0.999214145 -0.039634058 -3.758262592 -0.694978705 0.028834538 0.718451880 91.617676127
0.764301438 0.023631629 0.644426033 56.504760252 -0.001833213 0.999403888 -0.034474734 -3.796346697 -0.644856492 0.025167718 0.763889152 92.034664630
0.805948992 0.019280080 0.591670978 56.746443157 -0.003182868 0.999596187 -0.028237088 -3.810440869 -0.591976387 0.020874441 0.805684907 92.441230807
0.842937839 0.016483344 0.537758437 56.945732349 -0.005702740 0.999748151 -0.021705167 -3.833730820 -0.537980704 0.015229409 0.842819546 92.835720195
0.874618944 0.014424066 0.484596409 57.153135371 -0.007908122 0.999848784 -0.015487716 -3.843534764 -0.484746462 0.009713602 0.874600757 93.292871461
0.900689480 0.014100139 0.434234580 57.317080568 -0.011067261 0.999893512 -0.009512073 -3.865606654 -0.434322403 0.003761637 0.900749618 93.745364958
0.921474376 0.016183485 0.388101905 57.454123134 -0.015043699 0.999868983 -0.005975184 -3.888586350 -0.388147705 -0.000332509 0.921597108 94.175713079
0.937246369 0.021407954 0.348009999 57.585663290 -0.021539245 0.999761905 -0.003492073 -3.889554904 -0.348001851 -0.004222940 0.937484327 94.659051444
0.949390252 0.026264654 0.312998930 57.690285846 -0.026347827 0.999644973 -0.003964729 -3.907321119 -0.312991898 -0.004482768 0.949745210 95.113455414
0.959031312 0.028552631 0.281857589 57.803256733 -0.028324721 0.999586844 -0.004883802 -3.892763536 -0.281880545 -0.003299819 0.959443828 95.586753686
0.965531347 0.024114569 0.259167348 57.927885944 -0.023934970 0.999706109 -0.003848928 -3.921245089 -0.259183961 -0.002486902 0.965824767 96.062870936
0.969672002 0.020951917 0.243510232 58.040929616 -0.020749894 0.999778934 -0.003394898 -3.932140587 -0.243527497 -0.001760874 0.969892391 96.546042098
0.972655020 0.024561376 0.230952284 58.140715314 -0.024344372 0.999696449 -0.003789711 -3.940675107 -0.230975228 -0.001936307 0.972957701 97.053877865
0.974728513 0.030243178 0.221336132 58.237001540 -0.030185704 0.999537669 -0.003642990 -3.938159459 -0.221343947 -0.003130261 0.975190777 97.552622606
0.975908425 0.036658491 0.215078837 58.335040788 -0.036543703 0.999321872 -0.004511467 -3.947619913 -0.215098341 -0.003456999 0.976586272 98.066938790
0.976269834 0.043377578 0.212168807 58.432186977 -0.042605662 0.999058226 -0.008210911 -3.953955730 -0.212325132 -0.001023529 0.977198539 98.586298695
0.976408631 0.044841467 0.211223657 58.543310149 -0.043589817 0.998993483 -0.010580520 -3.973848391 -0.211485474 0.001123710 0.977380492 99.120285016
0.976022524 0.042777903 0.213424669 58.667646269 -0.040692874 0.999071432 -0.014154951 -3.986313698 -0.213831981 0.005130687 0.976856977 99.674078030
0.975183826 0.042407691 0.217297260 58.797875773 -0.038914274 0.999035667 -0.020332620 -4.008247930 -0.217949943 0.011372076 0.975893689 100.220948369
0.974229013 0.043562453 0.221314591 58.929825031 -0.039057017 0.998931775 -0.024695324 -4.026400681 -0.222153937 0.015415012 0.974889737 100.782667272
0.973036278 0.047166240 0.225778108 59.050655214 -0.042642712 0.998780718 -0.024873182 -4.045387706 -0.226675965 0.014574717 0.973861170 101.362150064
0.971600407 0.049278655 0.231439562 59.181531818 -0.045550337 0.998732185 -0.021428694 -4.059623245 -0.232202085 0.010277977 0.972613257 101.960477434
0.970588666 0.047797204 0.235951425 59.336303523 -0.045024416 0.998839032 -0.017128611 -4.079942129 -0.236496161 0.006001260 0.971613886 102.574507907
0.969785507 0.042959571 0.240146940 59.494904514 -0.041295457 0.999075396 -0.011959804 -4.093517016 -0.240438655 0.001681466 0.970662876 103.177980580
0.969048520 0.040363251 0.243548312 59.654721919 -0.039812506 0.999181333 -0.007185237 -4.109305552 -0.243638914 -0.002733426 0.969862155 103.809925063
0.968506899 0.034873131 0.246532472 59.820527171 -0.034388933 0.999388853 -0.006270557 -4.123306488 -0.246600445 -0.002404911 0.969114250 104.435993072
0.968509863 0.030766007 0.247067006 59.985384827 -0.029406076 0.999525271 -0.009193150 -4.138902999 -0.247232519 0.001638385 0.968954793 105.084954851
0.968579652 0.030612657 0.246812339 60.151982020 -0.027530802 0.999494038 -0.015928664 -4.163789406 -0.247175047 0.008633238 0.968932380 105.741951191
0.968568232 0.036966487 0.245985909 60.317098278 -0.032322209 0.999215298 -0.022892415 -4.173644852 -0.246639102 0.014222058 0.969003033 106.403235664
0.969197551 0.037485142 0.243415237 60.470410675 -0.032045515 0.999141118 -0.026269959 -4.198074354 -0.244190873 0.017660413 0.969566356 107.078057887
0.969695982 0.038057042 0.241332493 60.638457943 -0.033533070 0.999176898 -0.022826727 -4.209309854 -0.242002537 0.014042366 0.970173993 107.786200369
0.970191719 0.033258047 0.240045701 60.818958205 -0.030420454 0.999416727 -0.015517767 -4.237603595 -0.240421747 0.007752909 0.970637558 108.487525581
0.970917345 0.031612003 0.237318767 60.988103461 -0.030014414 0.999495953 -0.010342841 -4.255625326 -0.237526075 0.002919060 0.971376773 109.214797139
0.971078250 0.035662967 0.236083021 61.144850032 -0.034079547 0.999360925 -0.010785466 -4.285076159 -0.236316756 0.002427930 0.971673036 109.941518705
0.971311697 0.042256619 0.234025581 61.309442445 -0.039882134 0.999093715 -0.014871607 -4.297110669 -0.234441880 0.005111526 0.972116696 110.676647654
0.972134255 0.045100296 0.230045562 61.479894296 -0.041592091 0.998932898 -0.020078932 -4.324450849 -0.230705614 0.009951342 0.972972704 111.426437848
0.973109643 0.044438747 0.226015103 61.652528413 -0.040295953 0.998925047 -0.022912600 -4.346766572 -0.226790324 0.013188977 0.973854298 112.184039572
0.974032162 0.042115473 0.222458177 61.826703015 -0.038193556 0.999030248 -0.021904680 -4.373382742 -0.223164943 0.012839393 0.974696133 112.960932600
0.974990652 0.038384375 0.218906082 62.004240194 -0.034822759 0.999191222 -0.020106624 -4.406119926 -0.219500787 0.011980856 0.975538752 113.758426054
0.975521976 0.036265805 0.216890921 62.183323858 -0.033226509 0.999292085 -0.017644534 -4.431726349 -0.217377244 0.010006102 0.976036375 114.554043296
0.975868959 0.032393422 0.215940842 62.360572330 -0.029745598 0.999437294 -0.015501399 -4.447295561 -0.216321446 0.008704044 0.976283394 115.342747825
0.976117738 0.028131502 0.215413059 62.543061036 -0.025730455 0.999571677 -0.013942965 -4.482262312 -0.215713000 0.008067300 0.976423481 116.153495888
0.976157586 0.028694212 0.215158113 62.709510008 -0.026571550 0.999565574 -0.012752126 -4.499063157 -0.215430527 0.006730999 0.976495968 116.961552020
0.976040969 0.032713922 0.215113533 62.891832007 -0.030295389 0.999435354 -0.014531423 -4.527090021 -0.215467421 0.007666316 0.976480933 117.786380195
0.975661988 0.039101550 0.215765523 63.055333769 -0.036164276 0.999191813 -0.017546063 -4.545911200 -0.216277194 0.009316022 0.976287550 118.604172592
0.975058871 0.047829522 0.216731495 63.225627843 -0.044703111 0.998813716 -0.019307816 -4.579032559 -0.217397845 0.009137685 0.976040303 119.426941827
0.974199560 0.052708095 0.219447217 63.396781762 -0.049878221 0.998585435 -0.018419873 -4.606855086 -0.220107641 0.006998996 0.975450478 120.258337889
0.973340293 0.055624545 0.222518744 63.580675161 -0.053107272 0.998439203 -0.017285168 -4.623941105 -0.223132886 0.005006988 0.974775173 121.110208760
0.972664786 0.055995887 0.225361224 63.759081199 -0.053282515 0.998415259 -0.018109225 -4.652578937 -0.226018096 0.005606393 0.974106966 121.934190671
0.972352822 0.055200756 0.226898377 63.947531665 -0.051984121 0.998444960 -0.020132383 -4.687156453 -0.227656833 0.007780666 0.973710337 122.778262700
0.972309512 0.049453152 0.228404475 64.152166628 -0.046175037 0.998739541 -0.019677317 -4.717737686 -0.229089655 0.008585857 0.973367457 123.617947693
0.972518697 0.044143863 0.228601641 64.356137289 -0.040586031 0.998970952 -0.020243772 -4.754164114 -0.229260007 0.010409413 0.973309554 124.460939322
0.972335352 0.041666143 0.229843210 64.559225158 -0.037939062 0.999067428 -0.020613142 -4.794770481 -0.230487705 0.011322850 0.973009355 125.306712042
0.971830029 0.043930776 0.231552345 64.761391392 -0.040708471 0.998996470 -0.018678158 -4.819108548 -0.232140490 0.008725852 0.972643123 126.144423374
0.971433026 0.046539124 0.232705809 64.955237113 -0.044621767 0.998912737 -0.013499711 -4.844801515 -0.233081030 0.002730320 0.972453481 126.985359280
0.971084641 0.047995690 0.233861160 65.142967564 -0.046959017 0.998846737 -0.010002319 -4.858584603 -0.234071494 -0.001268793 0.972218555 127.829010802
0.970819112 0.048058830 0.234948097 65.332662243 -0.045697666 0.998835257 -0.015487174 -4.890778386 -0.235418707 0.004298665 0.971884534 128.656414254
0.970940131 0.045586998 0.234940619 65.527235247 -0.039894302 0.998785037 -0.028929133 -4.933333302 -0.235973935 0.018715664 0.971579137 129.469276135
