1.000000000 0.000000000 -0.000000000 -0.000000000 0.000000000 1.000000000 0.000000000 0.000000000 0.000000000 -0.000000000 1.000000000 0.000000000
0.999833025 -0.003195489 0.017991992 -0.005974609 0.003243922 0.999991191 -0.002663449 0.002626184 -0.017983319 0.002721368 0.999834584 0.317136120
0.998731144 -0.002888360 0.050276831 -0.000599177 0.003206052 0.999975396 -0.006239359 -0.014789313 -0.050257566 0.006392632 0.998715831 0.881275689
0.995473303 -0.001800128 0.095024548 0.050253888 0.002665813 0.999956090 -0.008983955 -0.019805772 -0.095004190 0.009196603 0.995434390 1.759559540
0.989717222 -0.004106842 0.142978869 0.199815314 0.005486607 0.999942099 -0.009257211 -0.055388464 -0.142932553 0.009946490 0.989682449 2.767991905
0.981826840 -0.005452946 0.189700624 0.392953131 0.007634242 0.999912862 -0.010769781 -0.081923012 -0.189625341 0.012022280 0.981782914 3.760939129
0.971955099 -0.008730741 0.235004394 0.616288447 0.012260067 0.999832877 -0.013561250 -0.105890846 -0.234846689 0.016062095 0.971899704 4.769378641
0.960456118 -0.010559255 0.278231123 0.882654796 0.015274041 0.999774053 -0.014783316 -0.174500996 -0.278012119 0.018448439 0.960400389 5.691582637
0.946592573 -0.011104573 0.322240908 1.199362416 0.017162551 0.999725253 -0.015964527 -0.177574743 -0.321975051 0.020642378 0.946523082 6.626522987
0.930393103 -0.011711136 0.366376228 1.561268310 0.018575295 0.999711683 -0.015215422 -0.217380083 -0.366092356 0.020961869 0.930342394 7.575531821
0.912215230 -0.011713452 0.409543881 1.948888284 0.019138591 0.999718313 -0.014036015 -0.263334309 -0.409264053 0.020641959 0.912182450 8.463274245
0.891434265 -0.011972155 0.452991882 2.397306936 0.020355809 0.999699796 -0.013636683 -0.284885273 -0.452692571 0.021377222 0.891410357 9.362384609
0.869177048 -0.012611937 0.494340197 2.870827300 0.021939924 0.999673832 -0.013071679 -0.314952839 -0.494014033 0.022207389 0.869170256 10.184550703
0.845178746 -0.014385422 0.534290167 3.391193055 0.025071279 0.999604409 -0.012745853 -0.364774843 -0.533895382 0.024167861 0.845205064 11.014857776
0.819003904 -0.014181436 0.573612705 3.957301890 0.026891729 0.999544684 -0.013684240 -0.374662846 -0.573157391 0.026632882 0.819012363 11.840330225
0.791784671 -0.017169092 0.610559010 4.533822109 0.031188462 0.999437328 -0.012341344 -0.418918391 -0.610003494 0.028814083 0.791874635 12.587655409
0.762525601 -0.016637023 0.646744131 5.152416948 0.031885678 0.999420863 -0.011884547 -0.453104588 -0.646171768 0.029684145 0.762614478 13.326620090
0.730393772 -0.015954519 0.682839991 5.819189651 0.033776282 0.999347720 -0.012778802 -0.463845628 -0.682190617 0.032397352 0.730456236 14.057757900
0.697976266 -0.017228709 0.715913663 6.491614855 0.037908388 0.999197788 -0.012912550 -0.509570140 -0.715116786 0.036151785 0.698069454 14.713762462
0.663385100 -0.015937452 0.748108469 7.216260829 0.039011253 0.999150153 -0.013307669 -0.536735436 -0.747260500 0.038012756 0.663443065 15.370221127
0.628402837 -0.015402523 0.777735635 7.941968605 0.042005244 0.999017115 -0.014154981 -0.575740800 -0.776753083 0.041564004 0.628432177 15.949735254
0.591746488 -0.014443041 0.805994776 8.705038495 0.046311082 0.998797269 -0.016102777 -0.609340680 -0.804792699 0.046855250 0.591703651 16.502486448
0.554147104 -0.013383079 0.832311224 9.531625628 0.049055818 0.998658030 -0.016603193 -0.626448486 -0.830971974 0.050030318 0.554059974 17.068034615
0.517890666 -0.015566960 0.855305224 10.335578831 0.054007404 0.998434819 -0.014529712 -0.653486503 -0.853740218 0.053717615 0.517920806 17.544086704
0.482319484 -0.016562011 0.875838865 11.185574629 0.058413714 0.998203964 -0.013292183 -0.695880688 -0.874045565 0.057572077 0.482420672 18.006593718
0.447555140 -0.014641332 0.894136530 12.079546034 0.059744844 0.998121563 -0.013560889 -0.721446129 -0.892258282 0.059489290 0.447589182 18.449250774
0.415473170 -0.015005317 0.909481718 12.955386040 0.060733893 0.998090283 -0.011277462 -0.740562431 -0.907575522 0.059921846 0.415591067 18.847742431
0.382640082 -0.016595622 0.923748487 13.875321678 0.063174368 0.997968492 -0.008239407 -0.755936507 -0.921735023 0.061509951 0.382911165 19.225272667
0.350815508 -0.016685283 0.936296000 14.796771134 0.064325332 0.997908978 -0.006318444 -0.788395954 -0.934232633 0.062444156 0.351155233 19.569510315
0.319346386 -0.013904274 0.947536108 15.755049632 0.061949134 0.998059845 -0.006232942 -0.816828541 -0.945610950 0.060689506 0.319588164 19.896428155
0.288235534 -0.011891885 0.957485761 16.723175481 0.061817515 0.998068129 -0.006213247 -0.816344109 -0.955562006 0.060980266 0.288413829 20.191137026
0.258412392 -0.011878170 0.965961733 17.688088356 0.063723805 0.997956146 -0.004775686 -0.836882088 -0.963930593 0.062788851 0.258641158 20.448721748
0.228170952 -0.012355187 0.973542753 18.693784698 0.065508384 0.997848394 -0.002689669 -0.857522170 -0.971414711 0.064388914 0.228489388 20.701682227
0.197510373 -0.012587154 0.980220050 19.720812210 0.064793450 0.997898668 -0.000241451 -0.873471086 -0.978157110 0.063559525 0.197910904 20.915170097
0.168780145 -0.012587291 0.985573414 20.754178718 0.065261144 0.997866987 0.001568281 -0.879602081 -0.983490781 0.064054951 0.169241597 21.103978703
0.141099179 -0.012446137 0.989917293 21.826185748 0.067852669 0.997691217 0.002872406 -0.886375667 -0.987667406 0.066763234 0.141617917 21.254701123
0.116339702 -0.012439790 0.993131641 22.885152418 0.072092684 0.997389723 0.004047878 -0.900129528 -0.990589515 0.071126594 0.116932842 21.379793935
0.093615810 -0.012072772 0.995535264 23.977854863 0.076670252 0.997044555 0.004881337 -0.901990388 -0.992651812 0.075870966 0.094264758 21.483989093
0.072753699 -0.012915528 0.997266374 25.087758324 0.082309163 0.996582944 0.006901966 -0.920616476 -0.993947668 0.081582014 0.073568164 21.563885459
0.055491169 -0.013558400 0.998367184 26.199363445 0.086831422 0.996185008 0.008702506 -0.920876128 -0.994676279 0.086206727 0.056456767 21.631311681
0.039309730 -0.013793347 0.999131934 27.337342781 0.089889220 0.995899413 0.010212130 -0.922219328 -0.995175632 0.089409751 0.040388412 21.669694267
0.024690283 -0.014520083 0.999589761 28.469195954 0.092234709 0.995662739 0.012184804 -0.926222821 -0.995431070 0.091896021 0.025922451 21.696851464
0.011602585 -0.015281578 0.999815977 29.619117136 0.092568317 0.995605887 0.014143000 -0.921837301 -0.995638665 0.092387184 0.012966194 21.715065945
-0.000537085 -0.014970917 0.999887852 30.770577406 0.092837875 0.995568904 0.014956118 -0.926527223 -0.995681027 0.092835493 0.000855165 21.725278757
-0.012230858 -0.012439347 0.999847890 31.947636917 0.092671038 0.995604983 0.013520179 -0.918505854 -0.995621591 0.092822302 -0.011024334 21.716711515
-0.022186523 -0.009103535 0.999712467 33.118905003 0.093146494 0.995590167 0.011133189 -0.917979017 -0.995405121 0.093366714 -0.021240721 21.687321753
-0.032133940 -0.006568110 0.999462057 34.341386556 0.093811215 0.995544118 0.009558509 -0.915197578 -0.995071220 0.094067899 -0.031374591 21.655293539
-0.039296804 -0.005267698 0.999213765 35.560766849 0.093765518 0.995554205 0.008935991 -0.914299389 -0.994818404 0.094042948 -0.038628169 21.616135638
-0.045137788 -0.004218432 0.998971931 36.817916079 0.093796699 0.995555578 0.008442138 -0.905654769 -0.994567557 0.094081326 -0.044541500 21.561954384
-0.050816204 -0.002992349 0.998703606 38.095143149 0.094279773 0.995515341 0.007779956 -0.907699976 -0.994247908 0.094552895 -0.050306191 21.506338851
-0.054824040 -0.001158262 0.998495427 39.394374717 0.093827192 0.995568523 0.006306604 -0.905666098 -0.994077788 0.094031772 -0.054472412 21.438801738
-0.058811856 -0.000389321 0.998269076 40.718813393 0.093855428 0.995568250 0.005917651 -0.912555610 -0.993847167 0.094040996 -0.058514675 21.359791230
-0.062487987 -0.001027162 0.998045254 42.066353008 0.093984816 0.995549657 0.006909019 -0.912939728 -0.993610573 0.094232827 -0.062113356 21.282708548
-0.064547483 -0.003008824 0.997910168 43.437138380 0.094416567 0.995491106 0.009108647 -0.910437910 -0.993437971 0.094807190 -0.063972360 21.193574966
-0.066341706 -0.003553979 0.997790700 44.826598670 0.095150979 0.995413901 0.009871969 -0.906976068 -0.993249685 0.095595682 -0.065699290 21.114556373
-0.068972150 -0.003692644 0.997611818 46.231119939 0.096154596 0.995312786 0.010332000 -0.910817792 -0.992973818 0.096637579 -0.068293797 21.013973807
-0.069529801 -0.003096457 0.997575136 47.647822151 0.097190789 0.995216895 0.009863220 -0.892487279 -0.992834037 0.097640898 -0.068896284 20.921515979
-0.070821828 -0.002608907 0.997485637 49.088890941 0.098088682 0.995131690 0.009567081 -0.900485614 -0.992654394 0.098519607 -0.070221139 20.814456377
-0.070324838 -0.001637530 0.997522866 50.562581618 0.098465743 0.995103493 0.008575342 -0.886399195 -0.992652398 0.098824886 -0.069819250 20.716726052
-0.069593302 -0.000597488 0.997575335 52.052183714 0.097719640 0.995186372 0.007413220 -0.897578693 -0.992777675 0.097998608 -0.069199919 20.614147313
-0.068960147 -0.000643243 0.997619275 53.560778177 0.097704742 0.995187967 0.007395489 -0.897645573 -0.992823322 0.097982124 -0.068565459 20.518856251
-0.067224690 -0.001114820 0.997737306 55.110605303 0.098248076 0.995131920 0.007731584 -0.892267621 -0.992888727 0.098545520 -0.066787904 20.421121820
-0.066298625 -0.000893940 0.997799493 56.653221336 0.098570549 0.995102244 0.007441029 -0.903011175 -0.992919033 0.098846970 -0.065885792 20.329284574
-0.065575812 0.000105635 0.997847651 58.232569176 0.098362443 0.995130341 0.006358764 -0.899071364 -0.992987669 0.098567711 -0.065266868 20.227147516
-0.064509980 0.000654426 0.997916915 59.829375903 0.098877678 0.995083044 0.005739345 -0.902018313 -0.993006311 0.099041949 -0.064257494 20.117809416
-0.063662141 0.000684043 0.997971341 61.452186682 0.098459066 0.995125352 0.005598765 -0.904357596 -0.993102618 0.098615752 -0.063419159 20.011034754
-0.062410620 -0.001080977 0.998050039 63.085067291 0.099820103 0.994978577 0.007319658 -0.907142955 -0.993046186 0.100082279 -0.061989326 19.919877596
-0.061735827 -0.002561856 0.998089303 64.734184868 0.102558319 0.994687205 0.008896768 -0.903974833 -0.992809320 0.102911608 -0.061145096 19.816151016
-0.061579634 -0.001868364 0.998100492 66.401409174 0.104587126 0.994480972 0.008314283 -0.908107411 -0.992607349 0.104900447 -0.061044365 19.716293500
-0.060681540 -0.000871659 0.998156864 68.063091859 0.104087745 0.994542082 0.007196371 -0.925108741 -0.992715145 0.104332580 -0.060259616 19.610852177
-0.059653592 -0.000456398 0.998219101 69.754088239 0.104861872 0.994464082 0.006721229 -0.920675693 -0.992695977 0.105076065 -0.059275495 19.525624471
-0.059944347 -0.001103379 0.998201178 71.479489216 0.104536890 0.994493649 0.007376969 -0.937352541 -0.992712738 0.104791050 -0.059498926 19.419159750
-0.059527569 -0.001375689 0.998225780 73.204846448 0.105210003 0.994420644 0.007644473 -0.929089099 -0.992666706 0.105478391 -0.059050705 19.324425629
-0.059530161 -0.001702522 0.998225122 74.944441572 0.105875902 0.994347089 0.008009924 -0.944215446 -0.992595749 0.106164813 -0.059013385 19.226664220
-0.059010579 -0.001494698 0.998256306 76.707481198 0.106630250 0.994268210 0.007792031 -0.940779176 -0.992546023 0.106904128 -0.058512962 19.118469006
-0.059461634 -0.000958410 0.998230199 78.473861918 0.107540171 0.994173494 0.007360367 -0.950644396 -0.992420925 0.107787502 -0.059012112 19.026144183
-0.060195462 0.000097078 0.998186671 80.258323946 0.106884926 0.994251126 0.006348981 -0.953607168 -0.992447472 0.107073284 -0.059859781 18.930523772
-0.060791161 0.000841571 0.998150219 82.064130980 0.106095078 0.994340089 0.005623238 -0.959991344 -0.992495913 0.106240664 -0.060536373 18.817384002
-0.061747142 0.001206033 0.998091163 83.880712352 0.104905539 0.994468129 0.005288351 -0.975830684 -0.992563341 0.105031828 -0.061532084 18.708767790
-0.063343072 0.001080453 0.997991294 85.702589822 0.104467272 0.994512816 0.005553910 -0.980711845 -0.992508998 0.104609226 -0.063108368 18.608209486
-0.064001694 0.000309317 0.997949809 87.545882970 0.103843079 0.994573412 0.006351517 -0.997168673 -0.992532249 0.104036685 -0.063686503 18.499412103
-0.064230828 0.000082193 0.997935132 89.408899939 0.101818770 0.994781914 0.006471503 -0.994301754 -0.992727155 0.102024193 -0.063904034 18.382840122
-0.066451227 0.000846125 0.997789383 91.276430781 0.101718783 0.994795514 0.005930729 -1.007883555 -0.992591251 0.101888021 -0.066191447 18.268771071
-0.068551924 0.001736408 0.997646106 93.177528531 0.100141288 0.994959902 0.005149344 -1.010179764 -0.992608797 0.100258559 -0.068380299 18.146026415
-0.072882282 0.002517596 0.997337440 95.075665781 0.100809286 0.994893920 0.004855399 -1.023542204 -0.992232598 0.100894745 -0.072763934 18.021716282
-0.077127386 0.002243130 0.997018790 96.995308827 0.098872218 0.995085433 0.005409778 -1.032071915 -0.992106607 0.098994698 -0.076970120 17.885668809
-0.081967861 0.001919648 0.996633191 98.922436414 0.097807383 0.995186500 0.006127284 -1.037426372 -0.991824003 0.097980321 -0.081761063 17.737753903
-0.087132361 0.002691530 0.996193174 100.867011651 0.096261075 0.995339625 0.005730284 -1.054703688 -0.991534984 0.096393915 -0.086985378 17.589765951
-0.091652480 0.004261329 0.995782003 102.799242427 0.096421911 0.995329851 0.004615347 -1.072234204 -0.991111752 0.096438209 -0.091635333 17.414908036
-0.096390924 0.006082894 0.995325033 104.751153999 0.096230463 0.995353818 0.003236242 -1.089010558 -0.990680754 0.096092529 -0.096528431 17.238850891
-0.101692947 0.006762087 0.994792919 106.714400861 0.094738250 0.995497941 0.002917762 -1.104784189 -0.990294439 0.094541653 -0.101875746 17.059331285
-0.106250545 0.006701113 0.994316876 108.703132926 0.093264150 0.995636076 0.003256002 -1.122588267 -0.989955801 0.093080067 -0.106411848 16.864044364
-0.112518353 0.006353713 0.993629400 110.680871576 0.091066686 0.995836984 0.003944541 -1.138799350 -0.989467709 0.090930367 -0.112628547 16.664532102
-0.117715872 0.005904630 0.993029829 112.678032681 0.091006536 0.995838403 0.004866780 -1.154395062 -0.988868369 0.090945099 -0.117763344 16.435229624
-0.123266679 0.005961228 0.992355743 114.674715548 0.091130060 0.995824693 0.005337766 -1.167214241 -0.988180402 0.091091404 -0.123295249 16.201702642
-0.129383394 0.007307795 0.991567781 116.679657761 0.091554672 0.995789392 0.004607481 -1.191811774 -0.987358876 0.091378791 -0.129507672 15.958873377
-0.134692207 0.008336188 0.990852486 118.685704655 0.091119929 0.995831859 0.004008371 -1.205750489 -0.986688926 0.090826302 -0.134890383 15.698974180
-0.140578486 0.008348511 0.990034405 120.712406958 0.091928709 0.995754702 0.004656536 -1.226773414 -0.985792408 0.091667190 -0.140749155 15.425172799
-0.146809086 0.008545271 0.989128001 122.745249678 0.091459402 0.995796394 0.004971776 -1.241491630 -0.984927479 0.091194955 -0.146973502 15.138650424
-0.151846787 0.009450084 0.988358933 124.778675098 0.090690874 0.995869320 0.004411424 -1.257136095 -0.984234519 0.090304994 -0.152076591 14.830852510
-0.157424207 0.009721823 0.987483284 126.821615234 0.089630303 0.995965013 0.004483504 -1.276291790 -0.983455082 0.089214235 -0.157660370 14.528173415
-0.161747141 0.009165454 0.986789739 128.866820990 0.090992888 0.995835427 0.005665397 -1.291630288 -0.982628122 0.090707207 -0.161907522 14.196794452
-0.165449948 0.009010480 0.986177092 130.925168974 0.093497125 0.995597744 0.006589366 -1.303161603 -0.981776183 0.093294929 -0.165564048 13.862563732
-0.169797289 0.009554765 0.985432756 132.995062163 0.094523769 0.995500495 0.006634759 -1.319214167 -0.980935272 0.094273378 -0.169936436 13.514084647
-0.172614890 0.010161614 0.984937039 135.063830123 0.094885568 0.995467877 0.006358887 -1.330907007 -0.980408434 0.094553946 -0.172796767 13.157331552
-0.175767278 0.010315638 0.984377764 137.158218181 0.094184098 0.995534325 0.006384655 -1.339254255 -0.979915859 0.093834942 -0.175953926 12.794189312
-0.180453683 0.010745336 0.983524853 139.219408986 0.092989053 0.995647929 0.006183522 -1.355288177 -0.979177908 0.092572881 -0.180667533 12.433863048
-0.184380259 0.011481018 0.982787991 141.321785318 0.091379044 0.995800936 0.005510532 -1.371785525 -0.978597803 0.090822257 -0.184655158 12.056098302
-0.189312813 0.011699010 0.981847199 143.437910688 0.091087158 0.995826627 0.005697202 -1.379970486 -0.977682801 0.090512221 -0.189588368 11.673261880
-0.193772376 0.012076682 0.980972247 145.529416916 0.091388210 0.995798492 0.005792793 -1.401383593 -0.976780596 0.090771778 -0.194061904 11.269834612
-0.198156637 0.012847897 0.980086225 147.640096710 0.090817262 0.995853432 0.005307108 -1.412711894 -0.975953915 0.090060383 -0.198501776 10.854432107
-0.203516442 0.012817262 0.978987693 149.779969702 0.090207929 0.995906561 0.005714068 -1.433058055 -0.974906897 0.089475357 -0.203839578 10.428566381
-0.206942226 0.012583082 0.978272309 151.913165020 0.090490987 0.995877139 0.006332802 -1.447090205 -0.974159211 0.089835348 -0.207227686 9.995475671
-0.211255131 0.012667943 0.977348925 154.058854743 0.091254445 0.995804271 0.006817606 -1.461226851 -0.973161738 0.090627685 -0.211524766 9.536010830
-0.215606156 0.013400056 0.976388525 156.234780154 0.092167554 0.995721057 0.006687067 -1.479458499 -0.972120878 0.091433111 -0.215918638 9.070027974
-0.218699418 0.014364944 0.975686600 158.372253740 0.092253500 0.995717363 0.006018700 -1.491863297 -0.971421500 0.091326786 -0.219088023 8.594923745
-0.222467740 0.016058112 0.974807863 160.538441473 0.092629661 0.995689359 0.004737572 -1.512664128 -0.970529609 0.091350076 -0.222996218 8.113284897
-0.226491374 0.017342184 0.973858837 162.720671057 0.093557556 0.995605719 0.004029335 -1.532970891 -0.969509419 0.092024460 -0.227118599 7.629845425
-0.229287781 0.018086668 0.973190687 164.882518175 0.093266577 0.995635126 0.003470201 -1.555616590 -0.968879937 0.091561835 -0.229973849 7.131757343
-0.233396080 0.018202792 0.972211425 167.075613114 0.092938801 0.995665061 0.003669644 -1.571235673 -0.967930020 0.091212641 -0.234076067 6.614103142
-0.237173047 0.018621752 0.971288990 169.249981348 0.093488297 0.995613353 0.003740227 -1.594450715 -0.966958509 0.091691231 -0.237873567 6.100153143
-0.240928878 0.018815374 0.970360441 171.438531974 0.094412203 0.995524591 0.004138113 -1.613559392 -0.965939690 0.092610854 -0.241627022 5.565156119
-0.244940981 0.019150302 0.969348909 173.655153809 0.096705283 0.995301615 0.004773063 -1.634068407 -0.964703000 0.094910277 -0.245642088 5.014642195
-0.247628591 0.018932513 0.968670102 175.832249280 0.097645329 0.995206020 0.005510676 -1.648372438 -0.963921856 0.095950708 -0.248290135 4.461877029
-0.250244010 0.018393242 0.968008135 178.036913721 0.097161261 0.995249298 0.006206730 -1.666523239 -0.963295126 0.095606086 -0.250842284 3.896620516
-0.253640713 0.019028379 0.967111387 180.268525656 0.096135723 0.995352317 0.005629129 -1.681609449 -0.962509318 0.094401725 -0.254291177 3.322570569
-0.256182083 0.020788386 0.966405044 182.486725822 0.095560850 0.995415873 0.003919569 -1.698439370 -0.961893310 0.093354607 -0.256994266 2.752914904
-0.259432501 0.022564281 0.965497673 184.714536595 0.094995307 0.995475153 0.002260690 -1.729948778 -0.961077803 0.092304241 -0.260402107 2.172257945
-0.263147700 0.023859886 0.964460533 186.949744629 0.093991577 0.995572474 0.001015514 -1.746744273 -0.960166000 0.090918392 -0.264225233 1.568344715
-0.266224940 0.024903068 0.963589251 189.176607162 0.092579937 0.995705243 -0.000154656 -1.775411146 -0.959454592 0.089167855 -0.267387091 0.976119089
-0.270447217 0.025240767 0.962403933 191.445756431 0.093289400 0.995639029 0.000103043 -1.807284937 -0.958204188 0.089809951 -0.271622500 0.348774878
-0.273555274 0.024657284 0.961540251 193.676081410 0.092842725 0.995680396 0.000880718 -1.828076402 -0.957364934 0.089512939 -0.274662872 -0.282079755
-0.277313366 0.024112480 0.960476970 195.940964847 0.092666619 0.995695639 0.001758505 -1.858317381 -0.956300200 0.089491807 -0.278354130 -0.928982897
-0.282006729 0.023889598 0.959115017 198.211357822 0.092787487 0.995682842 0.002481700 -1.886712601 -0.954914951 0.089693725 -0.283005916 -1.581088907
-0.285296143 0.024289182 0.958131655 200.470742882 0.091531902 0.995800114 0.002010716 -1.907848253 -0.954058645 0.088273260 -0.286321166 -2.245437584
-0.288883164 0.025183594 0.957033138 202.742768985 0.091015155 0.995848699 0.001268190 -1.932741975 -0.953028141 0.087470875 -0.289976010 -2.918367255
-0.292773851 0.025498797 0.955841727 205.021723264 0.091078661 0.995842811 0.001331454 -1.965978575 -0.951834034 0.087446597 -0.293879130 -3.606882295
-0.294894600 0.026109009 0.955173082 207.278200668 0.091852693 0.995771953 0.001139319 -2.002430722 -0.951104693 0.088071195 -0.296045953 -4.289782577
-0.298370746 0.025990286 0.954096183 209.549318231 0.092925904 0.995671141 0.001937537 -2.032002659 -0.949915550 0.089238351 -0.299494310 -4.994860366
-0.300350791 0.025800182 0.953479877 211.828202677 0.094500272 0.995520812 0.002830281 -2.056905478 -0.949135913 0.090954181 -0.301443585 -5.700800821
-0.303086743 0.026162005 0.952603851 214.106687428 0.095344909 0.995439785 0.002997133 -2.084370395 -0.948181235 0.091734316 -0.304199015 -6.423333837
-0.306693849 0.026813082 0.951430536 216.397972457 0.095158042 0.995458728 0.002620341 -2.115263097 -0.947039444 0.091339906 -0.307852548 -7.146629916
-0.308880575 0.027487526 0.950703607 218.664408046 0.094759225 0.995498202 0.002004309 -2.139273695 -0.946368512 0.090707026 -0.310094752 -7.880015282
-0.311317128 0.028610291 0.949875370 220.950256564 0.094399977 0.995533894 0.000953618 -2.172021728 -0.945605716 0.089965088 -0.312627562 -8.619702177
-0.314937109 0.029681875 0.948648368 223.235541337 0.094061615 0.995566375 0.000077183 -2.212148973 -0.944439998 0.089255702 -0.316332719 -9.363947880
-0.317263449 0.030301385 0.947853286 225.499182411 0.092569555 0.995705860 -0.000846468 -2.242628189 -0.943808594 0.087473800 -0.318706060 -10.102231901
-0.320209420 0.031013946 0.946839049 227.775636618 0.093134867 0.995652876 -0.001115776 -2.282963578 -0.942757501 0.087826444 -0.321705908 -10.874362744
-0.323376978 0.030636786 0.945774200 230.067447448 0.094676939 0.995508042 0.000123896 -2.326158667 -0.941521900 0.089583068 -0.324824978 -11.650761343
-0.325530830 0.029821971 0.945061082 232.339193905 0.095170317 0.995460061 0.001369535 -2.356433301 -0.940729594 0.090387586 -0.326891106 -12.419129102
-0.329376386 0.029411761 0.943740570 234.623301671 0.094171488 0.995554289 0.001840402 -2.386052299 -0.939490718 0.089479635 -0.330681820 -13.202348273
-0.331794934 0.029470496 0.942891156 236.885016090 0.092861158 0.995677850 0.001556643 -2.425772215 -0.938769837 0.088074448 -0.333097530 -13.982121152
-0.335454532 0.029369731 0.941598531 239.157280035 0.091341197 0.995818555 0.001480352 -2.454392709 -0.937617685 0.086503325 -0.336734512 -14.778521419
-0.339829803 0.028846655 0.940044517 241.452758029 0.090455380 0.995898211 0.002139372 -2.485482569 -0.936126813 0.085759103 -0.341045226 -15.593311951
-0.342738464 0.028793544 0.938989561 243.709310153 0.089851825 0.995952588 0.002256335 -2.523528933 -0.935123990 0.085143255 -0.343938411 -16.401298764
-0.346500594 0.028683213 0.937611183 245.982148015 0.089235904 0.996007360 0.002508082 -2.549304085 -0.933795574 0.084537631 -0.347676713 -17.236972933
-0.351261139 0.028180757 0.935853394 248.249336089 0.088242849 0.996094085 0.003126132 -2.587418306 -0.932109808 0.083680455 -0.352375892 -18.069265498
-0.354809185 0.028368832 0.934508304 250.496083952 0.087582644 0.996152701 0.003012751 -2.613104439 -0.930827377 0.082915656 -0.355928743 -18.897947302
-0.358846847 0.028870305 0.932949926 252.737901780 0.087474714 0.996162750 0.002819557 -2.645085577 -0.929288436 0.082621314 -0.359995282 -19.745257799
-0.363145986 0.029210496 0.931274319 255.005485109 0.087929871 0.996122018 0.003043318 -2.680106935 -0.927573833 0.082991997 -0.364306186 -20.621859337
-0.366231696 0.029417641 0.930058635 257.234916927 0.087654490 0.996146396 0.003007959 -2.709097789 -0.926385945 0.082625421 -0.367398971 -21.483888260
-0.370705571 0.029645628 0.928277239 259.491154354 0.086539789 0.996244618 0.002743240 -2.741653283 -0.924709754 0.081349848 -0.371878955 -22.375504822
-0.373953864 0.030154127 0.926957038 261.722201837 0.086918506 0.996211880 0.002657744 -2.763375528 -0.923365348 0.081563591 -0.375158233 -23.260801842
-0.377841479 0.030788013 0.925358326 263.963022174 0.087700546 0.996143314 0.002666679 -2.785740975 -0.921707283 0.082162009 -0.379084388 -24.174750676
-0.382094117 0.032090386 0.923566136 266.229539170 0.089123308 0.996018026 0.002263932 -2.823275351 -0.919815747 0.083176302 -0.383432628 -25.088350990
-0.384796986 0.033655060 0.922387517 268.454592952 0.090970805 0.995852249 0.001615187 -2.855165092 -0.918507201 0.084531852 -0.386262570 -26.011220326
-0.387860334 0.034633596 0.921067310 270.697796272 0.092281746 0.995731925 0.001418631 -2.879030874 -0.917086870 0.085547928 -0.389400965 -26.946244899
-0.391648914 0.036437474 0.919393035 272.955044174 0.093912488 0.995580305 0.000548509 -2.909901288 -0.915309489 0.086557307 -0.393339878 -27.894755962
-0.393747817 0.038710866 0.918403092 275.190598394 0.095796942 0.995400503 -0.000885206 -2.943335975 -0.914213044 0.087631656 -0.395645157 -28.847163809
-0.397300734 0.039403378 0.916842197 277.442903601 0.096953056 0.995288664 -0.000761539 -2.970622327 -0.912552530 0.088588089 -0.399249192 -29.818553441
-0.399929446 0.040274905 0.915660681 279.699755775 0.096985045 0.995284829 -0.001417362 -3.006190917 -0.911400147 0.088238544 -0.401949772 -30.790067122
-0.403532275 0.040802394 0.914055239 281.965590101 0.096485663 0.995332683 -0.001834543 -3.027374881 -0.909863785 0.087452924 -0.405585707 -31.780720738
-0.407706796 0.041833644 0.912154168 284.245381402 0.097071001 0.995274898 -0.002257804 -3.057314866 -0.907938477 0.087623193 -0.409841172 -32.788854017
-0.410388502 0.042370738 0.910925964 286.517942826 0.096338522 0.995344416 -0.002895134 -3.091041175 -0.906807619 0.086569127 -0.412559836 -33.797619507
-0.413367103 0.042653287 0.909564977 288.815567572 0.095221761 0.995450259 -0.003405670 -3.120061981 -0.905571833 0.085202584 -0.415547909 -34.820813234
-0.416871049 0.042878608 0.907953779 291.113814837 0.096357068 0.995342991 -0.002764949 -3.158300470 -0.903843867 0.086335133 -0.419061332 -35.858341670
-0.418411676 0.042899723 0.907243845 293.406303482 0.097778752 0.995206238 -0.001964517 -3.192583071 -0.902978890 0.087887190 -0.420600590 -36.913720589
-0.420794791 0.042704023 0.906150220 295.701088486 0.098690540 0.995117600 -0.001067213 -3.226226761 -0.901771485 0.088979373 -0.422954784 -37.969835986
-0.423559441 0.042526163 0.904869624 298.031580349 0.098607239 0.995126242 -0.000610994 -3.256896437 -0.900485371 0.088967900 -0.425688501 -39.049799306
-0.425356708 0.042336681 0.904035059 300.349773368 0.098455815 0.995141384 -0.000278904 -3.278622455 -0.899654386 0.088888872 -0.427458354 -40.129392730
-0.428676056 0.041880617 0.902487099 302.681365514 0.099310190 0.995056025 0.000995410 -3.303915615 -0.897983417 0.090052869 -0.430715863 -41.234574917
-0.430173003 0.041971254 0.901770321 305.011327612 0.099614029 0.995025420 0.001207410 -3.335262595 -0.897233596 0.090348367 -0.432213997 -42.326285688
-0.432325852 0.042958646 0.900693634 307.362067200 0.099527325 0.995034779 0.000314083 -3.359846676 -0.896207879 0.089779411 -0.434454817 -43.433782038
-0.435880234 0.044588827 0.898899531 309.705552137 0.098266807 0.995158629 -0.001713643 -3.397253710 -0.894623914 0.087585041 -0.438151576 -44.558894943
-0.438570052 0.044415799 0.897598827 312.050286747 0.096701601 0.995311404 -0.002002142 -3.427173795 -0.893479156 0.085921162 -0.440808852 -45.701458989
-0.442922500 0.042778021 0.895538837 314.412502963 0.094737292 0.995502064 -0.000697151 -3.456186349 -0.891540463 0.084532137 -0.444982936 -46.847525213
-0.449131846 0.040977663 0.892525363 316.805988974 0.092526631 0.995709851 0.000845687 -3.487575238 -0.888661522 0.082962187 -0.450996527 -48.005925567
-0.453173740 0.039874096 0.890530025 319.171722880 0.091460936 0.995806745 0.001954797 -3.510366377 -0.886717742 0.082334569 -0.454920387 -49.196420447
-0.457800382 0.039708299 0.888167871 321.537457527 0.091631132 0.995789328 0.002710828 -3.535766299 -0.884320327 0.082624842 -0.459511250 -50.386091589
-0.463130753 0.041036699 0.885339484 323.923677573 0.093888092 0.995578334 0.002967470 -3.560651609 -0.881302915 0.084497158 -0.464935800 -51.605288972
-0.466531714 0.042014712 0.883506100 326.283296540 0.094757141 0.995496769 0.002695744 -3.586716204 -0.879414090 0.084976159 -0.468412005 -52.841846586
-0.471235261 0.041706212 0.881021013 328.651545945 0.095254629 0.995445585 0.003826333 -3.612208198 -0.876848779 0.085724429 -0.473061769 -54.082858415
-0.474725310 0.040944189 0.879181186 331.001778857 0.096022301 0.995364022 0.005493577 -3.629043239 -0.874880275 0.087028937 -0.476456048 -55.352862570
-0.478765064 0.039668633 0.877046473 333.373876290 0.094926696 0.995461078 0.006794406 -3.653222901 -0.872795986 0.086508045 -0.480357598 -56.619989354
-0.483751967 0.039325332 0.874321255 335.744988387 0.094240079 0.995522255 0.007365238 -3.680253098 -0.870116510 0.085959049 -0.485291870 -57.898500872
-0.487330242 0.038836950 0.872353730 338.078924864 0.093549875 0.995582953 0.007937471 -3.695354468 -0.868192119 0.085476749 -0.488810871 -59.181138731
-0.491438112 0.039259856 0.870027211 340.430388107 0.095350533 0.995403598 0.008941662 -3.715004941 -0.865677050 0.087351829 -0.492922712 -60.497308637
-0.496510577 0.038566520 0.867173553 342.795391441 0.095555243 0.995369343 0.010443426 -3.733222175 -0.862755088 0.088048247 -0.497896640 -61.823875944
-0.499668997 0.037639632 0.865398320 345.124798286 0.094062840 0.995505357 0.011012079 -3.745609522 -0.861094058 0.086904215 -0.500963653 -63.136576322
-0.503592361 0.037082173 0.863145264 347.451179454 0.093843196 0.995514876 0.011982763 -3.751465124 -0.858829488 0.087034734 -0.504813595 -64.467127062
-0.507327789 0.036434013 0.860982681 349.799766714 0.094406674 0.995442116 0.013504549 -3.756277533 -0.856566282 0.088133741 -0.508455061 -65.824489993
-0.509936590 0.035346290 0.859485552 352.125610995 0.092028487 0.995662752 0.013654347 -3.768351099 -0.855275005 0.086060003 -0.510977732 -67.181257475
-0.513988827 0.034984918 0.857083217 354.444598851 0.088251694 0.996022659 0.012267908 -3.771460085 -0.853244998 0.081944611 -0.515031995 -68.541263166
-0.516532639 0.034218215 0.855583570 356.757802948 0.084335319 0.996375984 0.011065829 -3.781713580 -0.852104154 0.077871773 -0.517546519 -69.912988390
-0.519799690 0.031986775 0.853689187 359.075796699 0.081598483 0.996588849 0.012343143 -3.793414832 -0.850382193 0.076075702 -0.520636646 -71.309123125
-0.523383708 0.031714192 0.851506783 361.389444949 0.083824388 0.996376298 0.014413336 -3.789035191 -0.847963956 0.078920737 -0.524145542 -72.701457027
-0.526189877 0.032336285 0.849752126 363.691351021 0.083638743 0.996399546 0.013874640 -3.793121625 -0.846243865 0.078372892 -0.526999919 -74.103878636
-0.529453790 0.030752675 0.847781254 365.997243805 0.080303580 0.996672167 0.013997365 -3.801750116 -0.844529409 0.075490825 -0.530161404 -75.523044741
-0.533113924 0.028589554 0.845560335 368.282939700 0.079628419 0.996687962 0.016505220 -3.793298202 -0.842287816 0.076129792 -0.533624769 -76.945600902
-0.535930757 0.026270301 0.843853181 370.578557859 0.077378076 0.996837332 0.018109878 -3.792651866 -0.840708488 0.075001374 -0.536268530 -78.378786440
-0.539280129 0.025744507 0.841732891 372.862427197 0.075985964 0.996942938 0.018190949 -3.782370812 -0.838691232 0.073769900 -0.539587736 -79.817786017
-0.542679710 0.025338328 0.839557500 375.155308420 0.074957423 0.997017682 0.018361000 -3.781106563 -0.836588324 0.072895206 -0.542960562 -81.270771278
-0.545059349 0.025400078 0.838012672 377.446272461 0.075636987 0.996954801 0.018978141 -3.772288782 -0.834978598 0.073728965 -0.545320718 -82.743054708
-0.548237654 0.024840524 0.835953657 379.732773676 0.075288807 0.996966142 0.019751098 -3.767616931 -0.832926754 0.073766246 -0.548444592 -84.229787518
-0.550756129 0.024381270 0.834310095 382.002539290 0.073275264 0.997126300 0.019232178 -3.766345464 -0.831443522 0.071726530 -0.550959963 -85.697868716
-0.554209070 0.021979567 0.832087315 384.270270439 0.064042426 0.997814082 0.016298021 -3.766661390 -0.829910105 0.062321398 -0.554405237 -87.178143920
-0.557944169 0.025378226 0.829490412 386.530094957 0.056650748 0.998365432 0.007560322 -3.746873809 -0.827942574 0.051209488 -0.558469865 -88.645399072
-0.560081025 0.034669322 0.827712134 388.792168370 0.065131150 0.997874119 0.002275072 -3.801933991 -0.825873531 0.055184066 -0.561148411 -90.168863834
-0.561212040 0.035505643 0.826910205 391.026207845 0.072419662 0.997354186 0.006326066 -3.844226860 -0.824497634 0.063434819 -0.562298483 -91.690500664
-0.563747904 0.025971134 0.825538548 393.264719758 0.072150751 0.997233136 0.017898089 -3.848798378 -0.822789451 0.069653234 -0.564061926 -93.206135171
-0.566422071 0.016065857 0.823958747 395.523244945 0.066651681 0.997427759 0.026370804 -3.824247276 -0.821415547 0.069855238 -0.566035912 -94.728104110
-0.570491263 0.010132565 0.821241220 397.770638115 0.060995588 0.997685221 0.030062231 -3.784727549 -0.819035511 0.067242329 -0.569788742 -96.243367154
-0.572963501 0.010270126 0.819516589 400.004321929 0.060285478 0.997740869 0.029644863 -3.739922049 -0.817360629 0.066390372 -0.572288240 -97.768529643
-0.575135757 0.014268836 0.817933587 402.208224014 0.064504970 0.997525744 0.027955310 -3.721804332 -0.815510810 0.068838877 -0.574633133 -99.303445471
-0.577945144 0.020305586 0.815823011 404.396595168 0.068725645 0.997350164 0.023862870 -3.709338341 -0.813176554 0.069859389 -0.577809197 -100.844289527
-0.580150307 0.023871174 0.814159615 406.616411539 0.070060295 0.997328345 0.020681579 -3.694469138 -0.811490659 0.069038684 -0.580272765 -102.404659923
-0.583123365 0.024074916 0.812026865 408.829731466 0.070520037 0.997287737 0.021073525 -3.678094997 -0.809316982 0.069552626 -0.583239544 -103.979043969
-0.586707221 0.023471470 0.809458965 411.013899200 0.071111882 0.997211666 0.022627256 -3.661025291 -0.806670719 0.070837722 -0.586740384 -105.545828667
-0.588746792 0.022838459 0.807994869 413.211800633 0.071711244 0.997135012 0.024067903 -3.642968547 -0.805130192 0.072112215 -0.588697812 -107.121601307
-0.590610815 0.022944205 0.806630347 415.387409288 0.072161739 0.997092611 0.024474669 -3.627635250 -0.803723499 0.072662850 -0.590549372 -108.698577640
-0.592603348 0.023546827 0.805150239 417.552397564 0.072561801 0.997069136 0.024247098 -3.604196842 -0.802219404 0.072792061 -0.592575107 -110.277186103
-0.593263271 0.023886899 0.804654084 419.727496503 0.073385867 0.997002401 0.024509722 -3.586804504 -0.801656485 0.073590953 -0.593237866 -111.865272050
-0.595152397 0.023511639 0.803268893 421.897090950 0.074594732 0.996872583 0.026089806 -3.564644318 -0.800143215 0.075447035 -0.595044951 -113.470282716
-0.595796040 0.022843849 0.802810890 424.076072425 0.076639264 0.996650984 0.028517339 -3.535956444 -0.799470710 0.078517351 -0.595551445 -115.073732107
-0.596835398 0.022014939 0.802061679 426.237716521 0.077943954 0.996486527 0.030648672 -3.505700249 -0.798568821 0.080808068 -0.596454364 -116.671589521
-0.598717667 0.022212488 0.800652139 428.392971893 0.076636646 0.996617872 0.029658768 -3.475319654 -0.797285328 0.079116519 -0.598395016 -118.274781287
-0.599754036 0.022797713 0.799859643 430.561165603 0.072864503 0.996997155 0.026219011 -3.446283356 -0.796859948 0.074006331 -0.599614209 -119.873093902
-0.601181641 0.022905454 0.798784114 432.720057198 0.070494721 0.997212207 0.024460350 -3.420634800 -0.795996887 0.071015174 -0.601120382 -121.473518666
-0.603101268 0.022275795 0.797353583 434.863198973 0.069927479 0.997237967 0.025031665 -3.395321352 -0.794593560 0.070853553 -0.602993171 -123.088818207
-0.603417934 0.021004715 0.797148471 437.027954266 0.067746692 0.997389254 0.025001236 -3.386974656 -0.794542067 0.069090364 -0.603265563 -124.696575105
-0.604515917 0.020646926 0.796325496 439.179051150 0.065281918 0.997585555 0.023692432 -3.361293852 -0.793913530 0.066308105 -0.604404216 -126.303335071
-0.606176320 0.020095995 0.795076414 441.326511924 0.064382707 0.997639753 0.023870301 -3.339859183 -0.792720034 0.065658780 -0.606039427 -127.931229084
-0.605990926 0.018758464 0.795250403 443.473162057 0.064644163 0.997576647 0.025728720 -3.326213288 -0.792840492 0.066999664 -0.605735020 -129.540615575
-0.606750262 0.017381160 0.794702523 445.614735632 0.066620515 0.997355379 0.029050903 -3.288924036 -0.792095792 0.070570132 -0.606303578 -131.183468696
-0.604983185 0.015690247 0.796083694 447.749594246 0.070953207 0.996890674 0.034272830 -3.252547892 -0.793070554 0.077219173 -0.604215367 -132.788895083
-0.603529182 0.013723475 0.797222854 449.878016551 0.074128187 0.996487226 0.038964340 -3.212112775 -0.793887557 0.082612798 -0.602426416 -134.407429343
-0.602553182 0.012322291 0.797983653 452.014358757 0.069683277 0.996874425 0.037223955 -3.157898069 -0.795030703 0.078035526 -0.601528513 -136.013618877
-0.601282432 0.012497591 0.798938880 454.175458086 0.062461575 0.997553171 0.031404205 -3.101927239 -0.796591429 0.068785775 -0.600591814 -137.605529402
-0.599647426 0.011452648 0.800182408 456.342361331 0.057827243 0.997903783 0.029052527 -3.054455796 -0.798172218 0.063693614 -0.599052710 -139.201498171
-0.597690464 0.011145988 0.801649526 458.486543641 0.056369885 0.998012980 0.028151836 -3.024972136 -0.799742746 0.062014974 -0.597131138 -140.816515767
-0.594206040 0.011293576 0.804233626 460.634940709 0.057454164 0.997943088 0.028436101 -3.001476364 -0.802258135 0.063103471 -0.593632672 -142.389073297
-0.591144100 0.011512237 0.806483855 462.785529645 0.058231828 0.997897937 0.028438718 -2.966041108 -0.804461075 0.063774408 -0.590571856 -143.966831001
-0.589594304 0.011824544 0.807613041 464.933396938 0.055628477 0.998113018 0.025997605 -2.946210948 -0.805781573 0.060254321 -0.589139530 -145.544796810
-0.587070756 0.008242296 0.809493719 467.124161050 0.049244715 0.998459956 0.025547489 -2.918417903 -0.808036384 0.054861468 -0.586572530 -147.088194894
-0.587131489 0.003010320 0.809486035 469.296270593 0.041377966 0.998797425 0.026297686 -2.886460171 -0.808433294 0.048935084 -0.586549979 -148.652502739
-0.586107748 0.000201422 0.810233150 471.493898627 0.034397703 0.999104574 0.024634293 -2.867704136 -0.809502576 0.042308507 -0.585589858 -150.187004623
-0.585593997 -0.000038470 0.810604563 473.666896567 0.032612585 0.999189229 0.023607288 -2.845188487 -0.809948148 0.040260194 -0.585117958 -151.744869222
-0.585167051 -0.000491398 0.810912677 475.830228977 0.034074465 0.999101690 0.025194098 -2.832748891 -0.810196499 0.042374170 -0.584624644 -153.307676853
-0.583112801 -0.001774138 0.812389317 478.016011225 0.035641299 0.998978906 0.027764062 -2.816611853 -0.811608940 0.045144189 -0.582454155 -154.858182764
-0.581743463 -0.003663499 0.813364132 480.196388472 0.034296792 0.998989993 0.029029723 -2.779724702 -0.812648870 0.044783630 -0.581030250 -156.396105860
-0.581164056 -0.003870955 0.813777270 482.382485739 0.032230035 0.999094623 0.027769749 -2.740777099 -0.813147882 0.042366847 -0.580513121 -157.949160608
-0.579833375 -0.002562626 0.814731108 484.564623189 0.031220728 0.999190685 0.025362202 -2.714868780 -0.814136619 0.040142347 -0.579284099 -159.472570396
-0.578863108 -0.000945754 0.815424244 486.726766133 0.032031719 0.999201109 0.023897966 -2.689925611 -0.814795301 0.039953090 -0.578370364 -161.010876846
-0.578024895 -0.000768528 0.816018823 488.915164082 0.033879603 0.999114705 0.024939503 -2.679767421 -0.815315463 0.042062046 -0.577487134 -162.554552180
-0.576270170 -0.000867028 0.817258852 491.100814904 0.035647231 0.999021053 0.026195638 -2.655825564 -0.816481401 0.044228778 -0.575675123 -164.086110008
