1.000000000 0.000000000 -0.000000000 -0.000000000 0.000000000 1.000000000 0.000000000 0.000000000 0.000000000 -0.000000000 1.000000000 0.000000000
0.999998050 -0.001246604 -0.001532131 0.058047022 0.001248887 0.999998109 0.001490278 -0.012253700 0.001530271 -0.001492189 0.999997716 0.310060899
0.999999171 -0.000526278 -0.001174931 0.058917893 0.000527423 0.999999387 0.000973678 -0.014570785 0.001174418 -0.000974297 0.999998836 0.660974714
0.999999082 -0.000664506 -0.001180984 0.050937782 0.000665577 0.999999367 0.000907022 -0.025489815 0.001180380 -0.000907806 0.999998892 1.205216458
0.999999004 -0.000940631 -0.001051517 0.036032276 0.000941993 0.999998718 0.001294580 -0.043685518 0.001050298 -0.001295569 0.999998609 2.046750780
0.999996075 -0.001521874 -0.002352540 0.035971669 0.001524797 0.999998067 0.001241362 -0.062201725 0.002350646 -0.001244945 0.999996462 3.298988164
0.999991333 -0.002543148 -0.003296344 0.024506554 0.002545891 0.999996416 0.000828346 -0.095561521 0.003294225 -0.000836731 0.999994224 4.794261660
0.999980757 -0.003799871 -0.004903595 0.008970284 0.003803907 0.999992434 0.000814057 -0.120523046 0.004900464 -0.000832695 0.999987646 6.333421664
0.999974607 -0.003727167 -0.006073933 -0.002811288 0.003732212 0.999992699 0.000819635 -0.153527853 0.006070832 -0.000842283 0.999981217 7.862028486
0.999972218 -0.003065072 -0.006794711 -0.023048727 0.003070215 0.999995008 0.000746646 -0.176953962 0.006792387 -0.000767487 0.999976637 9.362173614
0.999970426 -0.001756116 -0.007487505 -0.040984966 0.001765405 0.999997680 0.001234243 -0.207629167 0.007485319 -0.001247425 0.999971207 10.867476205
0.999967468 -0.000338996 -0.008059124 -0.064742993 0.000355072 0.999997950 0.001993312 -0.231606487 0.008058431 -0.001996108 0.999965538 12.357607192
0.999967622 0.000281239 -0.008042206 -0.079553762 -0.000260193 0.999996540 0.002617871 -0.254867603 0.008042913 -0.002615693 0.999964234 13.828180873
0.999960192 0.000721929 -0.008893483 -0.100154411 -0.000695925 0.999995476 0.002926565 -0.281923522 0.008895555 -0.002920259 0.999956170 15.313332754
0.999959338 0.001145527 -0.008944839 -0.124969747 -0.001120221 0.999995358 0.002833633 -0.306247464 0.008948043 -0.002823498 0.999955979 16.770268119
0.999955181 0.002157322 -0.009218566 -0.146903775 -0.002124928 0.999991539 0.003522388 -0.328932054 0.009226085 -0.003502642 0.999951304 18.232847568
0.999956772 0.002515121 -0.008951458 -0.174494426 -0.002477147 0.999987897 0.004250776 -0.349937925 0.008962039 -0.004228418 0.999950900 19.685455775
0.999959424 0.002870043 -0.008538970 -0.190763789 -0.002841637 0.999990395 0.003336960 -0.374732559 0.008548464 -0.003312560 0.999957974 21.126298642
0.999958043 0.003231703 -0.008571403 -0.215763478 -0.003219580 0.999993797 0.001427768 -0.398445354 0.008575963 -0.001400113 0.999962246 22.570324879
0.999963475 0.001836087 -0.008347308 -0.238489162 -0.001825530 0.999997524 0.001272030 -0.424941546 0.008349622 -0.001256745 0.999964352 24.000224059
0.999969244 0.000554805 -0.007823201 -0.243596284 -0.000527840 0.999993916 0.003448357 -0.450033584 0.007825065 -0.003444122 0.999963452 25.423227737
0.999967992 -0.000989534 -0.007939514 -0.268800443 0.001028402 0.999987502 0.004892831 -0.471230570 0.007934572 -0.004900839 0.999956511 26.832608213
0.999970861 -0.001797579 -0.007419275 -0.289582171 0.001829353 0.999989176 0.004277937 -0.496078362 0.007411504 -0.004291385 0.999963326 28.238577418
0.999973258 -0.001518736 -0.007153802 -0.306937285 0.001537502 0.999995390 0.002618369 -0.522026725 0.007149792 -0.002629297 0.999970984 29.633751157
0.999978901 -0.000970665 -0.006423024 -0.327476040 0.000981403 0.999998126 0.001668906 -0.543137463 0.006421391 -0.001675174 0.999977979 30.998854693
0.999985646 -0.000045082 -0.005357774 -0.347482026 0.000049841 0.999999604 0.000888074 -0.575906153 0.005357730 -0.000888327 0.999985252 32.363387553
0.999990756 0.000595281 -0.004258376 -0.367195480 -0.000588207 0.999998446 0.001662272 -0.599635875 0.004259358 -0.001659752 0.999989551 33.698032274
0.999996142 0.000583662 -0.002715941 -0.373183780 -0.000574552 0.999994211 0.003353731 -0.627101047 0.002717882 -0.003352158 0.999990688 35.020784248
0.999999813 0.000331157 -0.000512432 -0.384248424 -0.000328804 0.999989437 0.004584504 -0.657107925 0.000513945 -0.004584335 0.999989360 36.324282837
0.999998715 0.000578026 0.001495460 -0.397014879 -0.000585500 0.999987317 0.005002283 -0.678118553 -0.001492549 -0.005003152 0.999986370 37.610914105
0.999989086 0.000384306 0.004656086 -0.400491689 -0.000405316 0.999989738 0.004512183 -0.699506221 -0.004654303 -0.004514021 0.999978980 38.869113411
0.999969900 -0.000210521 0.007755893 -0.411574322 0.000187173 0.999995449 0.003011127 -0.725201508 -0.007756490 -0.003009584 0.999965389 40.127652295
0.999927352 -0.000174255 0.012052337 -0.402154895 0.000157573 0.999999029 0.001384985 -0.749311948 -0.012052566 -0.001382986 0.999926409 41.357633107
0.999876499 -0.000115816 0.015715409 -0.394469792 0.000091797 0.999998827 0.001529101 -0.768292154 -0.015715567 -0.001527470 0.999875336 42.588151414
0.999778168 0.000264520 0.021060503 -0.385421044 -0.000295997 0.999998844 0.001491443 -0.799250494 -0.021060082 -0.001497346 0.999777091 43.795966870
0.999615937 0.001539380 0.027669615 -0.361515160 -0.001556864 0.999998602 0.000610349 -0.822356631 -0.027668633 -0.000653192 0.999616937 45.001304867
0.999373846 0.002902818 0.035263159 -0.332704805 -0.002921618 0.999995616 0.000481642 -0.845377688 -0.035261602 -0.000584366 0.999377946 46.184357436
0.999053084 0.003897924 0.043332927 -0.297651218 -0.003966686 0.999991007 0.001500954 -0.870402413 -0.043326681 -0.001671420 0.999059561 47.363285868
0.998513553 0.005717327 0.054203282 -0.247932483 -0.005831310 0.999981106 0.001944949 -0.893598611 -0.054191131 -0.002258134 0.998528028 48.535967432
0.997737968 0.007856343 0.066762452 -0.188990705 -0.008007663 0.999965939 0.001999252 -0.915987002 -0.066744462 -0.002529341 0.997766896 49.684448516
0.996623990 0.010199498 0.081465294 -0.117688068 -0.010438293 0.999942380 0.002505905 -0.940164221 -0.081435031 -0.003347803 0.996673029 50.820983687
0.995122122 0.011876325 0.097933229 -0.020080366 -0.012277723 0.999918510 0.003497044 -0.955739449 -0.097883703 -0.004682382 0.995186844 51.950951054
0.993227082 0.012340605 0.115532136 0.097928038 -0.012949198 0.999905946 0.004518663 -0.978682898 -0.115465491 -0.005984107 0.993293465 53.053006648
0.990833779 0.011746680 0.134575030 0.236673141 -0.012392272 0.999915369 0.003960598 -1.003902966 -0.134517099 -0.005591984 0.990895492 54.150101662
0.987820305 0.010824192 0.155222052 0.412955084 -0.011408897 0.999930779 0.002876516 -1.020795701 -0.155180150 -0.004612393 0.987875419 55.231225283
0.984420551 0.008124785 0.175642169 0.593682285 -0.008709854 0.999958790 0.002560380 -1.033154983 -0.175614105 -0.004050309 0.984450749 56.293068315
0.980273654 0.003199690 0.197619157 0.808047625 -0.004169824 0.999981212 0.004493185 -1.061083150 -0.197601041 -0.005228588 0.980268578 57.347788391
0.975414563 -0.002400892 0.220364859 1.034144066 0.001123730 0.999981840 0.005920841 -1.068442532 -0.220375043 -0.005527645 0.975399549 58.371311284
0.969655350 -0.007803503 0.244351418 1.289566136 0.006693900 0.999963171 0.005371112 -1.087771777 -0.244384299 -0.003572464 0.969671874 59.375600788
0.962917146 -0.013688779 0.269449804 1.571629050 0.013016117 0.999906114 0.004282988 -1.119783362 -0.269483100 -0.000616973 0.963004916 60.380516152
0.955219664 -0.017484131 0.295380618 1.865440700 0.016803436 0.999847084 0.004842847 -1.132995698 -0.295420083 0.000337427 0.955367389 61.336351117
0.946327178 -0.020146964 0.322581750 2.204339307 0.018946583 0.999796957 0.006860913 -1.138080913 -0.322654435 -0.000380847 0.946516750 62.309557283
0.936269068 -0.024819482 0.350405824 2.555168707 0.022940036 0.999691571 0.009514051 -1.148866512 -0.350533836 -0.000869390 0.936549656 63.225615561
0.925100456 -0.028142229 0.378678201 2.923103006 0.026475046 0.999603284 0.009609704 -1.174136349 -0.378798361 0.001135580 0.925478522 64.136337281
0.912719461 -0.027893462 0.407633613 3.325050192 0.028029653 0.999591184 0.005639489 -1.172863812 -0.407624215 0.006278557 0.913128171 65.041552974
0.899475079 -0.028775128 0.436023623 3.737952002 0.031401061 0.999506163 0.001184438 -1.198721724 -0.435842322 0.012626230 0.899934455 65.899488654
0.884988170 -0.030632668 0.464604786 4.176755413 0.035119168 0.999382628 -0.001003637 -1.214161253 -0.464287147 0.017204739 0.885517596 66.736549154
0.868656050 -0.031701060 0.494400385 4.668754069 0.035318320 0.999374059 0.002026173 -1.238536907 -0.494155085 0.015701342 0.869231952 67.583487546
0.850791358 -0.030870466 0.524596146 5.161336096 0.031720026 0.999469612 0.007371320 -1.241929177 -0.524545392 0.010368749 0.851319320 68.393352425
0.830704572 -0.031060267 0.555846395 5.703305113 0.030514712 0.999481797 0.010246460 -1.240233466 -0.555876537 0.008449710 0.831221894 69.206981732
0.809519770 -0.025786808 0.586526067 6.227639500 0.026920687 0.999614494 0.006792601 -1.262590711 -0.586475040 0.010290939 0.809901894 69.960337911
0.787356822 -0.018842929 0.616209565 6.798667918 0.023638813 0.999720498 0.000365914 -1.281021251 -0.616044146 0.014278356 0.787582179 70.697914400
0.764576517 -0.016269074 0.644327652 7.403000740 0.022735102 0.999740019 -0.001734958 -1.286316480 -0.644131826 0.015975363 0.764747620 71.426203774
0.740823885 -0.018869140 0.671434275 8.013440128 0.024353889 0.999702651 0.001223628 -1.308104437 -0.671257624 0.015445543 0.741063141 72.095253872
0.715958982 -0.019384245 0.697873235 8.656020350 0.025219809 0.999680136 0.001893888 -1.308188328 -0.697686629 0.016244282 0.716218840 72.740086262
0.690198297 -0.018072412 0.723394613 9.330761952 0.026261171 0.999655112 -0.000081890 -1.347494702 -0.723143547 0.019053710 0.690434860 73.385914995
0.663963910 -0.015580609 0.747602331 9.987215545 0.025719028 0.999667194 -0.002007865 -1.360600222 -0.747322141 0.020560754 0.664143659 73.966836973
0.636572771 -0.013325322 0.771101564 10.704415122 0.024642877 0.999691610 -0.003068044 -1.365716104 -0.770822779 0.020955193 0.636704834 74.564412605
0.608280564 -0.011946157 0.793632238 11.398826863 0.025270558 0.999671309 -0.004321095 -1.384798327 -0.793319652 0.022683966 0.608382514 75.097273705
0.579569390 -0.006033899 0.814900609 12.132857273 0.024289906 0.999656199 -0.009873429 -1.411009250 -0.814560761 0.025516195 0.579516696 75.633646732
0.549093320 0.003225187 0.835754879 12.923463358 0.022876908 0.999559857 -0.018887507 -1.430903608 -0.835447831 0.029490490 0.548777860 76.138384872
0.518103055 0.011199901 0.855244926 13.689023240 0.022033818 0.999407655 -0.026435768 -1.468484292 -0.855034290 0.032540762 0.517549384 76.601688290
0.486404657 0.016039888 0.873586478 14.479062516 0.019971596 0.999366147 -0.029469320 -1.498694443 -0.873505320 0.031780929 0.485776007 77.052050673
0.453489550 0.016007069 0.891117897 15.330463738 0.017821825 0.999475933 -0.027023016 -1.533056181 -0.891083331 0.028136002 0.452966617 77.480182182
0.419933150 0.014576286 0.907438037 16.157667067 0.014228565 0.999642382 -0.022641899 -1.568683914 -0.907443435 0.022419624 0.419575577 77.873973880
0.385739372 0.015529987 0.922477138 17.030291855 0.009927756 0.999730564 -0.020981908 -1.603684900 -0.922554314 0.017251674 0.385481263 78.236261581
0.350101870 0.018095003 0.936536902 17.894557642 0.003321863 0.999783127 -0.020558795 -1.641735274 -0.936705678 0.010308718 0.349965834 78.578082134
0.314090661 0.020235288 0.949177386 18.774567286 -0.001740340 0.999783425 -0.020738254 -1.659117040 -0.949391335 0.004861800 0.314057855 78.884207337
0.278003669 0.019659725 0.960378872 19.698382792 -0.004137313 0.999805771 -0.019269186 -1.693428154 -0.960571038 0.001383515 0.278031012 79.157186042
0.241026563 0.019213779 0.970328373 20.606402474 -0.004631382 0.999815399 -0.018647241 -1.721953971 -0.970507403 0.000000518 0.241071058 79.389068070
0.204934360 0.018420178 0.978602439 21.542235690 -0.003962313 0.999830316 -0.017989981 -1.758814690 -0.978767632 -0.000190765 0.204972575 79.588267206
0.169586887 0.017710036 0.985356165 22.506413612 -0.001382164 0.999841811 -0.017732510 -1.777994467 -0.985514204 0.001645276 0.169584540 79.745672694
0.134902189 0.016365687 0.990723824 23.452598091 0.006023476 0.999831571 -0.017336326 -1.820719807 -0.990840545 0.008306309 0.134780891 79.875100922
0.101029600 0.019209751 0.994698013 24.426563030 0.008388861 0.999761581 -0.020159581 -1.864814990 -0.994847985 0.010381097 0.100844366 79.960238907
0.068442894 0.025301957 0.997334204 25.376161383 0.009485329 0.999616660 -0.026010801 -1.870089321 -0.997609876 0.011240297 0.068176661 80.028386294
0.039030346 0.027766112 0.998852246 26.346965977 0.014854120 0.999487283 -0.028364193 -1.934364866 -0.999127546 0.015944134 0.038597894 80.056528131
0.013579745 0.026821404 0.999548066 27.335373404 0.018045572 0.999470795 -0.027064496 -1.967163094 -0.999744874 0.018404944 0.013088553 80.083621608
-0.008487323 0.024054507 0.999674688 28.317579166 0.019608945 0.999522399 -0.023884361 -1.995800640 -0.999771634 0.019399851 -0.008954951 80.080227681
-0.027935149 0.022085274 0.999365800 29.297038475 0.021470168 0.999538522 -0.021488939 -2.031932660 -0.999379070 0.020856253 -0.028396431 80.051882873
-0.044709061 0.024237503 0.998706051 30.278366092 0.022473925 0.999477041 -0.023250125 -2.073363555 -0.998747160 0.021405352 -0.045230391 80.009836075
-0.059001043 0.029354393 0.997826302 31.267235374 0.025441175 0.999287108 -0.027893043 -2.100006048 -0.997933610 0.023740154 -0.059705791 79.946698010
-0.071244719 0.033729283 0.996888488 32.257962310 0.028873648 0.999079022 -0.031739883 -2.147947237 -0.997040806 0.026522507 -0.072152990 79.872586095
-0.080773903 0.037979761 0.996008658 33.244866764 0.035184489 0.998759635 -0.035231284 -2.191007173 -0.996111186 0.032198286 -0.082010011 79.787343943
-0.086149295 0.042901404 0.995358178 34.241453887 0.038533129 0.998468366 -0.039700375 -2.242676735 -0.995536722 0.034934104 -0.087670471 79.701716387
-0.089951240 0.048118665 0.994783143 35.235931413 0.040718736 0.998174710 -0.044600811 -2.288129815 -0.995113373 0.036494413 -0.091746382 79.606733331
-0.093060557 0.051781040 0.994313124 36.228751025 0.042201537 0.997954419 -0.048020910 -2.352930445 -0.994765616 0.037492688 -0.095055431 79.510782181
-0.095339721 0.055020822 0.993923125 37.230433373 0.043103095 0.997763015 -0.051098827 -2.411902409 -0.994511100 0.037969414 -0.097498013 79.414047741
-0.097738709 0.058237081 0.993506779 38.225466531 0.043998428 0.997563183 -0.054146404 -2.476147908 -0.994238980 0.038420535 -0.100062876 79.320100320
-0.099391892 0.061889995 0.993121852 39.222816521 0.045016917 0.997321597 -0.057646414 -2.544918851 -0.994029474 0.038977696 -0.101911776 79.213515690
-0.101947173 0.063290549 0.992774502 40.238777368 0.046960892 0.997167648 -0.058748245 -2.618495003 -0.993680692 0.040632356 -0.104630602 79.102683447
-0.104178916 0.062668905 0.992582235 41.244036117 0.047893172 0.997171069 -0.057931887 -2.679727964 -0.993404683 0.041502628 -0.106885612 78.985843340
-0.106324525 0.062186621 0.992385033 42.274212894 0.048302313 0.997187131 -0.057312412 -2.758453153 -0.993157515 0.041840775 -0.109029204 78.880384551
-0.108320242 0.063204985 0.992104827 43.289674872 0.047417944 0.997169376 -0.058350440 -2.832567896 -0.992984457 0.040723035 -0.111010676 78.768849230
-0.110703846 0.065340553 0.991703284 44.313153392 0.046083165 0.997100701 -0.060551911 -2.899933048 -0.992784401 0.038997496 -0.113393981 78.657004870
-0.113141920 0.067654168 0.991272895 45.341924209 0.044513934 0.997022474 -0.062965845 -2.975000757 -0.992581122 0.037001378 -0.115816588 78.542125787
-0.115880612 0.071213487 0.990707049 46.367159022 0.042549761 0.996866784 -0.066679316 -3.053153950 -0.992351283 0.034427506 -0.118547648 78.438016273
-0.117924609 0.075205787 0.990170696 47.402380778 0.039067643 0.996707423 -0.071049499 -3.135820401 -0.992253685 0.030305148 -0.120474445 78.315872247
-0.120486842 0.077521236 0.989683541 48.439114898 0.036345555 0.996622376 -0.073639942 -3.224837610 -0.992049288 0.027097952 -0.122897433 78.189553277
-0.123518132 0.075962117 0.989430725 49.476398879 0.033837944 0.996808449 -0.072304285 -3.314545174 -0.991765161 0.024549409 -0.125694318 78.063070585
-0.126465692 0.072704646 0.989303086 50.544690538 0.032207260 0.997085585 -0.069159435 -3.387239241 -0.991447926 0.023116445 -0.128438734 77.934096341
-0.128673125 0.070494836 0.989178365 51.597872195 0.031854066 0.997249303 -0.066926419 -3.479853655 -0.991175269 0.022897720 -0.130564730 77.800091302
-0.130819351 0.070991540 0.988861280 52.650476479 0.031976406 0.997216122 -0.067361093 -3.562301283 -0.990890344 0.022808095 -0.132725218 77.668481120
-0.132167199 0.073697258 0.988484030 53.709363470 0.032819543 0.997010835 -0.069944781 -3.649927370 -0.990683894 0.023197188 -0.134190839 77.524638681
-0.132576448 0.076047895 0.988251150 54.775867728 0.032648695 0.996846287 -0.072329404 -3.738188050 -0.990634855 0.022675934 -0.134641202 77.383823943
-0.133168276 0.076861397 0.988108631 55.841284296 0.031380365 0.996815423 -0.073309510 -3.830508807 -0.990596462 0.021244707 -0.135156129 77.244875941
-0.132997728 0.075766476 0.988216159 56.909953769 0.028708610 0.996949881 -0.072572383 -3.915513073 -0.990700403 0.018718348 -0.134767219 77.102032960
-0.133156391 0.075280130 0.988231962 57.980668121 0.025584330 0.997039938 -0.072503809 -4.003818889 -0.990764698 0.015628907 -0.134688230 76.974609877
-0.133252947 0.075909841 0.988170775 59.066062744 0.021506370 0.997049146 -0.073691773 -4.100559031 -0.990848625 0.011432319 -0.134492280 76.839813697
-0.133566877 0.076196982 0.988106290 60.145604206 0.017354387 0.997066849 -0.074542098 -4.191730036 -0.990887775 0.007191623 -0.134497456 76.697972386
-0.133998098 0.075332213 0.988114213 61.228639956 0.013774888 0.997151720 -0.074153209 -4.289245118 -0.990885781 0.003674774 -0.134654125 76.559267506
-0.134366673 0.070507931 0.988420134 62.324083376 0.013283010 0.997503939 -0.069350213 -4.376575374 -0.990842584 0.003810837 -0.134967841 76.410143847
-0.134352874 0.062656587 0.988950751 63.432249708 0.016953186 0.997998263 -0.060926651 -4.456582169 -0.990788455 0.008580194 -0.135146161 76.258580701
-0.134097989 0.057601241 0.989292656 64.530614149 0.023981046 0.998205509 -0.054869575 -4.524275443 -0.990677802 0.016366373 -0.135238688 76.107812932
-0.133084274 0.059274302 0.989330716 65.635909712 0.031024711 0.997969965 -0.055618483 -4.610506291 -0.990618954 0.023291753 -0.134653075 75.946216710
-0.132447961 0.064552734 0.989085747 66.743170598 0.035772334 0.997538243 -0.060314134 -4.693119006 -0.990544167 0.027393420 -0.134431107 75.787926105
-0.131294530 0.070432811 0.988838257 67.845994713 0.039263514 0.997059708 -0.065805135 -4.763315402 -0.990565491 0.030185410 -0.133673924 75.635743931
-0.130586036 0.073430726 0.988713987 68.965637558 0.039303545 0.996852908 -0.068844116 -4.883950377 -0.990657553 0.029869883 -0.133061155 75.483412614
-0.130994611 0.072590479 0.988721986 70.085002509 0.037776206 0.996956900 -0.068190151 -4.946462914 -0.990663030 0.028417622 -0.133338173 75.344471754
-0.130334576 0.068344867 0.989111727 71.212790552 0.037248173 0.997254560 -0.063999350 -5.024444839 -0.990770074 0.028501275 -0.132522470 75.201715801
-0.130062396 0.065946877 0.989310322 72.346600284 0.035254965 0.997462279 -0.061855393 -5.111577375 -0.990878766 0.026833039 -0.132057288 75.057107782
-0.130209409 0.066580196 0.989248563 73.490385219 0.033125723 0.997477882 -0.062773903 -5.191761551 -0.990932926 0.024595820 -0.132086520 74.907887255
-0.129890611 0.070782685 0.988998672 74.612060633 0.032746631 0.997210772 -0.067069633 -5.287004440 -0.990987364 0.023674658 -0.131846209 74.754953819
-0.129509511 0.074172626 0.988800202 75.769734772 0.033690671 0.996951756 -0.070371415 -5.379404759 -0.991005597 0.024199573 -0.131613658 74.610142316
-0.129112360 0.072581942 0.988970168 76.908299803 0.032075270 0.997101494 -0.068991213 -5.475245375 -0.991111015 0.022813865 -0.131066210 74.471575359
-0.128154960 0.067161166 0.989477547 78.077980585 0.035873986 0.997365392 -0.063050238 -5.552181959 -0.991105055 0.027416301 -0.130226659 74.307838564
-0.128736288 0.065160366 0.989535865 79.239671930 0.035434579 0.997503995 -0.061075110 -5.639749052 -0.991045522 0.027201203 -0.130723890 74.163994515
-0.128237076 0.067908009 0.989415932 80.399338581 0.032393211 0.997407431 -0.064258055 -5.727611427 -0.991214306 0.023810093 -0.130104369 74.014449060
-0.128385437 0.070661980 0.989203819 81.560091883 0.031115015 0.997254323 -0.067198742 -5.817771236 -0.991236049 0.022151751 -0.130231579 73.872649730
-0.128553919 0.070453149 0.989196833 82.736786620 0.030716084 0.997277584 -0.067036886 -5.910609530 -0.991226655 0.021766396 -0.130367985 73.727296668
-0.127954816 0.067517113 0.989479225 83.905628519 0.030399699 0.997478307 -0.064131786 -5.989288398 -0.991313922 0.021873898 -0.129684651 73.578750608
-0.127193017 0.066174884 0.989668102 85.096980653 0.031298251 0.997542866 -0.062678959 -6.085215225 -0.991383994 0.023002553 -0.128951643 73.420817782
-0.126578865 0.066603857 0.989718066 86.289008416 0.032910602 0.997475994 -0.062916872 -6.176708634 -0.991410385 0.024608271 -0.128451351 73.273457409
-0.125793646 0.066773698 0.989806731 87.469019082 0.034802024 0.997415126 -0.062864015 -6.266328918 -0.991445736 0.026539383 -0.127792343 73.121468889
-0.124779406 0.066792932 0.989933804 88.671450134 0.035108745 0.997403901 -0.062871561 -6.346894113 -0.991563081 0.026910256 -0.126800480 72.966186788
-0.123881185 0.066514993 0.990065321 89.861802970 0.034652424 0.997432289 -0.062674067 -6.443971593 -0.991691752 0.026544025 -0.125867998 72.808821361
-0.122177935 0.065561649 0.990340525 91.078567695 0.037151853 0.997418682 -0.061446823 -6.529765185 -0.991812563 0.029285539 -0.124298291 72.657785890
-0.121652382 0.064566419 0.990470599 92.299042012 0.034840295 0.997544879 -0.060748394 -6.619836626 -0.991961047 0.027118100 -0.123603223 72.509891606
-0.120158260 0.064178354 0.990678184 93.514502978 0.036339372 0.997523780 -0.060214267 -6.705928847 -0.992089366 0.028765380 -0.122192921 72.359837538
-0.118863241 0.064787319 0.990794765 94.726245165 0.034990834 0.997522453 -0.061029474 -6.789955464 -0.992293828 0.027414573 -0.120835713 72.224133516
-0.117749375 0.066850512 0.990790707 95.954955006 0.034177852 0.997413226 -0.063235520 -6.886777387 -0.992454950 0.026417153 -0.119729589 72.080253946
-0.116546890 0.066237957 0.990974009 97.186484091 0.031618677 0.997515278 -0.062956563 -6.971710889 -0.992681696 0.023995895 -0.118351658 71.936872822
-0.115471464 0.065195053 0.991169046 98.426029218 0.030028122 0.997616814 -0.062120879 -7.059846416 -0.992856748 0.022589755 -0.117153957 71.791866018
-0.115581131 0.065531966 0.991134045 99.669348907 0.026462800 0.997670314 -0.062878173 -7.161358495 -0.992945411 0.018960651 -0.117046021 71.650920132
-0.116320174 0.064960182 0.991085225 100.918994599 0.022954133 0.997768157 -0.062704168 -7.251628879 -0.992946420 0.015455742 -0.117551669 71.515146085
-0.116757582 0.062912422 0.991165893 102.170896876 0.021941999 0.997911456 -0.060755858 -7.338726649 -0.992917964 0.014654452 -0.117894152 71.371377325
-0.118395342 0.061187587 0.991079591 103.431548680 0.019190130 0.998054206 -0.059325718 -7.432362958 -0.992781018 0.011995056 -0.119339165 71.224344958
-0.119473953 0.060595095 0.990986550 104.677343828 0.017972757 0.998104237 -0.058863510 -7.519834477 -0.992674580 0.010778104 -0.120336518 71.083149715
-0.121827045 0.060519400 0.990704651 105.918819683 0.017375838 0.998116461 -0.058835460 -7.611169462 -0.992399173 0.010046572 -0.122649153 70.934634785
-0.124339103 0.058510643 0.990513213 107.181041043 0.015661579 0.998251229 -0.057001740 -7.713847345 -0.992116107 0.008425455 -0.125038030 70.778636793
-0.126471205 0.055639688 0.990408699 108.433732292 0.016564756 0.998404955 -0.053973654 -7.780433146 -0.991831897 0.009579765 -0.127191134 70.634105854
-0.130483776 0.055204450 0.989912413 109.678938885 0.015826674 0.998437395 -0.053593696 -7.865768155 -0.991324049 0.008673913 -0.131153582 70.476509673
-0.136173232 0.059748202 0.988881760 110.905375196 0.010191140 0.998211363 -0.058908534 -7.964083134 -0.990632555 0.002056066 -0.136538568 70.320399755
-0.145124955 0.062278040 0.987451429 112.135791083 0.005836873 0.998053557 -0.062088872 -8.050404439 -0.989396051 -0.003247017 -0.145205986 70.156297308
-0.152960861 0.059509551 0.986438908 113.379733831 0.011098143 0.998225734 -0.058499706 -8.141153318 -0.988169861 0.001999474 -0.153349912 69.969670528
-0.162983005 0.057561632 0.984948389 114.608899163 0.014488186 0.998328662 -0.055946181 -8.229023157 -0.986522429 0.005151839 -0.163544567 69.787937556
-0.176469315 0.057612160 0.982618721 115.824581202 0.014071905 0.998331250 -0.056006222 -8.333623358 -0.984205483 0.003943937 -0.176985543 69.577005285
-0.190901648 0.057698393 0.979912030 117.040864717 0.014675804 0.998327184 -0.055923633 -8.417491087 -0.981499390 0.003705082 -0.191429074 69.345607441
-0.204721489 0.057437289 0.977133664 118.267390021 0.018433353 0.998326034 -0.054820994 -8.484674720 -0.978646614 0.006788813 -0.205437552 69.101258435
-0.220212089 0.058363891 0.973704483 119.443336513 0.020470916 0.998265094 -0.055206373 -8.586501348 -0.975237125 0.007775510 -0.221024803 68.833992011
-0.235396501 0.062375988 0.969895794 120.633991309 0.022090286 0.998023950 -0.058823592 -8.668177076 -0.971648280 0.007578407 -0.236309247 68.547191130
-0.251813940 0.065120258 0.965582320 121.808714912 0.019843892 0.997871224 -0.062122787 -8.768442233 -0.967572134 0.003517528 -0.252570122 68.271133951
-0.267221954 0.063494161 0.961540973 122.975907429 0.017194841 0.997982190 -0.061121893 -8.859811043 -0.963481521 0.000200432 -0.267774522 67.961855101
-0.282705425 0.058470821 0.957423067 124.147086728 0.012877245 0.998281765 -0.057163745 -8.941863976 -0.959120272 -0.003831530 -0.282972612 67.641957131
-0.297692452 0.055843567 0.953027189 125.325335819 0.010901129 0.998421422 -0.055098356 -9.017653044 -0.954599522 -0.006013293 -0.297831278 67.317816912
-0.312907094 0.055712572 0.948148396 126.472241423 0.007531732 0.998392290 -0.056179257 -9.112945552 -0.949753812 -0.010437690 -0.312823640 66.956914985
-0.327601720 0.057793218 0.943046752 127.605149795 0.007211839 0.998251319 -0.058671055 -9.195926971 -0.944788327 -0.012419638 -0.327445643 66.580849334
-0.341384601 0.059458378 0.938041244 128.738794114 0.007990266 0.998144682 -0.060360153 -9.290643043 -0.939889670 -0.013110829 -0.341226311 66.178122909
-0.355235527 0.059618749 0.932873755 129.865747205 0.010072378 0.998150264 -0.059954956 -9.380158257 -0.934722499 -0.011901873 -0.355178936 65.750969604
-0.369212799 0.058157658 0.927523430 130.989220276 0.010352746 0.998235459 -0.058470406 -9.467343182 -0.929287154 -0.011985608 -0.369163398 65.323327650
-0.383637032 0.056895105 0.921729727 132.100121180 0.010249459 0.998301198 -0.057355621 -9.554275300 -0.923427021 -0.012556510 -0.383568451 64.864030156
-0.398278007 0.058113454 0.915422071 133.198461778 0.009103551 0.998192322 -0.059407200 -9.638445669 -0.917219517 -0.015326990 -0.398087085 64.406388962
-0.413244647 0.059821791 0.908653029 134.289900293 0.009448956 0.998067824 -0.061411204 -9.730130855 -0.910570958 -0.016792029 -0.413011437 63.927197876
-0.427604823 0.061704096 0.901857434 135.357793868 0.010435902 0.997938090 -0.063329773 -9.816097319 -0.903905470 -0.017668421 -0.427367076 63.422067121
-0.441975497 0.064638771 0.894695254 136.442505187 0.013536024 0.997767403 -0.065398659 -9.905766707 -0.896924930 -0.016793988 -0.441863695 62.902230770
-0.456562426 0.068064835 0.887084007 137.511966662 0.013634115 0.997487468 -0.069518780 -10.006186726 -0.889586846 -0.019645058 -0.456343301 62.363957789
-0.471696598 0.069089842 0.879050065 138.561826099 0.013172382 0.997366450 -0.071320767 -10.104259094 -0.881662466 -0.022062581 -0.471364438 61.806277087
-0.487156899 0.067634846 0.870691556 139.630846865 0.013015950 0.997448106 -0.070198729 -10.201768109 -0.873217406 -0.022864918 -0.486794057 61.228805387
-0.502532602 0.064254871 0.862167268 140.702084068 0.010841499 0.997624307 -0.068030900 -10.284737460 -0.864490224 -0.024840560 -0.502035357 60.632177593
-0.518724769 0.063437199 0.852584561 141.754315430 0.009727950 0.997616729 -0.068309804 -10.391783723 -0.854885889 -0.027140086 -0.518105621 60.009034539
-0.534655858 0.062238697 0.842774914 142.786422569 0.007853686 0.997607095 -0.068690640 -10.483565942 -0.845033336 -0.030106964 -0.533865278 59.363268919
-0.550152036 0.061753913 0.832778053 143.823014714 0.007711992 0.997595071 -0.068881057 -10.582402835 -0.835028843 -0.031472677 -0.549305204 58.698170712
-0.566115741 0.060993790 0.822066188 144.847657612 0.006027937 0.997538456 -0.069861946 -10.679200070 -0.824303671 -0.034594583 -0.565089887 58.016072763
-0.581322547 0.060299596 0.811435854 145.859669913 0.005553164 0.997521022 -0.070149646 -10.783276013 -0.813654208 -0.036273534 -0.580216313 57.305046742
-0.596309228 0.057368227 0.800702366 146.855071341 0.004408573 0.997662157 -0.068196674 -10.880877774 -0.802742664 -0.037136351 -0.595168061 56.574631433
-0.611107413 0.055084544 0.789628715 147.862897156 0.005489309 0.997846548 -0.065361563 -10.971501905 -0.791528593 -0.035608419 -0.610093798 55.821803277
-0.626044882 0.052997934 0.777984002 148.834389525 0.005874266 0.997979951 -0.063257500 -11.070428655 -0.779764848 -0.035031948 -0.625091563 55.050003311
-0.640604847 0.052217997 0.766093199 149.814074596 0.005816694 0.997986446 -0.063160269 -11.158417945 -0.767848629 -0.036004644 -0.639618690 54.259137745
-0.655197278 0.051918228 0.753671747 150.756657042 0.003148797 0.997814711 -0.065999145 -11.259872464 -0.755451214 -0.040869301 -0.653928962 53.446639736
-0.670281745 0.051547608 0.740314326 151.704498281 0.000977946 0.997645144 -0.068579954 -11.359866952 -0.742106025 -0.045243903 -0.668753738 52.606387752
-0.686150498 0.047534077 0.725905006 152.633713744 -0.001857937 0.997745128 -0.067091038 -11.464173723 -0.727457196 -0.047383235 -0.684515000 51.755023252
-0.701929663 0.042650777 0.710968163 153.577748372 -0.003307520 0.997999504 -0.063135181 -11.542205746 -0.712238542 -0.046667996 -0.700384386 50.875323553
-0.718678118 0.039008494 0.694247913 154.475456239 -0.005489914 0.998075738 -0.061763117 -11.641094342 -0.695321191 -0.048199160 -0.717081039 49.966664318
-0.735840924 0.036816812 0.676152882 155.361832238 -0.006910899 0.998060551 -0.061865790 -11.739361979 -0.677119129 -0.050196204 -0.734159359 49.038739681
-0.752795055 0.032199860 0.657466983 156.219353885 -0.011195677 0.998032057 -0.061698224 -11.829344308 -0.658159711 -0.053806906 -0.750953096 48.086448915
-0.769206297 0.032692066 0.638163739 157.061259173 -0.008995102 0.998037479 -0.061969987 -11.907358246 -0.638937169 -0.053408051 -0.767402643 47.111798352
-0.785237172 0.031547326 0.618390978 157.855926268 -0.009804638 0.997942559 -0.063360218 -12.032079025 -0.619117438 -0.055815897 -0.783312282 46.126004234
-0.800052298 0.033939193 0.598969531 158.652480743 -0.004559139 0.998025743 -0.062640483 -12.104810052 -0.599912899 -0.052846447 -0.798318055 45.104828128
-0.814348394 0.034299275 0.579361975 159.400262714 -0.001603926 0.998115352 -0.061344705 -12.208988604 -0.580374083 -0.050885216 -0.812758619 44.058381216
-0.828210451 0.036181571 0.559248054 160.123678835 0.000515402 0.997962461 -0.063801726 -12.301934583 -0.560416936 -0.052553017 -0.826541588 43.002911472
-0.841884474 0.036417853 0.538427631 160.817094630 0.000130056 0.997734071 -0.067280802 -12.410727815 -0.539657742 -0.056572635 -0.839981559 41.942601664
-0.854580342 0.036657782 0.518023824 161.496195457 0.002119127 0.997743395 -0.067109070 -12.509403281 -0.519314850 -0.056252332 -0.852729573 40.854346253
-0.865824661 0.037014197 0.498976592 162.147166631 0.005001182 0.997850349 -0.065342715 -12.605264430 -0.500322507 -0.054079860 -0.864148554 39.741778735
-0.876140942 0.037807401 0.480570164 162.772100531 0.006517937 0.997757630 -0.066612525 -12.697172928 -0.482010930 -0.055229634 -0.874422734 38.631047400
-0.885636030 0.040289302 0.462629034 163.369239817 0.009203920 0.997556508 -0.069255343 -12.820972420 -0.464288790 -0.057077026 -0.883842804 37.508458199
-0.894352442 0.038058579 0.445741272 163.953385106 0.007281881 0.997481173 -0.070556960 -12.919365697 -0.447303764 -0.059856954 -0.892376860 36.379395314
-0.902312913 0.036138045 0.429564283 164.525112148 0.006304220 0.997479618 -0.070672974 -13.014237879 -0.431035543 -0.061061068 -0.900266561 35.218631860
-0.909379234 0.033553790 0.414612560 165.063290037 0.004790789 0.997520051 -0.070219616 -13.127681226 -0.415940421 -0.061869939 -0.907284770 34.058569748
-0.915734344 0.032548929 0.400463732 165.590142428 0.004929370 0.997548342 -0.069806915 -13.233254003 -0.401754019 -0.061950554 -0.913649722 32.900046220
-0.921703584 0.029338513 0.386783886 166.094444751 0.002917161 0.997631636 -0.068721249 -13.342453222 -0.387883968 -0.062212309 -0.919606239 31.723746111
-0.927294196 0.025600471 0.373456970 166.596490070 0.001071069 0.997836068 -0.065742188 -13.434530448 -0.374331816 -0.060562350 -0.925315014 30.536382661
-0.932075144 0.021370307 0.361634145 167.066101398 -0.001145867 0.998079615 -0.061933596 -13.533356833 -0.362263160 -0.058141149 -0.930260712 29.339875002
-0.936250356 0.022862869 0.350588902 167.528403927 0.001968855 0.998206164 -0.059837937 -13.618540726 -0.351328022 -0.055333029 -0.934615889 28.125852714
-0.939391079 0.025679813 0.341884430 167.967757452 0.005571773 0.998202722 -0.059668078 -13.729048192 -0.342802188 -0.054146757 -0.937845815 26.928187932
-0.941416551 0.031911505 0.335732853 168.394339156 0.011543354 0.997978841 -0.062489872 -13.821704474 -0.337048385 -0.054953515 -0.939882164 25.718685041
-0.943264287 0.033809540 0.330317146 168.823043362 0.013622670 0.997905429 -0.063239060 -13.927616629 -0.331763312 -0.055151344 -0.941749127 24.511839396
-0.945098687 0.031835490 0.325230669 169.239906910 0.012026039 0.997957505 -0.062739077 -14.026532391 -0.326563673 -0.055383382 -0.943551183 23.312366402
-0.946706490 0.025104331 0.321117750 169.677321688 0.006293711 0.998209471 -0.059483118 -14.112332798 -0.322036020 -0.054292031 -0.945169383 22.081673190
-0.948620212 0.019817071 0.315795805 170.093893695 0.001583820 0.998321720 -0.057889841 -14.203614646 -0.316412976 -0.054415309 -0.947059548 20.869357371
-0.950012751 0.013028512 0.311939167 170.522015220 -0.005745996 0.998230094 -0.059191746 -14.289600621 -0.312158204 -0.058025313 -0.948256456 19.642036838
-0.951200263 0.010241141 0.308404269 170.930569890 -0.009295137 0.998044613 -0.061810606 -14.387005931 -0.308434189 -0.061660924 -0.949245104 18.414784865
-0.952036809 0.009997211 0.305820181 171.340385207 -0.010020298 0.997911415 -0.063815361 -14.482881018 -0.305819385 -0.063818981 -0.949948224 17.203636210
-0.952206654 0.011186446 0.305249676 171.744181859 -0.009390646 0.997784736 -0.065859210 -14.581240600 -0.305310158 -0.065578068 -0.949992216 15.975394781
-0.952096911 0.013440587 0.305500959 172.133480944 -0.007542051 0.997697607 -0.067398830 -14.691457579 -0.305703415 -0.066474319 -0.949803439 14.759261082
-0.951867629 0.014393691 0.306171279 172.542221008 -0.007142444 0.997583911 -0.069103734 -14.786317661 -0.306426158 -0.067964417 -0.949465026 13.542001600
-0.951361708 0.015431334 0.307689436 172.947528300 -0.006626636 0.997488664 -0.070515617 -14.897868220 -0.308004833 -0.069124803 -0.948870260 12.317046955
-0.950807753 0.017485029 0.309287735 173.341755090 -0.004624347 0.997493449 -0.070607613 -15.003500139 -0.309747023 -0.068564518 -0.948343648 11.103805152
-0.949824464 0.017077433 0.312316924 173.741149771 -0.005213027 0.997505405 -0.070397382 -15.115057436 -0.312739984 -0.068493271 -0.947366012 9.886525335
-0.948604192 0.015031315 0.316107831 174.154385853 -0.007681454 0.997483422 -0.070482748 -15.221842820 -0.316371727 -0.069288396 -0.946101493 8.667686857
-0.947129915 0.014465239 0.320524097 174.574149057 -0.007905906 0.997627722 -0.068384394 -15.331336699 -0.320752878 -0.067302938 -0.944768698 7.444124264
-0.945103624 0.012475981 0.326532547 174.999040401 -0.009417811 0.997815826 -0.065382582 -15.434848056 -0.326635011 -0.064868536 -0.942921857 6.250668115
-0.942891061 0.011138972 0.332914984 175.423305671 -0.010483524 0.997953274 -0.063082163 -15.525475741 -0.332936224 -0.062969729 -0.940844445 5.059629917
-0.940049022 0.013032219 0.340790276 175.848263489 -0.008665708 0.998034189 -0.062069827 -15.635184753 -0.340929209 -0.061301868 -0.938088130 3.867294692
-0.936861031 0.013843593 0.349427790 176.284549057 -0.008684628 0.997986913 -0.062822758 -15.723969020 -0.349594006 -0.061890842 -0.934854822 2.688073567
-0.933316141 0.015375048 0.358726365 176.736441299 -0.008207355 0.997908192 -0.064123932 -15.829160737 -0.358961839 -0.062792094 -0.931237635 1.515684270
-0.929280064 0.017764321 0.368948520 177.191680244 -0.006480361 0.997905066 -0.064369898 -15.921696977 -0.369319035 -0.062208582 -0.927218164 0.348674108
-0.924518128 0.020163254 0.380604381 177.668234735 -0.005092686 0.997857002 -0.065233948 -16.015974884 -0.381104024 -0.062248265 -0.922434202 -0.794838570
-0.919077130 0.021356829 0.393498585 178.152066865 -0.005388947 0.997755905 -0.066739154 -16.117333501 -0.394040820 -0.063458972 -0.916899542 -1.940713198
-0.913193673 0.023693893 0.406836499 178.654952167 -0.003713523 0.997783133 -0.066445696 -16.223025104 -0.407508899 -0.062188584 -0.911081255 -3.088816865
-0.906984938 0.023410662 0.420511936 179.181563769 -0.003977171 0.997933309 -0.064134960 -16.311738931 -0.421144253 -0.059841889 -0.905017371 -4.237025559
-0.900600876 0.026670848 0.433828023 179.721440045 -0.001246536 0.997952978 -0.063939820 -16.415379869 -0.434645239 -0.058125040 -0.898724079 -5.367341901
-0.894141488 0.027670403 0.446928826 180.265523976 -0.000957656 0.997968475 -0.063702474 -16.511352614 -0.447783492 -0.057387027 -0.892298518 -6.474155031
-0.886922644 0.030283796 0.460924229 180.838602159 0.002226300 0.998117228 -0.061294726 -16.609877477 -0.461912588 -0.053337524 -0.885320191 -7.585726293
-0.879490040 0.032192829 0.474827254 181.416245143 0.005065590 0.998286245 -0.058300199 -16.703302936 -0.475890301 -0.048869163 -0.878145885 -8.683855788
-0.871611722 0.035656705 0.488898394 182.024456518 0.009075232 0.998353800 -0.056633299 -16.797544858 -0.490112860 -0.044925380 -0.870500466 -9.769005061
-0.862981632 0.038722029 0.503749285 182.621981052 0.012362426 0.998378551 -0.055564739 -16.886906654 -0.505083993 -0.041723786 -0.862061048 -10.829544211
-0.852846885 0.041716757 0.520492017 183.251951755 0.015723862 0.998403219 -0.054256543 -16.977695575 -0.521924242 -0.038088379 -0.852141023 -11.890073286
-0.842273206 0.044426315 0.537217078 183.879735917 0.018645387 0.998402749 -0.053331970 -17.063104692 -0.538728279 -0.034903468 -0.841756229 -12.897184246
-0.831430355 0.045990273 0.553722405 184.534719582 0.020186723 0.998410890 -0.052613610 -17.147684347 -0.555262118 -0.032566711 -0.831037512 -13.920876200
-0.820488354 0.048027598 0.569642217 185.190581000 0.021837357 0.998370492 -0.052720880 -17.232023312 -0.571245960 -0.030817388 -0.820200156 -14.887165674
-0.808351243 0.049642575 0.586603725 185.880669377 0.022919865 0.998336629 -0.052902320 -17.311289656 -0.588254114 -0.029318778 -0.808144455 -15.848292309
-0.795486421 0.051407756 0.603786922 186.585805737 0.025859451 0.998367201 -0.050933489 -17.387101603 -0.605419355 -0.024903300 -0.795516926 -16.823944286
-0.781385803 0.052432518 0.621841709 187.291342276 0.028067976 0.998408508 -0.048914623 -17.468722891 -0.623416686 -0.020767354 -0.781613907 -17.737301318
-0.765855390 0.054961478 0.640659670 188.022233725 0.029775659 0.998302816 -0.050048957 -17.551067207 -0.642323032 -0.019254199 -0.766192106 -18.644315932
