1.000000000 0.000000000 0.000000000 0.000000000 0.000000000 1.000000000 0.000000000 -0.000000000 0.000000000 0.000000000 1.000000000 0.000000000
0.999999324 -0.000679032 0.000943994 -0.000302117 0.000680374 0.999998757 -0.001422523 0.000967095 -0.000943028 0.001423165 0.999998543 0.906028902
0.999997637 -0.001765357 0.001269043 -0.002817512 0.001762336 0.999995620 0.002377919 -0.001331455 -0.001273236 -0.002375678 0.999996368 1.888783748
0.999985201 -0.005431810 0.000304271 -0.003687533 0.005429389 0.999957437 0.007459587 0.006686106 -0.000344777 -0.007457824 0.999972131 2.854498489
0.999971712 -0.007462788 -0.000938834 -0.002553662 0.007470072 0.999940015 0.008010266 0.004427849 0.000878999 -0.008017052 0.999967477 3.801251100
0.999957485 -0.009073024 -0.001645276 0.002762896 0.009081143 0.999946287 0.004995742 0.003730786 0.001599861 -0.005010471 0.999986168 4.744924451
0.999956559 -0.008936438 -0.002649477 0.001044011 0.008941494 0.999958214 0.001902594 0.000293021 0.002632364 -0.001926201 0.999994681 5.673007345
0.999956765 -0.008632477 -0.003456893 -0.007956680 0.008636390 0.999962080 0.001118551 -0.001162158 0.003447107 -0.001148358 0.999993399 6.596477532
0.999955445 -0.008488447 -0.004129675 -0.010163887 0.008500296 0.999959781 0.002860160 0.004387513 0.004105230 -0.002895137 0.999987382 7.527895895
0.999954948 -0.008157791 -0.004853088 -0.012667073 0.008184165 0.999951713 0.005439645 0.009518058 0.004808478 -0.005479118 0.999973428 8.453364794
0.999944537 -0.008798626 -0.005788507 -0.021388101 0.008838547 0.999937081 0.006907647 0.010390486 0.005727366 -0.006958426 0.999959388 9.376502862
0.999930141 -0.010151638 -0.006054514 -0.021696583 0.010197220 0.999919535 0.007545837 0.011729573 0.005977425 -0.007607049 0.999953200 10.298628530
0.999928972 -0.009605375 -0.007056154 -0.033841275 0.009658193 0.999925309 0.007489766 0.015526534 0.006983685 -0.007557385 0.999947056 11.209979878
0.999921552 -0.009964497 -0.007589448 -0.048220383 0.010011399 0.999930867 0.006167256 0.020718065 0.007527471 -0.006242754 0.999952182 12.109558134
0.999900754 -0.010833844 -0.009006198 -0.054031437 0.010871774 0.999932192 0.004173368 0.023406645 0.008960375 -0.004270868 0.999950734 13.018075202
0.999885553 -0.010731241 -0.010664045 -0.067967062 0.010762127 0.999938045 0.002843116 0.026929235 0.010632874 -0.002957559 0.999939095 13.914500259
0.999877519 -0.009710145 -0.012274354 -0.083570679 0.009737881 0.999950162 0.002201924 0.028940119 0.012252361 -0.002321180 0.999922243 14.820433105
0.999866789 -0.009343195 -0.013383175 -0.103945017 0.009364261 0.999955011 0.001512273 0.022636147 0.013368444 -0.001637395 0.999909298 15.714569761
0.999850455 -0.008150151 -0.015252571 -0.116769877 0.008171501 0.999965718 0.001337965 0.024165976 0.015241144 -0.001462402 0.999882778 16.611317264
0.999821545 -0.008611150 -0.016814449 -0.131638942 0.008647871 0.999960375 0.002112445 0.026592125 0.016795593 -0.002257477 0.999856395 17.503597856
0.999800748 -0.008498271 -0.018062203 -0.153464267 0.008556450 0.999958443 0.003146130 0.025841033 0.018034718 -0.003300051 0.999831915 18.399585345
0.999775713 -0.008499822 -0.019397831 -0.176311166 0.008576244 0.999955773 0.003859922 0.026632536 0.019364166 -0.004025417 0.999804393 19.277672320
0.999736163 -0.009712360 -0.020815207 -0.190469209 0.009793690 0.999944787 0.003808826 0.020842459 0.020777067 -0.004011679 0.999776085 20.146017616
0.999702217 -0.009809124 -0.022344075 -0.208088710 0.009888401 0.999945191 0.003440249 0.021324285 0.022309106 -0.003660173 0.999744421 21.016127727
0.999677944 -0.009694693 -0.023452529 -0.231250749 0.009783487 0.999945390 0.003674312 0.020816925 0.023415628 -0.003902576 0.999718200 21.887037840
0.999661266 -0.008950672 -0.024438467 -0.251950007 0.009078693 0.999945615 0.005132580 0.028096291 0.024391199 -0.005352711 0.999688161 22.748621079
0.999620913 -0.010482708 -0.025458675 -0.283917909 0.010687412 0.999911539 0.007917890 0.032850725 0.025373424 -0.008186976 0.999644518 23.596877962
0.999610537 -0.010453107 -0.025874859 -0.305774046 0.010698529 0.999898916 0.009364740 0.034093802 0.025774354 -0.009637915 0.999621325 24.429369285
0.999614512 -0.009150618 -0.026212449 -0.327643057 0.009368516 0.999922476 0.008202018 0.038200928 0.026135365 -0.008444428 0.999622746 25.260596344
0.999593079 -0.008338037 -0.027279192 -0.363479851 0.008505250 0.999945712 0.006019413 0.037463841 0.027227522 -0.006248980 0.999609730 26.074964601
0.999577159 -0.007712193 -0.028036148 -0.389676128 0.007834172 0.999960309 0.004243536 0.038082681 0.028002311 -0.004461381 0.999597902 26.868728276
0.999558626 -0.006932262 -0.028887656 -0.414887771 0.007047263 0.999967636 0.003881050 0.041633851 0.028859818 -0.004082916 0.999575130 27.676803902
0.999519553 -0.007022541 -0.030188530 -0.444956164 0.007126289 0.999969061 0.003330446 0.037053236 0.030164210 -0.003543979 0.999538674 28.462463500
0.999465403 -0.006694023 -0.032001552 -0.476436453 0.006782934 0.999973430 0.002670572 0.036641919 0.031982827 -0.002886209 0.999484251 29.228980160
0.999405501 -0.006806165 -0.033798241 -0.511375423 0.006891621 0.999973343 0.002412582 0.032456015 0.033780921 -0.002644073 0.999425764 30.004931960
0.999336738 -0.006709243 -0.035792052 -0.544987250 0.006839611 0.999970411 0.003521151 0.035695279 0.035767371 -0.003763620 0.999353056 30.760048416
0.999262794 -0.007756507 -0.037599283 -0.565112471 0.007963291 0.999953964 0.005353051 0.041413883 0.037556034 -0.005648520 0.999278559 31.514014085
0.999203960 -0.006709399 -0.039324671 -0.598661260 0.006993272 0.999950443 0.007085581 0.041659668 0.039275185 -0.007354949 0.999201364 32.259918579
0.999125014 -0.005766971 -0.041424007 -0.642125664 0.006073381 0.999955095 0.007274852 0.042018171 0.041380196 -0.007520071 0.999115172 32.976228961
0.999064588 -0.003006334 -0.043138282 -0.680911386 0.003296922 0.999972343 0.006666643 0.044638336 0.043117049 -0.006802631 0.999046868 33.694667685
0.998993012 -0.001339421 -0.044846048 -0.715125660 0.001601379 0.999981864 0.005805855 0.046654356 0.044837461 -0.005871825 0.998977039 34.392812876
0.998926546 -0.000918365 -0.046313191 -0.749849883 0.001232844 0.999976376 0.006762176 0.053782984 0.046305890 -0.006812015 0.998904080 35.097652213
0.998884137 -0.000050671 -0.047227925 -0.782530872 0.000446707 0.999964828 0.008375107 0.056967426 0.047225843 -0.008386859 0.998849027 35.792291098
0.998862205 0.002570099 -0.047620250 -0.832661608 -0.002143385 0.999957115 0.009009682 0.062094934 0.047641368 -0.008897363 0.998824878 36.461846740
0.998911701 0.005513646 -0.046314274 -0.868522637 -0.005183039 0.999960247 0.007255397 0.059209530 0.046352440 -0.007007453 0.998900569 37.117405182
0.998976603 0.007682328 -0.044572714 -0.914837139 -0.007501335 0.999962932 0.004226473 0.061321747 0.044603534 -0.003887794 0.998997202 37.776462940
0.999054235 0.008246103 -0.042692352 -0.936433841 -0.008151616 0.999963927 0.002386859 0.060381750 0.042710498 -0.002036590 0.999085415 38.428465104
0.999169328 0.009215459 -0.039695457 -0.962597014 -0.009103392 0.999954054 0.003003005 0.063059096 0.039721309 -0.002639147 0.999207312 39.064745846
0.999245891 0.013696093 -0.036332713 -0.989497564 -0.013499771 0.999892949 0.005643296 0.061705801 0.036406118 -0.005148557 0.999323815 39.710094872
0.999298662 0.018079691 -0.032791887 -1.024915754 -0.017797608 0.999802231 0.008873819 0.071367611 0.032945840 -0.008283979 0.999422808 40.327243934
0.999338045 0.023055440 -0.028141037 -1.052448683 -0.022781913 0.999690422 0.010002154 0.068503624 0.028362930 -0.009354427 0.999553920 40.922280802
0.999379649 0.026946795 -0.022675696 -1.074305839 -0.026715822 0.999588676 0.010428039 0.073014346 0.022947373 -0.009815771 0.999688486 41.515637157
0.999397221 0.030262472 -0.017011058 -1.094779201 -0.030059598 0.999475376 0.012057896 0.082684465 0.017367037 -0.011539283 0.999782592 42.073581431
0.999319983 0.035362620 -0.010443031 -1.107379528 -0.035223887 0.999292497 0.013182677 0.088198314 0.010901818 -0.012805870 0.999858570 42.634261864
0.999253397 0.038507680 -0.003131648 -1.121558055 -0.038463922 0.999175383 0.013003088 0.088633788 0.003629785 -0.012872924 0.999910552 43.169247451
0.999122256 0.041699619 0.003982446 -1.123229294 -0.041748056 0.999043961 0.012971613 0.088325934 -0.003437728 -0.013126487 0.999907935 43.676389035
0.998869804 0.046125313 0.011470381 -1.126343088 -0.046267234 0.998851743 0.012431355 0.091494516 -0.010883810 -0.012948009 0.999856936 44.171295752
0.998516549 0.050927649 0.019263355 -1.121490632 -0.051124620 0.998643465 0.009874397 0.095542573 -0.018734346 -0.010844582 0.999765682 44.646019878
0.998244041 0.052739641 0.026969707 -1.112240761 -0.052943668 0.998573612 0.006907260 0.086081527 -0.026566953 -0.008323007 0.999612387 45.088884184
0.997948008 0.053627056 0.034984433 -1.097033317 -0.053885857 0.998525969 0.006496451 0.095391289 -0.034584481 -0.008368287 0.999366742 45.516570540
0.997696022 0.052486270 0.042986498 -1.077464081 -0.052861395 0.998572663 0.007636052 0.092611516 -0.042524357 -0.009890786 0.999046472 45.907355578
0.997237718 0.054131368 0.050859896 -1.062951802 -0.054619794 0.998473043 0.008262006 0.096471008 -0.050335005 -0.011017142 0.998671623 46.283257257
0.996580382 0.057073216 0.059751058 -1.046395052 -0.057677964 0.998299526 0.008444385 0.094517767 -0.059167509 -0.011861828 0.998177591 46.645229713
0.995759665 0.061748058 0.068189939 -1.029643440 -0.062433628 0.998017321 0.007966798 0.095136627 -0.067562811 -0.012190362 0.997640548 46.969114126
0.994840091 0.065791355 0.077231404 -1.007201409 -0.066602696 0.997747710 0.007974182 0.099357278 -0.076532830 -0.013076855 0.996981304 47.269022046
0.994122179 0.065226459 0.086409503 -0.980642278 -0.066180542 0.997773806 0.008220056 0.098935195 -0.085680979 -0.013890369 0.996225792 47.564083816
0.993222870 0.064175329 0.096901274 -0.942650855 -0.065122756 0.997855148 0.006643117 0.093428075 -0.096267119 -0.012908575 0.995271828 47.820356194
0.992057524 0.063135521 0.108792335 -0.907045050 -0.063782824 0.997960730 0.002476818 0.088057210 -0.108414110 -0.009396228 0.994061413 48.087671720
0.990464127 0.063947463 0.122030870 -0.868069920 -0.064252492 0.997932638 -0.001437944 0.082410105 -0.121870550 -0.006416556 0.992525263 48.357903590
0.988330999 0.065881431 0.137337068 -0.825342341 -0.065977085 0.997813670 -0.003860542 0.085404149 -0.137291151 -0.005245606 0.990516848 48.611194681
0.985830084 0.067335494 0.153639102 -0.775150171 -0.067315346 0.997717464 -0.005339173 0.084777239 -0.153647943 -0.005078752 0.988112604 48.874944057
0.983022978 0.067826914 0.170485580 -0.722949193 -0.067674088 0.997684888 -0.006714377 0.083401182 -0.170546314 -0.004937069 0.985337294 49.114819040
0.979783348 0.067299946 0.188401977 -0.656003483 -0.067033084 0.997720302 -0.007795171 0.079156008 -0.188497105 -0.004991587 0.982061061 49.361840241
0.976001794 0.066269612 0.207433928 -0.588550609 -0.065934279 0.997787442 -0.008537728 0.076344176 -0.207540776 -0.005344169 0.978211772 49.622540313
0.971477246 0.066468073 0.227626781 -0.518443694 -0.065972369 0.997773381 -0.009794192 0.073268679 -0.227770961 -0.005502243 0.973699193 49.849912670
0.966135451 0.068367283 0.248813583 -0.443173256 -0.067511031 0.997646563 -0.011983213 0.071834339 -0.249047293 -0.005220255 0.968477258 50.085572707
0.959931989 0.069763578 0.271410418 -0.349263430 -0.068476412 0.997551357 -0.014222204 0.067148014 -0.271738043 -0.004932863 0.962358617 50.336835631
0.952671334 0.070954079 0.295605890 -0.264792558 -0.069512004 0.997462262 -0.015398627 0.060322917 -0.295948335 -0.005878326 0.955185863 50.566113172
0.944076980 0.073795562 0.321360954 -0.172937390 -0.072279726 0.997245209 -0.016662410 0.056560119 -0.321705305 -0.007497284 0.946810168 50.812695970
0.934218603 0.076085488 0.348491882 -0.054975994 -0.074519441 0.997058575 -0.017917899 0.049681426 -0.348830136 -0.009230186 0.937140517 51.064025752
0.923069863 0.076874382 0.376871790 0.052752272 -0.075012101 0.996989208 -0.019639363 0.047217621 -0.377246898 -0.010141441 0.926057200 51.292193968
0.910385164 0.075332197 0.406846286 0.189367214 -0.072814990 0.997109569 -0.021690670 0.032785886 -0.407304360 -0.009877644 0.913239072 51.517874845
0.895538941 0.072827143 0.438983143 0.340460650 -0.069053479 0.997310049 -0.024582182 0.023165763 -0.439592580 -0.008299011 0.898158952 51.768036188
0.878340151 0.072140636 0.472561416 0.497954236 -0.066434445 0.997375708 -0.028777802 0.012049727 -0.473397359 -0.006117657 0.880827754 51.977346390
0.858736659 0.074088587 0.507032753 0.668828632 -0.065991464 0.997242378 -0.033952422 0.003373046 -0.508150071 -0.004303644 0.861257803 52.227401359
0.836913830 0.076298418 0.541990563 0.842376912 -0.065807643 0.997079765 -0.038746583 -0.005183088 -0.543364165 -0.003239570 0.839490864 52.436572149
0.812434305 0.079184083 0.577650723 1.037011784 -0.066779904 0.996852523 -0.042725765 -0.015541713 -0.579215822 -0.003863582 0.815165092 52.663363103
0.784976929 0.083239078 0.613907524 1.262685823 -0.069631161 0.996507918 -0.046081121 -0.033063550 -0.615599503 -0.006574476 0.788031760 52.913537544
0.755212528 0.087602155 0.649599777 1.482168256 -0.073030477 0.996104204 -0.049426345 -0.036756735 -0.651398969 -0.010113185 0.758668001 53.128244515
0.722290606 0.089181401 0.685815519 1.743686483 -0.073216246 0.995938635 -0.052398635 -0.055150359 -0.687703204 -0.012365795 0.725886647 53.355653632
0.685952378 0.087057608 0.722419733 2.049681457 -0.069757446 0.996111973 -0.053803679 -0.076583928 -0.724295017 -0.013487394 0.689358293 53.599854579
0.647040443 0.085725565 0.757621113 2.341063963 -0.067086745 0.996206423 -0.055426809 -0.100927629 -0.759498568 -0.014962946 0.650336895 53.798492759
0.605008349 0.085583632 0.791606148 2.689613050 -0.064982042 0.996197213 -0.058038328 -0.115355637 -0.793563026 -0.016326509 0.608269030 54.032165855
0.559250630 0.085464864 0.824581373 3.030018600 -0.061839538 0.996201165 -0.061311591 -0.143851959 -0.826688969 -0.016703184 0.562411237 54.216009450
0.511369536 0.084487006 0.855197692 3.412862199 -0.058528477 0.996268796 -0.063426371 -0.169135780 -0.857365539 -0.017619103 0.514406407 54.397641573
0.462724202 0.082753465 0.882631361 3.832125397 -0.056647585 0.996358874 -0.063718493 -0.197209069 -0.884690578 -0.020514846 0.465727149 54.587386164
0.412985920 0.080542665 0.907168920 4.238387629 -0.056332019 0.996433627 -0.062823017 -0.227353144 -0.908993615 -0.025157634 0.416050190 54.743794490
0.362971229 0.080307389 0.928333210 4.686098990 -0.058574729 0.996275221 -0.063282579 -0.239883613 -0.929957498 -0.031407110 0.366323226 54.888597425
0.313619069 0.081139904 0.946075753 5.158781087 -0.057174890 0.996148225 -0.066481181 -0.251868664 -0.947826026 -0.033242010 0.317050245 55.022624333
0.266485040 0.077575120 0.960712110 5.627666245 -0.046704332 0.996624183 -0.067519949 -0.303087581 -0.962706858 -0.026876360 0.269208531 55.107623909
0.222111128 0.072284614 0.972338168 6.124081637 -0.033262932 0.997229377 -0.066536801 -0.328886327 -0.974453843 -0.017564253 0.223900141 55.175559399
0.179999373 0.070406722 0.981143746 6.659471887 -0.023847131 0.997454349 -0.067202202 -0.382857357 -0.983377653 -0.011301108 0.181220157 55.235333647
0.141560392 0.072825070 0.987247231 7.165316054 -0.019948595 0.997297704 -0.070706040 -0.387837720 -0.989728639 -0.009685018 0.142630612 55.284113721
0.108469411 0.073107632 0.991407884 7.701485756 -0.012186252 0.997315006 -0.072209937 -0.438494265 -0.994025126 -0.004248975 0.109069079 55.324341278
0.079310661 0.071846766 0.994257407 8.257331697 -0.003991142 0.997414194 -0.071756510 -0.478860748 -0.996841994 0.001722837 0.079392330 55.344749502
0.054116882 0.070051889 0.996074307 8.813455327 0.002317307 0.997524628 -0.070279785 -0.508411025 -0.998531955 0.006111537 0.053820592 55.349574765
0.034053281 0.069222152 0.997019858 9.393507059 0.008091376 0.997546691 -0.069535088 -0.544403610 -0.999387300 0.010435164 0.033409636 55.356057128
0.017833398 0.070467598 0.997354609 9.975859288 0.010110598 0.997449565 -0.070655089 -0.584186866 -0.999789886 0.011343875 0.017075446 55.346765691
0.004504212 0.070895887 0.997473516 10.556013952 0.011261915 0.997416814 -0.070942708 -0.616167253 -0.999926474 0.011553006 0.003694154 55.346303498
-0.007416576 0.071766903 0.997393822 11.168768126 0.011894325 0.997357059 -0.071675810 -0.640117783 -0.999901791 0.011331741 -0.008250592 55.337931849
-0.016423422 0.074593048 0.997078772 11.789346063 0.016459915 0.997098343 -0.074323390 -0.693600137 -0.999729670 0.015191191 -0.017603562 55.325264675
-0.023161202 0.076201526 0.996823362 12.420188604 0.020530508 0.996916855 -0.075731643 -0.745469826 -0.999520949 0.018711258 -0.024654248 55.299978151
-0.027816100 0.075949415 0.996723572 13.054387950 0.021041225 0.996932997 -0.075378162 -0.780887371 -0.999391616 0.018875562 -0.029328857 55.283612298
-0.031671118 0.073398311 0.996799658 13.711929448 0.018792933 0.997167422 -0.072828283 -0.825428712 -0.999321688 0.016426240 -0.032960776 55.267983903
-0.034214918 0.066857511 0.997175682 14.379374372 0.017023649 0.997654138 -0.066305475 -0.857419426 -0.999269536 0.014706936 -0.035272814 55.247118657
-0.035521285 0.061141507 0.997496808 15.053105732 0.017811959 0.998006927 -0.060538482 -0.895300695 -0.999210209 0.015616971 -0.036539538 55.217583941
-0.035890434 0.058963577 0.997614706 15.737685017 0.020640099 0.998088692 -0.058249035 -0.929485374 -0.999142599 0.018500287 -0.037038849 55.190783849
-0.035696186 0.060786828 0.997512242 16.426333194 0.024621431 0.997898924 -0.059929307 -0.977874834 -0.999059376 0.022420936 -0.037117845 55.164687928
-0.034719506 0.068138797 0.997071506 17.117730507 0.025479911 0.997409094 -0.067274617 -1.014143600 -0.999072270 0.023069556 -0.036365720 55.136563538
-0.032754360 0.075637926 0.996597204 17.821065127 0.024717328 0.996888600 -0.074847674 -1.072218350 -0.999157783 0.022181637 -0.034522015 55.121034290
-0.030821434 0.077144826 0.996543348 18.544895944 0.025354096 0.996756589 -0.076377170 -1.109416948 -0.999203322 0.022912406 -0.032677404 55.099534019
-0.028583951 0.072835960 0.996934206 19.292299329 0.025722798 0.997065080 -0.072107999 -1.155384515 -0.999260409 0.023582809 -0.030373603 55.082276832
-0.026104338 0.066745181 0.997428480 20.022517457 0.025774593 0.997481766 -0.066074181 -1.197789514 -0.999326926 0.023983495 -0.027758931 55.062919054
-0.023413717 0.065119072 0.997602744 20.773069718 0.023674665 0.997632609 -0.064565374 -1.240705501 -0.999445536 0.022106199 -0.024899959 55.055294963
-0.020082362 0.070109446 0.997337101 21.488367371 0.030219900 0.997125092 -0.069486032 -1.304337329 -0.999341547 0.028743987 -0.022143326 55.033527640
-0.016726591 0.075327888 0.997018485 22.214915024 0.032671854 0.996666700 -0.074753184 -1.362701222 -0.999326194 0.031324082 -0.019131938 55.022905179
-0.014349494 0.076305663 0.996981177 22.958010683 0.026513872 0.996762307 -0.075907295 -1.408141874 -0.999545485 0.025344603 -0.016326192 55.024285459
-0.011143847 0.073595553 0.997225871 23.706126654 0.021036723 0.997084364 -0.073350025 -1.451112540 -0.999716631 0.020160966 -0.012659564 55.031905785
-0.006446644 0.069441738 0.997565143 24.443143091 0.025849179 0.997264127 -0.069253734 -1.497635104 -0.999645103 0.025339789 -0.008224019 55.023510605
-0.002815808 0.070412505 0.997513949 25.183453861 0.030929486 0.997046824 -0.070292220 -1.556723471 -0.999517638 0.030654668 -0.004985315 55.016583024
0.000151740 0.074735967 0.997203310 25.917609069 0.030448641 0.996740641 -0.074705923 -1.622889221 -0.999536357 0.030374825 -0.002124363 55.018185267
0.003515292 0.076204095 0.997086008 26.655270325 0.026417804 0.996737127 -0.076270566 -1.662143736 -0.999644844 0.026608940 0.001490677 55.029240669
0.006913858 0.075133253 0.997149498 27.404820007 0.024547478 0.996860118 -0.075281649 -1.725423091 -0.999674793 0.024997995 0.005047817 55.046188686
0.010748112 0.073050785 0.997270269 28.144600883 0.029221761 0.996879012 -0.073337061 -1.769630704 -0.999515202 0.029930233 0.008579896 55.043612925
0.014419662 0.072766806 0.997244701 28.876746557 0.033874249 0.996740385 -0.073219810 -1.826964528 -0.999322110 0.034836724 0.011907739 55.047173568
0.018025485 0.073890622 0.997103398 29.621911062 0.036581105 0.996549024 -0.074510845 -1.887062127 -0.999168142 0.037818242 0.015260279 55.059232923
0.020868524 0.073844058 0.997051397 30.361309739 0.037154907 0.996522432 -0.074582541 -1.937623483 -0.999091632 0.038601784 0.018052284 55.075167030
0.024121000 0.072859410 0.997050457 31.097839964 0.037932538 0.996555767 -0.073740936 -1.985707244 -0.998989174 0.039599363 0.021274179 55.091900021
0.027831028 0.071607835 0.997044473 31.849549307 0.041150245 0.996503289 -0.072717613 -2.042164230 -0.998765318 0.043052435 0.024787031 55.102266725
0.030525476 0.072132858 0.996927768 32.586250222 0.039206785 0.996538598 -0.073305190 -2.089914654 -0.998764784 0.041324012 0.027591718 55.123106411
0.033673534 0.073439097 0.996731018 33.328905310 0.036100237 0.996556456 -0.074645843 -2.140820663 -0.998780725 0.038495821 0.030906410 55.159820285
0.036405771 0.073790916 0.996608976 34.083920572 0.037632302 0.996461530 -0.075154691 -2.199690174 -0.998628309 0.040240759 0.033500029 55.189776157
0.039036745 0.073327732 0.996543579 34.836056833 0.035527080 0.996571389 -0.074721448 -2.252872823 -0.998606043 0.038321169 0.036297783 55.228041784
0.041017225 0.073837430 0.996426390 35.610347926 0.033615004 0.996599158 -0.075233969 -2.308745172 -0.998592855 0.036580770 0.038395687 55.262315298
0.044265266 0.074054623 0.996271262 36.336319483 0.031808456 0.996638698 -0.075495213 -2.356645600 -0.998513334 0.035031671 0.041760914 55.308216695
0.047420289 0.075918338 0.995985768 37.101471714 0.029030049 0.996581590 -0.077345913 -2.416102509 -0.998453125 0.032581285 0.045054275 55.347323019
0.050529981 0.079395572 0.995561647 37.863625522 0.028504428 0.996314362 -0.080902347 -2.478587789 -0.998315726 0.032465914 0.048080621 55.390096150
0.053784792 0.081563544 0.995215812 38.632534349 0.028389548 0.996130675 -0.083172785 -2.534989615 -0.998148937 0.032727163 0.051261130 55.437627839
0.056959544 0.083711466 0.994860759 39.404157129 0.022581250 0.996115650 -0.085109917 -2.598038802 -0.998121119 0.027313025 0.054847984 55.490819996
0.059449274 0.083636604 0.994721384 40.183248214 0.018042858 0.996231054 -0.084841861 -2.644975869 -0.998068289 0.022991408 0.057716170 55.545640077
0.063088330 0.083503517 0.994508399 40.957194067 0.020767617 0.996167886 -0.084960282 -2.716067467 -0.997791882 0.026013576 0.061112400 55.605028016
0.066899757 0.084753985 0.994153466 41.737347591 0.020761739 0.996051719 -0.086312937 -2.784727084 -0.997543705 0.026414674 0.064875978 55.661722130
0.070526265 0.085790477 0.993813850 42.530457165 0.015991691 0.996069458 -0.087120043 -2.846963725 -0.997381763 0.022037019 0.068877125 55.724287731
0.074832193 0.084722966 0.993590505 43.318779234 0.014568385 0.996185041 -0.086041414 -2.897648814 -0.997089753 0.020913680 0.073312436 55.792308213
0.079689889 0.083434777 0.993321745 44.125664415 0.016876024 0.996235175 -0.085033379 -2.978647549 -0.996676875 0.023539626 0.077981825 55.857243019
0.084584827 0.087782868 0.992541941 44.924541093 0.012167084 0.995946503 -0.089120856 -3.033442646 -0.996342029 0.019614616 0.083173902 55.939580686
0.090464452 0.096094568 0.991252715 45.711564913 0.009813869 0.995199588 -0.097372824 -3.114853844 -0.995851365 0.018536807 0.089087127 56.025095954
0.097806273 0.101100918 0.990056800 46.510372740 0.008584737 0.994703837 -0.102423525 -3.185121772 -0.995168481 0.018517044 0.096420350 56.108594256
0.105079581 0.104225724 0.988986962 47.323608701 0.003177862 0.994452421 -0.105139351 -3.268621872 -0.994458774 0.014190866 0.104165429 56.207838858
0.112082251 0.102706691 0.988376868 48.139013608 0.000415890 0.994639289 -0.103404606 -3.341688903 -0.993698881 0.012000880 0.111438696 56.309939881
0.120005881 0.100764038 0.987646256 48.950262123 -0.000007795 0.994835886 -0.101496604 -3.428575504 -0.992773216 0.012172493 0.119386942 56.418182186
0.127138213 0.097695794 0.987061972 49.763627013 -0.000231393 0.995140432 -0.098465562 -3.504737712 -0.991885019 0.012290339 0.126542983 56.525530142
0.134969626 0.091892846 0.986579361 50.573826811 -0.001854827 0.995711911 -0.092489723 -3.587701499 -0.990848036 0.010653372 0.134561310 56.647979135
0.142045918 0.085079408 0.986196929 51.391216934 -0.004606667 0.996345400 -0.085291398 -3.650990963 -0.989849385 0.007572217 0.141918730 56.775108408
0.149468197 0.081437592 0.985407077 52.194438760 -0.003951924 0.996643655 -0.081766786 -3.726918889 -0.988758672 0.008327283 0.149288365 56.901110420
0.156500035 0.083459189 0.984145433 52.986979850 -0.004331573 0.996471859 -0.083815701 -3.792792935 -0.987668489 0.008854265 0.156309392 57.033385640
0.162199229 0.089727168 0.982670024 53.774095662 -0.004539786 0.995914487 -0.090187175 -3.863725596 -0.986747622 0.010167182 0.161943905 57.171508388
0.167178648 0.094274254 0.981408985 54.553971142 -0.005659956 0.995493282 -0.094663042 -3.928363010 -0.985910408 0.010270911 0.166958809 57.302998502
0.172353300 0.096482197 0.980298657 55.324768772 -0.007033152 0.995286705 -0.096720787 -4.011053069 -0.985010124 0.009775560 0.172219522 57.445239894
0.177493975 0.096957177 0.979334022 56.089284258 -0.009642130 0.995258488 -0.096786212 -4.077711041 -0.984074685 0.007736107 0.177587259 57.598682316
0.182878407 0.093840835 0.978646677 56.857171311 -0.006579401 0.995528701 -0.094230137 -4.160011319 -0.983113558 0.010793752 0.182678120 57.732392884
0.187342789 0.088136779 0.978332520 57.612850142 -0.005743859 0.996047806 -0.088632822 -4.220624925 -0.982277840 0.010985320 0.187108619 57.887760014
0.190647311 0.080452830 0.978356212 58.370857728 -0.006378819 0.996716435 -0.080719629 -4.295871426 -0.981637908 0.009148226 0.190534503 58.040013581
0.193708466 0.077509494 0.977992454 59.101161435 -0.010122428 0.996978987 -0.077009321 -4.348717853 -0.981006950 0.005017703 0.193907856 58.193288163
0.196819622 0.077613895 0.977362804 59.830443914 -0.011497019 0.996975903 -0.076856150 -4.418205563 -0.980372339 0.003890042 0.197116749 58.344726705
0.199035329 0.079556910 0.976757681 60.541496975 -0.013866098 0.996828210 -0.078366136 -4.472784172 -0.979894248 0.002053814 0.199507175 58.494672940
0.200208822 0.083460126 0.976191972 61.236865884 -0.017347883 0.996510943 -0.081639400 -4.535180046 -0.979599687 -0.000589933 0.200958138 58.650536742
0.202283342 0.088172042 0.975349718 61.941788070 -0.018733647 0.996104905 -0.086163039 -4.591644793 -0.979147878 -0.000842507 0.203147214 58.804311757
0.204102859 0.093978547 0.974428031 62.614640712 -0.020720712 0.995573124 -0.091677735 -4.654835009 -0.978730168 -0.001479152 0.205146624 58.950447538
0.205843073 0.095724144 0.973891908 63.286353913 -0.019610053 0.995407882 -0.093694146 -4.724296607 -0.978388544 0.000188221 0.206774974 59.108320283
0.207237342 0.095684676 0.973600051 63.943718035 -0.021710250 0.995410029 -0.093206968 -4.779027273 -0.978049803 -0.001821133 0.208363468 59.255343089
0.207945037 0.092699993 0.973737903 64.618572945 -0.020745419 0.995693086 -0.090359871 -4.844970517 -0.977920527 -0.001410712 0.208972536 59.402192257
0.208568274 0.090158453 0.973843242 65.260798648 -0.020558874 0.995925968 -0.087799770 -4.900409345 -0.977791734 -0.001708872 0.209572117 59.548441467
0.208222732 0.089466437 0.973980997 65.911221877 -0.020679691 0.995987804 -0.087066889 -4.962669171 -0.977862829 -0.002012319 0.209237441 59.690764746
0.207070352 0.088499171 0.974314989 66.545884142 -0.020214303 0.996074533 -0.086179505 -5.019799015 -0.978117232 -0.001849875 0.208046454 59.825286932
0.205310723 0.088797615 0.974660158 67.154730289 -0.021325352 0.996044940 -0.086253744 -5.075699396 -0.978464513 -0.003076150 0.206392348 59.968659361
0.202996747 0.092021132 0.974845816 67.764025052 -0.022743207 0.995748810 -0.089258353 -5.130348692 -0.978915285 -0.004051962 0.204226626 60.097381256
0.200803873 0.095842240 0.974931793 68.371171547 -0.021925098 0.995393054 -0.093337866 -5.195309145 -0.979386115 -0.002632867 0.201980131 60.221177463
0.198901867 0.096718127 0.975235142 68.969432838 -0.019861692 0.995311664 -0.094658350 -5.250375452 -0.979818161 -0.000542094 0.199890335 60.346376011
0.196690380 0.095530881 0.975800531 69.555812025 -0.019943257 0.995425877 -0.093432273 -5.306428638 -0.980262836 -0.001083409 0.197695892 60.469145490
0.194620041 0.092866289 0.976472643 70.140471822 -0.020039888 0.995676744 -0.090698534 -5.353303565 -0.980674008 -0.001916647 0.195639680 60.595592416
0.192365427 0.088858895 0.977291958 70.710650684 -0.018946325 0.996042576 -0.086834463 -5.406765831 -0.981140484 -0.001812140 0.193287705 60.707068411
0.190792000 0.087386527 0.977733061 71.281028548 -0.015628710 0.996173845 -0.085984958 -5.465393931 -0.981506100 0.001124538 0.191427740 60.815986261
0.188780602 0.089351738 0.977945848 71.832148397 -0.012551233 0.995990206 -0.088577525 -5.515135526 -0.981939112 0.004447295 0.189145105 60.928735343
0.186668906 0.090976935 0.978201333 72.376353569 -0.008367102 0.995814069 -0.091018309 -5.570442771 -0.982387286 0.008805580 0.186648737 61.021768469
0.184786041 0.093437044 0.978326924 72.915427349 -0.008982288 0.995589166 -0.093389133 -5.612604653 -0.982737760 0.008469397 0.184810259 61.128484124
0.183416022 0.095538676 0.978381754 73.456985170 -0.010158921 0.995397166 -0.095295742 -5.672993458 -0.982982923 0.007539465 0.183542358 61.243039946
0.182336729 0.094647490 0.978670067 74.005816511 -0.008238331 0.995468232 -0.094737152 -5.714690078 -0.983201666 0.009211458 0.182290159 61.334841925
0.182980626 0.092699389 0.978736351 74.551601373 -0.002415427 0.995584030 -0.093843507 -5.771140154 -0.983113587 0.014807480 0.182396498 61.429750006
0.185177366 0.091017476 0.978481013 75.089983060 0.002592558 0.995652880 -0.093105426 -5.816569239 -0.982701730 0.019777790 0.184136410 61.525118802
0.187315652 0.090245941 0.978145413 75.651866525 0.004983584 0.995670692 -0.092817221 -5.870554348 -0.982287167 0.022260791 0.186054957 61.622923379
0.190530311 0.089988672 0.977548040 76.205172262 0.003735582 0.995715962 -0.092389215 -5.920643249 -0.981674240 0.021254660 0.189377913 61.729120698
0.195878339 0.090532443 0.976440211 76.757346920 0.001622400 0.995698028 -0.092643424 -5.971547055 -0.980626898 0.019731020 0.194888796 61.850713822
0.202097069 0.089478359 0.975269362 77.310563746 0.003510765 0.995745012 -0.092084449 -6.019029957 -0.979359238 0.022033943 0.200923012 61.968586846
0.209432579 0.089364512 0.973730924 77.871658373 0.001347444 0.995787738 -0.091678593 -6.072046468 -0.977822196 0.020512536 0.208429981 62.096440255
0.217693882 0.088298006 0.972014798 78.447202636 0.000795017 0.995883019 -0.090644250 -6.114576796 -0.976016808 0.020505469 0.216727444 62.225138280
0.226557656 0.087410349 0.970067520 79.021385835 -0.001815802 0.996001050 -0.089323074 -6.171838291 -0.973996098 0.018475379 0.225810383 62.371920137
0.235576745 0.087646967 0.967895418 79.594315197 -0.004450704 0.996011868 -0.089109765 -6.221010054 -0.971845593 0.016684376 0.235027324 62.521614841
0.245435475 0.090607723 0.965169209 80.184715021 -0.008708889 0.995788325 -0.091267562 -6.276688701 -0.969373844 0.013994749 0.245190873 62.691447963
0.254639661 0.093688574 0.962486898 80.778409750 -0.012837737 0.995535652 -0.093509134 -6.324818007 -0.966950827 0.011454984 0.254705610 62.858403625
0.265569388 0.095721261 0.959328033 81.387966456 -0.016307476 0.995362534 -0.094802386 -6.374354913 -0.963953854 0.009532396 0.265898791 63.052207621
0.275877844 0.097499851 0.956234871 82.000284187 -0.018309649 0.995194588 -0.096189856 -6.436768311 -0.961018333 0.009028327 0.276337326 63.232043394
0.286088132 0.098738497 0.953102421 82.609807436 -0.021963104 0.995091040 -0.096495827 -6.492235560 -0.957951601 0.006673226 0.286852340 63.432327338
0.295961141 0.099021782 0.950053485 83.223547469 -0.022961716 0.995062283 -0.096559893 -6.546271653 -0.954923990 0.006763120 0.296773480 63.640303620
0.305966630 0.099817222 0.946795057 83.864415260 -0.026401362 0.994995667 -0.096366963 -6.606741184 -0.951676129 0.004488398 0.307070782 63.860685701
0.317422516 0.095835552 0.943429080 84.545233838 -0.026450028 0.995387818 -0.092214356 -6.656931843 -0.947915295 0.004317190 0.318493359 64.066218161
0.327272273 0.088290296 0.940796268 85.175515170 -0.022825377 0.996073448 -0.085537652 -6.719011922 -0.944654394 0.006520074 0.328002480 64.304247637
0.338806686 0.083658673 0.937129230 85.857645315 -0.021279532 0.996465558 -0.081262365 -6.777310782 -0.940615370 0.007590564 0.339389411 64.553645780
0.349103668 0.080130758 0.933651770 86.530496919 -0.020135677 0.996748660 -0.078017079 -6.820469072 -0.936867784 0.008436341 0.349582101 64.821303949
0.358192168 0.078002451 0.930383752 87.216384414 -0.016476871 0.996876859 -0.077233668 -6.883509534 -0.933502515 0.012334684 0.358358720 65.082335903
0.367015424 0.073886378 0.927275805 87.925381479 -0.009967281 0.997095633 -0.075504652 -6.925361699 -0.930161488 0.018468956 0.366685924 65.354508447
0.374599554 0.064359226 0.924950270 88.660200441 -0.001303462 0.997623546 -0.068888029 -6.975587849 -0.927185815 0.024599791 0.373793226 65.621744788
0.381425705 0.059359633 0.922491628 89.358946351 0.004534833 0.997803971 -0.066080791 -7.034760610 -0.924388407 0.029388261 0.380318897 65.918921588
0.388942374 0.058633599 0.919394295 90.077502288 0.008297629 0.997709175 -0.067138308 -7.073869103 -0.921224749 0.033741729 0.387564855 66.215971751
0.396496168 0.064810855 0.915745752 90.787807392 0.009695281 0.997153656 -0.074770230 -7.133988765 -0.917985212 0.038524525 0.394739245 66.526584961
0.403518309 0.069903823 0.912297304 91.495982229 0.012378357 0.996568927 -0.081836117 -7.190576731 -0.914887867 0.044315118 0.401268515 66.837101231
0.409202287 0.071744334 0.909618700 92.217121598 0.010890484 0.996448928 -0.083492098 -7.256021084 -0.912378728 0.044071350 0.406967851 67.170626632
0.413417876 0.073541233 0.907566686 92.919420438 0.004311592 0.996563766 -0.082716803 -7.308977324 -0.910531234 0.038109667 0.411680196 67.502888962
0.417736787 0.076750240 0.905320561 93.610937949 -0.001337942 0.996476581 -0.083860799 -7.366914269 -0.908567139 0.033820477 0.416367613 67.841687157
0.421551678 0.079942252 0.903273691 94.303149970 -0.003292320 0.996234848 -0.086633069 -7.445246005 -0.906798435 0.033546454 0.420227667 68.180002751
0.425435542 0.083870116 0.901093971 94.964843526 -0.005620515 0.995922047 -0.090042693 -7.504273035 -0.904971308 0.033242753 0.424172029 68.498191792
0.429026710 0.087114416 0.899081255 95.631808688 -0.009449872 0.995717086 -0.091968397 -7.577084574 -0.903242403 0.030960699 0.428012446 68.821967174
0.432892820 0.085848900 0.897348157 96.289466395 -0.010262820 0.995859686 -0.090322530 -7.633247207 -0.901387008 0.029890656 0.431981560 69.138963865
0.436729709 0.082295255 0.895820626 96.932802268 -0.009013383 0.996157175 -0.087118551 -7.704837606 -0.899547652 0.029972888 0.435793192 69.458591238
0.440238866 0.079902017 0.894318373 97.571929488 -0.009163381 0.996380506 -0.084509874 -7.764356717 -0.897833966 0.029009555 0.439377597 69.763420735
0.443368473 0.078816585 0.892867451 98.200637568 -0.010227056 0.996506495 -0.082886751 -7.829557285 -0.896281128 0.027617970 0.442625624 70.088113597
0.446960146 0.080617217 0.890913820 98.812133683 -0.012748420 0.996403809 -0.083767097 -7.887683151 -0.894463058 0.026082813 0.446380535 70.414040944
0.449728017 0.081206659 0.889466207 99.421417147 -0.011920931 0.996315234 -0.084934370 -7.948906116 -0.893086032 0.027594104 0.449038933 70.726273501
0.452043989 0.079519774 0.888444022 100.018448720 -0.009641108 0.996395764 -0.084276507 -8.000642805 -0.891943573 0.029531107 0.451181375 71.026921465
0.453606190 0.078353431 0.887751152 100.610896704 -0.007749895 0.996436781 -0.083986192 -8.062939306 -0.891168570 0.031216682 0.452597123 71.331172189
0.455328679 0.078475479 0.886858127 101.188281595 -0.009187165 0.996468965 -0.083457764 -8.112914423 -0.890276050 0.029853004 0.454441866 71.627246334
0.457169327 0.077737918 0.885975714 101.761044877 -0.007707724 0.996481590 -0.083456765 -8.168241917 -0.889346307 0.031325020 0.456160001 71.921190655
0.459703064 0.079522211 0.884505090 102.321796161 -0.008323145 0.996324855 -0.085249681 -8.226522828 -0.888033712 0.031827679 0.458675464 72.216602650
0.462790923 0.079753780 0.882872494 102.881307352 -0.006391431 0.996218961 -0.086642556 -8.281828938 -0.886444452 0.034454574 0.461550834 72.509474385
0.465731076 0.078850115 0.881406359 103.420097045 -0.003987927 0.996199262 -0.087012217 -8.340209297 -0.884917350 0.037009314 0.464275403 72.792036856
0.468671673 0.077289050 0.879984779 103.955352649 -0.001362315 0.996227173 -0.086773058 -8.387626431 -0.883371419 0.039469262 0.467008748 73.075557749
0.472127445 0.076220008 0.878228974 104.485202916 0.000384592 0.996237133 -0.086668487 -8.440453951 -0.881530251 0.041256334 0.470321579 73.360713078
0.475285549 0.075986934 0.876544110 105.008114816 0.000894820 0.996221273 -0.086846847 -8.493563833 -0.879831177 0.042061404 0.473421580 73.641303061
0.478626060 0.075283591 0.874785357 105.525746376 0.001676293 0.996237160 -0.086652828 -8.546421319 -0.878017277 0.042940702 0.476698869 73.923902390
0.482406887 0.074608442 0.872764069 106.033562072 0.003562587 0.996190688 -0.087128756 -8.595191252 -0.875940042 0.045140813 0.480303451 74.213263803
0.486061822 0.076112040 0.870603703 106.530752396 0.002434808 0.996078444 -0.088440959 -8.647211772 -0.873921067 0.045107530 0.483970385 74.489916592
0.490307739 0.075844540 0.868242980 107.028474345 0.005006881 0.995944775 -0.089827255 -8.701461753 -0.871535028 0.048390192 0.487939687 74.770172459
0.495159995 0.079112965 0.865192270 107.523943876 0.002932304 0.995687568 -0.092723612 -8.750634903 -0.868796889 0.048450034 0.492792668 75.064299070
0.500526345 0.084712577 0.861566656 108.002376483 -0.000438387 0.995225650 -0.097599764 -8.806030676 -0.865721225 0.048473558 0.498173794 75.355741527
0.506073223 0.091861060 0.857584623 108.488326713 -0.005740618 0.994648707 -0.103155195 -8.859979750 -0.862471444 0.047281020 0.503892416 75.653594907
0.512246843 0.098225720 0.853202689 108.963556597 -0.010950136 0.994104388 -0.107872894 -8.911671906 -0.858768489 0.045914868 0.510302419 75.952217951
0.518334455 0.102838714 0.848972049 109.446317120 -0.014826858 0.993674612 -0.111314554 -8.968946865 -0.855049477 0.045110584 0.516580563 76.271364603
0.523850194 0.103400680 0.845511219 109.936186392 -0.018550795 0.993754422 -0.110036437 -9.025451196 -0.851608415 0.041957707 0.522496612 76.585430124
0.529454355 0.102384121 0.842137475 110.429319632 -0.025104582 0.994146684 -0.105081538 -9.084846871 -0.847966920 0.034494372 0.528925602 76.916884644
0.534447393 0.100065549 0.839257302 110.932287518 -0.031209743 0.994626145 -0.098715666 -9.139922585 -0.844625353 0.026565328 0.534698371 77.255058217
0.540526863 0.098273328 0.835567480 111.435549692 -0.037585464 0.994983631 -0.092708728 -9.198543579 -0.840486819 0.018706370 0.541509029 77.594126427
0.546559573 0.096414264 0.831851473 111.938907435 -0.040275941 0.995227074 -0.088887120 -9.251744996 -0.836451153 0.015078508 0.547834060 77.946050831
0.552874860 0.099614658 0.827288499 112.449771926 -0.045119365 0.994950824 -0.089649888 -9.305356480 -0.832041875 0.012238440 0.554577847 78.298108338
0.559048435 0.103777964 0.822614693 112.969967364 -0.049488583 0.994543678 -0.091835462 -9.357546449 -0.827656798 0.010630437 0.561133912 78.668952908
0.565414287 0.106979107 0.817839902 113.497700515 -0.051900700 0.994202644 -0.094166978 -9.413926419 -0.823172552 0.010796893 0.567688670 79.046582264
0.571217149 0.109464333 0.813466951 114.028358716 -0.054667092 0.993940392 -0.095362497 -9.459942228 -0.818976511 0.010002823 0.573739895 79.429494478
0.577977621 0.110295059 0.808564668 114.571211181 -0.057346192 0.993864259 -0.094579323 -9.520666136 -0.814035215 0.008296629 0.580756302 79.838226148
