1.000000000 0.000000000 0.000000000 0.000000000 0.000000000 1.000000000 0.000000000 0.000000000 0.000000000 -0.000000000 1.000000000 0.000000000
0.999998714 -0.001599229 -0.000122243 -0.003901638 0.001599252 0.999998703 0.000191722 -0.020176429 0.000121936 -0.000191917 0.999999974 1.163886394
0.999996538 -0.002547171 -0.000660951 -0.013103488 0.002546754 0.999996557 -0.000631967 -0.056057180 0.000662559 0.000630282 0.999999582 2.545357914
0.999996333 -0.002692916 -0.000287805 -0.024141203 0.002692696 0.999996086 -0.000760861 -0.082224474 0.000289854 0.000760083 0.999999669 3.873734519
0.999995966 -0.002806137 -0.000439384 -0.036685825 0.002806035 0.999996037 -0.000231178 -0.104604570 0.000440032 0.000229943 0.999999876 5.206034772
0.999990976 -0.004234301 -0.000343756 -0.036864369 0.004234662 0.999990474 0.001058238 -0.137719872 0.000339272 -0.001059684 0.999999381 6.543354202
0.999990496 -0.004358171 -0.000118399 -0.045930121 0.004358324 0.999989627 0.001322959 -0.161436860 0.000112631 -0.001323462 0.999999117 7.865224819
0.999994645 -0.003195933 -0.000705198 -0.062114932 0.003195861 0.999994888 -0.000103859 -0.193470244 0.000705526 0.000101605 0.999999746 9.195725099
0.999999873 -0.000244622 -0.000441172 -0.075718756 0.000243580 0.999997187 -0.002359319 -0.218855042 0.000441748 0.002359211 0.999997119 10.519759790
0.999995369 0.002983875 -0.000598101 -0.096017774 -0.002985887 0.999989793 -0.003391114 -0.250261401 0.000587977 0.003392884 0.999994071 11.867928083
0.999985359 0.005393954 -0.000432046 -0.109757824 -0.005395425 0.999979385 -0.003481118 -0.275340961 0.000413261 0.003483399 0.999993848 13.203611585
0.999980117 0.006305934 -0.000015165 -0.123874682 -0.006305953 0.999976358 -0.002742084 -0.306445194 -0.000002126 0.002742125 0.999996240 14.541391105
0.999991185 0.004198360 -0.000052391 -0.123199125 -0.004198379 0.999991126 -0.000347431 -0.335196893 0.000050931 0.000347648 0.999999938 15.911850720
0.999999912 0.000103410 0.000407265 -0.129580399 -0.000104017 0.999998884 0.001490284 -0.364291248 -0.000407112 -0.001490327 0.999998807 17.251437825
0.999997468 -0.002247280 -0.000124049 -0.138485823 0.002247244 0.999997433 -0.000289830 -0.399289755 0.000124700 0.000289551 0.999999951 18.609513716
0.999996065 -0.002793190 0.000262626 -0.140913297 0.002793928 0.999992026 -0.002853618 -0.422121797 -0.000254653 0.002854341 0.999995894 19.957278186
0.999999836 -0.000461791 0.000339496 -0.152837306 0.000463059 0.999992891 -0.003742178 -0.470453830 -0.000337765 0.003742335 0.999992940 21.325814659
0.999997525 0.001955720 0.001061314 -0.164698751 -0.001952940 0.999994673 -0.002615171 -0.479595967 -0.001066424 0.002613092 0.999996017 22.688085660
0.999996276 0.001862656 0.001994750 -0.171387572 -0.001865521 0.999997230 0.001435269 -0.501828305 -0.001992071 -0.001438986 0.999996981 24.061782294
0.999998348 -0.000099335 0.001815484 -0.173060616 0.000095114 0.999997293 0.002324882 -0.525141419 -0.001815710 -0.002324706 0.999995650 25.440810343
0.999992497 -0.003278161 0.002063696 -0.178684165 0.003274720 0.999993246 0.001668850 -0.569006090 -0.002069153 -0.001662080 0.999996478 26.803892139
0.999991164 -0.003808012 0.001781072 -0.184586194 0.003810291 0.999991924 -0.001277843 -0.582302136 -0.001776192 0.001284619 0.999997597 28.178072630
0.999988741 -0.003827319 0.002805316 -0.191012194 0.003836014 0.999987837 -0.003100416 -0.629525912 -0.002793417 0.003111143 0.999991259 29.555127299
0.999994318 -0.000917026 0.003244081 -0.202751237 0.000931668 0.999989374 -0.004514666 -0.643901139 -0.003239906 0.004517663 0.999984547 30.928632660
0.999993391 0.000510861 0.003599681 -0.208048014 -0.000488490 0.999980581 -0.006212687 -0.688859166 -0.003602786 0.006210888 0.999974222 32.314019853
0.999991734 0.001365046 0.003830047 -0.209211576 -0.001341438 0.999980129 -0.006159753 -0.716107946 -0.003838379 0.006154564 0.999973693 33.702316565
0.999993723 0.000777201 0.003456671 -0.212567271 -0.000760878 0.999988567 -0.004720860 -0.757122015 -0.003460301 0.004718201 0.999982883 35.089852321
0.999991609 0.002240650 0.003429574 -0.214687120 -0.002229561 0.999992286 -0.003233631 -0.788249986 -0.003436793 0.003225958 0.999988891 36.493605436
0.999983935 0.004721772 0.003135843 -0.216641880 -0.004712147 0.999984185 -0.003070081 -0.819055153 -0.003150289 0.003055256 0.999990370 37.879350089
0.999969469 0.007024070 0.003423950 -0.226102233 -0.007012924 0.999970105 -0.003256865 -0.852814146 -0.003446724 0.003232754 0.999988834 39.280092196
0.999952962 0.009017779 0.003571124 -0.235053422 -0.009007059 0.999954916 -0.003006577 -0.879919444 -0.003598076 0.002974271 0.999989104 40.690337888
0.999942709 0.010168336 0.003344292 -0.245266474 -0.010158462 0.999944032 -0.002956186 -0.910887420 -0.003374165 0.002922044 0.999990038 42.077880863
0.999953509 0.009108392 0.003164947 -0.250674903 -0.009098913 0.999954113 -0.002996949 -0.943949506 -0.003192100 0.002968011 0.999990501 43.494997984
0.999961254 0.008509362 0.002253858 -0.256646915 -0.008501031 0.999957092 -0.003680410 -0.979499593 -0.002285080 0.003661107 0.999990687 44.901863947
0.999967793 0.007867969 0.001583935 -0.261442073 -0.007862738 0.999963698 -0.003283203 -1.013517514 -0.001609709 0.003270643 0.999993356 46.325301231
0.999966925 0.008125515 0.000352794 -0.265448132 -0.008124611 0.999963883 -0.002494695 -1.045037229 -0.000373051 0.002491746 0.999996826 47.727210533
0.999960741 0.008851474 -0.000410419 -0.277695099 -0.008852474 0.999957681 -0.002503754 -1.080032630 0.000388240 0.002507289 0.999996781 49.138598610
0.999957340 0.009119954 -0.001464102 -0.287806241 -0.009123316 0.999955722 -0.002306186 -1.108695727 0.001443005 0.002319445 0.999996269 50.582313971
0.999952904 0.009267606 -0.002881327 -0.298284294 -0.009271619 0.999956062 -0.001382409 -1.142847827 0.002868388 0.001409058 0.999994894 52.002892611
0.999963030 0.007951948 -0.003271790 -0.316741189 -0.007953905 0.999968196 -0.000585462 -1.174591039 0.003267031 0.000611464 0.999994476 53.437043179
0.999973609 0.006046125 -0.004027997 -0.320689490 -0.006047903 0.999981619 -0.000429230 -1.203968032 0.004025328 0.000453580 0.999991795 54.848978633
0.999981624 0.004073722 -0.004489752 -0.334583481 -0.004077944 0.999991251 -0.000931665 -1.237006898 0.004485918 0.000949956 0.999989487 56.266593702
0.999986406 0.003023071 -0.004248243 -0.348921934 -0.003026511 0.999995097 -0.000803514 -1.271193751 0.004245794 0.000816361 0.999990654 57.696502381
0.999990776 0.001796585 -0.003901116 -0.362913222 -0.001797309 0.999998368 -0.000182233 -1.303315982 0.003900782 0.000189243 0.999992374 59.113706105
0.999994546 -0.000417458 -0.003276353 -0.376100272 0.000418902 0.999999816 0.000440062 -1.329584570 0.003276169 -0.000441433 0.999994536 60.554563840
0.999993510 -0.002027267 -0.002977971 -0.382963793 0.002027145 0.999997945 -0.000044352 -1.366919733 0.002978055 0.000038315 0.999995565 61.957706093
0.999992383 -0.002894002 -0.002618929 -0.395461381 0.002891806 0.999995464 -0.000841944 -1.396698571 0.002621354 0.000834364 0.999996216 63.375726396
0.999994529 -0.002922210 -0.001549582 -0.409841727 0.002920320 0.999994991 -0.001220289 -1.437754956 0.001553141 0.001215756 0.999998054 64.798244006
0.999998710 -0.001214757 -0.001050376 -0.423792823 0.001213413 0.999998445 -0.001279488 -1.468577035 0.001051929 0.001278212 0.999998630 66.190456660
0.999998802 0.001443285 -0.000560114 -0.431520619 -0.001443372 0.999998946 -0.000153850 -1.498358045 0.000559891 0.000154658 0.999999831 67.613756217
0.999989079 0.004673266 0.000058456 -0.448068930 -0.004673325 0.999988526 0.001052559 -1.526501739 -0.000053537 -0.001052822 0.999999444 69.020635007
0.999965687 0.008204001 0.001149197 -0.460561076 -0.008205820 0.999965074 0.001585916 -1.560343902 -0.001136147 -0.001595292 0.999998082 70.436701470
0.999914888 0.012949145 0.001592982 -0.471174866 -0.012951011 0.999915452 0.001166310 -1.588532463 -0.001577745 -0.001186842 0.999998051 71.824973078
0.999864611 0.016287993 0.002336667 -0.482173380 -0.016289224 0.999867193 0.000508549 -1.620000892 -0.002328074 -0.000546543 0.999997141 73.217427282
0.999834263 0.017914587 0.003242340 -0.496944839 -0.017915693 0.999839452 0.000311792 -1.645262892 -0.003236234 -0.000369830 0.999994695 74.626678622
0.999834575 0.017860906 0.003436791 -0.503349937 -0.017863042 0.999840269 0.000591369 -1.677317956 -0.003425681 -0.000652663 0.999993919 76.004049841
0.999860493 0.016314506 0.003582109 -0.504009340 -0.016316382 0.999866757 0.000494808 -1.711741479 -0.003573559 -0.000553186 0.999993461 77.395142339
0.999868059 0.015909752 0.003278036 -0.506641607 -0.015908304 0.999873345 -0.000467733 -1.741472628 -0.003285064 0.000415523 0.999994518 78.776532230
0.999873273 0.015658614 0.002871606 -0.515096368 -0.015657437 0.999877322 -0.000432307 -1.774829132 -0.002878024 0.000387290 0.999995784 80.161002190
0.999888161 0.014728008 0.002598437 -0.519372867 -0.014726913 0.999891456 -0.000440303 -1.804244452 -0.002604640 0.000401986 0.999996527 81.557550643
0.999888539 0.014780461 0.002109025 -0.525930464 -0.014778742 0.999890444 -0.000829191 -1.841608545 -0.002121050 0.000797929 0.999997432 82.929315978
0.999894731 0.014432272 0.001494998 -0.533597247 -0.014431283 0.999895639 -0.000670559 -1.867052329 -0.001504519 0.000648914 0.999998658 84.304136999
0.999918587 0.012754310 0.000383303 -0.538663836 -0.012754238 0.999918643 -0.000189420 -1.899713838 -0.000385687 0.000184516 0.999999908 85.681846197
0.999939979 0.010931709 -0.000732276 -0.543446560 -0.010931164 0.999939976 0.000744387 -1.932056360 0.000740369 -0.000736338 0.999999455 87.059676080
0.999955062 0.009346006 -0.001589162 -0.557782760 -0.009343672 0.999955266 0.001470327 -1.963785482 0.001602832 -0.001455412 0.999997656 88.427418140
0.999974755 0.006591915 -0.002652825 -0.572662838 -0.006588398 0.999977409 0.001332514 -1.988284077 0.002661550 -0.001315002 0.999995593 89.792047680
0.999976694 0.006120933 -0.003023937 -0.583037019 -0.006117883 0.999980768 0.001016750 -2.023604998 0.003030102 -0.000998225 0.999994911 91.145884470
0.999984526 0.004393408 -0.003412569 -0.594404173 -0.004391620 0.999990215 0.000531405 -2.050644789 0.003414870 -0.000516410 0.999994036 92.495041549
0.999983621 0.004572790 -0.003441976 -0.615318534 -0.004572957 0.999989543 -0.000040592 -2.080316129 0.003441755 0.000056331 0.999994076 93.856646730
0.999980736 0.005094109 -0.003546561 -0.622208877 -0.005096329 0.999986823 -0.000617114 -2.113334953 0.003543371 0.000635176 0.999993520 95.215994633
0.999976722 0.006006946 -0.003235894 -0.638183245 -0.006011827 0.999980802 -0.001500809 -2.152297294 0.003226818 0.001520228 0.999993639 96.564392285
0.999972402 0.006866279 -0.002837069 -0.652591996 -0.006870033 0.999975536 -0.001315556 -2.174738352 0.002827967 0.001335011 0.999995110 97.902509830
0.999968736 0.007412856 -0.002752612 -0.668349393 -0.007412758 0.999972524 0.000046132 -2.212159358 0.002752878 -0.000025727 0.999996211 99.262835287
0.999963532 0.008127212 -0.002623789 -0.685125794 -0.008124096 0.999966283 0.001196696 -2.239484800 0.002633426 -0.001175336 0.999995842 100.603124375
0.999964421 0.008014535 -0.002631335 -0.692558306 -0.008014374 0.999967882 0.000071811 -2.274974773 0.002631826 -0.000050720 0.999996536 101.953986650
0.999962922 0.008226827 -0.002544707 -0.704078475 -0.008233061 0.999963108 -0.002449009 -2.303107077 0.002524466 0.002469868 0.999993763 103.291778150
0.999964897 0.008004360 -0.002476748 -0.717191764 -0.008013325 0.999961300 -0.003631079 -2.334702821 0.002447588 0.003650798 0.999990340 104.604434708
0.999980680 0.005762078 -0.002331764 -0.732477172 -0.005767865 0.999980284 -0.002482609 -2.370689196 0.002317413 0.002496011 0.999994200 105.941281953
0.999993728 0.003067874 -0.001770040 -0.740055811 -0.003068980 0.999995097 -0.000622158 -2.398443863 0.001768122 0.000627587 0.999998240 107.250137237
0.999998390 0.001440211 -0.001070721 -0.748819212 -0.001440236 0.999998962 -0.000022352 -2.436621946 0.001070687 0.000023894 0.999999427 108.592937039
0.999999515 0.000934905 -0.000311562 -0.752970377 -0.000935339 0.999998590 -0.001394984 -2.465061496 0.000310257 0.001395275 0.999998978 109.921238226
0.999996414 0.002629051 0.000509966 -0.764027082 -0.002627120 0.999989512 -0.003751490 -2.496588710 -0.000519823 0.003750137 0.999992833 111.247289656
0.999985327 0.005235318 0.001392042 -0.769895193 -0.005227273 0.999969971 -0.005721171 -2.534050657 -0.001421952 0.005713810 0.999982665 112.577362126
0.999963010 0.008056485 0.003011881 -0.786824919 -0.008038569 0.999950201 -0.005914058 -2.563941201 -0.003059378 0.005889629 0.999977976 113.885475547
0.999948307 0.009215786 0.004295592 -0.786428272 -0.009197932 0.999949054 -0.004157864 -2.597732325 -0.004333692 0.004118139 0.999982130 115.231533465
0.999950792 0.008402645 0.005273393 -0.787135021 -0.008392774 0.999962991 -0.001891511 -2.629760941 -0.005289092 0.001847159 0.999984306 116.546307808
0.999948736 0.008190657 0.005953027 -0.790587097 -0.008181758 0.999965377 -0.001517724 -2.663645410 -0.005965252 0.001468940 0.999981129 117.894583533
0.999933943 0.009021126 0.007122352 -0.794381869 -0.009005170 0.999956878 -0.002269189 -2.692013181 -0.007142516 0.002204901 0.999972061 119.229079900
0.999911502 0.010275662 0.008449781 -0.793105376 -0.010252946 0.999943718 -0.002727352 -2.723308088 -0.008477331 0.002640475 0.999960580 120.534454292
0.999887542 0.011618761 0.009481891 -0.795750408 -0.011589254 0.999927845 -0.003161115 -2.749617693 -0.009517935 0.003050871 0.999950049 121.890579236
0.999854854 0.013231779 0.010732746 -0.794680810 -0.013187915 0.999904433 -0.004147581 -2.784712290 -0.010786601 0.004005436 0.999933801 123.206832381
0.999840327 0.013627134 0.011559442 -0.785921925 -0.013571918 0.999896174 -0.004841844 -2.814274106 -0.011624224 0.004684187 0.999921464 124.555320081
0.999834231 0.013267096 0.012469767 -0.782881899 -0.013202709 0.999899154 -0.005231760 -2.851341638 -0.012537921 0.005066259 0.999908563 125.884150249
0.999830069 0.012421599 0.013621204 -0.780568099 -0.012362700 0.999913899 -0.004399804 -2.882708931 -0.013674685 0.004230662 0.999897547 127.215993926
0.999839898 0.010697043 0.014344041 -0.762675266 -0.010647802 0.999937168 -0.003504908 -2.916718459 -0.014380632 0.003351614 0.999890976 128.562391065
0.999839281 0.010045431 0.014849237 -0.753850616 -0.009998328 0.999944757 -0.003242987 -2.950634098 -0.014880995 0.003093998 0.999884485 129.882064221
0.999858837 0.008317415 0.014598840 -0.741754488 -0.008273255 0.999961024 -0.003082668 -2.984021719 -0.014623912 0.002961452 0.999888679 131.232108283
0.999879451 0.005846549 0.014384050 -0.732313336 -0.005811368 0.999980023 -0.002486456 -3.012709903 -0.014398301 0.002402565 0.999893453 132.572181871
0.999892246 0.004799359 0.013873124 -0.721979176 -0.004762636 0.999985070 -0.002678901 -3.048628760 -0.013885775 0.002612540 0.999900175 133.896242569
0.999910942 0.004121428 0.012693429 -0.718770201 -0.004086872 0.999987875 -0.002747067 -3.080433305 -0.012704598 0.002694946 0.999915662 135.244900708
0.999930073 0.002216308 0.011616214 -0.703553132 -0.002190637 0.999995131 -0.002222207 -3.110714924 -0.011621085 0.002196605 0.999930060 136.577636562
0.999944768 0.000971677 0.010465002 -0.693611940 -0.000950585 0.999997508 -0.002020252 -3.146599594 -0.010466940 0.002010193 0.999943200 137.935173859
0.999955874 0.000861284 0.009354482 -0.686759761 -0.000839830 0.999997009 -0.002297011 -3.177233854 -0.009356432 0.002289054 0.999953608 139.261851843
0.999967680 -0.000107256 0.008039127 -0.687562161 0.000128961 0.999996349 -0.002699473 -3.210574019 -0.008038810 0.002700423 0.999964042 140.610627526
0.999975406 -0.000658434 0.006982342 -0.687540605 0.000682235 0.999993963 -0.003406890 -3.234925655 -0.006980057 0.003411570 0.999969819 141.966871895
0.999980637 -0.001267487 0.006092595 -0.683157863 0.001300856 0.999984160 -0.005476251 -3.274696325 -0.006085557 0.005484072 0.999966445 143.303952720
0.999967563 -0.006215203 0.005122857 -0.678595026 0.006247110 0.999961042 -0.006236047 -3.317733815 -0.005083899 0.006267849 0.999967433 144.639701451
0.999891632 -0.014142674 0.004087569 -0.664680846 0.014158272 0.999892500 -0.003812200 -3.346763940 -0.004033216 0.003869661 0.999984379 145.981164667
0.999747253 -0.022356211 0.002372720 -0.653075127 0.022361841 0.999747127 -0.002372725 -3.376837249 -0.002319075 0.002425183 0.999994370 147.334722108
0.999674657 -0.025482122 0.001114873 -0.646917117 0.025487554 0.999661808 -0.005162801 -3.415245970 -0.000982937 0.005189536 0.999986051 148.672100261
0.999729574 -0.023190446 0.001726830 -0.652089769 0.023204591 0.999693069 -0.008678350 -3.459482821 -0.001525046 0.008716074 0.999960851 150.010234155
0.999799328 -0.019881321 0.002456827 -0.662144602 0.019907588 0.999739379 -0.011174130 -3.497469359 -0.002234031 0.011220797 0.999934550 151.349863628
0.999826815 -0.018268333 0.003550663 -0.666987748 0.018306327 0.999772136 -0.010979777 -3.549657117 -0.003349272 0.011042875 0.999933417 152.688030883
0.999757703 -0.021649412 0.003979609 -0.661623945 0.021681279 0.999731744 -0.008146332 -3.583387851 -0.003802179 0.008230641 0.999958899 154.034714985
0.999595995 -0.028075114 0.004431090 -0.645180420 0.028097918 0.999591804 -0.005170305 -3.619819471 -0.004284125 0.005292720 0.999976817 155.378455535
0.999498140 -0.031381329 0.004321905 -0.637404905 0.031397883 0.999499677 -0.003816773 -3.656443277 -0.004199968 0.003950556 0.999983376 156.723881874
0.999442916 -0.033082484 0.004405399 -0.638047364 0.033099150 0.999444982 -0.003764820 -3.695571906 -0.004278404 0.003908538 0.999983209 158.063442636
0.999494881 -0.031316135 0.005411377 -0.638072372 0.031333763 0.999503843 -0.003203603 -3.721265532 -0.005308369 0.003371543 0.999980226 159.414205038
0.999579942 -0.028262040 0.006418433 -0.646630183 0.028287914 0.999591907 -0.003976580 -3.752249296 -0.006303428 0.004156473 0.999971495 160.754844384
0.999686088 -0.023920475 0.007452175 -0.647592439 0.023966123 0.999694177 -0.006097240 -3.789878779 -0.007304048 0.006273926 0.999953644 162.094808892
0.999730502 -0.021735068 0.008155348 -0.647556953 0.021791534 0.999738726 -0.006899947 -3.821226485 -0.008003248 0.007075805 0.999942939 163.452144676
0.999743506 -0.021045466 0.008367305 -0.649404661 0.021094940 0.999760250 -0.005868999 -3.847353021 -0.008241784 0.006044001 0.999947770 164.817112080
0.999776280 -0.019464935 0.008276865 -0.645247714 0.019514887 0.999791577 -0.005997563 -3.886388781 -0.008158397 0.006157742 0.999947760 166.167164309
0.999816374 -0.017484625 0.007842627 -0.645750114 0.017549593 0.999811601 -0.008292941 -3.923877044 -0.007696151 0.008429054 0.999934858 167.518584604
0.999885031 -0.013229426 0.007409940 -0.643197736 0.013312225 0.999848229 -0.011238470 -3.964265724 -0.007260137 0.011335821 0.999909391 168.894886651
0.999943019 -0.007977240 0.007093893 -0.648496019 0.008065704 0.999888959 -0.012530513 -4.006573844 -0.006993146 0.012587016 0.999896326 170.258247094
0.999962731 -0.004711673 0.007234476 -0.654063607 0.004795422 0.999921185 -0.011602873 -4.044610314 -0.007179238 0.011637133 0.999906514 171.619451004
0.999967422 -0.001026144 0.008006397 -0.658745534 0.001102429 0.999953985 -0.009529481 -4.087147428 -0.007996251 0.009537998 0.999922541 172.997544218
0.999968585 -0.000270220 0.007921911 -0.661318891 0.000330340 0.999971150 -0.007588803 -4.127034241 -0.007919632 0.007591182 0.999939825 174.380791494
0.999973015 -0.002307750 0.006974478 -0.653246733 0.002353656 0.999975576 -0.006580893 -4.168180842 -0.006959122 0.006597131 0.999954023 175.755132601
0.999976070 -0.004286498 0.005430030 -0.651619364 0.004322185 0.999969027 -0.006577595 -4.199900919 -0.005401667 0.006600907 0.999963624 177.157893637
0.999982407 -0.004782661 0.003508984 -0.654311931 0.004819023 0.999934011 -0.010428312 -4.246224163 -0.003458878 0.010445038 0.999939467 178.537361021
0.999996206 -0.001971798 0.001923228 -0.663780389 0.002000253 0.999886876 -0.014907505 -4.293973715 -0.001893616 0.014911295 0.999887027 179.922212280
0.999998099 0.001469731 0.001281089 -0.678425493 -0.001449137 0.999872053 -0.015930424 -4.333602164 -0.001304339 0.015928537 0.999872282 181.302848139
0.999985373 0.005276417 0.001188786 -0.695770632 -0.005258165 0.999875667 -0.014866189 -4.377289568 -0.001267079 0.014859720 0.999888786 182.669067148
0.999973327 0.007186628 0.001302975 -0.704563699 -0.007170677 0.999903960 -0.011859619 -4.421832280 -0.001388081 0.011849959 0.999928823 184.085141260
0.999974558 0.006923914 0.001715352 -0.702459134 -0.006907063 0.999929654 -0.009642590 -4.462088883 -0.001781996 0.009630497 0.999952037 185.468382195
0.999978868 0.006226050 0.001870667 -0.708177375 -0.006209385 0.999942118 -0.008786598 -4.499123655 -0.001925264 0.008774797 0.999959648 186.873676747
0.999987558 0.004680714 0.001724967 -0.719795605 -0.004666478 0.999955761 -0.008166983 -4.538895027 -0.001763118 0.008158833 0.999965161 188.288781707
0.999996048 0.002026372 0.001949226 -0.718116959 -0.002011262 0.999968157 -0.007722656 -4.580986206 -0.001964813 0.007718705 0.999968280 189.690623697
0.999997529 0.000040532 0.002222916 -0.721404491 -0.000023834 0.999971790 -0.007511231 -4.622870811 -0.002223158 0.007511160 0.999969320 191.103518964
0.999991236 -0.003216627 0.002679709 -0.715857265 0.003234617 0.999972078 -0.006736483 -4.658242863 -0.002657964 0.006745092 0.999973719 192.512391163
0.999968123 -0.007423792 0.002939292 -0.719929858 0.007439713 0.999957511 -0.005442992 -4.695445778 -0.002898759 0.005464685 0.999980867 193.920098362
0.999940079 -0.010450838 0.003258401 -0.715102428 0.010468201 0.999930854 -0.005357627 -4.733538470 -0.003202184 0.005391416 0.999980339 195.342840483
0.999961037 -0.008124217 0.003452666 -0.720212939 0.008156260 0.999922838 -0.009369817 -4.776827675 -0.003376278 0.009397613 0.999950142 196.761987232
0.999991502 -0.001170476 0.003953014 -0.733602913 0.001227659 0.999894198 -0.014494335 -4.819391684 -0.003935631 0.014499065 0.999887138 198.182608415
0.999953406 0.008091497 0.005264478 -0.747095305 -0.008012404 0.999857249 -0.014875568 -4.861200222 -0.005384093 0.014832693 0.999875493 199.596992274
0.999887740 0.013623061 0.006238537 -0.767080845 -0.013551132 0.999842844 -0.011430390 -4.895926862 -0.006393275 0.011344568 0.999915210 201.051000194
0.999855630 0.015387840 0.007206578 -0.773595864 -0.015320167 0.999838889 -0.009353444 -4.940356256 -0.007349348 0.009241687 0.999930287 202.503872432
0.999882728 0.013771142 0.006699708 -0.763883316 -0.013711587 0.999866778 -0.008855389 -4.980130180 -0.006820765 0.008762488 0.999938346 203.960163352
0.999929163 0.010641203 0.005332218 -0.760159793 -0.010593635 0.999904535 -0.008871063 -5.026176268 -0.005426109 0.008813948 0.999946435 205.414510822
0.999949689 0.008978270 0.004473322 -0.750631881 -0.008935845 0.999915747 -0.009415431 -5.072796056 -0.004557480 0.009374986 0.999945668 206.831250714
0.999946618 0.009592776 0.003839312 -0.756374716 -0.009553346 0.999902749 -0.010159939 -5.111667038 -0.003936401 0.010122719 0.999941016 208.289797539
0.999934201 0.010866116 0.003677120 -0.766354101 -0.010829000 0.999891684 -0.009967602 -5.154746104 -0.003785032 0.009927127 0.999943561 209.738303178
0.999924885 0.011764665 0.003437666 -0.769646836 -0.011732426 0.999888359 -0.009253088 -5.194573329 -0.003546142 0.009212061 0.999951280 211.206892653
0.999937487 0.010697942 0.003252001 -0.772141597 -0.010666920 0.999898814 -0.009411625 -5.240862201 -0.003352357 0.009376348 0.999950422 212.656921155
0.999933035 0.011207950 0.002882392 -0.775670052 -0.011177125 0.999882436 -0.010496946 -5.286818182 -0.002999703 0.010464027 0.999940751 214.110883491
0.999941237 0.010521772 0.002610340 -0.774823080 -0.010492506 0.999884634 -0.010983016 -5.331524420 -0.002725601 0.010954982 0.999936278 215.585704951
0.999941512 0.010560916 0.002332198 -0.780781068 -0.010534787 0.999884603 -0.010945247 -5.371549255 -0.002447521 0.010920037 0.999937379 217.049755048
0.999933164 0.011396045 0.001948751 -0.791113381 -0.011373130 0.999870435 -0.011391438 -5.420305855 -0.002078317 0.011368513 0.999933216 218.537530703
0.999940263 0.010787935 0.001758246 -0.792551370 -0.010766852 0.999874876 -0.011589112 -5.466902038 -0.001883048 0.011569489 0.999931298 220.001866335
0.999925370 0.012157803 0.001200745 -0.801877540 -0.012142867 0.999857254 -0.011748299 -5.513459735 -0.001343408 0.011732842 0.999930266 221.484051013
0.999929563 0.011844215 0.000765066 -0.808634956 -0.011834218 0.999858388 -0.011964729 -5.558614759 -0.000906670 0.011954832 0.999928128 222.952916225
0.999925340 0.012211312 0.000444352 -0.815990646 -0.012205099 0.999853431 -0.012006367 -5.601814390 -0.000590900 0.012000048 0.999927822 224.437806978
0.999938745 0.011063492 0.000325887 -0.830352613 -0.011058829 0.999867977 -0.011905076 -5.650155189 -0.000457556 0.011900743 0.999929079 225.923160161
0.999942842 0.010682750 0.000437556 -0.833527579 -0.010676536 0.999866782 -0.012346289 -5.696982990 -0.000569390 0.012340912 0.999923685 227.411200861
0.999954584 0.009519159 0.000463571 -0.846870214 -0.009512816 0.999880757 -0.012164682 -5.749343236 -0.000579314 0.012159719 0.999925901 228.913837543
0.999968976 0.007855665 0.000578461 -0.849616324 -0.007848594 0.999904751 -0.011352869 -5.797252291 -0.000667590 0.011347976 0.999935387 230.415417312
0.999972801 0.007360471 0.000469502 -0.860397544 -0.007354810 0.999911385 -0.011096346 -5.844527922 -0.000551135 0.011092592 0.999938323 231.898478991
0.999975441 0.007001512 0.000308978 -0.866582472 -0.006997534 0.999910475 -0.011405150 -5.888846313 -0.000388803 0.011402709 0.999934912 233.399694608
0.999959800 0.008913946 0.000969045 -0.867246831 -0.008901425 0.999885506 -0.012236865 -5.943010798 -0.001078013 0.012227748 0.999924657 234.897248040
0.999948776 0.010044151 0.001249532 -0.877020451 -0.010029015 0.999882635 -0.011581682 -5.991424961 -0.001365713 0.011568557 0.999932149 236.404684567
0.999951760 0.009642404 0.001871276 -0.890015615 -0.009624076 0.999907908 -0.009568331 -6.032679339 -0.001963366 0.009549861 0.999952472 237.915992156
0.999953861 0.009278695 0.002486252 -0.895034775 -0.009255814 0.999916102 -0.009062011 -6.078294911 -0.002570128 0.009038582 0.999955849 239.442824333
0.999946164 0.009964384 0.002894661 -0.904512365 -0.009932973 0.999893735 -0.010670216 -6.124237274 -0.003000676 0.010640889 0.999938881 240.965237123
0.999937124 0.010605141 0.003644168 -0.906127261 -0.010560691 0.999872133 -0.012007906 -6.173770182 -0.003771048 0.011968666 0.999921262 242.485715628
0.999934276 0.010862696 0.003666814 -0.908457761 -0.010818464 0.999870971 -0.011874490 -6.215728839 -0.003795331 0.011834041 0.999922773 243.996639873
0.999939942 0.010345081 0.003618392 -0.915878925 -0.010305397 0.999888366 -0.010819217 -6.262815940 -0.003729914 0.010781279 0.999934923 245.514282877
0.999938949 0.010483644 0.003491504 -0.916267136 -0.010448018 0.999894710 -0.010070156 -6.313092590 -0.003596708 0.010033063 0.999943199 247.041489880
0.999935445 0.010958777 0.003001727 -0.922861061 -0.010928151 0.999889919 -0.010036274 -6.360140339 -0.003111382 0.010002823 0.999945129 248.562036730
0.999912687 0.012817923 0.003212583 -0.928664645 -0.012785253 0.999868343 -0.009991607 -6.409677016 -0.003340231 0.009949662 0.999944922 250.092974394
0.999895647 0.014080525 0.003230215 -0.935214590 -0.014048098 0.999852792 -0.009851170 -6.457405494 -0.003368449 0.009804765 0.999946258 251.621296707
0.999891262 0.014338977 0.003443477 -0.930766742 -0.014304630 0.999849656 -0.009800095 -6.498982449 -0.003583483 0.009749772 0.999946049 253.148392569
0.999913773 0.012748184 0.003151226 -0.939222594 -0.012717522 0.999873368 -0.009566275 -6.548672733 -0.003272780 0.009525373 0.999949277 254.682940953
0.999925039 0.011863058 0.003030614 -0.940353677 -0.011835929 0.999891069 -0.008818240 -6.591035898 -0.003134896 0.008781710 0.999956526 256.217536715
0.999958243 0.008579511 0.003147238 -0.936816549 -0.008554222 0.999931706 -0.007962981 -6.642019774 -0.003215343 0.007935726 0.999963342 257.753901519
0.999971138 0.007123039 0.002643241 -0.931534518 -0.007099264 0.999935213 -0.008897768 -6.684819017 -0.002706448 0.008878745 0.999956921 259.293664324
0.999967908 0.007585179 0.002578614 -0.937381082 -0.007558910 0.999920937 -0.010048924 -6.739393231 -0.002654634 0.010029110 0.999946183 260.834844212
0.999984387 0.004737336 0.002963455 -0.940467011 -0.004712535 0.999954276 -0.008320990 -6.783912547 -0.003002740 0.008306895 0.999960989 262.360154931
0.999993027 0.001691813 0.003329039 -0.931738151 -0.001670257 0.999977691 -0.006467473 -6.817844127 -0.003339907 0.006461868 0.999973544 263.906392106
0.999993484 0.000895150 0.003497051 -0.935486532 -0.000870322 0.999974454 -0.007094663 -6.867091867 -0.003503313 0.007091573 0.999968718 265.452745834
0.999993415 0.000538602 0.003588875 -0.940295542 -0.000508853 0.999965550 -0.008284970 -6.910523574 -0.003593213 0.008283089 0.999959239 266.977172776
0.999989582 0.001596325 0.004276480 -0.945440717 -0.001559188 0.999961172 -0.008673220 -6.955713997 -0.004290160 0.008666462 0.999953243 268.535813148
0.999981751 0.003013741 0.005235962 -0.955643563 -0.002969842 0.999960545 -0.008371846 -6.998972666 -0.005260987 0.008356144 0.999951248 270.065462934
0.999969921 0.004834379 0.006065184 -0.960642206 -0.004780778 0.999949663 -0.008821299 -7.046183396 -0.006107524 0.008792038 0.999942698 271.606954097
0.999951735 0.006832671 0.007059977 -0.959841071 -0.006769064 0.999936638 -0.008994424 -7.092197557 -0.007120987 0.008946200 0.999934626 273.157466937
0.999944190 0.007155854 0.007772495 -0.965143927 -0.007083072 0.999931186 -0.009351631 -7.140482917 -0.007838880 0.009296055 0.999926065 274.704518514
0.999938272 0.006969119 0.008653606 -0.967067247 -0.006883372 0.999927308 -0.009899438 -7.183388246 -0.008721969 0.009839262 0.999913554 276.239023779
0.999936860 0.006438042 0.009210162 -0.963335264 -0.006342008 0.999925615 -0.010418421 -7.227766079 -0.009276553 0.010359353 0.999903310 277.775978811
0.999928527 0.006253062 0.010190254 -0.955930313 -0.006146764 0.999926719 -0.010429512 -7.277619110 -0.010254724 0.010366129 0.999893687 279.313315561
0.999928167 0.004704314 0.011024072 -0.948651169 -0.004601209 0.999945612 -0.009359532 -7.325520467 -0.011067504 0.009308136 0.999895429 280.874548980
0.999929086 0.003760913 0.011299551 -0.934754174 -0.003657890 0.999951683 -0.009124251 -7.370624552 -0.011333322 0.009082271 0.999894528 282.401528233
0.999930504 0.002846460 0.011440536 -0.926178580 -0.002716674 0.999931965 -0.011343934 -7.423613530 -0.011472048 0.011312065 0.999870207 283.953178385
0.999931862 0.003847321 0.011021284 -0.924339667 -0.003694529 0.999897252 -0.013850452 -7.473207670 -0.011073439 0.013808790 0.999843336 285.493592278
0.999942990 0.002966365 0.010257594 -0.907666547 -0.002825229 0.999901523 -0.013746386 -7.520089775 -0.010297362 0.013716622 0.999852898 287.040819721
0.999950324 0.001859000 0.009792495 -0.897535520 -0.001725379 0.999905535 -0.013636106 -7.574119937 -0.009816920 0.013618533 0.999859072 288.579002423
0.999961641 0.002157513 0.008488839 -0.902575076 -0.002036191 0.999896038 -0.014274684 -7.629788461 -0.008518755 0.014256853 0.999862077 290.129904958
0.999962670 0.002133138 0.008373004 -0.892155579 -0.002010432 0.999890866 -0.014636052 -7.683593034 -0.008403312 0.014618673 0.999857829 291.703209284
0.999970737 0.001997944 0.007384662 -0.896198982 -0.001889954 0.999891602 -0.014601794 -7.730279863 -0.007413036 0.014587410 0.999866118 293.267915705
0.999976307 0.001742456 0.006659548 -0.894829143 -0.001647249 0.999896747 -0.014275196 -7.788834767 -0.006683735 0.014263888 0.999875926 294.829973470
0.999982786 0.001813597 0.005580262 -0.887629981 -0.001740174 0.999912227 -0.013134361 -7.838041824 -0.005603592 0.013124424 0.999898169 296.401633006
0.999983406 0.002900113 0.004977757 -0.889518978 -0.002841791 0.999927702 -0.011684000 -7.890122816 -0.005011283 0.011669660 0.999919349 297.957937753
0.999977368 0.003051160 0.005996097 -0.882446202 -0.002980719 0.999926853 -0.011721943 -7.938786136 -0.006031425 0.011703805 0.999913318 299.547137236
0.999966776 0.004345553 0.006896579 -0.888881945 -0.004262343 0.999918498 -0.012034550 -7.989389746 -0.006948314 0.012004755 0.999903799 301.122205491
0.999969171 0.003308337 0.007121179 -0.887223507 -0.003221827 0.999921292 -0.012125604 -8.038125337 -0.007160734 0.012102287 0.999901124 302.717770078
0.999972128 0.000943930 0.007406229 -0.887069572 -0.000845927 0.999912193 -0.013224585 -8.084669733 -0.007418062 0.013217951 0.999885122 304.329927794
0.999969224 -0.000442066 0.007833021 -0.875185225 0.000560308 0.999885838 -0.015099542 -8.142572727 -0.007825453 0.015103466 0.999855313 305.912921270
0.999968437 -0.000720934 0.007912300 -0.874197924 0.000849039 0.999868426 -0.016199085 -8.195735881 -0.007899581 0.016205292 0.999837480 307.517629824
0.999983274 0.000085672 0.005783124 -0.873718110 0.000013304 0.999853570 -0.017112511 -8.257162317 -0.005783744 0.017112301 0.999836845 309.129449458
0.999993073 0.001027112 0.003577450 -0.876657467 -0.000966684 0.999857518 -0.016852609 -8.312852281 -0.003594251 0.016849034 0.999851585 310.743632515
0.999990785 0.002452580 0.003523576 -0.888498152 -0.002403593 0.999901330 -0.013840287 -8.364087752 -0.003557174 0.013831691 0.999898010 312.376943706
0.999992274 0.001019837 0.003796289 -0.883691721 -0.000979420 0.999942984 -0.010633343 -8.416916461 -0.003806917 0.010629543 0.999936258 314.004384797
0.999989747 0.000423007 0.004508442 -0.888894243 -0.000378586 0.999951426 -0.009849034 -8.467507226 -0.004512389 0.009847226 0.999941334 315.627541923
0.999989911 -0.000714844 0.004434666 -0.880326401 0.000764689 0.999936442 -0.011248414 -8.519700028 -0.004426344 0.011251691 0.999926900 317.252686615
0.999986897 -0.001267962 0.004959687 -0.887513132 0.001324489 0.999934022 -0.011410379 -8.564232053 -0.004944892 0.011416798 0.999922600 318.872535621
0.999986328 -0.001558393 0.004991480 -0.885177828 0.001613483 0.999937623 -0.011052002 -8.618038586 -0.004973945 0.011059905 0.999926466 320.509263885
0.999984115 -0.001398420 0.005460303 -0.877413706 0.001459200 0.999936847 -0.011143239 -8.674807138 -0.005444376 0.011151030 0.999923004 322.132742578
0.999979804 0.000079359 0.006354939 -0.889531537 -0.000003282 0.999928354 -0.011970300 -8.725349575 -0.006355433 0.011970037 0.999908159 323.757309526
0.999975611 0.000694769 0.006949474 -0.881730147 -0.000605970 0.999918252 -0.012771925 -8.778257752 -0.006957779 0.012767403 0.999894286 325.377273553
0.999970294 -0.000000311 0.007707835 -0.872056548 0.000087167 0.999936509 -0.011268182 -8.833062597 -0.007707342 0.011268519 0.999906805 326.996328601
0.999969266 -0.001144392 0.007756179 -0.869456909 0.001223205 0.999947596 -0.010164142 -8.886164589 -0.007744141 0.010173316 0.999918262 328.618954494
0.999970224 -0.001605418 0.007548141 -0.866392032 0.001689938 0.999935801 -0.011204398 -8.942199086 -0.007529670 0.011216821 0.999908739 330.237675380
0.999968492 -0.000962464 0.007879620 -0.860244140 0.001050551 0.999936921 -0.011182588 -9.004118219 -0.007868360 0.011190514 0.999906427 331.862611097
0.999971653 0.000402953 0.007518734 -0.864617928 -0.000303270 0.999912109 -0.013254522 -9.043267184 -0.007523415 0.013251867 0.999883886 333.468573030
0.999969515 0.002873874 0.007260179 -0.868361026 -0.002756127 0.999865352 -0.016176538 -9.109442661 -0.007305691 0.016156035 0.999842793 335.077520499
0.999974350 0.003950590 0.005974316 -0.861319178 -0.003857432 0.999872038 -0.015525077 -9.164289542 -0.006034886 0.015501633 0.999861631 336.682146436
0.999975830 0.004333789 0.005436599 -0.865301734 -0.004264855 0.999911171 -0.012627757 -9.225021108 -0.005490843 0.012604266 0.999905487 338.290476150
0.999973874 0.005406964 0.004797487 -0.876840756 -0.005358920 0.999935925 -0.009971382 -9.272253371 -0.004851096 0.009945412 0.999938776 339.902117614
0.999976401 0.005951407 0.003431736 -0.879564505 -0.005913363 0.999922105 -0.010991616 -9.324758021 -0.003496885 0.010971063 0.999933702 341.503250262
0.999981386 0.005728933 0.002099187 -0.892933368 -0.005702438 0.999906641 -0.012417423 -9.381576077 -0.002170130 0.012405222 0.999920697 343.100824101
0.999990246 0.004416489 -0.000053561 -0.893468879 -0.004416813 0.999926224 -0.011315438 -9.430484916 0.000003583 0.011315565 0.999935977 344.702629107
0.999995906 0.002664563 -0.001042883 -0.902083722 -0.002675497 0.999939957 -0.010626602 -9.490310128 0.001014506 0.010629349 0.999942992 346.300468270
0.999996630 0.002509203 -0.000665893 -0.913834832 -0.002516637 0.999931752 -0.011408660 -9.541858000 0.000637221 0.011410297 0.999934697 347.889274262
0.999996485 0.002103260 -0.001614299 -0.917843648 -0.002123002 0.999921770 -0.012326631 -9.599671152 0.001588247 0.012330015 0.999922722 349.490060377
0.999997284 0.001917805 -0.001323937 -0.931959019 -0.001934322 0.999918876 -0.012589706 -9.647574668 0.001299685 0.012592233 0.999919870 351.076961419
0.999997686 0.001398425 -0.001634372 -0.944997716 -0.001418953 0.999919259 -0.012627813 -9.704214393 0.001616581 0.012630103 0.999918931 352.680444987
0.999998601 0.000697214 -0.001520555 -0.956883845 -0.000717303 0.999911940 -0.013251283 -9.763833925 0.001511183 0.013252355 0.999911041 354.271238306
0.999999162 0.000463608 -0.001208405 -0.973572450 -0.000480424 0.999902543 -0.013952578 -9.821403982 0.001201819 0.013953147 0.999901928 355.851259688
0.999998385 0.000097219 -0.001794533 -0.980705104 -0.000122203 0.999902999 -0.013927638 -9.878455293 0.001793005 0.013927835 0.999901395 357.444717077
0.999999196 0.000273712 -0.001237949 -0.992640923 -0.000292131 0.999888915 -0.014902075 -9.929342978 0.001233732 0.014902425 0.999888191 359.039266173
0.999998648 -0.000827800 -0.001420273 -1.009268976 0.000805357 0.999875946 -0.015730343 -9.993189689 0.001433119 0.015729179 0.999875262 360.619878196
0.999995709 -0.002556949 -0.001429220 -1.018864521 0.002535390 0.999885947 -0.014888390 -10.042726162 0.001467125 0.014884703 0.999888140 362.209708207
0.999988132 -0.004821335 -0.000700730 -1.023211143 0.004811203 0.999893113 -0.013806287 -10.106577502 0.000767220 0.013802752 0.999904443 363.788388449
0.999987577 -0.004809286 -0.001310177 -1.040149682 0.004789567 0.999881060 -0.014660301 -10.162597188 0.001380528 0.014653844 0.999891673 365.385934668
0.999994183 -0.003379641 -0.000461980 -1.051097938 0.003372128 0.999875788 -0.015396058 -10.219958502 0.000513956 0.015394411 0.999881367 366.978778175
0.999998015 -0.001903619 -0.000589289 -1.069996858 0.001894701 0.999888955 -0.014781367 -10.272115450 0.000617361 0.014780221 0.999890576 368.582217091
0.999999358 -0.000907451 0.000678245 -1.081317810 0.000917000 0.999898550 -0.014214387 -10.328598726 -0.000665277 0.014215000 0.999898741 370.187050782
0.999999678 -0.000664876 0.000449920 -1.088206569 0.000671239 0.999897606 -0.014294277 -10.383328104 -0.000440370 0.014294575 0.999897730 371.778896856
0.999999561 -0.000569325 0.000743593 -1.102072031 0.000580379 0.999888034 -0.014952719 -10.442843761 -0.000734997 0.014953145 0.999887925 373.378104340
0.999998707 -0.000129373 0.001602593 -1.108114136 0.000154106 0.999880743 -0.015442669 -10.499392369 -0.001600404 0.015442896 0.999879471 374.986468940
0.999999209 0.000247198 0.001233446 -1.114901101 -0.000227939 0.999878430 -0.015590746 -10.557535002 -0.001237151 0.015590453 0.999877697 376.589584850
0.999996002 0.001671490 0.002280831 -1.117246038 -0.001636128 0.999879785 -0.015418749 -10.615838677 -0.002306330 0.015414955 0.999878522 378.193378163
0.999994791 0.002554948 0.001972383 -1.132452911 -0.002524757 0.999881885 -0.015160520 -10.669839912 -0.002010885 0.015155462 0.999883127 379.802411837
0.999990960 0.003578503 0.002296447 -1.142821833 -0.003542101 0.999871028 -0.015664624 -10.731270491 -0.002352208 0.015656349 0.999874665 381.418501604
0.999982990 0.004811979 0.003296341 -1.146772757 -0.004757996 0.999857563 -0.016193051 -10.791779180 -0.003373792 0.016177092 0.999863450 383.024330795
