1.000000000 0.000000000 0.000000000 0.000000000 0.000000000 1.000000000 0.000000000 0.000000000 0.000000000 -0.000000000 1.000000000 0.000000000
0.999996915 -0.001605951 -0.001895135 -0.003109191 0.001604311 0.999998338 -0.000866417 -0.018944358 0.001896524 0.000863374 0.999997829 0.570068146
0.999993427 -0.002284151 -0.002815686 -0.002344708 0.002278083 0.999995079 -0.002156796 -0.034945327 0.002820598 0.002150368 0.999993710 1.136001139
0.999985277 -0.002641008 -0.004740331 -0.008758674 0.002623799 0.999989960 -0.003632807 -0.047570339 0.004749878 0.003620316 0.999982166 1.695068365
0.999967330 -0.004521556 -0.006700423 -0.013537472 0.004484693 0.999974783 -0.005506353 -0.063190561 0.006725152 0.005476123 0.999962392 2.247003953
0.999942983 -0.006982416 -0.008079381 -0.012536336 0.006922873 0.999948844 -0.007374474 -0.081113016 0.008130460 0.007318121 0.999940169 2.818095708
0.999924211 -0.007774843 -0.009545832 -0.017549791 0.007696220 0.999936387 -0.008245705 -0.097489719 0.009609335 0.008171614 0.999920440 3.383684434
0.999906121 -0.008268507 -0.010926220 -0.027487614 0.008185048 0.999937152 -0.007661279 -0.110941252 0.010988882 0.007571128 0.999910957 3.968033361
0.999889508 -0.008599068 -0.012125550 -0.040062556 0.008502957 0.999932201 -0.007955745 -0.127393784 0.012193141 0.007851764 0.999894833 4.542632753
0.999883677 -0.007961216 -0.013009670 -0.045812373 0.007825062 0.999914431 -0.010483277 -0.150662618 0.013092017 0.010380257 0.999860415 5.140168679
0.999876992 -0.006356964 -0.014338379 -0.064323685 0.006149357 0.999876292 -0.014477057 -0.170265615 0.014428637 0.014387104 0.999792391 5.736477557
0.999865913 -0.004917728 -0.015619587 -0.086160134 0.004634233 0.999824814 -0.018134639 -0.187047956 0.015706034 0.018059823 0.999713541 6.348835637
0.999857296 -0.003232935 -0.016581153 -0.103769101 0.002929066 0.999827924 -0.018317834 -0.207528378 0.016637521 0.018266653 0.999694715 6.963927712
0.999840222 -0.000789177 -0.017857990 -0.121886773 0.000577338 0.999929448 -0.011864443 -0.218957957 0.017866095 0.011852238 0.999770138 7.604742812
0.999833196 -0.000248316 -0.018262472 -0.130548538 0.000217582 0.999998557 -0.001684864 -0.231315838 0.018262866 0.001680609 0.999831808 8.270784995
0.999810182 0.000884470 -0.019463270 -0.152066805 -0.000776168 0.999984179 0.005571291 -0.250234282 0.019467891 -0.005555128 0.999795050 8.946819023
0.999784430 0.002554907 -0.020604989 -0.173270927 -0.002452235 0.999984460 0.005006593 -0.268569413 0.020617463 -0.004954985 0.999775159 9.622863321
0.999763383 0.005530482 -0.021037839 -0.194081807 -0.005581455 0.999981627 -0.002365003 -0.279685868 0.021024375 0.002481865 0.999775882 10.316984017
0.999735181 0.005375773 -0.022375630 -0.218923722 -0.005567592 0.999948212 -0.008519198 -0.287097380 0.022328676 0.008641520 0.999713336 11.018626926
0.999722056 0.003676836 -0.023287167 -0.232563314 -0.003849126 0.999965521 -0.007358014 -0.299590694 0.023259313 0.007445605 0.999701739 11.752967134
0.999708177 0.002180645 -0.024058376 -0.254059881 -0.002140606 0.999996281 0.001689874 -0.305024862 0.024061972 -0.001637881 0.999709127 12.514027710
0.999705399 0.001503661 -0.024225076 -0.274859420 -0.001278465 0.999955855 0.009308794 -0.314326568 0.024238005 -0.009275081 0.999663189 13.294326212
0.999683971 0.000721724 -0.025128394 -0.296944882 -0.000424160 0.999929754 0.011845098 -0.321426021 0.025135180 -0.011830696 0.999614054 14.079768114
0.999678343 -0.001301387 -0.025328211 -0.317447582 0.001582425 0.999937374 0.011078983 -0.329038196 0.025312210 -0.011115501 0.999617796 14.881918107
0.999696394 -0.001527164 -0.024592418 -0.338573249 0.001740512 0.999961019 0.008656248 -0.336480777 0.024578242 -0.008696423 0.999660083 15.708769876
0.999707299 0.000694953 -0.024183345 -0.362681785 -0.000570703 0.999986605 0.005144357 -0.328137464 0.024186598 -0.005129050 0.999694304 16.532344168
0.999736384 -0.001998037 -0.022872903 -0.385749885 0.001992002 0.999997975 -0.000286632 -0.341979538 0.022873430 0.000240994 0.999738339 17.393488253
0.999738359 -0.004502820 -0.022426286 -0.403465356 0.004357774 0.999969299 -0.006512342 -0.360563873 0.022454924 0.006412910 0.999727288 18.240926699
0.999774898 -0.003837635 -0.020866858 -0.433128992 0.003591665 0.999923782 -0.011812330 -0.382177707 0.020910601 0.011734725 0.999712480 19.142187292
0.999775937 -0.002136816 -0.021059695 -0.457450142 0.001858812 0.999910996 -0.013211518 -0.393821791 0.021086054 0.013169412 0.999690925 20.035948203
0.999770381 -0.002627262 -0.021266934 -0.487092316 0.002360587 0.999918399 -0.012554826 -0.418372125 0.021298185 0.012501741 0.999695001 20.956034641
0.999778103 -0.001577151 -0.021006139 -0.517862686 0.001293311 0.999907779 -0.013518958 -0.444167912 0.021025525 0.013488791 0.999687941 21.899481079
0.999777832 0.001318741 -0.021036823 -0.550017802 -0.001651625 0.999873581 -0.015814335 -0.473302526 0.021013311 0.015845566 0.999653619 22.840094086
0.999765972 0.005160210 -0.021008866 -0.580467658 -0.005511218 0.999845622 -0.016684115 -0.498725478 0.020919531 0.016795994 0.999640069 23.814589641
0.999750908 0.006716929 -0.021283935 -0.615837473 -0.007071793 0.999836508 -0.016641718 -0.530955486 0.021168676 0.016788088 0.999634957 24.766756111
0.999742627 0.007622187 -0.021367814 -0.640983973 -0.007979338 0.999829050 -0.016679337 -0.563850243 0.021237030 0.016845546 0.999632541 25.770083605
0.999734822 0.007741900 -0.021687527 -0.672054758 -0.008104437 0.999828055 -0.016678652 -0.598582054 0.021554676 0.016849995 0.999625667 26.742478316
0.999721203 0.008144986 -0.022162470 -0.709357431 -0.008492949 0.999841431 -0.015651954 -0.629791723 0.022031472 0.015835816 0.999631852 27.735084100
0.999715219 0.008875081 -0.022152089 -0.733243878 -0.009179423 0.999864356 -0.013675083 -0.661886838 0.022027719 0.013874532 0.999661081 28.761811640
0.999701909 0.009210654 -0.022611014 -0.766259409 -0.009497816 0.999875183 -0.012625702 -0.688837984 0.022491903 0.012836693 0.999664611 29.757023475
0.999706440 0.009378064 -0.022340222 -0.797195273 -0.009676476 0.999864899 -0.013287201 -0.725393883 0.022212597 0.013499475 0.999662126 30.784631952
0.999676336 0.011053116 -0.022914019 -0.828234462 -0.011381745 0.999833522 -0.014261325 -0.757666261 0.022752574 0.014517511 0.999635715 31.806441999
0.999657718 0.011651038 -0.023424315 -0.855116516 -0.011969882 0.999836983 -0.013517749 -0.791528850 0.023263002 0.013793509 0.999634219 32.847206699
0.999661298 0.010292979 -0.023902786 -0.884076302 -0.010556425 0.999884633 -0.010921669 -0.824021934 0.023787614 0.011170298 0.999654627 33.919937091
0.999643938 0.010444062 -0.024554401 -0.914261942 -0.010631684 0.999915183 -0.007522931 -0.848889122 0.024473750 0.007781306 0.999670189 34.959392602
0.999643301 0.010064806 -0.024738025 -0.940706488 -0.010196589 0.999934457 -0.005206759 -0.877474949 0.024684001 0.005457146 0.999680409 36.033007408
0.999623631 0.009979246 -0.025554078 -0.972165100 -0.010102446 0.999937939 -0.004696560 -0.902769220 0.025505626 0.004952952 0.999662409 37.087832999
0.999614433 0.010523373 -0.025695188 -1.012044044 -0.010679032 0.999925405 -0.005928168 -0.932264817 0.025630890 0.006200281 0.999652247 38.174691339
0.999586879 0.010911037 -0.026589856 -1.048038546 -0.011088246 0.999917227 -0.006526161 -0.957972395 0.026516450 0.006818299 0.999625124 39.241431199
0.999570772 0.010714937 -0.027266470 -1.087568412 -0.010870041 0.999925536 -0.005546566 -0.981887317 0.027205012 0.005840574 0.999612812 40.322150576
0.999553034 0.010314358 -0.028059670 -1.119483829 -0.010418204 0.999939402 -0.003557230 -1.012069730 0.028021281 0.003847971 0.999599920 41.399227850
0.999537337 0.009741620 -0.028813415 -1.161741117 -0.009781291 0.999951398 -0.001236164 -1.034320241 0.028799975 0.001517425 0.999584043 42.471920185
0.999515257 0.010640402 -0.029258039 -1.199438233 -0.010676243 0.999942436 -0.001068976 -1.062937234 0.029244984 0.001380824 0.999571320 43.556038849
0.999479923 0.012822033 -0.029588479 -1.241922802 -0.012959880 0.999906018 -0.004471706 -1.092673467 0.029528364 0.004852844 0.999552163 44.615670892
0.999440964 0.015653111 -0.029542153 -1.279145555 -0.015914773 0.999835996 -0.008642945 -1.125886966 0.029402022 0.009108271 0.999526168 45.709289855
0.999426618 0.016582752 -0.029520285 -1.318971216 -0.016858960 0.999816172 -0.009132306 -1.155107871 0.029363422 0.009624752 0.999522463 46.773563106
0.999444562 0.015180471 -0.029666846 -1.357052868 -0.015384359 0.999859497 -0.006656411 -1.182310343 0.029561633 0.007109118 0.999537678 47.875374874
0.999446365 0.015466966 -0.029457377 -1.396678648 -0.015615311 0.999866492 -0.004812519 -1.204800751 0.029379011 0.005269840 0.999554453 48.961386090
0.999471782 0.013570735 -0.029529513 -1.442495729 -0.013684263 0.999899719 -0.003645850 -1.235222919 0.029477077 0.004048015 0.999557259 50.028039053
0.999475548 0.014181388 -0.029112143 -1.474480169 -0.014308856 0.999888908 -0.004174841 -1.261984012 0.029049706 0.004589213 0.999567433 51.114386634
0.999499526 0.013335652 -0.028685490 -1.512340139 -0.013507113 0.999892001 -0.005791767 -1.294129377 0.028605157 0.006176327 0.999571707 52.195798147
0.999502195 0.013780458 -0.028380674 -1.546988359 -0.014020683 0.999867399 -0.008282805 -1.317171376 0.028262773 0.008676598 0.999562871 53.270138827
0.999530832 0.012600225 -0.027916828 -1.582991210 -0.012892874 0.999863547 -0.010327767 -1.352901921 0.027782889 0.010682850 0.999556895 54.352813312
0.999546221 0.011528732 -0.027828785 -1.614436189 -0.011915795 0.999834005 -0.013783206 -1.394750239 0.027665265 0.014108553 0.999517674 55.430717283
0.999561027 0.010988384 -0.027513808 -1.655936689 -0.011416377 0.999815510 -0.015447082 -1.434714853 0.027338996 0.015754409 0.999502065 56.516517038
0.999571686 0.009987629 -0.027508002 -1.686741434 -0.010358972 0.999856687 -0.013390186 -1.474785403 0.027370325 0.013669406 0.999531897 57.584497852
0.999596585 0.008553158 -0.027083429 -1.717781450 -0.008765784 0.999931611 -0.007741774 -1.504317180 0.027015363 0.007976058 0.999603198 58.667505895
0.999617790 0.005451366 -0.027102715 -1.753090084 -0.005516139 0.999982104 -0.002315714 -1.526731834 0.027089609 0.002464333 0.999629972 59.758629491
0.999630767 0.003601261 -0.026932497 -1.779541760 -0.003627325 0.999992999 -0.000918940 -1.557797341 0.026929002 0.001016293 0.999636832 60.845597624
0.999648010 0.002092594 -0.026447616 -1.810226527 -0.002198441 0.999989689 -0.003973738 -1.587566449 0.026439031 0.004030482 0.999642303 61.925877502
0.999646417 -0.000205521 -0.026589441 -1.845553513 0.000011776 0.999973453 -0.007286500 -1.612747037 0.026590235 0.007283610 0.999619882 63.002879205
0.999649041 0.002255554 -0.026395203 -1.887317655 -0.002548019 0.999935680 -0.011051885 -1.642366708 0.026368580 0.011115262 0.999590491 64.085585104
0.999647442 0.002464958 -0.026437001 -1.924505366 -0.002862142 0.999883450 -0.014996485 -1.684052421 0.026396956 0.015066864 0.999537989 65.174164773
0.999653603 0.005700963 -0.025693841 -1.965718157 -0.006113682 0.999853091 -0.016013131 -1.720907720 0.025598778 0.016164668 0.999541598 66.267641264
0.999649877 0.008387731 -0.025095202 -2.000495016 -0.008711628 0.999879801 -0.012825365 -1.746959943 0.024984612 0.013039495 0.999602792 67.359363148
0.999637635 0.009448046 -0.025205807 -2.036311679 -0.009720030 0.999895618 -0.010689901 -1.786404055 0.025102180 0.010931029 0.999625126 68.439204599
0.999640932 0.009544177 -0.025038291 -2.076456420 -0.009794816 0.999902954 -0.009906705 -1.820993278 0.024941312 0.010148393 0.999637405 69.521486862
0.999646798 0.008358417 -0.025227272 -2.105187904 -0.008590053 0.999921810 -0.009087576 -1.855259054 0.025149344 0.009301070 0.999640436 70.634246604
0.999656295 0.007185216 -0.025212402 -2.139536137 -0.007378634 0.999943996 -0.007586898 -1.889214478 0.025156479 0.007770323 0.999653327 71.718802099
0.999652508 0.005892575 -0.025693182 -2.168157889 -0.006040298 0.999965651 -0.005675674 -1.919889224 0.025658857 0.005828896 0.999653764 72.800948594
0.999640602 0.004709085 -0.026391109 -2.198307893 -0.004816174 0.999980420 -0.003995662 -1.949312214 0.026371778 0.004121330 0.999643709 73.892915114
0.999636638 0.003794892 -0.026686876 -2.232327777 -0.003930427 0.999979635 -0.005028068 -1.980896958 0.026667253 0.005131132 0.999631197 74.973421628
0.999611558 0.004352834 -0.027527931 -2.271160785 -0.004596374 0.999950804 -0.008789944 -2.016131000 0.027488317 0.008913059 0.999582388 76.046562299
0.999603773 0.005087876 -0.027684142 -2.306582260 -0.005393575 0.999925183 -0.010978918 -2.051738986 0.027626215 0.011123884 0.999556427 77.132413577
0.999567803 0.006559286 -0.028656297 -2.351316410 -0.006830289 0.999932779 -0.009369370 -2.080891881 0.028592918 0.009561050 0.999545413 78.202316176
0.999545094 0.007083382 -0.029316051 -2.392335716 -0.007242676 0.999959561 -0.005331045 -2.113500073 0.029277106 0.005540946 0.999555976 79.280745478
0.999528029 0.008264655 -0.029587422 -2.432225052 -0.008309348 0.999964513 -0.001387893 -2.135825408 0.029574905 0.001633090 0.999561233 80.349875139
0.999501379 0.008842604 -0.030311736 -2.471638416 -0.008867028 0.999960461 -0.000671429 -2.166262178 0.030304602 0.000939869 0.999540268 81.414936472
0.999481456 0.009772425 -0.030680925 -2.512508791 -0.009857268 0.999947996 -0.002615267 -2.194564646 0.030653775 0.002916341 0.999525808 82.469234715
0.999450756 0.009545222 -0.031734428 -2.555713973 -0.009660446 0.999947283 -0.003479530 -2.223663965 0.031699544 0.003784187 0.999490279 83.522434627
0.999444622 0.009561954 -0.031922056 -2.591258918 -0.009682359 0.999946574 -0.003619368 -2.251029542 0.031885745 0.003926438 0.999483808 84.560446962
0.999432964 0.008143789 -0.032671539 -2.628882937 -0.008258089 0.999960239 -0.003365026 -2.286143047 0.032642839 0.003632923 0.999460478 85.593898544
0.999416530 0.007898228 -0.033229759 -2.664798290 -0.007966099 0.999966445 -0.001910545 -2.316202055 0.033213557 0.002174142 0.999445913 86.607271144
0.999397990 0.006842498 -0.034012323 -2.707830069 -0.006827039 0.999976533 0.000570617 -2.339812777 0.034015432 -0.000338070 0.999421251 87.597813836
0.999379497 0.006050568 -0.034698846 -2.744618241 -0.005992757 0.999980477 0.001769892 -2.368471735 0.034708879 -0.001560852 0.999396246 88.581647508
0.999315948 0.004892631 -0.036656499 -2.786537950 -0.004819449 0.999986214 0.002084520 -2.393151531 0.036666196 -0.001906430 0.999325751 89.540495113
0.999193802 0.003822404 -0.039964175 -2.832573570 -0.003771627 0.999991981 0.001345871 -2.419037171 0.039969001 -0.001194055 0.999200207 90.467157100
0.999063871 0.003884930 -0.043084670 -2.875910539 -0.003869220 0.999992414 0.000448022 -2.442713902 0.043086087 -0.000280900 0.999071324 91.375700218
0.998928702 0.003528108 -0.046141083 -2.922253402 -0.003514713 0.999993755 0.000371450 -2.465820562 0.046142109 -0.000208879 0.998934864 92.259972142
0.998762603 0.004459335 -0.049531564 -2.977204833 -0.004389802 0.999989221 0.001512494 -2.489560334 0.049537779 -0.001293188 0.998771413 93.129980012
0.998627862 0.005603243 -0.052067240 -3.028581697 -0.005483445 0.999981981 0.002443409 -2.512292017 0.052079997 -0.002154548 0.998640592 93.970592378
0.998469342 0.005985258 -0.054983180 -3.082925062 -0.005791364 0.999976440 0.003685092 -2.531412670 0.055003946 -0.003361024 0.998480481 94.786854743
0.998308682 0.007848690 -0.057603582 -3.133839697 -0.007594328 0.999960428 0.004633326 -2.552684522 0.057637674 -0.004188029 0.998328783 95.570578443
0.998139842 0.009623490 -0.060201681 -3.190212792 -0.009331635 0.999943314 0.005127240 -2.573279696 0.060247616 -0.004555924 0.998173065 96.328909209
0.997973445 0.011050386 -0.062664906 -3.244457969 -0.010805898 0.999932629 0.004239107 -2.592835326 0.062707533 -0.003553366 0.998025621 97.049247610
0.997787016 0.012853448 -0.065236951 -3.298420870 -0.012835018 0.999917382 0.000701639 -2.614224066 0.065240585 0.000137231 0.997869555 97.746422085
0.997600183 0.014964639 -0.067601295 -3.351317816 -0.015200769 0.999880022 -0.002979902 -2.633869979 0.067548597 0.004000342 0.997707966 98.409777205
0.997439463 0.016683659 -0.069542601 -3.406881251 -0.017115367 0.999837746 -0.005616538 -2.651767105 0.069437619 0.006792404 0.997563171 99.043801219
0.997338437 0.018780070 -0.070451045 -3.455437941 -0.019284194 0.999793029 -0.006482296 -2.673860549 0.070314732 0.007823635 0.997494175 99.652415473
0.997344464 0.020980804 -0.069741132 -3.503507449 -0.021462682 0.999750628 -0.006167298 -2.693714959 0.069594351 0.007647752 0.997546059 100.233886852
0.997468359 0.024234930 -0.066854624 -3.548510155 -0.024614759 0.999685181 -0.004863409 -2.712885075 0.066715718 0.006496706 0.997750874 100.797599763
0.997736459 0.026729425 -0.061704908 -3.593528265 -0.026996364 0.999629418 -0.003496247 -2.730314334 0.061588593 0.005154142 0.998088313 101.332458573
0.998165512 0.027514700 -0.053930992 -3.618687956 -0.027636193 0.999616909 -0.001508117 -2.745242634 0.053868841 0.002995798 0.998543526 101.853759625
0.998627975 0.027415072 -0.044615928 -3.640699009 -0.027400633 0.999624094 0.000935297 -2.759396829 0.044624802 0.000288491 0.999003775 102.340880679
0.999100668 0.026706822 -0.032933279 -3.651212831 -0.026648471 0.999642425 0.002209587 -2.774520940 0.032980517 -0.001329979 0.999455110 102.818512520
0.999474694 0.025848403 -0.019549795 -3.654127336 -0.025809167 0.999664341 0.002256765 -2.787666136 0.019601568 -0.001751016 0.999806338 103.264449279
0.999680741 0.024895927 -0.004313880 -3.652613901 -0.024889486 0.999689021 0.001540691 -2.799138567 0.004350895 -0.001432828 0.999989508 103.690985482
0.999631856 0.023782064 0.013060042 -3.640747599 -0.023765733 0.999716569 -0.001404296 -2.816236421 -0.013089739 0.001093398 0.999913728 104.111601122
0.999145213 0.023193294 0.034218614 -3.619266037 -0.023010970 0.999718892 -0.005712541 -2.831923546 -0.034341490 0.004920254 0.999398046 104.515443042
0.998042574 0.021605831 0.058687377 -3.577260108 -0.021039461 0.999726086 -0.010251537 -2.848727135 -0.058892799 0.008996719 0.998223771 104.929268484
0.996143808 0.018877237 0.085680590 -3.517817276 -0.017824591 0.999756167 -0.013034215 -2.861085472 -0.085905756 0.011456731 0.996237394 105.323401654
0.993166296 0.016160760 0.115583463 -3.451385963 -0.014590700 0.999789609 -0.014417014 -2.874266760 -0.115792145 0.012632049 0.993193139 105.718841904
0.988901166 0.013537313 0.147956834 -3.369767623 -0.011263532 0.999805409 -0.016194993 -2.886963293 -0.148147292 0.014348732 0.988861212 106.080137541
0.982912972 0.011533196 0.183709204 -3.266238787 -0.008394667 0.999805385 -0.017852800 -2.903769192 -0.183879367 0.016005572 0.982818500 106.461844188
0.975082072 0.007830845 0.221706173 -3.154296839 -0.003851772 0.999823761 -0.018374193 -2.919448698 -0.221811004 0.017062385 0.974940386 106.803144659
0.965080453 0.005548217 0.261894884 -3.022753622 -0.000639973 0.999822629 -0.018822847 -2.940246340 -0.261952887 0.017997956 0.964912827 107.173249803
0.952945360 0.006023328 0.303082253 -2.892253419 -0.000028861 0.999804377 -0.019778942 -2.961025277 -0.303142124 0.018839505 0.952759116 107.497031712
0.937788174 0.008201836 0.347111023 -2.739786148 -0.001234841 0.999793419 -0.020287812 -2.969010793 -0.347205743 0.018597044 0.937604571 107.822827592
0.919965850 0.007898623 0.391918911 -2.558998708 -0.000360204 0.999813587 -0.019304439 -2.988218040 -0.391998364 0.017618254 0.919797202 108.161883371
0.899987048 0.007171660 0.435857621 -2.383022243 0.000808984 0.999835459 -0.018121869 -2.992799000 -0.435915904 0.016662050 0.899833160 108.439669218
0.876923310 0.005813722 0.480595141 -2.155902306 0.003546840 0.999821336 -0.018566544 -3.014046903 -0.480617257 0.017986031 0.876746014 108.751874710
0.852010269 0.005998956 0.523490679 -1.959849130 0.005297059 0.999784378 -0.020078316 -3.032821634 -0.523498296 0.019879893 0.851794780 109.007163711
0.824438024 0.007766183 0.565898934 -1.723497642 0.006478154 0.999710841 -0.023157445 -3.052936730 -0.565915193 0.022757860 0.824149319 109.284836357
0.794214338 0.011842973 0.607522263 -1.506419974 0.005653055 0.999622770 -0.026876779 -3.067711580 -0.607611439 0.024780281 0.793847785 109.512682521
0.760528371 0.017652756 0.649064667 -1.234407036 0.002708989 0.999535395 -0.030358788 -3.091315285 -0.649299080 0.024847030 0.760127204 109.779623277
0.723679538 0.022285417 0.689776230 -0.983970697 0.000783292 0.999451332 -0.033112248 -3.090748256 -0.690135750 0.024502953 0.723265021 109.992776630
0.684589432 0.022690123 0.728575614 -0.693002691 0.002907964 0.999422439 -0.033857542 -3.105654839 -0.728923110 0.025297188 0.684128055 110.205892349
0.643554778 0.019847573 0.765142649 -0.364092455 0.006886591 0.999473124 -0.031718285 -3.140579761 -0.765369108 0.025681679 0.643079021 110.425504871
0.600074106 0.017661337 0.799749392 -0.064540380 0.009000414 0.999543901 -0.028826776 -3.140262029 -0.799893814 0.024496279 0.599641453 110.597137047
0.553685764 0.015712698 0.832577401 0.301646315 0.010073218 0.999622430 -0.025564184 -3.162532622 -0.832664797 0.022541259 0.553318431 110.792933429
0.506194865 0.013672315 0.862310712 0.613941029 0.011681694 0.999673896 -0.022707671 -3.161558937 -0.862340050 0.021567757 0.505870076 110.925491479
0.455482920 0.008878910 0.890200206 1.015177956 0.014592069 0.999741466 -0.017437708 -3.203228958 -0.890124962 0.020932442 0.455235600 111.080314572
0.404396004 0.009035097 0.914539321 1.350956045 0.012873450 0.999795906 -0.015569831 -3.203486407 -0.914493422 0.018069655 0.404197155 111.191758266
0.353377627 0.013259121 0.935386752 1.725865642 0.010019037 0.999788559 -0.017957086 -3.222391256 -0.935427146 0.015717309 0.353170064 111.302565611
0.302666714 0.018768521 0.952911604 2.150934353 0.008071808 0.999719758 -0.022254244 -3.236960138 -0.953062319 0.014427340 0.302430396 111.408184892
0.256075913 0.020800199 0.966432822 2.530274506 0.010164775 0.999655251 -0.024208596 -3.244705027 -0.966603271 0.016022813 0.255776200 111.471330152
0.213870675 0.020346501 0.976650026 2.978644884 0.017288665 0.999547635 -0.024609463 -3.262644030 -0.976709024 0.022148219 0.213422162 111.544780144
0.179015337 0.019852400 0.983645927 3.388295046 0.025310967 0.999372551 -0.024776184 -3.282648739 -0.983520690 0.029332348 0.178400529 111.574445223
0.147757746 0.020994528 0.988800685 3.846602163 0.028901382 0.999256053 -0.025535288 -3.302810287 -0.988601255 0.032350746 0.147041051 111.620161028
0.120286005 0.019703143 0.992543692 4.306088923 0.027058209 0.999366511 -0.023117757 -3.324636530 -0.992370503 0.029637199 0.119676671 111.651528403
0.094404631 0.016738616 0.995393139 4.786088820 0.021736627 0.999585623 -0.018870651 -3.325839775 -0.995296624 0.023417967 0.094001670 111.692842266
0.070227552 0.013218121 0.997443376 5.302415241 0.017536121 0.999741326 -0.014483248 -3.332930576 -0.997376890 0.018508413 0.069977589 111.731498132
0.047883033 0.010529714 0.998797405 5.811027773 0.021597841 0.999699735 -0.011574642 -3.355473278 -0.998619464 0.022126098 0.047641234 111.736093609
0.027555019 0.010761891 0.999562313 6.348257646 0.028205120 0.999535552 -0.011539135 -3.378291518 -0.999222336 0.028510738 0.027238679 111.727199372
0.009609967 0.013011717 0.999869121 6.916078462 0.033680856 0.999343759 -0.013328593 -3.400973703 -0.999386478 0.033804537 0.009165413 111.725663198
-0.004118526 0.018170680 0.999826375 7.481582822 0.033938399 0.999261449 -0.018020611 -3.409444173 -0.999415483 0.033858291 -0.004732169 111.711219718
-0.015954967 0.023117209 0.999605397 8.082030782 0.031300933 0.999254253 -0.022609485 -3.412571014 -0.999382697 0.030927849 -0.016666661 111.712533968
-0.022305684 0.023362959 0.999478136 8.688628348 0.033121612 0.999195387 -0.022617162 -3.425710360 -0.999202432 0.032599837 -0.023061557 111.692108802
-0.024969584 0.019977586 0.999488535 9.330849524 0.039289661 0.999047450 -0.018987220 -3.456131227 -0.998915875 0.038795464 -0.025730713 111.663536736
-0.024714572 0.018244217 0.999528016 9.992590003 0.041414018 0.998993834 -0.017210452 -3.473020395 -0.998836400 0.040969125 -0.025445273 111.647734763
-0.022589080 0.017952253 0.999583596 10.664181366 0.040429184 0.999037287 -0.017028802 -3.503253145 -0.998927074 0.040027685 -0.023293130 111.633561884
-0.021195800 0.018508568 0.999603965 11.349566944 0.036496947 0.999176528 -0.017726764 -3.511053320 -0.999109001 0.036106762 -0.021853854 111.626593459
-0.019995183 0.019652547 0.999606866 12.057008246 0.035602129 0.999186701 -0.018932135 -3.543173888 -0.999166035 0.035209582 -0.020678594 111.619500083
-0.019114231 0.020239915 0.999612379 12.773933115 0.035246831 0.999187256 -0.019557328 -3.561602353 -0.999195872 0.034859346 -0.019812091 111.613592139
-0.018411012 0.019917476 0.999632054 13.524424048 0.034557386 0.999216867 -0.019272732 -3.592071363 -0.999233159 0.034189842 -0.019084891 111.601911006
-0.017834639 0.018971680 0.999660900 14.278408856 0.033269382 0.999277569 -0.018370855 -3.614833954 -0.999287325 0.032930464 -0.018452933 111.595281815
-0.017436599 0.017597357 0.999693059 15.057404936 0.034285117 0.999267636 -0.016991868 -3.640247862 -0.999260016 0.033978315 -0.018027157 111.586887838
-0.017766660 0.015308503 0.999724917 15.836125036 0.034769973 0.999287463 -0.014683887 -3.673093083 -0.999237449 0.034499526 -0.018286278 111.574613358
-0.018870209 0.014056057 0.999723091 16.622009140 0.033708182 0.999341689 -0.013414437 -3.692504993 -0.999253601 0.033445716 -0.019331592 111.563102126
-0.020095301 0.013237853 0.999710385 17.432552455 0.031051120 0.999438249 -0.012610086 -3.709887756 -0.999315812 0.030788725 -0.020495064 111.558244513
-0.021104902 0.010609837 0.999720926 18.234687428 0.032775727 0.999413553 -0.009914653 -3.732827003 -0.999239921 0.032557334 -0.021440272 111.538249214
-0.022220916 0.008554350 0.999716444 19.053022956 0.033804873 0.999398012 -0.007800237 -3.767948182 -0.999181438 0.033621961 -0.022496719 111.523395984
-0.023603548 0.008377425 0.999686255 19.870959199 0.033900279 0.999396516 -0.007574578 -3.782887466 -0.999146499 0.033710858 -0.023873302 111.509192850
-0.024739157 0.012536879 0.999615285 20.679385905 0.029502303 0.999494998 -0.011805226 -3.808948384 -0.999258561 0.029198903 -0.025096532 111.503775350
-0.025667055 0.016783955 0.999529597 21.508095475 0.028615461 0.999461663 -0.016047994 -3.836208472 -0.999260948 0.028190097 -0.026133519 111.492395434
-0.026856122 0.018492028 0.999468214 22.360247557 0.029990841 0.999393715 -0.017684782 -3.868388893 -0.999189363 0.029499949 -0.027394432 111.475483461
-0.028319244 0.016902100 0.999455980 23.210555636 0.026552628 0.999516939 -0.016150770 -3.892411708 -0.999246247 0.026080806 -0.028754360 111.457572713
-0.029178937 0.013146172 0.999487711 24.068144671 0.023850693 0.999637982 -0.012451853 -3.917677083 -0.999289657 0.023475144 -0.029481920 111.437662496
-0.029294278 0.008323657 0.999536131 24.924797855 0.022642613 0.999714266 -0.007661533 -3.944507912 -0.999314386 0.022407672 -0.029474378 111.419633134
-0.029603177 0.002918587 0.999557427 25.768618851 0.019991541 0.999797441 -0.002327212 -3.959339836 -0.999361834 0.019913802 -0.029655530 111.404107062
-0.029536925 0.001506380 0.999562512 26.630063981 0.016677890 0.999860400 -0.001013999 -3.981612882 -0.999424585 0.016640645 -0.029557926 111.387434134
-0.028902560 0.007899914 0.999550973 27.462566803 0.019197841 0.999788713 -0.007346676 -4.010638152 -0.999397904 0.018976883 -0.029048116 111.369046357
-0.027934187 0.018278502 0.999442591 28.298170970 0.021722909 0.999607789 -0.017674372 -4.045245554 -0.999373745 0.021217083 -0.028320295 111.358495892
-0.027604822 0.024042811 0.999329691 29.119909085 0.023052455 0.999460152 -0.023409163 -4.070786397 -0.999353112 0.022390799 -0.028144166 111.340492937
-0.026236930 0.018775182 0.999479380 29.958061738 0.024812568 0.999527804 -0.018124746 -4.096771987 -0.999347810 0.024324114 -0.026690402 111.321581215
-0.025213967 0.011573999 0.999615033 30.788350736 0.028093389 0.999546259 -0.010864583 -4.125007823 -0.999287297 0.027808637 -0.025527680 111.301962099
-0.024955308 0.008509532 0.999652307 31.619857090 0.029557859 0.999532866 -0.007770632 -4.154974320 -0.999251545 0.029353665 -0.025195175 111.281527726
-0.024950748 0.008918446 0.999648857 32.442236041 0.028174361 0.999569271 -0.008214517 -4.181121755 -0.999291624 0.027959511 -0.025191274 111.264179270
-0.026148404 0.009485675 0.999613025 33.265577798 0.025422569 0.999637877 -0.008820893 -4.208450391 -0.999334798 0.025182079 -0.026380087 111.253386342
-0.027912154 0.009862203 0.999561686 34.074397713 0.023181920 0.999688782 -0.009216115 -4.233270694 -0.999341580 0.022914519 -0.028132094 111.239189222
-0.030248742 0.009875412 0.999493574 34.882782814 0.023486665 0.999682126 -0.009166472 -4.257674244 -0.999266469 0.023197498 -0.030471069 111.215035181
-0.032316786 0.010448493 0.999423018 35.692622398 0.022601578 0.999697295 -0.009720526 -4.291351513 -0.999222137 0.022274402 -0.032543157 111.195857509
-0.034403907 0.010763018 0.999350011 36.488678271 0.021056913 0.999727843 -0.010042175 -4.312951420 -0.999186199 0.020697738 -0.034621180 111.176683034
-0.036695948 0.009843765 0.999277951 37.278193856 0.019716362 0.999763976 -0.009124518 -4.336590296 -0.999132002 0.019367294 -0.036881371 111.156587317
-0.038560230 0.008657993 0.999218726 38.070810152 0.019825739 0.999772257 -0.007897707 -4.366600390 -0.999059625 0.019505714 -0.038723101 111.131039499
-0.040629475 0.008829786 0.999135224 38.865376610 0.019420644 0.999779027 -0.008045741 -4.391725320 -0.998985570 0.019076956 -0.040791978 111.106973500
-0.042137483 0.009943832 0.999062295 39.639201936 0.019570802 0.999766828 -0.009125405 -4.418360326 -0.998920167 0.019167931 -0.042322267 111.074827115
-0.043703348 0.010080289 0.998993654 40.418794927 0.020020214 0.999757134 -0.009212160 -4.442654252 -0.998843978 0.019597466 -0.043894545 111.042699729
-0.044593352 0.008933514 0.998965235 41.188054904 0.021533702 0.999736282 -0.007979154 -4.469712840 -0.998773156 0.021155603 -0.044773966 111.009102636
-0.045822922 0.008179097 0.998916051 41.954987667 0.021604865 0.999740699 -0.007194775 -4.493168585 -0.998715962 0.021251763 -0.045987750 110.971553330
-0.047489947 0.007704525 0.998841960 42.707392017 0.020508293 0.999766987 -0.006736593 -4.515811792 -0.998661203 0.020164625 -0.047636889 110.947006458
-0.048463260 0.006798537 0.998801786 43.457894412 0.019303157 0.999796452 -0.005868691 -4.539781717 -0.998638466 0.018995613 -0.048584630 110.915464101
-0.049358449 0.005691829 0.998764868 44.186705141 0.018397914 0.999819276 -0.004788620 -4.557610546 -0.998611709 0.018138833 -0.049454248 110.884764595
-0.049834640 0.005734680 0.998740976 44.909902394 0.018152881 0.999823532 -0.004835113 -4.576504004 -0.998592542 0.017889070 -0.049929948 110.855146213
-0.050516614 0.007854231 0.998692294 45.621138652 0.018351880 0.999807541 -0.006934712 -4.602045764 -0.998554637 0.017977565 -0.050651034 110.826697709
-0.050401441 0.010562807 0.998673139 46.314637545 0.017737000 0.999795832 -0.009679523 -4.633480905 -0.998571569 0.017225605 -0.050578504 110.794857673
-0.050447240 0.012231662 0.998651780 47.007455598 0.016984918 0.999790895 -0.011387614 -4.655446821 -0.998582332 0.016387547 -0.050644446 110.773745654
-0.050647257 0.012861293 0.998633746 47.699728461 0.018253486 0.999761974 -0.011950069 -4.683876766 -0.998549823 0.017623310 -0.050869966 110.746571624
-0.050473081 0.013162345 0.998638642 48.396445224 0.019173868 0.999741633 -0.012207798 -4.703876896 -0.998541393 0.018531601 -0.050712416 110.712671085
-0.050947226 0.012642601 0.998621280 49.079235851 0.019815035 0.999735835 -0.011645796 -4.729417842 -0.998504796 0.019194396 -0.051184282 110.682522075
-0.051504287 0.012871893 0.998589774 49.765533804 0.016306192 0.999794475 -0.012046395 -4.749206718 -0.998539684 0.015662757 -0.051703595 110.653131119
-0.051368158 0.012835996 0.998597249 50.448509493 0.014329876 0.999823929 -0.012114630 -4.776121680 -0.998577013 0.013687469 -0.051543054 110.629907031
-0.051089929 0.011807614 0.998624211 51.117636538 0.015905282 0.999812906 -0.011007948 -4.800579386 -0.998567437 0.015321005 -0.051268175 110.594788877
-0.052224907 0.011347572 0.998570832 51.795553255 0.015617647 0.999822431 -0.010544997 -4.825763227 -0.998513261 0.015044616 -0.052392857 110.568916592
-0.055873791 0.010680089 0.998380674 52.473371519 0.012404003 0.999873043 -0.010001871 -4.846425790 -0.998360828 0.011825075 -0.055999175 110.540424911
-0.060894150 0.010988920 0.998083695 53.145923931 0.010348141 0.999892606 -0.010377484 -4.860097331 -0.998090628 0.009696383 -0.061001327 110.505839483
-0.066570745 0.013666202 0.997688071 53.799275320 0.012497390 0.999839182 -0.012861778 -4.890410528 -0.997703480 0.011612280 -0.066730832 110.467078672
-0.073095865 0.016624570 0.997186309 54.460305506 0.013726896 0.999783119 -0.015661652 -4.907899759 -0.997230490 0.012543472 -0.073308218 110.421102060
-0.080401851 0.017954909 0.996600762 55.139487892 0.012357680 0.999778861 -0.017015196 -4.931550897 -0.996685965 0.010947621 -0.080605954 110.364901331
-0.086552202 0.017598338 0.996091829 55.824686287 0.009736914 0.999811156 -0.016817990 -4.952562792 -0.996199776 0.008243228 -0.086707212 110.312244154
-0.091868907 0.016539177 0.995633706 56.499132480 0.009348274 0.999832317 -0.015746341 -4.978816132 -0.995727271 0.007860859 -0.092008116 110.256371081
-0.096795493 0.016907079 0.995160640 57.197998864 0.007876900 0.999837414 -0.016220377 -5.005790872 -0.995273164 0.006268722 -0.096912932 110.195809296
-0.100578348 0.016539179 0.994791620 57.893176293 0.005211480 0.999856862 -0.016096485 -5.023737093 -0.994915535 0.003565380 -0.100650147 110.134406532
-0.103143783 0.013733507 0.994571600 58.589397914 0.006030372 0.999894934 -0.013181623 -5.043074423 -0.994648218 0.004638034 -0.103215766 110.066681780
-0.105003423 0.011030671 0.994410640 59.306147192 0.009206670 0.999906412 -0.010119468 -5.066326943 -0.994429285 0.008092633 -0.105095153 109.995425645
-0.106456409 0.008489192 0.994281089 60.021705645 0.009563262 0.999926043 -0.007513461 -5.084310683 -0.994271422 0.008708716 -0.106529721 109.921842738
-0.108007357 0.008173191 0.994116455 60.757753823 0.007221624 0.999946272 -0.007436516 -5.097525461 -0.994123907 0.006375937 -0.108060580 109.848327384
-0.108345284 0.011439880 0.994047456 61.494677628 0.009187179 0.999902606 -0.010505914 -5.122552256 -0.994070912 0.007994226 -0.108439834 109.773645585
-0.108657186 0.015203057 0.993962977 62.210005658 0.014270758 0.999803865 -0.013732357 -5.139375520 -0.993976884 0.012692487 -0.108852835 109.692868536
-0.108979677 0.019549866 0.993851674 62.940823279 0.020318595 0.999641510 -0.017435743 -5.174744237 -0.993836339 0.018293529 -0.109337836 109.608925109
-0.109836989 0.020780988 0.993732310 63.693219913 0.021788340 0.999591513 -0.018495254 -5.201756868 -0.993710817 0.019620316 -0.110244906 109.529179985
-0.110073671 0.018841548 0.993744786 64.449305281 0.019510430 0.999668618 -0.016792761 -5.225778499 -0.993731962 0.017539948 -0.110404802 109.452849071
-0.110071961 0.014982780 0.993810644 65.203322018 0.020152705 0.999714465 -0.012839723 -5.238144102 -0.993719334 0.018614681 -0.110342476 109.372241143
-0.110128901 0.012980756 0.993832502 65.952068481 0.023189868 0.999676071 -0.010487356 -5.268660103 -0.993646788 0.021891884 -0.110394250 109.287385576
-0.110989491 0.013045391 0.993735914 66.710651688 0.025607453 0.999619396 -0.010262552 -5.295943845 -0.993491658 0.024308011 -0.111281309 109.204211514
-0.112777154 0.013614886 0.993526983 67.458619373 0.022877819 0.999676620 -0.011102252 -5.318403163 -0.993356936 0.021477652 -0.113052164 109.136834617
-0.114699079 0.014427229 0.993295471 68.201071775 0.022765043 0.999670124 -0.011891064 -5.348892674 -0.993139445 0.021248521 -0.114989680 109.055102459
-0.116871746 0.014591958 0.993039771 68.922565443 0.022646987 0.999671214 -0.012024057 -5.370768668 -0.992888812 0.021084087 -0.117163785 108.972065988
-0.118695925 0.014832308 0.992819820 69.677221929 0.023486303 0.999650610 -0.012126467 -5.398241121 -0.992652888 0.021878307 -0.119002811 108.882326725
-0.120554077 0.014624841 0.992598985 70.415487088 0.023318561 0.999657298 -0.011896728 -5.426022158 -0.992432890 0.021711782 -0.120853794 108.796782330
-0.122075474 0.015355309 0.992401990 71.166308455 0.022663607 0.999662735 -0.012679800 -5.447101908 -0.992262074 0.020943518 -0.122382310 108.710760603
-0.123193168 0.016274497 0.992249213 71.922216678 0.021798521 0.999668652 -0.013689781 -5.478694109 -0.992143312 0.019943079 -0.123507110 108.619939221
-0.124130886 0.016921035 0.992121524 72.687890354 0.021435725 0.999666984 -0.014367759 -5.501863019 -0.992034332 0.019483363 -0.124452265 108.535132848
-0.125274230 0.017029796 0.991975942 73.451759284 0.020991263 0.999674346 -0.014511023 -5.532480296 -0.991900104 0.019004972 -0.125590913 108.441785078
-0.126320683 0.015834527 0.991863030 74.220027654 0.021261675 0.999686119 -0.013251594 -5.555896177 -0.991761619 0.019414721 -0.126617704 108.344612435
-0.127303099 0.013825787 0.991767455 75.012683170 0.019665938 0.999741468 -0.011412632 -5.584378159 -0.991668924 0.018051175 -0.127542085 108.253482696
-0.129147260 0.012187435 0.991550487 75.789934948 0.016763708 0.999808410 -0.010105499 -5.602691313 -0.991483760 0.015316966 -0.129326825 108.163437516
-0.131330650 0.011271132 0.991274502 76.573496818 0.015953870 0.999829898 -0.009254734 -5.621016756 -0.991210279 0.014599235 -0.131488129 108.061503059
-0.133287974 0.011688232 0.991008385 77.364574239 0.018016629 0.999793794 -0.009368661 -5.652504404 -0.990913619 0.016605901 -0.133471073 107.963334731
-0.135446060 0.013035961 0.990698918 78.148371823 0.017374973 0.999790928 -0.010780130 -5.670966772 -0.990632403 0.015753242 -0.135644244 107.859435364
-0.136649978 0.016504137 0.990481859 78.961700677 0.018854017 0.999723426 -0.014056966 -5.692064400 -0.990439999 0.016753679 -0.136923354 107.746942668
-0.137373862 0.019710259 0.990323101 79.765082621 0.020873434 0.999637581 -0.017000159 -5.717919314 -0.990299351 0.018336068 -0.137735497 107.644200111
-0.137982197 0.023623043 0.990152909 80.576078238 0.022159980 0.999538896 -0.020758881 -5.757127763 -0.990186816 0.019077414 -0.138442060 107.524887062
-0.137801236 0.024998324 0.990144343 81.396316587 0.024028633 0.999471594 -0.021889675 -5.778195671 -0.990168434 0.020775392 -0.138329098 107.414789023
-0.137500018 0.024295988 0.990203699 82.216762857 0.027055937 0.999418224 -0.020765081 -5.815422955 -0.990132216 0.023935690 -0.138077376 107.298212408
-0.137188484 0.022717428 0.990284381 83.049717973 0.027907317 0.999428766 -0.019061078 -5.844855861 -0.990151799 0.025021221 -0.137744101 107.185546952
-0.136597312 0.021545595 0.990392285 83.888659968 0.027552966 0.999459301 -0.017942672 -5.879369974 -0.990243450 0.024837326 -0.137117101 107.075286831
-0.134908783 0.019144800 0.990673011 84.733513361 0.026650479 0.999521728 -0.015686567 -5.902402232 -0.990499598 0.024285656 -0.135354479 106.972541480
-0.133407538 0.016790636 0.990918978 85.572352628 0.027325942 0.999538656 -0.013257797 -5.926839451 -0.990684513 0.025309106 -0.133804812 106.860083265
-0.131656541 0.013356663 0.991205363 86.422578109 0.027178270 0.999581978 -0.009859594 -5.952130360 -0.990922792 0.025641168 -0.131964518 106.750730110
-0.130041382 0.013361258 0.991418495 87.272528656 0.026867610 0.999589508 -0.009947234 -5.978082158 -0.991144517 0.025343494 -0.130346988 106.649198598
-0.128343957 0.017087279 0.991582457 88.123059018 0.027552554 0.999527047 -0.013657959 -6.014180987 -0.991346947 0.025567715 -0.128754057 106.544405296
-0.126849248 0.022912882 0.991657292 88.972961449 0.027588439 0.999427912 -0.019563413 -6.044611230 -0.991538315 0.024876675 -0.127408811 106.447257512
-0.125389940 0.025550655 0.991778424 89.827893071 0.024776335 0.999437178 -0.022615506 -6.090273194 -0.991798154 0.021736878 -0.125952421 106.348271154
-0.123698491 0.024481815 0.992017762 90.694147200 0.024761466 0.999460486 -0.021577889 -6.108414116 -0.992010906 0.021894663 -0.124237961 106.245590850
