1.000000000 0.000000000 0.000000000 0.000000000 0.000000000 1.000000000 0.000000000 0.000000000 0.000000000 -0.000000000 1.000000000 0.000000000
0.999998756 0.000670214 0.001427317 -0.025450032 -0.000671166 0.999999553 0.000665933 -0.009454488 -0.001426870 -0.000666891 0.999998760 0.668779775
0.999996101 0.000092823 0.002790840 -0.029058500 -0.000095643 0.999999485 0.001010287 -0.032899065 -0.002790746 -0.001010550 0.999995595 1.707921410
0.999992887 -0.000104173 0.003770136 -0.036661369 0.000100532 0.999999528 0.000965780 -0.063053762 -0.003770236 -0.000965394 0.999992427 2.967707795
0.999989330 -0.000426555 0.004599771 -0.037375607 0.000422832 0.999999582 0.000810621 -0.083317514 -0.004600116 -0.000808667 0.999989093 4.202231028
0.999984411 -0.000790700 0.005527445 -0.045107589 0.000789494 0.999999664 0.000220492 -0.111626997 -0.005527618 -0.000216124 0.999984699 5.417039740
0.999980526 -0.000525017 0.006218683 -0.041907791 0.000526425 0.999999836 -0.000224714 -0.137346594 -0.006218565 0.000227983 0.999980639 6.627900349
0.999979257 -0.000764876 0.006395326 -0.042571066 0.000758746 0.999999251 0.000960747 -0.164219076 -0.006396057 -0.000955875 0.999979088 7.837274459
0.999984457 -0.001362335 0.005406360 -0.052000668 0.001353004 0.999997590 0.001729082 -0.186678268 -0.005408703 -0.001721741 0.999983891 9.048663639
0.999991333 -0.002553315 0.003288781 -0.053559824 0.002548473 0.999995664 0.001475760 -0.211872713 -0.003292535 -0.001467366 0.999993503 10.245491732
0.999996286 -0.002485485 0.001117910 -0.055820576 0.002484363 0.999996410 0.001004159 -0.237118746 -0.001120403 -0.001001377 0.999998871 11.441651070
0.999997315 -0.002312650 -0.000146072 -0.066155258 0.002312781 0.999996921 0.000899561 -0.263777372 0.000143991 -0.000899897 0.999999585 12.641866883
0.999998977 -0.000871893 -0.001134357 -0.074829261 0.000872630 0.999999408 0.000649979 -0.286002128 0.001133790 -0.000650969 0.999999146 13.830780713
0.999998694 -0.001125552 -0.001160210 -0.074045381 0.001126432 0.999999078 0.000758229 -0.310929992 0.001159355 -0.000759535 0.999999040 15.040709738
0.999996856 -0.001721329 -0.001823166 -0.084711676 0.001723231 0.999997972 0.001042107 -0.337934169 0.001821368 -0.001045245 0.999997795 16.256392226
0.999995770 -0.001788081 -0.002293867 -0.095158019 0.001791205 0.999997470 0.001360547 -0.362194108 0.002291428 -0.001364650 0.999996444 17.454712562
0.999994490 -0.001810812 -0.002782128 -0.100369012 0.001812027 0.999998264 0.000434194 -0.388330299 0.002781338 -0.000439233 0.999996036 18.658562044
0.999993193 -0.001541043 -0.003352281 -0.115826603 0.001538997 0.999998627 -0.000613097 -0.415543231 0.003353223 0.000607933 0.999994193 19.854169644
0.999990447 -0.001477670 -0.004113713 -0.124432249 0.001477297 0.999998904 -0.000093690 -0.438579561 0.004113847 0.000087612 0.999991535 21.049214861
0.999987608 -0.001485708 -0.004751366 -0.136553030 0.001484933 0.999998883 -0.000166495 -0.462306109 0.004751609 0.000159436 0.999988698 22.260432619
0.999982795 -0.001052571 -0.005770621 -0.154186543 0.001047622 0.999999081 -0.000860580 -0.491225541 0.005771522 0.000854519 0.999982980 23.439131698
0.999978731 -0.000616598 -0.006492728 -0.170359322 0.000614396 0.999999753 -0.000341102 -0.517528810 0.006492937 0.000337105 0.999978864 24.657174052
0.999970157 -0.002200350 -0.007405550 -0.180550362 0.002209692 0.999996773 0.001253374 -0.537500557 0.007402768 -0.001269701 0.999971793 25.850408761
0.999963646 -0.002341134 -0.008199082 -0.197123842 0.002353809 0.999996050 0.001536562 -0.567550882 0.008195453 -0.001555805 0.999965206 27.050074285
0.999959180 -0.002816696 -0.008585121 -0.210365546 0.002820195 0.999995945 0.000395359 -0.590242404 0.008583973 -0.000419555 0.999963069 28.250000959
0.999947983 -0.003052341 -0.009732148 -0.234537175 0.003047072 0.999995203 -0.000556200 -0.617609845 0.009733799 0.000526517 0.999952487 29.442828404
0.999944366 -0.002700828 -0.010196568 -0.250456299 0.002693618 0.999996112 -0.000720842 -0.641027615 0.010198476 0.000693336 0.999947753 30.649328023
0.999934184 -0.003034541 -0.011064327 -0.271411094 0.003032275 0.999995379 -0.000221613 -0.666473197 0.011064950 0.000188047 0.999938764 31.840971895
0.999926767 -0.003226917 -0.011663958 -0.290194253 0.003228098 0.999994786 0.000082415 -0.690112702 0.011663632 -0.000120062 0.999931971 33.044291133
0.999919330 -0.004061155 -0.012035040 -0.314466901 0.004060115 0.999991751 -0.000110904 -0.719302556 0.012035392 0.000062031 0.999927570 34.255150554
0.999914295 -0.003400201 -0.012642778 -0.331522713 0.003398342 0.999994211 -0.000168504 -0.744580220 0.012643278 0.000125526 0.999920062 35.449588337
0.999911379 -0.004552090 -0.012510483 -0.351652151 0.004558069 0.999989511 0.000449449 -0.774181171 0.012508307 -0.000506434 0.999921640 36.664782980
0.999910557 -0.004272227 -0.012673825 -0.372874208 0.004292077 0.999989604 0.001539435 -0.793436929 0.012667118 -0.001593694 0.999918499 37.857557582
0.999912865 -0.004114889 -0.012543170 -0.396318697 0.004144898 0.999988607 0.002367391 -0.815924751 0.012533287 -0.002419175 0.999918529 39.057211190
0.999920463 -0.003221115 -0.012193889 -0.417268455 0.003245552 0.999992764 0.001984789 -0.840579163 0.012187408 -0.002024207 0.999923682 40.268641542
0.999923184 -0.001977758 -0.012235838 -0.441290338 0.002002277 0.999996012 0.001991939 -0.866191364 0.012231852 -0.002016285 0.999923155 41.464711236
0.999933728 0.000568652 -0.011498516 -0.462401734 -0.000529331 0.999994003 0.003422391 -0.881874943 0.011500395 -0.003416077 0.999928033 42.674183320
0.999949399 0.000451607 -0.010049621 -0.481220323 -0.000386670 0.999979042 0.006462571 -0.903184945 0.010052330 -0.006458358 0.999928617 43.871078420
0.999963308 0.001358657 -0.008458002 -0.503239862 -0.001281806 0.999957908 0.009085063 -0.919040801 0.008469989 -0.009073889 0.999922959 45.081202828
0.999979445 0.001274227 -0.006283778 -0.517305486 -0.001196131 0.999922198 0.012416397 -0.930499282 0.006299110 -0.012408625 0.999903169 46.288316446
0.999985039 0.000467489 -0.005449965 -0.532957527 -0.000391575 0.999903005 0.013922172 -0.942160727 0.005455945 -0.013919829 0.999888229 47.483914733
0.999992357 -0.000570476 -0.003868053 -0.546938743 0.000618152 0.999923723 0.012335566 -0.951257472 0.003860721 -0.012337863 0.999916432 48.681811460
0.999996971 0.000373366 -0.002432553 -0.557473683 -0.000347732 0.999944498 0.010529960 -0.967776115 0.002436350 -0.010529083 0.999941599 49.898665362
0.999997850 0.000579014 -0.001990875 -0.565201451 -0.000559385 0.999951369 0.009846225 -0.968714817 0.001996480 -0.009845091 0.999949543 51.097659475
0.999998795 0.000484558 -0.001474818 -0.576095256 -0.000470421 0.999954088 0.009570896 -0.991776939 0.001479387 -0.009570191 0.999953111 52.311165240
0.999996455 0.000062639 -0.002661994 -0.584616044 -0.000039768 0.999963102 0.008590227 -1.010138614 0.002662434 -0.008590091 0.999959560 53.510361501
0.999991610 0.000558229 -0.004058221 -0.598804864 -0.000523058 0.999962343 0.008662508 -1.016245715 0.004062904 -0.008660313 0.999954245 54.710321640
0.999986252 0.000067465 -0.005243251 -0.607215330 -0.000015547 0.999950984 0.009900978 -1.034740714 0.005243663 -0.009900761 0.999937238 55.926254988
0.999978549 0.000297941 -0.006543257 -0.625605054 -0.000230333 0.999946608 0.010330904 -1.047365000 0.006545985 -0.010329175 0.999925226 57.134045025
0.999974516 0.001026061 -0.007064981 -0.640962373 -0.000955007 0.999949009 0.010053243 -1.059974843 0.007074938 -0.010046239 0.999924506 58.345940130
0.999966756 0.001515753 -0.008011880 -0.659376811 -0.001436704 0.999950326 0.009863134 -1.075015040 0.008026433 -0.009851296 0.999919261 59.550776417
0.999966252 0.000524360 -0.008198802 -0.675645625 -0.000448089 0.999956636 0.009301896 -1.084932686 0.008203324 -0.009297908 0.999923124 60.755650776
0.999968077 -0.000474807 -0.007976226 -0.687791960 0.000542962 0.999963347 0.008544607 -1.107694832 0.007971877 -0.008548665 0.999931682 61.956699718
0.999963185 -0.000426979 -0.008570023 -0.705159365 0.000506567 0.999956748 0.009286836 -1.123469674 0.008565688 -0.009290836 0.999920151 63.161606998
0.999961725 -0.001319041 -0.008649139 -0.720837686 0.001415673 0.999936548 0.011175721 -1.132093118 0.008633849 -0.011187538 0.999900143 64.357491987
0.999959582 -0.000632672 -0.008968460 -0.740609030 0.000719261 0.999953133 0.009654799 -1.152353887 0.008961932 -0.009660860 0.999913172 65.549194172
0.999957159 0.001652458 -0.009107743 -0.761007489 -0.001577861 0.999965203 0.008191639 -1.169849061 0.009120963 -0.008176918 0.999924970 66.749840863
0.999954786 0.003501474 -0.008841102 -0.783624541 -0.003427343 0.999958962 0.008386161 -1.181487423 0.008870103 -0.008355480 0.999925751 67.939391944
0.999945894 0.005198353 -0.009010271 -0.806496438 -0.005119878 0.999948952 0.008710884 -1.199721229 0.009055093 -0.008664282 0.999921465 69.136092090
0.999942470 0.006782668 -0.008309745 -0.830937113 -0.006708237 0.999937424 0.008952489 -1.209948072 0.008369948 -0.008896230 0.999925398 70.325103832
0.999945203 0.007143371 -0.007652643 -0.846214808 -0.007068413 0.999927214 0.009777799 -1.230066619 0.007721933 -0.009723171 0.999922913 71.511798551
0.999944813 0.008798093 -0.005741458 -0.867285928 -0.008737970 0.999907594 0.010414005 -1.238493217 0.005832551 -0.010363263 0.999929289 72.702158548
0.999970224 0.007169974 -0.002853553 -0.880166613 -0.007144352 0.999934958 0.008890319 -1.250223556 0.002917112 -0.008869667 0.999956408 73.887531167
0.999986119 0.005222642 -0.000697218 -0.889752264 -0.005219871 0.999978695 0.003919606 -1.287630282 0.000717673 -0.003915913 0.999992075 75.058897630
0.999979659 0.006050587 0.002018055 -0.892988035 -0.006056157 0.999977837 0.002765375 -1.298636799 -0.002001278 -0.002777541 0.999994140 76.243709055
0.999976244 0.004979815 0.004765888 -0.897944055 -0.005009531 0.999967962 0.006243459 -1.312898640 -0.004734645 -0.006267185 0.999969153 77.419283269
0.999960729 0.003735264 0.008036576 -0.901390649 -0.003800012 0.999960325 0.008056493 -1.331964780 -0.008006164 -0.008086716 0.999935251 78.588892260
0.999911814 0.005300702 0.012176463 -0.902786353 -0.005375574 0.999966797 0.006124369 -1.345588880 -0.012143597 -0.006189285 0.999907109 79.775532508
0.999869020 0.004178060 0.015636068 -0.893878286 -0.004230515 0.999985529 0.003323148 -1.368374378 -0.015621960 -0.003388862 0.999872227 80.932642357
0.999813554 0.003596279 0.018971643 -0.882712683 -0.003593929 0.999993529 -0.000157903 -1.394662088 -0.018972090 0.000089691 0.999820010 82.104876319
0.999755540 0.002843279 0.021926612 -0.864396044 -0.002816215 0.999995234 -0.001265050 -1.423193888 -0.021930107 0.001202991 0.999758783 83.267126609
0.999666486 0.002296774 0.025722379 -0.845198536 -0.002304377 0.999997310 0.000265927 -1.448431828 -0.025721701 -0.000325111 0.999669089 84.429730819
0.999559261 0.002955987 0.029538913 -0.822513385 -0.002979545 0.999995277 0.000753524 -1.468507657 -0.029536549 -0.000841205 0.999563347 85.606602389
0.999447301 0.003063843 0.033101445 -0.791513561 -0.003024030 0.999994643 -0.001252768 -1.496952528 -0.033105108 0.001151977 0.999451212 86.745123083
0.999323235 0.003238615 0.036641266 -0.757552741 -0.003106529 0.999988472 -0.003661186 -1.527977074 -0.036652704 0.003544881 0.999321776 87.911359154
0.999206129 0.003423497 0.039691193 -0.713859269 -0.003267107 0.999986646 -0.004004369 -1.555866677 -0.039704374 0.003871515 0.999203971 89.053526873
0.999096001 0.001532516 0.042483325 -0.673806494 -0.001412018 0.999994895 -0.002866212 -1.581943281 -0.042487504 0.002803633 0.999093064 90.213095850
0.998966476 0.001104418 0.045439645 -0.626364412 -0.001035708 0.999998285 -0.001535610 -1.610032913 -0.045441267 0.001486961 0.998965905 91.383560072
0.998860527 0.000504939 0.047722048 -0.575715098 -0.000513733 0.999999853 0.000171996 -1.635516129 -0.047721958 -0.000196317 0.998860639 92.531350108
0.998728500 -0.001008256 0.050402044 -0.524732222 0.000949082 0.999998832 0.001197970 -1.660204084 -0.050403197 -0.001148612 0.998728291 93.705207956
0.998618290 -0.002175546 0.052505008 -0.467354294 0.002221706 0.999997195 -0.000820798 -1.684285500 -0.052503078 0.000936314 0.998620323 94.846166216
0.998489470 -0.003456885 0.054834556 -0.411685896 0.003698262 0.999983911 -0.004301049 -1.712488626 -0.054818810 0.004497345 0.998486191 96.001264474
0.998368525 -0.002687988 0.057035640 -0.355219971 0.003106087 0.999968944 -0.007243088 -1.739063835 -0.057014404 0.007408428 0.998345869 97.177681685
0.998281943 -0.002594816 0.058535712 -0.295871525 0.003079980 0.999961639 -0.008199636 -1.767931848 -0.058512195 0.008365838 0.998251640 98.334147099
0.998228403 -0.002389119 0.059450376 -0.239516061 0.002852848 0.999966157 -0.007716599 -1.798840635 -0.059429934 0.007872532 0.998201436 99.505623865
0.998290191 -0.002233584 0.058409811 -0.175785475 0.002586495 0.999978852 -0.005967085 -1.828730379 -0.058395253 0.006107959 0.998274856 100.678006560
0.998374054 -0.002913296 0.056927677 -0.117017921 0.003173872 0.999984894 -0.004487438 -1.861775110 -0.056913749 0.004660822 0.998368220 101.868462072
0.998455614 -0.002572868 0.055495663 -0.060408554 0.002786039 0.999989034 -0.003764185 -1.886432100 -0.055485374 0.003912985 0.998451832 103.056701374
0.998601088 -0.002453796 0.052818999 -0.010013320 0.002625886 0.999991468 -0.003188943 -1.916427592 -0.052810729 0.003323179 0.998599011 104.257766031
0.998743996 -0.001748704 0.050073673 0.042780217 0.001915313 0.999992789 -0.003279487 -1.941128984 -0.050067581 0.003371276 0.998740143 105.456395243
0.998934818 -0.000247778 0.046142920 0.092125795 0.000418587 0.999993096 -0.003692110 -1.966372869 -0.046141690 0.003707492 0.998928025 106.661397323
0.999109916 -0.000344586 0.042181223 0.134832585 0.000492261 0.999993787 -0.003490610 -1.993036043 -0.042179762 0.003508268 0.999103878 107.868990905
0.999258900 0.000359219 0.038490537 0.177997721 -0.000267141 0.999997091 -0.002397352 -2.017723857 -0.038491289 0.002385293 0.999256089 109.086222561
0.999421490 0.000499188 0.034006421 0.210045993 -0.000444499 0.999998596 -0.001615750 -2.046404322 -0.034007182 0.001599700 0.999420309 110.295071361
0.999555112 0.000695150 0.029817687 0.241607776 -0.000663149 0.999999194 -0.001083067 -2.073288572 -0.029818418 0.001062811 0.999554767 111.521858068
0.999694933 0.001247969 0.024667479 0.257753009 -0.001230282 0.999998975 -0.000732168 -2.101092636 -0.024668369 0.000701597 0.999695443 112.742733545
0.999801802 0.001975275 0.019810517 0.277259038 -0.001956939 0.999997639 -0.000944935 -2.124395843 -0.019812340 0.000905980 0.999803306 113.963023034
0.999882618 0.002623038 0.015095349 0.288213085 -0.002604553 0.999995834 -0.001244099 -2.148072645 -0.015098550 0.001204637 0.999885284 115.186489239
0.999941586 0.003416765 0.010254337 0.289718927 -0.003398563 0.999992619 -0.001792054 -2.177247659 -0.010260385 0.001757100 0.999945817 116.411024906
0.999962310 0.005281629 0.006890677 0.291353245 -0.005267383 0.999983955 -0.002084060 -2.204441907 -0.006901574 0.002047686 0.999974087 117.649182701
0.999961692 0.007460933 0.004577149 0.289555027 -0.007451571 0.999970116 -0.002059102 -2.223237042 -0.004592376 0.002024916 0.999987405 118.877018925
0.999959198 0.008348918 0.003449318 0.274608521 -0.008341389 0.999962809 -0.002191445 -2.256081754 -0.003467486 0.002162584 0.999991649 120.124831432
0.999943228 0.010291250 0.002762343 0.269809191 -0.010285439 0.999944878 -0.002109898 -2.284227716 -0.002783905 0.002081367 0.999993959 121.369587493
0.999928279 0.011903975 0.001316087 0.260056502 -0.011902197 0.999928253 -0.001351335 -2.306585050 -0.001332078 0.001335574 0.999998221 122.607646820
0.999925193 0.012181425 0.001105373 0.253612014 -0.012180474 0.999925443 -0.000863750 -2.340214058 -0.001115812 0.000850222 0.999999016 123.845767453
0.999881593 0.015388307 -0.000006098 0.233679495 -0.015388292 0.999880998 0.001091446 -2.362522565 0.000022893 -0.001091222 0.999999404 125.092566493
0.999860008 0.016720932 -0.000612562 0.229294823 -0.016718475 0.999852943 0.003819253 -2.370862978 0.000676333 -0.003808478 0.999992519 126.348872554
0.999886263 0.015047067 -0.001022410 0.217549643 -0.015042845 0.999878771 0.004019485 -2.400202622 0.001082768 -0.004003648 0.999991399 127.606022580
0.999879298 0.015446895 -0.001668519 0.205004714 -0.015442838 0.999877826 0.002418890 -2.421439463 0.001705679 -0.002392831 0.999995682 128.854400413
0.999910776 0.013214370 -0.001954242 0.202292258 -0.013208433 0.999908203 0.003020452 -2.438664382 0.001993976 -0.002994370 0.999993529 130.113400401
0.999941858 0.010209209 -0.003471562 0.186503780 -0.010191493 0.999935145 0.005083302 -2.465764165 0.003523233 -0.005047627 0.999981054 131.373453538
0.999962874 0.007747733 -0.003771255 0.178298054 -0.007721688 0.999946570 0.006872610 -2.482264552 0.003824301 -0.006843234 0.999969272 132.638743897
0.999980141 0.005177323 -0.003593474 0.169431207 -0.005148597 0.999955084 0.007957528 -2.496650032 0.003634512 -0.007938868 0.999961882 133.908560782
0.999991223 0.001400879 -0.003948646 0.159611853 -0.001375915 0.999979097 0.006317715 -2.520764931 0.003957415 -0.006312227 0.999972247 135.169190769
0.999994333 -0.000470084 -0.003333609 0.157005128 0.000487085 0.999986873 0.005100817 -2.534367103 0.003331167 -0.005102412 0.999981435 136.446807570
0.999990601 -0.002609240 -0.003462718 0.142045765 0.002626799 0.999983667 0.005075940 -2.560776869 0.003449417 -0.005084988 0.999981122 137.711556394
0.999992276 -0.002458614 -0.003066591 0.134088747 0.002474761 0.999983036 0.005272719 -2.574608447 0.003053575 -0.005280267 0.999981397 138.982334065
0.999995574 -0.002017716 -0.002186569 0.119615073 0.002032993 0.999973380 0.007007563 -2.595553599 0.002172372 -0.007011978 0.999973056 140.273685061
0.999998390 0.000026458 -0.001794423 0.105737085 -0.000010996 0.999962879 0.008616213 -2.604231861 0.001794584 -0.008616179 0.999961270 141.545938889
0.999999329 -0.000053704 -0.001157220 0.089968252 0.000062136 0.999973439 0.007288223 -2.631329344 0.001156798 -0.007288290 0.999972771 142.828226299
0.999999487 0.000998356 -0.000172860 0.083018317 -0.000997492 0.999987341 0.004931852 -2.644851197 0.000177782 -0.004931678 0.999987823 144.104338693
0.999999821 0.000535426 -0.000267646 0.069973339 -0.000534670 0.999995893 0.002815669 -2.667673577 0.000269152 -0.002815525 0.999996000 145.368301558
0.999999785 -0.000335197 0.000563151 0.074041163 0.000335800 0.999999370 -0.001071263 -2.700077430 -0.000562790 0.001071453 0.999999268 146.652000170
0.999999747 -0.000032346 0.000710127 0.067630716 0.000035804 0.999988140 -0.004870057 -2.725414923 -0.000709961 0.004870081 0.999987889 147.914944241
0.999999462 -0.000374667 0.000967331 0.062646844 0.000380216 0.999983443 -0.005741827 -2.761311614 -0.000965164 0.005742192 0.999983047 149.186465656
0.999998955 -0.000845521 0.001172169 0.054560571 0.000851938 0.999984597 -0.005484502 -2.796053748 -0.001167514 0.005485496 0.999984273 150.464793472
0.999999830 0.000097548 0.000574435 0.048027946 -0.000094640 0.999987192 -0.005060277 -2.828676636 -0.000574921 0.005060222 0.999987032 151.724412405
0.999999440 0.000386335 0.000985585 0.038938000 -0.000382210 0.999991182 -0.004182050 -2.863527685 -0.000987192 0.004181672 0.999990769 152.992681527
0.999999608 0.000824294 0.000323082 0.031757219 -0.000823082 0.999992684 -0.003735544 -2.893011502 -0.000326158 0.003735277 0.999992971 154.241717047
0.999999402 0.001084993 -0.000136197 0.024167777 -0.001085522 0.999991640 -0.003942158 -2.925098632 0.000131919 0.003942304 0.999992220 155.507578175
0.999998739 0.001549878 -0.000348418 0.017895852 -0.001551162 0.999991893 -0.003715976 -2.959788455 0.000342656 0.003716512 0.999993035 156.779516370
0.999998302 0.001142544 -0.001445402 0.002197081 -0.001146303 0.999995958 -0.002601949 -2.989875833 0.001442424 0.002603601 0.999995570 158.047549667
0.999997641 0.001582331 -0.001487685 -0.002268683 -0.001585875 0.999995901 -0.002383653 -3.018475476 0.001483908 0.002386006 0.999996052 159.310665046
0.999994915 0.002022701 -0.002465416 -0.014169791 -0.002030447 0.999992997 -0.003143601 -3.051435621 0.002459039 0.003148591 0.999992020 160.568081667
0.999990944 0.002800518 -0.003204491 -0.028142592 -0.002814012 0.999987160 -0.004214469 -3.082447355 0.003192647 0.004223448 0.999985984 161.832684729
0.999989145 0.003233000 -0.003355061 -0.039786047 -0.003248402 0.999984167 -0.004595056 -3.108718162 0.003340152 0.004605906 0.999983815 163.093097473
0.999984822 0.003110843 -0.004547244 -0.056102313 -0.003135084 0.999980862 -0.005333574 -3.147575453 0.004530566 0.005347749 0.999975438 164.367348556
0.999981647 0.003613312 -0.004863182 -0.069998123 -0.003644043 0.999973355 -0.006325359 -3.183204280 0.004840197 0.006342965 0.999968170 165.633683240
0.999975916 0.003789944 -0.005814024 -0.084087454 -0.003825648 0.999973818 -0.006142304 -3.215159494 0.005790593 0.006164398 0.999964234 166.899122787
0.999971207 0.003714299 -0.006617322 -0.100131195 -0.003746356 0.999981277 -0.004838508 -3.248145609 0.006599227 0.004863160 0.999966399 168.168294144
0.999969054 0.004020100 -0.006762354 -0.112603801 -0.004050971 0.999981409 -0.004557718 -3.281849419 0.006743907 0.004584972 0.999966748 169.429467919
0.999958147 0.004621702 -0.007895849 -0.132773680 -0.004654256 0.999980724 -0.004109517 -3.313134958 0.007876704 0.004146093 0.999960383 170.696116950
0.999957234 0.004666656 -0.007984552 -0.146402699 -0.004697986 0.999981322 -0.003909550 -3.345015117 0.007966159 0.003946894 0.999960480 171.960862683
0.999945635 0.005208025 -0.009033424 -0.173179393 -0.005250502 0.999975242 -0.004684830 -3.374418722 0.009008802 0.004732005 0.999948223 173.228692152
0.999936679 0.006157796 -0.009419038 -0.194471533 -0.006207708 0.999966797 -0.005279049 -3.409599673 0.009386219 0.005337185 0.999941705 174.500018014
0.999937453 0.006161704 -0.009333933 -0.215481685 -0.006209378 0.999967781 -0.005087218 -3.440952383 0.009302287 0.005144857 0.999943497 175.757975137
0.999932563 0.005776818 -0.010074630 -0.237090405 -0.005838999 0.999964020 -0.006153520 -3.472210605 0.010038720 0.006211932 0.999930315 177.021067591
0.999940667 0.005045412 -0.009654332 -0.255939926 -0.005118588 0.999958247 -0.007570021 -3.509943799 0.009615736 0.007618988 0.999924741 178.285325507
0.999945458 0.002204246 -0.010208925 -0.273252420 -0.002280724 0.999969381 -0.007485659 -3.557800561 0.010192113 0.007508534 0.999919868 179.547025761
0.999941001 0.002576541 -0.010552512 -0.295972897 -0.002620799 0.999987820 -0.004182426 -3.582385518 0.010541609 0.004209834 0.999935574 180.811396048
0.999947261 0.000732964 -0.010243966 -0.313489074 -0.000731279 0.999999718 0.000168208 -3.605998628 0.010244087 -0.000160707 0.999947515 182.078355071
0.999941004 0.001961081 -0.010683780 -0.339423172 -0.001961556 0.999998076 -0.000034009 -3.639825917 0.010683694 0.000054964 0.999942926 183.333860545
0.999943532 0.003459482 -0.010048045 -0.358261868 -0.003492646 0.999988506 -0.003284757 -3.667132832 0.010036566 0.003319665 0.999944122 184.601926759
0.999934336 0.004385857 -0.010587160 -0.383588400 -0.004441400 0.999976468 -0.005228433 -3.701135515 0.010563980 0.005275111 0.999930285 185.850242074
0.999936145 0.003649220 -0.010695287 -0.408653547 -0.003703765 0.999980214 -0.005084594 -3.734457175 0.010676521 0.005123883 0.999929876 187.091322248
0.999939943 0.003372257 -0.010427750 -0.430490736 -0.003413336 0.999986475 -0.003924002 -3.765574289 0.010414377 0.003959359 0.999937930 188.346804998
0.999939462 0.003447045 -0.010449419 -0.459416186 -0.003468160 0.999991979 -0.002003259 -3.794178330 0.010442431 0.002039378 0.999943396 189.581884093
0.999951005 0.002922532 -0.009457665 -0.482197369 -0.002933472 0.999995044 -0.001143162 -3.829138430 0.009454277 0.001170851 0.999954622 190.839782046
0.999959915 0.002832319 -0.008493799 -0.502632429 -0.002846102 0.999994652 -0.001611019 -3.854033763 0.008489191 0.001635128 0.999962630 192.066468014
0.999974004 0.001843521 -0.006970811 -0.520992457 -0.001865384 0.999993358 -0.003131047 -3.894946556 0.006964992 0.003143969 0.999970801 193.304913753
0.999982391 0.002539071 -0.005363792 -0.532079531 -0.002564085 0.999985847 -0.004661679 -3.926294033 0.005351880 0.004675349 0.999974749 194.541379302
0.999989650 0.001347256 -0.004345719 -0.545736094 -0.001369997 0.999985362 -0.005234323 -3.961412430 0.004338604 0.005240223 0.999976858 195.747463693
0.999994209 0.001741250 -0.002923873 -0.551372905 -0.001754371 0.999988377 -0.004490672 -3.995883124 0.002916020 0.004495775 0.999985643 196.984125629
0.999997757 0.001092907 -0.001814456 -0.563528997 -0.001098030 0.999995407 -0.002824746 -4.026230294 0.001811360 0.002826732 0.999994364 198.190531699
0.999998359 0.001621650 -0.000807125 -0.573479717 -0.001623487 0.999996079 -0.002281529 -4.059551347 0.000803423 0.002282835 0.999997072 199.397134822
0.999998317 0.001665468 0.000770614 -0.582317291 -0.001663506 0.999995392 -0.002539661 -4.089480349 -0.000774841 0.002538374 0.999996478 200.603198235
0.999996179 0.002222914 0.001643574 -0.590678862 -0.002219335 0.999995169 -0.002176197 -4.120779115 -0.001648404 0.002172541 0.999996281 201.787149057
0.999994243 0.001839348 0.002851535 -0.597402162 -0.001833585 0.999996274 -0.002022298 -4.152168100 -0.002855245 0.002017057 0.999993890 202.994547100
0.999990675 0.002370468 0.003609827 -0.609192036 -0.002362486 0.999994759 -0.002213817 -4.181355811 -0.003615056 0.002205267 0.999991034 204.162480630
0.999987863 0.002119438 0.004447730 -0.606468552 -0.002109977 0.999995504 -0.002130506 -4.208593836 -0.004452226 0.002121095 0.999987839 205.332557386
0.999986072 0.001075103 0.005167210 -0.611731949 -0.001063979 0.999997112 -0.002155158 -4.245381615 -0.005169513 0.002149631 0.999984327 206.511546265
0.999986507 0.001062110 0.005085166 -0.610577984 -0.001054702 0.999998379 -0.001459377 -4.273545305 -0.005086708 0.001453994 0.999986006 207.646033836
0.999987804 0.000430736 0.004919963 -0.619766810 -0.000428540 0.999999808 -0.000447232 -4.305811967 -0.004920156 0.000445118 0.999987796 208.785519277
0.999991579 0.000684401 0.004046376 -0.623520155 -0.000682366 0.999999639 -0.000504460 -4.329869730 -0.004046721 0.000501694 0.999991686 209.890204075
0.999993004 0.000905119 0.003629475 -0.629453584 -0.000900632 0.999998829 -0.001237711 -4.360579635 -0.003630592 0.001234433 0.999992647 210.976738286
0.999993460 0.001300757 0.003374564 -0.638231876 -0.001293276 0.999996704 -0.002217988 -4.389284325 -0.003377438 0.002213609 0.999991846 212.074665887
0.999996097 0.001095134 0.002570093 -0.638748179 -0.001089098 0.999996648 -0.002348805 -4.418316364 -0.002572656 0.002345997 0.999993939 213.139147734
0.999998664 0.000353001 0.001595801 -0.640661975 -0.000349319 0.999997279 -0.002306648 -4.452378823 -0.001596611 0.002306088 0.999996067 214.204984833
0.999999857 0.000310790 -0.000436048 -0.648949142 -0.000311563 0.999998377 -0.001774197 -4.477928719 0.000435496 0.001774332 0.999998331 215.254325015
0.999997152 -0.000662185 -0.002293085 -0.647358047 0.000661378 0.999999720 -0.000352387 -4.506889046 0.002293318 0.000350869 0.999997309 216.296489368
0.999991586 -0.000444980 -0.004077827 -0.660644838 0.000451246 0.999998719 0.001535560 -4.531654423 0.004077139 -0.001537387 0.999990506 217.324782356
0.999977613 -0.000462797 -0.006675256 -0.680338269 0.000473276 0.999998658 0.001568337 -4.560822092 0.006674522 -0.001571461 0.999976490 218.324565587
0.999959368 0.000228800 -0.009011687 -0.693406121 -0.000219147 0.999999402 0.001072152 -4.585400803 0.009011927 -0.001070133 0.999958819 219.318938935
0.999927923 0.000252764 -0.012003491 -0.711700017 -0.000238200 0.999999233 0.001214781 -4.607907015 0.012003790 -0.001211834 0.999927217 220.276850872
0.999890816 0.000648750 -0.014762593 -0.727903483 -0.000623402 0.999998324 0.001721580 -4.631246708 0.014763686 -0.001712188 0.999889545 221.220181039
0.999848251 0.000788449 -0.017402670 -0.751310468 -0.000760797 0.999998438 0.001595488 -4.656396989 0.017403903 -0.001582006 0.999847289 222.148570886
0.999784912 0.000725000 -0.020726908 -0.775599570 -0.000705399 0.999999297 0.000952976 -4.677930595 0.020727586 -0.000938151 0.999784720 223.045151936
0.999718546 0.000508385 -0.023718559 -0.799265534 -0.000496783 0.999999754 0.000495021 -4.704547575 0.023718807 -0.000483099 0.999718553 223.921329006
0.999635696 0.001577892 -0.026944125 -0.831420758 -0.001573224 0.999998743 0.000194440 -4.725011749 0.026944400 -0.000151980 0.999636922 224.770194834
0.999551306 0.001793813 -0.029899319 -0.862790217 -0.001809752 0.999998235 -0.000506017 -4.750521479 0.029898360 0.000559901 0.999552787 225.603303986
0.999483322 0.003473311 -0.031953476 -0.896911798 -0.003491079 0.999993781 -0.000500300 -4.767742586 0.031951543 0.000611592 0.999489232 226.412844287
0.999442347 0.004250370 -0.033119901 -0.935060286 -0.004261778 0.999990881 -0.000273844 -4.788695097 0.033118439 0.000414841 0.999451348 227.210799484
0.999459192 0.004269853 -0.032605105 -0.967303472 -0.004251422 0.999990761 0.000634590 -4.812430101 0.032607517 -0.000495629 0.999468111 228.000881909
0.999469489 0.004433948 -0.032265792 -0.994103133 -0.004390173 0.999989345 0.001427421 -4.830912096 0.032271780 -0.001285011 0.999478304 228.757365558
0.999479498 0.004186217 -0.031987628 -1.020211529 -0.004152045 0.999990737 0.001134664 -4.853454962 0.031992084 -0.001001259 0.999487620 229.505667189
0.999495862 0.004610838 -0.031412787 -1.053243845 -0.004638623 0.999988912 -0.000811662 -4.870680362 0.031408699 0.000956964 0.999506167 230.247010214
0.999514702 0.004773652 -0.030782678 -1.077621588 -0.004864884 0.999983991 -0.002889502 -4.890463326 0.030768394 0.003037854 0.999521925 230.971086022
0.999558861 0.004756921 -0.029316466 -1.102966820 -0.004885461 0.999978758 -0.004314490 -4.911585287 0.029295323 0.004455811 0.999560869 231.706469703
0.999586620 0.005535884 -0.028212441 -1.130325923 -0.005673678 0.999972353 -0.004806433 -4.930596803 0.028185056 0.004964515 0.999590394 232.426645253
0.999635782 0.005003225 -0.026519239 -1.150941177 -0.005140522 0.999973723 -0.005111593 -4.951105920 0.026492970 0.005246054 0.999635234 233.140088397
0.999687787 0.004808121 -0.024519616 -1.170400589 -0.004933103 0.999975135 -0.005039254 -4.973602994 0.024494779 0.005158638 0.999686648 233.872626233
0.999729555 0.004580528 -0.022799927 -1.189942697 -0.004700903 0.999975280 -0.005228827 -4.991847032 0.022775415 0.005334593 0.999726374 234.572017134
0.999780844 0.004492461 -0.020447051 -1.209158275 -0.004604200 0.999974707 -0.005420994 -5.014237004 0.020422183 0.005513949 0.999776240 235.290258308
0.999827014 0.004656474 -0.018007236 -1.225601057 -0.004751181 0.999975088 -0.005220158 -5.031012478 0.017982482 0.005304812 0.999824229 235.979861696
0.999882891 0.003909042 -0.014796124 -1.237973671 -0.003979052 0.999981014 -0.004705176 -5.051490878 0.014777451 0.004763500 0.999879461 236.687135360
0.999925281 0.003006672 -0.011848692 -1.246282314 -0.003057204 0.999986300 -0.004248923 -5.074089253 0.011835755 0.004284829 0.999920775 237.401821861
0.999955795 0.002344747 -0.009105496 -1.255384480 -0.002383921 0.999987940 -0.004293688 -5.093076431 0.009095320 0.004315205 0.999949325 238.100110508
0.999981951 0.001990428 -0.005668683 -1.264315105 -0.002016514 0.999987387 -0.004599865 -5.113472861 0.005659457 0.004611213 0.999973353 238.789920150
0.999994408 0.001871791 -0.002771176 -1.268651092 -0.001885153 0.999986573 -0.004827053 -5.130404332 0.002762104 0.004832250 0.999984510 239.469740632
0.999996150 0.002773895 0.000083218 -1.275173268 -0.002773379 0.999980153 -0.005656943 -5.148821070 -0.000098908 0.005656689 0.999983996 240.158551188
0.999990627 0.003047322 0.003075661 -1.275753236 -0.003027906 0.999975584 -0.006297911 -5.170982609 -0.003094778 0.006288538 0.999975438 240.867652495
0.999979666 0.002612863 0.005817120 -1.279646098 -0.002581719 0.999982329 -0.005354900 -5.184749249 -0.005831009 0.005339774 0.999968742 241.553076918
0.999959588 0.002980896 0.008481547 -1.277134413 -0.002939528 0.999983744 -0.004885777 -5.200682622 -0.008495973 0.004860648 0.999952095 242.262708496
0.999938900 0.002527541 0.010761381 -1.271009552 -0.002473905 0.999984468 -0.004994518 -5.220627456 -0.010773839 0.004967590 0.999929621 242.963256015
0.999912871 0.002083194 0.013034904 -1.269645005 -0.002000162 0.999977649 -0.006379806 -5.236995084 -0.013047904 0.006353179 0.999894689 243.681420295
0.999889001 0.002695228 0.014653354 -1.261455188 -0.002564241 0.999956655 -0.008950488 -5.258076109 -0.014676843 0.008911920 0.999852573 244.389393252
0.999876846 0.001944860 0.015572789 -1.251876948 -0.001780089 0.999942365 -0.010587584 -5.277916300 -0.015592484 0.010558558 0.999822680 245.109109201
0.999869820 0.001541076 0.016061368 -1.247124587 -0.001363176 0.999937671 -0.011081368 -5.291626912 -0.016077446 0.011058031 0.999809600 245.828214965
0.999873318 0.001148944 0.015875410 -1.233020185 -0.000967829 0.999934419 -0.011411485 -5.320439313 -0.015887481 0.011394676 0.999808856 246.554243698
0.999864388 0.001858910 0.016363050 -1.222911812 -0.001666389 0.999929327 -0.011771367 -5.342896955 -0.016383777 0.011742503 0.999796822 247.295582607
0.999858916 0.002620488 0.016591601 -1.218897360 -0.002415615 0.999920744 -0.012356019 -5.360307027 -0.016622666 0.012314197 0.999786001 248.024190266
0.999855598 0.001955145 0.016880759 -1.214423107 -0.001713274 0.999895840 -0.014330857 -5.383394900 -0.016907021 0.014299867 0.999754803 248.769653223
0.999845644 -0.001882903 0.017468326 -1.193230308 0.002170694 0.999861992 -0.016470715 -5.416372328 -0.017434904 0.016506092 0.999711745 249.521815299
0.999837657 -0.003448791 0.017685141 -1.183578264 0.003757686 0.999840450 -0.017462956 -5.450689094 -0.017622095 0.017526577 0.999691093 250.277555952
0.999826148 -0.002982341 0.018405936 -1.181888866 0.003236241 0.999899813 -0.013780089 -5.469851988 -0.018362997 0.013837259 0.999735630 251.049770113
0.999820793 0.001707268 0.018853853 -1.178159306 -0.001560095 0.999968223 -0.007817942 -5.480893276 -0.018866603 0.007787127 0.999791684 251.830992509
0.999808231 0.000442492 0.019578173 -1.163514352 -0.000365737 0.999992234 -0.003923836 -5.506047443 -0.019579759 0.003915923 0.999800630 252.627238900
0.999760923 -0.001416620 0.021819464 -1.145308973 0.001546370 0.999981217 -0.005930778 -5.525747021 -0.021810654 0.005963101 0.999744335 253.429278870
0.999670078 0.000737325 0.025674737 -1.130734062 -0.000421107 0.999924023 -0.012319541 -5.550441124 -0.025681872 0.012304665 0.999594436 254.217807967
0.999546141 0.003677913 0.029899569 -1.125955194 -0.003188987 0.999860695 -0.016383568 -5.569463940 -0.029955664 0.016280783 0.999418628 255.038040011
0.999446622 0.004820460 0.032912185 -1.096902238 -0.004288157 0.999859172 -0.016224913 -5.595313259 -0.032985764 0.016074802 0.999326543 255.851020503
0.999342011 0.003237071 0.036125702 -1.071100541 -0.002732032 0.999897973 -0.014020681 -5.618891920 -0.036167405 0.013912760 0.999248895 256.681543248
0.999241786 -0.000475692 0.038931061 -1.039271917 0.000891403 0.999942768 -0.010661475 -5.645999376 -0.038923764 0.010688095 0.999185021 257.528550125
0.999125891 -0.002977141 0.041696402 -0.998736117 0.003353300 0.999954287 -0.008954314 -5.670149305 -0.041667841 0.009086307 0.999090202 258.354454314
0.998980534 -0.003399041 0.045014877 -0.970794798 0.003786421 0.999956509 -0.008523141 -5.694778465 -0.044983952 0.008684897 0.998949957 259.209360925
0.998880768 -0.000767090 0.047292961 -0.939167589 0.001267636 0.999943492 -0.010554851 -5.720058117 -0.047282197 0.010602988 0.998825296 260.027806917
0.998758109 -0.000126591 0.049821921 -0.906771718 0.000766649 0.999917424 -0.012828030 -5.747574483 -0.049816187 0.012850295 0.998675732 260.859676428
0.998623385 0.000360154 0.052451930 -0.867469296 0.000328541 0.999913864 -0.013120812 -5.772234797 -0.052452143 0.013119983 0.998537250 261.706253446
0.998480570 0.000930238 0.055097063 -0.826495646 -0.000311327 0.999936773 -0.011240634 -5.796089300 -0.055104042 0.011206401 0.998417729 262.547011962
0.998294028 0.001629583 0.058364176 -0.787833928 -0.001079292 0.999954682 -0.009458867 -5.824365937 -0.058376950 0.009379739 0.998250546 263.409447576
0.998125274 0.002619845 0.061147973 -0.740083593 -0.002044489 0.999953069 -0.009469922 -5.849794452 -0.061169919 0.009327153 0.998083787 264.231452741
0.997967599 0.002682133 0.063666923 -0.691483653 -0.002043843 0.999947022 -0.010088482 -5.879036564 -0.063690613 0.009937853 0.997920210 265.075197141
0.997794803 0.001067963 0.066365586 -0.635692036 -0.000366858 0.999944009 -0.010575570 -5.904710863 -0.066373171 0.010527902 0.997739328 265.927672638
0.997680295 -0.001407175 0.068059146 -0.574448060 0.002093273 0.999947701 -0.010010658 -5.930680417 -0.068041506 0.010129903 0.997631064 266.761610930
0.997617717 -0.003308626 0.068905334 -0.522597504 0.003986174 0.999945029 -0.009697845 -5.957915958 -0.068869465 0.009949410 0.997576065 267.620498611
0.997585712 -0.003841282 0.069339682 -0.462145149 0.004532909 0.999941509 -0.009819892 -5.983294220 -0.069297911 0.010110495 0.997544775 268.460992248
0.997553431 -0.003895237 0.069799562 -0.408925219 0.004586845 0.999941939 -0.009750946 -6.010411848 -0.069757533 0.010047251 0.997513378 269.314129648
0.997555687 -0.003912584 0.069766339 -0.356666248 0.004575963 0.999945805 -0.009351307 -6.034277984 -0.069725976 0.009647698 0.997519529 270.180279606
0.997597530 -0.003631775 0.069180757 -0.300728307 0.004253727 0.999951834 -0.008845051 -6.057831030 -0.069145308 0.009118077 0.997564929 271.021432633
0.997672616 -0.003617136 0.068090140 -0.247841101 0.004278892 0.999944999 -0.009575477 -6.087116369 -0.068051765 0.009844542 0.997633221 271.893598965
0.997793389 -0.003589956 0.066298302 -0.195288488 0.004287874 0.999936853 -0.010387652 -6.112527498 -0.066256830 0.010649010 0.997745775 272.741972723
0.997907408 -0.002498555 0.064610856 -0.146845359 0.003227453 0.999932300 -0.011179453 -6.140287636 -0.064578555 0.011364588 0.997847912 273.600588291
0.997983300 -0.001902988 0.063448490 -0.101213239 0.002632791 0.999931316 -0.011420679 -6.165501842 -0.063422404 0.011564694 0.997919764 274.457011913
0.998098440 -0.000746702 0.061635604 -0.061637337 0.001468393 0.999930889 -0.011664524 -6.190777225 -0.061622639 0.011732849 0.998030556 275.302640188
0.998224852 -0.000166981 0.059557687 -0.011377149 0.000842016 0.999935694 -0.011309221 -6.221769063 -0.059551974 0.011339295 0.998160801 276.158677519
0.998398134 -0.000008541 0.056578845 0.027160632 0.000573783 0.999950092 -0.009974095 -6.254700055 -0.056575941 0.009990582 0.998348312 277.013292722
0.998613079 -0.001863336 0.052616020 0.072937249 0.002257939 0.999969764 -0.007441212 -6.278049358 -0.052600569 0.007549696 0.998587093 277.860998047
0.998853816 -0.002905517 0.047776690 0.115873366 0.003171155 0.999979928 -0.005485112 -6.309798774 -0.047759799 0.005630333 0.998842982 278.713820363
0.999066307 -0.002843321 0.043109513 0.142461561 0.003034813 0.999985815 -0.004377185 -6.335559358 -0.043096459 0.004503927 0.999060763 279.534131617
0.999260815 -0.003455186 0.038286882 0.174092669 0.003601239 0.999986498 -0.003746366 -6.360503334 -0.038273423 0.003881478 0.999259765 280.374951936
0.999427705 -0.003641049 0.033630412 0.194222069 0.003754578 0.999987462 -0.003313249 -6.382932223 -0.033617930 0.003437622 0.999428845 281.177059008
0.999567583 -0.004824849 0.029006326 0.213285192 0.004915362 0.999983268 -0.003049937 -6.405757937 -0.028991127 0.003191195 0.999574575 281.968296947
0.999676255 -0.004898589 0.024967777 0.227541366 0.004983186 0.999982049 -0.003327138 -6.429671545 -0.024951033 0.003450481 0.999682720 282.762120268
0.999767792 -0.004671816 0.021036541 0.231431087 0.004747498 0.999982432 -0.003549133 -6.450865847 -0.021019592 0.003648179 0.999772408 283.518680115
0.999839786 -0.004128497 0.017417204 0.241311745 0.004193087 0.999984462 -0.003673492 -6.470726789 -0.017401769 0.003745936 0.999841560 284.278195540
