1.000000000 0.000000000 0.000000000 0.000000000 0.000000000 1.000000000 0.000000000 0.000000000 0.000000000 -0.000000000 1.000000000 0.000000000
0.999976773 0.000443598 -0.006801224 -0.007026472 -0.000446337 0.999999820 -0.000401199 -0.004222301 0.006801045 0.000404225 0.999976791 0.091708689
0.999895177 0.000946804 -0.014447792 -0.017076469 -0.000958727 0.999999206 -0.000818360 -0.007971134 0.014447008 0.000832126 0.999895291 0.194386209
0.999721374 0.001588204 -0.023551032 -0.028906672 -0.001635044 0.999996724 -0.001969761 -0.009188494 0.023547828 0.002007720 0.999720695 0.292672184
0.999387529 0.001887021 -0.034942879 -0.047361778 -0.002005665 0.999992342 -0.003360630 -0.006509354 0.034936273 0.003428655 0.999383660 0.410568362
0.998815742 0.001674880 -0.048624146 -0.067822970 -0.001888243 0.999988789 -0.004342388 -0.007051900 0.048616333 0.004429060 0.998807707 0.534376015
0.997889609 0.001657477 -0.064912102 -0.092148577 -0.001956420 0.999987771 -0.004542043 -0.009425042 0.064903785 0.004659453 0.997880649 0.681547231
0.996518373 0.000676135 -0.083370708 -0.124769909 -0.001067297 0.999988631 -0.004647365 -0.011840375 0.083366625 0.004720166 0.996507766 0.837698698
0.994644772 -0.000315768 -0.103352193 -0.159830068 -0.000179253 0.999988558 -0.004780326 -0.018089588 0.103352529 0.004773252 0.994633336 1.000529812
0.992095904 -0.000550499 -0.125480732 -0.203598654 -0.000067529 0.999987890 -0.004920977 -0.024020848 0.125481933 0.004890555 0.992083851 1.168248631
0.988740583 0.002997977 -0.149609728 -0.264682382 -0.003980029 0.999972453 -0.006265105 -0.032393847 0.149586836 0.006790014 0.988725278 1.349537778
0.984561665 0.006631366 -0.174912406 -0.328362650 -0.008168137 0.999934097 -0.008067498 -0.034952438 0.174847395 0.009371658 0.984550945 1.534521219
0.979312267 0.009613207 -0.202126362 -0.405168379 -0.011630556 0.999893681 -0.008795290 -0.040554361 0.202020338 0.010964177 0.979319954 1.713373528
0.972823556 0.011104592 -0.231281240 -0.487164794 -0.013503702 0.999870162 -0.008792623 -0.049871176 0.231153591 0.011676824 0.972847199 1.912335589
0.964866867 0.012658060 -0.262434173 -0.560386928 -0.015386264 0.999846814 -0.008343329 -0.057239593 0.262288384 0.012088084 0.964913825 2.095837831
0.955774125 0.014358839 -0.293750981 -0.671260403 -0.017343092 0.999821040 -0.007556771 -0.056067374 0.293589930 0.012317116 0.955852106 2.301229488
0.944688126 0.017334325 -0.327511612 -0.774648685 -0.020460309 0.999772049 -0.006101268 -0.068543871 0.327331222 0.012464784 0.944827450 2.494430605
0.932253478 0.019471338 -0.361281479 -0.875471275 -0.023069184 0.999717917 -0.005647897 -0.067536661 0.361069626 0.013599740 0.932439695 2.671051302
0.918783429 0.022476870 -0.394121538 -1.023847447 -0.026548055 0.999635628 -0.004879792 -0.070438326 0.393868281 0.014946633 0.919045369 2.884284927
0.903006169 0.022785972 -0.429022892 -1.155482262 -0.027383257 0.999614675 -0.004545344 -0.065191063 0.428754045 0.015852518 0.903282173 3.070108339
0.884804177 0.018959085 -0.465577172 -1.274379758 -0.024154974 0.999694723 -0.005195967 -0.063712468 0.465336571 0.015843418 0.884992022 3.252149774
0.864019097 0.015061118 -0.503233684 -1.440405528 -0.020488355 0.999776280 -0.005255173 -0.076167017 0.503041995 0.014851001 0.864134377 3.457066859
0.839540188 0.016691749 -0.543041096 -1.592897546 -0.021248586 0.999771976 -0.002119724 -0.086144171 0.542881934 0.013318450 0.839703430 3.625866478
0.811294899 0.021363279 -0.584246668 -1.810069031 -0.025297802 0.999678944 0.001424816 -0.088031534 0.584089579 0.013624211 0.811574872 3.818131287
0.779392847 0.024721181 -0.626047617 -2.021929440 -0.028821434 0.999578129 0.003590036 -0.091913220 0.625872309 0.015245542 0.779776544 3.979962994
0.744030582 0.024042222 -0.667712832 -2.204771734 -0.028672435 0.999580688 0.004042118 -0.085795654 0.667530090 0.016137493 0.744407951 4.126675710
0.705175066 0.020701833 -0.708730920 -2.464134481 -0.023960426 0.999698535 0.005360706 -0.094440338 0.708628299 0.013201258 0.705458506 4.310214802
0.663142859 0.018012482 -0.748276052 -2.704653683 -0.019683905 0.999784321 0.006622364 -0.100158321 0.748234013 0.010337422 0.663354391 4.460272418
0.619004114 0.017486399 -0.785193020 -2.947157187 -0.017403994 0.999812019 0.008545628 -0.101522288 0.785194918 0.008375715 0.619192088 4.594764339
0.571676024 0.017797806 -0.820286354 -3.251873924 -0.015162820 0.999823136 0.011125916 -0.096876896 0.820339361 0.006077435 0.571844782 4.754413029
0.521222015 0.018927713 -0.853211164 -3.547746973 -0.014170497 0.999808143 0.013523155 -0.104216334 0.853303503 0.005041859 0.521390231 4.873218817
0.468964342 0.020322629 -0.882983221 -3.844284514 -0.013550177 0.999783128 0.015814197 -0.097276218 0.883113188 0.004548284 0.469138014 4.969246098
0.414976242 0.022348242 -0.909557696 -4.208696067 -0.012523447 0.999743879 0.018850465 -0.093934496 0.909746091 0.003568302 0.415149837 5.081860510
0.360252223 0.024535963 -0.932532170 -4.526410520 -0.012255280 0.999692255 0.021568607 -0.090831265 0.932774473 0.003658303 0.360442054 5.135989445
0.305146484 0.027315158 -0.951913562 -4.930653504 -0.010377151 0.999624580 0.025357715 -0.086968898 0.952248924 0.002140333 0.305315381 5.231367764
0.251709894 0.028986862 -0.967368499 -5.308142045 -0.006376990 0.999579338 0.028292752 -0.084454449 0.967781763 -0.000952668 0.251788859 5.280190727
0.201219066 0.029975766 -0.979087463 -5.679050241 -0.004207259 0.999548887 0.029737549 -0.091246734 0.979537272 -0.001864489 0.201254410 5.306197313
0.153442831 0.030584798 -0.987684052 -6.116681527 -0.005441590 0.999531890 0.030106295 -0.078982815 0.988142585 0.000754975 0.153537434 5.333506013
0.111016053 0.030835018 -0.993340100 -6.533748433 -0.007722278 0.999515143 0.030163656 -0.061954356 0.993788652 0.004322198 0.111200344 5.328650154
0.072882771 0.029635348 -0.996900077 -6.994162616 -0.009131830 0.999536360 0.029046093 -0.050892952 0.997298749 0.006986562 0.073119606 5.332945074
0.038123932 0.027025896 -0.998907444 -7.461085731 -0.008469882 0.999607033 0.026721565 -0.045417811 0.999237165 0.007441897 0.038337858 5.324783394
0.006896267 0.024961419 -0.999664586 -7.919731373 -0.008522769 0.999653558 0.024902347 -0.042217466 0.999939942 0.008348176 0.007106620 5.294697010
-0.020115828 0.022912278 -0.999535040 -8.419916135 -0.008529661 0.999697057 0.023087651 -0.032954286 0.999761313 0.008990122 -0.019914299 5.259360585
-0.041184261 0.020773847 -0.998935543 -8.919478200 -0.009187989 0.999733687 0.021169247 -0.024950044 0.999109364 0.010050048 -0.040982421 5.226812862
-0.058000508 0.019746362 -0.998121204 -9.454362217 -0.008572736 0.999757649 0.020276894 -0.010564728 0.998279787 0.009732699 -0.057817170 5.186406983
-0.071042141 0.020165519 -0.997269413 -10.005620627 -0.007241479 0.999758849 0.020731715 -0.010202318 0.997447071 0.008694531 -0.070878979 5.137506079
-0.080648400 0.021169893 -0.996517730 -10.553803226 -0.008876756 0.999719523 0.021956308 -0.007115001 0.996703127 0.010616585 -0.080437858 5.078415579
-0.087862167 0.022321529 -0.995882476 -11.137264166 -0.009017348 0.999690120 0.023202431 -0.004865953 0.996091869 0.011018833 -0.087633658 5.023052015
-0.092108746 0.023123297 -0.995480391 -11.724793791 -0.008748107 0.999672959 0.024030117 0.002543080 0.995710567 0.010921953 -0.091876336 4.960304932
-0.093597998 0.023836748 -0.995324641 -12.344719514 -0.008420272 0.999658646 0.024732363 0.007454288 0.995574506 0.010695804 -0.093365335 4.900192825
-0.092788807 0.025707121 -0.995353856 -12.965491296 -0.005262301 0.999640023 0.026308381 0.012922790 0.995671949 0.007678974 -0.092620124 4.850193639
-0.091510923 0.027859961 -0.995414230 -13.624086350 -0.005772101 0.999576924 0.028507110 0.024493183 0.995787386 0.008354344 -0.091311395 4.787606184
-0.089731297 0.027773311 -0.995578653 -14.260295878 -0.006495976 0.999573533 0.028470234 0.030637248 0.995944868 0.009021926 -0.089512614 4.722026296
-0.088070038 0.025937576 -0.995776495 -14.915044250 -0.009565845 0.999592816 0.026883017 0.041542688 0.996068395 0.011893031 -0.087786061 4.651148639
-0.086628653 0.025544599 -0.995913082 -15.610142090 -0.009927306 0.999599448 0.026502668 0.049166879 0.996191251 0.012182623 -0.086340364 4.587081095
-0.085021695 0.027800923 -0.995991133 -16.315093980 -0.010006863 0.999536424 0.028754105 0.060821394 0.996328890 0.012411469 -0.084704079 4.526537423
-0.083182236 0.030976134 -0.996052765 -17.049743085 -0.009828556 0.999442664 0.031902356 0.073472491 0.996485925 0.012443469 -0.082831423 4.464005447
-0.081458541 0.032840836 -0.996135483 -17.760138244 -0.010567613 0.999372350 0.033811710 0.088890295 0.996620748 0.013281027 -0.081060363 4.402543547
-0.079733046 0.032408913 -0.996289225 -18.509126417 -0.011040295 0.999381316 0.033393050 0.098804932 0.996755154 0.013661856 -0.079325912 4.333902314
-0.078100184 0.029766089 -0.996501007 -19.268724463 -0.013720676 0.999427411 0.030928850 0.109552842 0.996851136 0.016088216 -0.077647052 4.260818128
-0.076576149 0.029193872 -0.996636206 -20.022427145 -0.015111757 0.999422458 0.030436593 0.124222231 0.996949252 0.017391641 -0.076090751 4.194441755
-0.075301838 0.030829686 -0.996684042 -20.810725665 -0.013804004 0.999393935 0.031956432 0.143592281 0.997065277 0.016164609 -0.074830626 4.137966771
-0.073970958 0.032971958 -0.996715136 -21.594063287 -0.011813365 0.999354188 0.033935984 0.157514525 0.997190466 0.014284836 -0.073533676 4.068074800
-0.072807280 0.034312433 -0.996755573 -22.398890881 -0.008633752 0.999348885 0.035032350 0.175475553 0.997308700 0.011156350 -0.072463627 4.010347889
-0.072090797 0.030160011 -0.996941927 -23.206805471 -0.006855964 0.999504107 0.030733289 0.183155326 0.997374552 0.009050585 -0.071848269 3.943379566
-0.071785887 0.023774010 -0.997136650 -24.013136694 -0.008564436 0.999664347 0.024450846 0.188103315 0.997383337 0.010295138 -0.071558179 3.878603258
-0.071982451 0.018895515 -0.997226856 -24.840448574 -0.008793147 0.999769657 0.019578407 0.196576701 0.997367179 0.010178064 -0.071799719 3.818787508
-0.072337926 0.019681845 -0.997185924 -25.668396917 -0.008325874 0.999758522 0.020336596 0.199113885 0.997345471 0.009773551 -0.072156588 3.756664518
-0.072432844 0.026280100 -0.997026958 -26.519082527 -0.008075400 0.999604577 0.026934709 0.214728864 0.997340641 0.010002349 -0.072191978 3.684686235
-0.072788914 0.033464967 -0.996785727 -27.366154798 -0.006957681 0.999395548 0.034060660 0.226657443 0.997323142 0.009414554 -0.072512077 3.617461933
-0.073143651 0.038329771 -0.996584543 -28.196644783 -0.008763367 0.999197913 0.039073464 0.241277834 0.997282956 0.011591410 -0.072749084 3.547277888
-0.073872953 0.039143379 -0.996499121 -29.046570677 -0.009422658 0.999157397 0.039946322 0.250051092 0.997223187 0.012340622 -0.073441872 3.474736097
-0.073895628 0.035915227 -0.996619009 -29.892786830 -0.011844754 0.999249197 0.036888255 0.261078523 0.997195679 0.014530588 -0.073414738 3.396809895
-0.074383923 0.033689424 -0.996660409 -30.723988712 -0.012668923 0.999316612 0.034724729 0.270773271 0.997149244 0.015209574 -0.073906279 3.334556231
-0.074792569 0.034430925 -0.996604485 -31.565701180 -0.013413719 0.999278587 0.035529973 0.284765918 0.997108935 0.016025551 -0.074276765 3.266822154
-0.074534034 0.036056655 -0.996566361 -32.413486671 -0.013739537 0.999214126 0.037180043 0.307568118 0.997123857 0.016463539 -0.073980057 3.199369514
-0.074683382 0.034709451 -0.996603011 -33.249235889 -0.013408516 0.999268765 0.035807098 0.317059924 0.997117189 0.016037162 -0.074163367 3.126118272
-0.074151590 0.030114181 -0.996792151 -34.076357508 -0.014943574 0.999398176 0.031304565 0.326940474 0.997135053 0.017216920 -0.073656950 3.052492260
-0.073941871 0.026290613 -0.996915904 -34.918778043 -0.017096174 0.999472121 0.027626058 0.331123055 0.997116044 0.019086170 -0.073453369 2.983893886
-0.073164166 0.026489534 -0.996968017 -35.761957969 -0.017049091 0.999467904 0.027807131 0.339892159 0.997174217 0.019031884 -0.072673612 2.914218263
-0.072561520 0.028901162 -0.996945066 -36.586075593 -0.015302901 0.999430134 0.030087006 0.342246436 0.997246575 0.017439310 -0.072077897 2.850711060
-0.072433579 0.033606697 -0.996806844 -37.425149810 -0.014790087 0.999286069 0.034765012 0.352201906 0.997263613 0.017261013 -0.071884819 2.781982937
-0.072228360 0.038421294 -0.996647773 -38.247303099 -0.012792272 0.999139877 0.039444436 0.373368754 0.997306124 0.015598397 -0.071674738 2.725559982
-0.072209938 0.041558379 -0.996523227 -39.071473893 -0.013597922 0.998997667 0.042646900 0.386453312 0.997296799 0.016630174 -0.071572450 2.653222770
-0.071767844 0.041278560 -0.996566793 -39.922215243 -0.014094428 0.999001532 0.042394418 0.405391932 0.997321817 0.017088595 -0.071114387 2.586568638
-0.071444843 0.037691448 -0.996732113 -40.742281178 -0.014863053 0.999134599 0.038847667 0.412673895 0.997333850 0.017589947 -0.070822802 2.528688052
-0.071078910 0.033593329 -0.996904806 -41.567408052 -0.016681919 0.999252903 0.034861867 0.425286744 0.997331232 0.019108228 -0.070465405 2.460961640
-0.070941587 0.030684422 -0.997008362 -42.395742642 -0.019253440 0.999298403 0.032124868 0.435452867 0.997294681 0.021474830 -0.070301032 2.398894694
-0.071246875 0.028897516 -0.997039985 -43.228090135 -0.021662825 0.999299656 0.030510997 0.448750694 0.997223490 0.023772516 -0.070570974 2.325954074
-0.071976893 0.026615358 -0.997051085 -44.054328035 -0.018906479 0.999427886 0.028043657 0.457952960 0.997227134 0.020869221 -0.071432510 2.264925377
-0.073160176 0.023384657 -0.997045969 -44.858516271 -0.016095372 0.999567185 0.024624818 0.460709938 0.997190359 0.017849381 -0.072752125 2.202189360
-0.074032840 0.022569455 -0.997000338 -45.693700862 -0.012689769 0.999641612 0.023571531 0.465843211 0.997175106 0.014396770 -0.073719905 2.138999377
-0.075476011 0.025418391 -0.996823552 -46.521796029 -0.011954127 0.999580145 0.026393806 0.472764915 0.997076002 0.013908254 -0.075140466 2.076243313
-0.077272394 0.030764572 -0.996535215 -47.350599395 -0.009519825 0.999455483 0.031592901 0.487113514 0.996964610 0.011928100 -0.076937444 2.007194353
-0.079421493 0.034308325 -0.996250511 -48.163511628 -0.007235286 0.999361392 0.034992254 0.493485066 0.996814908 0.009987295 -0.079122542 1.940335516
-0.080739960 0.034044084 -0.996153591 -48.969388548 -0.007293961 0.999369587 0.034745178 0.498920058 0.996708553 0.010071229 -0.080440743 1.880499152
-0.081869622 0.030383598 -0.996179762 -49.791240830 -0.010531128 0.999453021 0.031348916 0.506178961 0.996587450 0.013057420 -0.081504867 1.794929075
-0.083158329 0.026870677 -0.996173968 -50.583734611 -0.015017324 0.999489103 0.028213709 0.507736919 0.996423231 0.017306072 -0.082712317 1.718364194
-0.084416118 0.025503261 -0.996104121 -51.374004033 -0.018973744 0.999450012 0.027196879 0.514843869 0.996249969 0.021195680 -0.083885797 1.642266027
-0.085401731 0.026405134 -0.995996601 -52.179447126 -0.018143542 0.999441787 0.028052186 0.519200605 0.996181429 0.020466611 -0.084874974 1.560174277
-0.086235550 0.027715112 -0.995889159 -52.956781005 -0.018185592 0.999402648 0.029387607 0.525490259 0.996108829 0.020645091 -0.085680019 1.491655903
-0.087459082 0.027366894 -0.995792085 -53.751158705 -0.020009252 0.999372636 0.029222681 0.527389300 0.995967180 0.022480844 -0.086856621 1.407867532
-0.087651170 0.027431741 -0.995773412 -54.534644874 -0.020629856 0.999356393 0.029346351 0.532424581 0.995937631 0.023114904 -0.087028842 1.337197346
-0.088164841 0.028682356 -0.995692824 -55.306564482 -0.020050777 0.999331724 0.030562599 0.539608363 0.995904118 0.022658961 -0.087530816 1.265123258
-0.088619860 0.031687072 -0.995561332 -56.088896338 -0.018613053 0.999266661 0.033461844 0.547281708 0.995891640 0.021495820 -0.087965077 1.181106251
-0.088543931 0.035461333 -0.995440798 -56.851197095 -0.018113721 0.999143495 0.037204440 0.560324675 0.995907601 0.021325365 -0.087825754 1.117446476
-0.089180422 0.037667128 -0.995302947 -57.623990215 -0.016497550 0.999091701 0.039288714 0.569257626 0.995878891 0.019923843 -0.088478003 1.038468793
-0.089703866 0.037831775 -0.995249662 -58.379534487 -0.016806269 0.999078537 0.039492102 0.576095554 0.995826716 0.020269027 -0.088985395 0.969789794
-0.089814443 0.035909739 -0.995310893 -59.129876407 -0.016377476 0.999161417 0.037526524 0.589850736 0.995823894 0.019671103 -0.089151014 0.898178813
-0.089894206 0.032389216 -0.995424476 -59.876703111 -0.017425146 0.999266922 0.034087859 0.599162336 0.995798916 0.020409718 -0.089263918 0.827573685
-0.089704707 0.029678511 -0.995526076 -60.590614580 -0.016520613 0.999374062 0.031281862 0.605935861 0.995831421 0.019252830 -0.089158248 0.757021564
-0.088439263 0.027486482 -0.995702218 -61.302726681 -0.017272718 0.999426574 0.029123472 0.609603233 0.995931842 0.019774142 -0.087913782 0.684732496
-0.086056313 0.026700074 -0.995932394 -61.998359634 -0.018030473 0.999435375 0.028351958 0.608353144 0.996127149 0.020396998 -0.085526307 0.617202037
-0.081930178 0.027408891 -0.996261067 -62.677840292 -0.018164961 0.999414650 0.028989493 0.608979079 0.996472561 0.020472157 -0.081384337 0.551393918
-0.076519425 0.028870808 -0.996649974 -63.343509235 -0.018642431 0.999364534 0.030380744 0.613935069 0.996893837 0.020904696 -0.075932576 0.500049245
-0.069103544 0.030128683 -0.997154391 -63.977369724 -0.017287434 0.999357597 0.031393283 0.618118362 0.997459738 0.019407628 -0.068538303 0.458545940
-0.060275926 0.031614434 -0.997680939 -64.630367670 -0.018419289 0.999292906 0.032778333 0.622207848 0.998011837 0.020352317 -0.059650988 0.410108269
-0.048485106 0.033275951 -0.998269414 -65.244871183 -0.020307884 0.999205457 0.034293488 0.624948629 0.998617479 0.021935462 -0.047770817 0.378842965
-0.034157157 0.034638473 -0.998815989 -65.836005093 -0.022691274 0.999114702 0.035424818 0.630968660 0.999158886 0.023874419 -0.033340925 0.351917478
-0.015884641 0.035796040 -0.999232825 -66.431689182 -0.023800772 0.999062249 0.036168286 0.633650729 0.999590559 0.024357032 -0.015017770 0.341938561
0.005951751 0.036429792 -0.999318449 -66.987838129 -0.025580229 0.999014716 0.036266368 0.641182505 0.999655097 0.025346947 0.006877771 0.357624954
0.031669220 0.036690198 -0.998824712 -67.532901591 -0.025603630 0.999027857 0.035885857 0.646943751 0.999170456 0.024437061 0.032577838 0.379995238
0.060722805 0.036555919 -0.997484998 -68.043796366 -0.024080589 0.999091928 0.035148881 0.648320154 0.997864194 0.021885687 0.061547953 0.435732718
0.095036115 0.036589055 -0.994801133 -68.541698030 -0.022466567 0.999148592 0.034602660 0.649057859 0.995220314 0.019061263 0.095777233 0.494060935
0.132446653 0.036645935 -0.990512431 -69.027834006 -0.021890773 0.999180718 0.034039503 0.657182677 0.990948415 0.017174663 0.133140352 0.583572764
0.172207246 0.036644912 -0.984378856 -69.482103225 -0.021280245 0.999212999 0.033474367 0.654532551 0.984830898 0.015183294 0.172851533 0.701338501
0.217712492 0.036897329 -0.975315220 -69.930106693 -0.020214220 0.999241286 0.033290207 0.662938217 0.975803636 0.012467542 0.218293162 0.823793798
0.264242896 0.035318773 -0.963809212 -70.349531016 -0.016839170 0.999345870 0.032004299 0.674494748 0.964309190 0.007772837 0.264664787 0.995567761
0.314657571 0.030845982 -0.948703885 -70.771363629 -0.009466749 0.999524117 0.029358495 0.665619468 0.949158084 -0.000256732 0.314799843 1.173448436
0.364303133 0.025890777 -0.930920417 -71.164322424 -0.004002647 0.999647768 0.026235841 0.660982871 0.931271862 -0.005831654 0.364278446 1.404791624
0.416820770 0.021097318 -0.908743792 -71.547710897 0.001905549 0.999708142 0.024083171 0.659995249 0.908986735 -0.011770023 0.416658917 1.608849099
0.466300839 0.020157491 -0.884396481 -71.917417448 0.002040154 0.999713192 0.023861509 0.668800400 0.884623892 -0.012930949 0.466125978 1.884344820
0.514771465 0.017992440 -0.857138582 -72.279641312 0.003744292 0.999723038 0.023234179 0.685062510 0.857319299 -0.015169671 0.514561525 2.125065728
0.559747939 0.013996237 -0.828544683 -72.621847905 0.011126240 0.999640282 0.024403139 0.691913189 0.828588262 -0.022878195 0.559390864 2.405445616
0.602790288 0.007584418 -0.797863579 -72.930198829 0.021649057 0.999431218 0.025856482 0.674322840 0.797605942 -0.032859031 0.602283238 2.732313395
0.645015261 0.002821436 -0.764164446 -73.227121118 0.023895031 0.999429716 0.023859372 0.670788598 0.763796039 -0.033649393 0.644580003 3.029440689
0.685665668 -0.002602693 -0.727911926 -73.518169715 0.021379496 0.999634201 0.016564427 0.682051440 0.727602606 -0.026920051 0.685470498 3.359878200
0.726104763 -0.008145477 -0.687535806 -73.779008599 0.017951983 0.999813542 0.007113900 0.668337214 0.687349721 -0.017508069 0.726115603 3.675832878
0.764897878 -0.011538618 -0.644048182 -74.042784213 0.014376779 0.999896297 -0.000839463 0.672152299 0.643991133 -0.008617234 0.764984444 4.070139080
0.801798596 -0.012903324 -0.597455006 -74.284292010 0.013177502 0.999905526 -0.003910594 0.672199876 0.597449072 -0.004737456 0.801892881 4.451128809
0.835686444 -0.014396594 -0.549018105 -74.514395468 0.013772441 0.999891342 -0.005255905 0.667568221 0.549034163 -0.003169031 0.835793917 4.873622294
0.866057569 -0.014003857 -0.499748094 -74.743603357 0.011753829 0.999901659 -0.007649831 0.667876314 0.499806118 0.000751241 0.866136999 5.347082839
0.892061991 -0.012688614 -0.451734862 -74.944082355 0.011142650 0.999919419 -0.006082457 0.643308876 0.451775677 0.000392405 0.892131494 5.807224099
0.913344937 -0.008435958 -0.407099307 -75.156888927 0.006846493 0.999962192 -0.005360929 0.643434883 0.407129174 0.002109175 0.913368164 6.322798569
0.930922078 -0.003746631 -0.365198625 -75.338840768 0.001469765 0.999977714 -0.006512377 0.637462913 0.365214917 0.005525759 0.930906839 6.814648466
0.944449600 0.000105567 -0.328656251 -75.514731379 -0.001875006 0.999985405 -0.005066944 0.635498423 0.328650948 0.005401705 0.944436015 7.367228106
0.954567114 0.000544053 -0.297995504 -75.685318174 -0.001703760 0.999991953 -0.003631950 0.627669701 0.297991155 0.003974652 0.954560361 7.936098647
0.961881364 -0.000473365 -0.273466654 -75.825162461 -0.000048161 0.999998193 -0.001900374 0.611293975 0.273467082 0.001841105 0.961879604 8.491849719
0.967730419 0.000027895 -0.251987756 -75.979625860 0.000038113 0.999999967 0.000257069 0.600565621 0.251987777 -0.000258378 0.967730385 9.097069802
0.972298115 0.001209898 -0.233741110 -76.117139426 -0.000497590 0.999995051 0.003106367 0.598933430 0.233743731 -0.002904008 0.972293906 9.709176174
0.975891453 0.005498510 -0.218187154 -76.265958812 -0.004595900 0.999978655 0.004644148 0.592462438 0.218208052 -0.003529418 0.975895893 10.336978904
0.978843073 0.007696568 -0.204467596 -76.409335706 -0.006726741 0.999962590 0.005437814 0.596275118 0.204501816 -0.003947366 0.978858228 10.985878812
0.981405421 0.006746192 -0.191827745 -76.533064943 -0.005751126 0.999966967 0.005743607 0.586149386 0.191860172 -0.004533582 0.981411801 11.640568998
0.983994650 0.006713789 -0.178071482 -76.653159714 -0.005868509 0.999968877 0.005273159 0.579500010 0.178101358 -0.004143747 0.984003424 12.321212848
0.986523975 0.007595213 -0.163440379 -76.772524324 -0.006719618 0.999959961 0.005909458 0.579695748 0.163478732 -0.004731566 0.986535513 13.022717441
0.988734965 0.008201109 -0.149452030 -76.877523560 -0.007342617 0.999953228 0.006295155 0.575354452 0.149496679 -0.005126872 0.988748937 13.721812866
0.990595270 0.009047874 -0.136525256 -76.984888423 -0.008559017 0.999954688 0.004167309 0.564231541 0.136556786 -0.002959595 0.990627825 14.449158421
0.992035227 0.009358315 -0.125612614 -77.078146107 -0.009565044 0.999953710 -0.001042707 0.556269966 0.125597052 0.002235892 0.992078818 15.168256494
0.993231779 0.008288161 -0.115853089 -77.160443072 -0.009177681 0.999932346 -0.007146662 0.536116449 0.115786028 0.008161554 0.993240649 15.909047012
0.994158573 0.008279557 -0.107611244 -77.246313910 -0.009136277 0.999930357 -0.007470658 0.528022639 0.107541905 0.008410185 0.994164981 16.667739074
0.994842572 0.009010339 -0.101030042 -77.322547727 -0.009236186 0.999955783 -0.001767898 0.515713098 0.101009655 0.002691913 0.994881804 17.430847414
0.995280682 0.013504417 -0.096093675 -77.417105930 -0.012995237 0.999898018 0.005922683 0.512768566 0.096163865 -0.004645973 0.995354673 18.202279093
0.995669422 0.013192852 -0.092023646 -77.486010000 -0.012372372 0.999878512 0.009480797 0.497614768 0.092137553 -0.008301189 0.995711686 18.989843366
0.996000685 0.012699234 -0.088438476 -77.560442664 -0.011973310 0.999890173 0.008733928 0.483706298 0.088539685 -0.007640097 0.996043349 19.751746535
0.996253477 0.013316243 -0.085449908 -77.630769296 -0.012707978 0.999889922 0.007658404 0.468341043 0.085542491 -0.006543816 0.996313034 20.535721410
0.996495635 0.012150538 -0.082757551 -77.694802754 -0.011379551 0.999887407 0.009781564 0.464382119 0.082867090 -0.008805542 0.996521705 21.301358476
0.996723612 0.010108083 -0.080248780 -77.762955398 -0.009179633 0.999886697 0.011930164 0.456823110 0.080360285 -0.011154422 0.996703468 22.070025433
0.997026758 0.006669558 -0.076766925 -77.832920222 -0.005655563 0.999893972 0.013418584 0.449768476 0.076848289 -0.012944528 0.996958766 22.864857802
0.997189776 0.006185737 -0.074661136 -77.884606319 -0.005440474 0.999933370 0.010181198 0.437167796 0.074719146 -0.009746395 0.997156987 23.627724828
0.997291370 0.009898269 -0.072883115 -77.953484639 -0.009675503 0.999947381 0.003408932 0.423244638 0.072913029 -0.002694518 0.997334663 24.392425427
0.997408117 0.010978561 -0.071109214 -78.013426414 -0.011299907 0.999927673 -0.004118337 0.406950336 0.071058864 0.004911191 0.997460034 25.146868317
0.997502012 0.011431509 -0.069706925 -78.074018347 -0.012041613 0.999892729 -0.008338482 0.386527680 0.069604132 0.009157037 0.997532663 25.903838244
0.997645811 0.012338440 -0.067458113 -78.135997078 -0.012842450 0.999892729 -0.007042891 0.369729143 0.067363983 0.007892639 0.997697249 26.663849120
0.997743587 0.015942552 -0.065219399 -78.190958755 -0.016187819 0.999863739 -0.003233884 0.350743345 0.065158961 0.004282346 0.997865709 27.419087638
0.997832777 0.018793716 -0.063059851 -78.248043089 -0.018773373 0.999823345 0.000915171 0.339385863 0.063065916 0.000270658 0.998009327 28.173218788
0.998003726 0.018157730 -0.060488494 -78.288003978 -0.018014408 0.999833481 0.002913959 0.321952361 0.060531337 -0.001818478 0.998164642 28.920813941
0.998133273 0.015186158 -0.059155299 -78.333016336 -0.015045810 0.999882836 0.002817259 0.300309572 0.059191156 -0.001921960 0.998244816 29.673630891
0.998217441 0.013688375 -0.058091036 -78.384714661 -0.013556013 0.999904542 0.002672033 0.286251230 0.058122072 -0.001879787 0.998307714 30.427193875
0.998261322 0.014450862 -0.057144590 -78.430612983 -0.014409717 0.999895534 0.001132038 0.272028162 0.057154984 -0.000306632 0.998365271 31.180981836
0.998344801 0.011737047 -0.056301871 -78.476256672 -0.011769461 0.999930708 -0.000244164 0.262441676 0.056295109 0.000906402 0.998413762 31.940378593
0.998403761 0.011541833 -0.055287562 -78.521615627 -0.011560657 0.999933173 -0.000020640 0.247219606 0.055283633 0.000659768 0.998470473 32.692952000
0.998396166 0.013837278 -0.054896496 -78.572639653 -0.013828795 0.999904235 0.000534417 0.240962548 0.054898638 0.000225593 0.998491908 33.472586088
0.998386860 0.014716784 -0.054836973 -78.621781348 -0.014739830 0.999891362 -0.000015800 0.217628763 0.054830787 0.000824063 0.998495321 34.250726479
0.998313894 0.013907770 -0.056355513 -78.667197956 -0.013947152 0.999902687 -0.000305536 0.204592459 0.056345785 0.001091020 0.998410718 35.021077870
0.998222507 0.012868865 -0.058191224 -78.715670152 -0.012897850 0.999916812 -0.000122504 0.193718306 0.058184812 0.000872828 0.998305447 35.810644704
0.998049187 0.012826031 -0.061100848 -78.772032589 -0.012851198 0.999917419 -0.000018890 0.179035652 0.061095564 0.000804072 0.998131598 36.596383519
0.997811281 0.015640850 -0.064249591 -78.836730851 -0.015710263 0.999876421 -0.000575258 0.170543418 0.064232658 0.001583377 0.997933695 37.407815660
0.997622707 0.017522519 -0.066647551 -78.901112974 -0.017882630 0.999828521 -0.004810411 0.148333349 0.066551838 0.005990809 0.997764984 38.203179150
0.997453496 0.018449042 -0.068892352 -78.968860528 -0.019079228 0.999781838 -0.008500576 0.132826861 0.068720502 0.009793343 0.997587883 39.005224962
0.997320314 0.017713346 -0.070981890 -79.031521677 -0.018450073 0.999782371 -0.009736851 0.113040994 0.070793976 0.011020381 0.997430080 39.830081231
0.997198861 0.016385110 -0.072979163 -79.100849495 -0.017062781 0.999816812 -0.008672018 0.092506391 0.072823709 0.009892953 0.997295762 40.647879619
0.997048400 0.015682124 -0.075156896 -79.165701198 -0.016315922 0.999836256 -0.007826368 0.065789873 0.075021862 0.009029521 0.997141007 41.490080212
0.996921470 0.015439413 -0.076871358 -79.231917504 -0.015967197 0.999852946 -0.006255862 0.042571857 0.076763473 0.007464022 0.997021393 42.320267118
0.996855014 0.014906333 -0.077832385 -79.305249963 -0.015201862 0.999879306 -0.003205840 0.028183384 0.077775210 0.004378955 0.996961305 43.152933518
0.996782403 0.013329782 -0.079038961 -79.374318400 -0.013265634 0.999911114 0.001336656 0.014642492 0.079049759 -0.000283853 0.996870631 44.015110973
0.996840188 0.013130500 -0.078340470 -79.452794945 -0.012885364 0.999910377 0.003633831 -0.005190351 0.078381170 -0.002612903 0.996920039 44.862513132
0.996986804 0.014986888 -0.076109822 -79.524450861 -0.014712787 0.999883104 0.004160862 -0.012634335 0.076163290 -0.003028537 0.997090759 45.724079292
0.997103696 0.015324102 -0.074494240 -79.591877885 -0.015113914 0.999880050 0.003384486 -0.021990774 0.074537175 -0.002248785 0.997215701 46.584009777
0.997259910 0.013846082 -0.072670197 -79.654361886 -0.013796211 0.999904121 0.001188193 -0.033430749 0.072679687 -0.000182364 0.997355318 47.453279253
0.997424248 0.010568409 -0.070944887 -79.721017954 -0.010634508 0.999943298 -0.000554029 -0.055767154 0.070935016 0.001307066 0.997480083 48.331478629
0.997570437 0.008817515 -0.069104808 -79.780386772 -0.008891142 0.999960186 -0.000757923 -0.076204454 0.069095380 0.001370502 0.997609117 49.214575687
0.997663836 0.007459616 -0.067906000 -79.848508740 -0.007403665 0.999972014 0.001075599 -0.088654462 0.067912128 -0.000570333 0.997691144 50.098843505
0.997730207 0.004628184 -0.067178976 -79.912411547 -0.004410480 0.999984532 0.003388614 -0.101878768 0.067193625 -0.003084631 0.997735186 50.972683221
0.997792616 0.003956863 -0.066289043 -79.978203260 -0.003715770 0.999986028 0.003759884 -0.119622846 0.066303000 -0.003505270 0.997793378 51.850714275
0.997832831 0.004367838 -0.065654863 -80.043678472 -0.004336041 0.999990403 0.000626803 -0.134156273 0.065656977 -0.000340762 0.997842194 52.720422948
0.997863029 0.007818263 -0.064871037 -80.115828601 -0.008118284 0.999957529 -0.004362564 -0.159911801 0.064834178 0.004879884 0.997884120 53.590451678
0.997941955 0.009084711 -0.063476940 -80.176781756 -0.009697891 0.999909181 -0.009358445 -0.183483340 0.063386162 0.009954777 0.997939426 54.446126015
0.997926818 0.013814149 -0.062858853 -80.252017469 -0.014813533 0.999770738 -0.015460642 -0.216897633 0.062630872 0.016359752 0.997902667 55.300136911
0.997983460 0.014168224 -0.061873053 -80.315982638 -0.015222124 0.999746411 -0.016595193 -0.243345659 0.061622244 0.017503569 0.997946053 56.158151393
0.998030303 0.011804582 -0.061613023 -80.373324166 -0.012481011 0.999865866 -0.010605363 -0.272814184 0.061479573 0.011353466 0.998043767 57.012642381
0.997996717 0.008738576 -0.062659307 -80.429922498 -0.008888785 0.999958249 -0.002118874 -0.293510316 0.062638179 0.002671594 0.998032725 57.887862977
0.997957644 0.004916152 -0.063689659 -80.485245904 -0.004688528 0.999982078 0.003722944 -0.290229135 0.063706825 -0.003416730 0.997962808 58.735245767
0.997799656 0.006835931 -0.065947823 -80.539483314 -0.006630197 0.999972448 0.003338018 -0.327054509 0.065968829 -0.002893426 0.997817490 59.566360534
0.997690798 0.002403804 -0.067877040 -80.591877508 -0.002405022 0.999997106 0.000063766 -0.356431003 0.067877002 0.000099627 0.997693692 60.406431934
0.997509563 0.001050110 -0.070523524 -80.651710030 -0.001146399 0.999998465 -0.001324876 -0.367593208 0.070522031 0.001402424 0.997509236 61.232471357
0.997319223 0.000598659 -0.073171094 -80.716186069 -0.000879652 0.999992362 -0.003808044 -0.385198873 0.073168263 0.003862200 0.997312133 62.064119553
0.997070301 0.005184522 -0.076314713 -80.782266187 -0.005730075 0.999959560 -0.006931486 -0.417504496 0.076275696 0.007348468 0.997059687 62.886651383
0.996762708 0.005807661 -0.080189621 -80.864225053 -0.006682868 0.999920954 -0.010650143 -0.439767908 0.080121436 0.011151561 0.996722729 63.708134137
0.996474947 0.009440599 -0.083357992 -80.935355870 -0.010627088 0.999848282 -0.013801428 -0.485721194 0.083215058 0.014638631 0.996424089 64.525698278
0.996168792 0.012278897 -0.086585018 -81.025242835 -0.013602286 0.999799264 -0.014710859 -0.501107871 0.086387012 0.015832253 0.996135846 65.343773460
0.995816216 0.016224815 -0.089926740 -81.112314111 -0.017459574 0.999763559 -0.012961072 -0.531340294 0.089695195 0.014476928 0.995864043 66.147962552
0.995450527 0.018415758 -0.093483193 -81.195556579 -0.019224636 0.999785080 -0.007759388 -0.550046956 0.093320215 0.009521268 0.995590621 66.951491081
0.995036272 0.018125089 -0.097848340 -81.282320610 -0.018395301 0.999829062 -0.001860020 -0.569103238 0.097797909 0.003650737 0.995199599 67.768082130
0.994616226 0.017832515 -0.102081158 -81.365304722 -0.017787049 0.999840878 0.001355703 -0.594182393 0.102089098 0.000467318 0.994775150 68.570406132
0.993934929 0.019924449 -0.108149768 -81.461988708 -0.019754011 0.999801366 0.002647177 -0.622070951 0.108181039 -0.000494730 0.994131087 69.350568348
0.993289022 0.017548016 -0.114319661 -81.549482046 -0.017077180 0.999841184 0.005096714 -0.631118568 0.114390952 -0.003110253 0.993430943 70.140161099
0.992574358 0.018598344 -0.120209172 -81.653428766 -0.018049794 0.999821122 0.005650621 -0.651679248 0.120292771 -0.003438910 0.992732504 70.916631967
0.991782706 0.022873816 -0.125872362 -81.766721497 -0.022467982 0.999736781 0.004643120 -0.668583962 0.125945447 -0.001776869 0.992035578 71.681205288
0.990807616 0.027781289 -0.132395113 -81.878682602 -0.027769446 0.999612479 0.001936216 -0.689343169 0.132397609 0.001758122 0.991195129 72.454120341
0.990102646 0.025020381 -0.138096814 -81.987473427 -0.025470245 0.999674469 -0.001491122 -0.700149598 0.138014563 0.004993723 0.990417611 73.228577973
0.989278190 0.027426134 -0.143445000 -82.116972490 -0.028048313 0.999603885 -0.002316652 -0.722717661 0.143324655 0.006315203 0.989655578 73.999996165
0.988529336 0.027656392 -0.148475166 -82.238975680 -0.027760044 0.999613671 0.001374586 -0.723088557 0.148455833 0.002762859 0.988915180 74.775298986
0.987636348 0.027664279 -0.154302067 -82.371968358 -0.027125494 0.999616370 0.005596455 -0.743217074 0.154397708 -0.001341743 0.988007869 75.541298108
0.986728677 0.024822960 -0.160469111 -82.510064060 -0.023837614 0.999683329 0.008062879 -0.754873575 0.160618452 -0.004130674 0.987007929 76.308440264
0.985549068 0.023902132 -0.167695317 -82.637077638 -0.023546027 0.999714298 0.004111863 -0.767020892 0.167745703 -0.000103885 0.985830295 77.057711137
0.984024663 0.024561057 -0.176329845 -82.792647516 -0.025460744 0.999671785 -0.002841284 -0.790494073 0.176202200 0.007285383 0.984327035 77.797427648
0.982423368 0.021285220 -0.185448812 -82.939657798 -0.022632656 0.999730576 -0.005151633 -0.803416483 0.185289209 0.009258284 0.982640421 78.547053237
0.980356121 0.022718863 -0.195922755 -83.108221954 -0.023605415 0.999718953 -0.002190834 -0.826052868 0.195817935 0.006772635 0.980616883 79.300905380
0.977987809 0.022030340 -0.207495796 -83.269831262 -0.021859607 0.999756195 0.003115923 -0.833344430 0.207513870 0.001488441 0.978230946 80.051542086
0.975388795 0.024261199 -0.219153113 -83.450142189 -0.022354306 0.999687631 0.011177033 -0.839835276 0.219355843 -0.006002937 0.975626457 80.794796621
0.972737408 0.024730582 -0.230586920 -83.641623967 -0.021812315 0.999646577 0.015196824 -0.859157804 0.230881271 -0.009752885 0.972933052 81.537878216
0.969881665 0.027933035 -0.241969618 -83.831343700 -0.025949778 0.999598473 0.011379969 -0.870892613 0.242190358 -0.004758165 0.970217087 82.249643551
0.966801957 0.029806991 -0.253782417 -84.035767024 -0.030391804 0.999536755 0.001616858 -0.881956067 0.253713068 0.006149724 0.967259979 82.961231717
0.963565598 0.026192423 -0.266186570 -84.237923899 -0.028107011 0.999599189 -0.003384928 -0.899538832 0.265991242 0.010743310 0.963915581 83.670770128
0.960104031 0.025584551 -0.278470238 -84.458713918 -0.026488748 0.999648978 0.000515734 -0.895340333 0.278385708 0.006881169 0.960444717 84.383975053
0.956698274 0.027238076 -0.289804230 -84.697092426 -0.025994953 0.999628942 0.008138746 -0.915894609 0.289918404 -0.000252878 0.957051338 85.113467790
0.953070301 0.025737330 -0.301653084 -84.932274496 -0.022597093 0.999648080 0.013895616 -0.918912228 0.301904588 -0.006427016 0.953316485 85.821340456
0.949042025 0.025393129 -0.314124838 -85.175442780 -0.022593938 0.999665958 0.012549317 -0.938967992 0.314338600 -0.004812512 0.949298737 86.523982971
0.945086395 0.024101081 -0.325930720 -85.420705560 -0.022781056 0.999709527 0.007866752 -0.942623827 0.326025671 -0.000009715 0.945360921 87.226988649
0.942036130 0.019353800 -0.334952757 -85.675158672 -0.020076341 0.999797597 0.001305393 -0.964385080 0.334910254 0.005494898 0.942234014 87.928826718
0.939264348 0.015799290 -0.342830653 -85.943423747 -0.018610673 0.999814740 -0.004911980 -0.976269614 0.342689563 0.010993956 0.939384376 88.636949773
0.936521442 0.016586000 -0.350217765 -86.213503784 -0.020185822 0.999774258 -0.006630727 -0.995158196 0.350028758 0.013279252 0.936644832 89.348305097
0.933580105 0.019759124 -0.357823635 -86.501901469 -0.023827120 0.999691846 -0.006962895 -1.006649918 0.357575820 0.015026327 0.933763222 90.041496223
0.930584257 0.020387406 -0.365509619 -86.791796543 -0.023859657 0.999702889 -0.004985014 -1.026619067 0.365299422 0.013359910 0.930794208 90.759207463
0.927607924 0.019979351 -0.373020580 -87.073191058 -0.020955138 0.999779382 0.001439041 -1.032279730 0.372967067 0.006481832 0.927821947 91.450404625
0.924799627 0.021394139 -0.379852508 -87.370372457 -0.019534050 0.999770892 0.008751176 -1.035720181 0.379952737 -0.000673028 0.925005663 92.165639304
0.922190461 0.027971893 -0.385723105 -87.690212894 -0.023453767 0.999590153 0.016414857 -1.042668877 0.386024205 -0.006090965 0.922468551 92.883954228
0.919751626 0.034186953 -0.391009187 -88.005923825 -0.031061525 0.999414932 0.014316964 -1.050986192 0.391269906 -0.001022709 0.920275408 93.569822420
0.917319543 0.033465003 -0.396742909 -88.316980028 -0.033908954 0.999407525 0.005897602 -1.056086775 0.396705246 0.008043151 0.917910817 94.264170500
0.915321228 0.028245292 -0.401732795 -88.628091471 -0.031517508 0.999502019 -0.001536881 -1.082123051 0.401489364 0.014068355 0.915755637 94.955324882
0.913574967 0.027894034 -0.405712567 -88.952368625 -0.031587424 0.999498089 -0.002409201 -1.092610070 0.405441768 0.015016400 0.913997536 95.657522249
0.911529962 0.032273043 -0.409965320 -89.284796716 -0.034343049 0.999407422 0.002315324 -1.095526360 0.409797141 0.011968972 0.912098165 96.366089307
0.909147984 0.032394016 -0.415211460 -89.616782120 -0.032461105 0.999449194 0.006898237 -1.110778025 0.415206256 0.007206704 0.909698766 97.066564537
0.906715218 0.030336216 -0.420650939 -89.943512153 -0.030827134 0.999508854 0.005633856 -1.131084317 0.420615283 0.007859160 0.907205067 97.759192657
0.904609948 0.030008533 -0.425182683 -90.282862444 -0.033409637 0.999441595 -0.000543087 -1.143915543 0.424928998 0.014696480 0.905107384 98.440435881
0.902347770 0.027464014 -0.430132786 -90.634844856 -0.034005706 0.999393294 -0.007527022 -1.164081885 0.429665136 0.021418961 0.902734244 99.151064423
