1.000000000 0.000000000 0.000000000 0.000000000 0.000000000 1.000000000 0.000000000 0.000000000 0.000000000 -0.000000000 1.000000000 0.000000000
0.999996596 0.002608563 0.000061867 -0.017124675 -0.002608592 0.999996491 0.000461612 -0.016697014 -0.000060663 -0.000461772 0.999999891 0.729776705
0.999992743 0.003733151 0.000760505 -0.018258770 -0.003733163 0.999993031 0.000013569 -0.040593034 -0.000760450 -0.000016408 0.999999711 1.487547002
0.999983023 0.005777307 0.000759118 -0.026453305 -0.005777112 0.999983278 -0.000259484 -0.056116747 -0.000760604 0.000255094 0.999999679 2.232155204
0.999981007 0.006052925 0.001161072 -0.027776754 -0.006052288 0.999981533 -0.000551068 -0.078172812 -0.001164386 0.000544031 0.999999174 2.956844977
0.999979204 0.006223123 0.001692501 -0.035958283 -0.006223781 0.999980558 0.000384252 -0.097764940 -0.001690077 -0.000394778 0.999998494 3.655038460
0.999973879 0.006950619 0.001982552 -0.035792745 -0.006956241 0.999971764 0.002842856 -0.111076889 -0.001962736 -0.002856573 0.999993994 4.333966430
0.999973834 0.006402562 0.003367323 -0.030884415 -0.006425112 0.999956720 0.006728798 -0.125381600 -0.003324096 -0.006750257 0.999971692 4.995996753
0.999973283 0.005916944 0.004292129 -0.037317782 -0.005960969 0.999929001 0.010317947 -0.143492696 -0.004230774 -0.010343257 0.999937557 5.628863781
0.999972505 0.005093917 0.005388942 -0.045004674 -0.005161001 0.999908445 0.012508564 -0.156242248 -0.005324732 -0.012536033 0.999907243 6.239502700
0.999962903 0.005276234 0.006808380 -0.045272874 -0.005360851 0.999907869 0.012470554 -0.169472598 -0.006741956 -0.012506590 0.999899060 6.820056533
0.999950150 0.006355982 0.007700473 -0.048901231 -0.006434507 0.999927113 0.010215896 -0.180208964 -0.007634980 -0.010264936 0.999918165 7.366810751
0.999942816 0.006325895 0.008622438 -0.047301620 -0.006388028 0.999953693 0.007197624 -0.186964142 -0.008576507 -0.007252294 0.999936922 7.898114373
0.999937982 0.004809265 0.010045123 -0.042630422 -0.004866933 0.999971772 0.005724366 -0.194256798 -0.010017311 -0.005772901 0.999933161 8.397812573
0.999926488 0.001265756 0.012058885 -0.032308680 -0.001310846 0.999992176 0.003731995 -0.211725734 -0.012054068 -0.003747528 0.999920325 8.872456700
0.999902699 -0.000622985 0.013935691 -0.021939066 0.000585479 0.999996196 0.002695221 -0.238959581 -0.013937319 -0.002686800 0.999899261 9.304577852
0.999867277 0.003185410 0.015977536 -0.028681915 -0.003196685 0.999994659 0.000680190 -0.240312258 -0.015975285 -0.000731174 0.999872120 9.716505116
0.999791654 0.007236535 0.019086156 -0.025741413 -0.007232051 0.999973802 -0.000303965 -0.246627793 -0.019087857 0.000165869 0.999817796 10.097340156
0.999720329 0.007928484 0.022280084 -0.020461176 -0.007940009 0.999968386 0.000428806 -0.245306604 -0.022275981 -0.000605589 0.999751676 10.448384280
0.999667256 0.004048550 0.025475233 -0.006904901 -0.004076114 0.999991162 0.001030171 -0.261045786 -0.025470839 -0.001133667 0.999674922 10.770674224
0.999605731 -0.000815952 0.028066297 0.015057594 0.000783575 0.999999015 0.001164577 -0.274262663 -0.028067222 -0.001142125 0.999605386 11.058742576
0.999529052 -0.004220820 0.030395045 0.032556042 0.004150620 0.999988572 0.002372268 -0.286169105 -0.030404713 -0.002244993 0.999535149 11.320465183
0.999450204 -0.005266229 0.032734653 0.042701829 0.005158787 0.999981029 0.003365843 -0.289262956 -0.032751760 -0.003195122 0.999458410 11.553561239
0.999378603 -0.004125478 0.035005527 0.046261933 0.004043847 0.999988938 0.002402453 -0.293560280 -0.035015054 -0.002259403 0.999384231 11.756565354
0.999302212 -0.003147468 0.037218035 0.051773255 0.003104992 0.999994460 0.001199035 -0.301730849 -0.037221605 -0.001082637 0.999306449 11.940595923
0.999210531 -0.001105420 0.039712614 0.059210667 0.001091408 0.999999334 0.000374517 -0.307969222 -0.039713004 -0.000330879 0.999211073 12.123634500
0.999140069 0.001513068 0.041434669 0.056977518 -0.001500641 0.999998820 -0.000331000 -0.313797016 -0.041435124 0.000268537 0.999141160 12.287344690
0.999083143 0.002583028 0.042734085 0.057673388 -0.002518777 0.999995616 -0.001557291 -0.317563218 -0.042737923 0.001448225 0.999085268 12.437560738
0.998994303 0.002183834 0.044784073 0.062303140 -0.002036889 0.999992393 -0.003326543 -0.327517226 -0.044791001 0.003231978 0.998991151 12.598283866
0.998929379 0.000914408 0.046252131 0.071397859 -0.000697494 0.999988684 -0.004705749 -0.333461287 -0.046255915 0.004668450 0.998918714 12.739214351
0.998871963 0.000120965 0.047484598 0.083608382 0.000152695 0.999983402 -0.005759435 -0.339861330 -0.047484510 0.005760189 0.998855365 12.871976570
0.998803089 0.000669958 0.048907459 0.088465691 -0.000321172 0.999974465 -0.007139061 -0.342050454 -0.048910998 0.007114809 0.998777800 13.006764014
0.998732029 0.001483928 0.050320298 0.094070776 -0.001029862 0.999958533 -0.009048263 -0.343216749 -0.050331642 0.008984968 0.998692143 13.139973488
0.998688997 0.001761731 0.051158422 0.102804366 -0.001184412 0.999935304 -0.011313043 -0.346718543 -0.051175048 0.011237619 0.998626472 13.265545856
0.998650056 0.000957400 0.051934092 0.117896770 -0.000251856 0.999907617 -0.013590220 -0.352141927 -0.051942310 0.013558795 0.998558039 13.389610947
0.998673254 -0.000011822 0.051494969 0.124868136 0.000805158 0.999881314 -0.015385380 -0.359796017 -0.051488680 0.015406430 0.998554734 13.517375205
0.998776224 -0.000423029 0.049455788 0.124940475 0.001246989 0.999860920 -0.016630874 -0.364708997 -0.049441878 0.016672193 0.998637842 13.642781564
0.998916499 -0.000518840 0.046535560 0.125456020 0.001341388 0.999843395 -0.017646187 -0.365795730 -0.046519120 0.017689489 0.998760759 13.764482134
0.999093085 0.000144259 0.042579174 0.127317598 0.000656282 0.999823299 -0.018786665 -0.370869623 -0.042574364 0.018797572 0.998916450 13.899970951
0.999315612 0.000424981 0.036988202 0.126946405 0.000309000 0.999803206 -0.019835669 -0.373723804 -0.036989356 0.019833524 0.999118822 14.025549357
0.999538600 0.000245120 0.030373147 0.121947921 0.000379297 0.999788740 -0.020550714 -0.379087245 -0.030371771 0.020552753 0.999327344 14.143740101
0.999729990 0.000404724 0.023233250 0.114313298 0.000092075 0.999771459 -0.021378056 -0.382112243 -0.023236594 0.021374424 0.999501473 14.277972817
0.999884378 0.000182695 0.015205125 0.107648841 0.000158639 0.999748080 -0.022444400 -0.382624172 -0.015205397 0.022444218 0.999632458 14.410107460
0.999985742 -0.000688024 0.005295598 0.095898609 0.000812662 0.999721854 -0.023570205 -0.387501554 -0.005277909 0.023574172 0.999708159 14.552421533
0.999968859 -0.002102453 -0.007606571 0.083347382 0.001908823 0.999676209 -0.025373889 -0.392038960 0.007657456 0.025358580 0.999649091 14.700523092
0.999717738 -0.002779208 -0.023594919 0.071693255 0.002138595 0.999629560 -0.027132436 -0.401406354 0.023661587 0.027074318 0.999353346 14.852540272
0.999083891 -0.002399175 -0.042727285 0.036818444 0.001192119 0.999600083 -0.028253343 -0.404293586 0.042777985 0.028176524 0.998687202 15.032743502
0.997930357 -0.001639967 -0.064283067 0.001777822 -0.000158064 0.999609157 -0.027955477 -0.409446185 0.064303793 0.027907781 0.997540064 15.221485411
0.996123713 -0.001153430 -0.087955773 -0.040090421 -0.001204557 0.999641403 -0.026750987 -0.415495502 0.087955095 0.026753240 0.995765116 15.427171252
0.993415574 0.000067236 -0.114566534 -0.088714768 -0.002975750 0.999677590 -0.025216279 -0.427182383 0.114527910 0.025391166 0.993095488 15.662853410
0.989500596 0.001018618 -0.144525197 -0.158664373 -0.004433460 0.999718503 -0.023307907 -0.432446042 0.144460784 0.023703935 0.989226571 15.886155996
0.984101228 0.001468524 -0.177602401 -0.232417684 -0.005126954 0.999783987 -0.020141814 -0.442639958 0.177534473 0.020732144 0.983896180 16.152138330
0.976795724 0.002507843 -0.214158404 -0.322912215 -0.006140067 0.999848343 -0.016296949 -0.446070839 0.214085073 0.017233737 0.976662984 16.415213620
0.967259184 0.003837866 -0.253761574 -0.429330222 -0.006804472 0.999918376 -0.010813833 -0.463562868 0.253699381 0.012186492 0.967206348 16.654140609
0.955471613 0.008202995 -0.294968981 -0.564337740 -0.010563589 0.999923656 -0.006410301 -0.457668629 0.294893903 0.009240791 0.955485323 16.949783383
0.941441046 0.012097468 -0.336960530 -0.709139472 -0.013530915 0.999906636 -0.001905919 -0.466394044 0.336906042 0.006353695 0.941516840 17.234915244
0.924983037 0.014747061 -0.379722125 -0.876817153 -0.014540108 0.999888462 0.003413189 -0.464908449 0.379730138 0.002364057 0.925094290 17.494115660
0.905914266 0.018080412 -0.423074965 -1.061888993 -0.014890190 0.999830323 0.010844672 -0.476534000 0.423199292 -0.003524676 0.906029774 17.805718047
0.884225372 0.022292020 -0.466528176 -1.265808849 -0.016050176 0.999720663 0.017349050 -0.476624577 0.466784642 -0.007852612 0.884336166 18.097687416
0.859760566 0.027228975 -0.509970911 -1.486364363 -0.018681094 0.999586130 0.021876618 -0.473759298 0.510355571 -0.009281839 0.859913404 18.363129964
0.832085001 0.031097320 -0.553775660 -1.743537796 -0.020430666 0.999467892 0.025426764 -0.478604965 0.554271743 -0.009843224 0.832277581 18.658600332
0.801771876 0.034764630 -0.596618176 -2.002034535 -0.023308545 0.999366106 0.026909100 -0.462296157 0.597175517 -0.007668659 0.802073951 18.911769679
0.768247597 0.037739467 -0.639039379 -2.308404051 -0.024322364 0.999260729 0.029772767 -0.465108608 0.639690619 -0.007329908 0.768597567 19.206657108
0.731767219 0.041632676 -0.680281866 -2.622716815 -0.025783850 0.999109105 0.033409402 -0.446648670 0.681066787 -0.006907620 0.732188744 19.471237093
0.693451477 0.043103520 -0.719212827 -2.940726534 -0.024081042 0.999037780 0.036655368 -0.432056916 0.720100823 -0.008099325 0.693822204 19.717101305
0.652870793 0.043399504 -0.756224941 -3.315997807 -0.021960387 0.999022091 0.038374519 -0.427104954 0.757150921 -0.008446611 0.653185416 19.982114864
0.610649018 0.042573083 -0.790756129 -3.704562704 -0.017492919 0.999035380 0.040277882 -0.413016863 0.791708171 -0.010763017 0.610804703 20.232017399
0.566543284 0.042827176 -0.822918271 -4.097863625 -0.012851319 0.998986261 0.043142718 -0.413166542 0.823931798 -0.013866632 0.566519344 20.450672711
0.520315111 0.044220264 -0.852828641 -4.556685843 -0.011338893 0.998928132 0.044877793 -0.387814635 0.853899102 -0.013680461 0.520258812 20.690004922
0.471081186 0.044070780 -0.880988205 -4.997104535 -0.010475658 0.998960210 0.044370707 -0.361609287 0.882027688 -0.011673274 0.471053032 20.878147331
0.419325005 0.043472984 -0.906794668 -5.503817966 -0.006061949 0.998964602 0.045088537 -0.347702166 0.907815984 -0.013409809 0.419154369 21.065561774
0.366097875 0.042647244 -0.929598561 -6.010881133 -0.000806133 0.998963465 0.045512026 -0.335266241 0.930576041 -0.015912477 0.365752783 21.225685791
0.312411417 0.042093709 -0.949013778 -6.520099716 0.001303350 0.998997823 0.044739818 -0.333845626 0.949946042 -0.015214128 0.312043464 21.352345263
0.259112664 0.046975112 -0.964704042 -7.103154825 0.001487287 0.998795970 0.049034650 -0.278879470 0.965845999 -0.014140292 0.258730821 21.458984458
0.207797446 0.052179640 -0.976779108 -7.692102244 0.004415569 0.998515981 0.054280181 -0.244177913 0.978161952 -0.015592320 0.207258669 21.545959803
0.159875002 0.054257269 -0.985644992 -8.261761358 0.009603875 0.998355573 0.056514735 -0.243755579 0.987090590 -0.018501306 0.159091021 21.617366848
0.114914777 0.055444668 -0.991826800 -8.912835544 0.012258875 0.998285979 0.057226078 -0.219516895 0.993299752 -0.018734804 0.114038123 21.658485511
0.074720514 0.054181203 -0.995731469 -9.533657468 0.012434610 0.998394611 0.055259215 -0.196150426 0.997127028 -0.016510531 0.073926838 21.683504993
0.038665388 0.050144154 -0.997993220 -10.206747110 0.009258849 0.998679253 0.050537339 -0.167983770 0.999209360 -0.011194316 0.038150045 21.676936016
0.009951627 0.049648500 -0.998717131 -10.871844113 0.006919898 0.998739296 0.049718553 -0.123448597 0.999926580 -0.007405803 0.009595519 21.652704407
-0.011462954 0.053462024 -0.998504045 -11.589201360 0.005789338 0.998556507 0.053398370 -0.090561725 0.999917581 -0.005168574 -0.011755916 21.619092001
-0.024689824 0.059191048 -0.997941255 -12.322515251 0.006975591 0.998231501 0.059035680 -0.049121213 0.999670865 -0.005503651 -0.025059051 21.588862876
-0.032369350 0.062178589 -0.997539956 -13.073688067 0.007795468 0.998048356 0.061957321 -0.022883960 0.999445616 -0.005770773 -0.032790886 21.552523213
-0.037003750 0.059849473 -0.997521268 -13.833995855 0.008082329 0.998190229 0.059589788 0.009042720 0.999282484 -0.005857251 -0.037420504 21.515140517
-0.036336003 0.055439185 -0.997800635 -14.619234404 0.014625524 0.998382596 0.054938913 0.066671958 0.999232642 -0.012597097 -0.037088059 21.487265102
-0.032265378 0.054336637 -0.998001198 -15.427636228 0.026540271 0.998215611 0.053490262 0.063774307 0.999126941 -0.024761339 -0.033649911 21.478882853
-0.026739265 0.054106011 -0.998177072 -16.259868285 0.028014876 0.998182509 0.053355839 0.111080227 0.999249850 -0.026537112 -0.028206438 21.458873372
-0.021427271 0.052302568 -0.998401336 -17.111278925 0.026035084 0.998321184 0.051739614 0.175506059 0.999431404 -0.024884825 -0.022752999 21.432504465
-0.017873151 0.047178155 -0.998726533 -17.972832393 0.029941217 0.998463408 0.046629897 0.176099577 0.999391894 -0.029069667 -0.019258257 21.422935915
-0.016152098 0.036312997 -0.999209883 -18.845280083 0.027427064 0.998980342 0.035861299 0.192379466 0.999493347 -0.026826159 -0.017131585 21.407465883
-0.015320274 0.027669749 -0.999499670 -19.743144208 0.020437489 0.999416859 0.027354190 0.235660907 0.999673788 -0.020008190 -0.015876839 21.373743805
-0.016486140 0.024535542 -0.999562970 -20.658480539 0.014208895 0.999603677 0.024302187 0.241451840 0.999763172 -0.013802037 -0.016828228 21.346333343
-0.020351897 0.030038880 -0.999341474 -21.608197191 0.005131716 0.999538516 0.029940293 0.268581856 0.999779751 -0.004518995 -0.020496655 21.309939648
-0.024753178 0.038069196 -0.998968434 -22.585280012 -0.000013157 0.999274649 0.038081190 0.311415564 0.999693635 0.000955773 -0.024734721 21.263969147
-0.029049462 0.047543728 -0.998446613 -23.566559958 -0.001588479 0.998864745 0.047609853 0.323668383 0.999576756 0.002969051 -0.028940958 21.223434925
-0.031036998 0.057229829 -0.997878433 -24.587556551 -0.002865624 0.998350250 0.057346015 0.382333692 0.999514171 0.004639392 -0.030821794 21.192372031
-0.031841041 0.065059953 -0.997373183 -25.608836369 -0.000594175 0.997877796 0.065111836 0.421593619 0.999492811 0.002665842 -0.031734809 21.159825054
-0.033542979 0.067003677 -0.997188694 -26.632116571 0.000837630 0.997751728 0.067013331 0.454440885 0.999436967 0.001412551 -0.033523688 21.121879679
-0.034937889 0.063562724 -0.997366051 -27.642215672 -0.000545196 0.997974011 0.063620566 0.516729472 0.999389379 0.002766528 -0.034832450 21.079919182
-0.038121073 0.058762809 -0.997543800 -28.679276969 -0.003947287 0.998252813 0.058955417 0.561112777 0.999265373 0.006185035 -0.037822513 21.031932859
-0.042297107 0.053277318 -0.997683516 -29.697639076 -0.004439489 0.998557328 0.053512192 0.589732920 0.999095255 0.006692615 -0.041999560 20.974854288
-0.047669988 0.049077668 -0.997656690 -30.730181423 -0.003446050 0.998778194 0.049297496 0.626026750 0.998857237 0.005787985 -0.047442619 20.916042442
-0.054713860 0.046252984 -0.997430184 -31.775433498 -0.005371884 0.998898451 0.046615742 0.663571143 0.998487667 0.007908606 -0.054405123 20.843046605
-0.060775990 0.049216472 -0.996937277 -32.818868972 -0.004162119 0.998762460 0.049560309 0.697032437 0.998142795 0.007161447 -0.060495930 20.769927803
-0.067515942 0.053692598 -0.996272361 -33.889746894 -0.005784235 0.998513056 0.054205345 0.728159243 0.997701471 0.009422398 -0.067104978 20.683572132
-0.073678132 0.056878988 -0.995658692 -34.958994006 -0.007832356 0.998308443 0.057609948 0.776604426 0.997251358 0.012042946 -0.073108003 20.590095107
-0.077916860 0.058730006 -0.995228449 -36.008652260 -0.011224865 0.998148396 0.059781113 0.818177713 0.996896709 0.015829262 -0.077113351 20.500836626
-0.081250426 0.060558152 -0.994852248 -37.093770717 -0.015211462 0.997960865 0.061989710 0.860281556 0.996577676 0.020169847 -0.080163565 20.402612851
-0.082358794 0.061396484 -0.994709715 -38.157101760 -0.019283676 0.997815524 0.063184809 0.920267707 0.996416204 0.024385485 -0.080994932 20.307338140
-0.084491435 0.061266173 -0.994538873 -39.244775583 -0.020367309 0.997793224 0.063196959 0.958728679 0.996216068 0.025595682 -0.083057153 20.198377227
-0.085735501 0.060573043 -0.994474859 -40.319498204 -0.020943677 0.997820027 0.062582386 1.001229178 0.996097822 0.026193492 -0.084279976 20.098494904
-0.086294371 0.059851704 -0.994470196 -41.386834551 -0.022297394 0.997827760 0.061988614 1.045613456 0.996020177 0.027523363 -0.084772381 19.996706719
-0.087749917 0.059142072 -0.994385280 -42.475183988 -0.023961306 0.997821832 0.061460936 1.094705310 0.995854353 0.029219962 -0.086141660 19.888338358
-0.088452029 0.056965936 -0.994450118 -43.562867732 -0.028155808 0.997821392 0.059663391 1.136375504 0.995682466 0.033276894 -0.086655402 19.771674156
-0.088305032 0.051796589 -0.994745822 -44.643907645 -0.034183560 0.997901292 0.054995417 1.176317248 0.995506800 0.038860325 -0.086349113 19.664968605
-0.088059837 0.050505140 -0.994833962 -45.747680234 -0.036369243 0.997884911 0.053879327 1.220860898 0.995451067 0.040925963 -0.086036748 19.552139697
-0.085903917 0.054628850 -0.994804564 -46.856655832 -0.036656799 0.997646251 0.057950305 1.268159599 0.995628887 0.041444509 -0.083699200 19.448570810
-0.084574878 0.058447266 -0.994701424 -47.968737400 -0.036231827 0.997437599 0.061688662 1.321961370 0.995758218 0.041257161 -0.082240510 19.347232862
-0.082520421 0.058102291 -0.994894176 -49.069288962 -0.034178696 0.997546776 0.061092117 1.358634281 0.996003153 0.039045533 -0.080332118 19.255539612
-0.080542382 0.057101695 -0.995114183 -50.177717840 -0.033751964 0.997628923 0.059977805 1.400635089 0.996179609 0.038417814 -0.078424114 19.151156376
-0.076353990 0.057709067 -0.995409287 -51.288320194 -0.037675026 0.997443757 0.060716919 1.450612506 0.996368780 0.042138050 -0.073984618 19.055957122
-0.070569298 0.058270378 -0.995803421 -52.414287735 -0.043117995 0.997181060 0.061406619 1.505828309 0.996574581 0.047270470 -0.067857864 18.946669659
-0.065457794 0.058394604 -0.996145202 -53.540061803 -0.046420669 0.997027223 0.061496659 1.551824207 0.996775041 0.050267162 -0.062552484 18.862938019
-0.058932288 0.057198965 -0.996621884 -54.663244214 -0.048187155 0.997030279 0.060071807 1.600942932 0.997098324 0.051564543 -0.056001018 18.782813983
-0.054006189 0.056642566 -0.996932729 -55.795118145 -0.047694255 0.997103984 0.059236004 1.641336682 0.997400960 0.050747075 -0.051148260 18.713489183
-0.048480211 0.056493978 -0.997225158 -56.924596995 -0.045973256 0.997214840 0.058728386 1.685166301 0.997765611 0.048692852 -0.045747972 18.654355702
-0.042486589 0.057180682 -0.997459360 -58.058679633 -0.045241947 0.997226663 0.059094413 1.731663449 0.998072212 0.047637723 -0.039781792 18.600491558
-0.037531724 0.058766530 -0.997565927 -59.210066759 -0.043122755 0.997244149 0.060369993 1.773558635 0.998364604 0.045283581 -0.034894116 18.556986977
-0.032329585 0.059537745 -0.997702346 -60.352541752 -0.044833005 0.997133042 0.060956539 1.834164091 0.998471273 0.046700694 -0.029567640 18.513585452
-0.026200797 0.059473622 -0.997885926 -61.511912428 -0.044141929 0.997186157 0.060590918 1.879685869 0.998681678 0.045636140 -0.023501791 18.474280274
-0.021522541 0.055296830 -0.998237926 -62.650956437 -0.044048497 0.997447233 0.056202737 1.920953962 0.998797575 0.045180506 -0.019031854 18.443444192
-0.016927412 0.049994527 -0.998605991 -63.801884494 -0.043926543 0.997747643 0.050696154 1.952885143 0.998891388 0.044723464 -0.014693198 18.416886654
-0.013550904 0.048848185 -0.998714245 -64.954871327 -0.044555687 0.997784403 0.049407250 1.991592100 0.998915036 0.045167912 -0.011344416 18.390154352
-0.010001260 0.051218467 -0.998637351 -66.123554647 -0.043613352 0.997714638 0.051607924 2.036020047 0.998998466 0.044070066 -0.007744594 18.380126886
-0.007381533 0.051349457 -0.998653424 -67.300175962 -0.043244572 0.997729982 0.051621615 2.069537328 0.999037289 0.043567386 -0.005144189 18.375134177
-0.006714585 0.050805225 -0.998685966 -68.461552919 -0.045371607 0.997664506 0.051058312 2.112287143 0.998947655 0.045654822 -0.004393787 18.346682468
-0.005674760 0.051745378 -0.998644145 -69.636910542 -0.046434710 0.997569369 0.051953549 2.152530948 0.998905250 0.046666576 -0.003258184 18.331554062
-0.004882673 0.051583021 -0.998656732 -70.800031442 -0.046709564 0.997566853 0.051755098 2.187596633 0.998896622 0.046899524 -0.002461371 18.320772271
-0.003640074 0.049702868 -0.998757373 -71.979798546 -0.047765936 0.997615342 0.049820121 2.223744739 0.998851966 0.047887930 -0.001257289 18.304985534
-0.002239298 0.048152340 -0.998837451 -73.155743430 -0.046402092 0.997759081 0.048204381 2.259092859 0.998920375 0.046456092 0.000000092 18.287924586
-0.002540729 0.048048243 -0.998841743 -74.332136993 -0.042841298 0.997922724 0.048113007 2.291679705 0.999078701 0.042913919 -0.000477000 18.284220963
-0.002287257 0.048280939 -0.998831134 -75.524306142 -0.040327605 0.998016792 0.048333922 2.326023154 0.999183936 0.040391019 -0.000335666 18.286662677
-0.001948644 0.051218926 -0.998685506 -76.711483002 -0.039687944 0.997896638 0.051255906 2.358201174 0.999210265 0.039735654 0.000088231 18.276226878
-0.002182300 0.054771328 -0.998496497 -77.888763385 -0.041628222 0.997628409 0.054814690 2.403471370 0.999130829 0.041685256 0.000102911 18.263556936
-0.001087671 0.055086862 -0.998480931 -79.064717465 -0.043945742 0.997514316 0.055081402 2.441936934 0.999033369 0.043938896 0.001335867 18.251386803
-0.001177587 0.052992362 -0.998594181 -80.240809886 -0.045052527 0.997578149 0.052991570 2.483011344 0.998983968 0.045051593 0.001212707 18.234994065
-0.000887185 0.050650812 -0.998715987 -81.408098863 -0.045141629 0.997696299 0.050639196 2.521243750 0.998980245 0.045128593 0.001401321 18.228383124
-0.000555793 0.050020596 -0.998747989 -82.596639263 -0.043479382 0.997802485 0.049997436 2.552266740 0.999054212 0.043452734 0.001620295 18.230784649
-0.001028608 0.051281139 -0.998683685 -83.768481450 -0.041709642 0.997812974 0.051279387 2.586532556 0.999129287 0.041707486 0.001112561 18.223959720
-0.000615827 0.053925809 -0.998544713 -84.939896276 -0.041190225 0.997696134 0.053905384 2.624584830 0.999151175 0.041163477 0.001606810 18.214797901
0.000227404 0.056456979 -0.998404965 -86.129058770 -0.041019734 0.997565239 0.056400150 2.664265282 0.999158353 0.040941481 0.002542702 18.212273632
0.000096513 0.056715131 -0.998390355 -87.296238679 -0.042555645 0.997486191 0.056659653 2.706397326 0.999094136 0.042481676 0.002509822 18.198377495
0.000662065 0.054622186 -0.998506833 -88.467054497 -0.041943658 0.997629902 0.054546401 2.742108525 0.999119800 0.041844916 0.002951552 18.190715488
0.000591860 0.053163281 -0.998585615 -89.633237785 -0.040757107 0.997757374 0.053095028 2.780399769 0.999168951 0.040668035 0.002757316 18.179483229
0.000912259 0.053915709 -0.998545031 -90.796779509 -0.039278915 0.997776829 0.053838343 2.813241771 0.999227911 0.039172650 0.003027983 18.182564558
0.001201093 0.056859811 -0.998381408 -91.956089711 -0.037110917 0.997696971 0.056776184 2.854164688 0.999310473 0.036982655 0.003308448 18.180427948
0.001204727 0.059208262 -0.998244882 -93.109413208 -0.035084230 0.997633590 0.059129661 2.894596046 0.999383675 0.034951418 0.003279154 18.179027775
0.001485974 0.060702643 -0.998154745 -94.273393670 -0.035684219 0.997523398 0.060611122 2.940602372 0.999362053 0.035528305 0.003648422 18.173822627
0.002222075 0.062476068 -0.998043947 -95.444717905 -0.037982251 0.997331546 0.062346906 2.991769076 0.999275986 0.037769415 0.004589129 18.166825058
0.002327332 0.061571307 -0.998099932 -96.595095680 -0.040170820 0.997302787 0.061428462 3.040166896 0.999190159 0.039951529 0.004794426 18.159580265
0.002841550 0.058229707 -0.998299124 -97.756477918 -0.042770821 0.997396729 0.058055327 3.079389998 0.999080911 0.042533106 0.005324687 18.146218590
0.002930268 0.056112673 -0.998420100 -98.913403419 -0.044571213 0.997439525 0.055926749 3.121743093 0.999001955 0.044336914 0.005423777 18.144583460
0.002896438 0.054845023 -0.998490635 -100.063801254 -0.044690936 0.997504322 0.054661205 3.160434509 0.998996704 0.044465159 0.005340287 18.142465204
0.003457176 0.054790698 -0.998491834 -101.213508736 -0.042920974 0.997585818 0.054592369 3.198618979 0.999072531 0.042667507 0.005800501 18.141775897
0.002846094 0.057211316 -0.998357992 -102.371467014 -0.042948795 0.997447850 0.057036720 3.242714122 0.999073263 0.042715940 0.005295989 18.148328517
0.003200924 0.059254100 -0.998237758 -103.523742110 -0.040556627 0.997429285 0.059076060 3.282488528 0.999172156 0.040296059 0.005595844 18.150802051
0.002629158 0.058185995 -0.998302255 -104.685383985 -0.044800472 0.997310251 0.058010187 3.333285585 0.998992537 0.044571894 0.005228848 18.135627630
0.002275347 0.058990438 -0.998255913 -105.854303494 -0.049231731 0.997054636 0.058807233 3.382607383 0.998784834 0.049012060 0.005172847 18.123143417
0.002349054 0.058412655 -0.998289717 -107.029115663 -0.052163674 0.996940538 0.058210963 3.437608314 0.998635829 0.051937718 0.005388888 18.108882701
0.002092819 0.054972781 -0.998485618 -108.206765652 -0.052764915 0.997102979 0.054786062 3.474517406 0.998604811 0.052570351 0.004987392 18.099011524
0.001416401 0.050376275 -0.998729263 -109.389180777 -0.053915996 0.997281473 0.050226782 3.521533640 0.998544512 0.053776342 0.004128639 18.097913063
0.000969004 0.049504808 -0.998773373 -110.586106641 -0.050353361 0.997509318 0.049393299 3.562915877 0.998731037 0.050243735 0.003459326 18.090098721
0.000084414 0.048900353 -0.998803617 -111.780842002 -0.045397133 0.997774101 0.048846110 3.594306432 0.998969058 0.045338697 0.002304164 18.092320289
-0.000120435 0.050354732 -0.998731346 -112.980244475 -0.044792596 0.997728706 0.050309579 3.636269485 0.998996343 0.044741828 0.002135360 18.077737396
-0.000947462 0.054084149 -0.998535890 -114.195828305 -0.043857901 0.997573319 0.054073626 3.680823625 0.999037373 0.043844921 0.001426855 18.087466221
-0.001538609 0.054668185 -0.998503349 -115.411664191 -0.042107888 0.997615425 0.054684454 3.723019426 0.999111927 0.042129005 0.000767024 18.086927402
-0.001742145 0.050281033 -0.998733547 -116.640891384 -0.042167769 0.997843078 0.050309757 3.761676313 0.999109067 0.042202013 0.000381853 18.074549108
-0.002758097 0.046505268 -0.998914195 -117.867937574 -0.043235659 0.997978397 0.046581078 3.804494287 0.999061137 0.043317189 -0.000741834 18.063766832
-0.003266778 0.045007030 -0.998981286 -119.105419284 -0.041955083 0.998100871 0.045104560 3.839843882 0.999114199 0.042059689 -0.001372299 18.049491850
-0.004011623 0.045951521 -0.998935574 -120.354869812 -0.043305747 0.997998513 0.046082326 3.875769085 0.999053854 0.043444517 -0.002013628 18.042831875
-0.004632036 0.050279271 -0.998724414 -121.618864873 -0.048228331 0.997561722 0.050444415 3.918663299 0.998825639 0.048400471 -0.002195855 18.021737514
-0.004539951 0.053952087 -0.998533162 -122.874643095 -0.053788054 0.997084774 0.054118381 3.960323773 0.998542096 0.053954851 -0.001624737 18.004758648
-0.004779158 0.053922460 -0.998533646 -124.152578011 -0.060660161 0.996690574 0.054113259 4.009546264 0.998147078 0.060829829 -0.001492395 17.977792780
-0.004744753 0.051638028 -0.998654553 -125.412812495 -0.064395033 0.996577268 0.051836565 4.054831103 0.997913249 0.064554345 -0.001403279 17.957388232
-0.004792784 0.050545956 -0.998710193 -126.655858016 -0.066337721 0.996505628 0.050752731 4.094035147 0.997785759 0.066495406 -0.001422932 17.930037902
-0.006012854 0.049842161 -0.998738965 -127.928068002 -0.066631297 0.996517441 0.050132444 4.134173620 0.997759590 0.066848712 -0.002670864 17.919601933
-0.006016387 0.048978069 -0.998781691 -129.178313843 -0.064314370 0.996712957 0.049264034 4.162719206 0.997911594 0.064532408 -0.002846616 17.910776137
-0.006637421 0.049420635 -0.998755957 -130.441529634 -0.064358854 0.996686150 0.049745923 4.199660989 0.997904789 0.064608973 -0.003434769 17.897947886
-0.007205302 0.054143044 -0.998507151 -131.707309909 -0.064273411 0.996443290 0.054494933 4.247057550 0.997906357 0.064570113 -0.003699714 17.873837242
-0.007506514 0.058564888 -0.998255339 -132.962459965 -0.062288065 0.996317560 0.058919585 4.291271286 0.998030027 0.062621674 -0.003830976 17.858989524
-0.007694360 0.057342384 -0.998324879 -134.209135292 -0.063100166 0.996336992 0.057714531 4.334947792 0.997977580 0.063438543 -0.004047861 17.844647350
-0.006868888 0.055661833 -0.998426009 -135.459528519 -0.063342309 0.996420264 0.055985788 4.385056607 0.997968264 0.063627169 -0.003318549 17.824887101
-0.005628469 0.055441046 -0.998446056 -136.707744510 -0.062191841 0.996509637 0.055684110 4.425833171 0.998048386 0.062408615 -0.002160842 17.803461573
-0.004926304 0.054528633 -0.998500012 -137.960646155 -0.062735714 0.996528377 0.054730478 4.467347103 0.998018059 0.062911230 -0.001488308 17.800094530
-0.003613292 0.056432888 -0.998399814 -139.225255151 -0.062427223 0.996446247 0.056548393 4.509143938 0.998043020 0.062531654 -0.000077501 17.774858598
-0.002970231 0.060032028 -0.998191990 -140.470423737 -0.063180479 0.996190873 0.060099677 4.559289275 0.997997740 0.063244758 0.000833936 17.759592870
-0.001778359 0.061239816 -0.998121455 -141.718325700 -0.064186398 0.996057876 0.061227564 4.608635163 0.997936385 0.064174705 0.002159416 17.751198873
-0.000556597 0.058608815 -0.998280829 -142.958383941 -0.067028866 0.996033741 0.058514258 4.657696176 0.997750924 0.066946201 0.003374094 17.737985317
-0.000778178 0.055316627 -0.998468518 -144.191899146 -0.066266617 0.996271327 0.055246544 4.705385713 0.997801691 0.066208124 0.002890371 17.729711625
-0.000672904 0.053829756 -0.998549858 -145.430451574 -0.063253328 0.996548241 0.053764477 4.744875806 0.997997319 0.063197780 0.002734332 17.728806351
-0.000307787 0.053429106 -0.998571555 -146.669527128 -0.061811453 0.996661204 0.053345942 4.783423304 0.998087839 0.061739579 0.002995773 17.724384093
-0.000880839 0.053352001 -0.998575337 -147.902972269 -0.059418127 0.996808672 0.053310022 4.828562676 0.998232836 0.059380434 0.002292050 17.718608201
-0.000628282 0.052614522 -0.998614657 -149.135858078 -0.056925723 0.996993676 0.052564930 4.854019181 0.998378261 0.056879887 0.002368729 17.705609825
-0.000976835 0.052318706 -0.998629919 -150.377587827 -0.056620180 0.997025530 0.052290035 4.899348036 0.998395355 0.056593684 0.001988366 17.701691953
-0.001202211 0.054395830 -0.998518684 -151.617126591 -0.054272529 0.997044240 0.054380849 4.939612557 0.998525479 0.054257513 0.001753543 17.698926353
-0.001009259 0.056280301 -0.998414455 -152.851987825 -0.051061181 0.997109699 0.056258366 4.986100393 0.998695059 0.051037001 0.001867399 17.694518973
-0.001512753 0.054809031 -0.998495667 -154.084020032 -0.049182563 0.997284396 0.054817054 5.019569071 0.998788702 0.049191500 0.001187005 17.690118763
-0.002061873 0.054692121 -0.998501094 -155.309236925 -0.050733936 0.997211665 0.054726255 5.065003494 0.998710118 0.050770729 0.000718624 17.676461517
-0.001450984 0.059273033 -0.998240711 -156.540092641 -0.051132730 0.996931570 0.059269621 5.106477681 0.998690854 0.051128773 0.001584262 17.666295669
-0.001276646 0.065694517 -0.997838923 -157.770353481 -0.055266746 0.996310068 0.065664569 5.165928382 0.998470852 0.055231140 0.002358789 17.658851538
0.000068355 0.066393740 -0.997793457 -158.998425481 -0.060597573 0.995960109 0.066267594 5.220422482 0.998162318 0.060459333 0.004091380 17.647341044
0.000928042 0.062571815 -0.998039991 -160.221349506 -0.064181738 0.995986454 0.062383388 5.275745485 0.997937838 0.063998046 0.004940286 17.627939587
0.002311087 0.057123167 -0.998364422 -161.443105678 -0.066905313 0.996138938 0.056840953 5.314826579 0.997756695 0.066664520 0.006124008 17.615378338
0.003686595 0.055022177 -0.998478285 -162.660544687 -0.069026759 0.996117504 0.054637220 5.369307273 0.997608039 0.068720296 0.007470286 17.610914604
0.004252458 0.052191125 -0.998628019 -163.874869247 -0.064608318 0.996564939 0.051808180 5.401334786 0.997901682 0.064299365 0.007609832 17.615848674
0.004594869 0.047550757 -0.998858212 -165.086351407 -0.060578130 0.997047533 0.047185890 5.438332114 0.998152925 0.060292150 0.007461840 17.611397523
0.004765141 0.044890998 -0.998980484 -166.309226172 -0.055353341 0.997472049 0.044559176 5.460697779 0.998455500 0.055084577 0.007237963 17.628066202
0.004000450 0.046595824 -0.998905772 -167.515468456 -0.052190494 0.997562142 0.046324133 5.494188687 0.998629177 0.051948068 0.006422558 17.615626876
0.004334917 0.053662191 -0.998549695 -168.743389990 -0.052250068 0.997207249 0.053363217 5.534410379 0.998624666 0.051942964 0.007126666 17.625065686
0.005627172 0.056841551 -0.998367311 -169.977683935 -0.053072974 0.996993008 0.056464164 5.577144117 0.998574824 0.052668590 0.008627004 17.615301672
0.007519903 0.054019753 -0.998511509 -171.193952410 -0.055248169 0.997037026 0.053523901 5.612549200 0.998444378 0.054763438 0.010482116 17.614819895
0.008427697 0.053246442 -0.998545795 -172.409402449 -0.057038392 0.996981079 0.052681601 5.658538392 0.998336456 0.056511463 0.011439348 17.615271176
0.008892169 0.054589292 -0.998469255 -173.628427512 -0.055837981 0.996977928 0.054010473 5.703692137 0.998400287 0.055272237 0.011913453 17.620789072
0.009834188 0.053102206 -0.998540616 -174.831406908 -0.055205470 0.997094798 0.052481621 5.733369889 0.998426627 0.054608790 0.012737152 17.625301352
0.011677259 0.051686312 -0.998595054 -176.007043998 -0.056040531 0.997127397 0.050955025 5.763691646 0.998360248 0.055366782 0.014540244 17.634369887
0.013017027 0.053118551 -0.998503326 -177.171034917 -0.057084205 0.996998845 0.052294333 5.801745566 0.998284546 0.056318052 0.016010193 17.630622477
0.014594250 0.055118834 -0.998373095 -178.294689876 -0.057181835 0.996891405 0.054201143 5.829066417 0.998257146 0.056297781 0.017700679 17.642211431
0.014824694 0.056682233 -0.998282159 -179.390037737 -0.057942074 0.996762894 0.055735516 5.854009673 0.998209913 0.057016278 0.018060992 17.651233697
0.015156925 0.057974768 -0.998202940 -180.472554012 -0.058515538 0.996658080 0.056996529 5.890988044 0.998171470 0.057546490 0.018498699 17.660979865
0.015161024 0.058999772 -0.998142818 -181.509920953 -0.057174742 0.996675411 0.058044592 5.918431650 0.998249106 0.056188542 0.018483918 17.675321710
0.015464548 0.058311651 -0.998178599 -182.516235745 -0.057774058 0.996682259 0.057329156 5.942448521 0.998209943 0.056782259 0.018782142 17.674851481
0.017096688 0.058101296 -0.998164244 -183.502966144 -0.058667284 0.996648491 0.057008205 5.967781732 0.998131222 0.057584933 0.020448036 17.687713442
0.018046673 0.058608322 -0.998117878 -184.459035844 -0.059381765 0.996581128 0.057444421 6.001906977 0.998072246 0.058233322 0.021465240 17.704391007
0.017516144 0.057277422 -0.998204587 -185.400803893 -0.058292766 0.996718101 0.056169223 6.026002362 0.998145892 0.057204239 0.020797519 17.720167087
0.014756138 0.054471289 -0.998406256 -186.331721393 -0.055663403 0.997011321 0.053572494 6.041885743 0.998340587 0.054784167 0.017744096 17.726648760
0.010082220 0.050902013 -0.998652717 -187.255617024 -0.055280806 0.997204568 0.050270093 6.068324837 0.998419985 0.054699493 0.012867942 17.729885975
0.005206452 0.047858264 -0.998840525 -188.171068737 -0.057462732 0.997217925 0.047480993 6.096521230 0.998334118 0.057148898 0.007942036 17.720683212
0.001563488 0.046904099 -0.998898131 -189.088282346 -0.059176797 0.997153177 0.046729537 6.124293157 0.998246336 0.059038531 0.004334673 17.722547844
-0.001564237 0.047594352 -0.998865480 -190.014427310 -0.061236889 0.996987567 0.047600768 6.151371378 0.998122077 0.061241874 0.001355007 17.711574066
-0.003191596 0.049159166 -0.998785816 -190.939912415 -0.060089218 0.996976694 0.049262134 6.177318293 0.998187950 0.060173485 -0.000228009 17.708532548
-0.004825993 0.050783562 -0.998697980 -191.853877371 -0.057033723 0.997069989 0.050976380 6.196185956 0.998360631 0.057205477 -0.001915476 17.704631795
-0.006332592 0.051346127 -0.998660798 -192.769104390 -0.055547014 0.997120850 0.051619176 6.221498212 0.998436033 0.055799509 -0.003462234 17.691349130
-0.007129670 0.050478962 -0.998699633 -193.691047431 -0.055631253 0.997158316 0.050798203 6.238464234 0.998425969 0.055921087 -0.004301200 17.682174621
-0.007896441 0.049242832 -0.998755579 -194.582955183 -0.057637119 0.997103860 0.049617089 6.268247352 0.998306412 0.057957193 -0.005035355 17.664730698
-0.007697970 0.048237923 -0.998806167 -195.497888977 -0.061155260 0.996943428 0.048619294 6.302116705 0.998098622 0.061456521 -0.004724436 17.648815268
-0.007230755 0.046678160 -0.998883768 -196.410082144 -0.063419460 0.996877566 0.047043491 6.325344059 0.997960807 0.063688830 -0.004247872 17.634067231
-0.006421865 0.044211293 -0.999001520 -197.319810693 -0.064232834 0.996940798 0.044533000 6.349234925 0.997914319 0.064454684 -0.003562402 17.631749188
-0.005569396 0.041468427 -0.999124250 -198.230584461 -0.064101986 0.997070041 0.041740488 6.373095450 0.997927854 0.064278318 -0.002894867 17.616978150
-0.005242052 0.041194394 -0.999137357 -199.153746359 -0.063895548 0.997095599 0.041445443 6.395548473 0.997942866 0.064057689 -0.002594687 17.607685879
-0.004577010 0.043668926 -0.999035531 -200.091429725 -0.061694355 0.997130572 0.043868304 6.420056804 0.998084637 0.061835639 -0.001869749 17.597969773
-0.004265311 0.045309282 -0.998963859 -201.020869110 -0.060758340 0.997115616 0.045484873 6.442552403 0.998143435 0.060889393 -0.001500091 17.597098772
-0.004340149 0.041809087 -0.999116149 -201.963699104 -0.056116508 0.997540994 0.041986941 6.460288634 0.998414836 0.056249140 -0.001983295 17.584771671
-0.003614987 0.037780322 -0.999279488 -202.896369920 -0.054807036 0.997776592 0.037921769 6.475116163 0.998490463 0.054904634 -0.001536321 17.581199609
-0.003447177 0.038522873 -0.999251731 -203.846075165 -0.059133457 0.997501222 0.038659383 6.506600832 0.998244177 0.059222475 -0.001160572 17.562930454
-0.001971585 0.041739367 -0.999126545 -204.817447033 -0.060019786 0.997322342 0.041782431 6.542799865 0.998195283 0.060049741 0.000538884 17.554127408
0.000216359 0.042147682 -0.999111326 -205.782736626 -0.058113481 0.997423407 0.042063891 6.555802496 0.998310002 0.058052736 0.002665152 17.550558644
0.002035968 0.042575219 -0.999091148 -206.760691132 -0.056912803 0.997478809 0.042390531 6.580311024 0.998377119 0.056774772 0.004453912 17.542298121
0.004282805 0.047246085 -0.998874057 -207.746762488 -0.057455415 0.997244774 0.046922672 6.622140982 0.998338929 0.057189763 0.006985549 17.546605716
0.005493213 0.051481514 -0.998658798 -208.740096999 -0.054343965 0.997213466 0.051108080 6.648706064 0.998507207 0.053990331 0.008275617 17.553003754
0.006750650 0.052469785 -0.998599653 -209.729904422 -0.053734906 0.997198645 0.052032916 6.669628809 0.998532459 0.053308402 0.009551199 17.542300963
0.009202224 0.052984139 -0.998552911 -210.733470732 -0.056889787 0.997005578 0.052377763 6.706974122 0.998338096 0.056325470 0.012188927 17.541385459
0.011672979 0.054395926 -0.998451171 -211.745554800 -0.059515761 0.996786788 0.053609445 6.754978424 0.998159156 0.058797799 0.014872888 17.543359855
0.015465793 0.054712760 -0.998382310 -212.771838890 -0.060154407 0.996744054 0.053691137 6.786488407 0.998069307 0.059226721 0.018706652 17.548413440
0.018018773 0.052335320 -0.998466952 -213.790136141 -0.063310611 0.996684815 0.051099375 6.825051971 0.997831236 0.062292805 0.021272420 17.543153450
0.020475910 0.049222471 -0.998577889 -214.826100229 -0.063835112 0.996813773 0.047826568 6.857742975 0.997750420 0.062765039 0.023552792 17.553970016
0.022887011 0.048145518 -0.998578044 -215.863011784 -0.063014039 0.996923101 0.046621468 6.890564856 0.997750219 0.061857411 0.025850435 17.577669139
