1.000000000 0.000000000 0.000000000 0.000000000 0.000000000 1.000000000 0.000000000 0.000000000 0.000000000 -0.000000000 1.000000000 0.000000000
0.999952447 -0.002564906 0.009408714 0.015560012 0.002554134 0.999996069 0.001156700 -0.008734239 -0.009411645 -0.001132614 0.999955068 0.267389343
0.999857456 -0.005026571 0.016118380 0.029165685 0.005011617 0.999986973 0.000968036 -0.013977075 -0.016123038 -0.000887118 0.999869622 0.558722477
0.999809806 -0.007642395 0.017942879 0.031366371 0.007640910 0.999970796 0.000151332 -0.020742246 -0.017943513 -0.000014203 0.999839002 0.863569164
0.999821675 -0.008969720 0.016618143 0.039277007 0.008991419 0.999958818 -0.001231443 -0.027478712 -0.016606414 0.001380644 0.999861151 1.178573227
0.999891363 -0.011551225 0.009155903 0.041125953 0.011579918 0.999928186 -0.003086894 -0.028202259 -0.009119589 0.003192583 0.999953319 1.492797760
0.999921471 -0.012322269 -0.002283368 0.039511321 0.012312701 0.999915550 -0.004158178 -0.037774937 0.002334413 0.004129738 0.999988748 1.812982646
0.999771870 -0.011591966 -0.017939722 0.013009176 0.011510556 0.999923011 -0.004634648 -0.045594755 0.017992067 0.004427094 0.999828328 2.141585529
0.999299939 -0.007914136 -0.036564985 -0.014416592 0.007727715 0.999956427 -0.005236901 -0.055871036 0.036604841 0.004950671 0.999317555 2.495872546
0.998400862 -0.004140988 -0.056378803 -0.058926419 0.003799327 0.999973773 -0.006165942 -0.061419990 0.056402863 0.005941880 0.998390410 2.839059993
0.997103235 -0.003510441 -0.075979046 -0.103317729 0.003030394 0.999974719 -0.006432532 -0.066506432 0.075999713 0.006183652 0.997088666 3.195104302
0.995271157 -0.004797579 -0.097017045 -0.153416202 0.004242648 0.999973444 -0.005925417 -0.074689209 0.097042905 0.005485787 0.995265082 3.580499488
0.993176804 -0.005827855 -0.116472618 -0.212248564 0.005263405 0.999972870 -0.005153191 -0.085076807 0.116499500 0.004504988 0.993180534 3.966198906
0.990965904 -0.005055570 -0.134018719 -0.289907955 0.004490875 0.999979721 -0.004515513 -0.091591947 0.134038841 0.003872857 0.990968512 4.367155974
0.988658130 -0.004034123 -0.150129360 -0.371117361 0.003458705 0.999985639 -0.004093721 -0.100389573 0.150143732 0.003528037 0.988657885 4.778967063
0.986606586 -0.003703009 -0.163075839 -0.450182875 0.003050598 0.999986311 -0.004250898 -0.109881498 0.163089362 0.003696485 0.986604378 5.192781794
0.984456579 -0.005212077 -0.175550780 -0.541594268 0.004363716 0.999976863 -0.005218250 -0.117266635 0.175573931 0.004371087 0.984456547 5.632092933
0.982646479 -0.007884102 -0.185320626 -0.628249128 0.006710503 0.999953268 -0.006959194 -0.130603227 0.185366848 0.005594834 0.982653466 6.080963056
0.981142822 -0.006990711 -0.193157678 -0.725968953 0.005375161 0.999946066 -0.008886695 -0.139978013 0.193209401 0.007680863 0.981127482 6.538034688
0.979604150 -0.007110096 -0.200811234 -0.827350407 0.005015091 0.999927586 -0.010939517 -0.143326616 0.200874491 0.009709309 0.979568870 7.008909777
0.978015105 -0.007527303 -0.208398153 -0.940576067 0.004857759 0.999899503 -0.013318666 -0.155799078 0.208477480 0.012013509 0.977953383 7.489951433
0.976166773 -0.011486970 -0.216717501 -1.053412178 0.008377952 0.999848471 -0.015259277 -0.166511456 0.216859964 0.013079950 0.976115093 7.992642845
0.974282680 -0.016864559 -0.224697221 -1.168051456 0.013535468 0.999774738 -0.016348176 -0.185009222 0.224922329 0.012886363 0.974291482 8.505287796
0.972369212 -0.018161586 -0.232740770 -1.300067075 0.014167453 0.999722477 -0.018821593 -0.210367678 0.233018028 0.015004194 0.972356662 9.027106471
0.970277926 -0.014425621 -0.241562918 -1.456247773 0.009191699 0.999698250 -0.022779845 -0.216250477 0.241818660 0.019882407 0.970117741 9.549898122
0.968222591 -0.011341089 -0.249832723 -1.607634572 0.005035347 0.999652774 -0.025864565 -0.232230826 0.250039328 0.023784662 0.967943505 10.084680964
0.965886762 -0.013869647 -0.258593095 -1.761967710 0.006830064 0.999581749 -0.028101209 -0.255244101 0.258874714 0.025376379 0.965577510 10.651270585
0.963485472 -0.015838602 -0.267291744 -1.929354936 0.008210174 0.999527120 -0.029633273 -0.286604592 0.267634719 0.026356717 0.963159897 11.218145955
0.961369144 -0.015958486 -0.274799361 -2.095813264 0.007316702 0.999446772 -0.032444055 -0.310905995 0.275165116 0.029180089 0.960954051 11.786631560
0.959011050 -0.015259862 -0.282957480 -2.284428244 0.005304418 0.999340721 -0.035916370 -0.331997158 0.283319035 0.032943272 0.958459740 12.374275922
0.956936565 -0.016125132 -0.289848898 -2.474109200 0.004392027 0.999145998 -0.041085094 -0.364418478 0.290263894 0.038042805 0.956190161 12.972821214
0.954936548 -0.017132343 -0.296315143 -2.666834572 0.002947438 0.998830862 -0.048251656 -0.405893187 0.296795398 0.045203901 0.953870592 13.585447365
0.953718294 -0.017529147 -0.300190168 -2.877541988 0.000619660 0.998411897 -0.056332051 -0.438939217 0.300700913 0.053538893 0.952214553 14.199686256
0.952492418 -0.017791130 -0.304042201 -3.087184803 -0.002140223 0.997876718 -0.065095897 -0.485767643 0.304554789 0.062654067 0.950431932 14.825742906
0.951114893 -0.016835636 -0.308378033 -3.311184033 -0.006315679 0.997243967 -0.073922815 -0.532928548 0.308772697 0.072256709 0.948387262 15.462118858
0.949732182 -0.016300267 -0.312638888 -3.531334632 -0.009524114 0.996676985 -0.080896713 -0.590997946 0.312918649 0.079807823 0.946420963 16.099432433
0.948206575 -0.014981502 -0.317300862 -3.758787293 -0.013487620 0.996087559 -0.087336469 -0.651938374 0.317367900 0.087092649 0.944294708 16.757054203
0.946746774 -0.013678083 -0.321688429 -4.003233394 -0.017332605 0.995483560 -0.093338432 -0.723678368 0.321512260 0.093943560 0.942233773 17.432071814
0.945054052 -0.011848644 -0.326699311 -4.263990851 -0.021616630 0.994890990 -0.098613589 -0.797226663 0.326198665 0.100257311 0.939969634 18.102710426
0.943227896 -0.009416968 -0.332012722 -4.521793791 -0.025875791 0.994476677 -0.101718153 -0.874447029 0.331136814 0.104534492 0.937774472 18.801261546
0.941580350 -0.008780196 -0.336673941 -4.783530071 -0.027632048 0.994275819 -0.103208845 -0.953119453 0.335652981 0.106482413 0.935947959 19.496976092
0.939335442 -0.007893966 -0.342909030 -5.058911761 -0.029032775 0.994317512 -0.102419644 -1.043220907 0.341768979 0.106162005 0.933768497 20.220654686
0.937133064 -0.008002398 -0.348880454 -5.335820400 -0.029160475 0.994444923 -0.101138331 -1.131566501 0.347751774 0.104953595 0.931693865 20.948999708
0.934614647 -0.007788377 -0.355576703 -5.614067663 -0.029499111 0.994617941 -0.099322474 -1.217691920 0.354436559 0.103317437 0.929354746 21.659027217
0.931668078 -0.007359734 -0.363236032 -5.900182037 -0.029672670 0.994913232 -0.096266260 -1.306382013 0.362096859 0.100466386 0.926710517 22.375832095
0.927958269 -0.004307045 -0.372659211 -6.222936340 -0.031858791 0.995356186 -0.090835457 -1.383896299 0.371319915 0.096163988 0.923511787 23.169953447
0.924641480 -0.002024268 -0.380833327 -6.538576350 -0.033121263 0.995769492 -0.085709397 -1.472861475 0.379395739 0.091864146 0.920662732 23.909576253
0.921050368 0.000829573 -0.389442573 -6.874823149 -0.035454648 0.996023661 -0.081730251 -1.544445945 0.387826250 0.089085229 0.917417373 24.655590415
0.917332411 0.001845679 -0.398117855 -7.217302227 -0.036682209 0.996127378 -0.079904090 -1.625814642 0.396428651 0.087902456 0.913847633 25.396481361
0.913356227 0.002999658 -0.407150328 -7.564240416 -0.038489841 0.996130892 -0.079004924 -1.701670338 0.405338066 0.087830793 0.909937810 26.155549949
0.909490588 0.002194360 -0.415718703 -7.920244211 -0.038083266 0.996221143 -0.078058314 -1.772450213 0.413976509 0.086825229 0.906137321 26.914448547
0.905647867 0.003057833 -0.424019545 -8.297639345 -0.039135666 0.996308638 -0.076403516 -1.847015990 0.422220742 0.085788970 0.902424464 27.684771196
0.901848080 0.003220267 -0.432041263 -8.681237419 -0.039104889 0.996476327 -0.074200660 -1.924393007 0.430279982 0.083812649 0.898796192 28.475254459
0.898119871 0.003552171 -0.439736354 -9.070487539 -0.038254219 0.996807717 -0.070078447 -1.996555069 0.438083698 0.079760618 0.895388706 29.253135109
0.894307257 0.005239164 -0.447422689 -9.487604218 -0.038196329 0.997175418 -0.064670134 -2.059134410 0.445820127 0.074924875 0.891981331 30.067631907
0.890676517 0.005523192 -0.454604023 -9.906114207 -0.037005287 0.997489090 -0.060383131 -2.129828404 0.453129085 0.070604590 0.888644497 30.854156098
0.886981749 0.005420600 -0.461772646 -10.333243828 -0.036502716 0.997625425 -0.058404307 -2.201861578 0.460359585 0.068659511 0.885073411 31.666558394
0.883659541 0.005133212 -0.468101963 -10.777541251 -0.036144790 0.997702981 -0.057291502 -2.264186346 0.466732673 0.067545631 0.881815297 32.495392584
0.880567710 0.005064878 -0.473893273 -11.223743779 -0.035577248 0.997827780 -0.055443490 -2.317151343 0.472583098 0.065681566 0.878835119 33.307945357
0.877459179 0.003973654 -0.479634840 -11.690210306 -0.034158734 0.997944392 -0.054223349 -2.384185274 0.478433474 0.063962494 0.875791202 34.152631231
0.875116921 0.002462523 -0.483905250 -12.167182256 -0.032734250 0.997997771 -0.054119483 -2.446357088 0.482803131 0.063201151 0.873445345 34.992838323
0.873046761 0.002117380 -0.487631878 -12.647913076 -0.032839694 0.997975664 -0.054462175 -2.510454509 0.486529471 0.063561708 0.871348956 35.833064137
0.871748678 0.001997148 -0.489949216 -13.148014905 -0.033228434 0.997930304 -0.055054331 -2.570443162 0.488825260 0.064273787 0.870010786 36.699330117
0.871222702 0.002442314 -0.490881877 -13.640406611 -0.033355890 0.997970908 -0.054235140 -2.635680832 0.489753415 0.063624688 0.869536378 37.561813437
0.870959303 0.002069629 -0.491350780 -14.156721744 -0.032070629 0.998098250 -0.052643689 -2.695495933 0.490307443 0.061608440 0.869369330 38.458294953
0.870796414 0.000957347 -0.491642826 -14.664500722 -0.030539552 0.998172297 -0.052147886 -2.761050771 0.490694367 0.060424745 0.869234094 39.357939363
0.870233896 -0.000845302 -0.492638032 -15.177027614 -0.028875650 0.998191714 -0.052720940 -2.827848311 0.491791809 0.060104793 0.868635857 40.251722646
0.869057152 -0.002835404 -0.494703552 -15.708689495 -0.027156264 0.998202417 -0.053427251 -2.893795956 0.493965811 0.059865635 0.867417952 41.169626124
0.867672276 -0.003537637 -0.497124015 -16.237729500 -0.025654781 0.998323655 -0.051881717 -2.965027078 0.496474244 0.057769936 0.866127001 42.091880526
0.865607219 -0.003306098 -0.500712681 -16.782618220 -0.024097336 0.998544499 -0.048251448 -3.028844790 0.500143460 0.053832645 0.864267660 43.018817689
0.862821571 -0.002972581 -0.505499830 -17.317980907 -0.022310536 0.998784383 -0.043954469 -3.095423614 0.505016037 0.049202837 0.861706392 43.931496468
0.859108995 -0.004379638 -0.511773906 -17.870984866 -0.019905926 0.998920790 -0.041964371 -3.163262377 0.511405426 0.046239303 0.858094657 44.834298492
0.853917814 -0.007262901 -0.520357178 -18.426775961 -0.018394701 0.998856537 -0.044127684 -3.226681766 0.520082709 0.047253230 0.852807793 45.735701862
0.848332301 -0.009881754 -0.529371923 -18.988434292 -0.017933917 0.998715810 -0.047382534 -3.293552007 0.529160377 0.049689847 0.847065664 46.615941765
0.842022671 -0.010056228 -0.539348374 -19.572724603 -0.018243941 0.998723394 -0.047103508 -3.355526654 0.539133567 0.049502062 0.840764276 47.520324714
0.836195866 -0.007784708 -0.548375643 -20.168040607 -0.018367030 0.998940849 -0.042188046 -3.417253704 0.548123298 0.045349502 0.835167227 48.411464232
0.831223139 -0.003939607 -0.555924946 -20.778760741 -0.020314004 0.999091865 -0.037453792 -3.482825475 0.555567692 0.042425521 0.830388248 49.281547590
0.827007182 -0.003417847 -0.562180942 -21.385316086 -0.022082347 0.999012327 -0.038558279 -3.538344506 0.561757524 0.044302250 0.826114896 50.165735385
0.823802958 -0.005005815 -0.566854125 -21.998893928 -0.023533281 0.998796969 -0.043020905 -3.591586720 0.566387585 0.048780687 0.822694096 51.027874322
0.820918326 -0.008083846 -0.570988375 -22.614922844 -0.024996688 0.998432675 -0.050073548 -3.667255388 0.570498286 0.055379112 0.819429611 51.886649870
0.817667929 -0.008456164 -0.575628025 -23.232508904 -0.026034215 0.998326012 -0.051646807 -3.729131099 0.575101213 0.057215962 0.816079014 52.764271125
0.814658751 -0.007170642 -0.579896261 -23.856785438 -0.025437149 0.998519436 -0.048082082 -3.797475968 0.579382515 0.053921397 0.813270197 53.631661116
0.811140236 -0.005163684 -0.584828885 -24.490199135 -0.024150110 0.998812428 -0.042314387 -3.867767391 0.584352906 0.048446584 0.810052245 54.502299764
0.807999428 -0.003703751 -0.589171602 -25.132673942 -0.024155149 0.998931261 -0.039406411 -3.932041137 0.588687931 0.046071886 0.807046424 55.372470933
0.805196213 -0.003020315 -0.593000764 -25.776851943 -0.025568592 0.998880259 -0.039805454 -3.985898736 0.592457032 0.047213396 0.804217378 56.220097946
0.801503728 -0.004550174 -0.597972439 -26.421935009 -0.025234786 0.998822923 -0.041424304 -4.048410845 0.597457118 0.048291441 0.800445475 57.079429782
0.797811116 -0.006625882 -0.602871040 -27.077894951 -0.024935720 0.998721376 -0.043975246 -4.115333076 0.602391620 0.050116964 0.796625795 57.933339887
0.793791582 -0.007847258 -0.608139222 -27.736824833 -0.024403199 0.998700567 -0.044739941 -4.174353623 0.607700123 0.050354731 0.792568606 58.774586300
0.789143329 -0.008185078 -0.614154523 -28.403167404 -0.023572096 0.998770968 -0.043599417 -4.241001890 0.613756624 0.048883099 0.787980509 59.622486763
0.784649516 -0.008519502 -0.619881055 -29.088947279 -0.023182167 0.998803003 -0.043071455 -4.303231194 0.619506058 0.048166183 0.783512792 60.463035216
0.779076691 -0.009374355 -0.626858514 -29.780087291 -0.023201298 0.998772132 -0.043771334 -4.371078040 0.626499195 0.048645157 0.777902591 61.303127121
0.773603845 -0.010727007 -0.633578716 -30.469057285 -0.022821170 0.998736433 -0.044774227 -4.435244732 0.633258494 0.049096522 0.772381542 62.137938129
0.768366533 -0.011968414 -0.639898111 -31.164662219 -0.022452136 0.998705648 -0.045639128 -4.501935717 0.639616141 0.049434659 0.767103280 62.960811409
0.762634030 -0.013366505 -0.646692073 -31.892523334 -0.021995156 0.998672370 -0.046580148 -4.563890977 0.646456173 0.049747698 0.761327537 63.794657103
0.756732233 -0.015501269 -0.653541125 -32.610767762 -0.020898849 0.998634191 -0.047885171 -4.637063235 0.653390849 0.049894510 0.755374724 64.613434565
0.750481182 -0.016737976 -0.660679800 -33.341438691 -0.019908546 0.998652998 -0.047914917 -4.700802847 0.660591918 0.049112417 0.749137054 65.431445539
0.744354926 -0.016538980 -0.667579335 -34.092015430 -0.019538835 0.998725836 -0.046528901 -4.767632999 0.667498326 0.047677741 0.743083344 66.260354880
0.738131086 -0.017102487 -0.674440484 -34.840055387 -0.018551233 0.998786124 -0.045630367 -4.834047897 0.674402246 0.046192896 0.736917814 67.057026618
0.731342985 -0.018326542 -0.681763548 -35.597278730 -0.018172891 0.998760304 -0.046342221 -4.902630327 0.681767720 0.046281673 0.730103297 67.873835454
0.725168895 -0.020418417 -0.688268203 -36.383859101 -0.017626914 0.998682195 -0.048199232 -4.972628990 0.688345411 0.047084630 0.723853352 68.678120716
0.719476207 -0.019946566 -0.694230567 -37.170357686 -0.018923895 0.998653336 -0.048305272 -5.040936271 0.694259255 0.047892040 0.718129848 69.479593375
0.713944720 -0.019869807 -0.699920057 -37.974670138 -0.018637396 0.998703870 -0.047362727 -5.110511932 0.699954016 0.046859056 0.712649034 70.282440336
0.708990145 -0.019639263 -0.704944842 -38.784228022 -0.019396340 0.998690948 -0.047330465 -5.177399417 0.704951628 0.047230183 0.707681111 71.070403837
0.704118940 -0.019775380 -0.709806600 -39.594173086 -0.020443951 0.998633173 -0.048102288 -5.252757847 0.709787719 0.048380984 0.702752245 71.870206466
0.699071070 -0.022223747 -0.714706723 -40.426939074 -0.019962893 0.998520727 -0.050575084 -5.323828055 0.714773506 0.049623193 0.697593304 72.657754112
0.694432044 -0.024320742 -0.719147128 -41.247193177 -0.020473600 0.998356160 -0.053533252 -5.400436578 0.719266995 0.051898736 0.692792577 73.447717090
0.689223449 -0.024570515 -0.724132089 -42.091658636 -0.021628462 0.998281765 -0.054458488 -5.475221572 0.724225994 0.053195931 0.687507780 74.243738467
0.684086491 -0.024492365 -0.728989541 -42.946683834 -0.020863554 0.998370088 -0.053121364 -5.553326505 0.729102482 0.051548920 0.682460494 75.031823147
0.679443117 -0.024535873 -0.733317800 -43.804439080 -0.020355724 0.998425701 -0.052266292 -5.628932653 0.733445799 0.050439188 0.677874025 75.805642346
0.674429051 -0.025457525 -0.737900618 -44.670875751 -0.019710476 0.998428448 -0.052460769 -5.710707056 0.738076552 0.049925440 0.672867372 76.585560342
0.669752408 -0.026214627 -0.742121592 -45.552348596 -0.019267751 0.998426751 -0.052657148 -5.786188227 0.742334501 0.049566266 0.668193625 77.368890758
0.665618239 -0.026863531 -0.745808731 -46.430278914 -0.018619796 0.998443058 -0.052581016 -5.869752983 0.746060124 0.048885690 0.664081718 78.155039129
0.661637260 -0.028247221 -0.749291788 -47.323921932 -0.016908668 0.998473994 -0.052571668 -5.942264787 0.749633431 0.047452900 0.660149976 78.929155599
0.657745342 -0.030688228 -0.752614940 -48.221492207 -0.014637865 0.998460267 -0.053505400 -6.018651901 0.753098164 0.046209605 0.656283381 79.696367073
0.653453688 -0.034629960 -0.756173918 -49.118311390 -0.012336287 0.998333141 -0.056380453 -6.109723017 0.756865999 0.046170394 0.651937270 80.480433212
0.648921599 -0.038341532 -0.759888568 -50.022195896 -0.009523299 0.998241943 -0.058500680 -6.189697874 0.760795710 0.045199001 0.647415621 81.257677086
0.642761331 -0.042046437 -0.764911706 -50.939367130 -0.004401464 0.998273444 -0.058572685 -6.278706714 0.766053880 0.041014989 0.641466503 82.028612769
0.634530725 -0.045224017 -0.771573390 -51.860009184 -0.000557493 0.998259647 -0.058969189 -6.373058786 0.772897468 0.037847909 0.633401207 82.794618418
0.626242431 -0.046365016 -0.778248450 -52.785465745 0.001779772 0.998312473 -0.058043424 -6.462385352 0.779626385 0.034964149 0.625268150 83.547802958
0.617075713 -0.045374982 -0.785594438 -53.747411472 0.002926708 0.998461559 -0.055371032 -6.541456185 0.786898374 0.031868913 0.616259179 84.284699303
0.608119471 -0.045296810 -0.792552114 -54.715382300 0.002898669 0.998490799 -0.054842717 -6.628864707 0.793840260 0.031053578 0.607332998 85.018447689
0.599150489 -0.046204502 -0.799302058 -55.694460456 0.000986609 0.998375256 -0.056972584 -6.711030311 0.800635854 0.033346554 0.598222611 85.748331628
0.589307505 -0.048894365 -0.806427895 -56.674397461 0.002377348 0.998267630 -0.058788483 -6.803875097 0.807905357 0.032727335 0.588402847 86.449698546
0.579603213 -0.050014262 -0.813362547 -57.686951363 0.001583442 0.998182027 -0.060250584 -6.883292972 0.814897333 0.033633520 0.578628707 87.154472422
0.570213119 -0.051005621 -0.819911805 -58.702539013 0.004308978 0.998242612 -0.059102635 -6.978890771 0.821485537 0.030168117 0.569430817 87.868345981
0.559472339 -0.050866594 -0.827286670 -59.716277058 0.005432610 0.998318680 -0.057708745 -7.064113359 0.828831253 0.027792119 0.558808027 88.549449631
0.549195167 -0.051682238 -0.834094452 -60.761986136 0.006004171 0.998304120 -0.057903668 -7.158790145 0.835672589 0.026792369 0.548574108 89.225914617
0.539580510 -0.052443187 -0.840299068 -61.814691451 0.004542486 0.998224967 -0.059382503 -7.250897752 0.841921788 0.028224594 0.538860961 89.893118038
0.529675640 -0.052633376 -0.846565640 -62.868934165 0.002724672 0.998173287 -0.060354491 -7.342454460 0.848195940 0.029661690 0.528851485 90.545828771
0.519735193 -0.053630403 -0.852642390 -63.956375062 0.001559066 0.998085583 -0.061828301 -7.437425044 0.854326026 0.030805018 0.518823819 91.185959051
0.510269627 -0.053674453 -0.858337869 -65.032723041 0.000571832 0.998071481 -0.062072470 -7.533067163 0.860014327 0.031182871 0.509316256 91.812405074
0.501541352 -0.052105377 -0.863563106 -66.127931323 0.000005421 0.998184827 -0.060224988 -7.621128909 0.865133709 0.030200641 0.500631252 92.440628821
0.493819798 -0.050607181 -0.868090350 -67.227758207 0.000894355 0.998334072 -0.057691254 -7.719548493 0.869563839 0.027712702 0.493042392 93.063384402
0.485770417 -0.050883803 -0.872604077 -68.333582211 0.001194744 0.998341864 -0.057550797 -7.810230702 0.874085659 0.026913937 0.485025738 93.661586762
0.478510732 -0.053795086 -0.876432257 -69.451416086 0.002317026 0.998195458 -0.060003825 -7.909130684 0.878078684 0.026681759 0.477771886 94.266357886
0.471915258 -0.056982451 -0.879800502 -70.562962056 0.004337208 0.998047135 -0.062314555 -8.004831468 0.881633282 0.025591311 0.471240817 94.859452141
0.465686091 -0.060277389 -0.882894690 -71.708751166 0.006118267 0.997873008 -0.064900137 -8.103390514 0.884928865 0.024821306 0.465064375 95.440337333
0.461213808 -0.063458666 -0.885016810 -72.823446924 0.007291901 0.997676586 -0.067736679 -8.210085663 0.887259104 0.024787637 0.460604953 96.026680998
0.456524504 -0.064049929 -0.887402342 -73.950815409 0.008495069 0.997673715 -0.067638679 -8.317125320 0.889670320 0.023340170 0.456006607 96.608967842
0.452312612 -0.062372908 -0.889675701 -75.083322962 0.011080296 0.997867505 -0.064324720 -8.422211338 0.891790668 0.019237012 0.452039168 97.174247459
0.448959308 -0.060770759 -0.891483251 -76.216838245 0.014783559 0.998053236 -0.060590299 -8.525512661 0.893429938 0.014023283 0.448983699 97.748189351
0.445273214 -0.060347218 -0.893358780 -77.346283776 0.016609498 0.998111228 -0.059144739 -8.624794304 0.895240726 0.011497326 0.445434532 98.309812119
0.442265556 -0.059779922 -0.894889642 -78.481563000 0.016739508 0.998152606 -0.058405165 -8.719028488 0.896727960 0.010850580 0.442449205 98.851527884
0.440228747 -0.059658915 -0.895901444 -79.599094253 0.019811424 0.998192654 -0.056735629 -8.819462431 0.897667102 0.007227572 0.440615031 99.405270308
0.437564771 -0.058657121 -0.897271612 -80.723928201 0.020717073 0.998262785 -0.055156275 -8.914612471 0.898948242 0.005545602 0.438019832 99.948694626
0.435918303 -0.059212316 -0.898036228 -81.841324706 0.022443478 0.998238226 -0.054924816 -9.011533336 0.899706392 0.003787676 0.436479245 100.484989187
0.433120670 -0.059268437 -0.899385162 -82.938478265 0.023954996 0.998240176 -0.054246760 -9.101777314 0.901017597 0.001950625 0.433778230 101.004647006
0.430926485 -0.058135681 -0.900512375 -84.032583410 0.025934403 0.998308259 -0.052038718 -9.194369829 0.902014323 -0.000929390 0.431705184 101.538928462
0.429581143 -0.058360095 -0.901140428 -85.137308512 0.029324207 0.998284733 -0.050672309 -9.284923762 0.902552049 -0.004657361 0.430555661 102.063758895
0.427602707 -0.058962797 -0.902041708 -86.205611717 0.030791718 0.998241449 -0.050654516 -9.370699216 0.903442231 -0.006115407 0.428666313 102.564854707
0.426606627 -0.059726091 -0.902463024 -87.266643201 0.031146077 0.998195506 -0.051338606 -9.454925579 0.903900867 -0.006206795 0.427697053 103.065518399
0.426323226 -0.060850062 -0.902521860 -88.322010641 0.031316824 0.998129594 -0.052503060 -9.547217814 0.904028667 -0.005880844 0.427431460 103.556495749
0.426699916 -0.061489554 -0.902300475 -89.361682522 0.030307761 0.998097855 -0.053685302 -9.631135234 0.903885330 -0.004439193 0.427751883 104.040920722
0.428535257 -0.061309600 -0.901442509 -90.397901886 0.028146007 0.998116763 -0.054504401 -9.721087743 0.903086599 -0.002014950 0.429453845 104.516822934
0.431840147 -0.061568589 -0.899846280 -91.415188246 0.026792946 0.998102840 -0.055433372 -9.809956330 0.901552158 -0.000171177 0.432670483 104.979730058
0.437057966 -0.062176781 -0.897281625 -92.428453557 0.025739010 0.998063784 -0.056623198 -9.896362442 0.899065017 0.001652478 0.437812097 105.462608350
0.443117195 -0.062114615 -0.894309151 -93.439650806 0.024777743 0.998064152 -0.057043951 -9.979819694 0.896121243 0.003118192 0.443798448 105.950045849
0.449487722 -0.060703945 -0.891221493 -94.426197006 0.023082355 0.998144488 -0.056345222 -10.060850518 0.892988275 0.004754995 0.450054884 106.427493617
0.456796337 -0.060349254 -0.887521835 -95.417690055 0.023486628 0.998166551 -0.055784545 -10.141711065 0.889261239 0.004637280 0.457376225 106.913722147
0.466132066 -0.060175524 -0.882666266 -96.395878119 0.023549784 0.998174593 -0.055613737 -10.223251516 0.884401702 0.005136746 0.466698308 107.416348474
0.474769032 -0.059688722 -0.878084026 -97.373018561 0.022854543 0.998197285 -0.055496387 -10.303039816 0.879813674 0.006279757 0.475277318 107.928034339
0.485019177 -0.060876545 -0.872382015 -98.330973730 0.022614315 0.998113600 -0.057077438 -10.388295741 0.874211105 0.007955329 0.485480919 108.454880956
0.495541832 -0.062458541 -0.866335477 -99.277351267 0.021149826 0.997983175 -0.059852043 -10.474370202 0.868326575 0.011336346 0.495863399 108.978711554
0.506827924 -0.062057437 -0.859810599 -100.228808240 0.018462767 0.997958112 -0.061145183 -10.559532336 0.861849548 0.015115604 0.506938792 109.521849328
0.519000969 -0.060698132 -0.852615780 -101.155841568 0.016465971 0.998000410 -0.061025032 -10.642804003 0.854615075 0.017632904 0.518962635 110.067594361
0.531592276 -0.058477941 -0.844979244 -102.068917428 0.015279296 0.998113549 -0.059463317 -10.723909799 0.846862596 0.018699551 0.531482955 110.638628853
0.543851630 -0.057213783 -0.837228719 -102.980039835 0.015801691 0.998194471 -0.057949167 -10.809572977 0.839032639 0.018286119 0.543773765 111.215509064
0.555693383 -0.056119100 -0.829491080 -103.877260598 0.015200546 0.998238265 -0.057352503 -10.894341105 0.831248378 0.019261690 0.555567440 111.805951117
0.566761372 -0.056853551 -0.821917979 -104.779418837 0.015998992 0.998187551 -0.058014179 -10.978362892 0.823726676 0.019730337 0.566643747 112.403598529
0.577977632 -0.057575544 -0.814018954 -105.646034320 0.016037074 0.998116722 -0.059209976 -11.060973781 0.815895046 0.021167559 0.577812484 113.007772495
0.588585373 -0.059128077 -0.806269851 -106.485139885 0.017794712 0.998027686 -0.060200378 -11.141294621 0.808239234 0.021085722 0.588476667 113.618798327
0.599610897 -0.058416541 -0.798156768 -107.322604509 0.017662781 0.998055423 -0.059777917 -11.230996072 0.800096777 0.021745822 0.599476707 114.242946952
0.609899064 -0.056859879 -0.790436608 -108.140742068 0.017643068 0.998149709 -0.058188324 -11.307248388 0.792282719 0.021543277 0.609773757 114.867583695
0.619854361 -0.054560194 -0.782817798 -108.939433861 0.017804975 0.998301013 -0.055480351 -11.379368648 0.784514885 0.020451686 0.619772681 115.494385940
0.629766766 -0.054218767 -0.774889730 -109.715337885 0.018686323 0.998329826 -0.054666084 -11.463001853 0.776559522 0.019947043 0.629728096 116.129303851
0.639373034 -0.052945223 -0.767071623 -110.502516698 0.016125606 0.998330339 -0.055466196 -11.545448747 0.768727609 0.023094096 0.639159273 116.751725941
0.648935829 -0.052214561 -0.759049327 -111.268593352 0.014257354 0.998301728 -0.056483522 -11.618892373 0.760709581 0.025832146 0.648578202 117.394274452
0.658336880 -0.051841417 -0.750936063 -112.009107041 0.014200864 0.998303362 -0.056468866 -11.693921967 0.752589487 0.026511596 0.657956115 118.034691052
0.667242443 -0.049833932 -0.743171618 -112.738591546 0.013620235 0.998408818 -0.054720387 -11.768174002 0.744716091 0.026389592 0.666859490 118.686607261
0.675916616 -0.049019831 -0.735345998 -113.464360793 0.014985755 0.998493335 -0.052787196 -11.840700824 0.736825759 0.024660028 0.675632837 119.344940417
0.684167897 -0.048193743 -0.727730449 -114.158538093 0.014990580 0.998532780 -0.052034319 -11.908754720 0.729170498 0.024691110 0.683886525 119.995896995
0.691963621 -0.047394083 -0.720374974 -114.859245136 0.014221252 0.998544013 -0.052034691 -11.981587648 0.721792315 0.025761480 0.691630136 120.655836551
0.699296113 -0.046149911 -0.713340795 -115.539976011 0.013524799 0.998589355 -0.051345684 -12.051885231 0.714704183 0.026258047 0.698933823 121.311234226
0.706522282 -0.043805043 -0.706333732 -116.220300724 0.013124694 0.998721846 -0.048810022 -12.116547664 0.707569112 0.025214954 0.706194166 121.967813192
0.713584095 -0.041544219 -0.699336667 -116.881805289 0.012479084 0.998835553 -0.046602687 -12.181500017 0.700458458 0.024527856 0.713271600 122.637741771
0.721153835 -0.040078464 -0.691614648 -117.524389411 0.011762994 0.998889635 -0.045619385 -12.243080844 0.692675117 0.024763135 0.720824536 123.287072904
0.728346394 -0.038690609 -0.684115873 -118.144337279 0.010662200 0.998923624 -0.045143214 -12.310112973 0.685126184 0.025585717 0.727974948 123.945828382
0.736347012 -0.036487848 -0.675619475 -118.765300749 0.009040990 0.998986294 -0.044098128 -12.368564171 0.676543699 0.026363255 0.735930460 124.598885297
0.744984370 -0.033543706 -0.666237999 -119.350682564 0.008013506 0.999112893 -0.041342604 -12.424839111 0.667033815 0.025460692 0.744592292 125.271533466
0.754237303 -0.030162776 -0.655908728 -119.931817143 0.006318814 0.999231484 -0.038684819 -12.472467293 0.656571549 0.025032969 0.753848253 125.924192862
0.764226855 -0.027790298 -0.644348491 -120.486474604 0.004854646 0.999290794 -0.037340877 -12.532259529 0.644929284 0.025408818 0.763819774 126.586927170
0.774163554 -0.027381903 -0.632393065 -121.042821890 0.003948829 0.999253398 -0.038432459 -12.576801918 0.632973326 0.027255797 0.773693690 127.245563465
0.783863616 -0.027994544 -0.620301623 -121.568051644 0.003974899 0.999188931 -0.040070925 -12.631970668 0.620920336 0.028944503 0.783339126 127.904820753
0.793885022 -0.027257204 -0.607456654 -122.084667269 0.003938567 0.999204358 -0.039688013 -12.688287119 0.608055171 0.029115209 0.793360728 128.579629474
0.803487123 -0.025932302 -0.594757033 -122.591193854 0.003794755 0.999253611 -0.038442436 -12.727887336 0.595310064 0.028631046 0.802985817 129.254765295
0.813388336 -0.023854045 -0.581231769 -123.081391990 0.003621209 0.999347169 -0.035946113 -12.772501847 0.581709832 0.027133388 0.812943713 129.949589072
0.822933235 -0.022594092 -0.567688619 -123.563438043 0.004287770 0.999427449 -0.033561720 -12.819356614 0.568121933 0.025184936 0.822558944 130.645321524
0.832133379 -0.021149919 -0.554172081 -124.038536681 0.004863223 0.999512386 -0.030843768 -12.863500228 0.554554249 0.022971066 0.831830477 131.356573466
0.840090662 -0.020707432 -0.542050603 -124.489260628 0.005935792 0.999562199 -0.028985787 -12.899239638 0.542413561 0.021133189 0.839845785 132.060117795
0.847144907 -0.020892073 -0.530951036 -124.939768899 0.007425100 0.999594625 -0.027485524 -12.941555392 0.531310077 0.019341858 0.846956622 132.776269128
0.853792523 -0.020937203 -0.520192213 -125.374836571 0.007988402 0.999600224 -0.027121504 -12.985480900 0.520552146 0.019000633 0.853618453 133.492949789
0.860330645 -0.019899943 -0.509347770 -125.809816794 0.007158305 0.999610795 -0.026963284 -13.019535279 0.509686139 0.019551273 0.860138250 134.219524417
0.866709749 -0.018381401 -0.498473986 -126.230915330 0.006046888 0.999634543 -0.026347988 -13.055728114 0.498776170 0.019821842 0.866504154 134.954391016
0.872979904 -0.017230112 -0.487451732 -126.649950444 0.005300245 0.999651969 -0.025842781 -13.082515215 0.487727399 0.019976615 0.872767403 135.686858185
0.878453009 -0.017848838 -0.477495246 -127.058821066 0.006221824 0.999644645 -0.025920501 -13.125592355 0.477788256 0.019799050 0.878251900 136.441708703
0.883546431 -0.018940979 -0.467960388 -127.458526208 0.007307295 0.999617761 -0.026663376 -13.164407794 0.468286585 0.020138807 0.883347112 137.203279294
0.887981365 -0.019485666 -0.459466414 -127.847585066 0.007890933 0.999600440 -0.027142090 -13.207290074 0.459811750 0.020476052 0.887780325 137.974291892
0.891389069 -0.018853715 -0.452846605 -128.257550852 0.007653339 0.999618110 -0.026552949 -13.239722506 0.453174328 0.020203219 0.891192952 138.751710447
0.894592673 -0.017119142 -0.446554438 -128.663605597 0.007453898 0.999698583 -0.023391952 -13.277879154 0.446820327 0.017597698 0.894450632 139.541544764
0.897661493 -0.013373110 -0.440482675 -129.061646756 0.005363510 0.999796957 -0.019423642 -13.306468998 0.440653030 0.015073322 0.897550957 140.339022897
0.900790383 -0.010521948 -0.434126661 -129.466568072 0.003653483 0.999854658 -0.016652735 -13.330338318 0.434238821 0.013414549 0.900697904 141.159196057
0.904181683 -0.007980265 -0.427073511 -129.863485753 0.001973965 0.999892852 -0.014504731 -13.361404150 0.427143539 0.012271885 0.904100555 141.992603670
0.907240493 -0.005964619 -0.420569964 -130.260818880 0.000900661 0.999924704 -0.012238283 -13.377486520 0.420611329 0.010724274 0.907177555 142.831189147
0.910457321 -0.004816409 -0.413574968 -130.659953292 0.000939787 0.999953703 -0.009576378 -13.404934218 0.413601981 0.008330211 0.910419697 143.692035177
0.913778390 -0.004717965 -0.406185647 -131.051607853 0.001823368 0.999970115 -0.007512993 -13.429726464 0.406208988 0.006124584 0.913759685 144.563920731
0.917217112 -0.004992836 -0.398356407 -131.434505445 0.002593197 0.999975104 -0.006562435 -13.455159561 0.398379289 0.004986160 0.917207225 145.446409625
0.920847792 -0.005736915 -0.389880007 -131.815946299 0.003390449 0.999971765 -0.006706334 -13.454020141 0.389907505 0.004853644 0.920841242 146.349171735
0.924692743 -0.008203928 -0.380625818 -132.198295176 0.006018258 0.999957862 -0.006932121 -13.498166258 0.380666683 0.004119378 0.924703153 147.264136637
0.928544099 -0.009772909 -0.371093431 -132.576008438 0.007233151 0.999939929 -0.008235184 -13.508308103 0.371151652 0.004962556 0.928559010 148.190165672
0.932974555 -0.010794981 -0.359780400 -132.933659940 0.007684164 0.999919715 -0.010075549 -13.541318564 0.359860311 0.006635619 0.932982603 149.122450069
0.938024040 -0.009195614 -0.346448165 -133.302824255 0.005728899 0.999922765 -0.011029237 -13.561406055 0.346522857 0.008360922 0.938004272 150.080371076
0.943763247 -0.005814160 -0.330570900 -133.656328130 0.002682213 0.999947102 -0.009929727 -13.584756626 0.330611174 0.008484649 0.943728919 151.057426787
0.950144676 -0.001968254 -0.311803160 -133.995790678 -0.000249285 0.999974962 -0.007071965 -13.596980398 0.311809299 0.006797117 0.950120396 152.062099417
0.956381000 0.001046685 -0.292120318 -134.317774002 -0.002717916 0.999982180 -0.005315265 -13.620439455 0.292109573 0.005877378 0.956366802 153.072988141
0.962581936 0.002710508 -0.270977235 -134.618760635 -0.004053442 0.999982120 -0.004396348 -13.649037170 0.270960497 0.005330235 0.962575714 154.115557479
0.968345429 0.004164746 -0.249579205 -134.906761178 -0.005095000 0.999982273 -0.003081373 -13.655723044 0.249561969 0.004255439 0.968349483 155.162614396
0.973742492 0.004780305 -0.227602072 -135.166542078 -0.004976969 0.999987573 -0.000290154 -13.688032345 0.227597875 0.001415303 0.973754183 156.229792540
0.978631196 0.006881265 -0.205508218 -135.394539660 -0.006363977 0.999974700 0.003178000 -13.689230810 0.205524904 -0.001802240 0.978650229 157.325083371
0.983063086 0.008695550 -0.183061063 -135.616885050 -0.007463837 0.999944642 0.007416357 -13.711901055 0.183115434 -0.005924410 0.983073569 158.430196685
0.987006808 0.010711844 -0.160320972 -135.809566652 -0.009102420 0.999900574 0.010769823 -13.713133129 0.160420410 -0.009170581 0.987006178 159.564195522
0.990289974 0.012175662 -0.138482918 -135.975925086 -0.010765618 0.999882348 0.010926598 -13.718209427 0.138599675 -0.009329647 0.990304544 160.679863670
0.993135529 0.011940899 -0.116358218 -136.118981390 -0.010972430 0.999899655 0.008960184 -13.724781519 0.116453545 -0.007621945 0.993166894 161.836061162
0.995422520 0.011946342 -0.094822416 -136.227095253 -0.011243804 0.999905263 0.007939844 -13.723463969 0.094908294 -0.006837335 0.995462539 162.994096888
0.997136019 0.010584417 -0.074884772 -136.329666834 -0.009885743 0.999904139 0.009694515 -13.737594254 0.074980211 -0.008926459 0.997145068 164.178103709
0.998451500 0.011041122 -0.054522435 -136.406854492 -0.010414732 0.999876616 0.011759480 -13.740031464 0.054645550 -0.011173433 0.998443297 165.368658178
0.999360232 0.011379390 -0.033906280 -136.448154409 -0.010953310 0.999859030 0.012725810 -13.746575924 0.034046315 -0.012346283 0.999343994 166.580291123
0.999826455 0.012803056 -0.013532979 -136.495424772 -0.012621573 0.999830394 0.013411855 -13.747303548 0.013702398 -0.013238720 0.999818474 167.791125514
0.999887439 0.013163243 0.007199846 -136.486741461 -0.013263121 0.999813957 0.014005029 -13.748413239 -0.007014156 -0.014098944 0.999876003 169.018082801
0.999499181 0.015329745 0.027683684 -136.470283656 -0.015710595 0.999784188 0.013592458 -13.743860517 -0.027469343 -0.014020578 0.999524316 170.261748793
0.998725927 0.016445924 0.047708022 -136.422778578 -0.017062075 0.999775834 0.012536632 -13.740921308 -0.047491155 -0.013334657 0.998782647 171.511827705
0.997578872 0.016483245 0.067562544 -136.347516366 -0.017230956 0.999796410 0.010499129 -13.748975036 -0.067375736 -0.011637877 0.997659797 172.774953255
0.996097429 0.018462390 0.086307881 -136.251234017 -0.019229070 0.999782615 0.008060087 -13.751823985 -0.086140318 -0.009688253 0.996235907 174.050847384
0.994235019 0.018892932 0.105545173 -136.132407014 -0.019663229 0.999787048 0.006262354 -13.757945934 -0.105404393 -0.008301610 0.994394790 175.333543560
0.992010381 0.018694798 0.124763405 -135.977106012 -0.019294167 0.999807379 0.003597339 -13.776475926 -0.124672131 -0.005975803 0.992179999 176.628498324
0.989516195 0.020072831 0.143020212 -135.810170302 -0.020039981 0.999797784 -0.001670307 -13.785045663 -0.143024830 -0.001213326 0.989718357 177.936881793
0.986700618 0.021554800 0.161112628 -135.611428823 -0.020533198 0.999757137 -0.008003392 -13.822589431 -0.161246025 0.004588795 0.986903574 179.242119663
0.983705742 0.024185080 0.178151876 -135.394051095 -0.022165330 0.999665593 -0.013319148 -13.839955461 -0.178414441 0.009153327 0.983912855 180.561408709
0.980296486 0.025939256 0.195821222 -135.153644680 -0.023048576 0.999589345 -0.017026586 -13.884931629 -0.196182480 0.012177702 0.980491785 181.877041781
0.976496071 0.028343566 0.213663432 -134.872203031 -0.024662344 0.999498241 -0.019875480 -13.924444794 -0.214119584 0.014138887 0.976705124 183.206903777
0.972598252 0.027735832 0.230831885 -134.580445541 -0.023795357 0.999520006 -0.019837804 -13.966916100 -0.231271324 0.013801488 0.972791395 184.553774690
0.968229774 0.026591027 0.248644362 -134.247281121 -0.022303315 0.999550258 -0.020046041 -14.008821373 -0.249065601 0.013863580 0.968387388 185.885741289
0.963803132 0.026226547 0.265321850 -133.897263341 -0.020431093 0.999489068 -0.024579945 -14.077224318 -0.265830957 0.018269414 0.963846532 187.228688332
0.959297683 0.027675928 0.281037348 -133.522396860 -0.020348872 0.999373515 -0.028956884 -14.136570621 -0.281662714 0.022059480 0.959259871 188.570704778
0.954044035 0.029874262 0.298173606 -133.124233920 -0.022123798 0.999324761 -0.029335303 -14.180043219 -0.298848663 0.021390439 0.954060759 189.909865846
0.948311510 0.031655318 0.315758155 -132.692829448 -0.023567086 0.999289808 -0.029401926 -14.244943194 -0.316464660 0.020440686 0.948384050 191.268658739
0.942294335 0.035587383 0.332888741 -132.257463503 -0.026206996 0.999123919 -0.032628029 -14.294425492 -0.333758278 0.022021193 0.942401447 192.615075743
0.935826000 0.036675915 0.350548949 -131.762114776 -0.025686155 0.999023423 -0.035950265 -14.373600317 -0.351525150 0.024638939 0.935854156 193.958702623
0.929333754 0.037391663 0.367342655 -131.254455228 -0.024922065 0.998942667 -0.038632087 -14.436521890 -0.368398801 0.026747166 0.929283016 195.294263489
0.922169888 0.037530460 0.384959935 -130.708851504 -0.022618288 0.998810643 -0.043193896 -14.520749035 -0.386123199 0.031124977 0.921921972 196.638562274
0.914071212 0.040874040 0.403488684 -130.156075611 -0.023010629 0.998532493 -0.049024187 -14.620161334 -0.404900413 0.035527071 0.913670344 197.971199061
0.904536803 0.044384676 0.424079187 -129.570621905 -0.024317051 0.998318578 -0.052618427 -14.709885314 -0.425701619 0.037282950 0.904095198 199.307593882
0.892828206 0.047249492 0.447912114 -128.930415976 -0.025782740 0.998213058 -0.053906788 -14.796654635 -0.449658828 0.036581100 0.892450995 200.643766935
