1.000000000 0.000000000 0.000000000 0.000000000 0.000000000 1.000000000 0.000000000 0.000000000 0.000000000 -0.000000000 1.000000000 0.000000000
0.999797474 0.002692120 0.019944013 0.033250156 -0.002696951 0.999996340 0.000215278 0.001330662 -0.019943362 -0.000269022 0.999801075 0.128029043
0.998875374 0.004275808 0.047219748 0.057060919 -0.004356548 0.999989219 0.001607103 0.003212683 -0.047212371 -0.001811011 0.998883233 0.286325881
0.996761532 0.003911089 0.080319065 0.114543671 -0.004221956 0.999984239 0.003700929 0.007324740 -0.080303331 -0.004028047 0.996762333 0.467149911
0.993077951 0.000607232 0.117455576 0.193901674 -0.001284058 0.999983006 0.005686808 0.002941554 -0.117450136 -0.005798264 0.993061854 0.670119878
0.987522127 -0.002596163 0.157458902 0.254598037 0.001590237 0.999977518 0.006514147 -0.006235105 -0.157472287 -0.006182466 0.987504055 0.854689877
0.979662531 -0.003058600 0.200628927 0.339806690 0.001535857 0.999968827 0.007745059 -0.006689331 -0.200646379 -0.007279406 0.979636690 1.069828931
0.968641034 -0.002713594 0.248449550 0.437797642 0.000123232 0.999945483 0.010441066 0.005934638 -0.248464360 -0.010083029 0.968588561 1.277972089
0.955354545 -0.006451639 0.295391373 0.580840949 0.001361873 0.999847104 0.017433079 0.015470909 -0.295458706 -0.016252486 0.955217261 1.524219866
0.939027094 -0.016011524 0.343470141 0.706478421 0.007621870 0.999639039 0.025762361 -0.003025745 -0.343758685 -0.021573670 0.938810179 1.739462990
0.918823362 -0.021795715 0.394066701 0.853068915 0.010573447 0.999474952 0.030627154 -0.006678420 -0.394527371 -0.023974302 0.918571391 1.966976715
0.894848385 -0.023619945 0.445744825 1.047964957 0.009213862 0.999363640 0.034458963 -0.003887541 -0.446275127 -0.026728516 0.894496570 2.223994041
0.867461032 -0.025435452 0.496854482 1.224738917 0.006891464 0.999210727 0.039120710 0.019770825 -0.497457423 -0.030511637 0.866951655 2.433028619
0.836444086 -0.030776627 0.547187413 1.450470973 0.008205929 0.999013364 0.043645852 0.019121018 -0.547990857 -0.032017135 0.835871371 2.667332241
0.801549186 -0.036449547 0.596816809 1.675844244 0.010295534 0.998833594 0.047174702 0.021613281 -0.597840226 -0.031668297 0.800989521 2.877275862
0.764528854 -0.040896026 0.643290845 1.936677327 0.011400222 0.998687108 0.049940919 0.032631580 -0.644488713 -0.030847615 0.763991334 3.105731268
0.725383778 -0.044289732 0.686918304 2.238290236 0.012505123 0.998611096 0.051181055 0.042516650 -0.688231093 -0.028535909 0.724930136 3.337014351
0.684676757 -0.046100230 0.727387423 2.535415054 0.011587930 0.998560041 0.052379049 0.054983527 -0.728754763 -0.027433802 0.684225056 3.538503020
0.642561996 -0.046487948 0.764822138 2.874485278 0.007261918 0.998482481 0.054589383 0.082082116 -0.766199319 -0.029522988 0.641924487 3.772274159
0.601618011 -0.047291399 0.797382744 3.205396865 0.004239702 0.998420881 0.056015809 0.096042908 -0.798772714 -0.030319454 0.600868484 3.975596928
0.561969866 -0.048310137 0.825745689 3.587464027 0.002123159 0.998373930 0.056964790 0.117510459 -0.827155016 -0.030259306 0.561158633 4.191312361
0.523704781 -0.050977338 0.850373185 4.012319703 0.001211938 0.998251578 0.059095831 0.130308461 -0.851898994 -0.029918169 0.522850904 4.411035353
0.486695215 -0.050733830 0.872097347 4.421467043 -0.001916374 0.998247738 0.059142045 0.155516760 -0.873569779 -0.030455415 0.485745172 4.614348115
0.450774960 -0.050068623 0.891232294 4.865946704 -0.002967994 0.998336092 0.057586794 0.182466436 -0.892632732 -0.028603856 0.449876308 4.818271074
0.417420624 -0.048892661 0.907397080 5.370491206 -0.001771468 0.998505821 0.054616721 0.198231769 -0.908711701 -0.024405571 0.416710310 5.016005125
0.388320162 -0.047332240 0.920308122 5.876849454 0.000215499 0.998684689 0.051272285 0.220104407 -0.921524540 -0.019711736 0.387819599 5.202253683
0.362783241 -0.045425537 0.930765689 6.410548464 0.001125265 0.998831810 0.048308876 0.242077851 -0.931872914 -0.016478292 0.362410555 5.394796575
0.342254397 -0.044860685 0.938535760 6.984761620 0.002194539 0.998895042 0.046945495 0.267682787 -0.939604804 -0.014007647 0.341974666 5.592629752
0.327764816 -0.045367807 0.943669387 7.573729906 0.003162483 0.998893441 0.046924330 0.293788928 -0.944754095 -0.012395806 0.327545598 5.779180738
0.315722185 -0.046937396 0.947689985 8.186966331 0.004191722 0.998834979 0.048074048 0.311592499 -0.948842457 -0.011205591 0.315551108 5.983498724
0.305545728 -0.048766820 0.950927720 8.820348514 0.003119626 0.998733504 0.050216086 0.340303302 -0.952172334 -0.012376771 0.305310889 6.177874734
0.295139436 -0.050408342 0.954123491 9.485370739 0.001471411 0.998630095 0.052304567 0.370734673 -0.955453100 -0.014033232 0.294809292 6.385693541
0.284506214 -0.052138418 0.957255307 10.177721119 0.000818414 0.998532833 0.054143421 0.400688212 -0.958673887 -0.014620708 0.284131465 6.595639538
0.274597509 -0.054109154 0.960035588 10.887122206 -0.000007212 0.998415343 0.056274361 0.429638555 -0.961559299 -0.015459722 0.274161974 6.798982224
0.264286006 -0.055697552 0.962834674 11.626377222 -0.000381813 0.998324902 0.057855375 0.461308519 -0.964444317 -0.015657989 0.263822035 6.999102296
0.254042580 -0.056926690 0.965516256 12.379182520 -0.001016024 0.998250128 0.059124005 0.489675545 -0.967192542 -0.016001002 0.253540197 7.192332561
0.243967237 -0.059832433 0.967935942 13.137644600 -0.002233647 0.998057629 0.062257377 0.525391105 -0.969780943 -0.017350787 0.243359716 7.388946015
0.232852279 -0.063152498 0.970459427 13.917996274 -0.004375414 0.997811204 0.065982247 0.568176887 -0.972502315 -0.019610278 0.232066293 7.569136493
0.220244361 -0.067158469 0.973130043 14.712481425 -0.004128768 0.997553967 0.069778479 0.607240414 -0.975436033 -0.019386144 0.219428353 7.743025584
0.208038137 -0.069594369 0.975641674 15.495289437 -0.005134727 0.997374099 0.072239472 0.646533471 -0.978107279 -0.020038219 0.207134499 7.922716412
0.194036441 -0.070315337 0.978471017 16.292725498 -0.005691555 0.997330371 0.072799283 0.680922876 -0.980977853 -0.019694735 0.193118232 8.077029947
0.179915965 -0.069379173 0.981232233 17.088432747 -0.007343061 0.997387134 0.071867826 0.722443824 -0.983654618 -0.020135417 0.178936411 8.229033459
0.163748914 -0.068359588 0.984130672 17.894256680 -0.008246503 0.997466508 0.070658051 0.762069801 -0.986467623 -0.019685815 0.162770328 8.364834884
0.143801403 -0.066954009 0.987338966 18.719404184 -0.010690517 0.997545305 0.069203151 0.799901498 -0.989548863 -0.020506673 0.142732640 8.500434809
0.118783753 -0.065406391 0.990763514 19.537849490 -0.015136735 0.997592793 0.067671993 0.840674901 -0.992804806 -0.023035257 0.117507776 8.602850094
0.088817029 -0.064839585 0.993935249 20.368464243 -0.019125534 0.997583961 0.066786647 0.878236071 -0.995864365 -0.024941333 0.087362351 8.677351269
0.055349119 -0.064649608 0.996371828 21.211186524 -0.022078285 0.997578354 0.065954355 0.920780193 -0.998222976 -0.025648697 0.053787729 8.709225002
0.021575386 -0.064041229 0.997713956 22.035801141 -0.023524419 0.997637479 0.064545030 0.955004785 -0.999490465 -0.024863224 0.020017880 8.722593946
-0.012365909 -0.063068781 0.997932527 22.895082079 -0.024704110 0.997723515 0.062749450 0.986801679 -0.999618365 -0.023877081 -0.013895817 8.700050767
-0.045043913 -0.061146161 0.997111884 23.727184381 -0.027238736 0.997829090 0.059959649 1.017692143 -0.998613630 -0.024459249 -0.046611673 8.657393798
-0.077483160 -0.057941774 0.995308509 24.560070069 -0.028773271 0.998023933 0.055859900 1.057557041 -0.996578418 -0.024310080 -0.078997224 8.593603886
-0.110613137 -0.053455588 0.992424884 25.414152026 -0.026408474 0.998358015 0.050831747 1.081908879 -0.993512662 -0.020585767 -0.111843194 8.485723351
-0.141777816 -0.048253151 0.988721701 26.244282436 -0.022038067 0.998717533 0.045580834 1.100495901 -0.989653200 -0.015327164 -0.142659399 8.354121483
-0.173272646 -0.042180015 0.983970200 27.092426851 -0.016406342 0.999067455 0.039938111 1.117260649 -0.984737277 -0.009223169 -0.173803083 8.191576291
-0.201985545 -0.036708511 0.978700283 27.910980687 -0.010391387 0.999321415 0.035337367 1.130909789 -0.979333416 -0.003032415 -0.202229935 8.002679507
-0.229894662 -0.030236725 0.972745652 28.730072747 -0.001483983 0.999526975 0.030718475 1.150757753 -0.973214427 0.005618477 -0.229830789 7.787787094
-0.256853050 -0.020075581 0.966241896 29.565681935 0.004541001 0.999748123 0.021978858 1.152042168 -0.966439842 0.010033042 -0.256697193 7.543798736
-0.281084862 -0.004977512 0.959669967 30.352211938 0.008666787 0.999932605 0.007724822 1.141796559 -0.959643821 0.010488587 -0.281022780 7.305840038
-0.306597166 0.011960450 0.951764176 31.130405382 0.008969896 0.999912955 -0.009675993 1.113518666 -0.951797139 0.005570594 -0.306677764 7.047899170
-0.332223380 0.026515229 0.942827923 31.904563892 0.007990601 0.999648030 -0.025297544 1.085244267 -0.943166926 -0.000870674 -0.332318322 6.766427709
-0.356611055 0.037385990 0.933504563 32.668376883 0.011764562 0.999299475 -0.035526796 1.047467864 -0.934178904 -0.001686974 -0.356801072 6.454738612
-0.380435997 0.042106642 0.923848153 33.449024874 0.015751427 0.999113075 -0.039050666 1.001231887 -0.924673140 -0.000304353 -0.380761821 6.130960187
-0.402707568 0.041461365 0.914389139 34.208870222 0.017923880 0.999139231 -0.037410323 0.953440791 -0.915153222 0.001323982 -0.403104080 5.781833543
-0.423351132 0.037948239 0.905170525 34.953528802 0.022208775 0.999256808 -0.031505584 0.917116054 -0.905693468 0.006764805 -0.423879286 5.423703909
-0.441844554 0.036618329 0.896343918 35.688387461 0.029250020 0.999223364 -0.026402732 0.882164118 -0.896614685 0.014552176 -0.442572490 5.051061508
-0.455896345 0.037386456 0.889247271 36.416093882 0.032956514 0.999141292 -0.025110674 0.834454983 -0.889422542 0.017858627 -0.456736991 4.672173029
-0.467063802 0.040577587 0.883292022 37.127924631 0.035620694 0.998999023 -0.027057681 0.783206378 -0.883505878 0.018825813 -0.468041686 4.288052974
-0.476858788 0.043269919 0.877914201 37.826080817 0.037189700 0.998886418 -0.029031879 0.742531132 -0.878192853 0.018805260 -0.477936964 3.897989808
-0.487444660 0.042590902 0.872114473 38.517675056 0.030887717 0.999025589 -0.031524929 0.686698201 -0.872607424 0.011570968 -0.488285226 3.515009919
-0.499085811 0.041347094 0.865565542 39.217861545 0.029458768 0.999093218 -0.030739609 0.669452499 -0.866051729 0.010156793 -0.499851283 3.117603504
-0.507755675 0.042951158 0.860429724 39.897808083 0.031669733 0.999011929 -0.031180038 0.626442861 -0.860918849 0.011417739 -0.508614229 2.713752219
-0.515115488 0.045913349 0.855890142 40.596166973 0.035385570 0.998852090 -0.032285673 0.580479815 -0.856390073 0.013655312 -0.516148853 2.288605350
-0.518817133 0.049090988 0.853474543 41.303358005 0.036093101 0.998717532 -0.035504645 0.541975584 -0.854123019 0.012384125 -0.519923613 1.858069788
-0.518172393 0.050447141 0.853787090 42.023386261 0.035164168 0.998671482 -0.037666322 0.491199696 -0.854553049 0.010505065 -0.519257924 1.422900553
-0.514915651 0.051521678 0.855691140 42.752913624 0.038083447 0.998581589 -0.037208328 0.457410063 -0.856394526 0.013428519 -0.516147414 0.977933887
-0.509160249 0.050296072 0.859200840 43.516857218 0.036315263 0.998657444 -0.036939277 0.412108054 -0.859905288 0.012394094 -0.510303189 0.536837943
-0.502294407 0.048964797 0.863309164 44.293617004 0.033986016 0.998741900 -0.036872314 0.365977664 -0.864028553 0.010819683 -0.503326591 0.099892174
-0.495081382 0.048337302 0.867500932 45.083853459 0.032162293 0.998786502 -0.037297588 0.319166322 -0.868251159 0.009435480 -0.496035241 -0.341005601
-0.488746856 0.047067367 0.871155043 45.891584332 0.029422977 0.998864870 -0.037460097 0.273205624 -0.871929391 0.007323471 -0.489576929 -0.784911874
-0.483875855 0.044890932 0.873984494 46.714203207 0.025121821 0.998984445 -0.037402837 0.223472051 -0.874776037 0.003857754 -0.484512195 -1.233028150
-0.482327834 0.041947779 0.874985816 47.560022002 0.020143852 0.999119798 -0.036794784 0.179733622 -0.875759185 -0.000121563 -0.482748279 -1.688220348
-0.482964031 0.039803401 0.874735027 48.405781781 0.017667950 0.999205922 -0.035712309 0.132075380 -0.875461965 -0.001792985 -0.483283765 -2.141540328
-0.484041789 0.038384565 0.874202555 49.271609946 0.015969901 0.999258548 -0.035033076 0.082429996 -0.874899178 -0.002996544 -0.484295894 -2.599733208
-0.484758729 0.038045186 0.873820046 50.149213116 0.016423505 0.999273321 -0.034396214 0.036756011 -0.874493743 -0.002322676 -0.485031301 -3.077987062
-0.484881257 0.037397311 0.873780031 51.033483033 0.016120826 0.999297796 -0.033823574 -0.009593560 -0.874431443 -0.002314360 -0.485143648 -3.562988207
-0.484827862 0.036830605 0.873833729 51.925599244 0.016514158 0.999320324 -0.032957124 -0.059627898 -0.874453710 -0.001547903 -0.485106564 -4.066293488
-0.484785932 0.036175254 0.873884366 52.834533729 0.015956409 0.999343805 -0.032516971 -0.118881299 -0.874487311 -0.001819713 -0.485045046 -4.567733314
-0.485097798 0.034746491 0.873769273 53.736521768 0.014163689 0.999391387 -0.031878631 -0.166142690 -0.874345229 -0.003088456 -0.485294701 -5.056298311
-0.485349954 0.034135461 0.873653322 54.645413246 0.013737234 0.999411941 -0.031417519 -0.219814866 -0.874212087 -0.003246911 -0.485533467 -5.548581196
-0.484702001 0.033327571 0.874044151 55.543997361 0.012391360 0.999435189 -0.031237128 -0.274569461 -0.874591612 -0.004310102 -0.484841211 -6.039421402
-0.483518557 0.032079307 0.874746054 56.461945453 0.012006689 0.999477279 -0.030016803 -0.328153591 -0.875251797 -0.004010877 -0.483650979 -6.531799913
-0.481636743 0.030010727 0.875856917 57.362366602 0.012725176 0.999547616 -0.027251297 -0.377151982 -0.876278599 -0.001979792 -0.481800751 -7.029575161
-0.479077077 0.028903919 0.877296787 58.259137001 0.013430656 0.999582078 -0.025598543 -0.425739049 -0.877670119 -0.000481002 -0.479265060 -7.521374674
-0.476655933 0.028483405 0.878628335 59.163956506 0.013198754 0.999594171 -0.025244554 -0.481226256 -0.878990887 -0.000436167 -0.476838439 -8.008617423
-0.474468036 0.028981029 0.879795497 60.081395110 0.013966919 0.999579933 -0.025394535 -0.529706113 -0.880161958 0.000239138 -0.474673505 -8.488798756
-0.473246909 0.029442984 0.880437623 60.982813717 0.013862429 0.999566457 -0.025975566 -0.580638036 -0.880820788 -0.000087851 -0.473449888 -8.977329771
-0.474101040 0.030751340 0.879933231 61.875671725 0.013085673 0.999525614 -0.027880320 -0.631497705 -0.880373236 -0.001703569 -0.474278537 -9.447945045
-0.476726113 0.032561571 0.878448571 62.777781701 0.011676178 0.999460118 -0.030710564 -0.686528661 -0.878974371 -0.004383605 -0.476848934 -9.925053400
-0.481063212 0.033138131 0.876059350 63.669699469 0.010484750 0.999431354 -0.032047438 -0.743811137 -0.876623249 -0.006231580 -0.481137104 -10.404452066
-0.486799824 0.031613234 0.872941275 64.558797098 0.010212897 0.999482571 -0.030500607 -0.788750685 -0.873453886 -0.005932428 -0.486870805 -10.884883214
-0.492170109 0.029483201 0.869999575 65.428867069 0.013550730 0.999564660 -0.026208175 -0.846545535 -0.870393603 -0.001109750 -0.492355368 -11.370625130
-0.497650987 0.027623080 0.866937365 66.290968950 0.010853751 0.999612829 -0.025620079 -0.891470385 -0.867309492 -0.003340335 -0.497758127 -11.868097051
-0.502304640 0.029799270 0.864177058 67.151912078 0.011689393 0.999548685 -0.027672782 -0.948561806 -0.864611744 -0.003798461 -0.502426279 -12.362542775
-0.507342062 0.032431858 0.861134219 68.006783763 0.012328201 0.999462442 -0.030378317 -0.995954479 -0.861656607 -0.004795962 -0.507469164 -12.861461694
-0.512375298 0.032559024 0.858144161 68.855438436 0.010841974 0.999446623 -0.031446752 -1.048796483 -0.858693232 -0.006808562 -0.512444768 -13.362115979
-0.515869896 0.032943461 0.856033245 69.686571056 0.009613561 0.999420018 -0.032668131 -1.103797230 -0.856613035 -0.008622978 -0.515887406 -13.859754338
-0.519313405 0.032287769 0.853973667 70.522707698 0.009591317 0.999443282 -0.031955193 -1.162749299 -0.854530078 -0.008404027 -0.519333977 -14.362766896
-0.522109083 0.025408683 0.852500113 71.362793434 0.011395423 0.999674731 -0.022816141 -1.209306800 -0.852802621 -0.002197915 -0.522228801 -14.864424763
-0.523958338 0.017713743 0.851559641 72.201104562 0.012406312 0.999836375 -0.013164614 -1.242887068 -0.851653570 0.003667007 -0.524092368 -15.379169730
-0.525808908 0.014773059 0.850474389 73.035330658 0.012706625 0.999874021 -0.009512269 -1.276379648 -0.850507844 0.005805024 -0.525930385 -15.883139804
-0.527005430 0.020400640 0.849616989 73.841725359 0.012857968 0.999788819 -0.016030884 -1.313544238 -0.849764680 0.002475986 -0.527156449 -16.376798324
-0.528088082 0.025482284 0.848807145 74.649789654 0.013106108 0.999675186 -0.021857529 -1.361378853 -0.849088492 -0.000418141 -0.528250526 -16.880823016
-0.528656009 0.030446571 0.848289909 75.453572135 0.019186712 0.999529798 -0.023917630 -1.399218777 -0.848619322 0.003631696 -0.528991604 -17.390593544
-0.528414217 0.031210497 0.848412788 76.262262177 0.022473088 0.999488084 -0.022771251 -1.438598509 -0.848689246 0.007033804 -0.528845111 -17.907699931
-0.528134309 0.028579115 0.848679753 77.073139812 0.022267321 0.999555908 -0.019802860 -1.485022431 -0.848868882 0.008439256 -0.528536151 -18.406838011
-0.527718227 0.023573301 0.849092287 77.891330585 0.020350227 0.999678784 -0.015106181 -1.512462355 -0.849175719 0.009307414 -0.528028439 -18.905049966
-0.526780151 0.017556356 0.849820208 78.699952237 0.018669575 0.999784462 -0.009081697 -1.541896823 -0.849796552 0.011081726 -0.526994381 -19.405715295
-0.526401741 0.011030719 0.850164377 79.533720731 0.009709123 0.999928628 -0.006962219 -1.583244583 -0.850180570 0.004589428 -0.526471271 -19.892124735
-0.525045764 0.006147126 0.851051759 80.345237894 0.001203523 0.999978278 -0.006480319 -1.611313683 -0.851073179 -0.002378203 -0.525041759 -20.371445344
-0.523204221 0.006807612 0.852180108 81.149408532 0.004387059 0.999976359 -0.005294799 -1.639061402 -0.852196079 0.000968304 -0.523221719 -20.863341915
-0.519885413 0.010083157 0.854176461 81.953240595 0.009695589 0.999935575 -0.005902657 -1.671529757 -0.854181020 0.005213040 -0.519949681 -21.348359818
-0.515108831 0.013504595 0.857018352 82.734976886 0.011106212 0.999897091 -0.009080665 -1.695993373 -0.857052860 0.004840698 -0.515205807 -21.829049762
-0.507008351 0.015559903 0.861800648 83.541477447 0.016281610 0.999831542 -0.008473385 -1.720831748 -0.861787389 0.009735426 -0.507176282 -22.303033481
-0.498649592 0.017331229 0.866630341 84.351221547 0.022906314 0.999714403 -0.006812655 -1.757148836 -0.866500980 0.016454180 -0.498904175 -22.783421821
-0.488548165 0.017969494 0.872351834 85.165263402 0.022821159 0.999709039 -0.007812250 -1.776209752 -0.872238470 0.016091421 -0.488816102 -23.233982953
-0.477743079 0.015024595 0.878371076 86.002454327 0.018225801 0.999808052 -0.007188830 -1.806572897 -0.878310557 0.012574604 -0.477925214 -23.673797363
-0.465827133 0.012218251 0.884791348 86.829972399 0.020145545 0.999791937 -0.003200039 -1.828800134 -0.884646429 0.016333940 -0.465976357 -24.089939384
-0.454601994 0.010897041 0.890627989 87.648677376 0.019799067 0.999801717 -0.002126797 -1.852576914 -0.890474644 0.016666758 -0.454727607 -24.503665277
-0.442631100 0.009935448 0.896648720 88.493668653 0.019228284 0.999813860 -0.001586532 -1.877145105 -0.896497656 0.016538769 -0.442739753 -24.901888369
-0.430331654 0.011784840 0.902593882 89.322560452 0.022944720 0.999734500 -0.002113765 -1.897142231 -0.902379230 0.019800146 -0.430487802 -25.301377001
-0.417902618 0.014850900 0.908370399 90.164362605 0.022472114 0.999729429 -0.006006058 -1.925326757 -0.908213893 0.017903057 -0.418123279 -25.683316426
-0.406164363 0.024014978 0.913484384 91.014719112 0.023625244 0.999596429 -0.015774274 -1.955994181 -0.913494624 0.015174344 -0.406567807 -26.052914479
-0.393017624 0.029727504 0.919050244 91.844354507 0.025152421 0.999450850 -0.021572088 -1.984102723 -0.919186909 0.014638130 -0.393549518 -26.398137201
-0.381345907 0.025952049 0.924068026 92.701195477 0.022059150 0.999576691 -0.018969270 -2.015595360 -0.924169229 0.013150303 -0.381756962 -26.745849247
-0.369319621 0.021487160 0.929053952 93.566184084 0.021645852 0.999660322 -0.014515435 -2.065239594 -0.929050348 0.014749330 -0.369659280 -27.087551885
-0.359295614 0.022031192 0.932963673 94.422602074 0.018773992 0.999689621 -0.016376779 -2.097112599 -0.933034979 0.011631348 -0.359597711 -27.407289638
-0.352232894 0.026762307 0.935529632 95.271555923 0.014287031 0.999628361 -0.023216793 -2.134421277 -0.935803367 0.005188223 -0.352484347 -27.712206794
-0.347226768 0.032021287 0.937234301 96.117494675 0.007745585 0.999480699 -0.031278392 -2.163901423 -0.937749248 -0.003601266 -0.347294478 -28.008104375
-0.343632592 0.035384834 0.938437254 96.976065998 0.006627019 0.999356369 -0.035255206 -2.218446919 -0.939080826 -0.005895796 -0.343645918 -28.311184293
-0.340237922 0.034636327 0.939701233 97.836451933 0.004742794 0.999371901 -0.035118494 -2.261418161 -0.940327463 -0.007491833 -0.340188493 -28.615854410
-0.335241346 0.034662791 0.941494373 98.699603859 0.004261008 0.999368514 -0.035276296 -2.313332727 -0.942122688 -0.007814358 -0.335177347 -28.909793825
-0.329400920 0.031798107 0.943654512 99.546653105 0.003842072 0.999469614 -0.032337743 -2.354679900 -0.944182370 -0.007026492 -0.329348382 -29.199406463
-0.324078603 0.027451848 0.945631735 100.417898688 0.003332060 0.999605813 -0.027876788 -2.399486242 -0.946024329 -0.005883368 -0.324042328 -29.495854760
-0.318518007 0.024432794 0.947601837 101.264563432 0.000900656 0.999675112 -0.025472703 -2.447870444 -0.947916423 -0.007260050 -0.318436531 -29.766810471
-0.312679727 0.023365500 0.949571148 102.117926390 -0.003150573 0.999666390 -0.025635597 -2.492614998 -0.949853430 -0.011007424 -0.312501801 -30.033543442
-0.306706404 0.023165324 0.951522186 102.975560032 -0.014576846 0.999472211 -0.029031281 -2.527225375 -0.951692583 -0.022774271 -0.306206853 -30.276946152
-0.299873909 0.026882729 0.953599958 103.835731336 -0.011639946 0.999425359 -0.031834938 -2.577186207 -0.953907872 -0.020646318 -0.299388678 -30.547235041
-0.292601141 0.030269518 0.955755330 104.695669036 -0.010648149 0.999333747 -0.034909572 -2.625649267 -0.956175332 -0.020391605 -0.292083882 -30.809197828
-0.286042584 0.028650522 0.957788447 105.549512726 -0.013080134 0.999343022 -0.033799920 -2.678098057 -0.958127668 -0.022196217 -0.285479910 -31.062852980
-0.279059217 0.024095143 0.959971510 106.443130386 -0.011824570 0.999523132 -0.028525228 -2.714038672 -0.960201131 -0.019311478 -0.278641229 -31.310400925
-0.271861354 0.021522124 0.962095694 107.289460832 -0.012515659 0.999586257 -0.025897364 -2.756348691 -0.962255081 -0.019081754 -0.271479510 -31.540736563
-0.265473968 0.024608382 0.963803881 108.160988147 -0.015021658 0.999447281 -0.029656073 -2.806284627 -0.964001037 -0.022350847 -0.264957578 -31.774030553
-0.259106816 0.027280838 0.965463275 109.020551827 -0.015091018 0.999364645 -0.032288840 -2.849778847 -0.965730810 -0.022936081 -0.258530496 -31.996104801
-0.252259085 0.028202400 0.967248623 109.894868223 -0.016531133 0.999303722 -0.033448370 -2.893599556 -0.967518555 -0.024427371 -0.251617227 -32.207820118
-0.245230182 0.027527218 0.969073955 110.767122387 -0.016151246 0.999342066 -0.032474176 -2.934410407 -0.969330374 -0.023615400 -0.244624238 -32.430360179
-0.237207414 0.027495418 0.971069804 111.630689031 -0.013771227 0.999403770 -0.031661637 -2.982811966 -0.971361455 -0.020883197 -0.236687340 -32.632980228
-0.229358750 0.028606320 0.972921457 112.503982948 -0.009575294 0.999453344 -0.031643723 -3.032464562 -0.973294897 -0.016573774 -0.228959458 -32.845729761
-0.222456593 0.029604019 0.974492989 113.382810587 -0.007185342 0.999461951 -0.032002811 -3.073007150 -0.974916158 -0.014121301 -0.222124187 -33.043036498
-0.215974301 0.028512109 0.975982623 114.243311898 -0.014382866 0.999372196 -0.032378175 -3.118470692 -0.976293150 -0.021030280 -0.215428628 -33.214099802
-0.209943865 0.027044084 0.977339301 115.119794070 -0.018729220 0.999322705 -0.031675643 -3.164069530 -0.977534076 -0.024954910 -0.209295158 -33.389735590
-0.205320728 0.027623011 0.978304803 116.009313212 -0.014468199 0.999406712 -0.031255332 -3.201615411 -0.978587835 -0.020571676 -0.204799260 -33.568935255
-0.200756512 0.027434498 0.979256907 116.866218584 -0.014133944 0.999422636 -0.030897038 -3.256204832 -0.979539246 -0.020043543 -0.200252846 -33.749763329
-0.195801742 0.029298194 0.980205699 117.757366567 -0.012615232 0.999395633 -0.032391741 -3.300012096 -0.980562397 -0.018707881 -0.195313804 -33.923177798
-0.189891525 0.028245303 0.981398660 118.626385238 -0.007870561 0.999510182 -0.030289443 -3.340265087 -0.981773570 -0.013475866 -0.189576208 -34.097300781
-0.184760437 0.026569985 0.982424316 119.499395995 -0.001685570 0.999624438 -0.027352164 -3.391618107 -0.982782184 -0.006709542 -0.184646265 -34.266041196
-0.179384097 0.025780114 0.983441229 120.391492344 0.001496822 0.999662580 -0.025932315 -3.439613137 -0.983778018 -0.003179808 -0.179362159 -34.432618635
-0.175455585 0.027440050 0.984104821 121.249163871 -0.001129246 0.999605222 -0.028073583 -3.476220079 -0.984486741 -0.006036963 -0.175355334 -34.573032196
-0.171757418 0.029501621 0.984697396 122.112117772 -0.002188243 0.999537607 -0.030327920 -3.519797947 -0.985136885 -0.007363802 -0.171613444 -34.715641462
-0.170268383 0.029245637 0.984963598 122.988932465 -0.003506937 0.999535166 -0.030284532 -3.562185949 -0.985391526 -0.008610704 -0.170086675 -34.854343516
-0.169358788 0.028424425 0.985144441 123.844236861 -0.003416484 0.999561072 -0.029427723 -3.600796341 -0.985548584 -0.008349572 -0.169187341 -34.991080405
-0.168314916 0.024699423 0.985423739 124.710300261 -0.002757821 0.999670315 -0.025527558 -3.640613777 -0.985729459 -0.007014290 -0.168191310 -35.140585196
-0.167111540 0.018832723 0.985758074 125.579695294 -0.004992171 0.999788573 -0.019947073 -3.686231599 -0.985925399 -0.008254458 -0.166982194 -35.276273470
-0.166430072 0.017342307 0.985900702 126.452134583 -0.003147418 0.999830890 -0.018118659 -3.719425487 -0.986048278 -0.006118530 -0.166347345 -35.415048953
-0.165488432 0.021190492 0.985984006 127.309260984 -0.006468786 0.999724303 -0.022571520 -3.770498867 -0.986190558 -0.010113443 -0.165305732 -35.558605424
-0.165234569 0.024716739 0.985944490 128.161681503 -0.007455170 0.999626055 -0.026309136 -3.812724468 -0.986226160 -0.011697563 -0.164988515 -35.697807289
-0.165124660 0.024324110 0.985972668 129.017173351 -0.007211038 0.999639335 -0.025868927 -3.840336115 -0.986246384 -0.011381482 -0.164889704 -35.830244546
-0.164745868 0.023824486 0.986048230 129.876970005 -0.007963523 0.999643523 -0.025483490 -3.881805694 -0.986303940 -0.012050716 -0.164497415 -35.966184771
-0.163664619 0.024085222 0.986221939 130.728593327 -0.004705261 0.999671495 -0.025194525 -3.930490654 -0.986504858 -0.008763883 -0.163497528 -36.107058781
-0.162972750 0.026895291 0.986263882 131.567356179 -0.006233161 0.999580369 -0.028288411 -3.976639168 -0.986610922 -0.010757781 -0.162736721 -36.241490899
-0.163270566 0.028511820 0.986169212 132.403353075 -0.014198045 0.999410900 -0.031245292 -4.009828832 -0.986479204 -0.019103111 -0.162769574 -36.354471815
-0.163019262 0.029663088 0.986176829 133.249657453 -0.018762031 0.999273987 -0.033158478 -4.050635245 -0.986444519 -0.023908151 -0.162344370 -36.480545898
-0.162985290 0.032842984 0.986081666 134.100493759 -0.019260788 0.999149420 -0.036461758 -4.101047100 -0.986440520 -0.024935440 -0.162214078 -36.609795924
-0.162225132 0.033317213 0.986191101 134.928787563 -0.017110953 0.999184561 -0.036570872 -4.153461336 -0.986605445 -0.022807384 -0.161522759 -36.735707880
-0.160719169 0.034600749 0.986393458 135.762822993 -0.017905016 0.999118665 -0.037964496 -4.200557673 -0.986837799 -0.023763013 -0.159957996 -36.856538037
-0.158508020 0.034041479 0.986770644 136.576754347 -0.011537610 0.999273385 -0.036326116 -4.239878288 -0.987290319 -0.017142955 -0.158000090 -37.006824257
-0.155259897 0.031018395 0.987386521 137.388050600 -0.006219933 0.999456418 -0.032375608 -4.289880939 -0.987854118 -0.011168111 -0.154982570 -37.135747490
-0.153149577 0.026576141 0.987845551 138.192288316 -0.002263008 0.999626254 -0.027243921 -4.326935698 -0.988200470 -0.006407896 -0.153032197 -37.270727399
-0.149893639 0.025876931 0.988363394 139.006185726 -0.000313072 0.999656145 -0.026220072 -4.365699838 -0.988702119 -0.004239651 -0.149833998 -37.399764716
-0.144666478 0.030120406 0.989021884 139.799391570 -0.002599080 0.999521561 -0.030820343 -4.422753892 -0.989477103 -0.007029217 -0.144518981 -37.514526431
-0.138082720 0.033377116 0.989858095 140.592985437 -0.000620890 0.999428882 -0.033786445 -4.460794170 -0.990420546 -0.005279917 -0.137983137 -37.625378962
-0.130380819 0.034258797 0.990871885 141.378711547 -0.003620935 0.999379723 -0.035029398 -4.503584694 -0.991457419 -0.008155044 -0.130175900 -37.716949458
-0.120704363 0.030502693 0.992219713 142.174015328 0.000864946 0.999530656 -0.030622222 -4.530793542 -0.992688164 -0.002838019 -0.120674097 -37.814541822
-0.108902890 0.028512926 0.993643341 142.949762826 0.005071751 0.999591470 -0.028127747 -4.576740851 -0.994039497 0.001976319 -0.109003011 -37.898604894
-0.095394237 0.030647699 0.994967625 143.710114437 0.007054166 0.999521649 -0.030111643 -4.621921156 -0.995414619 0.004146190 -0.095564800 -37.970178129
-0.081371156 0.031818887 0.996175792 144.477285962 0.007503868 0.999481506 -0.031311531 -4.656507732 -0.996655663 0.004927317 -0.081567732 -38.034235673
-0.067752062 0.031914822 0.997191566 145.240494874 0.009104355 0.999466404 -0.031369051 -4.698256192 -0.997660690 0.006953468 -0.068006476 -38.079439652
-0.054056654 0.032762372 0.998000211 146.012363737 0.010430545 0.999425593 -0.032244192 -4.739404261 -0.998483433 0.008666674 -0.054367334 -38.115708905
-0.040062741 0.038853118 0.998441449 146.785400618 0.009670823 0.999211992 -0.038495056 -4.790525252 -0.999150407 0.008113534 -0.040406914 -38.133042581
-0.027635570 0.048214962 0.998454560 147.522637844 0.003731027 0.998834111 -0.048130019 -4.835973316 -0.999611144 0.002395161 -0.027783242 -38.134949451
-0.014800862 0.056429048 0.998296856 148.271016512 -0.007375392 0.998372940 -0.056542695 -4.898174444 -0.999863302 -0.008199711 -0.014360595 -38.113024918
-0.000936748 0.057590506 0.998339807 149.020576364 -0.006282183 0.998320249 -0.057595271 -4.947450814 -0.999979871 -0.006325705 -0.000573381 -38.101506005
0.011003282 0.053630970 0.998500157 149.777168898 -0.005514354 0.998548720 -0.053572810 -4.998224672 -0.999924299 -0.004916606 0.011283051 -38.070668247
0.022026107 0.050988726 0.998456266 150.530442754 -0.005341440 0.998690345 -0.050882845 -5.049604962 -0.999743169 -0.004212442 0.022269611 -38.036887245
0.030616211 0.056965702 0.997906545 151.252847150 -0.008296650 0.998354700 -0.056736738 -5.110916020 -0.999496822 -0.006542216 0.031038461 -38.000505625
0.036979297 0.065480207 0.997168386 152.004820500 -0.016045401 0.997761198 -0.064924099 -5.167069160 -0.999187251 -0.013599119 0.037947162 -37.956702820
0.040312375 0.068970257 0.996803858 152.753884491 -0.020691352 0.997458533 -0.068178760 -5.224715074 -0.998972905 -0.017876772 0.041637009 -37.912670705
0.040236016 0.065257488 0.997056889 153.535676650 -0.021595837 0.997688698 -0.064427343 -5.287505618 -0.998956840 -0.018939978 0.041552307 -37.876628027
0.038285714 0.059722831 0.997480478 154.291431179 -0.021021955 0.998039599 -0.058949432 -5.367163664 -0.999045728 -0.018712068 0.039466148 -37.835566987
0.035670669 0.057334730 0.997717519 155.034565818 -0.020136064 0.998191473 -0.056642054 -5.419177930 -0.999160762 -0.018069643 0.036760653 -37.812225821
0.032673593 0.057528333 0.997809022 155.796145864 -0.017669303 0.998219329 -0.056973400 -5.472273020 -0.999309920 -0.015769064 0.033631897 -37.784243380
0.029194807 0.057578529 0.997913971 156.531466289 -0.015809488 0.998241285 -0.057134893 -5.520884282 -0.999448752 -0.014108466 0.030053747 -37.762433748
0.024148820 0.056161301 0.998129580 157.277862244 -0.017811226 0.998286483 -0.055739202 -5.592767892 -0.999549738 -0.016431874 0.025107740 -37.740306018
0.019001703 0.056922034 0.998197743 158.019240103 -0.020983433 0.998180846 -0.056521627 -5.641809591 -0.999599278 -0.019871608 0.020161554 -37.717865137
0.013064689 0.055102490 0.998395185 158.753571130 -0.019207681 0.998310039 -0.054846443 -5.691437675 -0.999730196 -0.018460304 0.014100999 -37.705727790
0.007403073 0.052968817 0.998568683 159.488996605 -0.019788697 0.998408298 -0.052813600 -5.744791232 -0.999776818 -0.019369390 0.008439472 -37.697590169
0.001878546 0.052676869 0.998609801 160.238779333 -0.022032602 0.998371374 -0.052622844 -5.812458545 -0.999755530 -0.021903117 0.003036093 -37.690862164
-0.003853481 0.053982439 0.998534407 160.961197123 -0.022258742 0.998289834 -0.054055115 -5.857551633 -0.999744859 -0.022434420 -0.002645311 -37.687326637
-0.007996114 0.056096942 0.998393264 161.691129141 -0.021795451 0.998178259 -0.056259420 -5.916002197 -0.999730516 -0.022210288 -0.006758892 -37.686155061
-0.010808696 0.057922865 0.998262506 162.405791353 -0.022844144 0.998046008 -0.058157646 -5.972426969 -0.999680649 -0.023433060 -0.009464379 -37.688957372
-0.012414093 0.059730500 0.998137302 163.099531887 -0.020939860 0.997979829 -0.059981510 -6.022757243 -0.999703705 -0.021645471 -0.011138268 -37.695371471
-0.011369329 0.057965611 0.998253796 163.841654502 -0.015406302 0.998189709 -0.058137354 -6.071019583 -0.999816718 -0.016040383 -0.010455713 -37.710466367
-0.007782917 0.054677307 0.998473702 164.553963871 -0.014133015 0.998398239 -0.054783337 -6.125672398 -0.999869876 -0.014537817 -0.006997697 -37.712971829
-0.000689258 0.053625879 0.998560818 165.274936950 -0.011078411 0.998499408 -0.053630226 -6.178431534 -0.999938438 -0.011099432 -0.000094136 -37.704212305
0.010615455 0.055099842 0.998424376 165.989592094 -0.009598991 0.998440287 -0.054998661 -6.230432779 -0.999897623 -0.009000030 0.011127799 -37.687839799
0.024913658 0.055210685 0.998163817 166.672412329 -0.007954428 0.998453118 -0.055028147 -6.288138746 -0.999658002 -0.006568869 0.025314288 -37.665475022
0.039944150 0.053300476 0.997779254 167.351108143 -0.008661253 0.998557200 -0.052995295 -6.338310731 -0.999164417 -0.006525165 0.040348166 -37.625995493
0.055931892 0.048560138 0.997252953 168.056437960 -0.012477387 0.998772554 -0.047934326 -6.387204613 -0.998356661 -0.009762054 0.056469141 -37.562838567
0.072600084 0.042223380 0.996466924 168.729593235 -0.013957203 0.999048644 -0.041315887 -6.428635933 -0.997263510 -0.010908354 0.073120333 -37.503496410
0.089769246 0.034449913 0.995366567 169.407052142 -0.010526133 0.999378601 -0.033639447 -6.460361217 -0.995907008 -0.007457573 0.090076086 -37.430177491
0.107054273 0.027612438 0.993869635 170.083548531 -0.014266023 0.999554037 -0.026233707 -6.506340256 -0.994150867 -0.011370136 0.107400450 -37.345568325
0.124138892 0.021706194 0.992027365 170.746002015 -0.015140968 0.999685744 -0.019979075 -6.539574384 -0.992149369 -0.012540074 0.124428532 -37.253941244
0.141902547 0.019097306 0.989696356 171.404034141 -0.013145709 0.999762070 -0.017406704 -6.562854611 -0.989793383 -0.010540203 0.142119831 -37.145820968
0.159364345 0.018416295 0.987048004 172.051066100 -0.013838082 0.999769429 -0.016419415 -6.588937756 -0.987122888 -0.011042181 0.159582445 -37.026149058
0.176967163 0.017418805 0.984062562 172.685231630 -0.016248478 0.999758820 -0.014774626 -6.617147399 -0.984082665 -0.013374894 0.177207510 -36.900222399
0.193006757 0.017375714 0.981043524 173.343616616 -0.022280357 0.999662997 -0.013322140 -6.636061379 -0.980944474 -0.019286737 0.193328848 -36.757012049
0.207329976 0.014143299 0.978168783 173.965293085 -0.024743662 0.999651409 -0.009209316 -6.656495462 -0.977958134 -0.022294110 0.207607659 -36.601271102
0.219352214 0.009947023 0.975594989 174.594531358 -0.021421198 0.999756080 -0.005377036 -6.672844606 -0.975410590 -0.019718947 0.219511784 -36.456904903
0.230084974 0.008426603 0.973134019 175.219869395 -0.018018239 0.999827987 -0.004397572 -6.697667121 -0.973003765 -0.016522346 0.230197228 -36.312150745
0.239890491 0.012015096 0.970725559 175.809684722 -0.021941370 0.999735088 -0.006951900 -6.713852743 -0.970552012 -0.019631353 0.240090568 -36.126653161
0.248768811 0.019307480 0.968370394 176.394291254 -0.028106250 0.999524156 -0.012708292 -6.744121622 -0.968155048 -0.024055834 0.249193095 -35.963312462
0.258174172 0.029027840 0.965662158 176.985088114 -0.026970626 0.999375481 -0.022830543 -6.769018926 -0.965721886 -0.020150255 0.258795835 -35.790688849
0.266433374 0.035649958 0.963193781 177.571289077 -0.024626741 0.999241298 -0.030172043 -6.785926416 -0.963538717 -0.015681485 0.267109171 -35.627067424
0.273267500 0.034312801 0.961325870 178.182071488 -0.023223854 0.999307646 -0.029066854 -6.808298662 -0.961657738 -0.014382664 0.273875175 -35.446449323
0.278802476 0.027263389 0.959961359 178.775743511 -0.025928227 0.999446257 -0.020854421 -6.834075779 -0.959998430 -0.019075831 0.279354981 -35.257271031
0.283046161 0.016986043 0.958955822 179.387833153 -0.031267166 0.999475133 -0.008474922 -6.859895514 -0.958596534 -0.027585037 0.283428703 -35.061382343
0.285346174 0.008195084 0.958389443 179.993336209 -0.030316937 0.999540221 0.000479456 -6.885884485 -0.957944948 -0.029192244 0.285463426 -34.872433465
0.286099345 0.006868924 0.958175301 180.599124028 -0.026954670 0.999636267 0.000882185 -6.908516979 -0.957820802 -0.026079692 0.286180429 -34.689697749
0.287460047 0.009823877 0.957742207 181.206090008 -0.022916910 0.999731672 -0.003376216 -6.907355197 -0.957518467 -0.020977964 0.287608044 -34.514663692
0.289150431 0.009159844 0.957239807 181.809237854 -0.020494790 0.999784259 -0.003376156 -6.927834533 -0.957064298 -0.018642211 0.289275777 -34.338149469
0.290854709 0.007466249 0.956738060 182.416780481 -0.020858099 0.999781379 -0.001461152 -6.924853638 -0.956539887 -0.019530754 0.290946853 -34.146931692
0.293345069 0.003651406 0.955999613 183.033357153 -0.021225585 0.999771081 0.002694406 -6.950521311 -0.955771010 -0.021082042 0.293355420 -33.941917565
0.296504838 -0.001942720 0.955029335 183.662716954 -0.019978079 0.999766493 0.008236253 -6.961882697 -0.954822411 -0.021521739 0.296396788 -33.760042432
0.300625279 -0.004928039 0.953729563 184.293502084 -0.019537131 0.999745000 0.011324109 -6.976628052 -0.953542249 -0.022037453 0.300452339 -33.560540633
0.306533218 -0.006411719 0.951838326 184.895607446 -0.017959557 0.999760344 0.012518285 -6.969440856 -0.951690557 -0.020931864 0.306344603 -33.362866161
0.314438771 -0.009286944 0.949232288 185.530288042 -0.016727366 0.999742680 0.015322157 -6.974258438 -0.949130408 -0.020696036 0.314202512 -33.143530256
0.324005275 -0.011703592 0.945982840 186.142603459 -0.014034284 0.999753988 0.017175677 -6.982461959 -0.945951213 -0.018841202 0.323761312 -32.936118570
0.335151484 -0.009901180 0.942112188 186.758796307 -0.015171807 0.999758405 0.015904307 -6.990431482 -0.942042130 -0.019623896 0.334920293 -32.703349553
0.346417343 -0.006234707 0.938059742 187.359899443 -0.015826035 0.999796755 0.012489452 -6.991339601 -0.937947032 -0.019172330 0.346248264 -32.469643468
0.358011764 -0.002911629 0.933712496 187.960855893 -0.017236773 0.999804123 0.009726790 -6.992572692 -0.933558002 -0.019576495 0.357891449 -32.221599561
0.369723335 -0.001965092 0.929139776 188.577011800 -0.016469716 0.999826790 0.008668223 -6.990212738 -0.928995952 -0.018507512 0.369626928 -31.969595757
0.380872872 -0.005033221 0.924613677 189.212696176 -0.015767863 0.999804414 0.011937728 -7.002005567 -0.924492997 -0.019125939 0.380719014 -31.689361079
0.391714269 -0.006733745 0.920062235 189.833481106 -0.016068969 0.999770638 0.014158438 -7.008028258 -0.919946625 -0.020330513 0.391516219 -31.409989615
0.403021524 -0.006653623 0.915166274 190.448227633 -0.019042528 0.999696118 0.015654150 -7.014792707 -0.914992407 -0.023736039 0.402772350 -31.122179094
